tick,timestamp,query_runtime,trav_index_nodes,trav_vol_nodes,trav_unprod_nodes
0,506,3,6,6,0
1,734,1,10,10,0
2,939,1,15,15,0
3,1130,1,17,17,0
4,1314,1,21,21,0
5,1517,2,34,34,0
6,1670,1,39,39,0
7,1775,2,50,50,0
8,1900,7,56,56,0
9,4879,9,65,65,0
10,5851,14,69,69,0
11,6650,20,72,72,0
12,7525,13,84,84,0
13,8485,7,88,88,0
14,9453,5,89,89,0
15,10129,5,95,95,0
16,10744,5,105,105,0
17,11255,5,115,115,0
18,11800,10,119,119,0
19,12226,5,122,122,0
20,12741,6,125,125,0
21,13143,6,141,141,0
22,13682,6,142,142,0
23,14238,6,142,142,0
24,14694,6,146,146,0
25,15212,6,147,147,0
26,16074,5,149,149,0
27,16625,7,154,154,0
28,17040,8,166,166,0
29,17471,7,175,175,0
30,17991,7,177,177,0
31,18577,7,180,180,0
32,19033,8,185,185,0
33,19546,8,185,185,0
34,19961,7,194,194,0
35,20420,7,198,198,0
36,20855,9,202,202,0
37,21350,8,206,206,0
38,21792,7,207,207,0
39,22233,8,211,211,0
40,22645,10,229,229,0
41,23024,9,231,231,0
42,23478,8,233,233,0
43,23891,11,236,236,0
44,24351,11,237,237,0
45,24916,8,239,239,0
46,25278,9,240,240,0
47,25698,10,242,242,0
48,26116,9,256,256,0
49,26507,8,261,261,0
50,26908,15,262,262,0
51,27277,10,276,276,0
52,27748,10,276,276,0
53,28051,8,284,284,0
54,28422,10,286,286,0
55,28793,9,290,290,0
56,29057,9,299,299,0
57,29486,11,300,300,0
58,29816,9,309,309,0
59,30179,10,320,320,0
60,30596,10,323,323,0
61,30893,12,333,333,0
62,31243,20,333,333,0
63,31690,14,335,335,0
64,32355,20,338,338,0
65,32760,15,338,338,0
66,33126,10,349,349,0
67,33400,10,351,351,0
68,33807,12,361,361,0
69,34254,11,361,361,0
70,34748,17,366,366,0
71,35185,10,369,369,0
72,35515,20,370,370,0
73,35879,11,378,378,0
74,36182,10,380,380,0
75,36579,10,390,390,0
76,36948,10,392,392,0
77,37339,10,392,392,0
78,37720,11,396,396,0
79,38096,11,396,396,0
80,38487,11,400,400,0
81,38842,12,416,416,0
82,39179,11,418,418,0
83,39653,11,429,429,0
84,39997,11,430,430,0
85,40375,11,438,438,0
86,40728,13,439,439,0
87,41082,13,439,439,0
88,41463,16,440,440,0
89,41891,16,445,445,0
90,42326,14,445,445,0
91,42756,15,450,450,0
92,43221,14,450,450,0
93,43607,12,455,455,0
94,43978,13,455,455,0
95,44369,13,458,458,0
96,44775,13,471,471,0
97,45146,21,482,482,0
98,45588,14,487,487,0
99,45996,13,487,487,0
100,46395,15,489,489,0
101,47637,15,492,492,0
102,48071,13,501,501,0
103,51095,17,502,365,70
104,51294,7,520,357,89
105,51403,4,521,351,90
106,51490,6,525,354,90
107,890139,6,522,0,522
