tick,timestamp,query_runtime,trav_index_nodes,trav_vol_nodes,trav_unprod_nodes
0,420,9,113,113,0
1,639,6,212,212,0
2,825,9,306,306,0
3,1077,10,399,399,0
4,1278,7,485,485,0
5,1444,7,552,552,0
6,1601,6,615,615,0
7,1754,8,691,691,0
8,1921,14,769,769,0
9,4998,2894,832,832,0
10,5161,7,929,929,0
11,5293,8,1004,1004,0
12,5478,15,1091,1091,0
13,5624,11,1180,1180,0
14,5754,11,1254,1254,0
15,5881,10,1329,1329,0
16,5986,14,1376,1376,0
17,6094,13,1436,1436,0
18,6343,19,1495,1495,0
19,6474,17,1567,1567,0
20,6596,21,1615,1615,0
21,6675,11,1663,1663,0
22,6793,10,1726,1726,0
23,6879,11,1769,1769,0
24,7003,19,1843,1843,0
25,7121,12,1903,1903,0
26,7249,14,1969,1969,0
27,7394,21,2049,2049,0
28,7559,20,2125,2125,0
29,7681,16,2186,2186,0
30,7796,20,2260,2260,0
31,7937,21,2308,2308,0
32,8087,19,2386,2386,0
33,8263,59,2450,2450,0
34,8412,17,2517,2517,0
35,8526,19,2571,2571,0
36,8642,22,2621,2621,0
37,8791,23,2683,2683,0
38,8938,19,2752,2752,0
39,9066,19,2825,2825,0
40,9173,17,2876,2876,0
41,9260,19,2904,2904,0
42,9380,26,2955,2955,0
43,9506,18,3015,3015,0
44,9654,50,3077,3077,0
45,9804,29,3153,3153,0
46,9972,33,3218,3218,0
47,10102,24,3277,3277,0
48,10204,21,3340,3340,0
49,10345,31,3407,3407,0
50,10444,23,3454,3454,0
51,10571,22,3508,3508,0
52,10702,22,3575,3575,0
53,10812,32,3614,3614,0
54,10977,32,3667,3667,0
55,11076,22,3704,3704,0
56,11188,22,3759,3759,0
57,11315,25,3818,3818,0
58,11442,26,3872,3872,0
59,11562,23,3936,3936,0
60,11672,23,3989,3989,0
61,11794,28,4037,4037,0
62,11901,28,4080,4080,0
63,12056,24,4132,4132,0
64,12157,25,4178,4178,0
65,12287,25,4236,4236,0
66,12416,31,4297,4297,0
67,12535,28,4353,4353,0
68,12662,27,4426,4426,0
69,12784,27,4479,4479,0
70,12881,27,4497,4497,0
71,13004,62,4524,4524,0
72,13124,29,4585,4585,0
73,13243,33,4632,4632,0
74,13337,28,4656,4656,0
75,13482,29,4733,4733,0
76,13613,29,4788,4788,0
77,13724,33,4829,4829,0
78,13843,34,4880,4880,0
79,14036,79,4942,4942,0
80,14137,30,4985,4985,0
81,14250,35,5036,5036,0
82,14360,31,5078,5078,0
83,14475,33,5131,5131,0
84,14561,33,5168,5168,0
85,14694,35,5222,5222,0
86,14863,62,5284,5284,0
87,14964,34,5312,5312,0
88,15072,37,5357,5357,0
89,15192,36,5406,5406,0
90,15326,35,5465,5465,0
91,15442,34,5510,5510,0
92,15567,36,5558,5558,0
93,15693,36,5613,5613,0
94,15843,84,5640,5640,0
95,16032,57,5702,5702,0
96,16161,48,5746,5746,0
97,16290,37,5786,5786,0
98,16431,51,5836,5836,0
99,16570,37,5906,5906,0
100,16695,40,5959,5959,0
101,16862,44,5998,5998,0
102,17020,39,6070,6070,0
103,17166,47,6120,6120,0
104,17299,43,6176,6176,0
105,17408,39,6214,6214,0
106,17521,42,6254,6254,0
107,17668,63,6283,6283,0
108,17794,38,6334,6334,0
109,17889,37,6354,6354,0
110,17993,43,6404,6404,0
111,18102,40,6442,6442,0
112,18224,43,6478,6478,0
113,18356,42,6522,6522,0
114,18535,88,6564,6564,0
115,18669,46,6602,6602,0
116,18779,43,6639,6639,0
117,18895,44,6676,6676,0
118,19031,43,6726,6726,0
119,19149,44,6762,6762,0
120,19304,70,6808,6808,0
121,19450,49,6862,6862,0
122,19571,43,6897,6897,0
123,19687,49,6930,6930,0
124,19831,44,6996,6996,0
125,19982,46,7056,7056,0
126,20111,45,7094,7094,0
127,20287,49,7159,7159,0
128,20423,52,7210,7210,0
129,21117,49,7249,7249,0
130,21257,48,7308,7308,0
131,21401,50,7363,7363,0
132,21501,46,7384,7384,0
133,21655,48,7415,7415,0
134,21786,57,7452,7452,0
135,22395,51,7501,7501,0
136,22539,47,7573,7573,0
137,22706,46,7637,7637,0
138,22848,52,7672,7672,0
139,23025,59,7715,7715,0
140,23165,52,7759,7759,0
141,23276,47,7785,7785,0
142,23433,51,7839,7839,0
143,23559,51,7879,7879,0
144,23708,51,7944,7944,0
145,23870,52,8008,8008,0
146,24025,54,8070,8070,0
147,24176,52,8135,8135,0
148,24303,53,8171,8171,0
149,24437,54,8216,8216,0
150,24609,93,8259,8259,0
151,24745,52,8311,8311,0
152,24894,57,8369,8369,0
153,25072,58,8426,8426,0
154,25237,55,8489,8489,0
155,25379,53,8533,8533,0
156,25569,106,8584,8584,0
157,25700,54,8625,8625,0
158,25848,60,8674,8674,0
159,26001,55,8731,8731,0
160,26161,57,8792,8792,0
161,26290,60,8836,8836,0
162,26497,54,8894,8894,0
163,26647,58,8960,8960,0
164,26781,56,8998,8998,0
165,26925,59,9041,9041,0
166,27064,60,9093,9093,0
167,27256,109,9141,9141,0
168,27405,59,9187,9187,0
169,27565,61,9229,9229,0
170,27714,59,9286,9286,0
171,27856,60,9337,9337,0
172,27994,59,9382,9382,0
173,28193,120,9426,9426,0
174,28369,62,9481,9481,0
175,28537,63,9531,9531,0
176,28700,61,9587,9587,0
177,28870,60,9649,9649,0
178,29066,130,9678,9678,0
179,29236,63,9728,9728,0
180,29370,63,9771,9771,0
181,29519,61,9828,9828,0
182,29690,64,9886,9886,0
183,29855,63,9939,9939,0
184,30044,119,9979,9979,0
185,30202,72,10026,10026,0
186,30354,68,10071,10071,0
187,30492,65,10109,10109,0
188,30633,71,10147,10147,0
189,30882,143,10218,10218,0
190,31041,63,10279,10279,0
191,31178,65,10318,10318,0
192,31329,66,10358,10358,0
193,31471,65,10405,10405,0
194,31634,68,10455,10455,0
195,31869,142,10517,10517,0
196,32038,66,10587,10587,0
197,32196,71,10633,10633,0
198,32337,67,10678,10678,0
199,32475,67,10719,10719,0
200,32691,139,10750,10750,0
201,32845,69,10798,10798,0
202,32996,80,10825,10825,0
203,33156,70,10890,10890,0
204,33304,66,10935,10935,0
205,33446,67,10978,10978,0
206,33709,67,11044,11044,0
207,33870,67,11099,11099,0
208,34050,78,11160,11160,0
209,34187,75,11175,11175,0
210,34349,74,11224,11224,0
211,34593,156,11265,11265,0
212,34743,73,11311,11311,0
213,34918,73,11370,11370,0
214,35091,75,11417,11417,0
215,35255,74,11473,11473,0
216,35497,147,11522,11522,0
217,35663,75,11583,11583,0
218,35826,78,11640,11640,0
219,35984,77,11683,11683,0
220,36144,76,11729,11729,0
221,36296,75,11770,11770,0
222,36525,158,11797,11797,0
223,36675,81,11833,11833,0
224,36848,77,11896,11896,0
225,37009,74,11949,11949,0
226,37163,75,11995,11995,0
227,37390,146,12046,12046,0
228,37562,85,12084,12084,0
229,37724,81,12145,12145,0
230,37885,78,12203,12203,0
231,38054,78,12251,12251,0
232,38203,77,12290,12290,0
233,38424,164,12312,12312,0
234,38573,75,12354,12354,0
235,38750,97,12396,12396,0
236,38906,83,12421,12421,0
237,39046,78,12451,12451,0
238,39328,176,12509,12509,0
239,39477,78,12537,12537,0
240,39647,81,12596,12596,0
241,39794,76,12630,12630,0
242,40002,83,12700,12700,0
243,40190,80,12745,12745,0
244,40438,171,12793,12793,0
245,40633,89,12857,12857,0
246,40806,83,12912,12912,0
247,40963,83,12953,12953,0
248,41138,83,12997,12997,0
249,41364,148,13044,13044,0
250,41550,85,13094,13094,0
251,41722,86,13131,13131,0
252,41876,82,13163,13163,0
253,42057,92,13212,13212,0
254,42214,88,13243,13243,0
255,42456,162,13282,13282,0
256,42624,87,13317,13317,0
257,42795,88,13366,13366,0
258,42960,90,13405,13405,0
259,43134,96,13454,13454,0
260,43389,164,13479,13479,0
261,43534,88,13503,13503,0
262,43709,94,13534,13534,0
263,43873,88,13574,13574,0
264,44039,88,13615,13615,0
265,44184,89,13657,13657,0
266,44442,161,13710,13710,0
267,44598,89,13745,13745,0
268,44753,91,13785,13785,0
269,44923,91,13836,13836,0
270,45095,95,13881,13881,0
271,45370,164,13924,13924,0
272,45553,92,13977,13977,0
273,45725,90,14011,14011,0
274,45879,89,14039,14039,0
275,46063,92,14095,14095,0
276,46236,97,14134,14134,0
277,46484,163,14185,14185,0
278,46674,91,14233,14233,0
279,46836,98,14260,14260,0
280,47002,91,14306,14306,0
281,47177,91,14342,14342,0
282,47418,169,14374,14374,0
283,47581,93,14419,14419,0
284,47782,96,14473,14473,0
285,47947,95,14505,14505,0
286,48122,101,14547,14547,0
287,48298,96,14598,14598,0
288,48552,167,14644,14644,0
289,48701,93,14672,14672,0
290,48895,96,14721,14721,0
291,49065,103,14754,14754,0
292,49219,95,14787,14787,0
293,49410,106,14836,14836,0
294,49663,166,14882,14882,0
295,49830,98,14919,14919,0
296,50008,106,14956,14956,0
297,50174,109,14995,14995,0
298,50346,102,15029,15029,0
299,50594,168,15078,15078,0
300,50787,107,15110,15110,0
301,50989,104,15161,15161,0
302,51163,106,15181,15181,0
303,51351,103,15238,15238,0
304,51523,106,15262,15262,0
305,51809,219,15294,15294,0
306,52005,113,15345,15345,0
307,52186,108,15381,15381,0
308,52335,101,15406,15406,0
309,52480,96,15440,15440,0
310,52678,101,15498,15498,0
311,52944,192,15531,15531,0
312,53120,100,15568,15568,0
313,53320,114,15604,15604,0
314,53497,105,15638,15638,0
315,53664,101,15666,15666,0
316,53869,112,15724,15724,0
317,54179,105,15786,15786,0
318,54380,109,15838,15838,0
319,54563,107,15881,15881,0
320,54804,132,15946,15946,0
321,54999,109,15989,15989,0
322,55253,188,16023,16023,0
323,55456,121,16065,16065,0
324,55647,106,16118,16118,0
325,55849,110,16180,16180,0
326,56039,110,16227,16227,0
327,56244,114,16284,16284,0
328,56526,199,16326,16326,0
329,56728,113,16375,16375,0
330,56940,105,16440,16440,0
331,57134,113,16490,16490,0
332,57339,106,16542,16542,0
333,57549,115,16603,16603,0
334,57877,214,16658,16658,0
335,58074,108,16703,16703,0
336,58259,106,16747,16747,0
337,58478,109,16815,16815,0
338,58666,110,16860,16860,0
339,58957,209,16910,16910,0
340,59156,111,16971,16971,0
341,59390,141,17016,17016,0
342,59608,128,17065,17065,0
343,59800,111,17109,17109,0
344,60009,115,17169,17169,0
345,60309,212,17209,17209,0
346,60495,115,17246,17246,0
347,60734,121,17307,17307,0
348,60940,109,17351,17351,0
349,61145,121,17385,17385,0
350,61350,121,17417,17417,0
351,61643,210,17454,17454,0
352,61850,114,17500,17500,0
353,62044,112,17552,17552,0
354,62228,115,17580,17580,0
355,62433,117,17617,17617,0
356,62626,121,17653,17653,0
357,62898,202,17690,17690,0
358,63105,122,17727,17727,0
359,63308,119,17773,17773,0
360,63514,120,17813,17813,0
361,63722,116,17854,17854,0
362,64015,228,17898,17898,0
363,64218,116,17949,17949,0
364,64422,119,17983,17983,0
365,64612,115,18020,18020,0
366,64819,119,18078,18078,0
367,65010,116,18110,18110,0
368,65312,209,18177,18177,0
369,65538,120,18237,18237,0
370,65744,122,18283,18283,0
371,65961,121,18340,18340,0
372,66172,135,18380,18380,0
373,66410,134,18431,18431,0
374,66752,240,18491,18491,0
375,66968,124,18531,18531,0
376,67172,126,18572,18572,0
377,67377,128,18610,18610,0
378,67578,123,18648,18648,0
379,67774,126,18678,18678,0
380,68076,222,18721,18721,0
381,68280,137,18751,18751,0
382,68476,120,18790,18790,0
383,68686,130,18833,18833,0
384,68900,128,18879,18879,0
385,69124,123,18925,18925,0
386,69454,224,18981,18981,0
387,69663,127,19025,19025,0
388,69875,129,19063,19063,0
389,70106,145,19106,19106,0
390,70330,138,19150,19150,0
391,70524,118,19192,19192,0
392,70811,224,19216,19216,0
393,71002,130,19242,19242,0
394,71200,140,19256,19256,0
395,71456,138,19304,19304,0
396,71655,133,19328,19328,0
397,71853,130,19354,19354,0
398,72185,209,19387,19387,0
399,72417,136,19432,19432,0
400,72626,122,19482,19482,0
401,72847,131,19523,19523,0
402,73062,132,19564,19564,0
403,73312,145,19616,19616,0
404,73779,351,19649,19649,0
405,73985,136,19675,19675,0
406,74209,136,19716,19716,0
407,74448,133,19769,19769,0
408,74668,131,19808,19808,0
409,74884,135,19846,19846,0
410,75262,304,19879,19879,0
411,75484,152,19905,19905,0
412,75721,138,19937,19937,0
413,75957,134,20000,20000,0
414,76170,142,20028,20028,0
415,76399,134,20078,20078,0
416,76772,137,20114,20114,0
417,77007,138,20155,20155,0
418,77206,140,20175,20175,0
419,77427,134,20227,20227,0
420,77665,139,20281,20281,0
421,78012,271,20314,20314,0
422,78242,144,20362,20362,0
423,78488,138,20410,20410,0
424,78711,138,20442,20442,0
425,78956,138,20503,20503,0
426,79179,143,20528,20528,0
427,81821,2561,20567,20567,0
428,82028,139,20588,20588,0
429,82282,164,20636,20636,0
430,82528,152,20684,20684,0
431,82816,182,20731,20731,0
432,83098,175,20780,20780,0
433,83360,191,20817,20817,0
434,83574,134,20862,20862,0
435,84465,145,20914,20914,0
436,84694,138,20966,20966,0
437,84919,136,21017,21017,0
438,85212,205,21061,21061,0
439,85653,143,21100,21100,0
440,85880,138,21148,21148,0
441,86147,158,21205,21205,0
442,86382,150,21252,21252,0
443,86615,139,21309,21309,0
444,86868,166,21351,21351,0
445,87081,145,21385,21385,0
446,87315,140,21436,21436,0
447,87567,147,21503,21503,0
448,87811,142,21561,21561,0
449,88068,167,21612,21612,0
450,88298,142,21667,21667,0
451,88532,142,21717,21717,0
452,88779,147,21769,21769,0
453,89012,146,21811,21811,0
454,89300,187,21866,21866,0
455,89564,150,21921,21921,0
456,89800,150,21969,21969,0
457,90022,144,22002,22002,0
458,90274,147,22057,22057,0
459,90542,195,22088,22088,0
460,90794,162,22132,22132,0
461,91012,143,22171,22171,0
462,91257,149,22218,22218,0
463,91485,141,22261,22261,0
464,91769,194,22315,22315,0
465,92019,149,22375,22375,0
466,92264,153,22421,22421,0
467,92483,140,22463,22463,0
468,92725,143,22527,22527,0
469,93005,147,22578,22578,0
470,93228,150,22621,22621,0
471,93469,156,22670,22670,0
472,93708,149,22717,22717,0
473,93995,220,22743,22743,0
474,94223,146,22785,22785,0
475,94463,167,22818,22818,0
476,94711,154,22856,22856,0
477,94950,151,22906,22906,0
478,95214,205,22940,22940,0
479,95453,155,22987,22987,0
480,95680,158,23017,23017,0
481,95917,147,23059,23059,0
482,96165,145,23121,23121,0
483,96471,235,23152,23152,0
484,96692,147,23186,23186,0
485,96935,153,23236,23236,0
486,97163,150,23280,23280,0
487,97420,152,23342,23342,0
488,97769,251,23396,23396,0
489,98004,157,23433,23433,0
490,98224,151,23465,23465,0
491,98461,162,23504,23504,0
492,98700,154,23555,23555,0
493,99012,229,23600,23600,0
494,99262,172,23639,23639,0
495,99520,176,23681,23681,0
496,99783,176,23709,23709,0
497,100041,166,23760,23760,0
498,100397,275,23792,23792,0
499,100650,159,23839,23839,0
500,100910,167,23883,23883,0
501,101159,168,23920,23920,0
502,101400,165,23967,23967,0
503,101744,271,23999,23999,0
504,101997,164,24050,24050,0
505,102233,166,24103,24103,0
506,102466,151,24148,24148,0
507,102721,157,24191,24191,0
508,103130,346,24216,24216,0
509,103380,167,24257,24257,0
510,103639,161,24302,24302,0
511,103890,166,24347,24347,0
512,104157,177,24393,24393,0
513,104565,336,24427,24427,0
514,104823,174,24471,24471,0
515,105038,164,24482,24482,0
516,105274,156,24507,24507,0
517,105509,167,24535,24535,0
518,105860,261,24573,24573,0
519,106075,156,24593,24593,0
520,106353,153,24637,24637,0
521,106601,161,24681,24681,0
522,106838,161,24723,24723,0
523,107190,165,24778,24778,0
524,107434,164,24826,24826,0
525,107670,168,24852,24852,0
526,107932,171,24896,24896,0
527,108273,270,24929,24929,0
528,108533,167,24975,24975,0
529,108757,161,24998,24998,0
530,108981,157,25029,25029,0
531,109224,169,25055,25055,0
532,109606,248,25091,25091,0
533,109850,169,25122,25122,0
534,110101,173,25161,25161,0
535,110358,168,25210,25210,0
536,110703,255,25256,25256,0
537,110945,167,25280,25280,0
538,111193,171,25317,25317,0
539,111475,175,25375,25375,0
540,111732,177,25410,25410,0
541,112079,266,25454,25454,0
542,112352,179,25484,25484,0
543,112604,175,25521,25521,0
544,112872,166,25577,25577,0
545,113126,167,25625,25625,0
546,113460,264,25671,25671,0
547,113716,177,25722,25722,0
548,113980,170,25781,25781,0
549,114217,172,25828,25828,0
550,114579,264,25887,25887,0
551,114840,181,25924,25924,0
552,115110,165,25981,25981,0
553,115374,171,26032,26032,0
554,115645,174,26079,26079,0
555,115999,259,26128,26128,0
556,116260,178,26174,26174,0
557,116515,170,26207,26207,0
558,116796,170,26268,26268,0
559,117180,289,26311,26311,0
560,117463,172,26368,26368,0
561,117726,180,26411,26411,0
562,117977,175,26450,26450,0
563,118252,176,26501,26501,0
564,118611,263,26543,26543,0
565,118879,182,26589,26589,0
566,119144,179,26626,26626,0
567,119416,188,26672,26672,0
568,119748,249,26716,26716,0
569,119992,176,26750,26750,0
570,120265,181,26794,26794,0
571,120527,185,26831,26831,0
572,120804,177,26880,26880,0
573,121143,246,26926,26926,0
574,121403,180,26971,26971,0
575,121685,180,27014,27014,0
576,121958,176,27068,27068,0
577,122292,273,27092,27092,0
578,122571,184,27140,27140,0
579,122834,176,27190,27190,0
580,123129,188,27252,27252,0
581,123421,193,27305,27305,0
582,123800,289,27352,27352,0
583,124057,189,27382,27382,0
584,124344,183,27438,27438,0
585,124616,198,27460,27460,0
586,124908,209,27494,27494,0
587,125277,182,27536,27536,0
588,125546,183,27589,27589,0
589,125795,180,27610,27610,0
590,126067,180,27660,27660,0
591,126423,278,27694,27694,0
592,126674,190,27718,27718,0
593,126952,192,27760,27760,0
594,127225,179,27798,27798,0
595,127482,182,27829,27829,0
596,127865,276,27881,27881,0
597,128140,200,27915,27915,0
598,128426,193,27963,27963,0
599,128719,184,28025,28025,0
600,129066,267,28065,28065,0
601,129336,193,28105,28105,0
602,129608,189,28154,28154,0
603,129892,192,28199,28199,0
604,130178,188,28249,28249,0
605,130541,277,28288,28288,0
606,130836,185,28351,28351,0
607,131105,187,28389,28389,0
608,131369,185,28427,28427,0
609,131750,286,28466,28466,0
610,132037,195,28508,28508,0
611,132300,195,28536,28536,0
612,132578,194,28581,28581,0
613,132881,199,28626,28626,0
614,133259,284,28669,28669,0
615,133536,191,28707,28707,0
616,133808,189,28752,28752,0
617,134138,202,28801,28801,0
618,134494,284,28833,28833,0
619,134790,208,28874,28874,0
620,135076,190,28919,28919,0
621,135376,194,28968,28968,0
622,135649,185,29011,29011,0
623,136176,430,29062,29062,0
624,136456,194,29108,29108,0
625,136700,186,29126,29126,0
626,136978,186,29157,29157,0
627,137401,317,29210,29210,0
628,137680,198,29242,29242,0
629,137966,197,29288,29288,0
630,138246,192,29331,29331,0
631,138533,194,29370,29370,0
632,138948,333,29400,29400,0
633,139319,293,29432,29432,0
634,139617,206,29464,29464,0
635,139900,209,29488,29488,0
636,140410,427,29528,29528,0
637,140702,216,29564,29564,0
638,141003,210,29603,29603,0
639,141272,197,29630,29630,0
640,141579,221,29661,29661,0
641,142108,432,29704,29704,0
642,142372,204,29736,29736,0
643,142673,209,29782,29782,0
644,142978,210,29823,29823,0
645,143368,309,29866,29866,0
646,143687,212,29922,29922,0
647,144008,204,29991,29991,0
648,144274,198,30021,30021,0
649,144581,201,30074,30074,0
650,145126,215,30135,30135,0
651,145445,209,30195,30195,0
652,145736,205,30238,30238,0
653,146030,207,30285,30285,0
654,146598,452,30332,30332,0
655,146917,228,30380,30380,0
656,147927,326,30430,30430,0
657,148435,203,30480,30480,0
658,148860,345,30519,30519,0
659,149146,205,30556,30556,0
660,149453,217,30604,30604,0
661,149739,213,30634,30634,0
662,150066,224,30684,30684,0
663,150528,202,30720,30720,0
664,150817,201,30758,30758,0
665,151146,214,30812,30812,0
666,151446,210,30851,30851,0
667,151852,326,30887,30887,0
668,152165,230,30928,30928,0
669,152453,199,30975,30975,0
670,152758,208,31020,31020,0
671,155521,2691,31052,31052,0
672,155825,220,31101,31101,0
673,156131,221,31138,31138,0
674,156422,218,31167,31167,0
675,156788,258,31224,31224,0
676,157089,214,31266,31266,0
677,157386,208,31312,31312,0
678,157702,223,31360,31360,0
679,158018,210,31402,31402,0
680,158352,254,31434,31434,0
681,158652,209,31479,31479,0
682,158953,218,31531,31531,0
683,159231,208,31560,31560,0
684,159540,245,31587,31587,0
685,159820,206,31613,31613,0
686,160120,213,31637,31637,0
687,160420,209,31677,31677,0
688,160740,244,31714,31714,0
689,161063,219,31763,31763,0
690,161369,204,31810,31810,0
691,161669,209,31848,31848,0
692,162001,250,31890,31890,0
693,162299,222,31922,31922,0
694,162609,218,31967,31967,0
695,162915,217,32016,32016,0
696,163297,222,32078,32078,0
697,163577,210,32105,32105,0
698,163883,211,32152,32152,0
699,164274,302,32194,32194,0
700,164581,212,32232,32232,0
701,164892,228,32273,32273,0
702,165189,221,32299,32299,0
703,165567,286,32339,32339,0
704,165879,211,32393,32393,0
705,166173,219,32430,32430,0
706,166482,211,32483,32483,0
707,166871,303,32519,32519,0
708,167202,227,32571,32571,0
709,167497,227,32596,32596,0
710,167820,228,32638,32638,0
711,168184,279,32669,32669,0
712,168485,223,32707,32707,0
713,168816,244,32747,32747,0
714,169108,221,32780,32780,0
715,169502,287,32842,32842,0
716,169834,244,32887,32887,0
717,170137,215,32923,32923,0
718,170454,227,32971,32971,0
719,170828,291,33006,33006,0
720,171145,231,33050,33050,0
721,171470,242,33087,33087,0
722,171809,244,33125,33125,0
723,172227,316,33170,33170,0
724,172539,238,33195,33195,0
725,172860,231,33235,33235,0
726,173165,221,33264,33264,0
727,173542,284,33314,33314,0
728,173860,228,33363,33363,0
729,174192,238,33415,33415,0
730,174507,229,33463,33463,0
731,174934,314,33521,33521,0
732,175285,236,33587,33587,0
733,175625,229,33647,33647,0
734,176021,295,33705,33705,0
735,176334,222,33753,33753,0
736,176659,230,33798,33798,0
737,176974,226,33843,33843,0
738,177359,308,33883,33883,0
739,177664,228,33924,33924,0
740,177998,228,33980,33980,0
741,178305,229,34021,34021,0
742,178691,305,34058,34058,0
743,178996,225,34097,34097,0
744,179323,229,34151,34151,0
745,179668,249,34204,34204,0
746,180096,320,34256,34256,0
747,180543,288,34312,34312,0
748,180877,248,34343,34343,0
749,181206,243,34379,34379,0
750,181628,352,34405,34405,0
751,181960,249,34441,34441,0
752,182304,260,34478,34478,0
753,182726,334,34513,34513,0
754,183048,252,34528,34528,0
755,183392,248,34576,34576,0
756,183741,259,34620,34620,0
757,184212,387,34643,34643,0
758,184574,270,34694,34694,0
759,184931,260,34735,34735,0
760,185296,279,34777,34777,0
761,185732,334,34828,34828,0
762,186090,269,34861,34861,0
763,186417,228,34899,34899,0
764,186763,269,34935,34935,0
765,187190,258,34969,34969,0
766,187583,303,35010,35010,0
767,187943,279,35042,35042,0
768,188383,337,35090,35090,0
769,188726,252,35135,35135,0
770,189029,244,35153,35153,0
771,189378,250,35195,35195,0
772,189752,301,35223,35223,0
773,190092,258,35274,35274,0
774,190433,245,35315,35315,0
775,190726,225,35342,35342,0
776,191143,313,35394,35394,0
777,191490,252,35445,35445,0
778,191808,245,35484,35484,0
779,192200,299,35528,35528,0
780,192560,286,35563,35563,0
781,192917,267,35598,35598,0
782,193275,265,35645,35645,0
783,193738,376,35678,35678,0
784,194108,271,35731,35731,0
785,194444,249,35776,35776,0
786,194789,250,35820,35820,0
787,195227,336,35870,35870,0
788,195565,260,35905,35905,0
789,195908,271,35932,35932,0
790,196346,350,35956,35956,0
791,196672,240,36002,36002,0
792,197000,237,36050,36050,0
793,197309,243,36081,36081,0
794,197755,356,36136,36136,0
795,198085,254,36171,36171,0
796,198410,256,36200,36200,0
797,198782,273,36241,36241,0
798,199202,347,36270,36270,0
799,199567,259,36314,36314,0
800,199894,259,36335,36335,0
801,200220,248,36375,36375,0
802,200645,250,36416,36416,0
803,201010,263,36477,36477,0
804,201334,247,36514,36514,0
805,201790,368,36554,36554,0
806,202125,243,36591,36591,0
807,202480,270,36637,36637,0
808,202839,259,36690,36690,0
809,203270,364,36717,36717,0
810,203635,271,36761,36761,0
811,203999,275,36803,36803,0
812,204435,318,36864,36864,0
813,204956,443,36899,36899,0
814,205355,318,36942,36942,0
815,205747,301,36992,36992,0
816,206235,383,37055,37055,0
817,206637,288,37112,37112,0
818,207005,274,37161,37161,0
819,207378,276,37213,37213,0
820,207803,356,37258,37258,0
821,208138,242,37307,37307,0
822,208480,249,37348,37348,0
823,208890,314,37400,37400,0
824,209407,457,37432,37432,0
825,209925,344,37472,37472,0
826,210403,390,37510,37510,0
827,210922,418,37561,37561,0
828,211319,292,37611,37611,0
829,211684,285,37641,37641,0
830,212033,255,37686,37686,0
831,212494,378,37721,37721,0
832,212865,279,37766,37766,0
833,213267,292,37816,37816,0
834,213639,283,37863,37863,0
835,214253,525,37910,37910,0
836,214601,277,37944,37944,0
837,214974,278,37976,37976,0
838,215407,333,38021,38021,0
839,215776,270,38064,38064,0
840,216123,253,38100,38100,0
841,216470,266,38125,38125,0
842,216910,356,38169,38169,0
843,217266,271,38209,38209,0
844,217655,292,38260,38260,0
845,218035,284,38302,38302,0
846,218490,272,38329,38329,0
847,218815,251,38363,38363,0
848,219202,295,38408,38408,0
849,219662,388,38437,38437,0
850,220055,276,38499,38499,0
851,220403,253,38544,38544,0
852,220748,268,38582,38582,0
853,221162,325,38629,38629,0
854,221494,261,38657,38657,0
855,221844,271,38693,38693,0
856,222294,339,38749,38749,0
857,222678,276,38805,38805,0
858,223072,300,38859,38859,0
859,223387,249,38905,38905,0
860,223838,345,38962,38962,0
861,224216,289,39004,39004,0
862,224588,266,39053,39053,0
863,225058,368,39109,39109,0
864,225399,261,39147,39147,0
865,225745,254,39191,39191,0
866,226060,252,39206,39206,0
867,226509,357,39257,39257,0
868,226876,296,39285,39285,0
869,227220,271,39318,39318,0
870,227691,377,39348,39348,0
871,228034,281,39373,39373,0
872,228414,288,39400,39400,0
873,228782,279,39440,39440,0
874,229288,422,39488,39488,0
875,229684,303,39533,39533,0
876,230045,296,39555,39555,0
877,230479,338,39613,39613,0
878,231027,325,39654,39654,0
879,231428,305,39695,39695,0
880,231959,384,39737,39737,0
881,232506,432,39784,39784,0
882,232925,332,39816,39816,0
883,233362,328,39869,39869,0
884,233735,298,39893,39893,0
885,234230,391,39945,39945,0
886,234612,277,40001,40001,0
887,235002,273,40051,40051,0
888,235439,358,40090,40090,0
889,235813,287,40132,40132,0
890,236161,258,40182,40182,0
891,236520,262,40214,40214,0
892,237017,384,40268,40268,0
893,237363,266,40308,40308,0
894,237720,280,40345,40345,0
895,238169,367,40382,40382,0
896,238547,268,40441,40441,0
897,238902,277,40485,40485,0
898,239296,282,40519,40519,0
899,239785,284,40560,40560,0
900,240191,304,40600,40600,0
901,240565,276,40635,40635,0
902,241006,371,40668,40668,0
903,241365,278,40699,40699,0
904,241727,282,40740,40740,0
905,242193,393,40769,40769,0
906,242561,284,40810,40810,0
907,242919,292,40837,40837,0
908,243353,338,40872,40872,0
909,243815,364,40918,40918,0
910,244187,288,40961,40961,0
911,244554,281,41005,41005,0
912,245002,382,41032,41032,0
913,245366,289,41068,41068,0
914,245724,274,41106,41106,0
915,246117,287,41163,41163,0
916,246589,380,41208,41208,0
917,246953,272,41256,41256,0
918,247320,277,41307,41307,0
919,247777,375,41345,41345,0
920,248140,280,41388,41388,0
921,248519,281,41428,41428,0
922,248881,283,41448,41448,0
923,249368,415,41471,41471,0
924,249736,284,41520,41520,0
925,250093,275,41558,41558,0
926,253000,2828,41597,41597,0
927,253410,306,41645,41645,0
928,253798,294,41687,41687,0
929,254232,345,41718,41718,0
930,254586,277,41742,41742,0
931,254975,279,41793,41793,0
932,255372,278,41838,41838,0
933,255758,316,41868,41868,0
934,256157,293,41912,41912,0
935,256539,284,41954,41954,0
936,256937,313,41986,41986,0
937,257313,281,42025,42025,0
938,257677,278,42069,42069,0
939,258112,357,42101,42101,0
940,258539,320,42147,42147,0
941,258934,316,42179,42179,0
942,259409,398,42215,42215,0
943,259793,297,42251,42251,0
944,260166,303,42275,42275,0
945,260622,353,42324,42324,0
946,261012,290,42369,42369,0
947,261388,290,42397,42397,0
948,261800,320,42440,42440,0
949,262198,340,42468,42468,0
950,262588,303,42512,42512,0
951,262946,290,42535,42535,0
952,263388,348,42581,42581,0
953,263753,298,42606,42606,0
954,264149,292,42649,42649,0
955,264634,388,42695,42695,0
956,265022,290,42746,42746,0
957,265391,284,42785,42785,0
958,265839,367,42831,42831,0
959,266248,305,42890,42890,0
960,266647,304,42927,42927,0
961,267124,373,42981,42981,0
962,267500,293,43028,43028,0
963,267902,303,43082,43082,0
964,268347,360,43125,43125,0
965,268723,288,43183,43183,0
966,269109,299,43231,43231,0
967,269491,285,43287,43287,0
968,269933,373,43312,43312,0
969,270324,313,43334,43334,0
970,270813,398,43376,43376,0
971,271336,399,43426,43426,0
972,271712,279,43476,43476,0
973,272092,307,43507,43507,0
974,272590,397,43558,43558,0
975,272990,300,43603,43603,0
976,273400,313,43645,43645,0
977,273874,383,43677,43677,0
978,274267,316,43710,43710,0
979,274672,300,43762,43762,0
980,275151,384,43814,43814,0
981,275546,300,43860,43860,0
982,275932,308,43895,43895,0
983,276402,390,43934,43934,0
984,276772,300,43957,43957,0
985,277158,299,43995,43995,0
986,277560,317,44035,44035,0
987,278045,300,44082,44082,0
988,278428,300,44110,44110,0
989,278815,318,44139,44139,0
990,279262,361,44167,44167,0
991,279650,304,44213,44213,0
992,280055,305,44272,44272,0
993,280522,372,44318,44318,0
994,280885,301,44342,44342,0
995,281283,304,44389,44389,0
996,281749,390,44425,44425,0
997,282177,309,44486,44486,0
998,282581,317,44522,44522,0
999,283093,420,44559,44559,0
1000,283506,304,44618,44618,0
1001,283940,334,44658,44658,0
1002,284471,441,44698,44698,0
1003,284859,306,44725,44725,0
1004,285266,312,44765,44765,0
1005,285759,409,44814,44814,0
1006,286172,326,44866,44866,0
1007,286588,315,44912,44912,0
1008,287061,399,44940,44940,0
1009,287463,328,44972,44972,0
1010,287867,310,45018,45018,0
1011,288350,401,45058,45058,0
1012,288839,309,45085,45085,0
1013,289232,314,45126,45126,0
1014,289715,416,45147,45147,0
1015,290107,314,45181,45181,0
1016,290564,369,45223,45223,0
1017,291041,395,45263,45263,0
1018,291491,372,45298,45298,0
1019,291955,369,45333,45333,0
1020,292466,430,45374,45374,0
1021,292868,323,45402,45402,0
1022,293304,346,45460,45460,0
1023,293852,448,45518,45518,0
1024,294272,327,45564,45564,0
1025,294674,325,45617,45617,0
1026,295278,484,45667,45667,0
1027,295851,362,45722,45722,0
1028,296286,323,45779,45779,0
1029,296677,315,45817,45817,0
1030,297189,343,45851,45851,0
1031,297565,308,45873,45873,0
1032,298000,320,45929,45929,0
1033,298514,427,45967,45967,0
1034,298965,369,46008,46008,0
1035,299361,312,46055,46055,0
1036,299822,389,46090,46090,0
1037,300226,314,46139,46139,0
