tick,timestamp,query_runtime,trav_index_nodes,trav_vol_nodes,trav_unprod_nodes
0,489,3,5,5,0
1,737,5,12,12,0
2,989,1,20,20,0
3,1184,2,38,38,0
4,1440,2,52,52,0
5,1644,2,58,58,0
6,1895,4,77,77,0
7,2097,1,81,81,0
8,2277,3,86,86,0
9,2464,2,97,97,0
10,2646,1,103,103,0
11,2846,2,108,108,0
12,2998,2,135,135,0
13,3135,2,152,152,0
14,3279,2,162,162,0
15,3417,2,166,166,0
16,3552,2,181,181,0
17,3685,3,186,186,0
18,3816,4,202,202,0
19,3976,3,207,207,0
20,4165,3,209,209,0
21,4319,2,215,215,0
22,4440,2,221,221,0
23,4580,3,238,238,0
24,4716,7,247,247,0
25,4861,3,255,255,0
26,4959,3,273,273,0
27,5072,4,296,296,0
28,5167,5,327,327,0
29,5282,3,334,334,0
30,5386,4,356,356,0
31,5499,2,360,360,0
32,5589,2,363,363,0
33,5689,7,367,367,0
34,5783,4,385,385,0
35,5888,3,389,389,0
36,6018,3,402,402,0
37,6141,3,409,409,0
38,6264,4,411,411,0
39,6398,5,427,427,0
40,6495,4,440,440,0
41,6601,4,446,446,0
42,6682,4,449,449,0
43,6775,4,450,450,0
44,6898,4,465,465,0
45,6997,3,467,467,0
46,7127,4,473,473,0
47,7309,3,480,480,0
48,7431,4,487,487,0
49,7555,6,500,500,0
50,7678,3,515,515,0
51,7786,4,524,524,0
52,7900,4,530,530,0
53,8013,3,535,535,0
54,8132,4,550,550,0
55,8226,4,555,555,0
56,8310,4,565,565,0
57,8412,4,583,583,0
58,8500,4,598,598,0
59,8619,4,602,602,0
60,8757,6,608,608,0
61,8859,4,615,615,0
62,8952,4,629,629,0
63,9340,3,644,644,0
64,9422,4,661,661,0
65,9523,4,668,668,0
66,9640,7,676,676,0
67,9748,4,681,681,0
68,9832,5,698,698,0
69,9923,5,724,724,0
70,10032,5,725,725,0
71,10124,5,735,735,0
72,10208,5,744,744,0
73,10294,6,747,747,0
74,10366,5,751,751,0
75,10472,5,756,756,0
76,10566,5,759,759,0
77,10678,5,764,764,0
78,10779,5,770,770,0
79,10866,6,772,772,0
80,10952,8,775,775,0
81,11059,10,776,776,0
82,11187,9,793,793,0
83,11293,7,801,801,0
84,11402,7,808,808,0
85,11524,7,818,818,0
86,11699,6,826,826,0
87,11807,4,830,830,0
88,11886,5,846,846,0
89,12005,6,848,848,0
90,12285,8,869,869,0
91,12404,6,873,873,0
92,12526,6,876,876,0
93,12630,8,890,890,0
94,12723,7,914,914,0
95,12861,6,920,920,0
96,12967,10,934,934,0
97,13083,11,938,938,0
98,13290,7,952,952,0
99,13390,6,955,955,0
100,13535,8,964,964,0
101,13661,9,990,990,0
102,13782,10,1008,1008,0
103,13890,8,1013,1013,0
104,13992,8,1019,1019,0
105,14107,8,1036,1036,0
106,14199,10,1059,1059,0
107,14296,8,1060,1060,0
108,14399,10,1070,1070,0
109,14560,9,1073,1073,0
110,14668,8,1078,1078,0
111,14784,10,1083,1083,0
112,14922,10,1089,1089,0
113,15079,8,1092,1092,0
114,15257,9,1106,1106,0
115,15345,9,1110,1110,0
116,15439,8,1118,1118,0
117,15531,8,1128,1128,0
118,15649,8,1145,1145,0
119,15770,8,1152,1152,0
120,15923,15,1161,1161,0
121,16021,9,1170,1170,0
122,16213,10,1176,1176,0
123,16319,10,1186,1186,0
124,16389,8,1208,1208,0
125,16520,13,1221,1221,0
126,16625,12,1241,1241,0
127,16737,12,1242,1242,0
128,16824,11,1246,1246,0
129,16958,9,1251,1251,0
130,17178,15,1257,1257,0
131,17311,12,1266,1266,0
132,17444,12,1275,1275,0
133,17562,12,1282,1282,0
134,17667,12,1282,1282,0
135,17807,22,1288,1288,0
136,17932,10,1295,1295,0
137,18067,16,1297,1297,0
138,18174,11,1306,1306,0
139,18273,14,1310,1310,0
140,19124,9,1320,1320,0
141,19238,12,1334,1334,0
142,19346,10,1337,1337,0
143,19424,10,1338,1338,0
144,19528,10,1347,1347,0
145,19638,10,1362,1362,0
146,19746,10,1365,1365,0
147,19856,9,1369,1369,0
148,19953,10,1373,1373,0
149,20065,11,1375,1375,0
150,20176,9,1375,1375,0
151,20271,10,1379,1379,0
152,20367,10,1388,1388,0
153,20469,10,1396,1396,0
154,20583,10,1403,1403,0
155,20671,10,1405,1405,0
156,20769,10,1412,1412,0
157,20866,10,1413,1413,0
158,20954,10,1419,1419,0
159,21058,10,1422,1422,0
160,21147,11,1424,1424,0
161,21249,10,1432,1432,0
162,21370,12,1442,1442,0
163,21542,10,1451,1451,0
164,21625,10,1475,1475,0
165,21726,20,1477,1477,0
166,21821,9,1479,1479,0
167,21983,16,1481,1481,0
168,22470,15,1496,1496,0
169,22571,10,1498,1498,0
170,22671,17,1503,1503,0
171,22761,10,1504,1504,0
172,22880,10,1519,1519,0
173,22978,11,1527,1527,0
174,23064,10,1533,1533,0
175,23159,10,1536,1536,0
176,23275,14,1547,1547,0
177,23369,10,1558,1558,0
178,23466,11,1573,1573,0
179,23570,13,1587,1587,0
180,23682,12,1593,1593,0
181,23795,20,1603,1603,0
182,23977,13,1611,1611,0
183,24100,12,1618,1618,0
184,24301,13,1620,1620,0
185,24393,13,1627,1627,0
186,24567,23,1643,1643,0
187,24647,12,1647,1647,0
188,24765,13,1652,1652,0
189,24857,12,1665,1665,0
190,24961,13,1673,1673,0
191,25053,13,1697,1697,0
192,25144,13,1719,1719,0
193,25270,13,1720,1720,0
194,25384,13,1724,1724,0
195,25476,15,1726,1726,0
196,25563,12,1745,1745,0
197,25664,13,1756,1756,0
198,25752,13,1759,1759,0
199,25861,15,1767,1767,0
200,25980,20,1783,1783,0
201,26090,17,1790,1790,0
202,26200,15,1793,1793,0
203,26397,98,1803,1803,0
204,26475,11,1824,1824,0
205,26564,12,1838,1838,0
206,26679,11,1840,1840,0
207,26768,12,1844,1844,0
208,26876,12,1851,1851,0
209,26979,12,1854,1854,0
210,27097,13,1859,1859,0
211,27201,11,1865,1865,0
212,27277,12,1869,1869,0
213,27376,13,1880,1880,0
214,27456,12,1888,1888,0
215,27553,13,1893,1893,0
216,27688,19,1901,1901,0
217,27818,13,1904,1904,0
218,27935,12,1908,1908,0
219,28044,13,1912,1912,0
220,28207,19,1928,1928,0
221,28314,15,1931,1931,0
222,28389,16,1933,1933,0
223,28470,14,1935,1935,0
224,28571,14,1938,1938,0
225,28689,15,1945,1945,0
226,28777,13,1948,1948,0
227,28889,13,1953,1953,0
228,28986,18,1962,1962,0
229,29101,13,1965,1965,0
230,29193,14,1965,1965,0
231,29276,13,1967,1967,0
232,29370,13,1979,1979,0
233,29446,13,1985,1985,0
234,29541,13,1993,1993,0
235,29626,13,2005,2005,0
236,29721,15,2013,2013,0
237,30681,865,2019,1897,52
238,30825,13,2029,1794,105
239,30933,13,2035,1787,109
240,31041,20,2039,1745,135
241,31135,13,2051,1717,166
242,31244,12,2057,1708,169
243,31351,13,2069,1706,179
244,31461,13,2074,1670,205
245,31569,12,2085,1656,215
246,31679,15,2102,1658,218
247,31779,14,2117,1648,227
248,31878,13,2122,1636,238
249,31994,16,2130,1607,260
250,32102,12,2131,1568,283
251,32207,14,2133,1513,326
252,32300,14,2149,1514,329
253,32392,13,2159,1507,350
254,32494,14,2167,1469,390
255,32566,13,2178,1476,391
256,32666,15,2184,1439,420
257,32792,17,2193,1420,439
258,32914,14,2211,1422,452
259,33000,14,2221,1415,458
260,33105,14,2223,1399,471
261,33222,14,2234,1395,481
262,33337,15,2239,1356,524
263,33445,16,2244,1344,536
264,33538,15,2251,1341,541
265,33651,16,2267,1340,549
266,33750,14,2268,1331,559
267,33860,14,2275,1307,583
268,33971,54,2276,1293,589
269,34075,13,2278,1287,593
270,34175,13,2287,1288,597
271,34298,15,2295,1268,619
272,34413,14,2300,1252,627
273,34506,14,2311,1238,642
274,34614,29,2321,1244,647
275,34741,15,2323,1178,708
276,34859,17,2345,1170,732
277,34981,14,2351,1162,746
278,35074,14,2353,1161,742
279,35156,16,2368,1169,745
280,35261,15,2380,1172,751
281,35382,15,2387,1160,770
282,35485,22,2408,1163,786
283,35615,32,2413,1153,802
284,35711,15,2415,1137,815
285,35812,18,2426,1146,817
286,35919,18,2428,1134,829
287,36020,16,2427,1115,842
288,36118,16,2431,1113,850
289,36224,15,2433,1112,857
290,36340,17,2433,1098,866
291,36447,16,2462,1113,875
292,36541,16,2463,1105,881
293,36664,22,2462,1086,897
294,36781,16,2480,1081,927
295,36887,16,2487,1060,952
296,37008,20,2491,1058,959
297,37087,17,2491,1038,977
298,37323,114,2494,1022,986
299,37412,15,2505,1018,997
300,37516,14,2511,1005,1012
301,37618,17,2526,1006,1026
302,37717,17,2545,1006,1042
303,37809,17,2550,1003,1048
304,37898,15,2550,998,1050
305,38010,14,2551,988,1060
306,38101,15,2548,979,1068
307,38207,18,2548,966,1083
308,38320,17,2549,955,1102
309,38425,16,2554,944,1121
310,38519,18,2556,930,1134
311,38627,16,2560,914,1151
312,38723,17,2565,899,1173
313,38817,18,2568,904,1170
314,38927,17,2568,899,1172
315,39037,32,2576,907,1172
316,39159,18,2578,911,1170
317,39256,20,2597,929,1170
318,39358,20,2605,913,1195
319,39468,17,2609,909,1205
320,39573,16,2615,898,1219
321,39663,15,2613,891,1225
322,39776,18,2607,881,1233
323,39884,18,2612,879,1233
324,39991,17,2616,877,1241
325,40089,18,2626,881,1246
326,40188,16,2638,890,1246
327,40373,19,2641,884,1251
328,40486,16,2647,883,1257
329,40597,16,2651,885,1259
330,40683,17,2653,881,1268
331,40789,15,2659,880,1275
332,40880,16,2663,878,1285
333,40975,16,2676,886,1286
334,41073,19,2682,884,1290
335,41178,19,2684,882,1292
336,41282,15,2685,873,1301
337,41385,16,2688,873,1303
338,41483,16,2690,851,1326
339,41600,17,2692,850,1323
340,41727,22,2696,842,1337
341,41834,16,2691,831,1331
342,41939,20,2690,832,1328
343,42059,18,2692,834,1330
344,42160,18,2692,830,1332
345,42263,16,2693,833,1329
346,42387,27,2695,827,1337
347,42478,20,2705,829,1335
348,42587,20,2715,835,1340
349,42687,22,2727,846,1339
350,42788,20,2744,852,1343
351,42902,17,2750,850,1346
352,43008,17,2752,854,1338
353,43094,18,2755,853,1339
354,43307,113,2756,854,1335
355,43402,17,2758,854,1337
356,43500,16,2759,858,1337
357,43615,19,2759,858,1337
358,43711,17,2780,878,1334
359,43803,16,2782,877,1342
360,43887,16,2784,865,1360
361,44002,25,2795,873,1362
362,44114,18,2798,852,1390
363,44212,26,2803,839,1411
364,44326,17,2801,827,1421
365,44425,17,2809,828,1426
366,44530,17,2810,828,1424
367,44645,34,2810,828,1425
368,44753,19,2809,833,1414
369,44841,21,2815,835,1419
370,44928,21,2826,847,1411
371,45015,21,2832,851,1412
372,45116,25,2831,851,1406
373,45225,21,2833,853,1401
374,45325,19,2840,856,1401
375,45435,23,2847,857,1405
376,45533,21,2843,853,1402
377,45639,20,2855,859,1402
378,45721,20,2868,870,1403
379,45817,17,2873,866,1408
380,46025,136,2890,879,1407
381,46113,17,2895,880,1406
382,46206,17,2894,881,1403
383,46306,18,2899,882,1405
384,46401,17,2902,884,1406
385,46506,17,2904,878,1414
386,46610,18,2907,878,1414
387,46722,19,2905,869,1419
388,46834,18,2910,874,1417
389,46937,18,2913,870,1419
390,47049,21,2916,870,1420
391,47140,21,2930,879,1424
392,47242,18,2930,878,1423
393,47348,18,2929,878,1422
394,47456,21,2940,886,1422
395,47557,19,2949,894,1424
396,47671,18,2955,897,1427
397,47767,20,2960,902,1426
398,47861,18,2964,904,1425
399,47947,20,2969,904,1429
400,48085,26,2980,905,1443
401,48171,20,2978,906,1440
402,48275,22,2991,911,1443
403,48388,19,2988,913,1436
404,48491,18,2992,917,1435
405,48597,24,3003,931,1431
406,48835,23,3002,933,1428
407,48933,24,3007,940,1426
408,49039,19,3007,943,1418
409,49149,22,3023,955,1416
410,49240,19,3028,957,1415
411,49343,21,3027,952,1418
412,49441,20,3027,954,1416
413,49536,22,3030,949,1419
414,49643,21,3054,968,1421
415,49744,19,3059,973,1419
416,49840,22,3062,973,1424
417,49961,19,3062,968,1432
418,50076,23,3094,992,1430
419,50192,24,3103,1000,1431
420,50296,20,3117,1009,1431
421,50384,20,3118,1009,1427
422,50480,20,3121,1008,1427
423,50590,21,3134,1012,1434
424,50691,21,3130,1011,1430
425,50795,21,3131,1011,1433
426,50903,23,3134,1014,1433
427,50993,20,3140,1006,1447
428,51092,20,3150,1008,1454
429,51297,123,3150,1001,1460
430,51387,18,3150,998,1463
431,51483,20,3152,997,1467
432,51584,20,3155,999,1467
433,51679,19,3167,1011,1466
434,51785,21,3165,1013,1465
435,51892,20,3167,1013,1470
436,51995,20,3172,1021,1462
437,52090,21,3191,1039,1464
438,52203,21,3192,1040,1462
439,52317,21,3196,1046,1455
440,52415,23,3186,1046,1445
441,52523,26,3197,1055,1439
442,52627,19,3199,1049,1449
443,52726,19,3201,1052,1452
444,52810,22,3210,1054,1463
445,52895,20,3207,1052,1461
446,52996,20,3210,1051,1462
447,53092,20,3212,1052,1458
448,53205,22,3213,1045,1466
449,53293,20,3212,1043,1467
450,53401,22,3215,1038,1474
451,53497,19,3235,1054,1473
452,53593,19,3246,1065,1474
453,54946,1273,3248,1045,1503
454,55072,27,3248,1038,1516
455,55182,21,3259,1048,1513
456,55280,19,3271,1050,1521
457,55361,20,3272,1034,1540
458,55461,23,3283,1046,1539
459,55579,22,3299,1057,1539
460,55674,20,3302,1060,1536
461,55783,22,3304,1060,1536
462,55885,23,3304,1059,1537
463,55996,24,3298,1054,1537
464,56123,39,3298,1055,1540
465,56242,23,3299,1054,1545
466,56351,23,3300,1055,1540
467,56450,20,3308,1069,1535
468,56545,21,3318,1081,1531
469,56665,25,3326,1077,1541
470,56797,24,3341,1087,1544
471,56912,24,3346,1084,1557
472,57010,22,3351,1083,1567
473,57111,22,3353,1084,1565
474,57237,20,3362,1086,1565
475,57338,20,3373,1099,1562
476,57449,20,3372,1100,1560
477,57559,20,3374,1091,1574
478,57656,20,3365,1089,1562
479,57737,20,3372,1094,1568
480,57830,20,3372,1092,1565
481,57922,21,3378,1094,1572
482,58014,20,3396,1105,1565
483,58120,23,3401,1109,1565
484,58201,22,3405,1112,1566
485,58294,22,3404,1110,1568
486,58390,23,3411,1116,1566
487,58489,21,3411,1116,1561
488,58571,20,3410,1112,1559
489,58689,26,3424,1116,1565
490,58787,24,3435,1124,1563
491,58887,21,3436,1117,1561
492,58963,21,3436,1115,1563
493,59062,23,3437,1114,1564
494,59200,70,3441,1107,1573
495,59296,20,3436,1105,1568
496,59398,22,3435,1107,1563
497,59506,22,3435,1108,1560
498,59610,20,3435,1108,1561
499,59695,22,3441,1112,1561
500,59792,21,3441,1113,1560
501,59893,20,3442,1111,1562
502,59991,20,3444,1113,1562
503,60105,21,3445,1114,1558
504,60216,26,3447,1117,1555
505,60318,20,3451,1124,1548
506,60420,21,3458,1135,1544
507,60511,20,3462,1139,1540
508,60614,20,3465,1142,1540
509,60733,20,3463,1132,1544
510,60849,21,3465,1104,1588
511,60954,21,3471,1074,1635
512,61036,23,3496,1061,1693
513,61162,21,3497,1037,1725
514,61320,77,3500,1015,1758
515,61416,21,3515,1010,1800
516,61504,19,3531,1009,1818
517,61613,20,3529,998,1828
518,61711,22,3526,980,1849
519,61815,22,3526,974,1858
520,61931,21,3531,968,1868
521,62025,21,3535,959,1880
522,62150,21,3538,942,1901
523,62262,28,3540,928,1917
524,62383,21,3549,929,1928
525,62514,26,3549,929,1928
526,62649,22,3542,909,1960
527,62774,23,3539,907,1961
528,62873,23,3543,909,1960
529,62962,22,3532,900,1967
530,63067,25,3543,902,1975
531,63174,23,3548,897,1984
532,63281,22,3560,907,1987
533,63401,26,3558,896,1999
534,63611,107,3558,876,2020
535,63722,23,3561,865,2044
536,63855,27,3566,868,2043
537,63949,24,3583,887,2041
538,64042,24,3595,890,2053
539,64155,27,3609,899,2057
540,64258,23,3605,883,2075
541,64357,22,3603,861,2105
542,64452,22,3602,859,2107
543,64560,23,3605,853,2119
544,64698,26,3604,849,2128
545,64827,24,3603,837,2145
546,64935,22,3605,838,2146
547,65039,23,3605,832,2150
548,65140,23,3608,826,2157
549,65254,21,3614,803,2185
550,65361,23,3618,792,2204
551,65469,24,3619,783,2219
552,65566,25,3626,780,2226
553,65674,22,3626,777,2230
554,65787,23,3633,786,2228
555,66024,22,3641,764,2264
556,66137,26,3643,730,2310
557,66255,30,3654,727,2320
558,66368,25,3663,725,2332
559,66475,22,3665,722,2335
560,66579,22,3668,706,2353
561,66683,22,3663,706,2349
562,66792,22,3660,698,2353
563,66893,22,3663,698,2349
564,66991,25,3670,698,2356
565,67086,24,3672,689,2368
566,67199,23,3680,689,2366
567,67325,28,3687,697,2356
568,67410,22,3694,707,2352
569,67510,24,3696,702,2361
570,67609,26,3720,711,2369
571,67717,26,3721,713,2366
572,67841,27,3725,705,2382
573,67959,26,3731,706,2382
574,68062,26,3742,712,2391
575,68268,134,3748,714,2395
576,68368,23,3751,713,2398
577,68490,29,3754,715,2402
578,68626,30,3760,714,2414
579,68735,27,3755,708,2417
580,68844,24,3765,716,2416
581,68943,24,3776,716,2427
582,69050,26,3776,707,2447
583,69152,23,3771,706,2444
584,69259,22,3772,699,2459
585,69361,25,3777,688,2475
586,69470,23,3784,676,2507
587,69536,24,3787,673,2513
588,69656,29,3778,672,2508
589,69779,23,3785,668,2522
590,69877,25,3798,678,2534
591,70006,25,3803,677,2543
592,70100,22,3804,680,2534
593,70314,151,3807,674,2540
594,70413,23,3819,681,2546
595,70506,22,3817,682,2548
596,70613,27,3820,678,2551
597,70729,24,3822,679,2547
598,70832,25,3823,668,2562
599,70932,24,3834,676,2557
600,71021,23,3836,677,2557
601,71120,22,3847,680,2565
602,71238,30,3848,682,2564
603,71339,24,3856,678,2576
604,71441,24,3871,687,2571
605,71533,21,3890,703,2579
606,71645,23,3897,701,2585
607,71742,24,3902,704,2593
608,71825,22,3919,717,2594
609,71904,23,3918,717,2593
610,72028,22,3921,722,2586
611,72294,149,3919,721,2591
612,72394,24,3924,714,2609
613,72487,23,3936,723,2605
614,72589,23,3942,726,2612
615,72689,22,3942,715,2625
616,72780,24,3942,715,2626
617,72874,23,3947,709,2636
618,72967,23,3946,697,2661
619,73064,23,3949,693,2674
620,73172,26,3952,698,2669
621,73279,22,3953,699,2669
622,73402,23,3951,697,2669
623,73512,24,3951,690,2679
624,73623,23,3953,693,2674
625,73721,22,3952,692,2670
626,73844,31,3954,694,2671
627,74079,22,3963,697,2673
628,74179,26,3969,703,2670
629,74267,23,3978,711,2668
630,74365,24,3983,715,2662
631,74448,23,3985,702,2683
632,74549,26,3998,716,2681
633,74641,24,4000,718,2685
634,74743,26,4010,718,2695
635,74833,27,4011,718,2692
636,74921,24,4015,722,2692
637,75027,28,4019,725,2689
638,75130,25,4023,726,2693
639,75249,27,4023,719,2703
640,75347,29,4032,730,2701
641,75439,24,4041,734,2702
642,75709,202,4044,737,2700
643,75837,27,4044,735,2706
644,75941,29,4065,753,2713
645,76049,23,4082,766,2713
646,76141,27,4087,773,2710
647,76241,26,4089,771,2712
648,76341,27,4094,772,2715
649,76472,41,4102,771,2714
650,76583,25,4104,766,2727
651,76683,24,4113,775,2727
652,76792,25,4113,778,2721
653,76891,26,4137,792,2724
654,77007,23,4139,790,2723
655,77235,161,4140,783,2729
656,77333,25,4141,782,2737
657,77433,24,4142,773,2755
658,77535,24,4154,780,2758
659,77638,28,4157,776,2757
660,77744,28,4178,795,2758
661,77846,24,4170,793,2749
662,77948,26,4194,819,2743
663,78056,25,4193,818,2747
664,78145,24,4199,823,2746
665,78250,32,4198,820,2748
666,78355,23,4198,815,2751
667,78480,25,4199,809,2759
668,78697,142,4214,818,2752
669,78791,25,4213,815,2754
670,78896,26,4213,815,2752
671,78995,27,4229,826,2751
672,79090,26,4233,820,2757
673,79181,31,4240,827,2752
674,79277,26,4242,825,2756
675,79392,31,4240,825,2754
676,79515,36,4241,825,2755
677,79638,36,4243,826,2753
678,79741,35,4244,829,2750
679,79840,29,4250,832,2754
680,79959,28,4248,830,2757
681,80063,26,4246,824,2763
682,81669,42,4248,788,2807
683,81767,25,4259,798,2802
684,81857,25,4260,793,2811
685,81962,26,4260,790,2822
686,82058,26,4273,803,2815
687,82147,25,4283,812,2819
688,82236,26,4283,811,2817
689,82331,27,4283,808,2826
690,82449,27,4281,809,2819
691,82558,27,4279,809,2817
692,82696,27,4275,809,2807
693,82798,28,4286,819,2803
694,82906,32,4292,825,2798
695,83043,26,4292,825,2801
696,83143,25,4306,832,2795
697,83249,28,4305,830,2796
698,83345,28,4317,839,2805
699,83446,26,4330,847,2807
700,83549,26,4335,854,2809
701,83648,28,4340,855,2808
702,83750,27,4344,861,2806
703,83843,27,4345,864,2804
704,83946,28,4347,866,2802
705,84050,26,4353,874,2800
706,84162,28,4359,882,2794
707,84253,28,4368,892,2791
708,84357,26,4365,892,2788
709,84509,25,4365,892,2788
710,84612,28,4367,894,2788
711,84707,26,4369,897,2783
712,84804,29,4373,904,2780
713,84918,27,4377,908,2776
714,85008,30,4377,907,2783
715,85108,26,4375,903,2785
716,85212,28,4385,904,2792
717,85314,25,4388,906,2787
718,85409,30,4390,905,2792
719,85521,27,4395,908,2797
720,85624,26,4400,914,2794
721,85710,27,4400,911,2798
722,85807,27,4406,921,2794
723,85981,31,4413,924,2796
724,86090,29,4416,923,2801
725,86192,27,4427,931,2798
726,86305,27,4431,933,2804
727,86414,26,4431,936,2800
728,86499,28,4433,937,2797
729,86596,26,4428,935,2792
730,86696,26,4438,941,2792
731,86789,26,4439,943,2790
732,86894,28,4450,952,2800
733,86995,29,4454,959,2796
734,87116,29,4457,961,2796
735,87226,30,4454,962,2792
736,87326,26,4465,973,2792
737,87479,28,4467,972,2795
738,87585,27,4466,969,2798
739,87698,27,4467,969,2796
740,87811,30,4477,979,2797
741,87917,28,4486,989,2794
742,88010,28,4485,992,2791
743,88108,28,4486,998,2784
744,88214,29,4489,994,2788
745,88309,29,4489,991,2792
746,88417,29,4492,989,2797
747,88519,29,4495,989,2796
748,88631,27,4494,990,2792
749,88752,28,4507,1006,2787
750,88915,68,4507,1002,2791
751,89014,29,4508,1004,2789
752,89127,29,4511,1006,2788
753,89224,28,4513,1007,2786
754,89334,29,4515,1008,2790
755,89439,27,4532,1022,2789
756,89539,29,4531,1016,2796
757,89648,27,4534,1015,2798
758,89764,28,4539,1016,2801
759,89872,28,4548,1025,2792
760,89991,28,4545,1018,2800
761,90123,28,4542,973,2854
762,90251,30,4545,943,2906
763,90367,26,4550,941,2911
764,90536,27,4555,931,2928
765,90653,28,4559,882,2996
766,90766,28,4560,834,3063
767,90879,27,4560,825,3075
768,90995,28,4583,822,3103
769,91112,28,4584,819,3103
770,91236,27,4584,775,3164
771,91338,26,4583,769,3181
772,91458,28,4596,767,3197
773,91577,29,4597,754,3219
774,91689,27,4600,742,3238
775,91798,28,4601,735,3249
776,91917,31,4603,719,3274
777,92030,27,4608,712,3287
778,92189,27,4608,699,3302
779,92288,26,4608,690,3313
780,92426,27,4602,678,3319
781,92543,28,4621,699,3312
782,92640,28,4621,691,3324
783,92743,28,4628,689,3343
784,92863,28,4646,684,3361
785,92967,31,4646,677,3372
786,93066,29,4662,685,3385
787,93198,29,4671,692,3389
788,93300,27,4670,690,3398
789,93399,29,4669,688,3397
790,93529,28,4669,676,3412
791,93741,90,4671,676,3413
792,93871,35,4676,680,3412
793,93977,28,4676,659,3437
794,94094,30,4676,652,3446
795,94195,27,4692,663,3441
796,94303,28,4694,662,3449
797,94421,31,4712,664,3461
798,94533,28,4723,670,3473
799,94643,28,4733,673,3478
800,94764,32,4730,654,3498
801,94889,35,4730,639,3526
802,94999,29,4727,632,3531
803,95122,30,4731,632,3533
804,95236,30,4734,618,3557
805,95415,103,4737,618,3561
806,95516,28,4739,614,3560
807,95633,28,4743,614,3563
808,95745,30,4747,622,3556
809,95856,29,4755,621,3573
810,95978,28,4749,621,3567
811,96105,27,4756,601,3604
812,96211,30,4758,588,3621
813,96308,32,4759,569,3644
814,96432,37,4755,567,3649
815,96535,29,4758,564,3656
816,96634,28,4770,578,3652
817,96748,33,4782,569,3666
818,96890,31,4792,576,3664
819,97032,29,4792,570,3674
820,97232,102,4804,571,3688
821,97383,34,4809,571,3699
822,97495,31,4818,571,3707
823,97604,31,4809,571,3698
824,97751,34,4816,581,3683
825,97852,31,4816,568,3704
826,97957,28,4813,564,3704
827,98055,32,4810,560,3706
828,98162,29,4814,556,3717
829,98284,30,4814,559,3711
830,98408,30,4812,556,3722
831,98524,27,4817,559,3720
832,98625,34,4827,559,3734
833,98726,28,4836,559,3749
834,98818,32,4851,570,3745
835,99014,29,4852,565,3746
836,99125,31,4860,571,3744
837,99243,30,4873,573,3749
838,99345,30,4870,572,3749
839,99474,30,4871,571,3752
840,99598,40,4868,571,3749
841,99729,30,4866,563,3755
842,99830,32,4868,567,3753
843,99946,30,4877,577,3748
844,100065,27,4892,581,3767
845,100172,32,4900,582,3772
846,100286,29,4901,584,3771
847,100394,30,4898,585,3765
848,100518,35,4900,581,3774
849,100632,30,4908,578,3777
850,100819,131,4910,577,3778
851,100923,32,4918,581,3790
852,101040,30,4926,591,3780
853,101135,31,4930,586,3790
854,101227,30,4945,598,3794
855,101328,29,4962,613,3794
856,101441,31,4960,611,3790
857,101547,32,4977,628,3782
858,101656,36,4979,629,3774
859,101763,38,4997,647,3773
860,101887,31,4995,648,3768
861,102046,46,5005,653,3767
862,102178,43,5008,654,3771
863,102308,36,5017,662,3758
864,102416,37,5017,655,3772
865,102531,31,5020,656,3776
866,102770,158,5031,661,3792
867,102882,31,5035,665,3783
868,102993,31,5036,664,3787
869,103094,32,5046,673,3789
870,103216,32,5053,680,3784
871,103327,36,5058,683,3783
872,103430,31,5068,691,3779
873,103535,30,5068,690,3779
874,103640,30,5079,702,3778
875,103753,30,5088,706,3776
876,103864,38,5090,708,3776
877,103975,30,5094,711,3772
878,104077,31,5092,712,3770
879,104187,31,5096,717,3768
880,104278,29,5095,717,3767
881,104497,34,5107,723,3779
882,104597,34,5118,733,3772
883,104701,30,5120,736,3766
884,104810,31,5125,723,3789
885,104910,32,5125,721,3793
886,105021,30,5131,726,3792
887,105134,32,5130,724,3792
888,105230,33,5142,736,3792
889,105343,32,5160,755,3789
890,105451,30,5171,762,3792
891,105559,30,5169,753,3803
892,105677,31,5170,754,3801
893,105810,31,5172,755,3798
894,105917,38,5178,760,3796
895,106134,139,5179,756,3802
896,106243,32,5181,751,3815
897,106355,30,5182,750,3820
898,106463,32,5182,746,3821
899,106557,31,5190,751,3825
900,106665,31,5191,752,3824
901,106778,33,5192,745,3831
902,106895,44,5188,739,3841
903,107032,39,5188,736,3851
904,107136,33,5195,741,3854
905,107242,34,5197,742,3852
906,107358,30,5194,739,3858
907,107472,31,5193,735,3864
908,107590,31,5195,736,3858
909,107684,31,5196,737,3856
910,107879,31,5197,736,3861
911,107986,30,5197,736,3861
912,108111,30,5199,739,3858
913,108211,30,5194,739,3853
914,108312,31,5196,742,3850
915,108424,31,5204,738,3861
916,108521,29,5210,732,3873
917,108635,33,5229,747,3879
918,108736,31,5237,747,3886
919,108838,33,5240,744,3897
920,108935,31,5249,744,3906
921,109034,32,5252,744,3908
922,109144,32,5257,749,3908
923,109273,32,5268,761,3906
924,110869,1498,5275,753,3920
925,110983,32,5279,757,3918
926,111095,34,5278,757,3917
927,111194,30,5281,760,3911
928,111303,30,5281,760,3911
929,111409,31,5281,760,3911
930,111511,31,5297,777,3910
931,111624,31,5298,781,3901
932,111727,36,5298,777,3906
933,111831,32,5300,780,3904
934,111944,34,5293,778,3902
935,112057,31,5291,779,3899
936,112157,31,5304,792,3896
937,112256,36,5311,798,3896
938,112385,31,5314,801,3885
939,112550,35,5318,803,3885
940,112661,33,5319,801,3891
941,112767,35,5317,801,3889
942,112887,36,5327,811,3886
943,112997,30,5325,809,3888
944,113099,37,5337,818,3884
945,113208,32,5335,813,3890
946,113309,39,5336,815,3889
947,113475,33,5345,822,3893
948,113585,33,5344,823,3891
949,113693,33,5369,848,3885
950,113804,32,5368,852,3880
951,113921,30,5366,849,3880
952,114045,32,5367,853,3873
953,114198,79,5365,851,3875
954,114301,33,5369,853,3876
955,114422,35,5375,857,3874
956,114527,32,5378,859,3873
957,114629,31,5398,880,3873
958,114737,34,5397,878,3879
959,114826,33,5400,882,3877
960,114936,31,5398,880,3877
961,115047,34,5397,882,3872
962,115152,33,5417,900,3872
963,115258,33,5422,897,3877
964,115378,34,5420,894,3874
965,115484,33,5425,900,3876
966,115594,33,5426,892,3883
967,115714,35,5424,892,3880
968,115893,34,5437,902,3883
969,115986,32,5446,908,3883
970,116100,34,5457,925,3871
971,116206,32,5458,926,3871
972,116319,35,5459,929,3863
973,116436,33,5465,933,3862
974,116536,33,5466,934,3859
975,116644,33,5474,943,3858
976,116752,36,5470,939,3862
977,116884,32,5470,937,3863
978,116993,35,5485,949,3864
979,117095,32,5487,949,3862
980,117257,53,5490,948,3863
981,117368,36,5492,944,3872
982,117464,33,5494,945,3874
983,117649,35,5496,946,3877
984,117755,32,5507,956,3870
985,117866,32,5502,956,3865
986,117973,32,5503,955,3869
987,118072,32,5503,955,3869
988,118189,33,5502,954,3872
989,118286,34,5517,969,3867
990,118393,32,5515,969,3865
991,118492,32,5525,977,3863
992,118579,35,5526,978,3863
993,118683,32,5526,975,3869
994,118817,37,5523,970,3871
995,118931,32,5536,982,3866
996,119033,31,5546,990,3861
997,119152,34,5547,984,3872
998,119335,37,5552,983,3882
999,119446,35,5561,988,3892
1000,119550,35,5562,987,3892
1001,119662,33,5565,996,3886
1002,119771,36,5573,1000,3888
1003,119880,32,5576,1002,3885
1004,119993,35,5579,1001,3888
1005,120120,32,5581,978,3909
1006,120242,34,5586,970,3930
1007,120358,31,5595,956,3969
1008,120484,34,5606,935,4013
1009,120598,37,5605,918,4029
1010,120725,33,5604,900,4051
1011,120846,36,5610,875,4090
1012,121048,124,5608,845,4121
1013,121167,34,5606,831,4143
1014,121301,35,5608,812,4164
1015,121421,35,5605,802,4173
1016,121538,33,5611,798,4187
1017,121674,33,5615,758,4242
1018,121794,33,5611,727,4278
1019,121904,35,5610,708,4302
1020,122008,38,5620,716,4305
1021,122121,34,5637,734,4300
1022,122237,35,5635,724,4310
1023,122359,35,5647,724,4322
1024,122480,36,5657,732,4328
1025,122610,35,5655,723,4330
1026,122723,35,5646,721,4329
1027,122959,131,5647,704,4359
1028,123070,33,5644,700,4361
1029,123173,33,5647,684,4383
1030,123280,31,5649,665,4408
1031,123396,32,5658,672,4404
1032,123511,33,5667,674,4412
1033,123613,33,5683,686,4409
1034,123732,36,5680,669,4425
1035,123847,36,5682,651,4451
1036,123961,34,5685,655,4450
1037,124089,35,5686,634,4488
1038,124204,34,5681,624,4497
1039,124320,35,5682,615,4511
1040,124438,33,5685,613,4511
1041,124556,32,5684,594,4540
1042,124760,130,5697,601,4532
1043,124882,36,5698,574,4563
1044,125003,33,5701,583,4553
1045,125105,35,5720,591,4568
1046,125214,33,5722,582,4584
1047,125323,35,5726,585,4579
1048,125451,34,5729,581,4587
1049,125544,33,5739,585,4597
1050,125663,35,5742,576,4610
1051,125790,33,5744,573,4615
1052,125914,37,5745,567,4621
1053,126026,35,5754,557,4641
1054,126140,34,5756,557,4633
1055,126257,34,5764,558,4636
1056,126387,46,5775,559,4651
1057,126510,53,5776,559,4653
1058,126719,39,5785,569,4653
1059,126845,35,5780,567,4650
1060,126956,35,5789,570,4650
1061,127080,37,5802,578,4658
1062,127182,35,5810,569,4675
1063,127291,35,5808,571,4669
1064,127399,34,5814,570,4678
1065,127508,34,5809,543,4713
1066,127634,36,5810,544,4711
1067,127772,35,5811,547,4709
1068,127895,37,5815,546,4716
1069,128018,35,5813,530,4731
1070,128139,34,5812,532,4724
1071,128241,36,5813,525,4740
1072,128365,35,5816,518,4750
1073,128574,133,5834,523,4766
1074,128677,37,5834,517,4775
1075,128809,34,5838,515,4785
1076,128890,34,5848,525,4782
1077,128998,34,5844,523,4778
1078,129099,36,5849,521,4784
1079,129199,34,5847,509,4802
1080,129311,36,5847,502,4803
1081,129441,41,5848,496,4817
1082,129551,38,5855,499,4828
1083,129664,35,5853,497,4830
1084,129782,35,5851,492,4842
1085,129909,35,5849,489,4845
1086,130040,35,5849,493,4838
1087,130168,38,5851,492,4843
1088,130273,33,5857,498,4843
1089,130477,34,5865,503,4841
1090,130570,35,5870,489,4862
1091,130689,36,5872,488,4865
1092,130812,36,5876,493,4856
1093,130917,37,5881,497,4854
1094,131026,37,5896,504,4863
1095,131149,36,5898,511,4855
1096,131270,35,5915,524,4848
1097,131367,35,5918,526,4846
1098,131492,32,5920,528,4849
1099,131612,36,5927,533,4848
1100,131720,36,5924,531,4850
1101,131833,35,5933,536,4859
1102,131940,35,5955,558,4850
1103,132055,35,5958,561,4845
1104,132255,137,5955,559,4846
1105,132387,35,5958,559,4850
1106,132491,37,5964,563,4840
1107,132603,34,5984,582,4837
1108,132722,35,5984,582,4837
1109,132817,39,5995,591,4839
1110,132929,39,6004,597,4839
1111,133054,36,6009,596,4851
1112,133170,43,6009,596,4851
1113,133286,39,6009,595,4851
1114,133405,36,6010,595,4853
1115,133536,35,6011,595,4860
1116,133668,42,6011,594,4867
1117,133773,38,6021,608,4861
1118,133887,38,6025,616,4854
1119,134003,37,6026,616,4860
1120,134209,36,6025,616,4859
1121,134320,37,6033,621,4859
1122,134426,35,6032,623,4856
1123,134545,35,6032,625,4852
1124,134670,45,6035,629,4853
1125,134794,38,6039,635,4848
1126,134903,39,6067,655,4850
1127,135025,41,6071,649,4857
1128,135139,40,6082,654,4866
1129,135251,40,6100,668,4860
1130,135385,40,6101,661,4870
1131,135504,35,6099,653,4881
1132,135623,39,6100,653,4886
1133,135734,35,6111,661,4889
1134,135848,37,6114,661,4886
1135,136060,114,6112,660,4884
1136,136169,37,6113,661,4883
1137,136279,35,6109,660,4878
1138,136390,39,6109,657,4886
1139,136493,37,6108,656,4882
1140,136617,36,6101,653,4877
1141,136730,42,6103,634,4906
1142,136844,40,6103,633,4909
1143,136966,41,6113,643,4908
1144,137090,39,6109,641,4905
1145,137230,42,6110,640,4910
1146,137342,40,6109,636,4917
1147,137465,35,6120,647,4910
1148,137584,39,6117,644,4912
1149,137708,41,6114,641,4905
1150,137810,40,6115,642,4905
1151,138006,37,6118,645,4895
1152,138110,37,6119,647,4892
1153,138238,44,6119,643,4908
1154,138354,36,6123,648,4902
1155,138472,37,6124,637,4918
1156,138611,37,6123,635,4915
1157,138721,37,6144,655,4911
1158,138834,37,6164,675,4896
1159,138960,48,6177,682,4892
1160,139076,35,6176,681,4896
1161,139186,36,6179,685,4888
1162,139301,41,6183,688,4892
1163,139440,44,6182,684,4904
1164,139539,36,6183,685,4903
1165,139643,38,6191,693,4898
1166,141177,1468,6206,698,4909
1167,141293,40,6208,699,4909
1168,141407,36,6219,707,4909
1169,141510,38,6219,698,4920
1170,141613,38,6219,698,4920
1171,141725,35,6214,696,4917
1172,141840,39,6216,699,4911
1173,141941,36,6214,697,4912
1174,142051,39,6213,696,4911
1175,142160,35,6212,697,4905
1176,142284,37,6211,698,4904
1177,142393,35,6213,698,4905
1178,142502,38,6215,697,4904
1179,142602,36,6215,698,4899
1180,142718,39,6223,708,4894
1181,142833,36,6225,709,4893
1182,142994,36,6230,705,4897
1183,143093,36,6241,719,4890
1184,143197,38,6241,720,4889
1185,143308,36,6249,725,4899
1186,143415,37,6258,734,4894
1187,143515,38,6259,731,4899
1188,143631,39,6254,731,4896
1189,143737,35,6259,737,4895
1190,143874,38,6259,735,4902
1191,143983,37,6267,741,4901
1192,144104,39,6270,742,4900
1193,144216,40,6268,744,4893
1194,144319,40,6268,744,4895
1195,144435,40,6264,744,4897
1196,144550,36,6266,746,4897
1197,144714,86,6271,750,4902
1198,144823,37,6273,750,4905
1199,144928,36,6267,750,4899
1200,145037,40,6267,748,4900
1201,145159,41,6267,748,4900
1202,145280,38,6265,749,4897
1203,145401,37,6268,752,4887
1204,145509,38,6272,758,4885
1205,145609,40,6283,772,4873
1206,145727,36,6286,779,4866
1207,145845,41,6283,779,4863
1208,145962,36,6284,780,4863
1209,146085,40,6291,789,4857
1210,146210,40,6294,791,4855
1211,146315,37,6304,799,4853
1212,146415,37,6305,798,4851
1213,146598,40,6305,795,4860
1214,146711,38,6320,807,4862
1215,146815,36,6319,806,4864
1216,146919,38,6321,805,4864
1217,147041,44,6324,807,4863
1218,147158,37,6324,808,4862
1219,147272,38,6326,811,4865
1220,147381,38,6324,807,4864
1221,147483,37,6322,807,4865
1222,147592,37,6324,804,4876
1223,147718,38,6323,803,4877
1224,147836,39,6331,812,4878
1225,147953,36,6333,809,4885
1226,148067,38,6339,812,4881
1227,148183,38,6345,817,4880
1228,148362,105,6346,819,4878
1229,148481,37,6349,820,4876
1230,148580,38,6358,830,4871
1231,148702,39,6361,838,4863
1232,148809,35,6359,835,4863
1233,148912,36,6361,831,4875
1234,149029,39,6359,831,4873
1235,149133,37,6359,829,4873
1236,149243,39,6359,829,4873
1237,149348,39,6356,829,4875
1238,149446,37,6359,834,4874
1239,149567,44,6359,833,4876
1240,149688,40,6359,828,4885
1241,149791,40,6368,837,4880
1242,149905,37,6366,838,4878
1243,150043,41,6366,829,4890
1244,150273,36,6368,786,4963
1245,150392,40,6388,792,4973
1246,150531,40,6390,771,5004
1247,150663,44,6390,751,5025
1248,150803,38,6400,747,5046
1249,150942,58,6405,740,5068
1250,151057,39,6406,734,5074
1251,151188,38,6423,744,5073
1252,151309,37,6419,725,5090
1253,151422,35,6416,713,5093
1254,151543,35,6416,713,5093
1255,151666,37,6413,701,5101
1256,151778,37,6414,695,5114
1257,151900,37,6413,684,5123
1258,152025,41,6419,679,5134
1259,152247,38,6423,648,5186
1260,152345,36,6441,649,5210
1261,152434,35,6450,659,5208
1262,152546,38,6453,649,5221
1263,152679,45,6453,637,5245
1264,152820,44,6469,644,5268
1265,152948,48,6470,647,5265
1266,153101,49,6477,654,5262
1267,153234,43,6481,655,5269
1268,153354,40,6478,638,5292
1269,153462,39,6486,647,5291
1270,153563,36,6492,652,5295
1271,153694,45,6497,647,5307
1272,153848,56,6500,635,5330
1273,154006,43,6501,630,5334
1274,154231,143,6500,622,5347
1275,154363,38,6504,599,5389
1276,154505,38,6506,565,5437
1277,154619,39,6514,573,5437
1278,154746,41,6516,566,5445
1279,154913,40,6534,564,5465
1280,155018,36,6534,562,5465
1281,155136,40,6533,562,5464
1282,155264,41,6536,556,5471
1283,155393,44,6559,570,5469
1284,155545,41,6557,553,5486
1285,155683,55,6566,561,5476
1286,155823,40,6566,555,5486
1287,155973,59,6566,543,5500
1288,156121,73,6573,543,5496
1289,156332,38,6573,536,5508
1290,156461,39,6577,537,5504
1291,156607,44,6572,540,5493
1292,156757,52,6571,531,5505
1293,156889,40,6574,532,5506
1294,157015,42,6579,526,5509
1295,157136,47,6576,526,5506
1296,157253,42,6578,528,5503
1297,157373,45,6580,529,5508
1298,157508,43,6581,522,5522
1299,157622,39,6589,518,5541
1300,157766,48,6592,522,5537
1301,157921,49,6593,488,5589
1302,158316,249,6594,484,5604
1303,158490,46,6606,478,5628
1304,158656,48,6606,481,5631
1305,158806,45,6604,466,5661
1306,158939,46,6603,467,5661
1307,159072,42,6608,473,5652
1308,159199,40,6611,474,5653
1309,159346,43,6611,472,5657
1310,159457,44,6617,470,5665
1311,159580,42,6625,474,5659
1312,159720,47,6626,478,5655
1313,159859,41,6622,470,5660
1314,159979,40,6630,478,5658
1315,160104,44,6633,473,5675
1316,160346,37,6633,460,5698
1317,160472,41,6636,463,5695
1318,160583,38,6647,472,5689
1319,160713,37,6649,474,5688
1320,160841,44,6660,483,5688
1321,160959,43,6668,490,5686
1322,161077,50,6668,489,5687
1323,161254,106,6678,492,5707
1324,161372,42,6682,498,5705
1325,161500,42,6681,496,5706
1326,161618,40,6679,493,5705
1327,161751,51,6696,509,5711
1328,162012,172,6703,505,5731
1329,162143,42,6715,512,5736
1330,162283,48,6714,512,5735
1331,162488,69,6711,510,5737
1332,162606,43,6724,522,5740
1333,162735,59,6731,521,5747
1334,162871,53,6733,518,5756
1335,162995,43,6744,526,5752
1336,163134,43,6741,525,5750
1337,163234,44,6743,527,5748
1338,163352,45,6763,536,5752
1339,163496,47,6765,531,5763
1340,163623,46,6763,531,5763
1341,163891,191,6763,525,5775
1342,164048,52,6764,519,5779
1343,164205,61,6770,526,5777
1344,164343,42,6773,531,5768
1345,164503,61,6777,528,5775
1346,164662,53,6779,527,5776
1347,164784,48,6779,523,5787
1348,164903,42,6786,525,5802
1349,165086,49,6787,525,5802
1350,165243,43,6798,529,5807
1351,165375,45,6801,532,5805
1352,165553,46,6803,527,5809
1353,165716,61,6803,527,5809
1354,165948,145,6803,522,5809
1355,166154,44,6823,539,5815
1356,166284,46,6820,540,5808
1357,166381,43,6830,549,5808
1358,166515,46,6832,548,5812
1359,166650,42,6829,540,5821
1360,166785,58,6837,547,5815
1361,166953,49,6846,558,5805
1362,167148,67,6846,558,5805
1363,167316,45,6843,558,5798
1364,167451,42,6855,565,5814
1365,167621,54,6854,558,5819
1366,167806,82,6857,561,5814
1367,168016,43,6857,560,5817
1368,168138,47,6858,562,5814
1369,168548,58,6857,556,5828
1370,168707,56,6862,563,5821
1371,168834,55,6874,569,5825
1372,168968,47,6876,571,5815
1373,169096,48,6888,574,5822
1374,169234,45,6885,571,5829
1375,169370,47,6892,574,5836
1376,169502,45,6888,573,5826
1377,169611,44,6886,573,5824
1378,169731,43,6885,572,5828
1379,169855,45,6884,573,5821
1380,170043,45,6892,581,5810
1381,170158,44,6893,582,5807
1382,170263,40,6893,582,5807
1383,170370,42,6895,583,5806
1384,170491,40,6909,597,5802
1385,170592,42,6909,597,5802
1386,170727,47,6905,597,5798
1387,170862,54,6906,598,5794
1388,171003,48,6907,599,5794
1389,171145,57,6907,599,5794
1390,171292,60,6917,600,5794
1391,171404,42,6926,608,5798
1392,171528,41,6928,610,5795
1393,171711,54,6925,608,5798
1394,171854,53,6915,605,5795
1395,171979,42,6916,604,5798
1396,172084,39,6917,605,5793
1397,172210,41,6921,607,5795
1398,172333,41,6927,616,5792
1399,172441,42,6929,618,5790
1400,172550,42,6931,620,5787
1401,172662,41,6931,620,5787
1402,172787,41,6930,619,5792
1403,172917,58,6932,619,5797
1404,173049,43,6933,610,5816
1405,173163,43,6931,610,5814
1406,174698,41,6936,605,5833
1407,174820,42,6936,605,5833
1408,174938,44,6944,617,5824
1409,175057,43,6958,635,5807
1410,175175,43,6956,633,5811
1411,175305,43,6956,634,5808
1412,175421,42,6960,629,5818
1413,175550,50,6964,628,5817
1414,175647,43,6967,631,5815
1415,175763,40,6974,636,5823
1416,175870,45,6978,639,5825
1417,176004,44,6976,640,5820
1418,176107,43,6978,642,5818
1419,176247,72,6978,642,5817
1420,176367,44,6984,645,5813
1421,176483,40,6993,652,5819
1422,176599,38,6995,653,5816
1423,176723,42,6997,654,5818
1424,176861,42,6995,654,5816
1425,176979,43,6994,655,5813
1426,177126,53,6999,657,5808
1427,177232,45,6999,656,5808
1428,177347,43,7009,661,5815
1429,177449,41,7011,663,5815
1430,177563,42,7015,667,5809
1431,177686,40,7016,664,5811
1432,177867,104,7022,665,5811
1433,177993,39,7030,668,5814
1434,178104,39,7036,671,5807
1435,178245,56,7056,686,5801
1436,178353,41,7057,686,5799
1437,178482,43,7059,687,5800
1438,178608,45,7061,687,5802
1439,178730,41,7068,696,5794
1440,178837,42,7068,693,5794
1441,178944,42,7069,694,5792
1442,179059,44,7074,699,5786
1443,179182,43,7075,700,5786
1444,179295,41,7075,699,5789
1445,179494,115,7075,698,5789
1446,179608,43,7089,712,5777
1447,179721,45,7089,709,5781
1448,179859,46,7076,709,5768
1449,179985,44,7084,716,5766
1450,180125,42,7085,700,5789
1451,180258,39,7086,693,5797
1452,180399,41,7091,659,5848
1453,180524,43,7099,653,5866
1454,180664,43,7100,622,5903
1455,180786,42,7110,614,5928
1456,180906,46,7129,618,5955
1457,181029,44,7126,613,5965
1458,181217,104,7126,605,5978
1459,181348,42,7125,587,6000
1460,181475,42,7128,576,6009
1461,181604,40,7126,562,6036
1462,181734,44,7132,533,6081
1463,181877,42,7128,512,6095
1464,182010,42,7130,506,6113
1465,182117,42,7138,506,6116
1466,182226,41,7139,501,6125
1467,182354,40,7137,489,6136
1468,182492,42,7145,479,6169
1469,182624,44,7145,473,6177
1470,182745,42,7146,459,6198
1471,182945,124,7145,449,6212
1472,183076,40,7143,442,6216
1473,183203,42,7151,448,6216
1474,183329,41,7151,430,6247
1475,183458,44,7154,424,6264
1476,183591,44,7153,422,6263
1477,183717,46,7164,429,6273
1478,183823,42,7163,419,6290
1479,183946,43,7174,430,6289
1480,184057,46,7190,442,6285
1481,184209,53,7192,442,6290
1482,184348,42,7195,438,6297
1483,184477,46,7200,425,6329
1484,184692,141,7211,428,6342
1485,184828,52,7219,434,6351
1486,184955,40,7220,433,6351
1487,185069,40,7232,432,6363
1488,185187,43,7233,431,6367
1489,185325,46,7237,437,6359
1490,185444,42,7235,443,6358
1491,185564,40,7236,444,6357
1492,185708,46,7235,435,6367
1493,185840,45,7229,432,6369
1494,185956,43,7237,441,6365
1495,186078,42,7240,443,6365
1496,186198,44,7248,451,6365
1497,186414,128,7247,454,6360
1498,186549,47,7248,445,6378
1499,186667,46,7260,452,6376
1500,186778,41,7265,459,6370
1501,186903,41,7266,459,6373
1502,187043,45,7260,457,6367
1503,187160,41,7265,448,6376
1504,187287,43,7270,428,6415
1505,187409,46,7269,426,6414
1506,187525,41,7268,427,6408
1507,187646,45,7272,421,6415
1508,187774,43,7273,412,6423
1509,187874,44,7289,428,6416
1510,188091,142,7292,421,6426
1511,188218,46,7288,422,6418
1512,188341,42,7287,422,6417
1513,188469,42,7292,424,6410
1514,188591,44,7297,432,6408
1515,188719,46,7301,437,6409
1516,188844,46,7297,434,6410
1517,188964,47,7297,435,6409
1518,189089,50,7294,435,6406
1519,189214,44,7296,433,6409
1520,189346,46,7302,436,6408
1521,189477,41,7301,416,6430
1522,189602,44,7299,416,6428
1523,189729,46,7317,428,6434
1524,189941,41,7318,425,6440
1525,190071,46,7319,426,6439
1526,190181,45,7323,429,6438
1527,190305,45,7324,430,6438
1528,190424,48,7320,426,6444
1529,190557,45,7322,426,6444
1530,190684,46,7332,427,6455
1531,190818,46,7331,430,6452
1532,190943,45,7337,436,6454
1533,191071,44,7344,443,6446
1534,191225,44,7354,452,6443
1535,191357,46,7354,450,6447
1536,191568,144,7366,460,6448
1537,191692,45,7366,458,6454
1538,191833,42,7365,458,6453
1539,191964,48,7365,459,6449
1540,192078,43,7368,462,6449
1541,192205,43,7365,459,6452
1542,192317,44,7374,469,6444
1543,192441,46,7382,454,6474
1544,192567,44,7382,452,6479
1545,192689,48,7385,455,6478
1546,192812,45,7389,459,6475
1547,192911,43,7394,461,6476
1548,193043,45,7394,452,6479
1549,193255,134,7391,442,6497
1550,193376,41,7391,442,6497
1551,193494,42,7392,442,6500
1552,193625,45,7403,452,6496
1553,193753,41,7414,465,6484
1554,193878,44,7412,467,6478
1555,194017,45,7422,477,6473
1556,194140,45,7423,469,6485
1557,194268,48,7421,466,6486
1558,194380,44,7442,485,6482
1559,194501,44,7441,488,6472
1560,194633,49,7444,476,6492
1561,194836,132,7445,474,6495
1562,194959,44,7450,475,6495
1563,195083,46,7451,475,6496
1564,195205,49,7448,472,6495
1565,195322,42,7448,472,6491
1566,195448,43,7452,475,6494
1567,195572,43,7462,484,6498
1568,195689,45,7462,476,6510
1569,195810,47,7463,476,6512
1570,195929,44,7462,477,6510
1571,196060,42,7454,473,6504
1572,196184,45,7453,475,6501
1573,196294,47,7458,480,6500
1574,196506,136,7459,474,6496
1575,196621,42,7467,484,6488
1576,196738,44,7463,479,6493
1577,196847,48,7471,490,6486
1578,196972,43,7469,488,6491
1579,197098,43,7467,486,6493
1580,197204,41,7475,493,6496
1581,197313,44,7485,503,6496
1582,197433,44,7490,508,6488
1583,197557,45,7494,509,6496
1584,197673,43,7498,509,6494
1585,197802,48,7500,511,6485
1586,197915,42,7499,511,6484
1587,198124,128,7520,521,6491
1588,198253,43,7530,529,6483
1589,198382,48,7538,537,6483
1590,198515,44,7548,548,6475
1591,198636,46,7556,554,6468
1592,198781,43,7556,554,6468
1593,198901,47,7567,565,6461
1594,199027,45,7567,567,6455
1595,199158,50,7565,562,6463
1596,199278,43,7568,565,6458
1597,199401,45,7571,568,6458
1598,199522,46,7571,569,6454
1599,199642,46,7582,580,6450
1600,199819,117,7583,581,6451
1601,199945,43,7582,581,6450
1602,200064,43,7579,583,6438
1603,200184,45,7578,582,6441
1604,200299,45,7589,591,6435
1605,200416,46,7591,592,6435
1606,200547,45,7603,603,6427
1607,200672,49,7603,602,6431
1608,200801,53,7601,603,6426
1609,200926,47,7612,614,6416
1610,201039,42,7612,614,6416
1611,201166,53,7616,614,6425
1612,201308,47,7615,613,6423
1613,201485,105,7616,614,6419
1614,201614,43,7616,616,6412
1615,201763,53,7617,615,6414
1616,201910,49,7627,623,6415
1617,202044,54,7628,620,6412
1618,202169,53,7630,616,6417
1619,202298,66,7630,614,6421
1620,202421,44,7630,612,6426
1621,202541,44,7623,612,6419
1622,202651,44,7631,620,6419
1623,202774,45,7630,615,6424
1624,202893,47,7643,627,6419
1625,203022,44,7653,636,6414
1626,203228,66,7664,647,6409
1627,203356,50,7662,645,6412
1628,203471,46,7662,645,6412
1629,203590,48,7670,654,6406
1630,203720,51,7670,656,6398
1631,203837,50,7682,671,6393
1632,203954,47,7686,679,6380
1633,204099,50,7686,679,6380
1634,204217,51,7700,693,6369
1635,204339,50,7713,706,6369
1636,204471,51,7711,706,6367
1637,204600,52,7722,716,6365
1638,204727,50,7725,719,6365
1639,204907,106,7725,716,6378
1640,205030,46,7735,727,6380
1641,205153,48,7735,725,6384
1642,205277,51,7742,730,6383
1643,205410,49,7743,730,6387
1644,205529,50,7742,732,6386
1645,205649,46,7750,740,6385
1646,205772,47,7750,737,6392
1647,205900,53,7747,736,6394
1648,206002,45,7745,736,6392
1649,206124,45,7756,742,6392
1650,206247,51,7756,741,6385
1651,206367,44,7754,738,6387
1652,206548,109,7747,738,6380
1653,206680,44,7754,744,6377
1654,206794,43,7757,743,6384
1655,206909,46,7759,745,6382
1656,207027,48,7756,743,6380
1657,207141,48,7755,743,6379
1658,207253,46,7764,752,6376
1659,207388,45,7775,763,6372
1660,207499,45,7775,763,6374
1661,207614,46,7776,764,6374
1662,207729,44,7778,764,6370
1663,207857,46,7776,763,6374
1664,207991,50,7780,770,6366
1665,209522,1454,7780,759,6388
1666,209645,48,7780,757,6391
1667,209774,47,7779,752,6402
1668,209885,47,7779,752,6399
1669,210008,42,7781,751,6403
1670,210143,43,7781,725,6438
1671,210281,46,7778,701,6461
1672,210425,47,7778,685,6493
1673,210569,44,7775,660,6534
1674,210700,45,7796,672,6541
1675,210832,45,7801,653,6564
1676,210960,44,7804,647,6585
1677,211089,48,7812,647,6588
1678,211268,46,7811,631,6612
1679,211396,47,7808,612,6633
1680,211532,44,7812,593,6669
1681,211645,41,7811,592,6671
1682,211786,43,7811,582,6693
1683,211911,46,7816,578,6700
1684,212038,45,7822,574,6705
1685,212158,44,7832,572,6735
1686,212303,47,7834,568,6748
1687,212428,47,7842,562,6747
1688,212557,45,7840,546,6766
1689,212690,51,7851,549,6777
1690,212845,61,7849,533,6800
1691,213034,42,7855,523,6813
1692,213158,43,7864,532,6811
1693,213289,48,7870,519,6842
1694,213428,47,7869,511,6851
1695,213552,42,7873,502,6870
1696,213696,47,7873,483,6900
1697,213814,47,7873,478,6914
1698,213948,52,7871,470,6925
1699,214060,45,7874,473,6922
1700,214192,48,7875,477,6921
1701,214328,47,7875,474,6923
1702,214451,51,7876,466,6928
1703,214589,53,7884,474,6928
1704,214776,49,7881,477,6918
1705,214900,46,7889,474,6933
1706,215026,46,7891,468,6936
1707,215161,51,7897,475,6935
1708,215284,53,7904,471,6955
1709,215440,52,7906,473,6948
1710,215580,48,7902,472,6947
1711,215717,53,7910,480,6939
1712,215843,52,7906,470,6955
1713,215968,46,7925,468,6984
1714,216108,46,7924,469,6981
1715,216242,46,7927,445,7029
1716,216367,50,7942,459,7015
1717,216568,103,7944,465,7009
1718,216694,45,7944,465,7008
1719,216812,44,7952,473,7008
1720,216937,46,7964,483,7008
1721,217069,47,7963,467,7030
1722,217195,48,7961,449,7042
1723,217343,48,7960,448,7041
1724,217453,46,7969,453,7046
1725,217581,45,7970,453,7042
1726,217710,46,7977,459,7042
1727,217856,46,7975,456,7043
1728,217986,47,7973,456,7041
1729,218111,48,7973,459,7034
1730,218330,155,7974,450,7050
1731,218470,64,7978,452,7046
1732,218596,52,7973,451,7045
1733,218736,51,7978,460,7041
1734,218880,56,7978,453,7056
1735,219016,45,7981,455,7054
1736,219156,45,7982,436,7086
1737,219286,44,7985,439,7083
1738,219417,49,7989,434,7091
1739,219539,45,7989,434,7091
1740,219648,46,7990,435,7088
1741,219774,48,8001,441,7086
1742,219902,50,8009,440,7100
1743,220119,137,8009,436,7113
1744,220256,46,8012,431,7127
1745,220385,48,8008,428,7127
1746,220519,46,8007,428,7124
1747,220629,46,8008,425,7128
1748,220748,45,8010,413,7148
1749,220879,51,8023,426,7138
1750,221002,49,8025,424,7145
1751,221125,51,8034,433,7146
1752,221240,46,8038,429,7157
1753,221368,47,8044,435,7151
1754,221481,47,8044,435,7151
1755,221608,47,8047,438,7144
1756,221743,49,8046,424,7168
1757,221962,49,8060,431,7178
1758,222073,46,8061,435,7171
1759,222196,48,8063,437,7169
1760,222331,50,8067,441,7167
1761,222461,48,8070,441,7170
1762,222572,45,8072,442,7173
1763,222705,48,8075,444,7169
1764,222838,53,8074,443,7168
1765,222957,46,8083,452,7157
1766,223088,46,8088,457,7154
1767,223221,47,8087,450,7167
1768,223347,48,8088,450,7168
1769,223574,155,8085,450,7165
1770,223713,47,8090,448,7178
1771,223827,50,8106,467,7171
1772,223954,51,8101,463,7172
1773,224077,51,8103,463,7172
1774,224198,48,8103,458,7169
1775,224326,46,8103,449,7191
1776,224454,46,8100,449,7188
1777,224584,47,8100,444,7195
1778,224700,45,8100,445,7193
1779,224829,49,8102,447,7193
1780,224962,49,8111,454,7200
1781,225198,157,8113,455,7196
1782,225327,61,8115,453,7200
1783,225465,53,8123,458,7206
1784,225613,57,8124,459,7204
1785,225778,69,8124,457,7220
1786,225961,49,8128,453,7223
1787,226074,45,8129,449,7230
1788,226179,46,8131,446,7235
1789,226305,48,8138,453,7235
1790,226441,57,8135,453,7232
1791,226560,47,8144,461,7225
1792,226682,49,8164,481,7217
1793,226903,152,8178,489,7221
1794,227035,55,8183,494,7216
1795,227169,55,8190,501,7213
1796,227410,97,8195,493,7227
1797,227563,63,8187,491,7226
1798,227689,50,8192,496,7229
1799,227812,48,8190,495,7228
1800,227934,51,8190,495,7228
1801,228073,53,8196,492,7236
1802,228207,54,8202,500,7228
1803,228345,53,8206,499,7232
1804,228482,49,8206,496,7238
1805,228698,51,8204,492,7242
1806,228818,51,8207,493,7241
1807,228961,46,8206,495,7235
1808,229083,48,8212,502,7229
1809,229195,47,8223,512,7230
1810,229332,54,8222,513,7224
1811,229476,58,8223,501,7246
1812,229618,55,8226,493,7258
1813,229739,51,8230,497,7252
1814,229864,50,8237,504,7252
1815,230003,58,8235,501,7251
1816,230217,137,8239,507,7249
1817,230343,47,8239,509,7246
1818,230477,50,8239,505,7257
1819,230617,50,8238,509,7252
1820,230757,50,8248,519,7252
1821,230877,49,8246,517,7248
1822,231022,51,8234,515,7237
1823,231155,48,8238,519,7225
1824,231312,68,8230,517,7221
1825,231436,56,8257,543,7218
1826,231593,55,8257,542,7223
1827,231748,64,8262,542,7220
1828,231981,149,8263,539,7223
1829,232215,71,8264,540,7221
1830,232332,54,8271,547,7217
1831,232462,54,8279,555,7217
1832,232583,54,8283,557,7220
1833,232716,58,8280,558,7222
1834,232852,54,8284,561,7220
1835,232993,54,8282,562,7213
1836,233133,56,8281,563,7209
1837,233261,52,8289,570,7196
1838,233399,55,8290,571,7191
1839,233511,58,8298,579,7186
1840,233704,111,8305,588,7181
1841,233834,56,8302,588,7178
1842,233975,55,8301,588,7177
1843,234132,55,8299,585,7178
1844,234271,51,8300,585,7179
1845,234415,56,8301,585,7178
1846,234555,55,8311,594,7177
1847,234666,52,8320,600,7174
1848,234795,49,8318,597,7183
1849,234925,53,8328,603,7183
1850,235062,54,8335,609,7184
1851,235196,51,8343,617,7184
1852,235403,128,8342,615,7181
1853,235524,54,8340,614,7184
1854,235689,65,8340,619,7181
1855,235827,53,8341,620,7176
1856,235960,53,8348,627,7173
1857,236083,50,8356,633,7168
1858,236208,47,8356,632,7173
1859,236345,55,8359,639,7169
1860,236481,53,8367,646,7151
1861,236627,49,8375,653,7147
1862,236737,50,8379,657,7147
1863,236859,49,8386,657,7153
1864,237022,95,8385,652,7160
1865,237157,50,8383,649,7169
1866,237270,50,8392,656,7170
1867,237376,49,8392,654,7171
1868,237503,50,8393,654,7173
1869,237623,51,8394,655,7171
1870,237745,52,8397,657,7173
1871,237875,50,8395,659,7167
1872,237999,55,8415,679,7161
1873,238137,48,8416,679,7160
1874,238256,50,8412,680,7153
1875,238388,53,8433,704,7143
1876,238587,104,8436,707,7138
1877,238707,50,8453,726,7128
1878,238823,50,8451,731,7121
1879,238934,49,8447,731,7117
1880,239072,52,8445,731,7115
1881,239207,50,8444,733,7108
1882,239353,58,8444,737,7100
1883,239470,53,8444,740,7097
1884,239590,53,8445,742,7092
1885,239712,49,8448,743,7093
1886,239838,52,8455,746,7086
1887,239984,55,8455,742,7096
1888,240146,63,8455,726,7114
1889,240357,48,8453,699,7149
1890,240503,54,8461,666,7199
1891,240657,57,8459,650,7227
1892,240805,55,8459,649,7228
1893,240932,47,8460,636,7246
1894,241086,55,8460,627,7263
1895,241229,55,8463,614,7279
1896,241353,54,8470,606,7289
1897,241493,52,8470,584,7306
1898,241636,48,8469,572,7320
1899,241773,53,8473,567,7328
1900,241914,49,8475,569,7328
1901,242105,48,8475,558,7351
1902,242237,49,8477,553,7355
1903,242361,49,8485,562,7351
1904,242499,51,8492,558,7360
1905,242634,50,8490,550,7371
1906,242782,63,8495,552,7382
1907,242921,51,8514,569,7375
1908,243053,51,8514,563,7386
1909,243172,54,8514,554,7399
1910,243301,49,8522,563,7398
1911,243439,51,8523,545,7431
1912,243588,52,8533,546,7438
1913,243789,120,8534,529,7461
1914,243922,54,8540,534,7459
1915,244048,49,8540,524,7483
1916,244193,49,8539,519,7489
1917,244337,56,8536,505,7509
1918,244480,49,8529,497,7511
1919,244612,58,8534,495,7514
1920,244745,59,8536,497,7511
1921,244884,47,8537,496,7513
1922,245053,51,8536,482,7548
1923,245187,54,8534,481,7545
1924,245340,55,8535,469,7558
1925,245556,142,8540,463,7567
1926,245682,54,8547,471,7566
1927,245809,51,8556,478,7555
1928,245943,54,8567,481,7567
1929,246084,49,8574,475,7579
1930,246227,56,8583,470,7601
1931,246357,48,8584,472,7598
1932,246498,53,8584,469,7604
1933,246629,53,8584,469,7604
1934,246759,52,8585,460,7619
1935,246884,54,8582,454,7621
1936,247023,52,8591,455,7635
1937,247159,55,8591,448,7652
1938,247386,59,8593,450,7653
1939,247515,55,8592,454,7644
1940,247646,50,8591,446,7655
1941,247791,52,8592,446,7654
1942,247916,51,8606,459,7648
1943,248049,50,8604,458,7649
1944,248180,51,8608,462,7649
1945,248306,54,8607,464,7643
1946,248438,53,8613,461,7660
1947,248584,60,8615,462,7656
1948,248713,54,8621,461,7673
1949,248842,50,8626,467,7666
1950,249035,111,8632,465,7681
1951,249186,51,8630,448,7716
1952,249317,51,8631,447,7715
1953,249436,51,8638,454,7709
1954,249582,49,8639,449,7712
1955,249717,52,8639,440,7718
1956,249840,52,8637,441,7712
1957,249948,56,8641,443,7706
1958,250068,53,8651,454,7705
1959,250177,50,8670,470,7703
1960,250298,52,8682,479,7702
1961,250442,51,8706,486,7717
1962,250583,53,8708,476,7730
1963,250784,132,8709,468,7747
1964,250945,59,8707,463,7755
1965,251078,55,8716,465,7767
1966,251214,54,8716,464,7771
1967,251365,54,8722,470,7758
1968,251514,54,8721,468,7765
1969,251642,54,8732,479,7757
1970,251761,52,8732,477,7758
1971,251905,56,8737,481,7759
1972,252054,67,8737,473,7772
1973,252193,53,8746,480,7770
1974,252325,53,8746,480,7770
1975,252462,56,8756,479,7784
1976,252704,56,8756,470,7804
1977,252828,54,8767,470,7813
1978,252958,57,8777,479,7807
1979,253097,55,8777,479,7807
1980,253238,52,8775,479,7805
1981,253382,55,8776,473,7812
1982,253505,50,8776,474,7808
1983,253650,56,8776,473,7809
1984,253788,53,8781,476,7810
1985,253917,58,8782,474,7818
1986,254045,51,8783,466,7831
1987,254166,52,8783,466,7831
1988,254281,54,8783,463,7837
1989,255807,51,8782,435,7890
1990,255919,50,8781,434,7889
1991,256056,50,8776,427,7897
1992,256176,50,8776,426,7902
1993,256305,50,8783,428,7907
1994,256431,50,8794,436,7898
1995,256566,50,8799,432,7911
1996,256692,52,8809,442,7907
1997,256816,51,8811,444,7906
1998,256967,59,8810,441,7907
1999,257100,50,8809,439,7910
2000,257217,52,8810,440,7907
2001,257339,50,8825,451,7907
2002,257490,50,8824,453,7902
2003,257635,65,8823,453,7901
2004,257761,49,8832,458,7898
2005,257913,49,8833,457,7897
2006,258050,55,8831,450,7903
2007,258242,86,8833,451,7903
2008,258378,52,8835,453,7900
2009,258505,52,8836,454,7896
2010,258634,51,8843,460,7889
2011,258768,50,8843,461,7883
2012,258901,52,8841,460,7886
2013,259046,52,8842,460,7891
2014,259186,54,8844,464,7883
2015,259361,48,8848,460,7895
2016,259503,54,8850,461,7893
2017,259637,52,8860,455,7914
2018,259759,52,8861,456,7914
2019,259891,51,8862,451,7923
2020,260032,53,8866,455,7918
2021,260172,57,8866,451,7927
2022,260302,53,8875,461,7924
2023,260454,54,8877,463,7921
2024,260584,54,8873,462,7918
2025,260711,51,8893,481,7918
2026,260825,52,8891,480,7916
2027,260993,100,8890,481,7914
2028,261102,48,8893,481,7920
2029,261224,51,8900,488,7914
2030,261356,52,8902,490,7911
2031,261478,55,8902,490,7911
2032,261626,53,8908,495,7910
2033,261762,48,8906,495,7908
2034,261893,53,8910,497,7908
2035,262024,50,8914,501,7905
2036,262144,52,8918,503,7907
2037,262273,52,8916,504,7904
2038,262394,52,8925,511,7898
2039,262524,54,8931,519,7889
2040,262706,118,8931,519,7889
2041,262824,53,8932,519,7893
2042,262940,51,8947,530,7895
2043,263078,53,8950,530,7899
2044,263211,57,8948,528,7899
2045,263342,57,8951,528,7894
2046,263469,57,8951,529,7888
2047,263585,54,8969,547,7885
2048,263723,54,8971,549,7881
2049,263858,52,8972,550,7877
2050,263989,53,8982,554,7877
2051,264129,53,8989,563,7863
2052,264248,60,8989,563,7863
2053,264450,130,8996,569,7859
2054,264578,53,8993,566,7859
2055,264705,51,9001,573,7860
2056,264839,54,9010,576,7873
2057,264963,53,9022,588,7865
2058,265083,53,9038,603,7853
2059,265216,52,9039,600,7856
2060,265358,55,9039,600,7864
2061,265475,51,9039,599,7866
2062,265601,50,9041,601,7862
2063,265737,55,9040,598,7864
2064,265866,56,9040,598,7864
2065,265998,56,9037,597,7862
2066,266196,128,9034,598,7854
2067,266317,53,9036,597,7856
2068,266436,56,9036,595,7866
2069,266562,52,9036,595,7869
2070,266686,54,9037,595,7872
2071,266826,55,9036,593,7876
2072,266946,55,9036,592,7881
2073,267086,57,9035,591,7885
2074,267228,58,9033,591,7879
2075,267354,59,9042,600,7879
2076,267480,52,9043,600,7882
2077,267604,52,9048,601,7884
2078,267734,55,9045,602,7878
2079,267961,152,9046,602,7875
2080,268090,54,9043,602,7872
2081,268218,60,9043,603,7868
2082,268354,55,9050,610,7867
2083,268473,54,9060,618,7869
2084,268601,56,9058,624,7857
2085,268727,61,9058,624,7857
2086,268872,54,9066,632,7856
2087,269002,52,9074,644,7849
2088,269127,59,9080,652,7843
2089,269268,56,9081,654,7834
2090,269416,58,9080,643,7832
2091,269533,50,9096,659,7832
2092,269788,57,9097,661,7834
2093,269929,58,9097,658,7834
2094,270053,54,9095,627,7871
2095,270205,54,9095,625,7876
2096,270364,58,9098,603,7921
2097,270508,53,9098,578,7955
2098,270656,51,9109,570,7985
2099,270789,54,9115,552,8013
2100,270921,58,9129,556,8022
2101,271090,69,9131,559,8017
2102,271227,52,9131,548,8033
2103,271467,148,9129,536,8051
2104,271604,53,9132,512,8096
2105,271753,58,9129,506,8106
2106,271887,58,9141,509,8114
2107,272011,50,9139,505,8124
2108,272156,53,9136,502,8125
2109,272306,56,9130,488,8148
2110,272443,57,9122,480,8153
2111,272588,56,9121,461,8188
2112,272730,56,9126,464,8189
2113,272863,55,9135,457,8208
2114,273003,59,9132,458,8203
2115,273245,52,9133,459,8198
2116,273387,54,9139,440,8234
2117,273521,50,9136,429,8248
2118,273648,54,9136,428,8249
2119,273785,52,9143,436,8240
2120,273924,55,9143,433,8241
2121,274056,57,9143,428,8252
2122,274188,55,9143,427,8256
2123,274316,53,9148,434,8255
2124,274441,50,9150,436,8259
2125,274580,53,9149,425,8276
2126,274786,133,9157,424,8293
2127,274926,54,9165,432,8284
2128,275052,54,9172,433,8292
2129,275192,57,9172,432,8295
2130,275325,56,9181,430,8308
2131,275478,58,9180,431,8302
2132,275640,64,9188,439,8296
2133,275779,52,9188,431,8311
2134,275914,53,9188,417,8332
2135,276026,54,9197,409,8356
2136,276153,59,9205,411,8364
2137,276394,152,9211,416,8364
2138,276516,54,9201,414,8360
2139,276670,54,9198,406,8372
2140,276825,58,9201,401,8378
2141,276959,60,9210,399,8378
2142,277087,55,9211,392,8384
2143,277234,61,9222,395,8389
2144,277362,54,9221,394,8391
2145,277499,54,9220,395,8385
2146,277649,61,9220,395,8385
2147,277783,60,9223,394,8397
2148,278055,170,9223,387,8405
2149,278208,58,9232,395,8411
2150,278350,62,9244,405,8406
2151,278516,60,9245,405,8409
2152,278658,64,9248,406,8412
2153,278807,59,9253,400,8417
2154,278956,62,9259,408,8409
2155,279104,56,9252,407,8404
2156,279231,58,9260,412,8415
2157,279507,76,9269,420,8416
2158,279659,61,9272,396,8464
2159,279811,56,9273,398,8457
2160,280009,117,9270,398,8454
2161,280139,62,9267,395,8456
2162,280272,58,9264,397,8451
2163,280431,65,9266,399,8450
2164,280637,64,9268,374,8484
2165,280831,71,9269,375,8483
2166,280977,71,9276,381,8479
2167,281130,67,9275,373,8493
2168,281331,77,9276,370,8501
2169,281478,60,9284,380,8497
2170,281695,55,9279,371,8504
2171,281906,111,9278,371,8503
2172,282015,54,9278,370,8507
2173,282162,55,9279,362,8515
2174,282286,56,9279,362,8515
2175,282430,60,9282,355,8523
2176,282567,60,9285,351,8528
2177,282701,58,9287,354,8521
2178,282839,59,9289,359,8518
2179,282988,65,9291,361,8517
2180,283126,56,9298,370,8510
2181,283257,53,9307,383,8506
2182,283389,55,9316,392,8503
2183,283567,99,9319,390,8500
2184,283713,60,9319,379,8513
2185,283838,52,9322,381,8505
2186,283997,90,9332,394,8498
2187,284143,56,9340,398,8506
2188,284274,57,9343,401,8498
2189,284443,59,9343,392,8506
2190,284631,54,9343,392,8506
2191,284776,61,9347,395,8498
2192,284921,71,9349,397,8498
2193,285057,54,9349,398,8497
2194,285173,53,9349,398,8497
2195,285420,62,9344,399,8490
2196,285575,59,9344,401,8480
2197,285731,62,9354,412,8476
2198,285879,60,9369,421,8483
2199,286020,58,9376,432,8470
2200,286166,59,9377,430,8474
2201,286290,53,9385,437,8475
2202,286422,56,9387,438,8476
2203,286572,58,9389,440,8470
2204,286719,60,9390,441,8468
2205,286849,62,9404,450,8469
2206,287043,111,9404,435,8489
2207,287182,60,9404,435,8490
2208,287321,58,9405,435,8495
2209,287461,56,9406,438,8485
2210,287612,56,9409,439,8478
2211,287758,62,9422,449,8464
2212,287892,61,9424,451,8461
2213,288039,61,9421,454,8462
2214,288180,62,9437,466,8459
2215,288322,57,9438,467,8456
2216,288441,60,9451,481,8451
2217,288572,55,9451,479,8448
2218,288767,61,9449,479,8443
2219,288918,55,9452,482,8439
2220,289055,58,9456,486,8434
2221,289186,61,9458,492,8428
2222,289319,59,9461,495,8421
2223,289436,56,9461,495,8421
2224,289567,61,9462,496,8421
2225,289714,61,9465,497,8419
2226,289845,60,9472,502,8417
2227,289983,66,9472,502,8417
2228,290135,58,9473,504,8420
2229,290335,123,9472,503,8419
2230,290464,52,9481,508,8419
2231,290623,60,9485,511,8409
2232,290758,70,9488,513,8410
2233,290883,52,9491,516,8413
2234,291037,56,9492,517,8413
2235,291186,56,9494,518,8416
2236,291299,53,9507,528,8417
2237,291411,59,9509,527,8420
2238,291546,54,9509,521,8435
2239,291691,60,9505,522,8428
2240,291825,57,9532,548,8421
2241,292017,123,9530,548,8419
2242,292136,54,9528,546,8422
2243,292270,56,9549,566,8412
2244,292405,60,9547,568,8403
2245,292548,59,9548,569,8401
2246,292684,58,9552,573,8401
2247,292832,56,9555,576,8400
2248,292968,63,9556,575,8401
2249,293094,54,9554,577,8396
2250,293232,54,9554,577,8395
2251,293371,66,9556,569,8402
2252,293576,114,9560,575,8400
2253,293725,66,9567,580,8399
2254,293874,70,9583,596,8397
2255,294035,55,9583,593,8405
2256,294213,77,9590,601,8405
2257,294377,77,9589,596,8413
2258,294532,90,9596,604,8407
2259,294670,55,9592,604,8403
2260,294816,56,9589,600,8404
2261,294959,61,9586,607,8393
2262,295097,60,9597,618,8387
2263,295233,54,9592,618,8384
2264,295454,125,9592,617,8389
2265,295605,59,9591,613,8395
2266,295732,57,9598,620,8395
2267,295874,59,9598,617,8399
2268,296004,57,9608,627,8395
2269,296143,56,9606,627,8393
2270,296275,60,9607,628,8390
2271,296426,61,9610,630,8390
2272,296578,61,9617,637,8390
2273,296715,61,9617,636,8394
2274,296853,62,9619,640,8387
2275,296997,72,9616,645,8376
2276,297202,111,9618,644,8381
2277,297344,61,9618,644,8381
2278,297494,63,9621,643,8384
2279,297632,62,9621,643,8384
2280,297762,58,9623,645,8381
2281,297900,55,9632,652,8382
2282,298016,54,9648,668,8376
2283,298139,58,9656,676,8376
2284,298270,57,9649,678,8366
2285,298430,62,9651,682,8359
2286,298561,59,9658,689,8350
2287,298714,63,9658,688,8353
2288,300377,57,9668,589,8512
