tick,timestamp,query_runtime,trav_index_nodes,trav_vol_nodes,trav_unprod_nodes
0,702,3,13,13,0
1,1064,2,34,34,0
2,1436,4,43,43,0
3,1718,2,63,63,0
4,2038,3,70,70,0
5,2335,3,78,78,0
6,2611,2,88,88,0
7,2869,6,104,104,0
8,3111,10,137,137,0
9,3356,1,149,149,0
10,3619,2,179,179,0
11,3846,4,188,188,0
12,4267,6,209,209,0
13,4520,4,227,227,0
14,4803,2,240,240,0
15,5059,4,250,250,0
16,5231,2,275,275,0
17,5423,3,295,295,0
18,5611,3,327,327,0
19,5828,4,348,348,0
20,6169,3,367,367,0
21,6580,5,386,386,0
22,6759,5,392,392,0
23,6903,7,396,396,0
24,7077,4,406,406,0
25,7228,4,413,413,0
26,7421,3,425,425,0
27,7617,4,439,439,0
28,7806,4,461,461,0
29,7979,6,475,475,0
30,8153,5,483,483,0
31,8429,3,494,494,0
32,8580,4,521,521,0
33,8754,3,536,536,0
34,8920,4,546,546,0
35,9065,4,553,553,0
36,9236,11,571,571,0
37,9373,8,600,600,0
38,9531,5,603,603,0
39,9672,4,622,622,0
40,9835,4,630,630,0
41,10003,7,637,637,0
42,10215,5,643,643,0
43,10368,4,655,655,0
44,10527,4,661,661,0
45,10672,4,666,666,0
46,10827,4,674,674,0
47,10966,5,685,685,0
48,11126,5,691,691,0
49,11250,6,715,715,0
50,11393,6,736,736,0
51,11523,5,759,759,0
52,11658,6,783,783,0
53,11812,6,794,794,0
54,11941,6,805,805,0
55,12095,7,824,824,0
56,12238,8,829,829,0
57,12426,8,838,838,0
58,12603,8,854,854,0
59,12773,8,861,861,0
60,13452,6,871,871,0
61,13615,7,888,888,0
62,13746,6,915,915,0
63,13897,6,920,920,0
64,14027,7,930,930,0
65,14195,7,945,945,0
66,14344,7,951,951,0
67,14509,7,958,958,0
68,14690,8,961,961,0
69,14846,7,972,972,0
70,15000,8,980,980,0
71,15139,7,984,984,0
72,15252,8,996,996,0
73,15426,7,1017,1017,0
74,15582,8,1026,1026,0
75,15735,8,1053,1053,0
76,15877,9,1060,1060,0
77,16103,7,1087,1087,0
78,16253,8,1099,1099,0
79,16406,7,1107,1107,0
80,16519,7,1129,1129,0
81,16689,8,1138,1138,0
82,16820,8,1147,1147,0
83,16999,7,1158,1158,0
84,17156,8,1167,1167,0
85,17324,11,1189,1189,0
86,17465,7,1212,1212,0
87,17640,9,1221,1221,0
88,17779,10,1224,1224,0
89,17937,8,1230,1230,0
90,18161,10,1235,1235,0
91,18310,10,1262,1262,0
92,18451,9,1267,1267,0
93,18621,12,1289,1289,0
94,18775,9,1305,1305,0
95,18916,11,1319,1319,0
96,19133,20,1362,1362,0
97,19317,14,1375,1375,0
98,19506,25,1380,1380,0
99,19772,9,1396,1396,0
100,19890,9,1413,1413,0
101,20029,9,1420,1420,0
102,20176,9,1425,1425,0
103,20319,10,1427,1427,0
104,20455,9,1430,1430,0
105,20585,10,1444,1444,0
106,20746,11,1457,1457,0
107,20902,10,1461,1461,0
108,21032,9,1465,1465,0
109,21205,12,1481,1481,0
110,21380,13,1491,1491,0
111,21514,10,1518,1518,0
112,21695,12,1527,1527,0
113,21860,13,1549,1549,0
114,22032,13,1568,1568,0
115,22157,12,1577,1577,0
116,22337,14,1586,1586,0
117,22495,20,1601,1601,0
118,22651,12,1608,1608,0
119,22800,13,1619,1619,0
120,22927,11,1623,1623,0
121,23093,16,1630,1630,0
122,23267,21,1640,1640,0
123,24298,11,1655,1655,0
124,24458,11,1667,1667,0
125,24603,12,1673,1673,0
126,24772,21,1684,1684,0
127,24953,20,1692,1692,0
128,25100,11,1704,1704,0
129,25244,11,1710,1710,0
130,25378,11,1719,1719,0
131,25524,12,1748,1748,0
132,25676,12,1751,1751,0
133,25803,12,1765,1765,0
134,25932,12,1770,1770,0
135,26060,11,1779,1779,0
136,26181,12,1790,1790,0
137,26326,12,1799,1799,0
138,26445,13,1812,1812,0
139,26586,12,1830,1830,0
140,26715,14,1835,1835,0
141,26854,14,1840,1840,0
142,27017,15,1845,1845,0
143,27150,14,1866,1866,0
144,27272,13,1870,1870,0
145,27422,26,1870,1870,0
146,27599,20,1880,1880,0
147,27738,15,1884,1884,0
148,27908,18,1886,1886,0
149,28151,17,1888,1888,0
150,28291,12,1903,1903,0
151,28425,13,1919,1919,0
152,28557,14,1924,1924,0
153,28689,14,1927,1927,0
154,28809,14,1949,1949,0
155,28958,12,1966,1966,0
156,29070,12,1970,1970,0
157,29184,15,1977,1977,0
158,29330,13,1985,1985,0
159,29469,18,2000,2000,0
160,29621,15,2004,2004,0
161,29768,15,2011,2011,0
162,29912,14,2022,2022,0
163,30074,19,2035,2035,0
164,30251,18,2052,2027,3
165,30413,21,2063,2004,16
166,30584,14,2086,1964,50
167,30769,18,2088,1907,97
168,30920,14,2107,1906,104
169,31084,13,2112,1843,144
170,31248,15,2118,1812,158
171,31425,15,2121,1793,169
172,31572,14,2141,1797,174
173,31737,17,2159,1768,200
174,32000,13,2167,1694,248
175,32156,14,2182,1653,294
176,32308,15,2188,1639,305
177,32443,13,2197,1606,324
178,32588,14,2217,1590,354
179,32730,16,2219,1554,383
180,32879,13,2221,1509,415
181,33017,13,2227,1488,436
182,33182,16,2233,1481,446
183,33345,14,2241,1463,475
184,33497,14,2249,1459,484
185,33647,16,2264,1441,503
186,33798,17,2277,1444,508
187,33936,18,2283,1425,522
188,34102,14,2292,1433,523
189,34246,18,2316,1437,535
190,34417,16,2318,1412,551
191,34557,16,2336,1416,553
192,34702,14,2342,1408,559
193,34839,16,2353,1402,567
194,35018,19,2356,1351,608
195,35198,16,2366,1344,611
196,36514,16,2370,1183,731
197,36668,16,2375,1157,746
198,36843,20,2381,1130,773
199,36990,18,2395,1104,817
200,37153,20,2405,1095,833
201,37292,15,2421,1076,865
202,37454,22,2429,1048,890
203,37609,16,2439,1044,902
204,37777,18,2451,1049,909
205,37934,16,2464,1033,932
206,38077,16,2471,1029,939
207,38233,21,2474,1020,948
208,38400,17,2481,996,977
209,38543,17,2493,987,996
210,38696,16,2504,991,993
211,38870,25,2515,992,997
212,39056,25,2524,972,1029
213,39205,16,2538,972,1046
214,39334,16,2557,989,1045
215,39469,16,2568,987,1053
216,39609,20,2581,987,1064
217,39740,22,2590,982,1068
218,39994,128,2602,963,1097
219,40142,16,2602,933,1122
220,40301,16,2609,923,1141
221,40429,16,2621,922,1154
222,40550,17,2637,923,1164
223,40687,15,2645,912,1187
224,40821,19,2671,925,1190
225,40948,16,2680,928,1189
226,41068,16,2692,935,1193
227,41205,16,2689,922,1202
228,41344,17,2695,925,1205
229,41497,17,2704,919,1231
230,41610,18,2708,889,1260
231,41766,18,2720,896,1268
232,41903,17,2724,898,1263
233,42053,18,2728,893,1275
234,42202,17,2745,906,1279
235,42341,20,2747,913,1268
236,42472,17,2750,916,1271
237,42625,17,2747,905,1273
238,42752,17,2758,902,1286
239,42879,18,2767,908,1284
240,43096,18,2776,919,1282
241,43220,16,2781,925,1278
242,43355,16,2787,934,1272
243,43486,16,2800,933,1283
244,43609,17,2794,912,1301
245,43753,17,2793,910,1303
246,43894,16,2804,912,1302
247,44025,18,2820,915,1314
248,44162,17,2829,914,1317
249,44294,18,2831,910,1324
250,44417,19,2839,916,1320
251,44553,17,2848,908,1334
252,44679,17,2848,893,1353
253,44802,19,2861,899,1349
254,44951,19,2865,904,1350
255,45069,18,2878,896,1360
256,45205,18,2886,898,1361
257,45333,17,2893,898,1364
258,45457,17,2893,896,1365
259,45591,18,2897,890,1378
260,45720,18,2896,885,1382
261,46046,222,2893,876,1386
262,46198,18,2891,861,1405
263,46345,18,2898,847,1421
264,46477,18,2897,836,1438
265,46617,26,2896,833,1446
266,46754,19,2915,836,1450
267,46886,17,2925,841,1453
268,46999,18,2938,845,1460
269,47132,19,2949,850,1466
270,47256,19,2964,853,1476
271,47395,20,2988,873,1481
272,47544,18,2997,871,1485
273,47689,18,3008,876,1486
274,47806,18,3018,882,1491
275,47922,20,3057,921,1483
276,48056,24,3077,945,1479
277,48181,23,3085,952,1474
278,48318,19,3090,950,1481
279,48458,20,3107,957,1493
280,48590,21,3122,973,1491
281,48799,19,3133,969,1504
282,48946,20,3134,966,1509
283,49100,20,3142,973,1507
284,49230,19,3147,975,1507
285,49352,20,3148,964,1520
286,49470,19,3152,963,1525
287,49603,19,3153,966,1521
288,49722,20,3161,974,1519
289,49873,20,3164,981,1511
290,50004,20,3179,990,1515
291,50128,21,3189,996,1517
292,50234,21,3195,995,1520
293,50362,20,3209,1007,1521
294,50498,20,3212,1001,1539
295,50630,20,3220,1004,1544
296,50761,21,3241,1006,1559
297,50871,20,3248,1015,1557
298,51002,21,3246,1014,1550
299,51147,20,3251,1024,1539
300,52522,1284,3251,1006,1568
301,52653,18,3256,995,1588
302,52774,20,3258,995,1588
303,52894,21,3269,1008,1578
304,53026,20,3275,1006,1586
305,53162,22,3297,1015,1587
306,53281,22,3311,1027,1591
307,53431,23,3309,1023,1595
308,53579,20,3327,1040,1591
309,53714,21,3340,1056,1577
310,53841,21,3358,1076,1575
311,53963,20,3358,1078,1570
312,54094,21,3376,1093,1565
313,54207,21,3388,1107,1560
314,54352,26,3397,1117,1559
315,54490,25,3398,1110,1563
316,54626,23,3417,1120,1565
317,54743,22,3425,1126,1563
318,54951,67,3430,1122,1566
319,55072,21,3430,1115,1571
320,55194,20,3432,1113,1575
321,55312,20,3441,1114,1580
322,55424,22,3442,1107,1583
323,55549,22,3459,1118,1580
324,55680,21,3463,1121,1583
325,55816,23,3476,1127,1582
326,55953,22,3489,1139,1575
327,56100,23,3501,1146,1579
328,56256,22,3505,1147,1576
329,56390,23,3509,1153,1565
330,56526,23,3509,1152,1564
331,56652,22,3524,1168,1555
332,56770,23,3544,1184,1554
333,56896,22,3549,1185,1554
334,57030,23,3551,1182,1555
335,57166,23,3559,1183,1561
336,57288,22,3571,1188,1567
337,57490,22,3576,1182,1568
338,57613,21,3577,1183,1568
339,57719,21,3583,1186,1574
340,57841,22,3582,1186,1569
341,57981,22,3584,1186,1565
342,58117,22,3591,1194,1564
343,58268,24,3593,1194,1569
344,58409,23,3601,1199,1575
345,58518,23,3600,1198,1576
346,58648,22,3606,1200,1584
347,58805,24,3603,1197,1584
348,58900,23,3599,1195,1580
349,59021,24,3600,1191,1582
350,59168,23,3607,1188,1590
351,59298,23,3610,1187,1592
352,59434,25,3613,1188,1591
353,59582,24,3622,1194,1593
354,59717,24,3631,1201,1585
355,59915,22,3632,1198,1597
356,60044,22,3634,1201,1595
357,60202,22,3641,1157,1667
358,60365,24,3651,1159,1677
359,60520,22,3656,1145,1701
360,60674,21,3656,1117,1737
361,60823,28,3659,1090,1783
362,60963,22,3662,1053,1842
363,61115,22,3676,1046,1866
364,61270,23,3684,1020,1916
365,61419,22,3692,990,1953
366,61558,24,3703,991,1967
367,61707,23,3714,977,2006
368,61856,28,3724,981,2015
369,62007,23,3724,948,2059
370,62153,24,3738,932,2110
371,62386,113,3741,923,2120
372,62533,23,3740,911,2133
373,62663,22,3748,893,2160
374,62798,23,3762,894,2174
375,62936,23,3773,886,2199
376,63066,24,3766,874,2210
377,63207,23,3783,857,2260
378,63341,24,3796,854,2278
379,63487,26,3802,841,2301
380,63632,29,3805,824,2326
381,63789,24,3811,811,2352
382,63933,26,3817,804,2365
383,64076,24,3824,802,2379
384,64210,27,3827,791,2391
385,64352,24,3835,793,2392
386,64502,25,3833,779,2406
387,64629,25,3831,778,2404
388,64876,23,3853,766,2448
389,65017,26,3858,756,2460
390,65148,23,3856,754,2464
391,65289,24,3868,767,2456
392,65421,25,3892,788,2453
393,65562,24,3890,791,2448
394,65716,24,3892,794,2444
395,65859,26,3894,795,2442
396,66007,25,3898,804,2430
397,66140,27,3913,825,2423
398,66285,25,3924,839,2416
399,66421,24,3925,845,2410
400,66559,24,3939,852,2408
401,66706,24,3939,853,2407
402,66850,27,3949,856,2417
403,67006,25,3953,842,2432
404,67278,24,3961,803,2485
405,67412,24,3982,821,2483
406,67535,26,4004,837,2489
407,67665,27,4011,840,2495
408,67790,25,4016,843,2489
409,67933,25,4018,829,2506
410,68087,24,4021,818,2521
411,68222,24,4036,821,2539
412,68366,27,4052,834,2549
413,68526,26,4054,825,2559
414,68693,26,4054,818,2575
415,68824,25,4057,813,2590
416,68958,26,4072,819,2595
417,69335,249,4074,819,2601
418,69458,25,4072,813,2612
419,69593,26,4070,815,2607
420,69743,25,4069,810,2619
421,69912,26,4072,810,2618
422,70029,28,4082,819,2616
423,70159,29,4082,800,2647
424,70294,29,4091,801,2663
425,70443,27,4098,795,2677
426,70602,29,4101,794,2676
427,70740,26,4106,796,2678
428,70893,26,4110,801,2671
429,71019,29,4122,811,2671
430,71159,27,4126,790,2705
431,71480,28,4130,781,2728
432,71620,25,4135,780,2736
433,71775,27,4144,791,2731
434,71918,25,4150,797,2728
435,72063,26,4158,800,2729
436,72223,28,4168,808,2726
437,72362,28,4168,813,2717
438,72490,27,4169,807,2728
439,72638,26,4189,813,2727
440,72797,27,4199,817,2731
441,72950,29,4203,822,2726
442,73083,27,4202,821,2725
443,73214,25,4209,827,2721
444,73528,179,4211,801,2758
445,73663,28,4222,801,2764
446,73782,27,4222,797,2764
447,73930,28,4218,785,2781
448,74070,30,4222,779,2790
449,74216,26,4225,772,2803
450,74339,26,4235,769,2822
451,74479,28,4249,779,2826
452,74652,25,4250,761,2856
453,74801,27,4250,752,2861
454,74933,26,4261,753,2864
455,75072,27,4271,761,2864
456,75216,27,4294,777,2869
457,76897,1563,4304,767,2887
458,77049,28,4320,746,2923
459,77180,26,4324,751,2918
460,77326,31,4329,747,2931
461,77477,31,4333,750,2930
462,77627,26,4339,749,2931
463,77754,26,4360,757,2942
464,77880,27,4374,765,2946
465,78013,29,4379,770,2941
466,78177,35,4385,774,2942
467,78305,27,4393,781,2942
468,78432,27,4401,786,2948
469,78571,27,4404,785,2957
470,78708,27,4414,795,2954
471,78892,27,4425,799,2964
472,79027,29,4463,836,2961
473,79165,28,4471,841,2960
474,79293,28,4486,846,2968
475,79435,28,4493,847,2970
476,79575,28,4505,857,2966
477,79703,29,4503,859,2959
478,79836,32,4506,854,2962
479,79980,27,4509,849,2965
480,80129,27,4515,850,2963
481,80268,29,4517,855,2958
482,80416,28,4527,871,2949
483,80577,29,4537,878,2950
484,80781,28,4551,885,2956
485,80918,28,4559,894,2949
486,81036,27,4569,902,2955
487,81188,27,4579,914,2955
488,81317,29,4589,927,2950
489,81450,29,4586,929,2942
490,81570,28,4586,931,2937
491,81715,28,4587,934,2934
492,81872,28,4596,943,2930
493,82019,30,4602,949,2929
494,82147,28,4617,966,2923
495,82289,29,4618,968,2922
496,82424,28,4621,973,2916
497,82629,29,4621,973,2915
498,82769,27,4635,985,2917
499,82919,28,4642,990,2905
500,83058,28,4649,990,2921
501,83203,30,4653,986,2922
502,83322,28,4654,984,2925
503,83448,29,4664,990,2927
504,83579,29,4660,985,2931
505,83702,29,4657,984,2930
506,83825,28,4660,985,2931
507,83968,28,4676,996,2938
508,84104,29,4693,1004,2949
509,84261,29,4689,1000,2952
510,84489,35,4700,1006,2954
511,84637,30,4712,1018,2948
512,84807,28,4710,1020,2942
513,84933,28,4715,1018,2952
514,85074,28,4723,1027,2949
515,85208,28,4735,1038,2951
516,85331,29,4742,1044,2944
517,85457,29,4745,1043,2951
518,85601,29,4752,1047,2956
519,85739,30,4758,1051,2963
520,85868,30,4757,1050,2963
521,86000,29,4768,1059,2951
522,86144,29,4775,1055,2956
523,86360,123,4780,1042,2965
524,86494,30,4791,1052,2965
525,86642,30,4799,1056,2970
526,86799,29,4807,1060,2968
527,86945,30,4816,1071,2961
528,87080,32,4834,1087,2958
529,87213,31,4843,1092,2957
530,87340,31,4846,1093,2960
531,87477,31,4857,1107,2957
532,87602,29,4861,1111,2956
533,87737,31,4872,1117,2961
534,87869,33,4877,1119,2960
535,88025,51,4890,1124,2969
536,88285,35,4904,1130,2970
537,88433,31,4905,1131,2974
538,88549,29,4920,1141,2979
539,88696,30,4927,1147,2980
540,88833,31,4931,1145,2978
541,88969,35,4929,1150,2964
542,89105,30,4924,1142,2971
543,89238,30,4921,1141,2970
544,89376,28,4928,1148,2967
545,89535,31,4940,1153,2971
546,89677,30,4940,1152,2969
547,89818,30,4943,1159,2960
548,89967,32,4946,1160,2960
549,90236,29,4952,1126,3003
550,90399,29,4959,1088,3059
551,90550,29,4974,1062,3119
552,90710,29,4978,1007,3181
553,90869,29,4972,985,3212
554,91033,34,4976,953,3262
555,91190,30,4983,958,3264
556,91329,29,4996,944,3308
557,91488,28,4996,926,3329
558,91645,30,5000,910,3358
559,91804,30,5004,894,3378
560,91967,29,5006,862,3428
561,92248,157,5006,835,3470
562,92415,29,5010,837,3457
563,92554,30,5020,834,3470
564,92699,35,5019,819,3490
565,92825,30,5029,796,3526
566,92983,39,5031,789,3535
567,93147,29,5046,768,3584
568,93296,31,5054,767,3589
569,93456,31,5053,758,3603
570,93601,32,5067,756,3619
571,93764,33,5072,749,3637
572,93915,31,5085,724,3685
573,94207,31,5090,710,3712
574,94352,32,5095,709,3723
575,94486,30,5097,696,3741
576,94643,31,5100,686,3750
577,94778,30,5112,695,3748
578,94900,30,5118,701,3741
579,95042,35,5128,664,3799
580,95181,29,5120,650,3825
581,95321,32,5134,644,3857
582,95498,35,5141,653,3852
583,95643,31,5140,647,3857
584,95918,32,5142,624,3891
585,96061,31,5169,619,3916
586,96208,31,5172,618,3923
587,96369,29,5178,609,3929
588,96504,37,5183,595,3950
589,96681,32,5188,599,3952
590,96838,34,5185,579,3984
591,96978,31,5184,572,3986
592,97122,35,5193,579,3981
593,97392,161,5192,573,3991
594,97515,30,5206,580,3990
595,97670,32,5212,583,3985
596,97837,31,5216,569,4008
597,97981,32,5215,570,4007
598,98140,33,5213,561,4022
599,98268,33,5227,572,4016
600,98404,33,5235,583,4012
601,98560,37,5239,579,4023
602,98698,33,5250,588,4009
603,98997,32,5249,587,4004
604,99162,32,5259,586,4008
605,99281,32,5278,605,4004
606,99428,31,5272,602,4001
607,99565,32,5290,618,4000
608,99715,34,5302,622,4010
609,99853,33,5304,618,4016
610,99984,32,5308,617,4017
611,100141,33,5315,623,4014
612,100398,34,5321,624,4023
613,100522,33,5330,634,4026
614,100664,35,5330,634,4030
615,100803,35,5340,646,4020
616,100945,34,5359,667,4017
617,101069,32,5364,662,4021
618,101217,34,5369,665,4019
619,101364,32,5369,663,4026
620,101542,39,5385,676,4022
621,103019,1355,5387,658,4056
622,103181,32,5385,615,4124
623,103314,32,5401,621,4122
624,103448,34,5412,620,4131
625,103610,34,5413,625,4120
626,103764,38,5409,612,4143
627,103882,34,5419,607,4163
628,104037,34,5426,613,4159
629,104181,33,5457,638,4143
630,104332,32,5463,640,4151
631,104502,32,5461,635,4146
632,104635,34,5460,633,4155
633,104770,32,5463,629,4164
634,104934,34,5471,637,4155
635,105069,33,5472,632,4178
636,105220,34,5487,640,4188
637,105374,32,5490,639,4193
638,105535,36,5496,645,4189
639,105685,33,5495,648,4182
640,105883,87,5509,662,4175
641,106029,34,5517,670,4171
642,106168,39,5523,677,4164
643,106325,37,5544,697,4158
644,106463,32,5546,698,4156
645,106636,35,5546,702,4145
646,106778,32,5551,708,4137
647,106916,34,5572,727,4136
648,107063,34,5577,734,4130
649,107226,33,5574,732,4128
650,107419,93,5577,726,4139
651,107552,34,5586,732,4140
652,107702,33,5610,750,4148
653,107858,35,5614,745,4156
654,107998,35,5613,742,4152
655,108142,36,5622,741,4165
656,108269,35,5619,741,4163
657,108409,34,5618,738,4166
658,108538,33,5617,738,4166
659,108668,34,5628,748,4170
660,108903,32,5633,748,4170
661,109042,36,5656,762,4166
662,109186,37,5668,774,4166
663,109337,36,5670,777,4164
664,109482,35,5679,787,4158
665,109631,39,5686,782,4162
666,109774,36,5693,786,4165
667,109914,35,5706,799,4160
668,110063,35,5709,801,4157
669,110291,104,5721,811,4157
670,110427,34,5728,820,4154
671,110567,35,5742,830,4155
672,110719,36,5742,832,4152
673,110850,34,5747,823,4170
674,110981,36,5753,831,4164
675,111118,35,5760,828,4173
676,111256,35,5774,839,4183
677,111414,47,5778,839,4187
678,111577,36,5788,849,4181
679,111815,124,5794,851,4184
680,111953,36,5793,851,4183
681,112096,35,5794,855,4181
682,112233,35,5791,854,4183
683,112382,34,5794,860,4172
684,112506,37,5794,851,4178
685,112646,34,5795,849,4186
686,112801,35,5792,840,4201
687,112937,35,5790,837,4201
688,113062,36,5791,835,4207
689,113301,114,5802,844,4208
690,113426,35,5808,844,4225
691,113564,34,5810,845,4219
692,113713,35,5812,847,4213
693,113876,36,5826,862,4212
694,114022,37,5823,858,4213
695,114164,36,5826,857,4218
696,114320,37,5829,856,4214
697,114448,37,5829,861,4209
698,114596,34,5833,865,4204
699,114744,39,5832,852,4222
700,115011,37,5834,850,4218
701,115180,37,5850,859,4224
702,115326,38,5866,875,4226
703,115482,36,5866,879,4218
704,115600,38,5871,886,4217
705,115725,37,5899,917,4209
706,115866,37,5900,915,4208
707,116013,36,5905,923,4203
708,116175,35,5909,928,4202
709,116326,37,5918,935,4210
710,116521,100,5915,933,4209
711,116661,37,5915,927,4226
712,116791,36,5927,936,4227
713,116937,37,5929,938,4224
714,117073,37,5939,944,4221
715,117214,37,5940,942,4225
716,117362,39,5941,944,4224
717,117532,45,5939,941,4228
718,117685,36,5936,942,4221
719,117833,36,5940,948,4216
720,117943,39,5940,948,4210
721,118199,39,5938,952,4194
722,118357,36,5940,952,4190
723,118497,39,5957,968,4185
724,118668,38,5965,975,4182
725,118841,36,5991,997,4173
726,118981,39,5992,995,4176
727,119112,37,5997,996,4180
728,119240,36,6015,1008,4188
729,119393,42,6028,1019,4179
730,119539,38,6037,1024,4192
731,119672,39,6045,1030,4192
732,119901,111,6057,1038,4189
733,120070,39,6057,1027,4204
734,120250,36,6059,1016,4219
735,120399,36,6077,985,4288
736,120562,36,6071,955,4315
737,120723,35,6072,945,4325
738,120886,37,6073,935,4345
739,121050,38,6080,899,4398
740,121222,38,6085,876,4435
741,121369,39,6092,841,4497
742,121536,41,6099,815,4549
743,121782,36,6113,800,4585
744,121911,35,6124,794,4606
745,122074,37,6134,782,4630
746,122229,39,6132,774,4634
747,122393,37,6140,756,4671
748,122558,42,6149,741,4711
749,122708,38,6153,737,4720
750,122885,36,6159,732,4735
751,123031,38,6166,702,4783
752,123200,38,6174,691,4811
753,123373,37,6181,683,4842
754,123629,136,6186,693,4838
755,123790,40,6183,650,4896
756,123938,37,6186,636,4919
757,124097,40,6187,637,4917
758,124263,41,6206,633,4965
759,124418,38,6215,626,4982
760,124580,37,6219,621,4989
761,124743,38,6238,627,5001
762,124906,38,6244,627,5010
763,125065,39,6249,631,5010
764,125223,40,6250,623,5032
765,125361,38,6253,617,5041
766,125610,38,6253,588,5077
767,125763,38,6260,592,5084
768,125930,41,6282,619,5073
769,126100,37,6293,611,5094
770,126250,38,6304,614,5095
771,126414,40,6305,608,5107
772,126568,39,6300,598,5115
773,126719,38,6311,601,5127
774,126875,39,6309,592,5146
775,127030,40,6313,568,5185
776,127183,40,6328,569,5191
777,127349,42,6334,575,5185
778,127583,39,6334,575,5187
779,127738,42,6340,565,5199
780,127887,40,6341,561,5209
781,128042,41,6351,569,5212
782,128199,39,6361,579,5204
783,128376,42,6373,591,5201
784,128510,39,6369,587,5200
785,128656,40,6386,602,5187
786,128800,42,6389,611,5183
787,128933,41,6400,623,5182
788,129080,40,6400,621,5180
789,129237,39,6405,629,5170
790,129499,39,6409,629,5169
791,129662,41,6427,642,5169
792,129816,39,6427,638,5178
793,129954,38,6448,642,5194
794,130111,46,6445,648,5172
795,130267,41,6447,649,5175
796,130401,43,6444,650,5170
797,130561,39,6453,659,5165
798,130737,40,6455,660,5171
799,130904,47,6452,658,5170
800,131053,41,6467,670,5169
801,131210,48,6476,659,5196
802,131465,40,6488,670,5196
803,131619,49,6501,678,5201
804,131781,43,6512,690,5192
805,131949,43,6515,693,5189
806,132105,44,6515,693,5189
807,132264,40,6515,695,5187
808,132432,44,6516,696,5184
809,132587,39,6526,706,5184
810,132747,41,6530,710,5181
811,132898,40,6534,714,5179
812,133055,44,6541,722,5176
813,133232,43,6546,697,5210
814,133490,41,6551,701,5213
815,133644,43,6561,695,5238
816,133778,42,6575,702,5243
817,133913,42,6584,710,5238
818,134081,47,6587,701,5255
819,134213,42,6595,702,5260
820,134380,40,6615,706,5287
821,134565,46,6623,715,5285
822,134713,41,6630,711,5289
823,134862,41,6629,700,5309
824,135018,41,6627,696,5312
825,135188,41,6631,683,5341
826,135461,39,6629,685,5330
827,135621,42,6632,682,5342
828,135761,43,6636,680,5353
829,135889,41,6641,683,5345
830,136020,39,6647,688,5341
831,136196,41,6669,707,5339
832,136356,40,6664,702,5344
833,136507,42,6671,709,5342
834,136661,41,6672,708,5346
835,136859,62,6669,702,5345
836,137024,46,6690,717,5338
837,137277,159,6697,703,5368
838,137440,43,6698,704,5368
839,137600,43,6697,704,5359
840,137765,46,6707,714,5351
841,137922,40,6705,715,5345
842,138085,43,6716,717,5362
843,138243,44,6714,719,5362
844,138392,42,6732,725,5371
845,138548,42,6737,722,5378
846,138708,44,6743,727,5378
847,138864,44,6745,724,5387
848,140486,1489,6748,716,5411
849,140642,41,6743,700,5436
850,140792,45,6744,707,5424
851,140942,43,6745,706,5428
852,141099,40,6755,720,5423
853,141272,42,6754,720,5421
854,141431,40,6760,724,5418
855,141580,40,6767,726,5413
856,141745,42,6766,723,5416
857,141912,44,6767,724,5416
858,142055,41,6767,722,5417
859,142271,88,6766,723,5420
860,142411,40,6773,730,5419
861,142550,40,6775,728,5424
862,142683,40,6788,740,5410
863,142885,41,6796,745,5408
864,143073,42,6800,749,5405
865,143203,41,6817,761,5413
866,143354,42,6816,766,5402
867,143519,42,6818,765,5401
868,143656,44,6834,779,5393
869,143792,39,6842,787,5382
870,144006,103,6840,783,5386
871,144167,49,6844,784,5387
872,144333,48,6852,787,5387
873,144470,41,6868,797,5392
874,144630,41,6872,798,5393
875,144813,40,6874,798,5391
876,144951,42,6881,807,5390
877,145119,41,6886,817,5384
878,145272,44,6893,820,5386
879,145434,41,6890,817,5387
880,145607,40,6882,818,5375
881,145852,128,6887,822,5377
882,145997,40,6885,822,5373
883,146151,43,6891,831,5366
884,146310,43,6905,848,5356
885,146481,44,6909,851,5348
886,146624,44,6909,849,5349
887,146791,41,6910,862,5335
888,146959,41,6913,865,5331
889,147108,41,6921,872,5324
890,147275,45,6916,871,5321
891,147421,40,6912,870,5323
892,147625,113,6919,877,5326
893,147808,60,6921,878,5328
894,147946,42,6927,881,5329
895,148095,43,6937,893,5320
896,148259,45,6947,902,5324
897,148404,42,6953,906,5324
898,148568,44,6959,915,5321
899,148753,44,6974,930,5313
900,148907,44,6988,940,5308
901,149076,48,6993,949,5306
902,149211,42,7002,955,5304
903,149447,44,7005,958,5300
904,149591,41,7028,981,5286
905,149752,44,7034,986,5281
906,149904,44,7043,995,5279
907,150070,41,7048,972,5313
908,150267,41,7049,921,5380
909,150435,44,7053,912,5393
910,150610,42,7071,870,5473
911,150783,40,7075,829,5526
912,150956,42,7074,806,5560
913,151101,40,7094,796,5604
914,151356,43,7095,749,5678
915,151519,45,7097,723,5715
916,151676,42,7107,730,5725
917,151849,41,7106,725,5736
918,152007,44,7110,711,5769
919,152161,43,7115,689,5792
920,152340,43,7115,664,5836
921,152505,44,7116,628,5887
922,152678,42,7120,612,5905
923,152837,42,7142,616,5928
924,153092,43,7144,606,5950
925,153247,40,7152,579,6003
926,153403,42,7163,580,6003
927,153559,43,7164,572,6011
928,153703,44,7168,570,6016
929,153869,45,7178,553,6050
930,154050,43,7179,529,6089
931,154215,44,7184,530,6095
932,154357,44,7192,525,6104
933,154526,44,7198,523,6118
934,154689,45,7200,521,6119
935,154949,44,7216,521,6130
936,155107,45,7228,526,6139
937,155263,43,7232,534,6135
938,155427,44,7227,532,6133
939,155580,44,7226,533,6129
940,155752,46,7244,530,6136
941,155911,43,7243,507,6161
942,156075,44,7246,510,6155
943,156236,44,7247,511,6151
944,156400,43,7247,498,6168
945,156655,141,7253,495,6165
946,156823,43,7255,493,6173
947,156981,44,7250,484,6170
948,157144,43,7261,473,6208
949,157307,44,7259,475,6210
950,157461,45,7269,485,6209
951,157619,44,7289,497,6208
952,157781,44,7289,497,6209
953,157935,43,7297,507,6200
954,158101,42,7314,516,6202
955,158257,43,7315,517,6202
956,158557,44,7315,517,6200
957,158713,46,7320,520,6201
958,158882,45,7320,522,6198
959,159049,45,7319,518,6204
960,159197,47,7341,536,6223
961,159363,44,7366,551,6221
962,159520,45,7366,553,6219
963,159705,45,7369,551,6218
964,159872,44,7379,561,6210
965,160173,163,7393,572,6213
966,160345,43,7399,546,6266
967,160498,47,7412,557,6258
968,160640,42,7411,547,6279
969,160798,45,7412,549,6275
970,160985,45,7421,534,6301
971,161163,47,7421,532,6305
972,161321,48,7422,533,6302
973,161471,49,7435,544,6298
974,161625,45,7445,550,6310
975,161796,47,7443,551,6305
976,162064,48,7444,546,6314
977,162211,46,7459,557,6314
978,162360,43,7455,544,6328
979,162520,47,7462,548,6324
980,162684,47,7454,542,6323
981,162844,47,7479,557,6322
982,163000,45,7489,555,6338
983,163156,44,7489,545,6352
984,163349,50,7499,554,6350
985,163592,139,7511,566,6343
986,163740,45,7512,572,6330
987,163899,43,7517,575,6337
988,164053,50,7530,591,6329
989,164209,47,7540,601,6325
990,164368,48,7539,602,6328
991,164527,47,7537,602,6328
992,164698,50,7539,602,6333
993,164860,45,7547,610,6332
994,165015,48,7548,605,6343
995,165171,45,7557,602,6352
996,165420,48,7566,612,6345
997,165567,45,7567,611,6355
998,165731,48,7574,611,6357
999,165876,43,7568,612,6347
1000,166026,47,7579,622,6337
1001,166178,45,7579,618,6338
1002,166348,47,7589,623,6343
1003,166506,49,7606,632,6342
1004,166666,49,7605,629,6347
1005,166921,127,7624,642,6348
1006,167068,45,7634,650,6351
1007,167222,47,7648,659,6343
1008,167382,53,7650,659,6346
1009,167533,49,7655,661,6350
1010,167709,52,7667,667,6352
1011,167856,47,7665,666,6352
1012,168031,52,7667,663,6361
1013,168176,47,7692,686,6353
1014,168335,48,7707,696,6359
1015,168495,47,7709,701,6350
1016,168711,46,7719,708,6358
1017,168874,46,7720,711,6352
1018,169053,46,7732,718,6351
1019,169212,53,7731,719,6349
1020,169365,49,7739,728,6339
1021,169515,50,7740,729,6339
1022,169671,48,7748,740,6333
1023,169815,48,7748,742,6331
1024,169977,50,7744,742,6327
1025,170141,51,7753,752,6326
1026,171771,47,7760,731,6369
1027,171946,50,7776,745,6368
1028,172095,44,7786,749,6378
1029,172257,48,7773,749,6369
1030,172407,47,7767,746,6369
1031,172565,48,7768,749,6375
1032,172718,48,7774,754,6361
1033,172885,52,7784,766,6358
1034,173063,48,7789,767,6360
1035,173218,49,7801,778,6356
1036,173405,53,7809,789,6343
1037,173544,48,7825,801,6351
1038,173716,50,7827,800,6349
1039,173896,49,7831,806,6338
1040,174044,48,7838,815,6328
1041,174212,50,7840,817,6326
1042,174379,53,7849,823,6326
1043,174531,49,7849,822,6332
1044,174687,49,7852,827,6328
1045,174838,47,7862,835,6327
1046,175034,88,7871,836,6331
1047,175188,49,7885,849,6329
1048,175353,47,7893,857,6324
1049,175507,52,7902,866,6323
1050,175663,47,7907,871,6319
1051,175813,50,7923,887,6311
1052,175964,50,7923,885,6318
1053,176135,52,7922,883,6321
1054,176277,49,7930,889,6309
1055,176443,46,7932,889,6311
1056,176672,107,7940,895,6307
1057,176852,48,7943,896,6310
1058,177002,52,7944,897,6308
1059,177163,48,7950,905,6302
1060,177317,50,7951,908,6300
1061,177458,48,7953,910,6296
1062,177622,49,7957,913,6296
1063,177773,49,7963,922,6293
1064,177917,49,7973,932,6288
1065,178068,50,7987,941,6291
1066,178317,135,7988,944,6281
1067,178469,44,7990,944,6281
1068,178636,48,7987,942,6275
1069,178805,48,7979,940,6272
1070,178970,50,7978,939,6274
1071,179136,49,7981,947,6265
1072,179306,51,7980,946,6271
1073,179460,47,7980,944,6276
1074,179610,49,7985,947,6275
1075,179788,57,7986,943,6277
1076,180016,135,7987,941,6285
1077,180186,44,7992,897,6344
1078,180390,48,7992,857,6413
1079,180554,48,8004,846,6445
1080,180736,49,8002,796,6514
1081,180918,50,8002,775,6555
1082,181081,45,8016,752,6611
1083,181258,49,8006,745,6611
1084,181440,51,8002,721,6645
1085,181604,47,8026,739,6633
1086,181838,121,8036,731,6650
1087,182017,48,8032,680,6710
1088,182200,47,8039,657,6734
1089,182372,48,8040,618,6785
1090,182534,48,8050,612,6804
1091,182723,47,8049,588,6847
1092,182890,47,8053,586,6862
1093,183057,48,8051,562,6903
1094,183231,47,8056,568,6898
1095,183396,46,8055,560,6919
1096,183572,50,8054,543,6933
1097,183853,50,8063,528,6976
1098,184017,49,8069,518,6997
1099,184179,49,8071,517,7003
1100,184339,49,8072,504,7018
1101,184495,49,8073,504,7019
1102,184658,53,8096,497,7050
1103,184825,48,8104,509,7035
1104,184986,47,8107,505,7050
1105,185163,48,8112,510,7037
1106,185343,47,8116,509,7042
1107,185602,47,8117,496,7067
1108,185764,51,8130,512,7059
1109,185909,49,8134,512,7066
1110,186077,47,8136,507,7079
1111,186269,50,8136,498,7094
1112,186437,50,8150,502,7107
1113,186584,47,8159,509,7108
1114,186735,49,8164,513,7110
1115,186926,47,8162,496,7139
1116,187222,169,8152,495,7125
1117,187383,52,8152,491,7121
1118,187535,47,8166,493,7129
1119,187670,48,8178,504,7119
1120,187839,50,8183,502,7124
1121,187983,50,8203,524,7116
1122,188136,49,8216,523,7123
1123,188305,49,8221,520,7132
1124,188461,49,8223,520,7132
1125,188621,48,8232,528,7133
1126,188910,187,8251,546,7121
1127,189082,48,8243,524,7147
1128,189240,45,8245,508,7166
1129,189400,51,8255,515,7167
1130,189574,48,8262,525,7161
1131,189772,52,8268,525,7159
1132,189934,49,8281,539,7160
1133,190105,53,8288,547,7146
1134,190253,49,8302,554,7153
1135,190528,168,8307,552,7156
1136,190695,50,8317,524,7197
1137,190886,52,8312,521,7197
1138,191048,54,8323,509,7223
1139,191216,54,8322,502,7232
1140,191362,50,8321,500,7231
1141,191533,57,8333,510,7228
1142,191723,55,8330,508,7225
1143,191884,53,8343,523,7214
1144,192205,56,8345,519,7222
1145,192371,50,8346,520,7219
1146,192538,61,8358,532,7210
1147,192703,55,8360,524,7223
1148,192845,51,8365,519,7239
1149,193023,51,8362,511,7247
1150,193207,61,8356,510,7243
1151,193373,51,8377,529,7244
1152,193542,54,8386,535,7240
1153,193796,54,8385,533,7241
1154,193951,52,8381,532,7244
1155,194113,53,8381,523,7267
1156,194287,50,8388,523,7274
1157,194453,52,8390,523,7274
1158,194605,50,8385,514,7280
1159,194787,50,8386,513,7275
1160,194964,55,8409,538,7260
1161,195122,52,8410,532,7264
1162,195359,53,8411,533,7264
1163,195524,53,8418,538,7260
1164,195693,53,8429,542,7265
1165,195862,52,8426,542,7262
1166,196021,55,8431,542,7265
1167,196187,54,8441,554,7253
1168,196359,50,8443,554,7253
1169,196539,51,8449,560,7250
1170,196713,50,8449,559,7251
1171,196957,54,8453,563,7244
1172,197121,55,8451,556,7266
1173,197259,51,8453,559,7265
1174,197409,50,8467,571,7270
1175,197583,51,8468,569,7271
1176,197746,51,8467,566,7276
1177,197914,57,8482,579,7279
1178,198073,54,8482,577,7278
1179,198267,56,8480,576,7276
1180,198501,141,8505,599,7274
1181,198676,57,8503,597,7281
1182,198831,55,8503,589,7294
1183,198984,53,8509,594,7289
1184,199155,55,8507,594,7290
1185,199355,66,8526,616,7279
1186,199534,53,8520,617,7267
1187,199688,54,8520,617,7267
1188,199849,58,8520,618,7262
1189,200110,153,8532,628,7260
1190,200271,53,8547,638,7265
1191,200424,54,8545,639,7260
1192,200613,53,8546,640,7256
1193,200767,54,8548,643,7247
1194,200932,54,8557,658,7230
1195,201112,55,8556,661,7223
1196,201272,51,8555,661,7222
1197,201443,54,8554,662,7219
1198,201608,53,8553,664,7216
1199,203149,53,8553,639,7264
1200,203311,53,8569,650,7270
1201,203463,49,8574,659,7259
1202,203644,54,8588,668,7259
1203,203814,62,8582,667,7253
1204,203965,52,8582,667,7246
1205,204130,51,8587,673,7236
1206,204291,55,8589,676,7232
1207,204465,56,8597,682,7239
1208,204662,79,8601,681,7255
1209,204815,59,8605,682,7252
1210,204992,53,8615,697,7237
1211,205156,53,8613,697,7235
1212,205311,53,8638,720,7226
1213,205466,51,8638,719,7231
1214,205633,53,8640,719,7228
1215,205780,53,8647,727,7221
1216,205940,55,8643,725,7217
1217,206149,98,8640,724,7217
1218,206315,56,8640,722,7219
1219,206482,56,8640,717,7226
1220,206638,51,8659,735,7227
1221,206806,51,8673,750,7211
1222,206971,52,8671,750,7205
1223,207130,56,8668,752,7192
1224,207306,52,8676,761,7179
1225,207454,51,8678,766,7175
1226,207609,51,8673,767,7167
1227,207815,53,8679,771,7162
1228,208010,66,8692,788,7149
1229,208167,53,8697,794,7145
1230,208319,55,8698,797,7140
1231,208481,52,8696,796,7140
1232,208635,53,8691,787,7148
1233,208773,53,8710,807,7137
1234,208904,52,8717,817,7126
1235,209073,61,8726,824,7127
1236,209353,54,8723,824,7124
1237,209511,54,8725,823,7128
1238,209670,51,8728,824,7130
1239,209848,56,8727,824,7129
1240,210005,56,8726,824,7127
1241,210200,51,8723,753,7231
1242,210387,53,8730,727,7274
1243,210595,54,8735,678,7353
1244,210768,51,8732,653,7394
1245,211049,53,8729,617,7458
1246,211224,54,8728,617,7457
1247,211399,53,8723,591,7490
1248,211574,55,8728,592,7500
1249,211745,54,8741,597,7512
1250,211917,53,8747,606,7505
1251,212092,49,8745,572,7545
1252,212273,54,8745,556,7573
1253,212449,53,8745,557,7573
1254,212687,127,8763,551,7609
1255,212883,54,8776,551,7620
1256,213070,56,8779,550,7624
1257,213238,54,8787,540,7649
1258,213421,50,8794,536,7662
1259,213592,50,8802,530,7673
1260,213763,52,8803,530,7677
1261,213941,57,8797,524,7681
1262,214124,52,8806,520,7696
1263,214323,53,8808,512,7715
1264,214580,51,8809,504,7724
1265,214754,51,8808,507,7711
1266,214931,50,8817,499,7737
1267,215091,52,8829,495,7761
1268,215255,52,8842,489,7789
1269,215431,54,8853,480,7817
1270,215601,51,8849,470,7822
1271,215764,51,8857,475,7825
1272,215936,54,8871,488,7817
1273,216201,137,8868,486,7815
1274,216377,67,8867,483,7834
1275,216541,53,8880,497,7839
1276,216710,55,8878,482,7867
1277,216877,51,8881,473,7874
1278,217062,54,8881,451,7909
1279,217224,54,8883,453,7905
1280,217386,53,8902,462,7938
1281,217579,51,8913,459,7948
1282,217744,54,8925,465,7960
1283,217994,55,8929,469,7959
1284,218166,53,8932,464,7973
1285,218324,52,8942,472,7972
1286,218494,54,8949,478,7972
1287,218686,54,8949,472,7997
1288,218855,54,8956,483,7984
1289,219019,62,8955,485,7980
1290,219201,54,8963,476,7988
1291,219372,55,8966,468,7995
1292,219629,155,8972,468,8001
1293,219788,54,8979,458,8029
1294,219959,56,8984,456,8046
1295,220111,56,8994,465,8042
1296,220283,57,8996,464,8042
1297,220449,54,9003,472,8035
1298,220611,53,9009,480,8033
1299,220766,56,9009,471,8052
1300,220934,56,9010,468,8058
1301,221126,55,9015,474,8056
1302,221369,54,9031,484,8063
1303,221525,55,9028,486,8053
1304,221677,53,9030,486,8055
1305,221860,55,9031,479,8055
1306,222041,59,9048,497,8045
1307,222235,52,9062,501,8057
1308,222421,57,9066,504,8054
1309,222605,66,9064,502,8059
1310,222754,52,9062,504,8051
1311,223004,139,9083,524,8034
1312,223181,58,9094,518,8039
1313,223353,53,9103,524,8036
1314,223524,55,9108,522,8025
1315,223699,54,9112,529,8022
1316,223882,57,9114,535,8015
1317,224046,58,9123,543,8016
1318,224226,54,9133,555,8003
1319,224370,55,9137,551,8015
1320,224543,54,9141,552,8016
1321,224804,55,9142,553,8013
1322,224942,56,9152,558,8022
1323,225104,56,9159,563,8018
1324,225268,56,9163,566,8015
1325,225425,56,9180,583,8014
1326,225588,59,9182,575,8025
1327,225753,55,9177,575,8020
1328,225878,52,9186,586,8015
1329,226058,57,9187,574,8033
1330,226337,141,9187,575,8029
1331,226508,54,9188,574,8034
1332,226683,57,9196,579,8038
1333,226840,54,9195,581,8033
1334,227002,56,9196,582,8033
1335,227187,56,9207,583,8034
1336,227341,59,9221,593,8038
1337,227518,57,9239,609,8035
1338,227702,56,9246,618,8029
1339,227867,58,9250,610,8044
1340,228141,160,9258,615,8051
1341,228318,61,9266,626,8048
1342,228484,55,9272,631,8039
1343,228659,58,9272,633,8030
1344,228817,58,9277,637,8028
1345,228985,58,9283,640,8039
1346,229151,59,9301,655,8032
1347,229345,58,9306,660,8036
1348,229515,57,9313,665,8029
1349,229771,136,9323,669,8022
1350,229929,58,9334,675,8025
1351,230106,57,9335,676,8021
1352,230262,58,9337,676,8025
1353,230426,54,9351,694,8008
1354,230599,56,9355,695,8000
1355,230787,60,9359,697,8000
1356,230941,58,9363,701,7997
1357,231118,54,9364,697,8007
1358,231276,58,9370,702,8009
1359,231561,165,9367,694,8019
1360,231727,55,9364,690,8015
1361,231887,59,9362,690,8013
1362,232043,56,9357,691,8005
1363,232224,58,9359,697,7993
1364,232401,60,9366,705,7981
1365,232589,57,9367,708,7973
1366,232760,58,9375,718,7971
1367,232941,58,9381,724,7963
1368,233108,61,9384,729,7959
1369,233351,145,9392,736,7960
1370,233514,61,9393,736,7958
1371,233673,61,9393,731,7969
1372,233838,60,9389,731,7965
1373,234026,61,9392,732,7968
1374,234212,56,9401,743,7964
1375,234386,60,9400,733,7975
1376,234553,59,9397,732,7976
1377,234720,58,9400,737,7973
1378,234877,56,9400,733,7974
1379,235103,128,9406,741,7965
1380,235267,56,9406,741,7965
1381,235434,61,9417,759,7949
1382,235605,59,9417,754,7959
1383,235784,61,9415,751,7967
1384,235944,56,9417,754,7959
1385,236120,57,9417,749,7964
1386,236280,61,9414,745,7965
1387,236450,61,9414,745,7965
1388,236636,60,9421,751,7967
1389,236881,140,9429,756,7970
1390,237060,61,9440,764,7971
1391,237206,61,9450,774,7967
1392,237369,62,9461,785,7964
1393,237537,55,9461,784,7966
1394,237747,75,9475,798,7969
1395,237917,60,9473,795,7974
1396,238098,58,9475,799,7967
1397,238273,60,9484,806,7971
1398,238438,62,9484,802,7975
1399,239950,1379,9482,794,8004
1400,240137,57,9487,747,8066
1401,240322,57,9490,728,8094
1402,240502,59,9497,708,8134
1403,240682,58,9502,697,8149
1404,240845,57,9502,683,8166
1405,241022,59,9504,677,8168
1406,241232,72,9497,665,8182
1407,241422,56,9499,661,8190
1408,241613,61,9505,645,8219
1409,241811,101,9513,643,8234
1410,241990,58,9513,618,8262
1411,242158,55,9533,635,8260
1412,242353,54,9536,623,8290
1413,242544,58,9543,623,8304
1414,242723,56,9547,622,8304
1415,242891,60,9551,611,8329
1416,243073,65,9562,599,8374
1417,243254,55,9570,595,8391
1418,243424,56,9574,595,8404
1419,243665,59,9581,578,8430
1420,243863,58,9593,567,8451
1421,244056,60,9596,545,8477
1422,244231,57,9601,536,8498
1423,244410,63,9615,538,8514
1424,244592,58,9625,548,8504
1425,244773,56,9627,541,8515
1426,244965,58,9631,545,8507
1427,245144,63,9642,533,8540
1428,245362,108,9642,524,8552
1429,245548,61,9649,532,8554
1430,245736,55,9657,525,8571
1431,245911,69,9673,540,8563
1432,246090,58,9671,531,8578
1433,246275,58,9672,532,8578
1434,246448,57,9678,528,8588
1435,246614,56,9686,533,8588
1436,246795,57,9691,533,8597
1437,246986,56,9693,521,8616
1438,247242,140,9698,522,8619
1439,247398,58,9707,511,8644
1440,247580,61,9721,527,8639
1441,247758,56,9727,508,8683
1442,247927,59,9743,524,8666
1443,248110,57,9742,507,8691
1444,248259,55,9760,523,8696
1445,248443,57,9764,516,8702
1446,248628,60,9779,531,8688
1447,248784,58,9798,549,8680
1448,249052,154,9797,541,8692
1449,249225,57,9800,535,8709
1450,249396,59,9795,534,8706
1451,249567,60,9791,533,8707
1452,249736,58,9789,526,8707
1453,249915,59,9790,515,8734
1454,250098,57,9795,520,8741
1455,250270,59,9810,533,8742
1456,250449,62,9810,525,8751
1457,250643,60,9819,528,8753
1458,250944,160,9824,522,8770
1459,251144,64,9834,529,8761
1460,251319,60,9837,532,8758
1461,251506,62,9837,523,8770
1462,251690,59,9844,518,8785
1463,251855,62,9842,507,8795
1464,252053,63,9843,492,8818
1465,252243,62,9841,494,8810
1466,252425,66,9840,495,8804
1467,252594,61,9839,484,8827
1468,252880,156,9840,489,8814
1469,253053,58,9840,489,8817
1470,253238,59,9834,493,8805
1471,253402,61,9834,485,8833
1472,253589,63,9832,480,8844
1473,253770,72,9840,487,8845
1474,253953,61,9840,489,8845
1475,254115,57,9845,496,8840
1476,254298,70,9861,509,8846
1477,254488,60,9866,511,8846
1478,254751,62,9877,521,8838
1479,254923,60,9877,523,8833
1480,255097,66,9881,517,8846
1481,255272,62,9880,517,8845
1482,255455,61,9880,515,8850
1483,255646,69,9879,509,8856
1484,255813,68,9882,512,8849
1485,255970,58,9878,503,8861
1486,256159,63,9892,517,8847
1487,256347,61,9891,521,8834
1488,256612,60,9894,500,8871
1489,256794,62,9901,501,8867
1490,256964,64,9905,503,8864
1491,257108,60,9922,519,8853
1492,257282,60,9928,524,8844
1493,257445,60,9955,550,8841
1494,257594,58,9963,557,8844
1495,257783,64,9959,558,8835
1496,257973,62,9963,563,8836
1497,258272,170,9973,574,8829
1498,258435,59,9974,571,8834
1499,258618,61,9974,573,8828
1500,258792,60,9983,580,8830
1501,258956,64,9983,579,8834
1502,259132,61,9990,587,8836
1503,259319,64,9990,587,8836
1504,259466,65,10002,592,8845
1505,259653,64,9999,591,8838
1506,259836,63,10000,594,8836
1507,260077,145,10000,591,8843
1508,260223,59,10013,603,8835
1509,260411,60,10007,600,8839
1510,260585,61,10006,600,8838
1511,260751,60,10023,613,8837
1512,260937,62,10022,609,8841
1513,261107,63,10022,606,8849
1514,261274,60,10039,622,8845
1515,261459,60,10044,625,8845
1516,261703,132,10051,632,8837
1517,261878,64,10050,629,8848
1518,262031,64,10050,630,8843
1519,262192,61,10050,629,8843
1520,262370,63,10055,636,8841
1521,262552,66,10058,637,8840
1522,262739,64,10068,646,8840
1523,262913,62,10071,638,8844
1524,263081,66,10076,648,8832
1525,263223,62,10074,647,8830
1526,263486,139,10085,658,8828
1527,263666,61,10086,658,8831
1528,263830,62,10099,661,8839
1529,264028,67,10105,663,8843
1530,264194,62,10107,662,8849
1531,264368,71,10108,664,8843
1532,264548,61,10101,665,8829
1533,264707,65,10121,681,8824
1534,264869,63,10121,679,8830
1535,265034,63,10125,680,8835
1536,265265,112,10123,680,8829
1537,265435,58,10130,688,8830
1538,265607,62,10130,692,8829
1539,265794,65,10135,696,8834
1540,265963,65,10137,699,8826
1541,266147,60,10150,707,8817
1542,266327,64,10157,712,8821
1543,266496,63,10166,718,8818
1544,266657,62,10167,711,8822
1545,266836,62,10172,713,8825
1546,267054,68,10176,713,8820
1547,267225,61,10178,717,8809
1548,267399,62,10192,731,8800
1549,267580,65,10188,730,8794
1550,267756,61,10188,730,8795
1551,267921,63,10197,737,8790
1552,268104,63,10214,754,8780
1553,268278,66,10228,768,8773
1554,268435,65,10235,772,8781
1555,268656,106,10243,779,8784
1556,268795,64,10243,779,8784
1557,268960,65,10255,791,8784
1558,269141,66,10261,799,8773
1559,269324,66,10267,809,8768
1560,269501,62,10264,811,8763
1561,269681,67,10267,814,8763
1562,269883,64,10271,821,8755
1563,270071,70,10275,802,8784
1564,270279,62,10277,747,8863
1565,270530,129,10284,710,8913
1566,270719,63,10296,697,8963
1567,270921,70,10295,673,8997
1568,271139,66,10293,646,9023
1569,271328,65,10303,653,9024
1570,271527,64,10304,635,9059
1571,271705,65,10306,622,9080
1572,271894,67,10312,611,9113
1573,272086,60,10304,579,9149
1574,272273,63,10306,561,9183
1575,272517,126,10306,545,9210
1576,272702,66,10307,549,9204
1577,272898,64,10311,553,9201
1578,273094,65,10317,544,9221
1579,273266,64,10330,549,9223
1580,273466,64,10326,534,9235
1581,273648,62,10328,518,9275
1582,273826,62,10344,524,9283
1583,274012,63,10334,511,9295
1584,274196,65,10338,517,9284
1585,274455,64,10350,522,9296
1586,274648,66,10373,542,9284
1587,274832,63,10377,546,9277
1588,275018,64,10386,536,9299
1589,275214,67,10403,532,9324
1590,275396,62,10405,536,9314
1591,275594,67,10407,527,9327
1592,275764,67,10415,516,9358
1593,275942,67,10421,520,9352
1594,276227,157,10421,516,9360
1595,276464,86,10426,501,9386
1596,276664,70,10434,501,9392
1597,276858,60,10444,504,9400
1598,277054,63,10444,500,9400
1599,277229,61,10447,505,9390
1600,277423,65,10447,487,9416
1601,277613,63,10447,468,9453
1602,277772,63,10448,466,9453
1603,277948,64,10444,463,9449
1604,278221,152,10440,463,9435
1605,278415,66,10446,466,9439
1606,278590,63,10448,461,9445
1607,278759,65,10450,460,9454
1608,278958,66,10444,460,9448
1609,279180,66,10446,459,9462
1610,279359,67,10446,455,9474
1611,279536,63,10447,448,9483
1612,279693,63,10451,449,9487
1613,279993,173,10448,446,9491
1614,280159,63,10453,441,9506
1615,280347,68,10462,438,9524
1616,280501,63,10467,445,9518
1617,280650,62,10492,457,9537
1618,280821,61,10492,455,9538
1619,280986,62,10507,470,9528
1620,281159,62,10514,473,9525
1621,281337,65,10524,482,9515
1622,281636,173,10528,478,9521
1623,281816,67,10529,477,9523
1624,281989,62,10522,469,9529
1625,282156,70,10526,468,9525
1626,282331,62,10536,470,9535
1627,282519,64,10542,471,9541
1628,282711,72,10544,475,9536
1629,282877,63,10548,478,9531
1630,283050,63,10550,466,9547
1631,283319,64,10554,455,9566
1632,283500,65,10557,454,9570
1633,283680,65,10568,462,9561
1634,283862,66,10574,464,9568
1635,284043,63,10587,476,9564
1636,284212,65,10587,475,9569
1637,284386,67,10586,475,9572
1638,284570,67,10597,469,9594
1639,284843,158,10594,469,9591
1640,285025,64,10594,451,9622
1641,285210,64,10597,455,9616
1642,285396,63,10595,448,9634
1643,285577,66,10597,450,9631
1644,285749,65,10609,462,9619
1645,285927,70,10616,465,9624
1646,286103,65,10616,466,9621
1647,286276,65,10613,464,9624
1648,287757,60,10612,443,9671
1649,287918,63,10614,439,9675
1650,288079,65,10612,439,9669
1651,288237,62,10622,450,9664
1652,288415,65,10628,449,9680
1653,288591,63,10632,452,9684
1654,288762,70,10642,461,9675
1655,288941,68,10637,461,9670
1656,289137,99,10653,463,9686
1657,289305,59,10649,455,9698
1658,289482,62,10651,457,9696
1659,289661,69,10661,465,9701
1660,289814,62,10669,465,9717
1661,289993,65,10660,467,9702
1662,290158,65,10670,478,9692
1663,290329,62,10671,480,9689
1664,290485,65,10674,483,9689
1665,290709,108,10677,490,9678
1666,290868,62,10677,493,9671
1667,291047,61,10679,497,9663
1668,291254,71,10680,497,9666
1669,291435,68,10679,499,9662
1670,291588,61,10686,505,9660
1671,291765,62,10695,513,9650
1672,291939,64,10696,506,9662
1673,292104,60,10700,510,9650
1674,292329,116,10712,518,9649
1675,292512,68,10728,536,9641
1676,292689,68,10732,545,9635
1677,292867,64,10742,555,9637
1678,293032,66,10744,561,9618
1679,293207,62,10757,574,9604
1680,293385,63,10756,571,9613
1681,293571,66,10755,569,9614
1682,293780,120,10759,572,9615
1683,293944,63,10762,575,9607
1684,294117,67,10775,586,9590
1685,294327,75,10783,583,9606
1686,294501,63,10795,590,9609
1687,294685,65,10791,586,9615
1688,294865,67,10801,599,9599
1689,295048,64,10801,598,9599
1690,295228,68,10798,597,9595
1691,295438,111,10800,598,9592
1692,295601,67,10817,615,9581
1693,295761,62,10835,633,9577
1694,295941,66,10847,641,9574
1695,296108,66,10855,649,9568
1696,296262,64,10864,659,9556
1697,296427,67,10865,655,9569
1698,296612,62,10876,660,9571
1699,296778,64,10882,664,9580
1700,297007,134,10893,671,9582
1701,297196,64,10893,670,9584
1702,297375,65,10902,678,9587
1703,297557,65,10902,678,9587
1704,297720,63,10919,697,9581
1705,297889,64,10940,719,9574
1706,298047,67,10945,723,9568
1707,298242,67,10946,723,9565
1708,298433,64,10954,730,9568
1709,298661,134,10969,744,9552
1710,298839,64,10969,746,9542
1711,299004,67,10968,747,9538
1712,299190,66,10969,747,9539
1713,299370,67,10958,748,9524
1714,299586,67,10967,759,9518
1715,299773,68,10970,763,9518
1716,299942,64,10979,771,9518
1717,300126,69,10981,773,9515
