tick,timestamp,query_runtime,trav_index_nodes,trav_vol_nodes,trav_unprod_nodes
0,611,3,6,6,0
1,869,1,9,9,0
2,1084,1,13,13,0
3,1285,4,30,30,0
4,1494,2,35,35,0
5,1760,5,45,45,0
6,1968,2,50,50,0
7,2151,3,62,62,0
8,2335,2,64,64,0
9,2488,1,67,67,0
10,2649,2,70,70,0
11,2822,1,71,71,0
12,5173,2,87,87,0
13,5297,1,90,90,0
14,5426,1,97,97,0
15,5552,2,99,99,0
16,5696,2,104,104,0
17,5821,3,108,108,0
18,5977,2,109,109,0
19,6155,4,113,113,0
20,6278,4,113,113,0
21,6397,2,116,116,0
22,6530,1,123,123,0
23,6658,2,125,125,0
24,6783,2,134,134,0
25,6899,2,136,136,0
26,7025,2,148,148,0
27,7166,2,166,166,0
28,7299,2,174,174,0
29,7424,2,178,178,0
30,7528,3,178,178,0
31,7652,2,184,184,0
32,8096,1,184,184,0
33,8219,3,194,194,0
34,8335,2,195,195,0
35,8456,3,197,197,0
36,8626,4,205,205,0
37,8724,7,219,219,0
38,8844,2,228,228,0
39,8931,3,228,228,0
40,9052,2,234,234,0
41,9152,2,235,235,0
42,9254,3,240,240,0
43,9350,2,242,242,0
44,9450,2,243,243,0
45,9538,3,253,253,0
46,9642,4,253,253,0
47,9757,3,256,256,0
48,9884,2,256,256,0
49,9972,4,259,259,0
50,10051,2,261,261,0
51,11584,14,284,284,0
52,11728,3,294,294,0
53,11821,3,297,297,0
54,11938,4,297,297,0
55,12086,2,297,297,0
56,12204,5,300,300,0
57,12320,3,301,301,0
58,12417,2,305,305,0
59,12526,5,316,316,0
60,12625,3,325,325,0
61,12747,3,331,331,0
62,12860,3,342,342,0
63,12954,3,346,346,0
64,13055,2,354,354,0
65,13158,3,356,356,0
66,13254,3,360,360,0
67,13345,3,366,366,0
68,13461,4,367,367,0
69,13564,3,369,369,0
70,13700,4,381,381,0
71,13814,4,387,387,0
72,13923,4,390,390,0
73,14024,4,397,397,0
74,14126,3,397,397,0
75,14237,3,405,405,0
76,14333,3,409,409,0
77,14420,3,418,418,0
78,14498,3,422,422,0
79,14589,4,432,432,0
80,14687,3,433,433,0
81,14779,4,436,436,0
82,14872,4,447,447,0
83,14979,5,447,447,0
84,15113,5,450,450,0
85,15195,4,451,451,0
86,15283,4,454,454,0
87,15385,4,455,455,0
88,15488,4,456,456,0
89,15641,4,473,473,0
90,15734,4,478,478,0
91,15828,4,487,487,0
92,15917,4,488,488,0
93,16019,3,489,489,0
94,16102,5,501,501,0
95,16210,4,507,507,0
96,16301,4,513,513,0
97,16395,5,516,516,0
98,16482,4,516,516,0
99,16577,3,518,518,0
100,16672,6,519,519,0
101,16735,4,520,520,0
102,16815,5,523,523,0
103,16905,4,527,527,0
104,17008,5,530,530,0
105,17098,4,542,542,0
106,17185,4,545,545,0
107,17281,4,548,548,0
108,17447,4,558,558,0
109,17532,8,563,563,0
110,17633,4,566,566,0
111,17725,5,572,572,0
112,17802,4,573,573,0
113,17897,5,577,577,0
114,17988,5,583,583,0
115,18091,5,588,588,0
116,18195,5,591,591,0
117,18294,4,593,593,0
118,18411,4,596,596,0
119,18510,4,598,598,0
120,18629,5,598,598,0
121,18740,8,607,607,0
122,18844,5,607,607,0
123,18959,5,615,615,0
124,19073,10,619,619,0
125,19175,5,620,620,0
126,19337,5,621,621,0
127,19434,5,624,624,0
128,19533,5,626,626,0
129,19634,4,632,632,0
130,19739,4,632,632,0
131,19843,11,632,632,0
132,19940,5,641,641,0
133,20036,5,643,643,0
134,20122,7,651,651,0
135,20219,6,666,666,0
136,20328,6,668,668,0
137,20419,6,670,670,0
138,20505,6,670,670,0
139,20596,6,678,678,0
140,20704,6,679,679,0
141,20809,7,681,681,0
142,20878,6,683,683,0
143,21102,6,684,684,0
144,21183,4,684,684,0
145,21283,5,692,692,0
146,21373,10,692,692,0
147,21457,5,694,694,0
148,21549,6,697,697,0
149,21638,5,699,699,0
150,21725,6,699,699,0
151,21802,5,706,706,0
152,21891,6,709,709,0
153,21997,6,716,716,0
154,22102,5,716,716,0
155,22214,6,716,716,0
156,22329,6,720,720,0
157,22411,6,724,724,0
158,22514,7,727,727,0
159,22606,6,737,737,0
160,22703,5,737,737,0
161,22892,6,742,742,0
162,22981,6,753,753,0
163,23055,5,753,753,0
164,23144,5,753,753,0
165,23250,6,754,754,0
166,23337,6,756,756,0
167,23436,5,767,767,0
168,23552,7,774,774,0
169,23662,6,776,776,0
170,23764,6,782,782,0
171,23837,6,784,784,0
172,23919,7,796,796,0
173,24024,6,805,805,0
174,24114,9,805,805,0
175,24216,8,805,805,0
176,24341,6,811,811,0
177,24433,6,821,821,0
178,24592,6,831,831,0
179,24701,6,832,832,0
180,24788,6,834,834,0
181,24892,7,838,838,0
182,24974,8,853,853,0
183,25088,7,854,854,0
184,25186,6,860,860,0
185,25282,7,863,863,0
186,25384,10,866,866,0
187,25466,7,873,873,0
188,25575,7,874,874,0
189,25648,7,884,884,0
190,25725,9,890,890,0
191,25808,7,890,890,0
192,25893,7,891,891,0
193,25987,7,896,896,0
194,26086,7,910,910,0
195,26227,8,912,912,0
196,26318,7,912,912,0
197,26410,8,913,913,0
198,26496,7,917,917,0
199,26593,8,918,918,0
200,26704,7,919,919,0
201,26783,7,920,920,0
202,26864,8,921,921,0
203,26964,8,925,925,0
204,27071,7,935,935,0
205,27140,7,941,941,0
206,27224,7,945,945,0
207,27309,8,948,948,0
208,27401,9,949,949,0
209,27496,8,950,950,0
210,27585,7,951,951,0
211,27684,7,951,951,0
212,27833,8,952,952,0
213,27913,8,953,953,0
214,27986,8,954,954,0
215,28083,7,962,962,0
216,28183,7,962,962,0
217,28282,8,975,975,0
218,28371,9,978,978,0
219,28452,7,979,979,0
220,28540,8,981,981,0
221,28614,9,995,995,0
222,28723,8,997,997,0
223,28836,8,998,998,0
224,28915,8,1002,1002,0
225,29002,9,1007,1007,0
226,29135,8,1012,1012,0
227,29248,12,1012,1012,0
228,29475,10,1020,1020,0
229,29569,9,1029,1029,0
230,29690,12,1031,1031,0
231,29817,12,1031,1031,0
232,29903,8,1032,1032,0
233,30002,9,1040,1040,0
234,30086,8,1043,1043,0
235,30171,11,1045,1041,0
236,30262,11,1054,1045,0
237,30347,10,1062,1046,0
238,30443,9,1072,1052,2
239,30544,8,1072,1031,11
240,30654,9,1078,1022,18
241,30772,9,1079,996,40
242,30846,9,1087,987,50
243,30956,10,1092,974,61
244,31097,8,1092,956,70
245,31196,10,1104,957,80
246,31265,10,1132,984,81
247,31386,13,1142,971,94
248,31476,10,1142,969,96
249,31564,9,1137,959,92
250,31660,11,1137,951,92
251,31774,12,1138,947,94
252,31853,9,1141,941,100
253,31955,10,1151,938,105
254,32028,9,1156,941,106
255,32161,9,1158,939,107
256,32271,10,1162,924,118
257,32350,9,1164,916,127
258,32439,9,1165,912,129
259,32526,10,1168,912,129
260,32616,10,1175,920,128
261,32777,9,1176,904,145
262,32887,9,1175,896,146
263,33005,10,1181,903,145
264,33091,10,1190,912,141
265,33183,10,1197,920,140
266,33276,9,1198,921,140
267,33383,10,1200,923,139
268,33507,10,1200,923,139
269,33587,10,1201,924,139
270,33705,9,1205,928,139
271,33833,8,1208,931,139
272,33918,9,1209,932,139
273,34025,9,1211,934,139
274,34117,13,1211,934,139
275,34228,10,1214,938,138
276,34315,10,1221,946,137
277,34483,86,1229,954,137
278,34548,10,1234,959,137
279,34638,26,1236,961,137
280,34729,9,1236,961,137
281,34821,12,1247,973,136
282,34915,10,1251,980,133
283,35018,12,1258,987,133
284,35114,9,1261,990,133
285,35226,12,1275,995,137
286,35338,10,1288,983,150
287,35415,10,1289,977,150
288,35506,10,1305,987,152
289,35618,10,1307,984,156
290,35708,10,1306,979,155
291,35795,10,1308,976,159
292,35867,11,1324,988,161
293,35992,11,1323,984,161
294,36068,11,1332,987,170
295,36262,9,1332,982,171
296,36370,11,1331,979,169
297,36484,11,1332,973,174
298,36603,11,1334,959,187
299,36697,12,1335,950,196
300,36788,11,1336,945,205
301,36869,9,1339,944,207
302,36955,10,1338,934,216
303,37044,9,1338,934,218
304,37133,10,1336,927,216
305,37203,9,1335,916,216
306,37293,10,1340,919,216
307,37385,11,1342,922,215
308,37467,12,1351,929,215
309,37547,13,1361,935,219
310,37672,12,1362,929,227
311,37735,11,1374,941,227
312,37911,10,1375,942,226
313,37995,8,1375,942,226
314,38076,10,1386,951,227
315,38173,11,1388,954,226
316,38269,11,1389,949,234
317,38362,11,1391,940,243
318,38449,11,1391,934,247
319,38535,10,1390,926,252
320,38619,11,1393,928,253
321,38721,10,1396,922,256
322,38807,10,1405,922,259
323,38888,11,1408,923,261
324,38991,11,1409,912,274
325,39071,12,1426,921,278
326,39164,12,1427,917,283
327,39242,11,1436,915,294
328,39324,11,1444,920,294
329,39403,11,1461,935,297
330,39587,10,1464,933,298
331,39664,12,1472,938,301
332,39762,12,1473,931,309
333,39853,10,1475,929,312
334,39960,11,1473,917,313
335,40062,11,1483,922,317
336,40163,11,1491,931,316
337,40249,11,1496,936,316
338,40339,11,1504,944,315
339,40437,11,1506,947,314
340,40535,11,1518,961,312
341,40638,12,1522,966,311
342,40739,11,1522,969,308
343,40833,14,1528,978,305
344,40925,11,1534,984,305
345,41023,16,1540,991,304
346,41228,118,1541,992,304
347,41332,11,1545,997,303
348,41439,12,1546,999,302
349,41540,11,1552,1005,302
350,41639,10,1560,998,315
351,41732,11,1566,987,332
352,41825,11,1565,970,350
353,41927,11,1562,963,351
354,42022,12,1562,958,352
355,42119,12,1567,932,384
356,42236,10,1567,911,402
357,42339,11,1565,878,431
358,42441,10,1569,854,460
359,42535,10,1574,843,475
360,42613,11,1582,842,488
361,42718,14,1597,844,503
362,42810,13,1593,831,525
363,42893,11,1594,812,545
364,43114,11,1600,763,608
365,43208,12,1613,771,613
366,43315,14,1613,764,621
367,43395,11,1620,769,622
368,43485,11,1622,771,625
369,43570,11,1621,760,634
370,43658,11,1619,761,631
371,43763,12,1624,749,645
372,43854,13,1633,749,658
373,43950,12,1630,733,672
374,44051,12,1622,702,695
375,44159,12,1622,685,714
376,44254,12,1624,687,711
377,44334,11,1623,684,715
378,44443,12,1625,674,725
379,44549,12,1629,674,729
380,44649,13,1636,672,744
381,44866,11,1649,668,763
382,44964,12,1651,657,775
383,45052,17,1653,658,775
384,45154,12,1651,655,776
385,45248,12,1650,654,777
386,45337,12,1650,649,781
387,45421,12,1650,643,788
388,45508,11,1648,643,789
389,45615,13,1659,652,790
390,45707,12,1660,653,788
391,45799,12,1658,658,781
392,45891,13,1665,653,793
393,45992,13,1666,647,799
394,46076,13,1673,653,801
395,46173,12,1672,651,802
396,46267,11,1673,644,812
397,46362,13,1672,629,832
398,46585,12,1672,607,851
399,46679,12,1669,606,848
400,46806,15,1666,597,849
401,46894,11,1673,594,859
402,46989,12,1673,595,854
403,47074,16,1674,597,853
404,47168,12,1681,598,859
405,47259,18,1681,595,861
406,47360,11,1681,595,862
407,47448,12,1702,608,867
408,47548,13,1706,611,870
409,47643,12,1711,611,877
410,47736,13,1717,604,886
411,47834,13,1714,600,887
412,47935,13,1715,589,899
413,48031,14,1710,578,905
414,48252,141,1715,582,908
415,48341,11,1716,584,907
416,48428,12,1715,583,907
417,48518,15,1716,581,910
418,48632,12,1712,583,903
419,48731,21,1713,583,903
420,48828,11,1710,573,909
421,48921,12,1718,578,914
422,49027,11,1721,581,913
423,49128,12,1732,587,924
424,49213,13,1745,599,926
425,49315,14,1744,601,922
426,49411,14,1741,599,921
427,49499,12,1740,596,923
428,49799,12,1750,570,959
429,49887,13,1760,578,959
430,49980,12,1760,568,971
431,50061,14,1762,564,982
432,50164,15,1762,570,976
433,50281,13,1763,546,1006
434,50384,12,1761,542,1010
435,50473,14,1768,551,1006
436,50550,14,1774,554,1013
437,50645,13,1772,554,1013
438,50755,14,1767,547,1015
439,50837,13,1768,538,1024
440,50936,13,1768,539,1022
441,51049,14,1765,540,1019
442,53871,15,1767,418,1158
443,53988,13,1770,411,1166
444,54105,15,1768,407,1170
445,54184,13,1781,415,1168
446,54295,14,1785,418,1168
447,54397,17,1786,419,1167
448,54493,13,1794,426,1165
449,54584,18,1802,434,1165
450,54684,14,1807,437,1167
451,54797,17,1814,434,1175
452,54884,13,1814,429,1182
453,54994,13,1816,431,1183
454,55120,17,1812,415,1198
455,55256,30,1809,415,1195
456,55377,13,1809,403,1204
457,55478,13,1822,410,1208
458,55576,14,1826,406,1220
459,55683,13,1834,414,1217
460,55756,14,1832,413,1218
461,55873,15,1839,420,1218
462,55974,14,1846,425,1222
463,56060,13,1846,425,1222
464,56159,14,1845,426,1220
465,56252,17,1842,421,1221
466,56354,15,1836,419,1217
467,56436,15,1844,421,1224
468,56575,56,1850,426,1224
469,56651,13,1850,426,1224
470,56746,14,1856,432,1224
471,56833,14,1861,436,1219
472,56938,13,1867,441,1219
473,57050,14,1867,440,1222
474,57152,15,1868,442,1221
475,57250,17,1879,452,1219
476,57346,14,1886,460,1217
477,57433,14,1889,461,1219
478,57518,16,1900,470,1223
479,57611,15,1900,463,1230
480,57695,15,1901,465,1229
481,57843,58,1899,466,1226
482,57925,14,1900,467,1226
483,58018,14,1906,474,1225
484,58112,14,1913,472,1233
485,58200,15,1910,467,1235
486,58292,12,1910,469,1233
487,58385,15,1922,480,1232
488,58496,15,1912,473,1230
489,58583,14,1922,483,1231
490,58696,14,1932,492,1230
491,58797,14,1925,488,1229
492,58911,16,1936,496,1231
493,59003,15,1937,498,1229
494,59142,63,1937,502,1222
495,59242,14,1943,503,1226
496,59337,14,1943,508,1220
497,59434,14,1943,508,1220
498,59541,16,1943,507,1221
499,59640,19,1943,506,1222
500,59736,16,1947,512,1220
501,59843,14,1947,513,1218
502,59936,14,1950,515,1218
503,60037,15,1949,515,1217
504,60122,14,1951,517,1217
505,60206,15,1949,518,1212
506,60297,14,1955,521,1205
507,60397,15,1969,533,1204
508,60589,15,1966,530,1201
509,60700,17,1965,528,1202
510,60827,14,1963,523,1205
511,60920,15,1966,521,1212
512,61016,15,1966,520,1210
513,61096,16,1978,531,1213
514,61193,15,1984,536,1213
515,61289,21,1980,537,1208
516,61393,14,1979,537,1207
517,61497,15,1979,536,1212
518,61601,16,1980,536,1213
519,61704,15,1978,536,1211
520,61797,15,1978,537,1209
521,61966,14,1979,534,1211
522,62072,17,1985,534,1215
523,62174,16,1993,538,1222
524,62263,15,1997,539,1222
525,62340,14,1997,538,1224
526,62446,15,2000,541,1224
527,62546,14,2000,541,1223
528,62627,14,1993,540,1218
529,62728,15,1993,530,1222
530,62819,15,1999,536,1219
531,62914,15,1998,531,1223
532,62994,15,1998,525,1230
533,63097,15,1998,524,1231
534,63199,23,1996,529,1226
535,63376,17,1998,525,1234
536,63463,15,1999,527,1233
537,63558,14,2006,529,1238
538,63649,16,2007,531,1235
539,63755,16,2008,532,1235
540,63851,15,2008,532,1235
541,63937,15,2008,530,1239
542,64033,15,2013,529,1236
543,64127,15,2008,531,1229
544,64211,16,2019,542,1228
545,64319,16,2021,543,1228
546,64419,16,2028,550,1225
547,64506,15,2029,551,1223
548,64603,15,2029,551,1223
549,64783,115,2031,551,1226
550,64872,16,2040,557,1221
551,64959,15,2049,566,1221
552,65072,16,2051,568,1228
553,65182,18,2053,569,1234
554,65297,16,2051,569,1232
555,65377,15,2058,580,1227
556,65483,15,2056,578,1230
557,65581,14,2062,582,1231
558,65664,17,2066,586,1231
559,65761,16,2070,588,1233
560,65869,16,2070,588,1233
561,65951,16,2080,595,1232
562,66065,43,2083,592,1233
563,66186,15,2094,604,1228
564,66376,15,2101,606,1234
565,66467,15,2101,607,1233
566,66569,17,2103,610,1232
567,66695,15,2109,615,1232
568,66786,16,2109,610,1239
569,66881,19,2116,617,1238
570,67004,16,2115,613,1241
571,67104,15,2125,615,1245
572,67190,15,2128,618,1245
573,67295,17,2132,620,1247
574,67417,27,2132,617,1248
575,67518,15,2133,622,1244
576,67602,14,2137,623,1247
577,67696,16,2139,624,1248
578,67914,118,2139,624,1248
579,68000,15,2136,623,1246
580,68094,16,2139,625,1248
581,68180,16,2137,625,1246
582,68265,15,2141,630,1245
583,68356,16,2141,630,1245
584,68445,15,2140,630,1244
585,68538,15,2141,633,1242
586,68627,15,2157,648,1243
587,68709,16,2166,657,1240
588,68784,17,2176,667,1238
589,68882,16,2179,667,1242
590,68961,16,2186,673,1242
591,69079,22,2188,674,1243
592,69180,16,2188,674,1241
593,69262,16,2193,678,1239
594,69491,16,2193,669,1239
595,69581,16,2191,668,1238
596,69671,18,2192,668,1242
597,69759,15,2197,675,1238
598,69856,15,2197,674,1239
599,69952,17,2202,679,1237
600,70047,16,2207,684,1237
601,70137,15,2217,700,1228
602,70259,21,2211,695,1225
603,70361,17,2213,698,1224
604,70466,17,2212,697,1224
605,70555,15,2213,697,1225
606,70632,17,2216,699,1226
607,70729,15,2219,702,1222
608,70822,16,2215,702,1218
609,71031,15,2224,710,1215
610,71134,16,2223,705,1209
611,71243,16,2223,707,1207
612,71365,18,2232,677,1252
613,71471,15,2239,664,1275
614,71589,17,2243,646,1311
615,71687,16,2243,634,1331
616,71789,15,2248,623,1352
617,71885,15,2250,611,1373
618,71995,16,2253,605,1380
619,72094,16,2248,588,1395
620,72193,16,2249,573,1418
621,72305,16,2256,573,1425
622,72393,16,2270,586,1428
623,72497,16,2271,581,1435
624,72759,16,2284,575,1455
625,72855,17,2281,563,1466
626,72950,17,2291,561,1479
627,73051,16,2293,566,1476
628,73146,17,2305,576,1480
629,73244,16,2307,573,1487
630,73350,18,2309,567,1498
631,73451,17,2310,566,1501
632,73540,15,2315,569,1500
633,73657,28,2315,564,1507
634,73756,17,2314,548,1524
635,73867,16,2314,543,1534
636,73967,21,2315,533,1548
637,74062,17,2318,515,1571
638,74179,17,2318,513,1574
639,74528,17,2329,501,1598
640,74615,16,2328,502,1595
641,74736,17,2334,508,1595
642,74847,16,2331,505,1594
643,74942,17,2342,510,1601
644,75039,16,2357,523,1602
645,75130,16,2365,514,1619
646,75218,17,2373,515,1627
647,75313,17,2373,516,1626
648,75425,17,2374,517,1626
649,75519,17,2376,512,1639
650,75622,17,2377,513,1639
651,75717,19,2376,512,1639
652,75835,17,2375,505,1648
653,76081,156,2372,485,1671
654,76205,20,2373,471,1690
655,76307,16,2373,463,1698
656,76406,16,2373,463,1698
657,76507,16,2372,463,1697
658,76593,17,2391,479,1704
659,76682,16,2391,480,1702
660,76797,19,2391,477,1703
661,76871,17,2399,477,1709
662,76973,20,2409,484,1709
663,77081,17,2410,483,1718
664,77186,18,2410,481,1721
665,77304,17,2410,470,1732
666,77422,18,2413,473,1732
667,77694,16,2414,462,1748
668,77794,17,2415,460,1751
669,77896,17,2418,461,1753
670,77991,17,2414,461,1748
671,78078,17,2415,459,1754
672,78166,19,2415,452,1762
673,78258,18,2432,469,1762
674,78358,22,2431,463,1768
675,78453,17,2431,463,1768
676,78545,17,2428,462,1765
677,78641,17,2431,460,1771
678,78963,240,2426,460,1766
679,79050,23,2430,447,1786
680,79127,18,2437,453,1798
681,79222,17,2457,473,1794
682,79302,16,2458,473,1793
683,79396,18,2460,454,1809
684,79491,19,2467,459,1811
685,79595,16,2477,463,1821
686,79698,18,2486,480,1811
687,79794,17,2484,485,1804
688,79887,17,2488,486,1805
689,80004,17,2491,479,1808
690,80286,215,2491,475,1811
691,80390,20,2491,463,1831
692,80478,17,2496,464,1838
693,80583,17,2489,450,1845
694,80675,18,2505,462,1849
695,80786,17,2508,459,1855
696,80890,17,2508,458,1856
697,81013,22,2508,459,1856
698,81121,25,2506,451,1862
699,81221,23,2511,457,1860
700,81338,21,2518,466,1857
701,81446,18,2519,467,1857
702,81714,19,2519,467,1857
703,81819,24,2517,467,1855
704,81890,17,2518,468,1855
705,81992,18,2514,470,1849
706,82058,16,2509,473,1841
707,82142,16,2511,475,1841
708,82238,18,2516,481,1839
709,82331,18,2516,482,1838
710,82426,18,2523,489,1838
711,82519,18,2531,497,1838
712,82611,19,2540,508,1835
713,82828,137,2540,508,1835
714,82923,18,2539,509,1832
715,83036,17,2541,511,1832
716,83144,17,2544,514,1831
717,83245,17,2551,521,1830
718,83326,18,2549,521,1828
719,83419,18,2551,526,1825
720,83525,17,2551,528,1823
721,83621,18,2560,538,1821
722,83712,18,2575,554,1820
723,83808,18,2576,555,1820
724,83909,21,2577,555,1820
725,84125,20,2578,548,1829
726,84238,18,2578,548,1829
727,84335,17,2575,548,1826
728,84429,17,2583,556,1826
729,84508,18,2588,561,1825
730,84604,18,2586,560,1825
731,84717,18,2587,559,1828
732,84816,18,2591,557,1833
733,84914,20,2594,560,1829
734,85024,19,2588,561,1821
735,85120,18,2593,562,1823
736,85331,142,2594,562,1825
737,85434,18,2593,560,1825
738,85537,18,2594,556,1829
739,85641,17,2592,547,1839
740,85741,19,2593,546,1845
741,85834,18,2597,548,1853
742,85937,18,2599,547,1848
743,86016,18,2601,547,1844
744,86104,19,2599,546,1844
745,86213,19,2598,542,1847
746,86276,17,2597,543,1845
747,86360,19,2610,556,1845
748,86623,188,2609,558,1842
749,86715,20,2622,558,1857
750,86797,18,2619,559,1854
751,86893,19,2636,570,1862
752,86999,18,2637,564,1864
753,87095,18,2640,567,1864
754,87193,20,2640,563,1870
755,87294,18,2648,569,1871
756,87402,21,2655,576,1871
757,87495,18,2659,581,1869
758,87598,19,2659,581,1868
759,87699,19,2668,590,1867
760,87955,179,2682,594,1877
761,88050,18,2680,582,1890
762,88158,19,2678,581,1889
763,88274,18,2675,583,1883
764,88357,18,2679,587,1882
765,88448,19,2679,587,1882
766,88547,18,2686,585,1890
767,88648,18,2679,583,1885
768,88723,19,2678,573,1894
769,88818,20,2682,575,1896
770,88927,21,2684,570,1898
771,89028,21,2683,569,1898
772,89302,195,2685,567,1901
773,89422,44,2687,568,1904
774,89542,17,2683,565,1905
775,89655,19,2687,567,1908
776,89763,22,2688,569,1902
777,89866,20,2687,568,1901
778,89970,21,2688,569,1901
779,90095,19,2688,571,1899
780,90198,20,2697,580,1897
781,90328,21,2699,575,1897
782,90390,18,2696,575,1894
783,90467,20,2701,577,1891
784,90747,19,2708,583,1889
785,90846,18,2709,584,1886
786,90947,20,2709,581,1889
787,91047,19,2706,577,1888
788,91135,20,2709,577,1891
789,91225,19,2705,570,1891
790,91301,18,2710,571,1896
791,91435,21,2709,567,1899
792,91544,24,2710,568,1899
793,91644,28,2723,573,1910
794,91748,21,2735,582,1909
795,91856,20,2736,581,1910
796,94661,2735,2748,547,1960
797,94753,19,2747,525,1988
798,94874,26,2744,522,1988
799,94976,24,2743,520,1989
800,95083,21,2741,515,1992
801,95187,21,2745,519,1988
802,95270,21,2742,519,1985
803,95350,20,2746,523,1983
804,95473,21,2749,529,1977
805,95572,20,2765,539,1973
806,95675,21,2763,536,1972
807,95787,25,2763,536,1972
808,95930,20,2763,535,1973
809,96032,22,2764,533,1976
810,96136,19,2760,533,1972
811,97369,19,2767,523,1991
812,97458,19,2765,519,1993
813,97562,20,2764,518,1993
814,97646,19,2764,518,1993
815,97747,23,2759,518,1988
816,97849,19,2757,517,1987
817,97952,19,2756,518,1986
818,98048,20,2759,521,1986
819,98131,19,2761,522,1987
820,98263,19,2763,522,1990
821,98355,19,2758,522,1985
822,98503,23,2756,522,1983
823,98604,20,2756,522,1983
824,98691,20,2756,522,1983
825,98800,19,2763,527,1979
826,98903,22,2756,527,1972
827,98994,19,2759,530,1964
828,99093,20,2759,530,1964
829,99205,18,2758,529,1964
830,99304,19,2760,533,1961
831,99446,73,2762,534,1961
832,99524,22,2769,541,1960
833,99620,22,2765,540,1958
834,99757,25,2769,540,1962
835,99862,20,2778,545,1965
836,100000,19,2779,542,1966
837,100089,20,2780,538,1975
838,100181,20,2779,538,1974
839,100265,20,2784,541,1977
840,100361,19,2792,549,1977
841,100451,21,2791,549,1976
842,100591,67,2792,547,1977
843,100686,21,2799,555,1976
844,100795,19,2796,555,1973
845,100908,19,2797,556,1971
846,100996,22,2807,566,1969
847,101093,19,2813,566,1973
848,101235,20,2814,533,2020
849,101348,19,2817,520,2040
850,101452,20,2821,518,2050
851,101562,20,2822,514,2058
852,101684,19,2822,499,2073
853,101864,102,2822,492,2080
854,102019,29,2823,466,2110
855,102150,19,2823,446,2135
856,102251,19,2828,452,2134
857,102338,21,2835,459,2133
858,102438,20,2834,460,2131
859,102544,23,2834,470,2121
860,102685,20,2835,465,2128
861,102798,21,2832,464,2125
862,102899,19,2829,461,2132
863,103008,22,2827,449,2143
864,103207,19,2825,429,2164
865,103324,24,2824,404,2193
866,103432,21,2820,394,2202
867,103538,20,2818,386,2208
868,103637,19,2817,377,2218
869,103733,19,2818,373,2222
870,103823,20,2825,371,2232
871,103936,21,2825,366,2241
872,104033,19,2822,366,2238
873,104148,19,2823,348,2259
874,104312,21,2823,346,2257
875,104506,22,2831,354,2256
876,104600,19,2848,370,2254
877,104708,20,2854,373,2256
878,104812,20,2860,383,2251
879,104898,19,2860,383,2245
880,104983,19,2864,384,2249
881,105092,20,2865,382,2255
882,105222,22,2861,378,2271
883,105348,21,2861,377,2274
884,105462,28,2860,376,2274
885,105566,24,2860,367,2292
886,105787,22,2861,363,2300
887,105905,20,2861,360,2303
888,106016,21,2865,364,2303
889,106143,19,2869,354,2312
890,106246,20,2869,349,2319
891,106354,19,2873,349,2321
892,106450,20,2873,348,2324
893,106551,20,2874,344,2330
894,106663,21,2879,348,2336
895,106750,20,2885,345,2340
896,106839,21,2886,342,2349
897,107048,22,2893,341,2357
898,107142,21,2894,341,2358
899,107246,21,2895,342,2358
900,107346,24,2893,337,2359
901,107446,21,2896,332,2369
902,107543,19,2904,341,2360
903,107652,22,2906,343,2359
904,107752,22,2908,345,2357
905,107854,20,2909,326,2384
906,107990,27,2912,326,2387
907,108104,20,2918,332,2389
908,108214,19,2922,337,2384
909,108404,21,2922,332,2388
910,108495,20,2922,334,2385
911,108597,21,2923,336,2384
912,108709,21,2924,338,2382
913,108796,21,2938,352,2382
914,108889,21,2938,353,2376
915,108971,23,2949,364,2370
916,110742,27,2951,300,2478
917,110842,19,2958,307,2478
918,110969,22,2971,320,2477
919,111057,21,2969,322,2473
920,111152,21,2972,326,2470
921,111382,154,2975,326,2476
922,111494,19,2970,320,2479
923,111576,22,2976,324,2479
924,111687,22,2987,335,2476
925,111780,21,2986,336,2472
926,111871,20,2984,337,2468
927,111953,21,2993,345,2471
928,112081,22,2996,351,2466
929,112178,21,3002,353,2470
930,112298,24,3003,353,2470
931,112424,29,3006,355,2468
932,112522,21,3006,349,2477
933,112651,21,3007,351,2476
934,112843,20,3008,343,2485
935,114012,29,3006,307,2537
936,114103,21,3002,310,2528
937,114208,21,3002,307,2531
938,114335,40,2998,304,2532
939,114437,21,3001,306,2533
940,114537,20,3011,315,2532
941,114644,21,3012,316,2531
942,114735,21,3011,316,2530
943,114816,22,3013,318,2530
944,114921,22,3010,313,2533
945,115038,22,3012,315,2523
946,115235,131,3011,314,2523
947,115332,19,3012,315,2523
948,115420,21,3022,322,2521
949,115520,26,3028,330,2520
950,115616,21,3025,326,2523
951,115704,22,3027,323,2534
952,115794,21,3035,326,2531
953,115892,22,3046,337,2530
954,115988,20,3045,332,2537
955,116088,21,3044,327,2544
956,116166,21,3038,327,2538
957,116248,21,3045,333,2541
958,116330,22,3053,340,2541
959,116433,20,3050,340,2538
960,116688,28,3049,339,2538
961,116784,23,3057,343,2540
962,116883,21,3060,347,2539
963,116990,26,3060,346,2537
964,117094,21,3064,350,2533
965,117187,22,3057,352,2524
966,117295,25,3068,362,2528
967,117386,21,3068,360,2531
968,117493,21,3068,358,2534
969,117577,21,3067,355,2538
970,117705,21,3064,359,2528
971,117798,22,3072,359,2533
972,117901,20,3083,370,2531
973,118145,20,3080,359,2543
974,118239,21,3080,354,2551
975,118358,61,3080,354,2551
976,118457,21,3080,355,2550
977,118561,22,3077,347,2555
978,118646,20,3083,353,2555
979,118768,22,3083,352,2557
980,118869,25,3089,357,2557
981,118963,22,3095,363,2557
982,119054,20,3094,363,2556
983,119149,21,3100,369,2556
984,119238,22,3098,369,2554
985,119342,21,3101,372,2554
986,119432,21,3106,377,2551
987,119694,22,3108,380,2548
988,119791,21,3116,393,2539
989,119899,21,3115,393,2538
990,120013,23,3119,402,2532
991,120113,23,3118,398,2535
992,120199,22,3125,405,2536
993,120296,21,3139,416,2533
994,120403,22,3146,414,2538
995,120499,21,3151,419,2538
996,120597,23,3159,427,2536
997,120696,30,3160,428,2533
998,120779,23,3161,428,2534
999,120866,22,3168,430,2539
1000,120969,22,3180,441,2539
1001,121228,29,3188,446,2541
1002,121320,25,3191,448,2537
1003,121419,22,3191,449,2536
1004,121523,25,3200,446,2537
1005,121619,23,3205,448,2539
1006,121730,23,3201,449,2533
1007,121827,28,3202,450,2533
1008,121921,27,3200,450,2531
1009,122028,26,3199,452,2528
1010,122137,30,3212,465,2527
1011,122246,22,3211,465,2526
1012,122379,22,3213,467,2525
1013,122655,177,3221,475,2525
1014,122800,27,3223,477,2523
1015,122912,29,3221,477,2521
1016,123025,27,3220,477,2520
1017,123124,25,3220,478,2519
1018,123225,25,3218,478,2517
1019,123324,28,3227,487,2516
1020,123418,22,3234,494,2516
1021,123516,23,3242,503,2513
1022,123608,23,3241,503,2512
1023,123722,22,3249,512,2509
1024,123798,21,3249,512,2509
1025,123894,23,3258,523,2507
1026,124153,186,3261,526,2506
1027,124240,23,3263,528,2506
1028,124344,23,3266,535,2502
1029,124437,24,3268,540,2499
1030,124539,23,3278,549,2499
1031,124638,22,3291,563,2496
1032,124728,23,3292,565,2495
1033,124836,22,3293,564,2498
1034,124928,24,3294,565,2498
1035,125021,26,3296,567,2496
1036,125130,23,3296,566,2496
1037,125226,24,3299,566,2501
1038,125444,143,3298,566,2500
1039,125543,21,3299,561,2507
1040,125636,22,3299,559,2507
1041,125745,29,3303,562,2507
1042,125848,23,3310,568,2505
1043,125928,22,3303,571,2495
1044,126044,24,3299,571,2491
1045,126146,22,3298,570,2495
1046,126241,22,3295,570,2492
1047,126341,22,3291,571,2487
1048,126430,23,3293,575,2484
1049,126507,22,3293,575,2484
1050,126612,23,3297,579,2483
1051,126864,28,3296,579,2482
1052,126968,23,3300,583,2480
1053,127078,25,3299,584,2478
1054,127177,22,3302,587,2478
1055,127260,23,3307,594,2476
1056,127354,24,3309,596,2476
1057,127461,24,3317,605,2471
1058,127560,24,3317,604,2472
1059,127650,24,3320,602,2479
1060,127761,23,3320,602,2479
1061,127847,25,3320,605,2473
1062,128084,160,3320,597,2479
1063,128183,21,3322,591,2488
1064,128277,22,3326,597,2483
1065,128373,23,3326,597,2483
1066,128455,23,3327,590,2494
1067,128564,27,3326,590,2493
1068,128664,22,3332,597,2492
1069,128754,24,3340,603,2494
1070,128867,26,3340,602,2495
1071,128962,24,3341,601,2495
1072,129059,22,3343,603,2490
1073,129146,24,3345,603,2492
1074,129390,159,3345,603,2492
1075,129491,22,3342,601,2493
1076,129586,23,3343,601,2494
1077,129670,24,3358,611,2498
1078,129761,24,3358,612,2497
1079,129873,25,3361,614,2498
1080,129971,25,3364,605,2507
1081,130062,25,3373,611,2512
1082,130151,23,3380,616,2514
1083,130243,23,3385,621,2504
1084,130344,23,3383,621,2502
1085,130445,24,3383,621,2502
1086,130678,22,3385,615,2512
1087,130761,23,3389,619,2512
1088,130859,24,3394,622,2516
1089,130963,24,3394,622,2515
1090,131060,25,3393,623,2513
1091,131166,23,3395,619,2520
1092,131266,24,3396,613,2528
1093,131366,24,3402,618,2531
1094,131473,23,3410,609,2552
1095,131573,24,3411,600,2559
1096,131691,24,3419,588,2587
1097,131793,24,3422,580,2603
1098,132039,23,3421,567,2618
1099,132145,23,3421,554,2627
1100,132250,24,3435,568,2627
1101,132343,24,3437,547,2659
1102,132449,24,3443,549,2663
1103,132584,24,3442,549,2662
1104,132697,26,3442,546,2665
1105,132807,24,3449,523,2698
1106,132918,26,3446,507,2714
1107,133051,31,3446,487,2733
1108,133178,32,3446,480,2742
1109,133430,168,3444,463,2758
1110,133524,26,3447,459,2767
1111,133619,23,3447,460,2766
1112,133705,24,3455,465,2769
1113,133805,24,3455,465,2769
1114,133916,31,3458,466,2772
1115,134009,25,3458,466,2772
1116,134101,24,3458,464,2774
1117,134208,27,3459,465,2772
1118,134334,23,3458,457,2780
1119,134436,24,3459,456,2781
1120,134546,27,3459,456,2781
1121,134784,25,3459,437,2813
1122,134885,23,3458,424,2830
1123,135000,23,3458,417,2837
1124,135108,26,3461,418,2840
1125,135208,24,3479,434,2840
1126,135310,26,3486,421,2865
1127,135410,24,3493,419,2875
1128,135513,29,3505,425,2882
1129,135619,24,3503,410,2904
1130,135703,24,3503,410,2904
1131,135791,24,3505,409,2907
1132,135866,25,3511,412,2912
1133,136104,25,3513,404,2919
1134,136193,25,3524,415,2921
1135,136284,25,3540,418,2937
1136,136385,24,3545,422,2939
1137,136501,24,3544,421,2942
1138,136598,24,3543,414,2953
1139,136676,24,3550,421,2953
1140,136781,26,3545,421,2948
1141,136883,24,3543,418,2955
1142,136980,23,3559,426,2964
1143,137073,25,3559,427,2963
1144,139353,2188,3559,393,3008
1145,139457,26,3558,345,3061
1146,139565,25,3552,347,3053
1147,139672,26,3550,347,3051
1148,139765,25,3563,360,3049
1149,139865,25,3558,360,3044
1150,139974,25,3555,360,3041
1151,140091,29,3554,362,3038
1152,140198,26,3566,374,3036
1153,140300,24,3571,383,3030
1154,140408,27,3571,386,3027
1155,140526,32,3575,390,3025
1156,140663,58,3575,390,3025
1157,140751,24,3575,382,3033
1158,140855,24,3575,381,3035
1159,140956,28,3575,379,3035
1160,141065,23,3580,384,3033
1161,141162,25,3585,389,3033
1162,141267,25,3590,387,3040
1163,141367,25,3590,387,3040
1164,141456,25,3593,390,3036
1165,141559,25,3602,396,3036
1166,141677,26,3603,394,3040
1167,141763,25,3603,384,3059
1168,141922,80,3613,386,3065
1169,142026,24,3614,381,3075
1170,142126,25,3607,373,3076
1171,142215,24,3607,365,3084
1172,142317,25,3610,370,3081
1173,142420,24,3615,374,3083
1174,142519,23,3613,365,3090
1175,142638,25,3611,351,3105
1176,142733,27,3610,351,3104
1177,142848,25,3610,351,3104
1178,142983,82,3611,352,3102
1179,143092,24,3616,357,3098
1180,143210,27,3619,360,3098
1181,143304,24,3625,366,3097
1182,143419,34,3625,366,3097
1183,143532,25,3628,369,3097
1184,143638,25,3635,377,3096
1185,143741,25,3632,378,3091
1186,143847,25,3637,385,3087
1187,144009,25,3639,388,3083
1188,144114,25,3641,388,3083
1189,144259,24,3647,384,3092
1190,144360,24,3648,386,3089
1191,144463,25,3645,379,3093
1192,144565,24,3650,385,3092
1193,144658,25,3658,392,3095
1194,144757,24,3657,395,3093
1195,144858,27,3662,399,3092
1196,144951,25,3671,405,3089
1197,145037,25,3667,395,3097
1198,145142,25,3671,398,3095
1199,145295,26,3672,398,3098
1200,145380,24,3672,397,3101
1201,145476,27,3671,390,3111
1202,145577,29,3682,401,3102
1203,145684,25,3690,406,3100
1204,145782,26,3686,407,3095
1205,145890,26,3686,408,3093
1206,145997,23,3686,410,3091
1207,146107,25,3692,403,3110
1208,146201,24,3692,403,3110
1209,146382,24,3679,381,3126
1210,146496,25,3678,383,3118
1211,146603,27,3679,384,3117
1212,146700,25,3677,384,3115
1213,146800,24,3680,387,3110
1214,146895,25,3688,395,3107
1215,146992,24,3701,394,3120
1216,147093,26,3718,409,3120
1217,147195,25,3719,408,3123
1218,147312,32,3719,408,3123
1219,147489,25,3719,408,3124
1220,147593,25,3731,422,3122
1221,147694,27,3738,429,3122
1222,147795,29,3746,438,3121
1223,147886,24,3749,442,3117
1224,147987,29,3749,442,3117
1225,148102,30,3755,449,3112
1226,148202,27,3755,446,3115
1227,148309,32,3763,452,3117
1228,148425,26,3763,451,3117
1229,148602,105,3763,450,3121
1230,148708,26,3765,452,3121
1231,148810,30,3763,445,3127
1232,148902,26,3763,444,3128
1233,148998,25,3763,444,3128
1234,149097,26,3780,458,3128
1235,149205,27,3779,459,3124
1236,149301,25,3777,458,3126
1237,149424,47,3775,457,3126
1238,149500,30,3776,458,3126
1239,149606,26,3776,458,3126
1240,149783,108,3778,459,3127
1241,149895,33,3786,466,3125
1242,149988,25,3783,465,3125
1243,150084,27,3784,463,3128
1244,150178,26,3792,473,3127
1245,150276,25,3794,469,3135
1246,150375,27,3799,472,3138
1247,150495,26,3800,472,3142
1248,150574,26,3799,470,3143
1249,150671,27,3802,473,3143
1250,150771,25,3802,472,3144
1251,150955,26,3809,477,3143
1252,151059,29,3809,477,3143
1253,151160,27,3816,484,3143
1254,151269,27,3826,492,3140
1255,151358,29,3830,496,3139
1256,151472,26,3839,506,3139
1257,151558,26,3849,515,3139
1258,151656,26,3849,514,3138
1259,151761,28,3846,508,3139
1260,151859,27,3846,507,3139
1261,151974,25,3845,507,3138
1262,152186,118,3851,511,3135
1263,152281,24,3861,516,3141
1264,152378,26,3861,514,3143
1265,152487,29,3860,509,3147
1266,152603,31,3867,517,3146
1267,152684,28,3877,526,3147
1268,152777,26,3874,526,3144
1269,152865,26,3865,526,3135
1270,152977,26,3865,525,3140
1271,153088,26,3865,525,3140
1272,153194,27,3865,524,3142
1273,153288,28,3865,524,3142
1274,153504,27,3863,523,3136
1275,153620,31,3862,520,3141
1276,153744,37,3870,520,3142
1277,153842,28,3875,528,3134
1278,153927,28,3876,526,3135
1279,154028,29,3876,519,3143
1280,154132,27,3880,523,3142
1281,154229,28,3887,530,3142
1282,154345,26,3886,528,3144
1283,154434,25,3892,534,3139
1284,154534,39,3891,533,3141
1285,154657,32,3891,530,3145
1286,154878,27,3891,528,3150
1287,154979,28,3895,532,3145
1288,155103,26,3892,531,3145
1289,155204,28,3889,532,3140
1290,155311,26,3898,535,3139
1291,155409,27,3899,536,3137
1292,155498,26,3905,541,3132
1293,155583,26,3897,541,3126
1294,155686,26,3895,538,3129
1295,155789,25,3896,538,3127
1296,155913,26,3900,542,3127
1297,156029,30,3893,536,3122
1298,156220,133,3901,544,3117
1299,156299,27,3917,560,3114
1300,156391,27,3919,560,3116
1301,156485,25,3927,564,3124
1302,156578,26,3936,573,3118
1303,156685,25,3942,579,3117
1304,156782,28,3949,586,3117
1305,156890,27,3961,600,3110
1306,156989,27,3968,607,3110
1307,157119,36,3968,606,3112
1308,157231,27,3977,612,3110
1309,157328,26,3977,610,3112
1310,157421,27,3985,619,3107
1311,157629,150,3986,620,3106
1312,157709,29,3986,616,3112
1313,157795,30,3993,624,3107
1314,157910,29,3995,633,3099
1315,158001,27,3997,635,3099
1316,158116,29,3994,635,3095
1317,158216,26,4000,641,3095
1318,158323,27,4001,636,3100
1319,158425,26,4009,645,3099
1320,158524,26,4007,646,3096
1321,158615,27,4008,647,3095
1322,158721,32,4014,649,3098
1323,158832,29,4016,655,3090
1324,158935,29,4024,662,3093
1325,159158,29,4041,673,3106
1326,159254,31,4042,676,3108
1327,159348,30,4039,676,3105
1328,159453,29,4040,677,3104
1329,159564,30,4038,676,3103
1330,159654,28,4038,676,3103
1331,159770,39,4042,679,3099
1332,159859,28,4042,673,3098
1333,159972,27,4051,682,3099
1334,160064,28,4050,682,3098
1335,160164,29,4051,679,3104
1336,160265,27,4047,679,3100
1337,160512,166,4053,685,3100
1338,160641,42,4058,684,3102
1339,160749,26,4061,685,3105
1340,160846,26,4054,685,3098
1341,160931,29,4056,686,3098
1342,161043,32,4059,685,3104
1343,161156,27,4058,643,3158
1344,161270,27,4059,631,3172
1345,161385,26,4064,629,3180
1346,161485,27,4082,626,3199
1347,161605,32,4084,628,3192
1348,161736,39,4086,623,3200
1349,161996,156,4087,626,3198
1350,162105,30,4086,622,3202
1351,162208,31,4086,621,3204
1352,162317,29,4095,618,3220
1353,162424,32,4102,603,3246
1354,162526,29,4101,596,3253
1355,162633,31,4102,582,3268
1356,162734,29,4109,584,3277
1357,162849,27,4109,575,3286
1358,162955,27,4110,571,3291
1359,163058,32,4115,570,3297
1360,163160,28,4118,556,3316
1361,163430,187,4117,535,3336
1362,163532,28,4117,518,3356
1363,163636,29,4119,520,3355
1364,163744,29,4128,519,3371
1365,163856,30,4138,512,3390
1366,164022,37,4146,499,3414
1367,164157,30,4148,500,3413
1368,164263,29,4153,497,3423
1369,164363,29,4153,497,3423
1370,164474,33,4152,488,3430
1371,164595,28,4144,475,3434
1372,164718,28,4147,479,3433
1373,164941,32,4147,473,3435
1374,165063,30,4147,468,3442
1375,165177,32,4153,461,3459
1376,165294,29,4154,452,3468
1377,165393,38,4164,445,3488
1378,165487,28,4170,448,3493
1379,165604,32,4167,444,3498
1380,165715,29,4169,444,3502
1381,165818,33,4169,438,3507
1382,165931,29,4169,430,3515
1383,166053,29,4166,434,3505
1384,166310,176,4168,423,3531
1385,166421,26,4178,426,3537
1386,166511,28,4179,426,3538
1387,166591,29,4188,435,3538
1388,166688,28,4187,437,3535
1389,166801,27,4187,436,3536
1390,166906,28,4186,427,3544
1391,166990,27,4185,410,3568
1392,167120,28,4181,408,3564
1393,167228,28,4186,408,3568
1394,167337,30,4187,409,3568
1395,167627,205,4196,418,3565
1396,167739,30,4198,421,3564
1397,167864,31,4198,421,3564
1398,167955,29,4198,421,3564
1399,168062,28,4196,422,3561
1400,168162,30,4203,429,3558
1401,168266,32,4213,439,3556
1402,168386,28,4219,445,3555
1403,168487,29,4219,445,3555
1404,168647,49,4223,449,3547
1405,168764,31,4224,450,3544
1406,168996,159,4227,453,3538
1407,169094,29,4232,458,3538
1408,169220,35,4239,466,3537
1409,169329,28,4240,467,3537
1410,169446,28,4240,467,3537
1411,169550,35,4243,449,3554
1412,169661,29,4242,446,3557
1413,169759,28,4241,443,3567
1414,169859,27,4248,450,3567
1415,169968,28,4246,450,3565
1416,170065,29,4247,450,3566
1417,170284,150,4260,459,3568
1418,170384,30,4260,453,3577
1419,170469,30,4258,455,3573
1420,170567,30,4263,458,3572
1421,170668,30,4264,448,3587
1422,170770,29,4269,446,3596
1423,170867,28,4275,443,3605
1424,170972,27,4276,444,3604
1425,171078,29,4277,438,3617
1426,171191,35,4276,438,3616
1427,171306,30,4276,431,3626
1428,171533,151,4285,426,3636
1429,171639,36,4284,420,3642
1430,171739,33,4290,422,3648
1431,171847,29,4291,421,3650
1432,171953,28,4291,423,3648
1433,172062,33,4293,428,3641
1434,172171,29,4297,431,3646
1435,172282,29,4299,430,3647
1436,172397,30,4298,429,3646
1437,172501,30,4301,427,3649
1438,172596,28,4306,426,3655
1439,172837,161,4302,408,3673
1440,172931,31,4307,416,3669
1441,173029,29,4311,424,3664
1442,173132,30,4311,418,3679
1443,173225,29,4308,409,3690
1444,173330,29,4308,406,3694
1445,173445,29,4314,414,3692
1446,173571,31,4314,414,3692
1447,173686,27,4320,416,3697
1448,173795,30,4320,416,3697
1449,173905,27,4320,416,3697
1450,174172,188,4321,408,3706
1451,174293,31,4318,407,3704
1452,174389,28,4321,408,3707
1453,174511,29,4322,410,3704
1454,174685,46,4326,403,3711
1455,174792,29,4327,395,3721
1456,174894,29,4329,389,3726
1457,174994,29,4329,387,3730
1458,175109,30,4329,380,3739
1459,175219,30,4343,390,3738
1460,175346,36,4342,388,3741
1461,175599,178,4362,403,3744
1462,175784,37,4364,386,3767
1463,175919,31,4369,391,3766
1464,176042,35,4369,383,3771
1465,176157,31,4365,381,3769
1466,176267,31,4379,389,3766
1467,176373,29,4379,389,3766
1468,176525,35,4379,386,3766
1469,176630,30,4387,393,3766
1470,176734,37,4386,395,3763
1471,176855,29,4388,396,3765
1472,179109,33,4390,374,3803
1473,179207,31,4403,385,3800
1474,179311,32,4405,387,3799
1475,179429,32,4407,388,3799
1476,179528,30,4406,388,3798
1477,179647,34,4404,388,3796
1478,179740,33,4409,393,3793
1479,179838,31,4407,393,3791
1480,179946,29,4406,393,3790
1481,180055,32,4406,391,3792
1482,180165,30,4415,399,3791
1483,180318,28,4417,400,3792
1484,180412,30,4419,403,3791
1485,180516,30,4431,418,3786
1486,180624,29,4436,423,3786
1487,180727,28,4440,424,3789
1488,180825,29,4440,421,3792
1489,180933,30,4445,426,3790
1490,181038,31,4445,428,3788
1491,181152,30,4447,421,3798
1492,181258,33,4450,418,3806
1493,181408,76,4453,418,3810
1494,181499,31,4464,424,3814
1495,181606,32,4465,425,3814
1496,181710,32,4467,425,3814
1497,181813,29,4466,424,3813
1498,181911,30,4466,424,3813
1499,182013,32,4467,425,3813
1500,182135,32,4474,429,3815
1501,182252,43,4475,431,3813
1502,182359,31,4475,428,3816
1503,182513,74,4475,425,3819
1504,182629,32,4476,422,3824
1505,182742,29,4467,422,3815
1506,182840,34,4467,421,3815
1507,182945,31,4478,431,3813
1508,183057,35,4479,432,3812
1509,183178,34,4479,429,3816
1510,183291,31,4486,436,3816
1511,183405,31,4496,446,3813
1512,183525,36,4495,446,3812
1513,183677,32,4493,445,3810
1514,183797,31,4498,445,3816
1515,183895,30,4499,445,3819
1516,184014,30,4503,450,3818
1517,184134,31,4504,450,3818
1518,184244,32,4505,450,3813
1519,184349,33,4510,457,3811
1520,184478,38,4508,457,3809
1521,184632,42,4517,462,3810
1522,184811,95,4524,467,3813
1523,184891,29,4526,472,3805
1524,185002,32,4526,472,3805
1525,185090,31,4531,481,3796
1526,185206,40,4536,484,3796
1527,185309,35,4535,484,3795
1528,185414,31,4535,483,3796
1529,185510,31,4537,488,3792
1530,185616,30,4541,487,3798
1531,185720,36,4539,486,3798
1532,185906,30,4536,484,3794
1533,186014,30,4535,482,3795
1534,186113,35,4536,483,3793
1535,186214,29,4536,483,3793
1536,186310,31,4541,482,3793
1537,186419,29,4541,483,3792
1538,186527,29,4539,484,3788
1539,186622,31,4545,490,3788
1540,186724,30,4548,493,3788
1541,186886,109,4549,494,3786
1542,186979,29,4537,491,3785
1543,187082,37,4537,489,3787
1544,187201,31,4542,496,3782
1545,187295,31,4545,497,3785
1546,187396,31,4544,496,3787
1547,187501,30,4546,496,3790
1548,187599,32,4546,497,3787
1549,187703,31,4540,496,3781
1550,187816,30,4540,497,3779
1551,188014,107,4540,496,3780
1552,188122,30,4543,500,3776
1553,188230,32,4540,500,3773
1554,188342,30,4541,501,3773
1555,188450,33,4543,502,3773
1556,188560,30,4548,504,3777
1557,188679,30,4549,505,3775
1558,188786,30,4550,507,3774
1559,188883,30,4553,506,3778
1560,188993,31,4551,508,3774
1561,189168,108,4548,508,3771
1562,189260,34,4558,521,3768
1563,189352,31,4562,523,3772
1564,189444,30,4571,532,3771
1565,189552,32,4569,532,3770
1566,189636,30,4576,539,3770
1567,189739,29,4576,536,3770
1568,189839,30,4576,536,3770
1569,189950,34,4584,538,3770
1570,190061,35,4585,541,3767
1571,190173,31,4584,541,3766
1572,190367,121,4584,540,3768
1573,190462,30,4584,540,3768
1574,190578,30,4600,554,3769
1575,190670,32,4602,556,3766
1576,190785,34,4602,556,3766
1577,190880,30,4601,555,3765
1578,190986,32,4604,561,3759
1579,191091,35,4606,558,3759
1580,191202,34,4604,548,3778
1581,191317,32,4609,551,3776
1582,191433,29,4608,537,3792
1583,191656,31,4610,512,3838
1584,191777,31,4612,493,3862
1585,191889,29,4609,493,3858
1586,192008,31,4616,500,3858
1587,192126,35,4615,486,3873
1588,192240,30,4616,475,3890
1589,192354,31,4614,472,3894
1590,192467,32,4614,461,3914
1591,192579,31,4618,451,3936
1592,192691,29,4625,453,3945
1593,192821,30,4625,443,3953
1594,193021,121,4621,420,3975
1595,193134,30,4630,412,3990
1596,193252,30,4628,388,4014
1597,193364,30,4626,388,4012
1598,193473,32,4625,388,4011
1599,193577,34,4623,383,4017
1600,193679,29,4624,370,4036
1601,193782,32,4624,356,4053
1602,193890,36,4621,342,4070
1603,194008,39,4621,342,4070
1604,194117,35,4627,343,4079
1605,194229,35,4627,343,4079
1606,194439,30,4627,330,4100
1607,194547,29,4632,330,4102
1608,194649,34,4636,332,4109
1609,194760,33,4637,327,4114
1610,194895,32,4633,328,4109
1611,195016,41,4633,313,4125
1612,195127,30,4633,312,4126
1613,195244,31,4635,306,4138
1614,195351,32,4636,296,4153
1615,195471,33,4642,290,4181
1616,195582,36,4644,284,4193
1617,195698,32,4647,287,4193
1618,195890,119,4654,280,4208
1619,195989,31,4663,284,4214
1620,196103,30,4665,286,4212
1621,196223,32,4673,289,4217
1622,196335,32,4678,294,4215
1623,196445,31,4683,290,4224
1624,196550,30,4685,282,4236
1625,196653,32,4704,296,4233
1626,196751,31,4714,303,4235
1627,196862,31,4712,304,4231
1628,196959,31,4719,310,4234
1629,197059,31,4720,311,4234
1630,197284,152,4721,311,4235
1631,197401,34,4719,307,4240
1632,197513,32,4719,309,4237
1633,197614,30,4719,310,4235
1634,197713,31,4726,311,4241
1635,197812,33,4730,316,4240
1636,197921,32,4732,316,4239
1637,198026,33,4740,325,4236
1638,198140,32,4745,330,4238
1639,198252,36,4752,334,4240
1640,198352,33,4756,340,4234
1641,198455,31,4759,343,4232
1642,198669,138,4772,350,4236
1643,198773,31,4782,358,4242
1644,198880,31,4781,355,4246
1645,198995,30,4777,356,4241
1646,199104,31,4784,359,4244
1647,199206,32,4792,368,4238
1648,199307,32,4792,366,4241
1649,199420,31,4792,366,4240
1650,199523,31,4792,365,4242
1651,199626,32,4792,365,4242
1652,199729,33,4795,368,4242
1653,199828,34,4803,371,4246
1654,200086,169,4798,371,4239
1655,200180,36,4800,373,4239
1656,200299,33,4801,374,4237
1657,200402,34,4805,381,4232
1658,200510,33,4810,383,4230
1659,200624,32,4810,384,4229
1660,200729,34,4808,384,4227
1661,200852,32,4808,384,4227
1662,200953,33,4809,384,4227
1663,201035,33,4814,389,4227
1664,201148,35,4814,383,4235
1665,201372,154,4813,378,4239
1666,201488,32,4813,375,4244
1667,201588,29,4826,388,4240
1668,201687,31,4826,383,4247
1669,201793,32,4825,381,4246
1670,201921,34,4826,371,4258
1671,202027,31,4833,378,4255
1672,202140,34,4835,380,4255
1673,202257,35,4838,382,4254
1674,202362,35,4839,382,4257
1675,202473,36,4846,388,4257
1676,202580,34,4853,392,4257
1677,202796,36,4853,389,4262
1678,202897,32,4853,389,4262
1679,203020,34,4853,381,4271
1680,203132,32,4852,375,4277
1681,203245,39,4852,375,4277
1682,203334,31,4853,376,4276
1683,203442,34,4867,389,4277
1684,203565,43,4871,393,4277
1685,203668,30,4870,388,4280
1686,203771,35,4879,398,4274
1687,203985,137,4879,398,4274
1688,204110,33,4881,395,4280
1689,204232,33,4883,397,4280
1690,204333,31,4881,397,4278
1691,204424,34,4890,406,4278
1692,204540,32,4897,413,4276
1693,204647,33,4898,414,4274
1694,204757,32,4898,404,4279
1695,204873,32,4901,407,4279
1696,204972,32,4903,404,4286
1697,205122,39,4906,400,4289
1698,205404,177,4906,394,4299
1699,205545,41,4905,397,4295
1700,205727,34,4902,397,4292
1701,205833,34,4916,411,4289
1702,205934,34,4917,412,4289
1703,206053,39,4916,413,4291
1704,206164,34,4915,416,4284
1705,206283,37,4915,416,4284
1706,206391,34,4920,423,4277
1707,206505,36,4920,422,4281
1708,206745,153,4918,424,4277
1709,206851,35,4922,415,4297
1710,206952,33,4923,416,4297
1711,207070,33,4923,416,4297
1712,207180,32,4923,416,4297
1713,207286,35,4936,427,4297
1714,207390,33,4937,428,4297
1715,207503,33,4937,428,4297
1716,207596,35,4937,428,4297
1717,207690,34,4941,432,4293
1718,207795,36,4948,439,4292
1719,208019,35,4947,439,4291
1720,208134,34,4947,439,4291
1721,208245,38,4948,443,4287
1722,208362,33,4948,443,4287
1723,208471,37,4951,446,4286
1724,208596,33,4948,446,4283
1725,208697,33,4958,456,4283
1726,208798,32,4958,456,4283
1727,208917,33,4964,462,4282
1728,209031,33,4964,462,4282
1729,209270,149,4971,464,4285
1730,209383,34,4978,471,4278
1731,209490,32,4979,469,4286
1732,209593,32,4988,477,4283
1733,209692,34,4992,479,4282
1734,209803,33,4994,480,4282
1735,209919,35,4990,476,4280
1736,210032,32,4988,472,4282
1737,210158,36,4988,467,4291
1738,210272,38,4989,468,4291
1739,210502,148,4991,471,4287
1740,210613,34,4999,477,4289
1741,210699,37,4999,474,4289
1742,210816,33,4999,466,4297
1743,210928,32,4996,460,4303
1744,211030,35,5005,468,4305
1745,211135,33,5012,470,4310
1746,211233,34,5014,472,4310
1747,211344,36,5016,472,4314
1748,211449,34,5027,483,4313
1749,211563,40,5034,484,4315
1750,211809,33,5035,483,4312
1751,211898,34,5040,483,4318
1752,212011,36,5040,482,4320
1753,212135,35,5040,482,4320
1754,212249,33,5041,483,4320
1755,212343,34,5048,486,4327
1756,212439,33,5045,481,4331
1757,212545,33,5045,481,4331
1758,212658,34,5051,488,4336
1759,212771,38,5052,487,4338
1760,213017,146,5053,478,4338
1761,213140,38,5050,478,4335
1762,213245,38,5042,477,4328
1763,213350,33,5039,476,4325
1764,213468,34,5036,477,4320
1765,213572,39,5059,501,4317
1766,213675,42,5063,505,4317
1767,213785,33,5069,511,4312
1768,213896,34,5075,514,4311
1769,213990,36,5078,517,4311
1770,214243,172,5079,518,4309
1771,214365,34,5076,517,4308
1772,214472,34,5079,521,4304
1773,214572,37,5079,521,4304
1774,214677,33,5068,520,4295
1775,214810,33,5066,520,4293
1776,214914,32,5073,527,4293
1777,215019,34,5074,529,4291
1778,215124,35,5075,530,4291
1779,215236,35,5069,529,4286
1780,215334,33,5067,526,4287
1781,215570,34,5070,531,4288
1782,215671,35,5070,530,4289
1783,215774,37,5074,533,4286
1784,215884,37,5079,536,4285
1785,216136,48,5081,536,4287
1786,216300,37,5082,527,4298
1787,216406,38,5082,527,4299
1788,216503,39,5083,525,4303
1789,216621,44,5080,529,4293
1790,216727,35,5080,528,4294
1791,218906,2113,5079,520,4301
1792,219009,36,5094,523,4316
1793,219117,42,5094,523,4316
1794,219237,44,5103,532,4316
1795,219364,40,5108,528,4322
1796,219464,38,5108,527,4325
1797,219592,36,5107,527,4324
1798,219728,37,5110,527,4324
1799,219848,41,5112,521,4327
1800,219953,39,5112,520,4329
1801,220065,40,5112,519,4330
1802,220200,34,5112,521,4328
1803,220309,36,5125,531,4331
1804,220418,34,5135,541,4330
1805,220523,35,5139,544,4331
1806,220635,33,5139,543,4332
1807,220743,35,5141,540,4340
1808,220865,40,5142,539,4342
1809,220983,33,5150,546,4342
1810,221099,38,5150,542,4349
1811,221244,33,5147,527,4363
1812,221401,72,5147,491,4403
1813,221516,34,5149,475,4415
1814,221641,38,5143,475,4409
1815,221748,35,5148,472,4418
1816,221887,36,5157,479,4417
1817,222002,34,5155,468,4436
1818,222126,34,5156,453,4455
1819,222249,45,5156,442,4475
1820,222365,35,5156,435,4488
1821,222476,34,5152,429,4487
1822,222620,68,5161,431,4498
1823,222749,34,5160,419,4512
1824,222858,35,5160,416,4515
1825,222964,34,5160,403,4531
1826,223069,32,5164,406,4531
1827,223187,35,5162,394,4551
1828,223305,36,5160,370,4582
1829,223428,33,5159,370,4583
1830,223538,32,5177,375,4595
1831,223663,34,5180,368,4602
1832,223836,38,5189,369,4612
1833,223961,34,5189,357,4626
1834,224054,32,5190,358,4625
1835,224163,35,5191,359,4624
1836,224275,35,5196,357,4628
1837,224383,36,5204,355,4638
1838,224494,46,5204,336,4665
1839,224626,35,5204,325,4681
1840,224734,36,5214,335,4674
1841,224895,108,5215,332,4675
1842,225024,34,5215,331,4677
1843,225133,37,5222,331,4687
1844,225238,34,5227,335,4687
1845,225355,36,5222,322,4699
1846,225476,34,5221,322,4698
1847,225618,39,5221,318,4709
1848,225746,34,5222,318,4707
1849,225846,34,5209,318,4694
1850,225939,36,5209,318,4694
1851,226136,37,5217,326,4694
1852,226236,33,5217,313,4717
1853,226359,39,5212,313,4712
1854,226479,38,5211,307,4723
1855,226624,33,5212,314,4714
1856,226736,33,5210,310,4720
1857,226845,34,5214,314,4720
1858,226947,35,5221,321,4720
1859,227068,38,5225,326,4714
1860,227227,89,5226,327,4713
1861,227340,34,5225,327,4712
1862,227445,33,5226,327,4714
1863,227545,35,5224,325,4723
1864,227663,36,5223,326,4721
1865,227794,34,5222,311,4746
1866,227936,35,5228,317,4746
1867,228035,34,5242,324,4751
1868,228154,36,5243,321,4755
1869,228261,36,5246,323,4752
1870,228444,116,5254,308,4770
1871,228566,38,5260,313,4768
1872,228698,33,5260,312,4771
1873,228809,35,5272,322,4767
1874,228928,50,5271,321,4769
1875,229038,37,5276,325,4768
1876,229178,41,5272,324,4765
1877,229296,36,5273,326,4764
1878,229413,39,5283,337,4763
1879,229524,37,5288,342,4761
1880,229718,35,5293,344,4759
1881,229830,36,5295,345,4760
1882,229948,37,5290,344,4757
1883,230070,35,5291,347,4755
1884,230193,37,5297,354,4751
1885,230280,36,5297,346,4762
1886,230384,34,5292,346,4757
1887,230494,32,5293,345,4765
1888,230607,35,5300,352,4761
1889,230721,36,5295,354,4753
1890,230930,132,5294,355,4750
1891,231055,38,5294,339,4770
1892,231192,48,5310,353,4768
1893,231312,38,5310,353,4768
1894,231423,35,5311,354,4768
1895,231533,35,5309,348,4776
1896,231658,37,5312,346,4776
1897,231756,41,5325,358,4770
1898,231862,37,5325,355,4773
1899,231971,38,5324,354,4774
1900,232104,38,5330,358,4774
1901,232298,35,5335,356,4776
1902,232417,38,5331,357,4771
1903,232536,36,5331,353,4775
1904,232636,39,5343,365,4771
1905,232751,37,5350,372,4762
1906,232866,38,5348,377,4750
1907,232975,35,5347,371,4756
1908,233075,36,5347,370,4758
1909,233196,38,5347,359,4771
1910,233310,37,5339,359,4763
1911,233414,37,5339,359,4763
1912,233637,132,5341,359,4765
1913,233761,39,5348,362,4764
1914,233862,35,5345,362,4761
1915,233970,37,5350,367,4761
1916,234085,34,5350,366,4767
1917,234201,33,5354,362,4774
1918,234329,36,5353,362,4773
1919,234441,35,5356,365,4769
1920,234563,34,5364,373,4769
1921,234672,35,5364,372,4769
1922,234786,34,5366,373,4770
1923,234994,128,5374,381,4769
1924,235111,42,5374,367,4779
1925,235216,35,5379,371,4786
1926,235344,43,5384,376,4784
1927,235448,37,5392,385,4783
1928,235567,38,5390,390,4774
1929,235687,38,5392,392,4774
1930,235812,36,5393,393,4773
1931,235938,46,5394,394,4773
1932,236047,36,5397,400,4770
1933,236171,36,5404,407,4770
1934,236278,36,5404,408,4769
1935,236500,138,5394,402,4768
1936,236597,36,5395,402,4771
1937,236868,54,5392,401,4770
1938,237013,40,5393,402,4769
1939,237127,40,5396,405,4769
1940,237248,35,5397,406,4769
1941,237406,37,5397,405,4771
1942,237527,38,5398,405,4772
1943,237644,37,5400,403,4776
1944,237764,45,5416,415,4779
1945,237869,37,5414,409,4788
1946,237984,37,5416,414,4783
1947,238247,158,5417,415,4782
1948,238395,44,5423,411,4792
1949,238533,43,5423,411,4792
1950,238643,42,5425,413,4792
1951,238761,41,5426,414,4792
1952,238875,38,5431,419,4792
1953,238994,38,5438,419,4797
1954,239105,39,5441,422,4795
1955,239233,42,5445,427,4791
1956,239359,43,5444,427,4790
1957,239544,80,5446,425,4794
1958,239680,42,5447,425,4792
1959,239903,44,5450,425,4796
1960,240028,43,5451,426,4796
1961,240150,38,5449,424,4795
1962,240262,37,5448,422,4794
1963,240383,37,5448,422,4794
1964,240508,43,5456,430,4793
1965,240648,45,5457,429,4795
1966,240750,36,5457,422,4804
1967,240866,36,5457,415,4816
1968,240995,39,5457,414,4817
1969,241105,35,5456,414,4816
1970,241335,163,5468,422,4821
1971,241459,37,5462,422,4815
1972,241567,42,5462,418,4821
1973,241666,38,5462,418,4821
1974,241775,37,5462,418,4821
1975,241880,35,5455,419,4813
1976,241989,36,5456,418,4815
1977,242093,35,5456,418,4815
1978,242212,36,5460,422,4811
1979,242324,37,5458,422,4809
1980,242534,140,5462,428,4806
1981,242634,35,5468,429,4811
1982,242740,36,5469,430,4809
1983,242853,36,5471,430,4811
1984,242965,39,5472,431,4810
1985,243085,36,5470,431,4808
1986,243207,39,5475,436,4805
1987,243310,37,5482,439,4806
1988,243411,37,5484,440,4808
1989,243525,39,5486,442,4808
1990,243618,35,5486,439,4812
1991,243826,149,5491,443,4813
1992,243925,35,5492,444,4811
1993,244063,45,5492,446,4807
1994,244167,36,5493,447,4807
1995,244295,36,5493,447,4807
1996,244413,42,5492,448,4805
1997,244531,37,5499,450,4805
1998,244642,35,5499,452,4803
1999,244743,36,5505,456,4802
2000,244859,37,5511,463,4800
2001,245077,143,5506,466,4792
2002,245191,37,5506,464,4797
2003,245303,39,5513,471,4795
2004,245417,38,5514,472,4795
2005,245531,35,5515,474,4794
2006,245643,37,5513,472,4794
2007,245742,35,5507,471,4791
2008,245855,37,5504,467,4795
2009,245967,40,5504,467,4795
2010,246077,38,5504,461,4802
2011,246184,35,5500,461,4798
2012,246412,37,5509,469,4797
2013,246520,35,5509,468,4797
2014,246620,36,5510,470,4794
2015,246725,37,5509,470,4793
2016,246824,37,5509,467,4796
2017,246927,37,5517,475,4794
2018,247045,39,5519,477,4794
2019,247169,38,5517,477,4792
2020,247278,38,5517,477,4792
2021,247393,36,5517,478,4791
2022,247635,39,5517,480,4788
2023,247752,42,5516,480,4787
2024,247847,38,5515,480,4786
2025,247953,37,5524,489,4785
2026,248066,38,5531,496,4785
2027,248183,36,5538,503,4778
2028,248291,40,5551,516,4773
2029,248400,36,5549,517,4768
2030,248513,38,5549,517,4768
2031,248620,37,5563,531,4766
2032,248857,160,5564,532,4765
2033,248968,39,5571,539,4761
2034,249083,38,5574,543,4760
2035,249201,38,5575,544,4760
2036,249312,37,5575,542,4764
2037,249415,37,5580,550,4761
2038,249521,37,5584,554,4761
2039,249625,40,5586,553,4758
2040,249726,38,5587,554,4758
2041,249844,44,5585,554,4756
2042,250075,157,5587,555,4756
2043,250205,39,5591,558,4760
2044,250328,38,5591,557,4763
2045,250431,38,5597,563,4763
2046,250538,39,5604,569,4765
2047,250655,36,5604,568,4767
2048,250771,37,5604,566,4768
2049,250878,36,5602,566,4766
2050,250984,41,5603,565,4764
2051,251077,37,5604,564,4768
2052,251327,157,5605,528,4812
2053,251438,36,5607,520,4817
2054,251567,39,5608,508,4833
2055,251692,42,5607,497,4850
2056,251796,38,5608,479,4872
2057,251904,37,5608,470,4883
2058,252029,39,5610,470,4891
2059,252154,38,5610,453,4911
2060,252275,36,5608,442,4917
2061,252397,36,5610,427,4941
2062,252642,41,5620,425,4961
2063,252755,38,5629,415,4972
2064,252883,39,5628,416,4970
2065,253007,41,5631,409,4985
2066,253129,38,5629,409,4983
2067,253263,38,5629,391,5008
2068,253397,39,5633,385,5021
2069,253514,41,5650,402,5020
2070,253619,37,5657,406,5015
2071,253706,38,5669,410,5015
2072,253943,38,5672,408,5024
2073,254050,38,5675,395,5050
2074,254168,40,5684,395,5058
2075,254287,40,5678,392,5063
2076,254397,38,5688,400,5065
2077,254510,38,5703,411,5065
2078,254632,37,5705,398,5080
2079,254743,37,5706,397,5078
2080,254857,41,5709,388,5092
2081,257079,2129,5709,383,5099
2082,257206,41,5710,310,5216
2083,257339,48,5710,309,5216
2084,257469,52,5719,318,5208
2085,257603,40,5720,312,5216
2086,257715,40,5719,304,5222
2087,257827,39,5720,305,5222
2088,257946,39,5725,308,5220
2089,258083,45,5725,309,5219
2090,258200,40,5725,308,5223
2091,258324,40,5733,310,5232
2092,258475,38,5732,312,5229
2093,258604,39,5734,313,5230
2094,258712,42,5731,314,5226
2095,258818,38,5734,315,5228
2096,258925,39,5731,316,5226
2097,259039,40,5728,319,5221
2098,259157,37,5728,316,5224
2099,259270,40,5730,318,5221
2100,259405,40,5729,315,5223
2101,259517,41,5729,315,5223
2102,259673,43,5743,328,5227
2103,259786,39,5751,326,5237
2104,259905,41,5751,326,5237
2105,260024,39,5753,328,5236
2106,260131,39,5754,326,5240
2107,260258,38,5754,317,5257
2108,260381,44,5758,321,5253
2109,260525,40,5765,328,5250
2110,260628,37,5766,327,5255
2111,260733,36,5772,331,5255
2112,260906,39,5773,332,5253
2113,261030,40,5773,339,5245
2114,261141,44,5778,346,5241
2115,261257,39,5778,338,5251
2116,261382,40,5777,341,5247
2117,261513,40,5775,338,5248
2118,261622,40,5780,343,5245
2119,261747,39,5780,335,5254
2120,261860,38,5783,341,5248
2121,262010,77,5787,341,5253
2122,262128,38,5790,341,5252
2123,262231,36,5790,341,5252
2124,262354,38,5793,344,5252
2125,262463,42,5793,339,5255
2126,262596,38,5792,330,5265
2127,262725,41,5792,316,5280
2128,262843,39,5796,322,5280
2129,262962,42,5806,332,5278
2130,263131,89,5806,320,5293
2131,263235,40,5807,321,5288
2132,263344,38,5807,321,5288
2133,263448,38,5814,323,5295
2134,263565,37,5815,322,5297
2135,263681,41,5823,329,5301
2136,263789,37,5820,328,5302
2137,263949,53,5821,328,5303
2138,264066,41,5832,342,5300
2139,264179,41,5834,336,5313
2140,264357,92,5834,338,5310
2141,264473,46,5834,336,5312
2142,264586,46,5835,336,5312
2143,264706,37,5831,332,5312
2144,264839,42,5829,331,5310
2145,264973,42,5828,327,5318
2146,265112,41,5832,331,5317
2147,265242,37,5830,323,5325
2148,265355,39,5831,325,5322
2149,265523,94,5829,318,5328
2150,265631,39,5828,319,5325
2151,265737,38,5831,319,5329
2152,265848,39,5846,334,5324
2153,265947,38,5847,331,5330
2154,266059,38,5848,333,5326
2155,266201,40,5853,337,5326
2156,266288,37,5860,348,5319
2157,266386,38,5860,343,5327
2158,266501,39,5860,343,5327
2159,266668,101,5860,342,5327
2160,266767,37,5860,342,5327
2161,266892,38,5860,342,5327
2162,267018,41,5868,343,5329
2163,267136,42,5864,343,5325
2164,267267,47,5863,343,5324
2165,267387,41,5866,346,5320
2166,267497,39,5875,351,5323
2167,267607,40,5880,349,5335
2168,267724,39,5888,357,5335
2169,267905,108,5889,358,5335
2170,268012,43,5888,358,5332
2171,268124,38,5885,356,5331
2172,268244,37,5885,356,5331
2173,268361,39,5885,349,5341
2174,268485,41,5889,353,5339
2175,268594,38,5889,345,5348
2176,268698,39,5889,345,5348
2177,268813,38,5892,348,5348
2178,268932,42,5902,356,5348
2179,269045,37,5899,355,5346
2180,269251,37,5898,353,5350
2181,269372,39,5905,360,5348
2182,269476,39,5911,364,5351
2183,269601,42,5911,364,5351
2184,269712,40,5911,365,5350
2185,269835,41,5914,369,5346
2186,269954,41,5914,369,5346
2187,270063,40,5914,369,5346
2188,270162,44,5933,390,5338
2189,270272,38,5932,390,5337
2190,270463,116,5932,390,5337
2191,270580,38,5933,389,5339
2192,270716,41,5938,390,5345
2193,270824,40,5954,403,5343
2194,270938,41,5954,403,5343
2195,271030,39,5957,406,5342
2196,271152,52,5963,412,5342
2197,271273,38,5961,412,5340
2198,271388,42,5963,414,5337
2199,271509,41,5963,413,5337
2200,271622,39,5963,405,5347
2201,271735,37,5970,412,5347
2202,271935,41,5975,415,5354
2203,272045,40,5974,415,5353
2204,272163,41,5971,416,5346
2205,272277,39,5970,411,5348
2206,272383,39,5977,417,5347
2207,272509,39,5977,417,5347
2208,272626,38,5976,417,5346
2209,272750,40,5976,417,5346
2210,272856,38,5975,418,5341
2211,272961,40,5976,417,5344
2212,273083,40,5986,427,5340
2213,273308,150,5983,429,5333
2214,273434,41,5984,428,5340
2215,273563,42,5983,428,5339
2216,273681,48,5984,427,5341
2217,273807,39,5976,427,5333
2218,273934,45,5974,429,5328
2219,274052,40,5974,429,5328
2220,274172,40,5974,429,5328
2221,274345,47,5974,422,5334
2222,274467,39,5974,420,5336
2223,274590,45,5984,430,5335
2224,274801,140,5985,429,5333
2225,274923,44,5995,438,5334
2226,275038,44,5993,438,5332
2227,275155,40,5991,438,5330
2228,275276,49,5997,445,5329
2229,275387,41,5997,445,5329
2230,275495,42,6003,451,5325
2231,275596,39,6003,451,5325
2232,275710,40,6003,451,5325
2233,275832,43,6003,446,5325
2234,275922,40,6003,445,5327
2235,276037,42,6011,452,5327
2236,276306,177,6016,457,5324
2237,276424,39,6021,462,5324
2238,276538,39,6018,462,5321
2239,276644,40,6018,462,5321
2240,276745,40,6016,462,5319
2241,276857,38,6014,461,5318
2242,276977,40,6013,459,5320
2243,277078,39,6011,459,5318
2244,277202,44,6017,465,5315
2245,277323,45,6021,468,5317
2246,277438,45,6021,461,5317
2247,277685,38,6021,459,5319
2248,277788,38,6030,468,5316
2249,277900,38,6029,469,5314
2250,278015,39,6028,469,5313
2251,278116,38,6031,476,5309
2252,278225,40,6036,480,5308
2253,278322,42,6039,483,5308
2254,278448,40,6038,484,5305
2255,278570,39,6037,484,5304
2256,278685,40,6045,492,5304
2257,278919,146,6044,494,5300
2258,279036,40,6052,503,5298
2259,279141,41,6055,507,5296
2260,279244,40,6057,509,5296
2261,279374,60,6057,509,5296
2262,279464,39,6053,509,5292
2263,279575,40,6052,509,5291
2264,279686,38,6053,510,5291
2265,279802,39,6053,509,5295
2266,279910,37,6054,509,5295
2267,280132,156,6064,515,5298
2268,280264,42,6064,515,5298
2269,280366,40,6069,520,5297
2270,280483,42,6069,520,5297
2271,280591,44,6074,523,5297
2272,280708,41,6075,524,5297
2273,280837,42,6075,525,5294
2274,280946,40,6076,524,5297
2275,281059,40,6076,523,5299
2276,281197,41,6078,506,5322
2277,281443,158,6080,509,5325
2278,281564,46,6087,490,5369
2279,281687,41,6087,477,5392
2280,281804,39,6087,471,5408
2281,281919,43,6088,460,5418
2282,282033,45,6085,442,5434
2283,282145,38,6085,438,5443
2284,282265,40,6081,422,5456
2285,282383,38,6087,403,5483
2286,282616,147,6088,389,5501
2287,282749,39,6088,381,5520
2288,282866,40,6081,372,5531
2289,282971,41,6091,375,5542
2290,283084,39,6090,368,5547
2291,283197,39,6100,360,5563
2292,283315,42,6100,355,5569
2293,283440,42,6106,361,5568
2294,283566,44,6113,365,5572
2295,283692,46,6113,365,5572
2296,283932,148,6114,363,5574
2297,284048,39,6121,370,5570
2298,284163,42,6127,362,5582
2299,284281,40,6131,365,5584
2300,284401,41,6131,365,5584
2301,284519,40,6142,375,5583
2302,284638,39,6142,374,5585
2303,284757,41,6144,369,5593
2304,284884,41,6144,369,5593
2305,285130,147,6141,369,5590
2306,285256,43,6148,377,5588
2307,285378,41,6151,380,5588
2308,285538,72,6156,387,5585
2309,285651,39,6156,387,5585
2310,285763,41,6161,394,5582
2311,285878,41,6164,397,5582
2312,286000,40,6167,400,5582
2313,286110,40,6167,400,5582
2314,286249,42,6167,400,5582
2315,286480,157,6169,404,5580
2316,286598,45,6171,406,5580
2317,286700,41,6190,425,5576
2318,286828,45,6193,426,5575
2319,286939,45,6204,437,5566
2320,287051,40,6216,449,5566
2321,287163,42,6216,449,5566
2322,287289,43,6216,440,5576
2323,287424,41,6216,424,5598
2324,287543,41,6216,424,5598
2325,287799,184,6230,429,5605
2326,287905,42,6229,409,5630
2327,288017,45,6235,414,5628
2328,288133,49,6236,415,5628
2329,288237,48,6236,420,5623
2330,288347,42,6235,421,5621
2331,288485,43,6237,407,5643
2332,288612,44,6237,405,5645
2333,288744,40,6238,405,5648
2334,288848,43,6239,405,5652
2335,289099,170,6240,396,5664
2336,289209,45,6240,388,5672
2337,289325,43,6237,382,5678
2338,289443,42,6242,392,5672
2339,289565,50,6251,401,5672
2340,289678,42,6250,401,5671
2341,289822,43,6257,410,5670
2342,289921,42,6264,413,5674
2343,290038,46,6264,402,5685
2344,290165,45,6268,405,5684
2345,290285,42,6269,406,5684
2346,292473,2121,6270,345,5756
2347,292598,50,6263,336,5761
2348,292720,42,6266,339,5760
2349,292844,40,6262,339,5756
2350,292954,47,6263,339,5745
2351,293073,43,6263,339,5745
2352,293190,45,6263,339,5745
2353,293307,47,6262,339,5744
2354,293424,45,6261,331,5753
2355,293537,41,6263,322,5765
2356,293719,86,6254,321,5757
2357,293856,42,6252,321,5755
2358,293969,41,6251,311,5765
2359,294084,42,6250,311,5764
2360,294216,40,6250,311,5764
2361,294326,42,6249,308,5766
2362,294436,40,6247,304,5769
2363,294544,41,6249,302,5773
2364,294659,42,6250,297,5781
2365,294791,39,6260,307,5778
2366,294940,42,6254,306,5774
2367,295108,84,6244,301,5774
2368,295222,44,6243,301,5773
2369,295322,43,6256,314,5765
2370,295434,42,6261,319,5765
2371,295547,40,6264,322,5765
2372,295664,44,6269,324,5765
2373,295797,44,6269,324,5765
2374,295904,42,6278,331,5764
2375,296050,49,6285,336,5765
2376,296180,44,6285,333,5777
2377,296343,96,6291,333,5784
2378,296456,41,6293,330,5788
2379,296581,50,6293,328,5793
2380,296697,46,6293,328,5793
2381,296835,53,6298,324,5803
2382,296986,45,6302,323,5808
2383,297131,52,6307,328,5808
2384,297263,43,6309,328,5809
2385,297382,49,6311,334,5802
2386,297493,46,6311,325,5811
2387,297711,146,6317,327,5811
2388,297834,44,6317,327,5811
2389,297958,52,6326,336,5810
2390,298077,46,6329,338,5809
2391,298211,60,6329,336,5811
2392,298332,44,6329,336,5811
2393,298460,44,6328,339,5805
2394,298573,41,6336,347,5804
2395,298678,43,6352,363,5796
2396,298791,43,6351,363,5795
2397,299006,129,6352,363,5795
2398,299103,42,6349,362,5793
2399,299225,45,6355,368,5793
2400,299352,42,6356,368,5794
2401,299462,41,6360,365,5803
2402,299579,41,6369,373,5802
2403,299707,44,6367,371,5802
2404,299826,42,6366,371,5801
2405,299930,43,6366,371,5801
2406,300058,49,6358,371,5793
