tick,timestamp,query_runtime,trav_index_nodes,trav_vol_nodes,trav_unprod_nodes
0,598,7,8,8,0
1,1014,5,12,12,0
2,1266,1,24,24,0
3,1525,3,34,34,0
4,1803,3,47,47,0
5,3764,2,52,52,0
6,3955,2,70,70,0
7,4177,1,77,77,0
8,4408,3,80,80,0
9,4619,2,87,87,0
10,4798,1,89,89,0
11,4979,2,99,99,0
12,5178,2,111,111,0
13,5367,1,113,113,0
14,5528,3,122,122,0
15,5697,3,125,125,0
16,5867,2,131,131,0
17,6066,1,147,147,0
18,6241,2,150,150,0
19,6379,1,160,160,0
20,6548,2,165,165,0
21,6681,2,171,171,0
22,6836,2,185,185,0
23,6992,2,190,190,0
24,7137,2,190,190,0
25,7278,2,191,191,0
26,7415,7,192,192,0
27,7541,2,194,194,0
28,7687,3,210,210,0
29,7811,7,221,221,0
30,7984,3,235,235,0
31,8220,3,241,241,0
32,8332,2,247,247,0
33,8475,4,250,250,0
34,8634,2,255,255,0
35,8780,3,263,263,0
36,8924,3,269,269,0
37,9049,3,291,291,0
38,9197,2,293,293,0
39,9402,2,295,295,0
40,9549,3,297,297,0
41,9693,3,303,303,0
42,9851,3,308,308,0
43,10008,4,328,328,0
44,10217,4,334,334,0
45,10371,3,334,334,0
46,10543,3,337,337,0
47,10689,2,338,338,0
48,10812,3,338,338,0
49,10945,3,341,341,0
50,11089,3,370,370,0
51,11239,3,375,375,0
52,11396,3,381,381,0
53,11537,3,384,384,0
54,11703,5,388,388,0
55,11843,3,399,399,0
56,12004,4,403,403,0
57,12183,4,403,403,0
58,12323,3,413,413,0
59,12459,5,438,438,0
60,12599,4,440,440,0
61,12749,3,454,454,0
62,12905,4,471,471,0
63,13022,4,482,482,0
64,13150,4,483,483,0
65,13283,4,487,487,0
66,13416,4,498,498,0
67,13542,4,506,506,0
68,13662,5,518,518,0
69,13772,4,523,523,0
70,13927,35,530,530,0
71,14075,5,532,532,0
72,14199,5,533,533,0
73,14339,4,540,540,0
74,14457,4,554,554,0
75,14594,4,562,562,0
76,14696,5,562,562,0
77,14804,5,576,576,0
78,14967,5,588,588,0
79,15120,6,596,596,0
80,15270,6,599,599,0
81,15388,5,606,606,0
82,15542,5,613,613,0
83,15717,5,620,620,0
84,15835,5,629,629,0
85,15956,6,640,640,0
86,16088,4,641,641,0
87,16207,5,651,651,0
88,16344,8,670,670,0
89,16484,6,681,681,0
90,16603,6,690,690,0
91,16714,6,699,699,0
92,16838,6,701,701,0
93,16958,5,703,703,0
94,17088,5,711,711,0
95,17211,5,716,716,0
96,17348,5,727,727,0
97,17583,5,730,730,0
98,17721,7,734,734,0
99,17833,5,739,739,0
100,17958,6,740,740,0
101,18076,6,744,744,0
102,18193,5,752,752,0
103,18320,6,755,755,0
104,18465,6,755,755,0
105,18579,6,760,760,0
106,18723,6,771,771,0
107,18874,6,773,773,0
108,19004,6,789,789,0
109,19220,6,797,797,0
110,19324,5,801,801,0
111,19453,6,804,804,0
112,19597,7,808,808,0
113,19727,5,810,810,0
114,19898,7,816,816,0
115,20040,7,822,822,0
116,20183,6,837,837,0
117,20330,7,853,853,0
118,20475,11,860,860,0
119,20636,6,864,864,0
120,20800,7,868,868,0
121,20913,6,869,869,0
122,21030,8,876,876,0
123,21264,6,881,881,0
124,21393,7,887,887,0
125,21535,6,897,897,0
126,21687,7,902,902,0
127,21841,6,906,906,0
128,21961,7,926,926,0
129,22098,7,932,932,0
130,22229,6,936,936,0
131,22374,6,937,937,0
132,22522,8,946,946,0
133,22651,7,961,961,0
134,22778,7,973,973,0
135,22907,7,977,977,0
136,23053,7,978,978,0
137,23265,7,988,988,0
138,23385,8,1002,1002,0
139,23543,8,1016,1016,0
140,23656,8,1043,1043,0
141,23791,8,1052,1052,0
142,23929,8,1053,1053,0
143,24103,9,1059,1059,0
144,24215,9,1064,1064,0
145,24335,8,1066,1066,0
146,24465,8,1069,1069,0
147,24602,8,1085,1085,0
148,24746,10,1094,1094,0
149,24877,9,1105,1105,0
150,24996,9,1113,1113,0
151,25235,8,1116,1116,0
152,25354,7,1119,1119,0
153,25483,8,1135,1135,0
154,25609,8,1135,1135,0
155,25729,8,1144,1144,0
156,25882,7,1160,1160,0
157,26016,8,1167,1167,0
158,26150,9,1170,1170,0
159,26270,9,1181,1181,0
160,26387,9,1183,1183,0
161,26518,8,1190,1190,0
162,26637,9,1191,1191,0
163,26745,11,1217,1217,0
164,26866,9,1222,1222,0
165,27173,165,1238,1238,0
166,27297,10,1252,1252,0
167,27407,9,1259,1259,0
168,27529,9,1263,1263,0
169,27652,9,1263,1263,0
170,27792,10,1280,1280,0
171,27935,10,1292,1292,0
172,28072,9,1312,1312,0
173,28214,11,1312,1312,0
174,28393,10,1324,1324,0
175,28509,10,1325,1325,0
176,28620,11,1329,1329,0
177,28731,10,1349,1349,0
178,28857,11,1352,1352,0
179,29146,171,1365,1365,0
180,29248,10,1370,1370,0
181,29388,17,1384,1384,0
182,29526,9,1393,1393,0
183,29669,9,1398,1398,0
184,29792,10,1406,1406,0
185,29917,9,1408,1408,0
186,30042,10,1411,1411,0
187,30156,15,1418,1404,7
188,30277,11,1424,1401,10
189,30397,11,1435,1386,19
190,30511,11,1440,1368,21
191,30668,13,1451,1353,36
192,30804,11,1454,1352,38
193,31065,11,1457,1314,58
194,31216,10,1465,1294,76
195,31329,11,1469,1286,86
196,31458,11,1491,1278,102
197,31589,11,1496,1278,107
198,31704,11,1504,1269,117
199,31853,12,1507,1238,140
200,31969,11,1513,1244,140
201,32095,11,1515,1246,140
202,32215,11,1520,1251,140
203,32355,11,1524,1255,140
204,32633,10,1524,1256,139
205,32751,11,1531,1263,139
206,32867,10,1540,1272,139
207,33002,11,1545,1277,139
208,33122,15,1555,1287,139
209,33245,11,1566,1300,137
210,33348,11,1569,1303,137
211,33480,11,1577,1311,137
212,33598,11,1590,1321,142
213,33721,12,1599,1318,149
214,33850,12,1612,1298,177
215,34128,12,1613,1264,201
216,34248,11,1613,1253,204
217,34350,12,1619,1238,223
218,34469,11,1629,1234,225
219,34604,14,1632,1213,245
220,34720,12,1633,1189,265
221,34829,12,1638,1187,268
222,34963,14,1638,1179,274
223,35091,12,1646,1174,287
224,35250,12,1649,1156,304
225,35546,13,1649,1111,336
226,35656,12,1664,1114,345
227,35778,12,1678,1117,355
228,35909,15,1679,1102,367
229,36035,12,1684,1100,374
230,36182,12,1691,1091,385
231,36314,13,1691,1075,398
232,36447,12,1694,1068,405
233,36577,13,1708,1078,415
234,36724,13,1706,1056,433
235,36975,145,1707,1046,444
236,37089,12,1716,1039,454
237,37205,13,1732,1050,458
238,37339,13,1739,1045,468
239,37449,12,1741,1037,477
240,37556,15,1745,1039,475
241,37675,16,1751,1028,480
242,37816,16,1750,1009,498
243,37951,15,1747,1001,503
244,38052,14,1757,1005,505
245,38179,15,1755,998,509
246,38408,13,1754,980,519
247,38525,13,1751,973,522
248,38642,13,1751,958,538
249,38770,12,1764,968,539
250,38891,15,1770,967,545
251,39027,13,1777,958,555
252,39135,14,1779,953,564
253,39275,13,1781,946,571
254,39385,13,1783,947,578
255,39510,13,1789,942,592
256,39652,14,1793,944,594
257,39899,13,1796,927,615
258,40018,14,1800,920,625
259,40143,14,1803,923,625
260,40281,25,1798,910,630
261,40400,14,1799,909,631
262,40526,13,1800,911,628
263,40668,15,1798,897,637
264,40784,14,1810,901,642
265,40924,14,1812,902,647
266,41052,14,1824,909,648
267,41353,182,1825,899,659
268,41474,16,1826,892,666
269,41588,13,1841,900,670
270,41682,13,1849,910,668
271,41797,13,1852,911,668
272,41929,12,1851,902,674
273,42050,13,1855,905,671
274,42168,13,1860,908,668
275,42289,13,1852,901,663
276,42426,14,1876,914,671
277,42568,13,1878,906,680
278,42924,14,1880,895,699
279,43046,16,1891,903,699
280,43181,13,1898,905,701
281,43311,14,1888,903,694
282,43417,13,1890,902,698
283,43553,14,1895,906,698
284,43682,13,1906,914,699
285,43830,13,1901,912,696
286,43947,15,1901,909,700
287,44061,14,1893,908,694
288,44502,14,1897,896,707
289,44621,13,1897,886,711
290,44753,14,1899,891,715
291,44877,13,1907,896,717
292,45009,16,1912,893,727
293,45133,14,1914,893,731
294,45241,14,1920,902,728
295,45357,17,1919,901,725
296,45504,16,1920,897,735
297,45628,18,1923,893,742
298,45842,13,1925,889,748
299,45972,14,1923,890,744
300,46088,14,1937,886,766
301,46195,13,1936,881,770
302,46294,15,1942,889,762
303,46410,14,1948,895,761
304,46516,15,1960,898,768
305,46660,18,1957,894,768
306,46781,15,1960,897,768
307,46912,16,1974,911,763
308,47162,139,1975,905,771
309,47280,13,1974,907,767
310,47407,13,1979,906,771
311,47539,14,1981,903,777
312,47663,14,1979,906,772
313,47783,14,1986,906,781
314,47919,13,1988,907,782
315,48021,14,1988,910,775
316,48144,16,1985,907,776
317,48265,14,1987,914,771
318,48402,18,1988,914,771
319,48674,14,1989,885,807
320,48830,14,1996,880,822
321,49035,15,1999,843,867
322,49186,14,2000,821,894
323,49329,13,1998,813,899
324,49458,16,2017,802,929
325,49574,16,2038,794,958
326,49692,15,2052,795,971
327,49802,16,2051,789,981
328,49950,19,2050,762,1006
329,50212,14,2038,730,1036
330,50349,14,2037,723,1044
331,50473,16,2047,731,1043
332,50611,15,2044,722,1049
333,50764,16,2047,720,1054
334,50888,15,2050,713,1066
335,51035,15,2044,678,1103
336,51187,18,2047,658,1135
337,51316,14,2047,653,1142
338,51482,15,2046,636,1168
339,51840,230,2042,624,1179
340,51970,15,2044,610,1199
341,52095,15,2043,575,1235
342,52225,15,2059,587,1236
343,52350,15,2058,564,1261
344,52477,15,2057,553,1275
345,52662,20,2057,534,1295
346,52782,15,2056,530,1296
347,52931,18,2055,518,1312
348,53078,16,2058,489,1351
349,53571,364,2065,480,1372
350,53692,14,2078,488,1372
351,53823,15,2090,495,1376
352,53950,18,2090,485,1387
353,54071,17,2091,484,1386
354,54221,14,2088,481,1388
355,54354,14,2084,482,1383
356,54464,14,2091,480,1386
357,54596,15,2091,473,1393
358,54727,14,2093,462,1408
359,57994,17,2096,344,1564
360,58136,19,2094,339,1568
361,58253,17,2104,345,1565
362,58368,17,2107,344,1569
363,58492,16,2126,357,1575
364,58623,17,2136,368,1573
365,58760,18,2133,368,1570
366,58904,17,2134,360,1573
367,59029,21,2140,368,1569
368,59178,25,2140,368,1569
369,59449,15,2159,371,1595
370,59572,16,2158,371,1594
371,59688,15,2156,372,1589
372,59834,16,2163,381,1585
373,59961,15,2164,376,1587
374,60085,17,2165,376,1587
375,60236,16,2173,384,1587
376,60371,18,2171,383,1590
377,60497,15,2167,376,1593
378,60687,74,2170,375,1598
379,60817,15,2170,361,1613
380,60940,15,2175,366,1613
381,61071,17,2179,371,1612
382,61213,23,2189,376,1619
383,61349,17,2195,382,1619
384,61477,15,2202,374,1637
385,61594,15,2206,370,1642
386,61744,16,2217,376,1647
387,61862,17,2215,375,1646
388,62048,16,2211,364,1649
389,62153,15,2209,356,1655
390,62272,20,2208,357,1653
391,62396,17,2207,358,1646
392,62517,18,2205,359,1643
393,62642,16,2195,359,1633
394,62771,22,2206,369,1634
395,62900,16,2209,372,1633
396,63039,16,2218,377,1627
397,63156,16,2216,366,1636
398,63326,17,2230,379,1644
399,63460,15,2233,380,1646
400,63580,15,2245,387,1649
401,63716,16,2256,398,1647
402,63830,17,2262,406,1647
403,63950,23,2264,411,1641
404,64093,17,2268,417,1639
405,64234,16,2281,429,1640
406,64353,16,2294,442,1635
407,64564,98,2296,447,1635
408,64681,19,2294,445,1633
409,64813,19,2300,451,1633
410,64929,17,2307,460,1630
411,65053,16,2307,463,1626
412,65191,17,2306,459,1627
413,65337,20,2306,459,1626
414,65497,20,2327,472,1631
415,65612,17,2331,470,1634
416,65743,17,2328,469,1633
417,65954,17,2321,469,1626
418,66078,17,2321,473,1620
419,66226,19,2322,473,1622
420,66380,17,2321,473,1621
421,66504,17,2339,492,1615
422,66637,16,2359,508,1617
423,66757,17,2362,512,1616
424,66893,18,2364,522,1606
425,67008,16,2367,528,1602
426,67300,175,2371,537,1597
427,67428,17,2381,537,1608
428,67604,24,2388,542,1609
429,67729,17,2390,539,1613
430,67860,18,2392,539,1611
431,67991,16,2405,549,1609
432,68114,18,2411,558,1605
433,68252,18,2414,560,1606
434,68367,18,2414,560,1606
435,68487,18,2415,558,1610
436,68707,17,2417,558,1610
437,68832,18,2423,565,1608
438,68953,18,2424,565,1612
439,69049,18,2435,574,1613
440,69173,18,2440,576,1616
441,69302,22,2444,573,1622
442,69426,18,2448,576,1623
443,69566,17,2448,574,1630
444,69696,19,2456,581,1633
445,69902,105,2458,583,1633
446,70048,19,2461,582,1634
447,70180,20,2462,583,1632
448,70326,17,2468,590,1631
449,70465,19,2469,587,1635
450,70592,18,2468,586,1635
451,70728,17,2469,581,1641
452,70843,19,2481,592,1638
453,70946,18,2481,588,1637
454,71066,23,2490,591,1643
455,71309,18,2489,590,1645
456,71446,18,2490,590,1645
457,71571,18,2490,589,1645
458,71703,21,2500,597,1645
459,71840,20,2510,603,1646
460,71974,17,2518,612,1648
461,72098,18,2532,618,1657
462,72247,20,2530,617,1656
463,72406,18,2535,620,1664
464,72534,20,2526,616,1662
465,72741,17,2524,614,1660
466,72865,17,2527,619,1656
467,72978,18,2537,628,1650
468,73114,18,2538,624,1655
469,73261,20,2538,623,1657
470,73384,17,2536,628,1650
471,73516,18,2538,633,1647
472,73637,19,2541,638,1643
473,73751,19,2543,643,1640
474,73904,26,2542,642,1639
475,74122,19,2556,656,1639
476,74231,19,2554,656,1637
477,74345,18,2567,669,1635
478,74462,20,2578,681,1632
479,74617,20,2587,690,1629
480,74800,20,2587,692,1628
481,74948,20,2595,704,1621
482,75068,25,2604,700,1631
483,75212,19,2613,701,1639
484,75347,19,2630,716,1640
485,75592,148,2624,716,1634
486,75706,17,2624,712,1637
487,75827,19,2626,722,1629
488,75962,22,2636,732,1626
489,76088,19,2636,725,1631
490,76210,18,2641,724,1634
491,76333,18,2642,727,1633
492,76464,19,2649,736,1626
493,76579,18,2653,740,1622
494,76713,19,2654,738,1626
495,76865,20,2649,738,1619
496,77139,148,2649,732,1620
497,77274,20,2651,727,1631
498,77408,19,2651,720,1632
499,77553,19,2651,720,1632
500,77668,19,2651,718,1634
501,77774,19,2654,715,1640
502,77892,20,2667,729,1637
503,78022,26,2673,727,1649
504,78155,24,2686,738,1653
505,78294,25,2706,756,1648
506,78462,21,2698,756,1639
507,78751,18,2705,747,1663
508,78891,19,2695,735,1670
509,79042,24,2705,722,1696
510,79165,18,2707,707,1718
511,79296,19,2708,703,1722
512,79444,18,2715,673,1768
513,79582,18,2722,666,1796
514,79730,20,2726,650,1817
515,79929,21,2728,611,1866
516,80052,20,2731,603,1897
517,80393,231,2726,590,1907
518,80537,20,2733,576,1929
519,80681,19,2732,569,1937
520,80827,28,2759,592,1944
521,81085,22,2765,573,1971
522,81210,20,2784,574,1990
523,81341,20,2783,556,2013
524,81472,20,2787,559,2015
525,81604,20,2788,543,2034
526,81761,21,2799,555,2031
527,82154,30,2812,548,2044
528,82311,19,2816,531,2069
529,82442,20,2812,527,2072
530,82570,22,2813,528,2072
531,82712,20,2813,494,2111
532,82875,23,2810,486,2117
533,82999,21,2811,482,2124
534,83136,21,2824,493,2126
535,83271,20,2823,496,2121
536,83651,236,2832,494,2131
537,83805,20,2843,492,2146
538,83942,21,2853,494,2153
539,84089,21,2870,501,2161
540,84234,21,2876,501,2173
541,84357,24,2881,505,2174
542,84499,22,2883,492,2191
543,84642,22,2888,488,2199
544,84827,26,2884,488,2195
545,85301,21,2884,488,2195
546,85437,21,2884,490,2193
547,85557,20,2886,495,2188
548,85691,20,2897,506,2185
549,85817,22,2910,519,2185
550,85971,26,2918,528,2184
551,86116,21,2928,538,2180
552,86279,22,2928,542,2176
553,86421,22,2939,553,2174
554,86841,23,2933,555,2166
555,86991,21,2946,568,2162
556,87144,22,2956,579,2158
557,87287,29,2958,583,2156
558,87416,21,2957,584,2154
559,87562,22,2961,588,2154
560,87689,24,2961,590,2152
561,87817,24,2974,612,2140
562,88098,174,2975,605,2152
563,88260,22,2978,606,2155
564,88380,21,2982,607,2163
565,88501,24,2991,613,2167
566,88632,20,2993,601,2183
567,88760,25,2988,603,2176
568,88891,23,2991,609,2162
569,89016,22,2993,610,2162
570,89144,21,3001,602,2175
571,89430,22,3002,600,2175
572,89552,22,3002,590,2183
573,89682,23,3005,588,2188
574,89818,23,3010,580,2200
575,89966,22,3008,571,2213
576,90097,23,3006,566,2215
577,90227,23,3023,584,2213
578,90362,26,3020,576,2224
579,90478,23,3029,578,2230
580,90801,30,3045,579,2243
581,90938,21,3049,581,2244
582,91058,22,3069,591,2251
583,91199,22,3081,599,2258
584,91321,23,3098,612,2261
585,91426,21,3099,614,2260
586,91548,23,3108,617,2264
587,91672,26,3113,621,2261
588,91957,173,3120,621,2266
589,92096,23,3119,614,2272
590,92232,22,3121,610,2277
591,92380,22,3123,606,2283
592,92526,24,3122,598,2289
593,92667,22,3121,594,2293
594,92792,23,3143,607,2304
595,92927,23,3138,601,2305
596,93066,24,3137,593,2313
597,93410,23,3139,587,2322
598,93557,22,3141,592,2314
599,93682,21,3144,592,2316
600,93810,22,3156,597,2317
601,93945,24,3157,592,2325
602,94065,27,3157,583,2337
603,94185,22,3163,586,2337
604,94305,25,3164,588,2335
605,94441,23,3172,595,2332
606,94732,23,3180,594,2343
607,94869,25,3184,597,2343
608,94988,22,3203,614,2345
609,95120,23,3209,620,2345
610,95252,24,3227,635,2346
611,95374,24,3240,647,2343
612,95522,24,3239,641,2352
613,95652,25,3235,641,2348
614,95805,23,3237,643,2348
615,96089,25,3242,639,2355
616,96224,24,3243,623,2375
617,96348,27,3247,623,2376
618,96485,24,3262,631,2377
619,96625,23,3262,624,2387
620,96749,22,3277,639,2385
621,96890,25,3274,642,2378
622,97008,24,3275,633,2386
623,97151,24,3279,636,2389
624,97433,24,3277,634,2392
625,97563,23,3282,637,2394
626,97679,23,3317,667,2394
627,97802,23,3327,674,2393
628,97939,27,3334,677,2393
629,98058,25,3350,693,2391
630,98203,32,3351,683,2404
631,98359,24,3348,676,2409
632,98511,25,3348,676,2409
633,98955,25,3354,673,2424
634,99073,24,3350,676,2418
635,99217,24,3346,673,2417
636,99351,26,3346,665,2423
637,99473,25,3354,670,2427
638,99609,25,3356,671,2428
639,99736,24,3363,674,2429
640,99858,26,3366,677,2426
641,99999,25,3367,680,2424
642,100379,24,3368,676,2433
643,100512,24,3365,677,2428
644,100652,25,3373,681,2428
645,100784,30,3377,679,2439
646,100918,30,3391,691,2440
647,101041,24,3388,680,2449
648,101165,26,3391,676,2456
649,101302,26,3394,681,2455
650,101461,25,3401,686,2456
651,101851,25,3404,678,2467
652,102002,24,3406,676,2471
653,102136,23,3416,684,2470
654,102273,25,3424,688,2467
655,102410,28,3418,682,2469
656,102527,26,3419,684,2466
657,102667,28,3425,689,2467
658,102805,27,3438,703,2463
659,102908,24,3442,706,2464
660,103313,27,3442,690,2485
661,103455,26,3450,701,2481
662,103587,26,3445,698,2475
663,103718,27,3451,704,2475
664,103854,28,3464,717,2472
665,104000,27,3465,717,2473
666,104138,27,3465,715,2475
667,104273,24,3472,714,2483
668,104411,29,3469,715,2479
669,107115,2593,3469,708,2483
670,107254,28,3471,667,2514
671,107395,25,3470,669,2510
672,107546,30,3470,668,2510
673,107657,27,3480,681,2507
674,107802,31,3479,682,2503
675,107954,27,3478,673,2505
676,108083,32,3487,678,2499
677,108216,25,3487,672,2508
678,108380,29,3479,667,2504
679,108588,25,3480,669,2499
680,108737,25,3482,650,2522
681,108867,24,3479,631,2558
682,109002,24,3478,604,2590
683,109155,24,3483,596,2608
684,109299,25,3480,566,2643
685,109455,26,3480,538,2682
686,109619,34,3486,513,2716
687,109768,26,3494,509,2726
688,109978,29,3494,495,2746
689,110122,29,3503,497,2753
690,110272,25,3508,502,2750
691,110408,24,3515,509,2748
692,110600,54,3515,475,2788
693,110737,24,3515,455,2813
694,110888,24,3522,448,2834
695,111011,24,3533,462,2831
696,111146,24,3541,458,2838
697,111329,24,3543,437,2864
698,111468,28,3544,433,2871
699,111614,30,3546,423,2890
700,111734,26,3546,419,2899
701,111861,34,3559,429,2899
702,112002,25,3573,446,2891
703,112138,27,3578,454,2882
704,112283,26,3580,450,2898
705,112464,25,3588,449,2908
706,112619,26,3587,441,2917
707,112747,29,3596,450,2914
708,112898,26,3599,449,2918
709,113067,25,3605,438,2936
710,113222,32,3614,433,2955
711,113348,25,3615,432,2957
712,113472,25,3614,416,2980
713,113665,24,3629,432,2972
714,113810,24,3630,426,2981
715,113967,25,3637,432,2980
716,114101,28,3645,435,2985
717,114239,27,3661,446,2986
718,114382,26,3660,444,2987
719,114522,26,3668,448,2993
720,114728,86,3668,446,2995
721,114881,25,3666,447,2992
722,115022,24,3666,447,2993
723,115166,28,3665,447,2992
724,115293,26,3664,448,2990
725,115445,26,3656,432,3004
726,115587,26,3661,438,3000
727,115708,28,3664,436,3007
728,115924,96,3676,438,3021
729,116075,34,3676,418,3042
730,116199,27,3677,408,3054
731,116332,24,3678,410,3051
732,116474,34,3679,401,3064
733,116623,27,3678,402,3062
734,116772,25,3675,403,3058
735,116912,31,3685,401,3069
736,117138,101,3687,402,3070
737,117261,29,3687,399,3073
738,117407,31,3693,400,3081
739,117555,26,3696,406,3078
740,117692,28,3707,416,3077
741,117838,25,3719,426,3080
742,117978,25,3720,431,3078
743,118108,26,3723,436,3074
744,118231,27,3715,435,3068
745,118469,25,3717,428,3081
746,118610,28,3726,427,3090
747,118738,25,3737,432,3097
748,118892,27,3734,432,3094
749,119043,29,3727,429,3089
750,119181,28,3727,429,3084
751,119289,27,3739,442,3083
752,119421,27,3742,448,3080
753,119663,121,3748,455,3080
754,119794,29,3742,442,3099
755,119952,28,3742,437,3104
756,120094,27,3738,441,3096
757,120202,28,3754,456,3094
758,120334,27,3771,466,3114
759,120477,33,3780,471,3117
760,120620,30,3786,476,3118
761,120752,27,3795,476,3123
762,121010,28,3797,482,3119
763,121160,28,3809,491,3118
764,121284,28,3801,494,3104
765,121431,28,3802,484,3118
766,121566,28,3803,470,3133
767,121710,31,3806,477,3128
768,121840,27,3807,478,3125
769,121990,28,3815,487,3120
770,122150,31,3820,493,3114
771,122400,26,3825,484,3135
772,122535,27,3834,485,3135
773,122652,26,3839,483,3143
774,122783,26,3838,481,3142
775,122920,28,3837,480,3143
776,123053,27,3835,480,3141
777,123190,28,3835,480,3141
778,123330,26,3834,481,3139
779,123593,148,3836,483,3132
780,123731,27,3841,484,3134
781,123876,27,3835,483,3129
782,124031,28,3834,480,3137
783,124177,29,3834,481,3136
784,124304,26,3833,482,3134
785,124435,28,3833,477,3139
786,124584,29,3840,488,3129
787,124716,28,3842,490,3129
788,124884,29,3841,488,3133
789,125193,39,3842,480,3141
790,125345,27,3838,481,3136
791,125466,27,3844,487,3136
792,125596,26,3847,489,3144
793,125728,28,3856,496,3146
794,125860,28,3859,491,3161
795,126016,27,3855,492,3156
796,126161,28,3856,489,3157
797,126301,27,3865,495,3163
798,126677,256,3857,495,3156
799,126806,28,3882,519,3155
800,126964,28,3883,518,3154
801,127102,29,3895,526,3156
802,127233,28,3900,535,3151
803,127383,29,3902,537,3150
804,127512,32,3907,541,3153
805,127656,28,3916,550,3152
806,127793,29,3915,552,3148
807,127941,28,3914,552,3147
808,128247,27,3906,550,3141
809,128395,28,3914,559,3138
810,128531,28,3919,562,3137
811,128645,27,3915,563,3133
812,128760,28,3916,570,3127
813,128903,28,3916,572,3126
814,129040,28,3924,580,3123
815,129184,29,3923,580,3125
816,129319,27,3932,587,3125
817,129620,169,3933,586,3127
818,129763,30,3932,577,3128
819,129896,32,3939,584,3128
820,130022,27,3955,599,3127
821,130156,30,3959,609,3121
822,130297,31,3964,617,3118
823,130443,29,3964,618,3116
824,130586,28,3966,620,3116
825,130744,36,3971,626,3115
826,131044,177,3971,622,3114
827,131161,30,3977,624,3119
828,131307,27,3979,626,3119
829,131437,27,3976,626,3116
830,131576,27,3982,631,3114
831,131720,29,3985,634,3114
832,131853,29,3991,639,3114
833,132001,34,3990,640,3112
834,132135,29,3999,646,3119
835,132404,166,4001,647,3119
836,132563,31,4004,649,3120
837,132689,33,4006,653,3117
838,132829,33,4019,667,3107
839,132954,29,4023,670,3106
840,133084,29,4025,668,3110
841,133230,30,4034,677,3110
842,133393,30,4040,682,3105
843,133531,32,4050,690,3101
844,133818,158,4055,697,3100
845,133956,29,4053,697,3098
846,134097,30,4060,705,3091
847,134252,28,4062,702,3096
848,134381,29,4051,699,3087
849,134501,27,4060,707,3085
850,134661,33,4059,708,3083
851,134790,31,4072,723,3080
852,134940,48,4072,724,3079
853,135213,29,4075,729,3077
854,135339,28,4085,738,3077
855,135485,31,4099,752,3075
856,135629,47,4104,757,3073
857,135749,30,4101,758,3068
858,135883,33,4114,772,3063
859,136021,30,4112,773,3060
860,136165,30,4114,776,3057
861,136421,27,4117,780,3055
862,136548,28,4124,788,3053
863,136710,31,4140,804,3053
864,136858,28,4148,812,3053
865,136977,29,4154,818,3051
866,137114,32,4158,822,3051
867,137255,29,4160,824,3051
868,137391,31,4164,831,3043
869,137665,160,4158,819,3050
870,137828,29,4154,821,3044
871,137982,28,4162,816,3052
872,138116,30,4182,835,3057
873,138233,29,4190,839,3055
874,138357,29,4191,843,3060
875,138500,30,4194,841,3067
876,138657,31,4196,835,3076
877,138953,158,4193,807,3111
878,139118,30,4193,769,3168
879,139274,28,4187,735,3200
880,139425,29,4184,712,3228
881,139575,31,4193,708,3231
882,139725,30,4198,692,3254
883,139905,30,4214,703,3256
884,140063,31,4234,717,3255
885,140353,165,4249,701,3289
886,140523,33,4250,660,3338
887,140678,31,4250,651,3351
888,140820,34,4255,648,3367
889,140945,32,4259,647,3372
890,141090,29,4274,661,3371
891,141234,37,4285,656,3385
892,141417,30,4283,640,3405
893,141742,195,4289,631,3422
894,141897,41,4295,630,3430
895,142048,35,4305,629,3440
896,142203,31,4311,626,3444
897,142356,30,4314,626,3444
898,142488,29,4324,627,3451
899,142651,31,4325,621,3459
900,142782,31,4330,601,3489
901,143096,194,4336,605,3492
902,143232,35,4337,596,3505
903,143377,32,4339,590,3511
904,143517,34,4347,592,3514
905,143674,32,4364,608,3510
906,143831,33,4351,582,3525
907,143985,37,4361,582,3539
908,144143,32,4369,583,3539
909,144416,175,4375,576,3553
910,144563,33,4379,565,3570
911,144713,31,4379,565,3570
912,144850,32,4375,556,3580
913,144996,32,4378,559,3580
914,145180,31,4383,547,3598
915,145318,32,4382,549,3594
916,145460,30,4381,548,3592
917,145610,31,4383,547,3597
918,145883,32,4389,542,3603
919,146012,35,4394,542,3608
920,146148,32,4404,548,3614
921,146321,33,4403,541,3621
922,146470,30,4408,547,3620
923,146614,32,4410,549,3615
924,146777,31,4403,541,3616
925,146948,31,4405,533,3627
926,147254,200,4421,542,3633
927,147443,31,4425,532,3649
928,147579,38,4437,534,3662
929,147749,31,4437,521,3688
930,147907,32,4438,512,3700
931,148043,33,4453,521,3706
932,148189,31,4454,522,3705
933,148319,32,4465,533,3705
934,148520,35,4469,529,3714
935,148839,34,4471,509,3741
936,149027,39,4477,495,3767
937,149174,31,4480,494,3769
938,149335,35,4488,503,3767
939,149471,33,4489,499,3773
940,149634,37,4490,490,3785
941,149778,36,4492,486,3790
942,149943,35,4492,486,3790
943,150322,271,4499,477,3811
944,150457,32,4504,475,3819
945,150624,37,4502,475,3817
946,150768,32,4505,480,3815
947,150928,33,4507,481,3814
948,151078,35,4509,483,3814
949,151240,34,4508,479,3817
950,151370,34,4506,473,3825
951,151518,32,4506,472,3826
952,154108,2452,4506,425,3896
953,154250,38,4510,406,3926
954,154407,31,4509,394,3939
955,154552,33,4512,392,3942
956,154687,33,4512,386,3954
957,154826,36,4517,392,3951
958,154983,32,4511,390,3949
959,155139,33,4511,389,3952
960,155306,36,4516,391,3953
961,155486,63,4519,397,3950
962,155651,32,4517,396,3952
963,155799,37,4514,393,3952
964,155927,32,4511,391,3952
965,156073,29,4505,395,3941
966,156191,33,4500,387,3942
967,156328,31,4510,398,3940
968,156477,30,4513,403,3938
969,156615,37,4518,408,3935
970,156812,67,4519,408,3938
971,156954,33,4527,414,3937
972,157094,33,4529,422,3928
973,157233,30,4521,417,3928
974,157391,32,4521,418,3926
975,157527,30,4526,423,3928
976,157700,35,4520,423,3922
977,157860,32,4513,421,3916
978,158050,84,4513,417,3919
979,158198,32,4510,417,3916
980,158349,30,4509,419,3910
981,158489,30,4507,416,3909
982,158618,32,4512,421,3906
983,158756,31,4512,420,3907
984,158911,30,4514,421,3904
985,159043,31,4523,429,3905
986,159264,32,4524,426,3908
987,159389,31,4535,436,3901
988,159525,33,4528,436,3894
989,159662,40,4525,436,3891
990,159806,32,4537,448,3890
991,159969,31,4537,449,3890
992,160117,34,4537,443,3896
993,160335,114,4549,452,3890
994,160477,44,4554,452,3899
995,160616,30,4560,458,3897
996,160750,31,4569,459,3908
997,160905,32,4566,444,3925
998,161057,38,4550,444,3909
999,161207,36,4552,445,3910
1000,161344,30,4548,451,3899
1001,161540,31,4550,452,3900
1002,161693,35,4550,454,3894
1003,161817,33,4545,450,3896
1004,161950,31,4567,472,3889
1005,162078,32,4577,480,3891
1006,162229,32,4574,479,3888
1007,162360,32,4585,491,3887
1008,162503,33,4590,492,3891
1009,162701,29,4599,495,3900
1010,162835,38,4612,506,3896
1011,162970,32,4618,513,3895
1012,163100,32,4636,528,3896
1013,163238,33,4634,522,3895
1014,163400,31,4637,523,3894
1015,163537,32,4633,521,3893
1016,163759,123,4637,527,3890
1017,163890,36,4640,531,3889
1018,164018,31,4641,532,3888
1019,164168,35,4642,536,3885
1020,164317,31,4642,538,3882
1021,164462,34,4640,536,3883
1022,164612,35,4643,532,3888
1023,164737,35,4647,538,3881
1024,164989,132,4652,542,3879
1025,165115,32,4651,542,3878
1026,165257,33,4665,556,3870
1027,165388,32,4672,559,3874
1028,165515,32,4670,554,3871
1029,165681,33,4692,569,3870
1030,165817,34,4709,586,3865
1031,165952,34,4709,586,3865
1032,166189,127,4707,581,3870
1033,166334,33,4709,585,3865
1034,166481,34,4722,599,3863
1035,166618,34,4724,599,3865
1036,166750,34,4723,595,3870
1037,166926,34,4732,603,3868
1038,167056,36,4733,604,3868
1039,167178,35,4734,602,3871
1040,167336,34,4739,610,3865
1041,167600,32,4739,605,3872
1042,167738,34,4754,621,3862
1043,167880,34,4766,628,3860
1044,168029,33,4769,632,3859
1045,168163,37,4770,629,3862
1046,168275,35,4791,651,3859
1047,168420,34,4791,652,3858
1048,168561,36,4793,654,3852
1049,168802,132,4791,625,3882
1050,168956,32,4790,619,3893
1051,169121,34,4792,580,3937
1052,169289,34,4794,538,3986
1053,169448,32,4796,527,4009
1054,169601,35,4807,523,4026
1055,169748,32,4822,527,4040
1056,169907,40,4824,523,4047
1057,170072,35,4813,495,4069
1058,170346,157,4810,471,4092
1059,170499,42,4808,468,4092
1060,170661,37,4807,461,4103
1061,170800,34,4815,461,4107
1062,170954,33,4819,464,4109
1063,171116,37,4823,459,4120
1064,171265,34,4827,443,4139
1065,171419,35,4828,445,4137
1066,171571,39,4838,443,4164
1067,171844,47,4840,445,4163
1068,171973,32,4842,430,4183
1069,172131,36,4842,424,4188
1070,172286,35,4852,424,4205
1071,172435,34,4854,411,4225
1072,172587,33,4853,408,4227
1073,172717,35,4856,402,4239
1074,172869,40,4860,403,4250
1075,173012,35,4858,405,4243
1076,173271,164,4874,415,4248
1077,173426,34,4886,404,4268
1078,173571,34,4900,406,4282
1079,173712,34,4910,412,4284
1080,173853,34,4919,411,4295
1081,173996,35,4927,419,4293
1082,174130,34,4927,420,4287
1083,174270,35,4929,415,4297
1084,174411,33,4935,424,4290
1085,174561,34,4936,418,4300
1086,174832,37,4943,420,4302
1087,174984,37,4940,410,4308
1088,175140,37,4944,417,4303
1089,175271,35,4955,427,4306
1090,175414,35,4960,433,4304
1091,175566,40,4960,420,4321
1092,175726,39,4963,430,4309
1093,175903,36,4963,432,4307
1094,176200,175,4962,419,4320
1095,176368,35,4961,420,4316
1096,176511,35,4971,429,4317
1097,176669,35,4970,430,4315
1098,176826,34,4963,421,4310
1099,176979,34,4977,427,4317
1100,177110,38,4982,429,4312
1101,177246,35,4987,434,4312
1102,177535,152,4986,434,4311
1103,177696,47,4987,420,4326
1104,177845,44,4986,427,4318
1105,177988,36,4984,425,4323
1106,178132,35,4994,422,4343
1107,178285,34,4999,426,4344
1108,178440,39,4997,419,4354
1109,178585,37,4995,416,4358
1110,178872,187,5002,423,4358
1111,179000,35,4999,421,4359
1112,179151,37,4998,394,4383
1113,179282,34,5002,401,4380
1114,179423,34,5002,398,4386
1115,179549,35,5013,402,4393
1116,179687,32,5012,402,4392
1117,179829,33,5017,388,4406
1118,180118,170,5022,393,4404
1119,180258,36,5032,397,4409
1120,180393,36,5037,405,4396
1121,180549,34,5033,405,4392
1122,180696,36,5039,409,4396
1123,180842,42,5043,406,4394
1124,181005,37,5042,410,4389
1125,181148,35,5049,411,4391
1126,181441,169,5055,411,4401
1127,181591,35,5051,410,4398
1128,181730,35,5054,413,4396
1129,181866,36,5055,414,4393
1130,182004,36,5069,429,4392
1131,182148,37,5074,434,4390
1132,182293,36,5072,434,4388
1133,182445,36,5087,443,4385
1134,182740,167,5081,444,4378
1135,182884,33,5082,445,4376
1136,183028,36,5084,451,4370
1137,183163,36,5083,452,4367
1138,183316,38,5082,454,4363
1139,183456,35,5078,454,4359
1140,183630,35,5082,458,4358
1141,183778,37,5095,471,4351
1142,184062,36,5093,471,4349
1143,184190,33,5095,473,4352
1144,184314,34,5097,480,4346
1145,184456,36,5096,480,4344
1146,184588,35,5101,484,4341
1147,184732,35,5115,495,4337
1148,184877,36,5121,496,4346
1149,185029,41,5123,500,4344
1150,185310,35,5120,487,4358
1151,185456,35,5120,483,4372
1152,185582,36,5126,489,4372
1153,185718,37,5134,497,4369
1154,185855,41,5141,507,4364
1155,186017,35,5141,507,4366
1156,186172,37,5145,502,4375
1157,186441,165,5143,495,4382
1158,186586,38,5166,512,4393
1159,186749,37,5179,525,4389
1160,186898,37,5185,532,4387
1161,187040,36,5189,532,4390
1162,187182,42,5195,523,4409
1163,187318,37,5200,530,4404
1164,187462,36,5194,529,4399
1165,187734,174,5196,529,4406
1166,187881,38,5203,526,4411
1167,188041,43,5223,547,4410
1168,188177,37,5224,546,4412
1169,188323,36,5233,555,4412
1170,188466,35,5241,555,4417
1171,188613,38,5242,553,4420
1172,188752,38,5243,552,4422
1173,189038,182,5246,546,4432
1174,189177,37,5249,532,4442
1175,189325,38,5247,534,4439
1176,189467,37,5255,542,4437
1177,189619,40,5259,546,4434
1178,189773,36,5257,546,4432
1179,189915,36,5256,546,4431
1180,190066,37,5258,553,4424
1181,190387,35,5259,551,4425
1182,190564,42,5259,554,4423
1183,190713,35,5269,562,4420
1184,190872,38,5271,567,4417
1185,191014,38,5272,562,4424
1186,191178,41,5272,562,4424
1187,191317,35,5291,581,4422
1188,191472,38,5291,582,4417
1189,191738,35,5305,596,4417
1190,191889,37,5308,596,4418
1191,192025,38,5312,602,4413
1192,192166,38,5310,602,4411
1193,192316,38,5310,602,4411
1194,192459,36,5313,599,4412
1195,192589,39,5322,607,4413
1196,192741,35,5320,606,4411
1197,193020,36,5321,606,4412
1198,193169,37,5323,608,4411
1199,193306,43,5325,604,4410
1200,193428,43,5326,603,4415
1201,193579,36,5326,605,4415
1202,193709,38,5333,612,4414
1203,193853,43,5343,623,4412
1204,194006,40,5355,634,4406
1205,194327,42,5362,645,4403
1206,194488,37,5359,641,4407
1207,194623,37,5367,648,4409
1208,194771,35,5365,640,4416
1209,194910,36,5378,654,4414
1210,195056,39,5383,658,4414
1211,195207,43,5398,668,4411
1212,195376,50,5405,668,4417
1213,195677,40,5404,663,4419
1214,195818,41,5393,657,4416
1215,195968,41,5412,672,4418
1216,196106,37,5417,681,4409
1217,196239,36,5431,695,4405
1218,196401,43,5438,701,4402
1219,196527,40,5443,706,4396
1220,196695,43,5441,704,4397
1221,196856,41,5455,715,4397
1222,199124,36,5456,634,4516
1223,199296,39,5453,604,4567
1224,199451,37,5454,580,4599
1225,199621,39,5454,567,4605
1226,199780,40,5467,564,4625
1227,199939,38,5477,549,4644
1228,200121,38,5478,549,4651
1229,200277,44,5481,551,4649
1230,200460,75,5485,541,4673
1231,200611,42,5489,544,4675
1232,200774,36,5491,537,4682
1233,200919,40,5484,514,4706
1234,201064,36,5484,510,4712
1235,201226,37,5483,493,4730
1236,201370,38,5487,487,4739
1237,201505,37,5485,466,4763
1238,201704,93,5500,472,4780
1239,201842,38,5496,469,4779
1240,201992,38,5495,454,4800
1241,202150,38,5491,448,4807
1242,202306,37,5496,451,4806
1243,202467,39,5506,452,4821
1244,202616,38,5518,452,4835
1245,202754,38,5524,440,4859
1246,202943,78,5525,435,4865
1247,203098,37,5524,412,4901
1248,203252,38,5523,412,4900
1249,203404,38,5525,416,4893
1250,203578,39,5538,416,4906
1251,203728,38,5530,410,4908
1252,203886,40,5545,421,4906
1253,204027,39,5542,416,4907
1254,204214,39,5548,409,4918
1255,204374,41,5556,402,4936
1256,204503,37,5556,394,4947
1257,204672,39,5565,402,4947
1258,204830,39,5566,410,4940
1259,204961,38,5565,405,4946
1260,205113,37,5566,405,4943
1261,205325,87,5566,391,4963
1262,205473,38,5573,397,4963
1263,205630,38,5580,407,4960
1264,205813,40,5580,403,4964
1265,205947,38,5581,403,4962
1266,206081,40,5583,398,4971
1267,206225,44,5588,403,4967
1268,206447,124,5596,412,4966
1269,206599,38,5597,413,4965
1270,206745,38,5591,413,4959
1271,206888,39,5601,421,4961
1272,207027,37,5612,430,4964
1273,207177,39,5608,421,4976
1274,207324,39,5612,425,4973
1275,207473,39,5612,419,4980
1276,207712,39,5611,417,4981
1277,207876,46,5610,414,4986
1278,208025,38,5608,409,4988
1279,208168,43,5609,411,4987
1280,208310,38,5625,420,4992
1281,208484,45,5628,420,4999
1282,208649,42,5637,421,5005
1283,208953,186,5639,418,5009
1284,209092,38,5648,422,5013
1285,209284,42,5645,421,5014
1286,209451,40,5641,418,5013
1287,209587,37,5655,432,5010
1288,209727,39,5650,433,5002
1289,209878,47,5667,440,5011
1290,210020,38,5658,440,5002
1291,210238,38,5666,449,5001
1292,210427,37,5666,446,5007
1293,210572,39,5668,442,5014
1294,210725,39,5669,436,5022
1295,210868,43,5667,436,5020
1296,211017,38,5670,442,5016
1297,211178,43,5672,444,5014
1298,211364,38,5677,434,5028
1299,211656,38,5678,429,5037
1300,211821,38,5676,423,5042
1301,211961,37,5679,420,5049
1302,212136,39,5675,417,5042
1303,212292,40,5675,416,5042
1304,212433,39,5679,406,5054
1305,212593,42,5675,397,5057
1306,212753,38,5676,399,5056
1307,213010,40,5687,407,5050
1308,213156,40,5693,413,5049
1309,213311,39,5691,412,5046
1310,213478,40,5688,410,5045
1311,213644,41,5699,426,5038
1312,213801,45,5701,421,5042
1313,213942,40,5709,421,5056
1314,214110,49,5717,427,5054
1315,214566,338,5719,419,5071
1316,214708,47,5720,417,5076
1317,214888,45,5730,426,5076
1318,215064,47,5725,425,5072
1319,215277,68,5725,423,5077
1320,215428,40,5734,432,5075
1321,215592,44,5732,430,5079
1322,215742,43,5735,432,5072
1323,215899,41,5739,436,5071
1324,216199,190,5743,439,5069
1325,216346,41,5756,439,5073
1326,216516,40,5760,449,5064
1327,216693,41,5760,444,5072
1328,216830,40,5759,444,5071
1329,216982,39,5764,448,5068
1330,217141,43,5764,440,5082
1331,217292,41,5769,446,5083
1332,217444,39,5773,446,5084
1333,217716,154,5773,445,5086
1334,217879,41,5771,446,5083
1335,218015,38,5770,445,5086
1336,218167,45,5771,454,5067
1337,218317,40,5776,458,5063
1338,218464,39,5779,461,5063
1339,218624,39,5779,460,5059
1340,218769,38,5789,467,5059
1341,218930,40,5790,464,5066
1342,219209,167,5785,465,5060
1343,219352,38,5785,464,5063
1344,219487,39,5783,463,5063
1345,219628,40,5782,461,5064
1346,219779,42,5781,462,5061
1347,219936,39,5782,465,5058
1348,220097,39,5798,481,5053
1349,220248,42,5797,484,5046
1350,220587,212,5805,490,5044
1351,220749,42,5801,487,5045
1352,220890,39,5812,495,5050
1353,221038,41,5811,489,5055
1354,221191,38,5816,496,5052
1355,221338,39,5824,503,5056
1356,221480,37,5828,507,5053
1357,221634,39,5827,507,5052
1358,221781,38,5826,507,5051
1359,222072,42,5822,505,5049
1360,222230,39,5821,505,5048
1361,222409,40,5822,511,5044
1362,222550,44,5829,519,5043
1363,222714,46,5825,519,5039
1364,222856,44,5828,523,5035
1365,223019,42,5824,523,5031
1366,223161,41,5826,524,5032
1367,223472,43,5839,533,5035
1368,223611,38,5844,540,5033
1369,223773,43,5846,541,5033
1370,223927,41,5849,546,5031
1371,224075,42,5850,546,5031
1372,224210,39,5860,556,5029
1373,224354,40,5874,574,5025
1374,224618,158,5870,572,5024
1375,224769,39,5873,573,5021
1376,224909,42,5883,583,5021
1377,225040,40,5898,589,5025
1378,225170,41,5910,596,5022
1379,225319,41,5910,596,5022
1380,225470,40,5922,607,5021
1381,225619,43,5916,602,5022
1382,225897,40,5922,608,5021
1383,226041,41,5934,619,5021
1384,226209,40,5946,629,5025
1385,226359,39,5944,629,5023
1386,226493,39,5957,642,5021
1387,226636,42,5972,654,5025
1388,226769,41,5973,654,5027
1389,227045,167,5974,655,5027
1390,227207,40,5972,657,5023
1391,227387,44,5971,657,5022
1392,227538,43,5975,662,5020
1393,227712,42,5972,662,5017
1394,227864,40,5977,670,5012
1395,227997,42,5976,670,5011
1396,228135,43,5978,672,5006
1397,228428,42,5987,681,5003
1398,228562,43,6003,697,5000
1399,228698,41,5996,698,4989
1400,228872,42,5993,700,4983
1401,229035,40,5994,689,4995
1402,229204,42,6000,654,5037
1403,229364,42,6011,651,5065
1404,229625,40,6020,606,5124
1405,229788,43,6020,596,5137
1406,229954,43,6021,578,5159
1407,230126,45,6020,560,5186
1408,230279,46,6044,578,5191
1409,230434,42,6039,557,5208
1410,230580,44,6040,551,5216
1411,230869,162,6040,538,5233
1412,231032,42,6038,522,5251
1413,231183,42,6040,502,5275
1414,231332,40,6049,504,5276
1415,231480,40,6054,508,5281
1416,231650,43,6051,477,5316
1417,231791,40,6052,464,5333
1418,232089,168,6052,449,5358
1419,232268,44,6063,445,5376
1420,232413,43,6071,444,5382
1421,232545,42,6069,438,5388
1422,232709,43,6069,437,5398
1423,232870,45,6074,424,5426
1424,233017,43,6088,429,5431
1425,233166,42,6087,424,5435
1426,233494,41,6087,403,5459
1427,233661,49,6098,414,5455
1428,233823,41,6112,428,5450
1429,233977,43,6113,425,5454
1430,234140,41,6114,420,5459
1431,234276,42,6118,417,5465
1432,234396,40,6118,418,5458
1433,234687,172,6119,413,5468
1434,234869,46,6122,416,5468
1435,235032,43,6145,429,5477
1436,235190,42,6147,423,5486
1437,235348,46,6152,415,5502
1438,235489,44,6153,407,5512
1439,235638,40,6150,396,5525
1440,235890,156,6161,399,5533
1441,236040,42,6170,400,5543
1442,236180,45,6171,399,5546
1443,236339,53,6176,404,5546
1444,236481,43,6176,397,5552
1445,236636,46,6184,403,5557
1446,236775,43,6190,398,5565
1447,236929,41,6192,401,5553
1448,237226,42,6197,397,5567
1449,237416,43,6198,394,5571
1450,237579,44,6204,399,5568
1451,237730,44,6210,402,5569
1452,237878,44,6213,402,5575
1453,238027,48,6218,400,5580
1454,238187,44,6213,394,5582
1455,238502,204,6210,395,5573
1456,238656,41,6198,381,5582
1457,238808,40,6201,369,5598
1458,238959,42,6216,384,5595
1459,239124,44,6218,382,5600
1460,239272,44,6218,374,5608
1461,239432,50,6225,374,5615
1462,239590,45,6229,380,5611
1463,239881,161,6229,374,5618
1464,240017,45,6243,381,5622
1465,240163,45,6251,374,5646
1466,240326,44,6248,373,5643
1467,240465,47,6246,373,5643
1468,240605,45,6247,374,5643
1469,240772,43,6250,367,5663
1470,240919,45,6253,369,5664
1471,241218,184,6254,370,5665
1472,241364,42,6261,376,5664
1473,241525,44,6261,377,5659
1474,241667,43,6277,393,5653
1475,241813,43,6280,403,5646
1476,241979,44,6283,403,5649
1477,242136,45,6285,407,5647
1478,242293,44,6292,411,5652
1479,242595,202,6312,427,5658
1480,242757,48,6311,423,5668
1481,242899,43,6312,429,5662
1482,243053,48,6307,428,5657
1483,243193,48,6308,429,5655
1484,243364,44,6310,428,5658
1485,243539,43,6306,427,5657
1486,243677,50,6316,437,5654
1487,243820,46,6330,451,5652
1488,245975,2051,6325,437,5670
1489,246133,44,6329,433,5684
1490,246261,43,6338,444,5682
1491,246417,44,6339,442,5681
1492,246567,41,6341,443,5686
1493,246712,44,6352,457,5679
1494,246872,43,6350,458,5676
1495,247030,44,6351,450,5682
1496,247239,80,6361,447,5693
1497,247395,43,6365,443,5699
1498,247535,42,6370,438,5709
1499,247669,41,6375,444,5707
1500,247844,44,6373,437,5712
1501,248000,42,6373,437,5712
1502,248153,43,6372,437,5711
1503,248316,48,6377,441,5714
1504,248471,44,6382,446,5710
1505,248669,48,6392,456,5708
1506,248814,43,6394,459,5703
1507,248974,46,6392,457,5701
1508,249122,42,6390,453,5702
1509,249287,41,6410,473,5698
1510,249459,45,6417,479,5699
1511,249621,46,6422,470,5716
1512,249780,41,6423,471,5715
1513,249983,46,6425,466,5724
1514,250119,40,6425,463,5728
1515,250281,56,6433,467,5730
1516,250435,43,6432,467,5731
1517,250603,43,6433,476,5720
1518,250769,47,6433,473,5723
1519,250910,45,6439,474,5723
1520,251127,42,6438,477,5720
1521,251279,43,6445,479,5721
1522,251430,42,6454,489,5717
1523,251591,43,6457,493,5715
1524,251768,44,6458,492,5714
1525,251910,44,6462,493,5716
1526,252064,49,6472,504,5708
1527,252276,44,6467,502,5708
1528,252446,43,6451,498,5696
1529,252594,43,6451,497,5694
1530,252740,46,6456,500,5696
1531,252927,53,6460,505,5693
1532,253066,49,6468,513,5690
1533,253231,41,6476,517,5694
1534,253467,124,6477,519,5689
1535,253605,45,6486,519,5694
1536,253761,42,6491,528,5689
1537,253903,43,6489,524,5691
1538,254094,57,6501,538,5684
1539,254241,47,6500,537,5683
1540,254374,44,6503,540,5675
1541,254598,109,6509,548,5675
1542,254749,48,6503,552,5665
1543,254954,58,6502,550,5666
1544,255099,45,6502,550,5666
1545,255262,45,6512,566,5652
1546,255407,42,6508,561,5655
1547,255559,45,6517,568,5655
1548,255710,44,6523,572,5658
1549,255966,49,6528,577,5658
1550,256119,43,6529,577,5660
1551,256302,58,6531,580,5657
1552,256446,45,6530,579,5657
1553,256602,43,6528,574,5655
1554,256753,44,6528,574,5655
1555,256912,44,6528,574,5655
1556,257157,124,6540,586,5651
1557,257305,47,6547,592,5650
1558,257466,45,6554,593,5653
1559,257609,45,6555,594,5651
1560,257762,45,6558,596,5648
1561,257912,43,6560,596,5643
1562,258059,44,6561,597,5641
1563,258186,45,6564,601,5640
1564,258448,45,6563,602,5637
1565,258613,42,6570,610,5636
1566,258783,43,6568,579,5681
1567,258944,43,6573,555,5713
1568,259121,46,6579,550,5721
1569,259298,44,6586,540,5738
1570,259461,45,6591,543,5736
1571,259723,129,6592,534,5749
1572,259919,47,6591,516,5782
1573,260078,59,6595,518,5788
1574,260228,46,6605,520,5794
1575,260398,46,6615,510,5822
1576,260560,48,6623,512,5828
1577,260725,43,6621,489,5850
1578,260901,56,6620,489,5849
1579,261054,45,6621,483,5861
1580,261313,45,6628,459,5897
1581,261467,44,6626,441,5913
1582,261634,45,6629,436,5921
1583,261782,44,6636,433,5933
1584,261964,48,6634,412,5952
1585,262128,45,6633,412,5951
1586,262277,45,6639,411,5952
1587,262423,43,6639,408,5963
1588,262681,162,6643,409,5974
1589,262846,45,6641,387,6002
1590,262995,45,6648,388,6006
1591,263152,46,6655,380,6023
1592,263337,50,6669,390,6017
1593,263501,46,6672,388,6020
1594,263669,47,6679,393,6023
1595,263823,45,6685,397,6022
1596,263989,49,6701,406,6030
1597,264245,45,6707,389,6064
1598,264408,46,6708,392,6064
1599,264571,45,6710,387,6072
1600,264706,45,6725,402,6071
1601,264859,47,6732,399,6083
1602,265027,52,6732,376,6118
1603,265178,47,6733,377,6118
1604,265342,48,6737,373,6125
1605,265651,182,6735,364,6135
1606,265823,46,6735,368,6131
1607,265982,44,6735,365,6135
1608,266142,45,6733,365,6134
1609,266305,46,6732,356,6143
1610,266447,48,6731,355,6145
1611,266593,47,6730,350,6150
1612,266753,47,6731,355,6142
1613,267035,44,6731,355,6142
1614,267184,43,6730,355,6141
1615,267348,67,6740,360,6140
1616,267494,50,6739,334,6169
1617,267636,42,6743,340,6167
1618,267800,46,6750,351,6162
1619,267981,48,6755,353,6168
1620,268141,46,6768,357,6178
1621,268404,46,6767,352,6188
1622,268552,45,6767,352,6188
1623,268713,44,6764,342,6197
1624,268863,47,6771,341,6204
1625,269003,47,6776,339,6213
1626,269156,48,6788,343,6216
1627,269322,48,6796,344,6226
1628,269609,176,6803,345,6229
1629,269755,44,6811,348,6235
1630,269927,45,6820,357,6235
1631,270083,45,6821,352,6244
1632,270270,48,6815,350,6240
1633,270430,47,6815,351,6237
1634,270563,46,6822,358,6234
1635,270843,178,6831,362,6237
1636,271000,50,6824,361,6231
1637,271155,47,6829,366,6228
1638,271319,47,6831,368,6227
1639,271511,62,6830,361,6234
1640,271680,49,6831,360,6236
1641,271833,45,6838,365,6245
1642,272114,178,6838,365,6245
1643,272274,46,6837,364,6246
1644,272458,58,6837,360,6254
1645,272604,45,6835,360,6252
1646,272748,45,6835,353,6260
1647,272894,44,6833,353,6258
1648,273041,49,6836,357,6254
1649,273312,164,6833,358,6248
1650,273475,50,6840,365,6248
1651,273646,51,6839,368,6241
1652,273787,45,6833,367,6236
1653,273940,50,6827,367,6230
1654,274101,48,6827,367,6230
1655,274262,47,6826,367,6229
1656,274549,191,6832,374,6221
1657,274696,43,6848,390,6213
1658,274842,48,6854,396,6211
1659,275011,46,6850,396,6207
1660,275170,48,6848,397,6203
1661,275320,45,6851,402,6201
1662,275480,48,6853,405,6200
1663,275765,166,6855,408,6195
1664,275937,48,6856,409,6195
1665,276099,50,6858,411,6193
1666,276246,48,6863,416,6193
1667,276402,49,6864,419,6192
1668,276581,51,6864,419,6195
1669,276752,48,6866,419,6202
1670,277092,46,6872,416,6204
1671,277252,44,6883,427,6200
1672,277414,48,6888,432,6197
1673,277606,45,6890,423,6208
1674,277747,54,6890,423,6208
1675,277917,48,6890,422,6210
1676,278078,47,6890,423,6209
1677,278425,52,6888,425,6203
1678,278593,50,6887,425,6202
1679,278729,47,6888,427,6201
1680,278878,49,6888,425,6205
1681,279022,48,6885,424,6203
1682,279178,46,6903,441,6204
1683,279336,49,6907,440,6211
1684,279614,178,6913,443,6210
1685,279785,55,6920,445,6214
1686,279986,56,6916,444,6212
1687,280152,51,6924,450,6209
1688,280358,67,6926,450,6207
1689,280541,54,6935,459,6207
1690,280728,73,6950,470,6211
1691,281016,180,6957,477,6208
1692,281163,48,6960,473,6221
1693,281317,46,6960,467,6225
1694,281491,57,6960,467,6225
1695,281670,55,6960,466,6226
1696,281828,52,6975,481,6219
1697,282014,50,6973,474,6218
1698,282314,162,6984,483,6219
1699,282473,47,6984,484,6214
1700,282622,49,6985,485,6212
1701,282776,50,6995,494,6208
1702,282942,50,7001,501,6216
1703,283077,50,7012,510,6217
1704,283261,48,7012,509,6220
1705,283521,155,7015,511,6223
1706,283671,47,7018,517,6220
1707,283827,49,7020,520,6217
1708,283979,50,7039,538,6217
1709,284140,48,7039,536,6221
1710,284291,48,7046,542,6216
1711,284468,51,7048,541,6222
1712,284618,51,7052,545,6222
1713,286800,2060,7055,528,6242
1714,286955,48,7047,522,6245
1715,287121,49,7043,521,6243
1716,287287,49,7043,529,6237
1717,287439,50,7045,529,6238
1718,287605,52,7059,546,6230
1719,287750,47,7059,546,6230
1720,287925,46,7054,543,6231
1721,288111,45,7054,543,6231
1722,288265,47,7058,547,6221
1723,288418,46,7058,547,6221
1724,288584,51,7059,546,6222
1725,288760,47,7067,534,6250
1726,288931,49,7074,507,6291
1727,289098,45,7074,495,6305
1728,289308,92,7082,465,6358
1729,289468,47,7083,448,6381
1730,289639,47,7079,430,6408
1731,289796,50,7087,438,6408
1732,289966,49,7096,435,6419
1733,290137,49,7101,434,6424
1734,290298,49,7115,441,6429
1735,290447,47,7121,436,6444
1736,290660,46,7126,425,6461
1737,290829,51,7122,402,6487
1738,290995,48,7121,399,6495
1739,291163,47,7124,393,6504
1740,291352,58,7126,384,6513
1741,291531,49,7128,364,6539
1742,291699,48,7126,356,6545
1743,291928,48,7124,354,6548
1744,292081,47,7127,352,6547
1745,292239,48,7134,347,6562
1746,292392,47,7142,352,6571
1747,292587,48,7149,350,6587
1748,292747,51,7150,346,6595
1749,292899,49,7149,346,6597
1750,293102,46,7149,331,6610
1751,293255,47,7153,320,6628
1752,293422,51,7155,318,6636
1753,293591,50,7159,313,6648
1754,293749,49,7166,312,6652
1755,293892,51,7173,310,6648
1756,294045,49,7182,313,6653
1757,294250,101,7171,312,6643
1758,294417,49,7172,311,6647
1759,294577,47,7173,300,6659
1760,294757,46,7173,287,6682
1761,294912,52,7179,288,6682
1762,295088,54,7180,287,6686
1763,295250,53,7187,295,6682
1764,295450,111,7187,291,6686
1765,295609,50,7186,283,6699
1766,295754,47,7193,285,6706
1767,295938,49,7194,286,6705
1768,296106,50,7196,279,6717
1769,296267,48,7196,273,6724
1770,296442,55,7209,286,6710
1771,296683,136,7212,288,6711
1772,296855,46,7210,278,6716
1773,297002,47,7212,273,6725
1774,297154,50,7215,283,6715
1775,297321,47,7215,282,6715
1776,297494,50,7219,289,6709
1777,297662,47,7222,280,6724
1778,297799,48,7223,278,6726
1779,298071,50,7228,282,6728
1780,298241,48,7242,287,6738
1781,298394,52,7244,289,6738
1782,298542,48,7255,300,6737
1783,298713,55,7261,306,6734
1784,298863,48,7264,309,6733
1785,299018,54,7271,316,6730
1786,299200,49,7271,316,6730
1787,299483,57,7271,313,6738
1788,299643,55,7271,313,6738
1789,299789,48,7293,335,6736
1790,299949,50,7303,341,6739
1791,300107,47,7314,350,6738
