tick,timestamp,query_runtime,trav_index_nodes,trav_vol_nodes,trav_unprod_nodes
0,1526,8,27,27,0
1,2660,19,81,81,0
2,3491,5,177,177,0
3,4115,8,219,219,0
4,4856,14,269,269,0
5,5725,3,286,286,0
6,6162,4,325,325,0
7,6817,143,360,360,0
8,7312,4,387,387,0
9,7786,4,413,413,0
10,8352,29,478,478,0
11,9254,45,503,503,0
12,10104,8,514,514,0
13,10537,7,560,560,0
14,10965,5,586,586,0
15,11346,5,626,626,0
16,11761,7,652,652,0
17,12798,6,691,691,0
18,13175,7,736,736,0
19,13534,7,765,765,0
20,13969,10,807,807,0
21,14309,10,841,841,0
22,14823,49,877,877,0
23,15644,29,888,888,0
24,16676,8,947,947,0
25,17068,8,962,962,0
26,17473,9,1008,1008,0
27,17934,8,1030,1030,0
28,18328,8,1055,1055,0
29,18693,9,1079,1079,0
30,19037,11,1100,1100,0
31,19364,10,1119,1119,0
32,20858,9,1133,1133,0
33,21208,9,1168,1168,0
34,21557,8,1193,1193,0
35,21971,9,1218,1218,0
36,22389,18,1243,1243,0
37,22763,10,1301,1301,0
38,23146,10,1339,1339,0
39,23539,12,1355,1355,0
40,24382,89,1375,1375,0
41,25283,88,1395,1395,0
42,26548,12,1429,1429,0
43,26928,13,1452,1452,0
44,27271,12,1504,1504,0
45,27640,15,1533,1533,0
46,28002,15,1550,1550,0
47,28344,12,1572,1572,0
48,28721,12,1595,1595,0
49,29131,14,1614,1614,0
50,29495,14,1633,1633,0
51,29829,35,1676,1676,0
52,30271,20,1707,1685,5
53,32465,13,1729,1196,323
54,32872,13,1769,1195,353
55,33273,19,1799,1173,381
56,33701,16,1839,1134,437
57,34071,13,1867,1103,464
58,34440,13,1884,1074,499
59,34848,13,1910,1069,518
60,35199,14,1940,1088,515
61,35575,14,1965,1072,538
62,35976,15,2039,1100,578
63,36358,19,2056,1054,611
64,36797,15,2071,1043,624
65,37182,14,2111,1037,651
66,37539,15,2134,1005,695
67,37908,15,2175,997,722
68,38298,21,2204,992,758
69,38686,17,2209,973,783
70,39068,18,2228,973,797
71,39408,19,2276,996,800
72,39759,16,2305,1010,812
73,40120,21,2341,1037,816
74,40515,23,2377,1028,858
75,41333,19,2398,976,932
76,41693,16,2417,960,954
77,42014,17,2468,990,967
78,42366,18,2490,1016,955
79,42716,19,2523,1036,961
80,43054,18,2529,1011,979
81,43408,18,2562,1027,986
82,43769,20,2582,1016,1004
83,44153,23,2598,1009,1019
84,44503,21,2628,1013,1032
85,47048,19,2647,940,1127
86,47411,25,2680,959,1129
87,47720,22,2688,952,1136
88,48084,22,2715,942,1166
89,48443,23,2731,938,1183
90,48823,23,2753,936,1200
91,49190,21,2766,938,1205
92,49589,37,2791,954,1208
93,49987,32,2816,980,1199
94,50381,30,2842,1012,1181
95,51246,19,2871,1001,1220
96,51612,21,2883,991,1241
97,51954,23,2898,987,1263
98,52309,20,2910,996,1259
99,52681,28,2938,1008,1273
100,53018,23,2951,1009,1285
101,53356,22,2960,999,1306
102,53702,22,2962,999,1309
103,54032,22,2995,1018,1322
104,54354,22,2997,1020,1325
105,56362,1683,3029,1048,1330
106,56683,21,3040,1027,1370
107,57056,32,3059,1046,1367
108,57400,26,3081,1048,1380
109,57817,22,3105,1062,1382
110,58150,29,3133,1084,1385
111,58488,24,3148,1085,1386
112,58833,23,3180,1098,1384
113,59145,28,3199,1114,1377
114,59493,24,3210,1121,1372
115,59791,22,3214,1131,1347
116,60308,23,3215,1037,1470
117,60699,28,3222,1005,1518
118,61047,29,3256,1049,1500
119,61421,27,3283,1083,1481
120,61769,22,3298,1102,1475
121,62139,25,3326,1134,1463
122,62522,26,3346,1143,1482
123,62909,30,3355,1089,1565
124,63291,24,3373,1040,1643
125,63750,122,3379,971,1743
126,64113,24,3384,915,1814
127,64474,31,3400,917,1823
128,64783,23,3425,900,1874
129,65150,26,3426,839,1958
130,65512,29,3445,828,1993
131,65845,24,3482,825,2047
132,66206,35,3493,836,2057
133,66534,28,3507,818,2093
134,66872,26,3519,818,2110
135,67384,140,3537,802,2136
136,67824,32,3583,794,2187
137,68258,35,3589,744,2259
138,68604,25,3598,715,2323
139,68950,30,3632,750,2303
140,69277,26,3664,762,2315
141,69619,28,3704,790,2330
142,69943,28,3711,799,2319
143,70301,27,3759,801,2354
144,70603,30,3773,805,2373
145,72449,27,3784,737,2501
146,72761,26,3793,738,2500
147,73086,30,3820,751,2511
148,73452,27,3845,772,2501
149,73781,29,3855,774,2503
150,74122,25,3879,780,2520
151,74466,26,3900,786,2518
152,74813,34,3917,798,2504
153,75148,28,3920,810,2486
154,75560,29,3944,837,2478
155,75891,27,3952,847,2465
156,76245,31,3970,871,2454
157,76590,28,3962,876,2438
158,76899,32,3986,901,2431
159,77255,27,4002,906,2439
160,77558,30,4021,910,2445
161,77874,29,4040,935,2435
162,78202,32,4042,927,2442
163,78679,28,4071,941,2458
164,79035,30,4086,941,2475
165,79351,29,4096,941,2483
166,79721,29,4096,930,2502
167,80077,29,4108,948,2495
168,80372,29,4120,950,2502
169,80673,29,4132,945,2504
170,81039,31,4148,959,2495
171,81345,30,4166,977,2495
172,81681,30,4190,991,2498
173,82174,30,4203,992,2517
174,82509,29,4243,1017,2528
175,82877,29,4257,1031,2521
176,83169,29,4289,1054,2528
177,83527,30,4301,1063,2518
178,83813,29,4325,1075,2528
179,84130,31,4349,1085,2533
180,84464,31,4373,1097,2547
181,84928,143,4413,1126,2538
182,85249,30,4429,1138,2528
183,85585,36,4444,1160,2512
184,85924,29,4449,1171,2502
185,86315,40,4486,1218,2477
186,86646,33,4486,1214,2474
187,86980,39,4501,1226,2473
188,87325,42,4518,1239,2467
189,87690,34,4538,1253,2462
190,90017,35,4553,1166,2580
191,90438,31,4553,1060,2720
192,90818,30,4573,976,2842
193,91225,35,4592,892,2967
194,91654,39,4610,885,2999
195,92023,44,4632,841,3088
196,92412,33,4641,832,3103
197,92786,37,4676,837,3134
198,93271,33,4698,820,3176
199,93705,36,4699,817,3185
200,94039,35,4713,804,3216
201,94378,37,4743,778,3283
202,94762,45,4793,765,3350
203,95172,32,4813,764,3364
204,95518,37,4839,766,3399
205,95869,33,4854,753,3437
206,96338,33,4884,753,3472
207,96642,32,4899,746,3502
208,96987,33,4928,744,3529
209,97374,35,4927,741,3528
210,97762,35,4934,741,3518
211,98098,34,4954,738,3543
212,98501,37,4987,757,3561
213,98885,33,4989,762,3553
214,99338,39,5012,775,3553
215,99713,39,5014,767,3567
216,100102,36,5015,726,3620
217,100433,37,5018,713,3626
218,100787,39,5021,690,3659
219,101155,35,5023,698,3642
220,101480,34,5056,736,3611
221,101823,37,5076,764,3597
222,102457,33,5093,771,3607
223,102771,39,5119,777,3624
224,103162,44,5124,774,3632
225,103508,40,5143,789,3625
226,103913,44,5144,772,3644
227,104281,43,5163,775,3668
228,104647,46,5190,773,3690
229,105166,43,5190,769,3704
230,105510,36,5206,786,3703
231,105841,37,5222,785,3717
232,106232,41,5239,780,3726
233,106599,35,5241,771,3728
234,106947,42,5251,774,3744
235,107355,43,5269,784,3747
236,107868,188,5284,785,3761
237,108351,60,5296,780,3770
238,108741,36,5290,775,3768
239,109100,46,5298,771,3777
240,109448,40,5321,776,3800
241,109773,37,5349,789,3786
242,110137,36,5384,811,3797
243,110629,35,5392,817,3804
244,110934,37,5409,832,3794
245,111285,39,5445,858,3796
246,111637,38,5460,857,3824
247,112009,39,5471,856,3837
248,112340,37,5486,858,3846
249,112834,173,5502,864,3856
250,113231,40,5527,882,3840
251,113585,40,5532,880,3849
252,113943,44,5540,887,3851
253,114266,51,5569,910,3844
254,114620,39,5610,950,3836
255,115111,41,5635,970,3845
256,115459,39,5652,984,3840
257,115768,42,5663,990,3840
258,116084,38,5673,997,3833
259,116437,39,5694,1004,3845
260,116778,38,5700,1005,3855
261,117316,37,5744,1031,3859
262,117657,37,5748,1028,3866
263,118008,45,5764,1036,3863
264,118391,37,5773,1052,3849
265,118949,38,5778,1060,3842
266,119280,40,5813,1098,3822
267,119595,39,5839,1127,3814
268,119940,38,5851,1144,3796
269,120550,41,5856,1049,3943
270,120916,38,5878,974,4064
271,121309,39,5907,926,4165
272,121698,41,5962,935,4211
273,123551,39,5994,753,4484
274,123922,46,6006,742,4524
275,124309,54,6018,746,4536
276,124731,43,6021,711,4608
277,125078,37,6051,723,4636
278,125418,39,6076,741,4636
279,125841,75,6069,714,4681
280,126209,40,6067,721,4673
281,126548,54,6072,708,4705
282,126944,41,6092,694,4744
283,127365,48,6109,677,4790
284,127737,44,6132,684,4797
285,128093,44,6136,685,4808
286,128492,104,6158,686,4831
287,128841,41,6164,689,4829
288,129183,41,6175,697,4836
289,129584,41,6208,695,4869
290,130043,42,6206,685,4882
291,130391,44,6211,686,4909
292,130706,39,6235,696,4918
293,131151,45,6256,685,4954
294,131485,42,6283,712,4948
295,131878,43,6310,718,4969
296,132250,47,6333,720,4973
297,132747,47,6337,725,4967
298,133117,46,6338,723,4963
299,133483,45,6351,733,4968
300,133814,48,6370,741,4968
301,134279,39,6388,749,4969
302,134625,45,6397,750,4966
303,134980,45,6415,754,4987
304,135500,146,6420,758,4987
305,135870,46,6413,741,5008
306,136221,45,6429,744,5022
307,136584,45,6445,748,5042
308,136950,51,6449,755,5038
309,137407,49,6448,760,5033
310,137775,46,6464,765,5045
311,138113,41,6489,777,5053
312,138464,46,6502,792,5034
313,138936,42,6524,811,5025
314,139276,43,6553,844,4999
315,139600,43,6555,849,4990
316,139967,50,6559,856,4979
317,140308,46,6576,872,4969
318,140735,40,6599,873,4968
319,141070,44,6598,867,4970
320,141413,45,6610,862,4979
321,141792,41,6616,854,5010
322,142195,136,6628,862,5014
323,142517,41,6640,863,5027
324,142835,46,6660,878,5027
325,143176,44,6672,881,5024
326,143490,44,6680,890,5022
327,143962,181,6704,919,5009
328,144300,43,6715,925,5012
329,144595,46,6720,935,5005
330,144903,43,6751,961,4994
331,145213,44,6774,979,4996
332,145564,43,6775,982,4995
333,146025,45,6793,996,4999
334,146296,44,6802,1009,4988
335,146621,42,6832,1028,4989
336,146931,44,6860,1045,4999
337,147253,44,6882,1055,5008
338,147729,166,6887,1063,5010
339,148081,43,6895,1060,5011
340,148411,45,6916,1087,5010
341,148759,45,6917,1086,4999
342,149101,48,6944,1109,4993
343,149455,45,6945,1106,4997
344,149888,46,6966,1115,5010
345,150284,45,6981,1044,5137
346,150669,45,7003,1031,5178
347,151057,44,7004,940,5318
348,151438,47,7018,895,5406
349,151928,44,7034,896,5421
350,152268,45,7046,912,5415
351,152646,45,7051,920,5402
352,153037,46,7064,934,5379
353,153424,48,7076,902,5441
354,155176,1441,7106,763,5708
355,155555,45,7119,713,5775
356,155922,46,7122,710,5788
357,156287,45,7146,683,5841
358,156676,47,7154,679,5860
359,157069,94,7166,671,5881
360,157407,44,7179,669,5916
361,157798,48,7190,657,5928
362,158179,50,7196,636,5961
363,158602,44,7198,636,5977
364,159050,99,7214,633,5999
365,159397,43,7226,622,6017
366,159750,48,7248,628,6032
367,160096,46,7256,609,6064
368,160455,46,7250,583,6105
369,160856,119,7262,587,6124
370,161209,48,7286,599,6121
371,161593,46,7299,595,6144
372,161904,46,7304,601,6146
373,162252,48,7313,589,6166
374,162674,123,7327,591,6164
375,163010,45,7354,607,6166
376,163338,48,7372,609,6159
377,163682,50,7376,609,6159
378,164052,47,7390,623,6153
379,164499,48,7430,664,6141
380,164839,47,7439,668,6133
381,165184,47,7467,694,6118
382,165516,49,7490,714,6122
383,165835,48,7510,720,6127
384,166302,47,7511,706,6145
385,166679,49,7531,723,6136
386,167017,46,7546,735,6122
387,167337,50,7560,743,6118
388,167689,50,7585,749,6112
389,168133,46,7598,747,6125
390,168480,47,7616,759,6138
391,168848,50,7611,758,6121
392,169206,49,7649,788,6115
393,169580,47,7671,806,6117
394,170096,234,7687,803,6127
395,170456,48,7699,812,6118
396,170806,52,7701,807,6124
397,171140,48,7701,807,6121
398,171485,52,7709,816,6119
399,171953,50,7727,815,6149
400,172301,51,7743,831,6126
401,172644,50,7749,837,6115
402,173000,46,7740,833,6112
403,173316,53,7755,843,6114
404,173840,50,7771,856,6118
405,174204,48,7777,864,6126
406,174517,48,7792,892,6105
407,174889,49,7795,900,6090
408,175418,46,7812,903,6096
409,175752,47,7823,910,6081
410,176106,51,7837,918,6076
411,176445,50,7855,931,6081
412,176930,50,7884,953,6086
413,177255,48,7915,975,6072
414,177611,51,7918,984,6072
415,177987,53,7941,1003,6058
416,178482,50,7956,1018,6054
417,178840,57,7965,1020,6059
418,179226,52,7966,1010,6094
419,179714,53,7959,1005,6082
420,180029,51,7983,1017,6077
421,180461,51,7979,940,6188
422,182314,1505,7984,847,6340
423,182684,47,7994,678,6634
424,183063,51,8008,693,6630
425,183447,52,8007,666,6667
426,183852,50,8027,649,6705
427,184242,50,8042,675,6674
428,184598,50,8074,710,6638
429,185051,94,8071,715,6626
430,185393,50,8085,724,6637
431,185748,51,8087,729,6637
432,186155,51,8091,727,6637
433,186540,111,8099,706,6684
434,186903,49,8100,698,6695
435,187277,51,8108,675,6751
436,187644,51,8140,695,6750
437,188044,51,8160,685,6787
438,188400,53,8166,670,6810
439,188776,48,8180,656,6857
440,189090,55,8226,693,6851
441,189494,52,8235,677,6900
442,189876,51,8237,650,6942
443,190231,51,8250,635,6982
444,190663,137,8283,656,6998
445,191020,51,8286,636,7016
446,191381,51,8286,590,7067
447,191725,52,8312,610,7054
448,192171,52,8346,628,7061
449,192510,53,8360,627,7079
450,192871,54,8370,639,7063
451,193231,54,8375,638,7079
452,193702,51,8378,635,7094
453,194042,53,8384,615,7125
454,194389,51,8402,628,7131
455,194771,49,8413,632,7135
456,195205,52,8419,624,7145
457,195564,54,8418,617,7152
458,195929,54,8435,628,7157
459,196293,54,8441,626,7168
460,196761,157,8454,631,7168
461,197081,53,8499,668,7174
462,197437,53,8502,670,7165
463,197798,52,8497,664,7163
464,198141,53,8512,673,7159
465,198605,54,8541,691,7159
466,198938,53,8557,710,7144
467,199287,56,8569,726,7120
468,199612,53,8580,736,7112
469,200085,152,8603,752,7108
470,200397,52,8606,752,7110
471,200757,53,8616,748,7124
472,201120,54,8614,751,7113
473,201463,54,8629,755,7130
474,201902,166,8627,750,7135
475,202287,59,8648,761,7125
476,202656,55,8664,771,7137
477,203013,57,8681,783,7136
478,203423,53,8707,807,7112
479,203764,55,8720,821,7104
480,204190,55,8745,838,7101
481,204574,57,8752,844,7091
482,204914,56,8781,859,7100
483,205218,55,8810,892,7089
484,205562,57,8837,922,7082
485,206054,55,8844,923,7083
486,206377,57,8852,930,7088
487,206726,56,8874,952,7086
488,207074,55,8897,975,7065
489,207446,57,8890,973,7063
490,207873,160,8903,969,7077
491,208203,59,8926,986,7076
492,208570,57,8937,991,7083
493,208908,58,8953,998,7081
494,209245,59,8982,1025,7073
495,209569,58,8987,1025,7067
496,211376,55,9001,879,7322
497,211768,57,9018,904,7293
498,212164,58,9026,916,7270
499,212548,55,9054,922,7284
500,212959,56,9065,874,7353
501,213398,116,9092,847,7447
502,213776,57,9108,836,7473
503,214151,57,9118,837,7490
504,214515,55,9156,832,7511
505,214894,56,9162,760,7623
506,215271,56,9150,735,7654
507,215721,58,9163,723,7695
508,216122,57,9181,710,7734
509,216481,59,9186,691,7767
510,216836,57,9194,678,7785
511,217229,59,9191,660,7797
512,217681,61,9197,632,7845
513,218023,57,9218,648,7830
514,218400,59,9256,663,7846
515,218740,56,9260,655,7882
516,219095,59,9268,655,7889
517,219450,60,9278,668,7876
518,219916,59,9267,643,7900
519,220293,61,9286,614,7943
520,220644,55,9291,618,7943
521,221014,61,9313,626,7953
522,221383,57,9326,638,7949
523,221846,61,9323,621,7983
524,222218,58,9361,654,7971
525,222553,60,9371,655,7973
526,222897,61,9373,641,7990
527,223297,62,9378,627,8026
528,223638,58,9411,640,8043
529,224120,58,9420,613,8104
530,224493,59,9435,629,8088
531,224867,64,9448,626,8108
532,225239,59,9452,627,8114
533,225572,59,9467,625,8144
534,226077,60,9466,612,8161
535,226395,61,9499,638,8162
536,226762,63,9511,646,8168
537,227143,61,9522,645,8176
538,227514,61,9511,650,8167
539,228103,315,9557,688,8170
540,228497,62,9575,693,8210
541,228826,60,9607,720,8203
542,229193,62,9607,709,8213
543,229576,61,9623,733,8198
544,230077,60,9636,748,8190
545,230433,61,9656,756,8205
546,230798,61,9661,757,8211
547,231198,63,9680,765,8229
548,231687,210,9690,778,8214
549,232076,73,9708,787,8222
550,232446,65,9714,786,8238
551,232817,64,9734,799,8244
552,233316,224,9760,819,8225
553,233692,67,9766,822,8223
554,234039,64,9782,835,8228
555,234409,62,9779,844,8213
556,234942,65,9806,866,8206
557,235304,65,9824,886,8172
558,235650,65,9849,897,8175
559,236007,63,9854,902,8176
560,236517,58,9864,906,8175
561,236842,63,9883,920,8171
562,237216,60,9874,927,8149
563,238975,1443,9869,927,8149
564,239331,62,9883,918,8176
565,239736,73,9901,936,8164
566,240118,75,9916,946,8154
567,240597,109,9927,963,8124
568,241033,65,9929,969,8110
569,241428,61,9963,931,8187
570,241860,67,9965,817,8348
571,242342,73,9995,784,8427
572,242824,69,10014,740,8536
573,243253,70,10023,701,8617
574,243666,77,10045,683,8656
575,244124,73,10082,671,8734
576,244529,69,10091,643,8767
577,244913,61,10117,639,8792
578,245326,88,10131,619,8820
579,245799,73,10125,599,8857
580,246237,72,10134,573,8901
581,246640,74,10152,582,8888
582,246995,69,10191,605,8901
583,247503,69,10215,628,8896
584,247911,64,10219,633,8887
585,248283,66,10236,630,8914
586,248635,64,10254,624,8943
587,249087,64,10259,618,8953
588,249461,71,10274,605,9012
589,249820,65,10288,608,9020
590,250263,120,10290,605,9024
591,250607,61,10307,598,9075
592,250967,66,10312,588,9103
593,251325,66,10317,587,9105
594,251767,145,10327,594,9113
595,252135,62,10345,608,9078
596,252521,63,10343,598,9101
597,252912,66,10356,607,9101
598,253297,68,10368,590,9140
599,253874,132,10375,594,9141
600,254302,85,10389,596,9169
601,254699,71,10406,604,9179
602,255137,71,10407,596,9191
603,255563,73,10427,604,9182
604,255946,71,10429,601,9173
605,256357,64,10436,606,9183
606,256694,69,10456,624,9178
607,257137,148,10456,622,9182
608,257510,66,10492,655,9184
609,257910,77,10498,661,9165
610,258300,71,10503,675,9148
611,258725,85,10522,677,9161
612,259213,70,10547,690,9173
613,259585,70,10564,695,9184
614,260027,87,10558,698,9167
615,260416,78,10558,696,9171
616,260899,182,10571,706,9163
617,261291,63,10592,718,9164
618,261679,68,10612,739,9153
619,262055,89,10623,751,9145
620,262457,68,10640,762,9137
621,262935,70,10645,757,9155
622,263261,68,10658,765,9164
623,263656,87,10662,770,9160
624,264026,70,10673,781,9150
625,264394,69,10698,791,9157
626,264902,68,10726,822,9145
627,265272,70,10736,831,9136
628,265626,68,10734,832,9132
629,266019,71,10745,845,9121
630,266411,70,10775,872,9119
631,266872,68,10796,888,9117
632,267242,80,10813,897,9124
633,267636,65,10826,907,9102
634,268000,71,10831,919,9082
635,268364,66,10831,925,9068
636,268910,68,10846,942,9057
637,269278,70,10845,937,9064
638,269629,72,10870,958,9058
639,270014,67,10884,963,9059
640,270435,66,10879,889,9162
641,270988,66,10889,807,9310
642,271406,67,10913,798,9347
643,271813,67,10917,762,9410
644,272205,69,10939,754,9429
645,272621,70,10954,759,9439
646,274458,67,10969,624,9686
647,274820,68,10998,631,9708
648,275220,69,11004,616,9747
649,275645,72,11018,613,9759
650,276062,67,11008,603,9775
651,276502,65,11006,575,9809
652,276917,67,11025,586,9814
653,277303,69,11042,594,9824
654,277672,67,11068,605,9830
655,278181,138,11088,581,9882
656,278596,78,11083,549,9929
657,278962,69,11123,584,9916
658,279336,69,11129,585,9921
659,279718,68,11142,592,9931
660,280209,158,11147,567,9983
661,280599,68,11157,561,10004
662,280941,70,11188,577,10022
663,281317,71,11210,568,10047
664,281748,68,11196,565,10040
665,282222,166,11201,558,10046
666,282627,67,11210,566,10045
667,283024,77,11230,561,10075
668,283420,73,11228,539,10091
669,283833,74,11235,552,10078
670,284352,172,11233,543,10091
671,284726,69,11234,544,10095
672,285091,69,11260,556,10098
673,285478,69,11281,555,10114
674,285841,71,11288,569,10108
675,286331,179,11307,578,10117
676,286695,71,11319,583,10123
677,287073,69,11322,583,10115
678,287470,69,11327,589,10126
679,287861,68,11330,598,10116
680,288329,165,11344,598,10115
681,288717,70,11360,611,10109
682,289125,74,11361,605,10113
683,289482,70,11355,609,10099
684,289880,92,11352,602,10112
685,290378,171,11355,607,10108
686,290750,71,11380,626,10094
687,291150,72,11395,641,10088
688,291558,75,11411,653,10083
689,291968,83,11420,653,10097
690,292363,73,11432,659,10091
691,292910,74,11455,679,10073
692,293285,70,11465,699,10060
693,293642,82,11470,701,10070
694,294057,75,11485,718,10055
695,294431,71,11509,746,10025
696,294918,193,11525,759,10023
697,295343,78,11531,764,10020
698,295717,78,11560,790,10007
699,296123,89,11571,794,10010
700,296546,98,11582,801,10012
701,297023,201,11613,828,9990
702,297387,72,11629,838,9995
703,297738,76,11636,846,9990
704,298109,73,11649,863,9981
705,298438,77,11674,885,9983
706,298827,82,11678,884,9990
707,299387,109,11682,882,9992
708,299761,73,11687,885,9990
709,300259,73,11704,824,10111
