tick,timestamp,query_runtime,trav_index_nodes,trav_vol_nodes,trav_unprod_nodes
0,721,4,9,9,0
1,1097,1,27,27,0
2,1386,2,51,51,0
3,3519,3,74,74,0
4,3811,5,85,85,0
5,4101,4,88,88,0
6,4419,2,98,98,0
7,4689,2,104,104,0
8,4953,2,109,109,0
9,5198,2,127,127,0
10,5424,2,139,139,0
11,5678,2,143,143,0
12,6059,2,144,144,0
13,6211,1,152,152,0
14,6424,2,163,163,0
15,6630,3,168,168,0
16,6876,2,186,186,0
17,7069,4,193,193,0
18,7323,2,198,198,0
19,7500,3,227,227,0
20,7682,2,229,229,0
21,7843,3,246,246,0
22,8098,3,269,269,0
23,8264,3,271,271,0
24,8446,4,299,299,0
25,8641,3,301,301,0
26,8843,4,312,312,0
27,9035,3,323,323,0
28,9211,5,329,329,0
29,9434,3,338,338,0
30,9605,4,345,345,0
31,9783,5,346,346,0
32,10057,3,356,356,0
33,10233,3,372,372,0
34,10438,3,384,384,0
35,10590,4,401,401,0
36,10737,3,414,414,0
37,10954,3,425,425,0
38,11141,4,430,430,0
39,11306,4,431,431,0
40,11488,3,435,435,0
41,11649,4,443,443,0
42,11870,4,447,447,0
43,12047,3,450,450,0
44,12251,5,463,463,0
45,12429,4,493,493,0
46,12587,6,493,493,0
47,12775,4,510,510,0
48,12971,6,525,525,0
49,13165,4,527,527,0
50,13333,4,538,538,0
51,13531,4,541,541,0
52,13745,4,555,555,0
53,13904,7,565,565,0
54,14048,4,567,567,0
55,14193,5,578,578,0
56,14373,4,583,583,0
57,14543,5,587,587,0
58,14693,5,589,589,0
59,14876,5,592,592,0
60,15031,8,601,601,0
61,15206,5,604,604,0
62,16815,5,607,607,0
63,16999,5,612,612,0
64,17153,5,623,623,0
65,17306,5,640,640,0
66,17495,5,649,649,0
67,17671,5,673,673,0
68,17865,6,687,687,0
69,18054,6,690,690,0
70,18250,6,705,705,0
71,18415,6,709,709,0
72,18664,6,719,719,0
73,18848,5,739,739,0
74,19006,7,754,754,0
75,19176,23,784,784,0
76,19334,7,790,790,0
77,19512,6,800,800,0
78,19682,6,804,804,0
79,19842,10,821,821,0
80,20013,6,822,822,0
81,20274,103,840,840,0
82,20463,6,843,843,0
83,20619,7,850,850,0
84,20794,6,853,853,0
85,20968,6,858,858,0
86,21158,6,878,878,0
87,21354,7,891,891,0
88,21561,7,921,921,0
89,21752,7,928,928,0
90,21926,8,946,946,0
91,22277,7,950,950,0
92,22470,9,959,959,0
93,22625,7,963,963,0
94,22806,7,968,968,0
95,22961,7,974,974,0
96,23138,7,981,981,0
97,23280,8,1005,1005,0
98,23473,13,1018,1018,0
99,23639,7,1027,1027,0
100,23951,10,1034,1034,0
101,24158,9,1044,1044,0
102,24324,8,1056,1056,0
103,24497,9,1070,1070,0
104,24660,9,1093,1093,0
105,24831,9,1102,1102,0
106,25043,9,1110,1110,0
107,25226,8,1116,1116,0
108,25387,8,1125,1125,0
109,25683,9,1131,1131,0
110,25861,8,1149,1149,0
111,26034,8,1156,1156,0
112,26217,9,1171,1171,0
113,26390,9,1182,1182,0
114,26548,9,1185,1185,0
115,26747,9,1198,1198,0
116,26915,10,1209,1209,0
117,27076,10,1221,1221,0
118,27260,40,1227,1227,0
119,27423,9,1234,1234,0
120,27599,9,1244,1244,0
121,27761,9,1272,1272,0
122,27914,9,1278,1278,0
123,28087,10,1300,1300,0
124,28250,10,1309,1309,0
125,28408,10,1310,1310,0
126,28575,11,1320,1320,0
127,28818,16,1325,1325,0
128,28997,10,1340,1340,0
129,29135,10,1343,1343,0
130,29290,9,1347,1347,0
131,29476,11,1348,1348,0
132,29640,10,1357,1357,0
133,29799,13,1362,1362,0
134,29989,10,1368,1368,0
135,30136,13,1377,1369,0
136,30299,16,1378,1334,24
137,30529,14,1389,1315,43
138,30708,11,1405,1286,69
139,30884,13,1415,1273,80
140,31052,12,1416,1237,108
141,31207,11,1422,1224,120
142,31342,11,1427,1222,123
143,31498,11,1421,1194,134
144,31653,11,1434,1205,134
145,31818,12,1436,1207,134
146,32058,74,1447,1218,132
147,32224,11,1451,1222,132
148,32366,12,1454,1225,132
149,32523,11,1467,1238,132
150,32685,11,1475,1246,132
151,32850,12,1486,1257,132
152,33030,12,1487,1258,132
153,33169,11,1493,1264,132
154,33328,15,1505,1264,143
155,33524,11,1514,1254,149
156,33744,91,1528,1242,169
157,33904,11,1530,1202,197
158,34068,14,1541,1186,219
159,34218,11,1543,1169,229
160,34383,13,1544,1157,239
161,34538,13,1547,1140,258
162,34674,12,1548,1120,275
163,34831,12,1559,1110,294
164,34993,22,1560,1088,308
165,35182,16,1563,1050,345
166,35345,12,1562,1030,362
167,35567,12,1590,1039,376
168,35718,12,1590,1019,394
169,35874,13,1607,1029,400
170,36013,12,1625,1043,399
171,36151,16,1636,1043,409
172,36308,12,1645,1042,416
173,36474,13,1641,1016,428
174,36645,19,1663,1032,428
175,36831,17,1682,1028,453
176,37114,123,1685,1007,467
177,37272,12,1688,974,502
178,37433,13,1686,960,512
179,37596,13,1688,949,522
180,37752,15,1694,942,534
181,37902,12,1695,931,546
182,38055,12,1705,926,556
183,38193,13,1703,917,556
184,38345,13,1711,917,562
185,38500,14,1723,914,575
186,38645,13,1723,906,579
187,38934,13,1735,889,602
188,39097,12,1732,874,616
189,39267,14,1736,878,616
190,39422,14,1749,866,640
191,39565,13,1752,864,645
192,39724,13,1758,851,663
193,39887,15,1754,842,664
194,40045,13,1755,835,670
195,40202,13,1762,828,676
196,40390,13,1761,812,696
197,40692,12,1746,799,694
198,40843,12,1749,796,690
199,40994,12,1758,783,713
200,41129,13,1780,804,714
201,41291,14,1787,808,709
202,41440,13,1792,810,708
203,41592,14,1806,822,710
204,41776,14,1808,819,703
205,41941,15,1813,818,708
206,42083,15,1813,818,715
207,42372,15,1812,802,737
208,42530,19,1816,806,737
209,42703,15,1824,808,740
210,42863,15,1822,785,761
211,43019,13,1832,787,771
212,43174,14,1847,793,780
213,43327,14,1849,791,783
214,43508,15,1852,794,783
215,43870,13,1855,782,800
216,44019,14,1877,788,807
217,44204,13,1872,783,808
218,44353,14,1877,784,813
219,44512,14,1883,788,813
220,44691,16,1881,783,816
221,44849,17,1887,786,820
222,45014,14,1887,783,824
223,45141,14,1908,794,826
224,45527,15,1909,794,825
225,45676,15,1903,797,816
226,45811,16,1908,807,810
227,45965,15,1914,816,807
228,46162,20,1911,824,795
229,46356,19,1932,845,795
230,46531,18,1931,850,789
231,46753,26,1939,858,784
232,47260,20,1952,844,810
233,47402,15,1965,850,813
234,47541,15,1978,854,821
235,47746,34,1990,866,822
236,47918,15,2003,867,838
237,48070,16,2006,868,839
238,48253,15,2000,870,831
239,48453,21,2019,882,835
240,51291,15,2024,729,1006
241,51474,20,2021,700,1033
242,51669,16,2021,681,1059
243,51849,19,2021,673,1069
244,52033,15,2018,666,1075
245,52205,16,2030,661,1095
246,52399,16,2039,623,1139
247,52578,15,2033,582,1179
248,52759,14,2041,569,1201
249,52909,15,2044,566,1207
250,53101,14,2041,559,1213
251,53263,15,2047,563,1215
252,53460,15,2056,557,1230
253,53637,17,2072,539,1274
254,53805,15,2076,537,1282
255,53967,19,2079,533,1290
256,54183,15,2076,526,1297
257,54349,15,2089,534,1309
258,54533,17,2092,523,1331
259,54717,18,2132,543,1355
260,54878,15,2135,546,1353
261,55038,15,2161,552,1372
262,55219,19,2163,554,1377
263,55389,16,2164,537,1395
264,55623,76,2164,536,1399
265,55826,19,2163,523,1413
266,55971,16,2167,524,1419
267,56143,20,2168,512,1431
268,56335,16,2177,516,1430
269,56489,19,2179,510,1443
270,56666,17,2174,506,1447
271,56844,16,2197,521,1457
272,57012,17,2215,526,1466
273,57231,15,2217,525,1467
274,57393,15,2235,548,1459
275,57563,18,2251,561,1463
276,57728,16,2246,554,1468
277,57895,17,2253,556,1478
278,58053,17,2262,558,1483
279,58235,17,2266,556,1487
280,58403,18,2267,549,1493
281,58572,16,2271,557,1491
282,58799,16,2273,562,1486
283,58954,17,2273,557,1495
284,59144,23,2286,564,1497
285,59327,17,2293,549,1521
286,59501,20,2302,538,1542
287,59647,17,2302,538,1544
288,59815,18,2302,533,1548
289,59960,18,2316,541,1555
290,60104,17,2320,540,1557
291,60348,16,2331,535,1575
292,60525,18,2338,538,1577
293,60671,18,2334,535,1573
294,60835,17,2334,532,1581
295,60995,17,2331,528,1581
296,61159,17,2346,543,1577
297,61319,17,2354,551,1575
298,61477,18,2370,569,1573
299,61734,99,2374,578,1566
300,61909,17,2386,573,1588
301,62065,17,2389,574,1583
302,62234,18,2397,581,1580
303,62411,18,2401,579,1586
304,62572,18,2412,579,1597
305,62711,17,2423,589,1599
306,62895,18,2421,589,1594
307,63067,17,2442,597,1603
308,63229,18,2443,596,1603
309,63518,18,2447,595,1607
310,63672,18,2450,594,1612
311,63841,18,2445,593,1608
312,64005,18,2453,599,1610
313,64167,17,2450,596,1609
314,64323,18,2453,601,1607
315,64520,18,2455,593,1617
316,64681,18,2460,597,1616
317,64851,18,2462,594,1617
318,65103,124,2464,594,1620
319,65298,18,2470,601,1610
320,65458,18,2472,604,1608
321,65622,18,2470,603,1606
322,65781,19,2474,600,1613
323,65966,18,2481,607,1613
324,66136,20,2486,609,1618
325,66306,24,2493,615,1621
326,66477,19,2498,626,1613
327,66654,19,2502,625,1620
328,66944,18,2502,624,1624
329,67122,19,2508,625,1627
330,67273,18,2515,637,1622
331,67434,20,2506,632,1617
332,67587,18,2528,648,1618
333,67735,18,2544,662,1620
334,67875,19,2557,676,1619
335,68040,18,2562,680,1617
336,68214,21,2568,681,1620
337,68541,163,2567,681,1615
338,68698,18,2557,677,1611
339,68881,18,2567,685,1607
340,69036,19,2569,686,1610
341,69223,21,2577,691,1611
342,69378,20,2582,693,1610
343,69556,19,2579,691,1607
344,69718,19,2584,692,1613
345,69891,24,2599,706,1614
346,70063,22,2604,708,1613
347,70449,18,2603,704,1621
348,70604,19,2609,710,1610
349,70787,19,2607,708,1613
350,70947,19,2614,710,1619
351,71121,23,2617,714,1618
352,71298,19,2620,717,1618
353,71437,20,2621,720,1616
354,71604,20,2626,724,1612
355,71757,19,2629,724,1611
356,72068,19,2635,723,1622
357,72243,19,2639,730,1619
358,72411,20,2655,745,1618
359,72574,20,2659,739,1636
360,72724,19,2675,751,1639
361,72891,20,2683,755,1639
362,73059,20,2685,750,1649
363,73237,25,2703,761,1651
364,73572,20,2700,755,1658
365,73745,20,2700,755,1658
366,73909,20,2732,780,1655
367,74059,19,2738,783,1657
368,74228,23,2745,792,1657
369,74415,21,2744,790,1660
370,74579,20,2752,793,1665
371,74980,22,2765,796,1663
372,75102,20,2768,804,1659
373,75277,19,2769,805,1659
374,75444,20,2762,803,1661
375,75608,21,2772,812,1651
376,75773,20,2784,823,1644
377,75956,21,2786,822,1642
378,76468,323,2801,831,1646
379,76631,20,2800,806,1669
380,76793,20,2796,806,1665
381,76962,21,2803,813,1665
382,77116,23,2798,813,1660
383,77314,22,2797,810,1663
384,77470,24,2792,807,1662
385,77646,21,2805,818,1666
386,78046,21,2809,814,1674
387,78210,22,2818,820,1674
388,78352,21,2825,818,1683
389,78536,20,2835,825,1687
390,78726,23,2841,836,1675
391,78892,22,2860,852,1674
392,79094,25,2867,861,1672
393,79689,23,2873,870,1664
394,79870,22,2865,872,1652
395,80045,21,2870,879,1650
396,80221,22,2870,880,1647
397,80405,28,2870,886,1641
398,80577,23,2880,895,1637
399,80761,21,2893,909,1632
400,81578,32,2907,821,1750
401,81767,23,2920,804,1787
402,81966,22,2928,791,1814
403,82149,21,2934,774,1845
404,82335,27,2937,771,1852
405,82536,35,2945,749,1881
406,82736,25,2952,751,1890
407,86132,3230,2967,476,2249
408,86344,23,2970,471,2266
409,86552,23,2971,454,2287
410,86739,23,2987,453,2300
411,86928,25,2991,454,2304
412,87122,26,2990,448,2309
413,87329,29,2990,429,2340
414,87555,22,2991,413,2360
415,87735,20,2988,412,2356
416,87891,22,2987,401,2372
417,88052,21,2998,417,2360
418,88202,21,3013,421,2370
419,88380,25,3019,431,2365
420,88557,24,3018,426,2370
421,88784,65,3018,425,2372
422,88955,21,3024,421,2384
423,89121,21,3031,429,2380
424,89290,22,3038,419,2396
425,89453,22,3035,419,2395
426,89614,23,3038,428,2388
427,89816,22,3036,430,2390
428,89952,20,3041,431,2386
429,90167,21,3038,432,2381
430,90322,21,3038,433,2380
431,90475,22,3037,434,2376
432,90654,22,3035,428,2381
433,90836,24,3035,422,2392
434,91009,22,3044,413,2406
435,91179,22,3055,416,2413
436,91416,21,3086,438,2434
437,91622,27,3089,435,2437
438,91854,27,3095,440,2436
439,92022,23,3103,447,2433
440,92196,23,3099,446,2431
441,92407,28,3101,428,2457
442,92590,22,3093,428,2449
443,92855,21,3094,417,2455
444,93018,24,3103,413,2467
445,93211,22,3100,414,2463
446,93381,23,3103,416,2463
447,93556,22,3111,420,2472
448,93713,24,3142,447,2473
449,93921,25,3145,449,2469
450,94183,22,3139,440,2479
451,94372,22,3149,444,2482
452,94551,23,3151,435,2491
453,94711,22,3155,433,2494
454,94892,24,3162,428,2504
455,95056,23,3162,431,2499
456,95229,24,3177,446,2499
457,95496,30,3174,446,2496
458,95669,23,3178,431,2498
459,95808,22,3184,435,2501
460,95968,23,3187,434,2504
461,96123,23,3205,450,2507
462,96294,25,3200,450,2502
463,96468,26,3212,462,2500
464,96707,24,3218,467,2501
465,96866,22,3221,476,2491
466,97067,23,3225,471,2501
467,97232,23,3226,466,2506
468,97405,23,3218,451,2513
469,97570,23,3232,466,2510
470,97726,25,3230,452,2522
471,97974,24,3248,457,2533
472,98147,24,3248,457,2536
473,98311,27,3259,471,2529
474,98481,24,3255,461,2534
475,98642,24,3259,465,2534
476,98805,24,3278,480,2535
477,98981,28,3288,493,2533
478,99241,103,3283,498,2523
479,99412,23,3282,493,2524
480,99564,24,3284,494,2528
481,99722,24,3280,491,2529
482,99888,26,3283,493,2526
483,100075,28,3292,502,2519
484,100258,25,3289,500,2520
485,100441,23,3302,511,2520
486,100697,23,3307,513,2516
487,100847,24,3313,519,2510
488,100999,23,3322,528,2505
489,101185,23,3330,535,2505
490,101384,25,3335,540,2505
491,101559,23,3328,536,2501
492,101736,24,3321,536,2494
493,101898,27,3314,536,2484
494,102153,24,3328,553,2479
495,102332,24,3330,553,2487
496,102489,24,3336,559,2488
497,102648,25,3337,560,2486
498,102811,25,3341,564,2486
499,102977,24,3338,564,2481
500,103133,25,3368,585,2477
501,103294,24,3381,598,2477
502,103567,24,3375,593,2473
503,103735,24,3367,580,2481
504,103914,24,3367,579,2482
505,104095,24,3360,571,2485
506,104262,27,3362,578,2480
507,104414,25,3364,577,2482
508,104566,24,3369,584,2477
509,104736,24,3375,591,2473
510,105038,29,3383,596,2475
511,105205,25,3395,611,2472
512,105409,25,3404,616,2473
513,105603,26,3397,615,2466
514,105788,30,3409,627,2462
515,105947,25,3411,624,2468
516,106135,24,3410,617,2477
517,106313,31,3402,617,2469
518,106594,159,3401,616,2469
519,106729,25,3409,615,2477
520,106881,25,3407,605,2474
521,107053,23,3408,611,2469
522,107206,25,3444,644,2469
523,107378,25,3438,637,2469
524,107556,25,3435,640,2462
525,107726,25,3445,651,2459
526,107895,25,3452,659,2456
527,108251,25,3453,655,2460
528,108428,27,3458,659,2460
529,108626,26,3462,663,2460
530,108803,30,3474,675,2458
531,108957,24,3475,676,2460
532,109126,25,3474,663,2478
533,109294,25,3468,663,2472
534,109453,25,3462,663,2466
535,109819,204,3472,673,2459
536,109999,25,3488,683,2460
537,110189,28,3489,675,2463
538,110394,46,3490,676,2462
539,110611,36,3496,682,2461
540,110763,25,3502,682,2461
541,110963,32,3502,656,2499
542,111564,28,3504,663,2494
543,111928,203,3523,635,2549
544,112100,26,3525,605,2585
545,112290,25,3527,579,2621
546,112483,26,3530,564,2637
547,112682,26,3525,556,2637
548,112860,25,3528,541,2660
549,113035,25,3548,562,2656
550,113406,25,3537,563,2642
551,113602,25,3542,568,2641
552,113806,27,3540,569,2638
553,113983,24,3540,569,2638
554,114147,25,3539,574,2632
555,114321,25,3542,581,2628
556,114505,24,3550,587,2627
557,114825,27,3565,602,2625
558,115029,29,3560,603,2619
559,115207,25,3566,611,2615
560,115413,25,3561,613,2604
561,115586,26,3566,618,2601
562,115768,27,3581,632,2594
563,116088,175,3582,634,2592
564,116291,27,3583,615,2624
565,116456,27,3602,623,2638
566,116618,25,3611,588,2700
567,116778,26,3615,580,2721
568,116950,26,3623,583,2730
569,117113,25,3618,570,2743
570,117468,25,3621,531,2795
571,117646,26,3630,536,2801
572,117827,30,3648,538,2816
573,118008,27,3654,532,2827
574,118200,30,3666,535,2836
575,118373,25,3665,542,2822
576,118555,33,3675,551,2822
577,118895,29,3694,551,2842
578,119060,27,3700,555,2842
579,119238,27,3712,566,2842
580,119429,28,3722,566,2858
581,119620,29,3724,549,2899
582,119792,26,3739,555,2907
583,120103,27,3744,542,2927
584,120282,28,3759,549,2935
585,120439,27,3760,545,2943
586,120595,27,3778,560,2941
587,120764,26,3784,557,2954
588,120943,27,3784,555,2964
589,121109,27,3789,554,2968
590,121416,27,3799,554,2977
591,121588,28,3824,572,2986
592,121751,29,3829,570,2995
593,121916,27,3827,571,2991
594,122094,28,3834,578,2990
595,122269,28,3833,566,3004
596,122589,166,3837,555,3020
597,122780,28,3843,548,3035
598,122963,27,3840,547,3034
599,123128,27,3847,547,3041
600,123293,30,3848,553,3035
601,123470,27,3853,546,3048
602,123641,28,3861,544,3058
603,123984,26,3863,533,3071
604,124170,27,3858,527,3072
605,124347,27,3867,536,3075
606,124525,28,3869,536,3083
607,124709,28,3888,551,3083
608,124885,28,3899,560,3085
609,125054,28,3902,563,3084
610,125408,29,3912,562,3094
611,125561,28,3927,574,3099
612,125759,28,3927,578,3101
613,125935,29,3940,587,3102
614,126084,28,3954,594,3110
615,126264,29,3951,582,3124
616,126616,28,3952,580,3130
617,126819,30,3959,574,3150
618,127003,28,3963,574,3155
619,127165,30,3986,590,3152
620,127329,29,4012,612,3146
621,127498,28,4013,608,3154
622,127672,28,4011,610,3148
623,130207,28,4017,573,3195
624,130404,29,4019,568,3201
625,130579,28,4026,563,3213
626,130752,29,4025,563,3212
627,130942,30,4033,568,3217
628,131132,31,4035,569,3216
629,131372,74,4042,577,3212
630,131540,29,4039,572,3214
631,131724,39,4052,578,3216
632,131911,28,4074,595,3214
633,132077,29,4072,601,3204
634,132264,28,4081,611,3201
635,132449,30,4083,614,3202
636,132672,28,4089,616,3203
637,132861,33,4101,632,3195
638,133040,29,4100,635,3188
639,133220,29,4104,645,3179
640,133397,28,4110,654,3174
641,133583,29,4116,663,3170
642,133816,29,4111,654,3173
643,134005,28,4114,654,3174
644,134171,29,4117,657,3168
645,134364,33,4116,662,3159
646,134528,28,4133,679,3158
647,134718,29,4136,677,3157
648,134964,89,4140,673,3162
649,135143,29,4140,673,3162
650,135315,29,4161,688,3169
651,135482,29,4165,693,3170
652,135643,29,4165,686,3180
653,135824,32,4160,686,3175
654,136073,102,4152,682,3165
655,136246,30,4171,696,3165
656,136431,29,4175,702,3160
657,136602,30,4181,709,3158
658,136780,29,4176,707,3153
659,136937,29,4176,706,3153
660,137109,29,4180,710,3151
661,137410,30,4210,735,3151
662,137585,30,4214,735,3153
663,137753,29,4223,743,3152
664,137925,30,4227,747,3150
665,138102,32,4240,753,3158
666,138292,30,4239,756,3154
667,138550,29,4240,756,3157
668,138714,30,4243,759,3144
669,138878,35,4247,768,3138
670,139047,30,4255,776,3135
671,139265,30,4253,776,3133
672,139420,29,4267,790,3127
673,139657,31,4270,790,3131
674,139852,30,4269,792,3126
675,140002,30,4269,789,3129
676,140189,31,4277,798,3124
677,140352,31,4279,805,3120
678,140531,29,4285,810,3119
679,140713,29,4293,810,3124
680,141022,31,4295,785,3156
681,141251,31,4297,788,3155
682,141452,30,4296,774,3169
683,141647,30,4301,749,3208
684,141859,31,4306,730,3242
685,142071,30,4307,712,3266
686,142345,31,4317,691,3309
687,142546,30,4319,662,3340
688,142739,31,4316,647,3355
689,142924,31,4322,646,3376
690,143096,30,4329,646,3381
691,143281,35,4329,641,3390
692,143555,129,4337,640,3403
693,143729,29,4352,603,3459
694,143897,30,4353,574,3501
695,144089,31,4364,556,3536
696,144275,33,4374,564,3538
697,144479,31,4387,554,3563
698,144668,30,4391,557,3568
699,144961,152,4395,528,3598
700,145146,30,4395,518,3607
701,145326,33,4405,503,3633
702,145507,34,4415,514,3631
703,145709,32,4435,520,3650
704,145875,34,4427,518,3645
705,146067,34,4420,518,3638
706,146366,160,4421,526,3631
707,146549,30,4428,503,3673
708,146761,32,4442,516,3674
709,146944,31,4453,516,3691
710,147129,31,4454,492,3724
711,147316,30,4459,490,3730
712,147503,43,4479,509,3722
713,147686,31,4477,511,3717
714,147989,32,4477,481,3756
715,148162,33,4489,480,3769
716,148340,32,4486,470,3777
717,148558,34,4486,452,3799
718,148733,32,4491,460,3792
719,148926,32,4499,459,3801
720,149139,32,4516,464,3818
721,149456,180,4531,458,3845
722,149630,37,4535,457,3847
723,149809,31,4532,455,3846
724,149983,35,4529,437,3865
725,150169,31,4527,431,3872
726,150369,33,4533,413,3897
727,150552,33,4537,417,3896
728,150736,32,4547,413,3901
729,151077,32,4557,420,3905
730,151252,30,4554,416,3909
731,151457,33,4555,414,3907
732,151619,33,4561,420,3906
733,151768,32,4570,433,3897
734,151952,32,4575,437,3897
735,152108,34,4585,447,3896
736,152430,37,4594,436,3915
737,152627,34,4615,457,3912
738,152775,31,4612,449,3915
739,152948,32,4611,449,3912
740,153132,32,4635,476,3904
741,153311,32,4638,477,3906
742,153618,166,4653,491,3904
743,153813,32,4650,484,3912
744,154007,40,4651,489,3900
745,154188,32,4651,488,3901
746,154356,32,4654,490,3904
747,154533,35,4662,496,3908
748,154699,33,4678,510,3906
749,155055,38,4678,507,3910
750,155219,33,4674,519,3893
751,155402,33,4678,514,3907
752,155606,38,4688,519,3915
753,155806,42,4703,529,3921
754,156001,33,4698,528,3920
755,156315,34,4710,537,3920
756,156488,33,4711,533,3924
757,156662,33,4716,539,3922
758,156831,34,4725,549,3915
759,156992,35,4733,545,3923
760,157170,34,4734,546,3923
761,157510,34,4730,540,3928
762,157683,33,4739,545,3930
763,157874,40,4737,548,3925
764,158047,35,4735,548,3923
765,158225,36,4739,552,3920
766,158451,36,4736,553,3916
767,158867,47,4735,557,3911
768,159043,33,4745,570,3906
769,159217,33,4744,572,3903
770,159386,35,4751,586,3892
771,159553,32,4760,598,3886
772,159741,34,4767,605,3886
773,160076,34,4772,611,3880
774,160246,32,4777,616,3880
775,160404,34,4783,617,3888
776,160618,34,4775,615,3886
777,160809,35,4781,612,3883
778,160998,35,4792,622,3883
779,161300,36,4792,613,3897
780,161498,36,4792,611,3899
781,161689,50,4798,609,3903
782,161874,41,4808,611,3913
783,162049,32,4818,620,3913
784,162228,39,4833,633,3905
785,162577,47,4842,633,3915
786,162762,34,4843,637,3911
787,162959,36,4841,635,3913
788,163126,37,4852,650,3902
789,163304,36,4860,653,3900
790,163510,33,4859,651,3903
791,163847,34,4860,651,3900
792,164027,34,4860,650,3903
793,164208,35,4865,654,3902
794,164388,36,4871,652,3913
795,164569,35,4874,654,3914
796,164747,35,4872,658,3907
797,165065,176,4872,657,3907
798,165279,33,4869,649,3911
799,165470,36,4873,655,3902
800,165645,34,4875,657,3903
801,165827,39,4887,665,3902
802,166005,37,4890,658,3922
803,166330,163,4895,653,3932
804,166495,35,4888,652,3925
805,166662,34,4895,656,3926
806,166833,35,4903,664,3926
807,166993,35,4900,662,3928
808,167157,35,4898,665,3922
809,167325,35,4909,673,3924
810,167663,35,4922,681,3923
811,167844,33,4928,688,3922
812,168027,36,4926,684,3925
813,168196,36,4936,687,3932
814,168342,35,4945,697,3929
815,168527,35,4944,696,3930
816,168919,247,4942,695,3930
817,169132,36,4946,697,3934
818,169285,41,4960,712,3929
819,169476,36,4964,721,3921
820,169655,36,4965,723,3920
821,169839,37,4965,722,3918
822,170006,37,4963,722,3916
823,170531,380,4964,717,3915
824,170741,40,4971,723,3916
825,170932,36,4978,714,3933
826,171126,36,4983,688,3969
827,171343,43,4986,665,4006
828,171551,35,4984,633,4035
829,171779,36,4985,602,4071
830,174502,37,4997,384,4398
831,174703,40,5008,383,4408
832,174940,38,5007,384,4409
833,175156,38,5004,378,4412
834,175368,35,5003,368,4422
835,175583,39,4999,344,4445
836,175764,37,5015,343,4464
837,175994,86,5021,348,4472
838,176183,35,5019,348,4470
839,176373,34,5012,350,4460
840,176549,37,5037,367,4470
841,176749,36,5035,368,4468
842,176941,34,5043,358,4488
843,177120,33,5046,365,4485
844,177366,87,5052,371,4479
845,177542,35,5049,363,4484
846,177738,35,5058,367,4490
847,177907,35,5062,371,4486
848,178103,38,5053,367,4490
849,178276,34,5055,365,4489
850,178456,34,5056,358,4498
851,178690,34,5057,371,4481
852,178862,35,5057,364,4489
853,179050,33,5058,365,4489
854,179239,33,5063,370,4488
855,179409,34,5087,391,4484
856,179595,35,5092,399,4475
857,179817,82,5096,407,4469
858,179982,35,5109,420,4468
859,180186,35,5124,432,4474
860,180383,36,5127,434,4474
861,180581,35,5128,418,4495
862,180762,36,5130,420,4497
863,181010,37,5131,420,4499
864,181191,34,5146,426,4514
865,181386,36,5152,408,4538
866,181560,36,5157,415,4533
867,181745,37,5160,415,4538
868,181928,48,5170,407,4561
869,182178,36,5183,419,4559
870,182364,36,5186,417,4562
871,182576,37,5198,422,4568
872,182761,36,5209,434,4564
873,182944,36,5221,433,4571
874,183125,37,5219,430,4573
875,183399,128,5228,424,4591
876,183624,46,5228,423,4591
877,183809,37,5242,435,4591
878,183992,37,5250,441,4590
879,184184,36,5255,440,4588
880,184415,39,5264,449,4589
881,184698,130,5264,448,4589
882,184911,36,5270,455,4586
883,185094,40,5271,455,4585
884,185295,38,5286,471,4583
885,185451,37,5292,480,4580
886,185646,40,5300,486,4582
887,185944,131,5298,485,4574
888,186135,37,5302,478,4581
889,186307,35,5300,479,4576
890,186467,38,5311,485,4585
891,186684,44,5318,482,4595
892,186857,38,5318,487,4589
893,187080,71,5320,481,4593
894,187373,38,5320,482,4588
895,187569,40,5326,485,4589
896,187743,36,5338,496,4588
897,187925,38,5335,494,4585
898,188080,36,5347,500,4592
899,188274,37,5356,506,4593
900,188474,37,5359,508,4598
901,188781,36,5357,502,4600
902,188947,36,5364,509,4593
903,189130,36,5363,506,4592
904,189312,36,5363,499,4599
905,189506,38,5367,504,4594
906,189688,38,5363,505,4588
907,189853,36,5371,515,4586
908,190158,37,5372,512,4587
909,190339,37,5378,503,4595
910,190531,36,5383,502,4589
911,190713,38,5386,503,4591
912,190895,37,5393,511,4590
913,191103,36,5394,506,4599
914,191267,39,5395,514,4592
915,191607,201,5401,515,4599
916,191838,38,5407,519,4604
917,192016,37,5408,519,4601
918,192187,36,5408,518,4604
919,192355,36,5409,518,4607
920,192561,36,5410,518,4602
921,192748,38,5417,531,4593
922,192934,38,5417,531,4593
923,193254,42,5415,528,4587
924,193430,40,5413,529,4583
925,193574,39,5414,526,4589
926,193746,38,5415,530,4584
927,193915,36,5416,530,4582
928,194093,40,5437,542,4589
929,194281,42,5438,535,4594
930,194635,36,5437,536,4589
931,194799,36,5434,536,4586
932,194974,36,5440,543,4584
933,195156,37,5440,543,4584
934,195315,38,5449,554,4578
935,195481,38,5459,562,4580
936,195674,38,5471,573,4574
937,195987,183,5476,576,4578
938,196172,38,5478,569,4589
939,196339,38,5486,578,4587
940,196532,37,5484,577,4584
941,196713,39,5492,585,4584
942,196888,42,5499,595,4575
943,197067,38,5502,597,4578
944,197376,36,5502,598,4576
945,197540,38,5500,598,4574
946,197723,40,5512,613,4563
947,197892,37,5516,618,4566
948,198086,37,5524,627,4565
949,198270,42,5527,636,4558
950,198453,37,5535,641,4568
951,198748,37,5542,648,4568
952,198934,38,5543,650,4567
953,199136,42,5548,650,4573
954,199314,37,5558,655,4572
955,199490,39,5567,663,4570
956,199671,39,5584,677,4570
957,199960,38,5587,678,4572
958,200157,42,5586,673,4580
959,200342,39,5587,676,4575
960,200543,40,5588,678,4573
961,200722,37,5603,695,4562
962,200928,37,5612,655,4622
963,201285,38,5610,599,4718
964,201488,39,5616,583,4750
965,201673,40,5622,560,4788
966,201883,42,5631,535,4819
967,202100,43,5643,542,4827
968,202285,40,5645,547,4824
969,202638,44,5648,550,4823
970,202824,39,5650,558,4815
971,203021,39,5656,565,4814
972,203209,39,5661,570,4807
973,203393,39,5669,578,4801
974,203753,185,5669,580,4798
975,203940,39,5684,595,4794
976,204098,39,5692,604,4792
977,204288,39,5697,608,4790
978,204473,39,5714,629,4780
979,204665,43,5719,621,4793
980,205001,193,5729,618,4806
981,205218,42,5733,599,4840
982,205402,39,5733,565,4879
983,205581,42,5734,551,4897
984,205759,40,5744,546,4915
985,205946,42,5769,565,4919
986,206278,193,5783,565,4935
987,206450,39,5783,552,4952
988,206637,42,5783,536,4978
989,206832,41,5787,525,4984
990,207032,40,5787,518,4997
991,207223,42,5793,530,4994
992,207534,42,5794,519,5002
993,207717,39,5794,502,5024
994,207900,40,5800,507,5023
995,208096,39,5800,506,5023
996,208304,40,5799,499,5028
997,208489,42,5807,497,5045
998,208815,42,5820,502,5049
999,208978,42,5835,515,5056
1000,209166,41,5836,514,5061
1001,209352,42,5841,510,5069
1002,209524,42,5841,511,5068
1003,209714,41,5842,501,5078
1004,210055,40,5854,500,5104
1005,210222,40,5856,494,5113
1006,210394,41,5860,489,5121
1007,210574,41,5871,504,5112
1008,210762,41,5869,504,5109
1009,211091,184,5876,508,5111
1010,211270,41,5899,518,5122
1011,211452,42,5900,518,5124
1012,211642,41,5915,532,5123
1013,211833,42,5910,513,5130
1014,212008,42,5909,513,5130
1015,212184,42,5915,520,5127
1016,212560,43,5909,506,5137
1017,212742,39,5907,509,5131
1018,212937,41,5898,482,5156
1019,213129,41,5901,479,5160
1020,213306,43,5909,485,5153
1021,213476,42,5916,492,5143
1022,213836,43,5917,483,5160
1023,214016,41,5931,485,5173
1024,214195,45,5932,487,5172
1025,214381,41,5933,478,5184
1026,214556,41,5932,470,5191
1027,214717,42,5936,472,5186
1028,215071,42,5944,468,5195
1029,215248,43,5947,471,5192
1030,215434,41,5945,472,5187
1031,215640,43,5944,463,5194
1032,215826,43,5944,459,5201
1033,216013,41,5961,476,5198
1034,218258,2104,5968,481,5201
1035,218449,42,5971,443,5257
1036,218623,40,5974,448,5256
1037,218818,42,5979,446,5266
1038,218994,42,5983,450,5265
1039,219189,43,5980,444,5263
1040,219378,43,5988,449,5260
1041,219591,76,5994,455,5260
1042,219749,41,6003,468,5257
1043,219936,44,6003,470,5254
1044,220109,41,6013,479,5254
1045,220296,43,6019,481,5257
1046,220557,49,6016,474,5256
1047,220759,43,6010,471,5252
1048,220971,87,6015,472,5254
1049,221154,44,6015,469,5269
1050,221320,41,6013,467,5269
1051,221504,42,6017,468,5269
1052,221738,67,6033,483,5266
1053,221916,42,6033,485,5264
1054,222168,106,6037,487,5263
1055,222355,41,6040,490,5262
1056,222535,41,6047,492,5269
1057,222729,39,6048,487,5289
1058,222940,53,6056,494,5279
1059,223142,44,6048,496,5269
1060,223405,118,6054,502,5263
1061,223586,42,6054,502,5262
1062,223751,41,6060,514,5250
1063,223967,41,6065,517,5251
1064,224149,41,6066,511,5259
1065,224333,41,6079,520,5268
1066,224591,44,6076,519,5264
1067,224780,42,6089,538,5257
1068,224950,42,6089,537,5257
1069,225128,42,6084,537,5252
1070,225338,41,6082,538,5249
1071,225538,41,6077,536,5249
1072,225827,40,6082,535,5241
1073,226002,44,6091,544,5241
1074,226204,45,6095,548,5238
1075,226386,43,6105,555,5240
1076,226570,42,6111,560,5244
1077,226760,43,6115,571,5236
1078,227027,42,6120,570,5243
1079,227232,42,6119,564,5250
1080,227404,44,6133,579,5246
1081,227610,45,6132,580,5247
1082,227791,43,6135,581,5248
1083,228078,133,6144,584,5260
1084,228251,43,6142,586,5256
1085,228445,42,6145,592,5249
1086,228626,40,6142,592,5246
1087,228850,42,6145,591,5249
1088,229018,41,6164,608,5246
1089,229215,44,6161,607,5245
1090,229488,42,6164,611,5242
1091,229674,43,6181,629,5235
1092,229884,42,6179,630,5232
1093,230082,42,6186,636,5232
1094,230248,44,6194,638,5237
1095,230436,42,6206,652,5227
1096,230731,44,6209,655,5230
1097,230926,41,6209,621,5274
1098,231178,46,6212,613,5288
1099,231375,42,6221,584,5339
1100,231573,46,6221,557,5390
1101,231757,42,6219,541,5409
1102,232061,147,6238,529,5458
1103,232266,42,6233,499,5498
1104,232436,42,6245,511,5494
1105,232630,42,6253,484,5546
1106,232828,43,6264,485,5561
1107,233033,43,6267,491,5556
1108,233228,42,6273,489,5574
1109,233556,42,6271,460,5610
1110,233743,43,6275,450,5622
1111,233933,42,6302,465,5626
1112,234127,46,6306,449,5643
1113,234366,46,6306,430,5670
1114,234552,44,6305,431,5668
1115,234758,43,6301,417,5681
1116,235042,43,6304,415,5690
1117,235254,52,6305,396,5722
1118,235455,48,6312,403,5722
1119,235649,43,6325,407,5730
1120,235884,46,6324,408,5728
1121,236154,43,6329,399,5746
1122,236361,45,6326,399,5743
1123,236691,45,6334,391,5750
1124,236923,46,6330,376,5764
1125,237128,44,6322,373,5758
1126,237313,43,6332,374,5766
1127,237515,46,6343,377,5767
1128,237712,44,6351,385,5765
1129,237904,44,6359,384,5766
1130,238221,46,6380,403,5765
1131,238409,44,6382,405,5765
1132,238582,42,6383,403,5763
1133,238763,43,6387,406,5767
1134,238962,44,6388,407,5767
1135,239143,42,6387,408,5764
1136,239335,44,6406,424,5761
1137,239624,44,6410,417,5772
1138,239810,49,6425,429,5773
1139,239982,46,6438,439,5773
1140,240164,45,6455,450,5777
1141,240349,44,6462,463,5769
1142,240540,43,6461,464,5767
1143,240895,44,6461,452,5778
1144,241077,44,6458,452,5775
1145,241266,44,6459,452,5776
1146,241449,41,6458,439,5790
1147,241645,43,6459,442,5789
1148,241823,44,6461,439,5793
1149,242182,43,6462,417,5812
1150,242358,44,6477,432,5807
1151,242559,44,6488,443,5806
1152,242746,43,6503,453,5802
1153,242935,44,6504,452,5808
1154,243110,46,6503,446,5810
1155,243464,45,6500,442,5812
1156,243631,45,6504,441,5818
1157,243822,51,6503,425,5839
1158,244003,43,6503,409,5855
1159,244183,45,6507,407,5863
1160,244375,46,6508,401,5867
1161,244738,44,6508,398,5874
1162,244939,44,6507,390,5889
1163,245131,45,6503,392,5879
1164,245332,45,6511,402,5875
1165,245541,44,6513,404,5875
1166,245864,182,6513,399,5880
1167,246063,42,6512,405,5874
1168,246247,52,6519,410,5874
1169,246438,45,6529,423,5863
1170,246639,44,6534,432,5852
1171,246848,46,6542,440,5849
1172,247181,48,6539,440,5846
1173,247385,47,6540,442,5843
1174,247571,47,6546,445,5843
1175,247757,44,6547,447,5841
1176,247939,49,6549,449,5841
1177,248144,46,6549,451,5839
1178,248493,44,6554,455,5837
1179,248684,49,6561,463,5835
1180,248886,47,6561,455,5846
1181,249082,48,6568,458,5847
1182,249297,50,6576,457,5860
1183,249629,174,6587,458,5863
1184,249850,46,6589,455,5872
1185,250048,47,6588,455,5871
1186,250245,47,6588,454,5871
1187,250434,46,6587,453,5862
1188,250628,50,6596,457,5860
1189,250934,145,6592,462,5848
1190,251113,43,6594,457,5859
1191,251292,45,6604,474,5848
1192,251478,47,6616,483,5842
1193,251667,46,6607,482,5834
1194,251882,63,6606,482,5834
1195,254046,2034,6613,481,5832
1196,254239,45,6612,458,5860
1197,254431,44,6621,463,5860
1198,254635,55,6623,464,5861
1199,254851,46,6622,462,5862
1200,255041,46,6623,460,5865
1201,255244,61,6631,468,5865
1202,255467,43,6638,474,5868
1203,255664,64,6641,463,5882
1204,255868,45,6644,466,5881
1205,256056,44,6645,467,5883
1206,256249,48,6641,470,5876
1207,256443,46,6649,476,5878
1208,256727,128,6641,476,5870
1209,256924,46,6636,478,5862
1210,257109,44,6642,484,5860
1211,257288,45,6648,490,5860
1212,257452,45,6662,504,5857
1213,257653,48,6672,513,5858
1214,257896,98,6681,523,5851
1215,258086,46,6691,537,5840
1216,258260,45,6702,547,5837
1217,258444,46,6704,538,5842
1218,258647,46,6711,544,5836
1219,258872,46,6707,542,5835
1220,259113,110,6715,547,5840
1221,259297,50,6710,541,5842
1222,259504,45,6715,547,5840
1223,259688,47,6712,541,5838
1224,259880,46,6726,553,5839
1225,260085,46,6732,559,5835
1226,260359,125,6745,572,5831
1227,260525,45,6746,577,5817
1228,260694,46,6760,592,5814
1229,260919,45,6763,557,5860
1230,261150,45,6768,538,5889
1231,261361,46,6773,522,5913
1232,261682,144,6775,506,5943
1233,261913,44,6778,470,5999
1234,262121,56,6781,472,6000
1235,262343,49,6789,456,6026
1236,262560,51,6798,449,6043
1237,262769,49,6793,432,6055
1238,263023,112,6797,415,6081
1239,263220,46,6795,396,6105
1240,263430,50,6801,394,6110
1241,263613,45,6798,384,6118
1242,263805,48,6810,379,6142
1243,264013,46,6809,365,6164
1244,264301,124,6814,355,6189
1245,264493,48,6824,353,6206
1246,264679,47,6832,344,6237
1247,264879,46,6838,347,6243
1248,265076,47,6837,348,6241
1249,265256,47,6855,363,6231
1250,265451,51,6854,350,6243
1251,265769,46,6861,352,6252
1252,265959,47,6869,360,6250
1253,266174,47,6881,358,6258
1254,266376,47,6895,366,6263
1255,266572,49,6889,360,6269
1256,266781,57,6890,358,6277
1257,267081,150,6898,366,6283
1258,267262,48,6904,367,6288
1259,267430,47,6912,369,6306
1260,267627,48,6913,370,6298
1261,267831,46,6913,372,6289
1262,268022,48,6913,370,6291
1263,268203,47,6922,378,6288
1264,268407,52,6918,379,6280
1265,268718,46,6918,371,6297
1266,268926,46,6924,364,6313
1267,269111,46,6927,356,6337
1268,269316,47,6931,362,6335
1269,269477,46,6940,366,6342
1270,269680,46,6938,367,6339
1271,269890,49,6932,355,6348
1272,270193,46,6932,341,6366
1273,270406,53,6932,333,6378
1274,270599,47,6933,332,6372
1275,270793,47,6951,350,6367
1276,270983,51,6958,352,6371
1277,271179,46,6964,357,6374
1278,271389,59,6966,339,6399
1279,271714,47,6967,335,6407
1280,271901,47,6974,337,6414
1281,272099,47,6972,337,6412
1282,272295,50,6983,352,6410
1283,272482,47,7000,373,6410
1284,272674,50,7013,381,6410
1285,272862,50,7013,381,6410
1286,273198,197,7023,392,6405
1287,273382,48,7026,395,6399
1288,273550,49,7044,413,6398
1289,273795,60,7050,408,6415
1290,273995,49,7052,403,6423
1291,274184,48,7060,411,6422
1292,274537,199,7063,411,6427
1293,274699,47,7063,401,6438
1294,274880,48,7069,409,6427
1295,275042,46,7071,410,6430
1296,275230,46,7083,422,6427
1297,275416,49,7079,425,6413
1298,275633,47,7081,430,6410
1299,275968,194,7083,434,6405
1300,276164,48,7096,447,6403
1301,276357,48,7105,454,6408
1302,276565,48,7101,438,6417
1303,276760,48,7108,444,6414
1304,277089,193,7118,454,6412
1305,277277,47,7127,460,6412
1306,277468,54,7124,461,6407
1307,277646,50,7153,482,6409
1308,277841,49,7180,506,6406
1309,278034,49,7180,505,6409
1310,278371,200,7178,503,6407
1311,278578,50,7192,519,6403
1312,278776,49,7198,525,6401
1313,278946,48,7221,539,6403
1314,279137,50,7238,555,6398
1315,279470,183,7239,549,6405
1316,279681,54,7240,538,6416
1317,279879,49,7240,538,6416
1318,280071,49,7239,537,6416
1319,280247,48,7253,548,6415
1320,280446,51,7258,548,6414
1321,280786,51,7275,563,6418
1322,280973,52,7275,563,6417
1323,281188,53,7294,581,6415
1324,281377,50,7302,588,6417
1325,281562,58,7303,593,6416
1326,281872,165,7307,592,6421
1327,282120,64,7311,593,6426
1328,282309,51,7319,601,6426
1329,282547,54,7324,606,6423
1330,282719,50,7324,611,6418
1331,282897,49,7328,621,6411
1332,283214,49,7333,626,6408
1333,283398,51,7343,636,6406
1334,283593,50,7345,638,6406
1335,283788,52,7345,638,6406
1336,283974,54,7342,638,6403
1337,284276,152,7339,631,6409
1338,284486,49,7344,626,6424
1339,284647,49,7345,626,6424
1340,284847,53,7340,620,6426
1341,285057,49,7346,629,6412
1342,285242,55,7358,635,6404
1343,287343,53,7362,628,6422
1344,287554,51,7369,635,6421
1345,287748,54,7373,634,6422
1346,287941,53,7389,650,6420
1347,288145,52,7397,658,6418
1348,288326,49,7397,658,6418
1349,288561,51,7397,654,6423
1350,288771,60,7397,655,6422
1351,288964,51,7408,667,6417
1352,289159,50,7408,663,6421
1353,289378,71,7399,663,6412
1354,289602,51,7404,662,6426
1355,289883,57,7400,662,6422
1356,290063,47,7406,668,6423
1357,290260,51,7407,675,6407
1358,290445,55,7409,679,6403
1359,290628,53,7423,691,6401
1360,290821,59,7425,684,6410
1361,291107,51,7424,619,6493
1362,291304,50,7437,621,6502
1363,291507,50,7438,626,6494
1364,291714,50,7446,619,6512
1365,291928,50,7456,601,6546
1366,292188,100,7457,585,6570
1367,292390,51,7458,546,6627
1368,292591,52,7462,541,6644
1369,292789,52,7471,518,6685
1370,292995,51,7471,508,6699
1371,293188,51,7479,508,6714
1372,293488,123,7481,486,6747
1373,293691,50,7490,478,6768
1374,293882,54,7484,471,6768
1375,294068,50,7486,459,6787
1376,294289,51,7487,438,6812
1377,294497,50,7489,434,6817
1378,294819,52,7482,419,6830
1379,295030,52,7475,400,6850
1380,295234,52,7482,401,6854
1381,295439,53,7489,400,6863
1382,295635,52,7492,393,6870
1383,295850,50,7493,400,6870
1384,296144,51,7496,384,6912
1385,296356,56,7498,380,6916
1386,296586,54,7495,373,6922
1387,296850,58,7494,365,6933
1388,297135,58,7501,370,6937
1389,297334,52,7505,369,6942
1390,297611,144,7527,371,6967
1391,297826,51,7533,378,6966
1392,298028,55,7534,362,6983
1393,298224,50,7543,367,6988
1394,298410,51,7549,381,6972
1395,298616,54,7549,379,6971
1396,298828,54,7554,376,6980
1397,299129,50,7562,379,6986
1398,299348,51,7563,381,6984
1399,299526,49,7577,387,6989
1400,299725,51,7575,380,6994
1401,299915,50,7569,371,6994
1402,300095,51,7573,380,6988
