tick,timestamp,query_runtime,trav_index_nodes,trav_vol_nodes,trav_unprod_nodes
0,532,2,2,2,0
1,870,1,5,5,0
2,1101,0,7,7,0
3,1262,1,26,26,0
4,1540,1,27,27,0
5,1791,4,30,30,0
6,1969,1,34,34,0
7,2111,1,36,36,0
8,2243,1,40,40,0
9,2369,2,47,47,0
10,2503,2,49,49,0
11,2636,1,52,52,0
12,2858,2,56,56,0
13,3014,2,72,72,0
14,3146,2,83,83,0
15,3364,2,84,84,0
16,3610,2,87,87,0
17,3736,2,91,91,0
18,3853,2,92,92,0
19,4088,2,94,94,0
20,4201,2,95,95,0
21,4306,2,98,98,0
22,4414,2,99,99,0
23,4530,2,100,100,0
24,4686,1,104,104,0
25,4805,2,107,107,0
26,4952,4,109,109,0
27,5094,3,111,111,0
28,5225,3,115,115,0
29,5376,4,119,119,0
30,5521,3,119,119,0
31,5625,3,132,132,0
32,5727,2,134,134,0
33,5840,2,136,136,0
34,5946,3,137,137,0
35,6072,2,150,150,0
36,6201,4,150,150,0
37,6376,5,152,152,0
38,6572,3,154,154,0
39,6700,2,156,156,0
40,6877,2,167,167,0
41,6954,3,168,168,0
42,7055,2,172,172,0
43,7173,3,174,174,0
44,7280,3,178,178,0
45,7387,2,186,186,0
46,7479,3,187,187,0
47,7574,3,188,188,0
48,7700,3,189,189,0
49,7821,3,196,196,0
50,7915,3,198,198,0
51,8016,2,200,200,0
52,8122,3,205,205,0
53,8216,3,207,207,0
54,8326,3,208,208,0
55,8432,3,209,209,0
56,8538,3,212,212,0
57,9051,3,213,213,0
58,9190,3,215,215,0
59,9280,2,218,218,0
60,9369,3,218,218,0
61,9449,2,224,224,0
62,9540,3,226,226,0
63,9626,2,228,228,0
64,9736,3,230,230,0
65,9799,2,244,244,0
66,9881,3,248,248,0
67,9971,2,260,260,0
68,10044,3,274,274,0
69,10124,3,276,276,0
70,10216,4,277,277,0
71,10370,3,280,280,0
72,10518,3,281,281,0
73,10596,4,283,283,0
74,10674,4,285,285,0
75,10767,4,288,288,0
76,10857,3,290,290,0
77,10962,3,294,294,0
78,11049,3,297,297,0
79,11130,3,300,300,0
80,11214,2,313,313,0
81,11290,3,325,325,0
82,11421,3,327,327,0
83,11533,3,333,333,0
84,11628,4,337,337,0
85,11726,4,339,339,0
86,11817,3,341,341,0
87,11906,3,349,349,0
88,11982,3,352,352,0
89,12056,3,354,354,0
90,12129,4,361,361,0
91,12201,3,364,364,0
92,12278,3,366,366,0
93,12370,3,368,368,0
94,12466,4,369,369,0
95,12555,4,371,371,0
96,12638,5,383,383,0
97,12712,4,385,385,0
98,12805,5,386,386,0
99,12890,7,390,390,0
100,12983,4,392,392,0
101,13080,4,394,394,0
102,13163,3,408,408,0
103,13243,3,410,410,0
104,13323,3,413,413,0
105,13410,4,418,418,0
106,13490,4,421,421,0
107,13643,4,429,429,0
108,13707,4,430,430,0
109,13775,7,430,430,0
110,13860,4,430,430,0
111,13939,4,433,433,0
112,14002,4,433,433,0
113,14074,3,435,435,0
114,14156,4,439,439,0
115,14248,5,441,441,0
116,14329,4,442,442,0
117,14406,3,444,444,0
118,14476,4,449,449,0
119,14552,5,451,451,0
120,14617,4,454,454,0
121,14694,5,458,458,0
122,14765,5,461,461,0
123,14836,4,462,462,0
124,14892,4,462,462,0
125,14966,4,467,467,0
126,15050,6,471,471,0
127,15122,4,472,472,0
128,15184,3,478,478,0
129,15258,5,480,480,0
130,15338,4,483,483,0
131,15437,4,489,489,0
132,15536,6,492,492,0
133,15650,3,494,494,0
134,15719,5,497,497,0
135,15799,4,503,503,0
136,15876,5,505,505,0
137,15944,7,506,506,0
138,16017,4,507,507,0
139,16090,4,512,512,0
140,16157,3,523,523,0
141,16220,4,523,523,0
142,16286,5,524,524,0
143,17199,4,526,526,0
144,17289,4,528,528,0
145,17385,5,530,530,0
146,17478,5,533,533,0
147,17552,3,533,533,0
148,17627,5,535,535,0
149,17708,6,536,536,0
150,17790,6,539,539,0
151,17872,5,540,540,0
152,17975,5,540,540,0
153,18054,5,545,545,0
154,18165,5,556,556,0
155,18263,4,557,557,0
156,18377,4,559,559,0
157,18497,5,561,561,0
158,18620,4,563,563,0
159,18752,14,564,564,0
160,18817,5,576,576,0
161,18883,4,578,578,0
162,18940,5,589,589,0
163,19007,4,590,590,0
164,19108,9,593,593,0
165,19188,5,599,599,0
166,19290,5,600,600,0
167,19378,5,606,606,0
168,19489,5,609,609,0
169,19568,5,615,615,0
170,19645,4,617,617,0
171,19743,6,618,618,0
172,19875,7,618,618,0
173,19973,9,619,619,0
174,20078,6,621,621,0
175,20166,5,638,638,0
176,20266,5,640,640,0
177,20467,4,642,642,0
178,20545,4,653,653,0
179,20621,4,654,654,0
180,20711,4,658,658,0
181,20817,5,659,659,0
182,20894,4,664,664,0
183,21008,6,666,666,0
184,21118,7,668,668,0
185,21212,6,668,668,0
186,21299,5,672,672,0
187,21376,6,675,675,0
188,21451,5,677,677,0
189,21542,6,679,679,0
190,21636,6,681,681,0
191,21726,5,686,686,0
192,21812,7,687,687,0
193,21908,6,691,691,0
194,22022,6,694,694,0
195,22118,5,696,696,0
196,22216,6,701,701,0
197,22304,5,712,712,0
198,22403,11,715,715,0
199,22500,8,724,724,0
200,22610,5,728,728,0
201,22707,8,735,735,0
202,22776,5,747,747,0
203,22844,6,748,748,0
204,22932,6,751,751,0
205,23038,6,752,752,0
206,23141,8,753,753,0
207,23213,6,756,756,0
208,23300,8,767,767,0
209,23402,8,772,772,0
210,23499,6,783,783,0
211,23639,10,784,784,0
212,23728,6,784,784,0
213,23822,8,795,795,0
214,23902,8,797,797,0
215,24002,7,800,800,0
216,24105,6,802,802,0
217,24188,6,804,804,0
218,24410,5,804,804,0
219,24496,6,807,807,0
220,24585,6,809,809,0
221,24659,5,810,810,0
222,24757,5,812,812,0
223,24820,7,815,815,0
224,24904,7,819,819,0
225,24985,6,821,821,0
226,25073,7,823,823,0
227,25157,6,834,834,0
228,25235,6,835,835,0
229,25325,8,844,844,0
230,25417,6,846,846,0
231,25489,7,849,849,0
232,25583,6,852,852,0
233,25678,7,856,856,0
234,25759,6,859,859,0
235,25851,6,872,872,0
236,25961,14,877,877,0
237,26044,8,879,879,0
238,26147,12,882,882,0
239,26242,7,882,882,0
240,26344,8,884,884,0
241,26426,6,898,898,0
242,26514,7,900,900,0
243,26606,9,910,910,0
244,26689,8,911,911,0
245,26802,7,914,914,0
246,26872,8,922,922,0
247,26957,8,931,931,0
248,27040,7,943,943,0
249,27131,8,948,948,0
250,27214,9,958,958,0
251,27315,8,960,960,0
252,27391,7,964,964,0
253,27479,10,975,975,0
254,27577,7,978,978,0
255,27655,9,978,978,0
256,27735,8,980,980,0
257,27824,8,981,981,0
258,29496,8,986,986,0
259,29585,6,989,989,0
260,29680,7,989,989,0
261,29745,7,991,991,0
262,29829,7,993,993,0
263,29907,8,994,994,0
264,30025,8,996,996,0
265,30112,8,997,997,0
266,30195,8,1000,989,2
267,30281,8,1001,957,26
268,30367,8,1004,944,29
269,30447,8,1007,936,30
270,30539,7,1011,917,42
271,30637,11,1023,918,44
272,30775,14,1026,916,43
273,30915,8,1028,896,55
274,31001,8,1031,880,62
275,31070,8,1030,858,74
276,31145,7,1035,830,99
277,31219,9,1042,811,112
278,31301,9,1044,787,124
279,31384,8,1045,770,137
280,31487,8,1050,772,138
281,31588,8,1053,769,138
282,31692,8,1053,766,138
283,31778,7,1053,746,151
284,31888,8,1055,739,156
285,32002,10,1056,711,176
286,32096,11,1066,688,200
287,32183,9,1070,684,205
288,32281,8,1074,676,212
289,32381,7,1077,660,227
290,32490,10,1088,645,236
291,32583,8,1090,636,235
292,32681,8,1090,626,245
293,32914,154,1101,586,290
294,32983,7,1101,572,299
295,33055,10,1102,563,305
296,33183,10,1104,559,311
297,33303,11,1103,547,319
298,33417,8,1105,536,326
299,33530,8,1103,520,338
300,33644,8,1103,507,350
301,33729,8,1102,501,353
302,33820,7,1105,494,357
303,33908,7,1104,488,360
304,34023,11,1113,491,366
305,34135,7,1114,483,375
306,34226,7,1116,471,386
307,34335,10,1122,467,398
308,34422,9,1125,464,403
309,34512,8,1119,441,415
310,34598,8,1119,436,420
311,34694,8,1121,438,422
312,34785,8,1125,423,440
313,34890,8,1126,422,440
314,34985,8,1125,407,461
315,35083,8,1130,409,467
316,35174,10,1132,407,470
317,35260,8,1132,401,469
318,35336,9,1132,398,471
319,35425,8,1131,390,474
320,35529,11,1129,387,476
321,35621,11,1128,382,478
322,35699,8,1126,380,481
323,35783,8,1128,376,482
324,35864,8,1130,369,485
325,35950,9,1132,370,482
326,36049,9,1135,373,481
327,36151,9,1138,363,498
328,36256,8,1141,360,503
329,36481,8,1152,353,511
330,36553,7,1153,354,510
331,36636,8,1155,358,507
332,36740,13,1162,360,504
333,36831,9,1164,361,503
334,36934,8,1160,354,509
335,37017,7,1161,350,519
336,37101,9,1160,347,521
337,37175,8,1160,343,525
338,37269,7,1162,344,526
339,37372,8,1159,341,523
340,37446,8,1157,335,530
341,37549,8,1158,325,542
342,37651,9,1167,333,544
343,37739,8,1170,333,548
344,37826,8,1168,326,556
345,37936,11,1172,324,566
346,38031,13,1172,321,569
347,38088,8,1176,321,574
348,38185,10,1175,315,583
349,38296,8,1173,313,583
350,38402,9,1186,327,583
351,38507,8,1194,325,588
352,38606,9,1192,326,582
353,38709,9,1194,328,581
354,38778,8,1199,333,579
355,38872,8,1204,336,576
356,38959,8,1204,337,575
357,39042,9,1220,344,578
358,39167,11,1219,343,580
359,39277,11,1223,333,587
360,39518,154,1231,319,614
361,39592,8,1236,322,614
362,39691,8,1236,319,619
363,39784,9,1237,319,620
364,39871,9,1240,319,621
365,39967,10,1241,316,622
366,40062,9,1243,315,633
367,40138,9,1240,312,630
368,40227,9,1242,313,633
369,40350,9,1242,311,635
370,40460,11,1239,307,634
371,40547,8,1243,308,634
372,40622,9,1243,300,647
373,40715,8,1239,299,644
374,40816,8,1236,299,643
375,40898,8,1238,301,642
376,40957,9,1246,305,650
377,41053,9,1245,295,660
378,41161,9,1246,296,659
379,41257,9,1251,298,657
380,41348,11,1252,298,658
381,41456,9,1252,296,656
382,41562,11,1248,294,656
383,41666,12,1244,294,651
384,41755,9,1241,292,653
385,41853,9,1239,289,657
386,41939,9,1249,297,656
387,42038,8,1251,296,659
388,42119,9,1250,291,668
389,42190,13,1247,289,671
390,42270,9,1245,286,680
391,42334,9,1242,281,689
392,42551,9,1244,282,687
393,42638,8,1242,282,687
394,42779,14,1243,281,691
395,42894,8,1251,285,697
396,42977,9,1252,288,695
397,43046,9,1254,293,689
398,43115,8,1252,292,688
399,43198,9,1254,290,686
400,43276,9,1257,289,689
401,43357,8,1255,285,695
402,43427,9,1266,293,699
403,43506,10,1275,301,697
404,43603,9,1272,301,695
405,43697,9,1273,291,703
406,43780,9,1282,302,700
407,43852,10,1283,304,697
408,43963,10,1288,306,697
409,44062,11,1289,296,710
410,44128,9,1293,297,714
411,44217,9,1289,296,717
412,44303,9,1284,291,717
413,44382,9,1288,298,713
414,44484,9,1293,298,717
415,44574,9,1304,306,722
416,44650,9,1319,318,725
417,44747,10,1320,324,715
418,44862,13,1321,322,719
419,44946,9,1322,322,719
420,45044,9,1326,325,714
421,45149,13,1337,336,716
422,45479,8,1339,338,717
423,45610,10,1343,340,713
424,45679,8,1342,342,707
425,45750,9,1342,344,703
426,45811,9,1349,349,699
427,45884,9,1347,348,701
428,45971,9,1359,358,703
429,46062,9,1353,357,703
430,46135,9,1349,354,703
431,46219,10,1345,354,699
432,46300,9,1345,352,700
433,46401,10,1349,358,696
434,46487,9,1351,360,693
435,46569,8,1355,363,692
436,46654,11,1356,366,685
437,46746,13,1360,369,685
438,46826,11,1361,370,685
439,46875,9,1362,371,682
440,46930,9,1360,372,676
441,47008,13,1361,375,669
442,47103,12,1356,375,664
443,47172,9,1357,376,664
444,47233,9,1355,372,671
445,47302,9,1357,373,672
446,47360,9,1355,378,665
447,47464,10,1355,378,665
448,47566,9,1355,376,664
449,47664,9,1353,369,676
450,47743,9,1355,370,676
451,47835,10,1353,370,676
452,49918,11,1363,338,725
453,49986,9,1364,344,713
454,50077,9,1362,338,720
455,50160,9,1361,338,721
456,50255,9,1360,339,719
457,50335,9,1360,339,719
458,50419,9,1358,338,721
459,50514,8,1357,339,717
460,50584,8,1356,339,716
461,50651,9,1354,340,711
462,50731,9,1353,343,705
463,50799,14,1352,342,706
464,50868,9,1348,340,708
465,50938,9,1355,345,706
466,51007,8,1363,353,702
467,51114,9,1366,356,698
468,51186,10,1362,355,696
469,51255,11,1372,364,697
470,51331,10,1372,366,695
471,51409,8,1368,364,695
472,51470,7,1369,365,695
473,51546,9,1365,367,689
474,51621,9,1364,365,694
475,51705,9,1372,371,698
476,51782,9,1370,371,695
477,51858,10,1371,372,694
478,51935,9,1369,365,691
479,52140,136,1370,362,699
480,52205,9,1363,363,694
481,52292,8,1366,365,689
482,52382,9,1364,365,685
483,52455,11,1360,363,686
484,52546,12,1370,370,693
485,52630,10,1370,369,694
486,52704,9,1366,368,693
487,52780,9,1372,370,693
488,52875,9,1372,368,698
489,52952,9,1372,367,701
490,53038,9,1366,367,697
491,53105,9,1364,365,698
492,53199,9,1369,373,693
493,53269,9,1364,373,688
494,53367,9,1365,372,688
495,53457,9,1365,372,688
496,53541,10,1364,372,687
497,53619,10,1356,372,679
498,53709,12,1362,376,674
499,53817,13,1360,376,671
500,53888,10,1382,395,664
501,53964,9,1382,395,664
502,54043,9,1388,399,665
503,54130,12,1393,399,667
504,54204,10,1393,400,661
505,54292,10,1397,404,661
506,54478,112,1399,405,661
507,54557,9,1399,402,667
508,54640,9,1405,407,666
509,54723,9,1406,405,673
510,54813,10,1400,404,669
511,54919,15,1404,410,663
512,55015,12,1403,409,656
513,55098,8,1403,410,658
514,55169,9,1417,417,653
515,55258,10,1417,417,652
516,55334,10,1421,420,651
517,55412,10,1426,423,653
518,55505,10,1429,426,652
519,55588,10,1430,426,655
520,55681,10,1428,427,652
521,55767,10,1428,427,651
522,55866,10,1427,428,648
523,55948,9,1427,428,648
524,56018,9,1431,432,644
525,56080,9,1428,431,643
526,56158,12,1430,433,639
527,56234,11,1429,431,640
528,56322,12,1434,434,639
529,56391,11,1443,443,639
530,56462,10,1449,447,635
531,56520,9,1457,455,632
532,56593,12,1461,456,636
533,56663,10,1456,457,631
534,56887,8,1468,468,633
535,56960,8,1478,474,633
536,57025,9,1483,475,633
537,57089,9,1480,471,637
538,57152,9,1485,474,636
539,57215,7,1481,474,632
540,57281,9,1492,484,631
541,57355,14,1495,489,626
542,57469,16,1494,488,629
543,57547,11,1494,487,633
544,57644,18,1490,487,629
545,57735,12,1486,488,619
546,57806,9,1489,489,618
547,57911,10,1497,493,618
548,57996,11,1497,493,618
549,58074,10,1498,494,618
550,58155,10,1498,496,616
551,58229,10,1503,499,616
552,58308,10,1512,508,616
553,58396,11,1525,525,612
554,58471,11,1533,535,610
555,58551,11,1534,536,610
556,58630,11,1534,536,610
557,58704,10,1537,539,609
558,58793,13,1553,555,606
559,58888,16,1557,558,606
560,59114,14,1565,566,606
561,59175,10,1566,567,606
562,59241,10,1568,569,605
563,59329,9,1568,571,603
564,59398,9,1571,574,601
565,59488,10,1575,578,599
566,59565,10,1584,582,599
567,59647,11,1585,582,605
568,59731,10,1596,581,616
569,59806,10,1598,580,622
570,59889,10,1601,583,620
571,59975,11,1602,588,613
572,60074,10,1606,563,648
573,60213,14,1610,538,682
574,60306,15,1611,524,709
575,60398,11,1615,505,746
576,60486,12,1618,497,762
577,60588,12,1628,482,792
578,60693,12,1628,470,812
579,60786,11,1627,467,813
580,60870,11,1626,466,814
581,60944,11,1626,454,830
582,61039,13,1627,419,876
583,61132,11,1628,403,902
584,61211,11,1631,401,908
585,61480,12,1635,372,955
586,61572,14,1633,364,963
587,61665,11,1644,357,977
588,61751,11,1655,366,977
589,61856,10,1653,354,1000
590,61955,11,1664,365,996
591,62061,12,1664,363,998
592,62161,10,1671,369,998
593,62258,11,1679,375,997
594,62346,11,1676,348,1027
595,62417,11,1680,351,1027
596,62512,12,1683,356,1028
597,62574,11,1683,351,1040
598,62669,14,1685,351,1041
599,62759,12,1683,346,1043
600,62864,11,1685,349,1042
601,62953,11,1682,339,1051
602,63047,11,1687,344,1045
603,63143,11,1686,335,1059
604,63229,11,1683,333,1062
605,63327,11,1689,337,1065
606,63413,11,1689,327,1081
607,63510,11,1693,318,1093
608,63597,12,1689,308,1103
609,63882,11,1685,299,1112
610,63968,10,1684,297,1114
611,64051,11,1684,289,1123
612,64132,11,1692,295,1126
613,64223,10,1695,297,1125
614,64322,12,1697,296,1129
615,64406,12,1695,290,1139
616,64488,11,1697,283,1153
617,64601,11,1695,278,1162
618,64695,11,1696,279,1162
619,64789,11,1696,276,1167
620,64875,11,1697,270,1179
621,64958,12,1702,273,1179
622,65063,11,1707,268,1187
623,65159,13,1706,268,1190
624,65260,11,1707,259,1201
625,65342,13,1717,268,1201
626,65443,12,1716,267,1203
627,65511,12,1725,275,1205
628,65590,11,1733,273,1220
629,65875,10,1739,274,1225
630,65968,11,1742,275,1225
631,66063,10,1733,275,1216
632,66154,11,1734,273,1217
633,66228,13,1736,273,1219
634,66311,10,1742,278,1215
635,66394,11,1745,281,1214
636,66475,11,1746,287,1210
637,66569,12,1747,289,1211
638,66665,12,1749,291,1211
639,66753,12,1752,296,1202
640,66849,12,1753,295,1207
641,66935,11,1748,280,1217
642,67015,11,1744,278,1218
643,67111,12,1750,284,1212
644,67184,12,1761,296,1209
645,67255,12,1764,298,1212
646,67341,13,1768,301,1209
647,67453,11,1770,301,1208
648,67551,13,1771,301,1205
649,67892,11,1769,297,1213
650,67978,11,1766,295,1215
651,68067,11,1764,294,1215
652,68153,12,1767,295,1214
653,68258,11,1769,292,1218
654,68346,12,1770,292,1219
655,68437,11,1782,293,1229
656,68521,12,1783,290,1234
657,68619,13,1784,290,1236
658,68717,13,1792,296,1235
659,68798,13,1793,288,1248
660,68915,15,1793,284,1250
661,68999,16,1799,290,1250
662,69084,12,1797,289,1254
663,69157,12,1801,293,1254
664,69258,11,1799,291,1255
665,69618,12,1796,287,1262
666,69699,12,1812,299,1267
667,69801,13,1812,298,1267
668,69898,14,1806,297,1262
669,69977,13,1807,295,1266
670,70090,15,1809,295,1264
671,70184,11,1809,292,1273
672,70257,12,1813,295,1275
673,70348,13,1819,299,1278
674,70442,13,1828,303,1284
675,70526,12,1830,303,1288
676,70622,12,1830,303,1288
677,70733,11,1827,298,1292
678,70836,15,1826,301,1288
679,70951,15,1826,299,1288
680,71033,12,1827,295,1287
681,71340,12,1827,293,1290
682,71446,15,1825,292,1289
683,71549,14,1824,286,1296
684,71643,12,1826,285,1296
685,71732,11,1823,277,1308
686,71807,13,1834,286,1310
687,71900,12,1836,287,1312
688,71975,12,1836,287,1312
689,72060,13,1841,292,1311
690,72146,13,1840,291,1312
691,72249,12,1837,291,1309
692,72347,13,1836,279,1306
693,72450,12,1836,280,1306
694,72553,15,1838,282,1302
695,72650,15,1838,280,1309
696,74878,2144,1841,270,1329
697,74961,11,1836,238,1381
698,75045,11,1836,239,1381
699,75125,11,1830,239,1375
700,75218,11,1836,247,1370
701,75299,13,1848,259,1370
702,75383,12,1845,259,1367
703,75476,12,1857,270,1361
704,75555,12,1859,272,1358
705,75637,12,1858,273,1355
706,75727,12,1860,272,1358
707,75814,15,1854,273,1348
708,75910,12,1853,275,1345
709,76022,12,1855,276,1339
710,76126,15,1857,276,1339
711,76209,12,1854,275,1335
712,76352,12,1858,278,1332
713,76446,11,1852,278,1326
714,76537,13,1852,281,1322
715,76619,12,1865,291,1330
716,76734,16,1863,292,1327
717,76830,12,1866,295,1324
718,76923,12,1865,295,1323
719,77015,12,1862,295,1320
720,77105,12,1865,294,1322
721,77206,12,1867,295,1321
722,77307,13,1866,294,1317
723,77395,11,1866,295,1316
724,77490,12,1862,294,1315
725,77579,12,1864,294,1320
726,77660,13,1863,294,1318
727,77830,83,1863,293,1317
728,77909,12,1861,293,1315
729,78003,11,1866,297,1313
730,78081,12,1866,297,1313
731,78165,11,1867,300,1308
732,78241,11,1876,309,1308
733,78336,13,1873,309,1305
734,78422,15,1870,309,1302
735,78551,16,1869,311,1298
736,78648,12,1864,312,1290
737,78732,13,1867,315,1290
738,78816,12,1861,315,1284
739,78901,12,1861,315,1284
740,78986,12,1864,316,1283
741,79082,13,1864,320,1277
742,79179,11,1861,321,1273
743,79345,11,1860,321,1272
744,79430,13,1862,326,1266
745,79526,12,1863,327,1266
746,79611,12,1868,331,1260
747,79706,15,1863,331,1255
748,79793,11,1863,333,1253
749,79884,12,1873,343,1253
750,79976,12,1870,343,1249
751,80058,12,1871,343,1252
752,80152,12,1863,341,1250
753,80246,12,1865,342,1254
754,80337,12,1859,339,1251
755,80410,12,1859,337,1254
756,80502,12,1860,338,1252
757,80597,12,1863,339,1253
758,80679,12,1864,339,1256
759,80756,12,1864,340,1254
760,80939,12,1866,341,1250
761,81037,15,1861,341,1245
762,81126,12,1864,342,1243
763,81192,13,1867,343,1246
764,81268,11,1864,343,1241
765,81365,12,1868,346,1239
766,81437,12,1867,345,1242
767,81519,12,1866,339,1245
768,81579,12,1866,338,1248
769,81650,15,1865,339,1245
770,81713,11,1867,341,1243
771,81803,13,1869,341,1245
772,81912,13,1867,341,1243
773,81992,12,1863,339,1238
774,82097,13,1865,340,1235
775,82180,12,1877,352,1230
776,82381,11,1880,348,1235
777,82475,12,1882,349,1232
778,82579,12,1882,347,1238
779,82657,12,1884,350,1234
780,82753,12,1884,350,1234
781,82846,12,1887,352,1232
782,82927,12,1888,352,1232
783,82994,12,1890,352,1229
784,83076,13,1887,354,1223
785,83165,16,1882,351,1220
786,83226,11,1884,352,1219
787,83292,11,1886,352,1219
788,83371,11,1888,353,1219
789,83478,17,1888,350,1220
790,83587,12,1887,349,1221
791,83689,13,1888,346,1227
792,83779,12,1891,347,1231
793,83880,12,1892,347,1233
794,84075,11,1899,354,1230
795,84165,13,1900,353,1230
796,84255,12,1901,353,1236
797,84350,12,1898,350,1237
798,84441,12,1901,353,1237
799,84526,12,1897,353,1235
800,84636,27,1894,353,1233
801,84719,14,1895,353,1235
802,84796,15,1891,351,1234
803,84882,12,1894,354,1232
804,84962,12,1896,355,1235
805,85035,13,1893,354,1239
806,85117,12,1893,355,1237
807,85200,13,1893,355,1237
808,85283,13,1894,356,1239
809,85365,12,1895,358,1237
810,85459,13,1897,358,1239
811,85562,12,1902,362,1235
812,85746,11,1904,362,1235
813,85826,15,1902,358,1237
814,85912,16,1902,357,1237
815,86006,14,1905,357,1237
816,86094,14,1911,361,1239
817,86184,12,1910,360,1240
818,86261,13,1911,359,1243
819,86352,12,1911,359,1242
820,86439,13,1905,359,1238
821,86525,13,1905,357,1240
822,86615,12,1904,358,1235
823,86698,13,1904,353,1241
824,86799,13,1906,357,1237
825,86891,13,1906,357,1237
826,86956,13,1902,357,1233
827,87056,15,1904,358,1237
828,87156,13,1903,358,1236
829,87223,14,1903,358,1236
830,87400,118,1908,363,1238
831,87484,12,1920,373,1241
832,87575,12,1919,372,1242
833,87650,12,1919,371,1243
834,87754,12,1922,370,1241
835,87846,12,1920,370,1239
836,87948,12,1923,370,1243
837,88025,13,1923,368,1247
838,88091,12,1923,367,1249
839,88174,13,1927,369,1247
840,88275,12,1928,371,1248
841,88360,17,1929,367,1252
842,88452,12,1930,372,1245
843,88535,12,1930,368,1253
844,88633,13,1932,370,1253
845,88726,13,1945,378,1249
846,88813,13,1946,377,1252
847,88910,13,1946,378,1251
848,89002,13,1945,380,1246
849,89094,13,1946,381,1246
850,89300,12,1948,381,1243
851,89375,12,1948,380,1241
852,89469,16,1952,381,1243
853,89556,12,1967,396,1243
854,89643,13,1969,396,1242
855,89738,13,1967,398,1237
856,89834,13,1966,393,1251
857,89917,13,1965,393,1252
858,90008,13,1971,393,1263
859,90113,13,1971,384,1276
860,90213,13,1978,369,1306
861,90321,14,1978,341,1348
862,90415,14,1986,335,1372
863,90511,13,1991,337,1379
864,90654,16,1992,328,1388
865,90762,15,1995,321,1396
866,90864,14,1993,291,1432
867,90963,13,1997,287,1445
868,91064,14,1997,269,1464
869,91295,23,1997,257,1485
870,91399,12,2002,262,1480
871,91479,13,2006,266,1479
872,91569,13,2008,256,1499
873,91672,13,2011,249,1509
874,91760,13,2013,242,1516
875,91862,17,2016,238,1526
876,91946,12,2015,236,1531
877,92042,14,2015,237,1530
878,92125,13,2020,225,1553
879,92225,14,2022,227,1549
880,92323,13,2021,226,1548
881,92417,13,2021,225,1551
882,92513,13,2026,228,1551
883,92615,13,2028,222,1560
884,92705,13,2027,224,1556
885,92797,14,2030,224,1559
886,92874,13,2032,222,1563
887,93008,16,2027,210,1573
888,93092,13,2029,211,1574
889,93321,13,2027,178,1617
890,93425,16,2036,168,1638
891,93506,12,2039,164,1646
892,93608,13,2038,164,1646
893,93720,13,2042,165,1644
894,93813,13,2044,167,1641
895,93905,13,2046,165,1645
896,93985,14,2068,185,1648
897,94090,13,2076,189,1648
898,94189,17,2078,191,1647
899,94284,14,2076,189,1652
900,94372,14,2079,183,1666
901,94470,14,2077,178,1677
902,94578,14,2077,171,1686
903,94662,13,2078,172,1686
904,94757,13,2077,173,1689
905,94860,13,2081,177,1681
906,94955,14,2084,178,1685
907,95056,14,2088,179,1691
908,95135,13,2088,177,1697
909,95224,13,2088,176,1698
910,95451,148,2090,175,1702
911,95549,22,2090,175,1700
912,95644,12,2088,174,1700
913,95734,14,2088,173,1704
914,95830,13,2090,176,1702
915,95919,15,2096,184,1700
916,95997,13,2105,192,1701
917,96092,13,2103,189,1704
918,96173,13,2103,189,1705
919,96271,13,2105,189,1710
920,96364,14,2107,190,1712
921,96446,14,2109,186,1719
922,96525,13,2116,197,1709
923,96631,21,2115,197,1711
924,96725,17,2111,195,1705
925,96802,14,2112,195,1706
926,96886,14,2113,193,1707
927,96990,17,2111,194,1704
928,97081,14,2110,191,1705
929,97177,13,2115,196,1704
930,97267,14,2118,198,1697
931,97525,13,2114,193,1703
932,97640,22,2117,191,1707
933,97737,13,2119,193,1705
934,97837,14,2130,200,1710
935,97937,18,2130,197,1720
936,98033,15,2137,202,1714
937,98110,13,2139,204,1714
938,98190,13,2145,211,1711
939,98267,14,2142,209,1711
940,98357,14,2139,209,1708
941,98446,14,2141,211,1710
942,98545,14,2138,211,1704
943,98636,14,2140,212,1702
944,98732,14,2141,212,1705
945,98841,14,2139,213,1701
946,98943,16,2140,213,1701
947,99049,16,2147,224,1688
948,99170,18,2145,224,1685
949,99246,15,2147,225,1686
950,99330,18,2145,226,1680
951,99423,17,2147,227,1680
952,99711,15,2144,227,1676
953,99797,15,2144,229,1673
954,99906,17,2143,225,1680
955,100001,14,2147,227,1682
956,100096,13,2150,228,1686
957,100198,15,2150,226,1688
958,100280,16,2163,239,1688
959,100387,13,2162,238,1688
960,100484,14,2163,239,1688
961,100569,15,2160,239,1685
962,100646,14,2163,242,1687
963,100750,15,2164,239,1698
964,100865,16,2166,240,1691
965,100966,17,2168,242,1691
966,101056,15,2168,241,1696
967,101166,15,2169,241,1696
968,101263,16,2168,243,1693
969,101386,21,2171,246,1691
970,101480,19,2175,249,1694
971,101575,16,2180,253,1694
972,101650,14,2180,253,1695
973,101930,14,2179,241,1709
974,102016,15,2186,248,1707
975,102115,14,2184,249,1701
976,102222,15,2187,250,1705
977,102323,15,2186,246,1698
978,102418,14,2188,246,1700
979,102503,14,2192,251,1695
980,102599,17,2191,250,1690
981,102698,20,2190,247,1687
982,102785,15,2189,247,1686
983,102880,15,2189,247,1686
984,102975,16,2188,247,1685
985,103071,18,2189,248,1683
986,103166,16,2192,252,1679
987,103258,14,2199,258,1679
988,103369,14,2200,260,1673
989,103476,16,2203,264,1662
990,103572,16,2198,264,1657
991,103654,15,2195,264,1654
992,103968,217,2203,272,1650
993,104061,19,2201,273,1647
994,104158,13,2209,279,1645
995,104254,14,2211,281,1645
996,104335,14,2208,282,1641
997,104426,15,2208,284,1639
998,104519,15,2209,285,1637
999,104609,14,2210,286,1633
1000,104679,14,2210,286,1633
1001,104771,15,2209,286,1632
1002,104864,15,2218,295,1630
1003,104956,14,2218,295,1630
1004,105049,16,2218,291,1635
1005,105157,23,2216,289,1640
1006,105251,23,2228,295,1654
1007,105350,19,2228,295,1658
1008,105459,15,2230,292,1665
1009,105577,16,2232,293,1667
1010,105671,15,2232,293,1669
1011,108306,16,2225,242,1741
1012,108398,16,2223,239,1742
1013,108488,14,2233,246,1733
1014,108584,14,2230,247,1727
1015,108691,14,2226,247,1723
1016,108777,14,2230,258,1712
1017,108873,13,2229,259,1707
1018,108986,16,2230,260,1704
1019,109085,15,2226,260,1704
1020,109178,14,2226,258,1709
1021,109280,13,2225,256,1713
1022,109371,22,2222,258,1708
1023,109462,22,2223,257,1710
1024,109549,14,2223,254,1712
1025,109624,15,2223,253,1714
1026,109717,15,2221,249,1715
1027,109814,15,2219,250,1710
1028,109906,15,2214,250,1705
1029,110002,15,2211,249,1704
1030,110155,75,2209,246,1706
1031,110259,14,2207,243,1713
1032,110351,14,2207,246,1707
1033,110430,14,2208,246,1710
1034,110514,14,2208,245,1713
1035,110627,22,2209,247,1708
1036,110721,19,2208,247,1710
1037,110808,20,2215,250,1709
1038,110882,14,2219,254,1707
1039,110957,16,2219,254,1707
1040,111047,14,2220,253,1708
1041,111120,15,2220,256,1701
1042,111220,15,2216,256,1697
1043,111312,14,2215,255,1696
1044,111417,16,2221,258,1695
1045,111509,15,2229,263,1696
1046,111602,14,2229,263,1696
1047,111709,14,2225,263,1692
1048,111811,16,2226,266,1695
1049,111911,23,2224,263,1699
1050,112121,14,2225,262,1702
1051,112215,15,2237,270,1703
1052,112312,15,2238,271,1701
1053,112404,15,2238,275,1696
1054,112507,17,2238,274,1696
1055,112615,14,2244,280,1694
1056,112700,14,2247,279,1693
1057,112777,14,2254,286,1693
1058,112868,14,2259,292,1692
1059,112955,16,2260,293,1690
1060,113045,14,2262,294,1686
1061,113131,19,2264,291,1694
1062,113248,21,2264,292,1691
1063,113346,14,2267,291,1689
1064,113436,14,2266,288,1687
1065,113522,15,2267,289,1686
1066,113591,14,2267,290,1687
1067,113657,15,2268,289,1688
1068,113759,15,2269,290,1685
1069,113946,116,2278,297,1683
1070,114021,16,2278,298,1681
1071,114105,15,2280,296,1683
1072,114196,14,2278,294,1685
1073,114274,15,2277,292,1688
1074,114367,16,2271,292,1682
1075,114463,18,2272,296,1678
1076,114546,15,2269,297,1674
1077,114638,14,2273,300,1674
1078,114738,15,2273,297,1680
1079,114815,15,2269,296,1678
1080,114905,15,2269,295,1677
1081,115009,15,2268,294,1680
1082,115088,14,2269,295,1678
1083,115174,14,2268,296,1674
1084,115265,15,2268,295,1675
1085,115356,14,2271,297,1677
1086,115454,14,2272,298,1675
1087,115539,14,2270,297,1677
1088,115766,148,2286,311,1675
1089,115849,14,2296,321,1672
1090,115936,15,2293,321,1669
1091,116026,14,2296,322,1667
1092,116111,14,2297,322,1670
1093,116189,15,2298,323,1669
1094,116281,15,2299,325,1667
1095,116376,15,2300,325,1670
1096,116469,15,2296,323,1668
1097,116543,14,2295,323,1667
1098,116639,15,2308,337,1661
1099,116722,15,2311,340,1657
1100,116824,18,2314,340,1655
1101,116897,16,2315,340,1658
1102,116993,17,2314,338,1662
1103,117068,14,2316,339,1660
1104,117152,15,2331,347,1660
1105,117217,15,2328,344,1660
1106,117292,16,2325,343,1657
1107,117387,15,2322,343,1654
1108,117604,14,2323,341,1656
1109,117693,14,2323,338,1664
1110,117766,14,2333,352,1662
1111,117865,14,2340,356,1664
1112,117960,15,2350,365,1662
1113,118053,16,2351,366,1660
1114,118145,17,2348,367,1655
1115,118244,15,2348,366,1658
1116,118328,16,2349,367,1658
1117,118414,16,2347,363,1653
1118,118521,18,2339,363,1645
1119,118620,18,2336,363,1642
1120,118706,16,2332,364,1636
1121,118812,16,2332,364,1636
1122,118907,16,2333,361,1632
1123,118993,15,2344,367,1634
1124,119091,15,2343,366,1634
1125,119178,16,2341,367,1631
1126,119278,15,2342,368,1630
1127,119529,187,2338,364,1628
1128,119619,15,2351,377,1626
1129,119705,14,2352,380,1626
1130,119788,15,2351,380,1625
1131,119876,15,2349,380,1623
1132,119974,15,2350,379,1622
1133,120081,17,2350,359,1658
1134,120199,16,2351,324,1721
1135,120305,15,2352,308,1743
1136,120409,15,2355,306,1745
1137,120509,15,2365,308,1758
1138,120623,19,2364,303,1772
1139,120730,17,2369,298,1776
1140,120808,14,2372,289,1794
1141,120909,16,2373,286,1800
1142,121008,15,2371,270,1822
1143,121099,16,2372,261,1833
1144,121198,16,2370,250,1846
1145,121287,16,2368,253,1838
1146,121381,15,2380,263,1835
1147,121632,14,2378,260,1842
1148,121734,15,2378,253,1854
1149,121831,15,2384,259,1844
1150,121924,15,2383,257,1847
1151,122019,15,2383,251,1855
1152,122105,16,2395,262,1851
1153,122205,15,2395,256,1864
1154,122298,16,2397,256,1866
1155,122422,15,2397,240,1892
1156,122529,15,2392,241,1885
1157,122635,16,2393,241,1895
1158,122723,15,2391,239,1896
1159,122830,15,2391,233,1905
1160,122951,15,2392,227,1914
1161,123054,15,2389,219,1923
1162,123151,16,2390,208,1938
1163,123240,15,2391,209,1938
1164,123334,15,2408,228,1933
1165,123409,15,2409,229,1933
1166,123695,202,2418,229,1949
1167,123779,15,2420,207,1976
1168,123882,16,2421,207,1976
1169,123977,18,2417,207,1972
1170,124082,18,2418,208,1975
1171,124169,15,2417,208,1977
1172,124258,16,2416,210,1972
1173,124331,15,2416,213,1965
1174,124432,16,2416,214,1963
1175,124528,16,2416,211,1971
1176,124638,15,2421,219,1964
1177,124731,15,2423,220,1966
1178,124837,15,2418,206,1975
1179,124932,15,2418,188,2003
1180,125014,15,2422,192,2002
1181,125109,15,2428,200,1998
1182,125202,18,2427,197,2009
1183,125306,16,2425,197,2007
1184,125603,216,2442,214,2007
1185,125698,14,2443,207,2020
1186,125802,15,2445,209,2018
1187,125902,15,2445,199,2033
1188,125994,15,2445,201,2025
1189,126086,15,2443,199,2024
1190,126182,16,2442,199,2022
1191,126279,15,2448,202,2023
1192,126361,15,2451,204,2023
1193,126476,16,2449,201,2031
1194,126582,16,2452,200,2040
1195,126684,15,2461,208,2041
1196,126772,15,2459,199,2055
1197,126866,16,2460,193,2065
1198,126961,16,2458,186,2074
1199,127073,16,2458,184,2069
1200,127174,16,2451,184,2062
1201,127258,15,2452,184,2063
1202,127366,15,2453,184,2069
1203,127686,21,2457,186,2077
1204,127813,15,2457,186,2078
1205,127905,17,2455,183,2079
1206,127994,16,2455,183,2079
1207,128094,15,2455,183,2078
1208,128178,16,2452,183,2075
1209,128282,16,2453,184,2072
1210,128381,16,2453,179,2079
1211,128477,16,2453,174,2085
1212,128562,15,2457,177,2085
1213,128659,15,2456,179,2078
1214,128750,15,2460,182,2072
1215,128872,22,2458,182,2077
1216,128964,16,2458,181,2079
1217,129081,16,2459,178,2091
1218,129174,19,2458,178,2090
1219,129283,17,2458,173,2092
1220,129577,209,2458,168,2103
1221,129679,16,2452,166,2095
1222,129766,15,2456,168,2093
1223,129869,15,2462,177,2090
1224,129966,19,2462,176,2090
1225,130079,19,2466,180,2082
1226,130186,15,2467,179,2086
1227,130288,17,2473,183,2086
1228,130375,16,2482,195,2082
1229,130464,18,2483,196,2082
1230,130566,16,2485,197,2083
1231,130675,19,2487,200,2078
1232,130771,16,2490,199,2079
1233,130860,19,2491,200,2079
1234,130967,17,2489,196,2087
1235,131050,16,2498,205,2087
1236,131152,16,2498,201,2096
1237,131245,18,2506,205,2102
1238,131580,17,2503,205,2102
1239,131675,15,2508,209,2106
1240,131790,19,2512,213,2106
1241,131900,17,2510,213,2104
1242,132002,19,2518,224,2091
1243,132091,17,2521,224,2092
1244,132196,18,2520,225,2087
1245,132295,19,2521,223,2093
1246,132412,18,2526,228,2092
1247,132519,18,2533,231,2092
1248,132607,16,2538,235,2087
1249,132716,18,2539,233,2093
1250,132820,16,2538,234,2090
1251,132920,17,2536,232,2090
1252,133018,16,2537,233,2090
1253,133112,18,2537,233,2090
1254,133188,17,2540,235,2092
1255,133266,16,2540,236,2091
1256,135899,20,2534,194,2139
1257,135996,15,2531,194,2136
1258,136093,15,2524,194,2129
1259,136184,16,2526,196,2122
1260,136284,16,2522,196,2118
1261,136373,16,2522,196,2118
1262,136475,19,2527,205,2114
1263,136578,24,2526,205,2113
1264,136670,15,2519,205,2106
1265,136770,16,2518,206,2103
1266,136849,16,2515,206,2100
1267,136957,26,2516,207,2100
1268,137044,20,2515,209,2097
1269,137151,16,2514,209,2096
1270,137233,16,2526,221,2092
1271,137326,17,2528,222,2088
1272,137430,18,2529,223,2085
1273,137573,68,2531,225,2082
1274,137672,16,2532,226,2082
1275,137758,16,2534,227,2081
1276,137859,15,2536,231,2073
1277,137942,15,2539,236,2068
1278,138028,16,2549,251,2054
1279,138113,16,2550,252,2054
1280,138218,19,2566,270,2048
1281,138305,15,2568,272,2047
1282,138379,17,2572,278,2046
1283,138469,16,2570,280,2042
1284,138558,16,2573,283,2037
1285,138653,17,2573,281,2039
1286,138733,16,2581,290,2035
1287,138834,19,2595,302,2035
1288,138919,16,2595,302,2035
1289,139019,18,2600,310,2031
1290,139143,17,2601,308,2029
1291,139235,17,2608,313,2029
1292,139454,22,2606,303,2047
1293,139545,21,2608,304,2046
1294,139673,52,2620,311,2047
1295,139778,19,2621,306,2053
1296,139901,18,2620,307,2051
1297,140021,20,2627,313,2049
1298,140112,19,2636,322,2052
1299,140207,17,2645,335,2042
1300,140294,17,2645,334,2045
1301,140400,17,2644,333,2050
1302,140520,17,2645,334,2048
1303,140629,19,2646,331,2049
1304,140734,21,2646,330,2049
1305,140830,25,2649,332,2049
1306,140936,18,2653,336,2044
1307,141035,18,2650,337,2037
1308,141124,18,2651,339,2036
1309,141339,128,2653,341,2035
1310,141426,16,2651,341,2033
1311,141527,17,2645,342,2026
1312,141623,17,2647,343,2026
1313,141743,17,2645,343,2025
1314,141828,18,2640,342,2023
1315,141928,22,2639,342,2020
1316,142011,15,2641,344,2018
1317,142112,18,2640,346,2018
1318,142205,16,2639,346,2017
1319,142308,18,2640,347,2017
1320,142407,17,2640,348,2013
1321,142492,17,2639,349,2010
1322,142588,19,2640,349,2010
1323,142667,21,2638,346,2009
1324,142788,17,2635,345,2008
1325,142878,16,2635,344,2010
1326,142982,17,2637,343,2015
1327,143124,29,2634,343,2012
1328,143364,17,2632,338,2014
1329,143458,18,2627,339,2008
1330,143546,18,2627,339,2008
1331,143677,21,2638,348,2012
1332,143768,20,2638,347,2013
1333,143841,18,2638,344,2013
1334,143924,17,2643,350,2012
1335,144000,17,2651,358,2012
1336,144147,29,2650,356,2018
1337,144260,21,2654,358,2020
1338,144361,17,2654,357,2022
1339,144480,17,2654,357,2022
1340,144592,22,2659,358,2021
1341,144687,16,2657,356,2023
1342,144791,17,2657,353,2023
1343,144878,17,2657,351,2030
1344,144980,20,2657,352,2028
1345,145085,18,2657,351,2030
1346,145333,18,2667,359,2022
1347,145416,17,2667,356,2028
1348,145501,16,2668,357,2028
1349,145600,18,2672,359,2024
1350,145707,15,2675,362,2027
1351,145819,21,2675,363,2026
1352,145914,17,2680,366,2027
1353,146014,20,2679,367,2023
1354,146105,19,2680,368,2023
1355,146192,17,2683,370,2022
1356,146273,24,2688,375,2018
1357,146413,23,2686,376,2015
1358,146522,20,2683,374,2014
1359,146615,17,2679,374,2010
1360,146722,19,2687,383,2009
1361,146832,20,2685,382,2009
1362,146937,23,2688,381,2012
1363,147040,16,2689,382,2011
1364,147283,185,2685,383,2006
1365,147378,16,2686,381,2008
1366,147465,17,2686,381,2008
1367,147553,17,2686,381,2008
1368,147624,17,2689,388,2004
1369,147723,16,2690,388,2005
1370,147818,17,2691,388,2004
1371,147926,16,2694,390,2003
1372,148018,18,2694,392,1998
1373,148146,25,2696,388,2001
1374,148237,18,2708,400,1995
1375,148343,18,2710,402,1994
1376,148440,17,2708,403,1988
1377,148522,17,2714,406,1988
1378,148615,16,2714,407,1984
1379,148730,17,2715,407,1989
1380,148832,18,2714,405,1992
1381,148926,18,2715,406,1991
1382,149018,17,2722,412,1989
1383,149119,18,2724,413,1988
1384,149366,16,2726,410,1994
1385,149458,24,2732,417,1992
1386,149548,23,2737,422,1991
1387,149652,18,2735,421,1990
1388,149726,17,2737,422,1987
1389,149807,19,2737,422,1987
1390,149923,21,2737,415,1987
1391,150009,18,2743,420,1992
1392,150128,19,2745,412,2012
1393,150234,17,2737,376,2062
1394,150354,18,2740,369,2075
1395,150467,18,2740,349,2102
1396,150586,17,2736,342,2118
1397,150711,25,2737,320,2151
1398,150807,18,2752,312,2175
1399,150918,19,2753,281,2226
1400,151029,17,2751,281,2225
1401,151137,18,2749,272,2232
1402,151229,18,2760,282,2230
1403,151558,24,2766,288,2231
1404,151672,20,2765,271,2256
1405,151779,25,2768,263,2267
1406,151883,20,2771,256,2282
1407,151979,17,2773,247,2300
1408,152089,18,2775,246,2308
1409,152181,17,2773,247,2305
1410,152277,18,2774,232,2315
1411,152379,17,2773,231,2313
1412,152480,18,2768,223,2320
1413,152589,17,2767,223,2318
1414,152695,19,2764,223,2316
1415,152796,18,2768,210,2334
1416,152909,20,2772,200,2366
1417,153024,30,2769,189,2376
1418,153139,24,2770,191,2375
1419,153230,18,2779,190,2390
1420,153335,21,2778,179,2405
1421,153435,19,2777,179,2404
1422,153713,197,2783,181,2401
1423,153813,17,2786,183,2400
1424,153940,23,2791,178,2404
1425,154043,22,2801,185,2400
1426,154163,23,2799,185,2398
1427,154260,16,2796,173,2413
1428,154358,17,2798,174,2411
1429,154462,17,2802,177,2414
1430,154575,21,2802,178,2409
1431,154697,20,2797,174,2417
1432,154803,19,2797,173,2418
1433,154898,19,2800,174,2422
1434,155009,21,2793,167,2427
1435,155105,20,2792,163,2432
1436,155222,23,2792,153,2445
1437,155346,26,2790,156,2443
1438,155457,24,2794,156,2447
1439,155567,18,2794,156,2447
1440,155658,17,2804,166,2445
1441,155768,21,2803,165,2443
1442,156049,20,2811,167,2459
1443,156156,18,2811,166,2464
1444,156269,17,2806,164,2464
1445,156378,17,2807,165,2464
1446,156488,27,2806,155,2475
1447,156597,17,2806,156,2473
1448,156686,18,2808,158,2466
1449,156809,20,2811,158,2462
1450,156916,19,2811,159,2460
1451,157016,17,2813,160,2464
1452,157152,19,2811,149,2470
1453,157242,20,2811,147,2474
1454,157359,21,2810,147,2473
1455,157475,22,2809,147,2472
1456,157575,20,2819,157,2469
1457,157688,25,2821,158,2463
1458,157789,26,2820,155,2468
1459,157893,19,2823,157,2471
1460,157996,19,2826,160,2464
1461,158266,18,2836,168,2467
1462,158362,19,2835,166,2474
1463,158466,18,2835,164,2478
1464,158565,21,2842,169,2478
1465,158671,21,2842,169,2478
1466,158770,18,2840,170,2475
1467,158877,19,2844,161,2490
1468,158991,20,2844,150,2513
1469,159088,18,2856,162,2506
1470,159182,19,2857,162,2504
1471,159277,19,2859,161,2500
1472,159387,18,2859,162,2499
1473,159484,18,2860,163,2499
1474,159576,23,2858,164,2496
1475,159684,22,2860,164,2496
1476,159785,18,2860,164,2496
1477,159889,17,2863,166,2500
1478,160032,32,2862,165,2502
1479,160126,22,2862,165,2502
1480,160220,21,2860,165,2500
1481,160492,17,2860,164,2508
1482,160578,19,2875,178,2504
1483,160673,17,2873,176,2502
1484,160775,19,2873,181,2497
1485,160884,22,2874,181,2497
1486,160981,20,2875,183,2494
1487,161062,19,2873,182,2491
1488,161159,18,2879,190,2489
1489,161254,23,2884,189,2486
1490,161354,18,2891,199,2483
1491,161434,18,2901,209,2483
1492,161521,18,2901,209,2481
1493,161624,19,2902,211,2473
1494,161712,18,2902,211,2473
1495,161803,18,2903,212,2473
1496,161915,18,2902,212,2471
1497,162016,18,2904,209,2482
1498,162112,19,2904,209,2482
1499,162216,18,2908,212,2482
1500,162325,20,2913,217,2481
1501,162604,18,2921,221,2486
1502,162715,21,2920,223,2480
1503,162794,19,2919,221,2481
1504,162889,20,2917,221,2479
1505,162971,19,2917,221,2481
1506,163089,23,2912,220,2479
1507,163189,19,2911,219,2478
1508,163293,19,2911,220,2477
1509,163382,18,2918,227,2471
1510,163472,17,2915,227,2468
1511,163567,19,2915,227,2468
1512,163669,19,2919,231,2464
1513,163789,25,2920,232,2464
1514,163913,31,2924,240,2460
1515,164005,19,2924,240,2460
1516,164101,18,2928,244,2457
1517,164197,18,2928,244,2457
1518,164298,18,2928,244,2457
1519,164381,18,2927,244,2456
1520,164659,185,2926,248,2449
1521,164745,17,2926,249,2447
1522,164855,18,2940,261,2444
1523,164955,26,2941,263,2439
1524,165073,21,2942,264,2439
1525,165194,21,2943,265,2439
1526,165308,19,2942,267,2436
1527,165407,20,2954,279,2430
1528,165508,22,2956,281,2428
1529,165611,21,2953,282,2422
1530,165714,18,2954,283,2422
1531,165801,19,2954,283,2422
1532,165909,18,2951,280,2422
1533,166013,19,2952,280,2423
1534,166108,19,2953,281,2423
1535,166211,21,2954,281,2429
1536,166319,20,2949,281,2422
1537,166401,21,2949,277,2430
1538,166499,19,2956,281,2429
1539,166603,18,2955,282,2425
1540,166861,18,2954,283,2423
1541,166957,19,2955,284,2423
1542,167054,20,2965,292,2424
1543,167158,19,2969,296,2421
1544,167258,18,2972,301,2419
1545,167365,23,2978,306,2420
1546,167457,20,2986,313,2417
1547,167550,18,2986,313,2419
1548,167641,19,2988,315,2418
1549,167743,19,2988,315,2418
1550,167839,20,2989,315,2419
1551,167930,20,2991,317,2419
1552,168028,20,2991,317,2417
1553,168122,19,2994,318,2418
1554,168217,19,2995,319,2414
1555,168324,21,2993,318,2415
1556,168425,18,3005,324,2419
1557,168532,19,3011,330,2416
1558,168642,25,3016,334,2415
1559,168905,192,3016,334,2414
1560,169006,18,3018,336,2412
1561,169074,19,3032,346,2404
1562,169181,28,3039,353,2406
1563,169282,19,3042,352,2416
1564,169403,19,3042,352,2416
1565,169480,20,3049,356,2410
1566,169580,19,3048,357,2408
1567,169681,21,3047,357,2407
1568,169787,22,3045,357,2405
1569,169887,21,3041,355,2405
1570,169969,19,3042,357,2404
1571,170050,19,3044,358,2404
1572,170144,19,3047,360,2404
1573,170254,23,3046,358,2406
1574,170343,22,3052,362,2398
1575,170429,20,3052,358,2403
1576,170530,20,3060,366,2403
1577,170634,20,3061,366,2406
1578,170743,30,3063,367,2405
1579,170861,22,3063,365,2405
1580,173394,22,3069,312,2478
1581,173489,19,3071,313,2478
1582,173589,18,3071,311,2482
1583,173694,19,3068,308,2486
1584,173787,18,3070,310,2486
1585,173877,19,3070,310,2486
1586,173974,19,3067,307,2483
1587,174077,20,3063,307,2479
1588,174163,19,3061,306,2477
1589,174261,20,3061,305,2479
1590,174367,19,3059,306,2476
1591,174468,19,3055,306,2472
1592,174603,24,3054,305,2472
1593,174696,20,3053,307,2466
1594,174786,19,3054,308,2465
1595,174888,19,3054,308,2465
1596,174984,19,3054,306,2463
1597,175087,19,3055,307,2463
1598,175173,20,3066,314,2462
1599,175323,80,3081,330,2461
1600,175421,19,3076,331,2452
1601,175498,20,3076,329,2452
1602,175596,18,3077,329,2455
1603,175683,20,3072,329,2450
1604,175763,19,3084,341,2449
1605,175846,20,3092,349,2449
1606,175950,19,3092,348,2450
1607,176041,18,3092,346,2459
1608,176140,19,3087,346,2454
1609,176229,19,3086,346,2453
1610,176333,19,3078,345,2445
1611,176427,20,3078,346,2447
1612,176530,19,3074,346,2443
1613,176632,20,3077,346,2439
1614,176733,19,3078,346,2443
1615,176840,20,3079,348,2442
1616,176950,25,3079,348,2442
1617,177044,22,3084,350,2439
1618,177138,21,3080,350,2435
1619,177319,20,3080,350,2435
1620,177413,19,3081,351,2435
1621,177503,19,3083,353,2435
1622,177610,19,3084,351,2439
1623,177697,19,3084,351,2445
1624,177791,18,3081,350,2445
1625,177881,19,3082,350,2449
1626,177977,19,3080,350,2447
1627,178069,18,3076,349,2446
1628,178177,23,3076,348,2446
1629,178278,19,3072,348,2442
1630,178368,20,3083,358,2442
1631,178463,20,3087,361,2441
1632,178575,19,3090,364,2439
1633,178665,20,3091,367,2433
1634,178754,22,3081,365,2425
1635,178872,24,3081,362,2425
1636,178973,23,3081,360,2429
1637,179052,19,3084,362,2429
1638,179148,19,3082,362,2427
1639,179368,25,3074,361,2420
1640,179464,23,3074,361,2420
1641,179557,19,3072,361,2418
1642,179656,20,3069,361,2414
1643,179754,21,3086,378,2414
1644,179853,21,3093,385,2411
1645,179954,22,3097,385,2413
1646,180061,20,3102,378,2428
1647,180177,19,3102,362,2465
1648,180301,21,3101,352,2477
1649,180410,19,3102,341,2498
1650,180531,20,3103,300,2559
1651,180647,18,3102,292,2565
1652,180762,19,3108,284,2594
1653,180880,21,3110,288,2586
1654,180976,22,3120,280,2615
1655,181075,19,3120,258,2647
1656,181189,19,3120,260,2640
1657,181434,147,3121,261,2639
1658,181547,20,3120,258,2642
1659,181654,19,3125,254,2650
1660,181774,26,3124,228,2690
1661,181896,26,3124,226,2692
1662,181998,19,3124,208,2721
1663,182095,21,3126,199,2733
1664,182213,20,3125,199,2736
1665,182315,19,3125,185,2762
1666,182424,23,3132,182,2774
1667,182532,19,3131,177,2782
1668,182639,20,3132,163,2803
1669,182755,22,3134,157,2814
1670,182855,21,3137,159,2810
1671,182960,24,3136,148,2823
1672,183070,24,3145,157,2821
1673,183175,20,3145,157,2821
1674,183275,19,3145,157,2821
1675,183381,19,3147,139,2856
1676,183638,161,3149,123,2887
1677,183729,19,3161,135,2880
1678,183845,19,3159,125,2896
1679,183936,20,3160,126,2890
1680,184042,20,3161,126,2895
1681,184152,26,3164,124,2904
1682,184269,20,3159,124,2899
1683,184376,22,3159,124,2899
1684,184479,19,3157,123,2897
1685,184574,21,3156,123,2896
1686,184673,20,3156,122,2898
1687,184776,20,3156,122,2898
1688,184879,23,3154,122,2896
1689,184970,21,3166,135,2890
1690,185087,20,3166,136,2887
1691,185188,21,3166,137,2884
1692,185296,24,3166,128,2902
1693,185412,25,3165,129,2899
1694,185521,20,3162,129,2896
1695,185821,201,3164,131,2890
1696,185935,19,3165,131,2891
1697,186029,19,3174,140,2886
1698,186130,19,3174,131,2900
1699,186226,20,3173,132,2895
1700,186320,19,3171,115,2913
1701,186420,19,3173,116,2916
1702,186518,19,3176,109,2927
1703,186606,20,3180,112,2928
1704,186701,20,3188,120,2917
1705,186812,20,3189,119,2925
1706,186918,21,3181,122,2912
1707,187021,19,3182,122,2915
1708,187102,20,3202,140,2916
1709,187200,20,3204,142,2916
1710,187299,19,3204,141,2919
1711,187406,20,3207,142,2915
1712,187508,20,3207,143,2912
1713,187650,23,3219,152,2907
1714,187929,191,3223,156,2898
1715,188028,23,3224,157,2896
1716,188124,20,3227,160,2893
1717,188220,19,3227,161,2890
1718,188333,19,3230,164,2883
1719,188443,20,3227,164,2880
1720,188531,19,3228,163,2880
1721,188626,21,3228,164,2878
1722,188734,21,3229,161,2888
1723,188836,20,3227,163,2884
1724,188944,20,3227,163,2884
1725,189092,20,3228,163,2884
1726,189183,21,3231,165,2885
1727,189278,21,3242,176,2885
1728,189376,20,3242,175,2888
1729,189468,21,3243,175,2887
1730,189568,21,3241,174,2889
1731,189667,20,3241,174,2890
1732,189759,21,3240,174,2889
1733,190175,19,3238,175,2886
1734,190278,25,3241,177,2884
1735,190370,20,3243,179,2884
1736,190457,20,3246,182,2883
1737,190555,21,3251,189,2880
1738,190661,20,3251,187,2886
1739,190770,19,3252,187,2889
1740,190879,20,3254,186,2889
1741,191002,28,3253,187,2887
1742,191096,21,3254,187,2891
1743,191186,20,3260,197,2887
1744,191291,20,3261,198,2887
1745,191411,19,3260,197,2885
1746,191518,27,3255,196,2873
1747,191620,20,3256,197,2870
1748,191707,20,3256,197,2870
1749,192021,230,3256,194,2870
1750,192108,20,3256,190,2870
1751,192216,20,3259,189,2875
1752,192319,19,3263,192,2875
1753,192418,20,3285,212,2872
1754,192502,20,3286,213,2871
1755,192613,25,3287,214,2871
1756,192702,21,3287,212,2876
1757,192805,21,3292,216,2877
1758,192903,21,3298,222,2877
1759,193000,20,3296,224,2873
1760,193099,20,3295,221,2877
1761,193185,23,3292,221,2871
1762,193257,21,3294,222,2875
1763,193368,21,3293,223,2871
1764,193476,20,3295,224,2870
1765,193580,21,3296,225,2868
1766,193861,20,3298,220,2879
1767,193953,19,3307,229,2879
1768,194040,24,3307,229,2879
1769,194138,21,3299,228,2871
1770,194227,21,3300,230,2872
1771,194325,20,3308,241,2867
1772,194429,20,3309,241,2868
1773,194525,20,3309,241,2865
1774,194621,20,3316,248,2860
1775,194722,20,3318,250,2858
1776,194837,21,3317,253,2854
1777,194937,20,3316,252,2853
1778,195037,23,3316,250,2857
1779,195140,24,3314,249,2855
1780,195234,26,3315,247,2856
1781,195347,21,3319,249,2857
1782,195647,19,3320,245,2863
1783,195749,20,3321,245,2862
1784,195850,22,3320,245,2861
1785,195955,20,3325,247,2861
1786,196060,21,3319,247,2855
1787,196164,23,3319,247,2855
1788,196271,21,3320,247,2861
1789,196353,19,3320,246,2864
1790,196450,21,3321,246,2862
1791,196542,20,3320,246,2861
1792,196640,24,3320,246,2861
1793,196737,22,3319,248,2856
1794,196831,22,3319,248,2856
1795,196924,20,3326,256,2861
1796,197019,20,3327,260,2854
1797,197126,22,3329,260,2858
1798,197382,169,3332,259,2864
1799,197497,29,3332,256,2871
1800,197589,23,3330,255,2872
1801,197685,22,3327,254,2870
1802,197790,22,3329,251,2872
1803,197884,22,3330,252,2873
1804,197986,22,3332,254,2867
1805,198103,25,3328,254,2863
1806,198206,25,3339,264,2863
1807,198314,25,3340,266,2859
1808,198432,23,3342,272,2855
1809,198543,21,3342,272,2855
1810,198737,43,3342,271,2853
1811,198862,27,3341,271,2852
1812,198945,21,3342,272,2851
1813,199048,27,3344,271,2857
1814,199303,166,3347,273,2858
1815,199411,25,3354,279,2866
1816,199508,23,3353,280,2864
1817,199594,21,3360,289,2854
1818,199701,22,3359,290,2852
1819,199792,22,3362,292,2850
1820,199905,22,3364,293,2848
1821,200006,23,3366,295,2845
1822,200129,25,3366,296,2840
1823,200235,24,3368,294,2846
1824,200357,24,3369,295,2846
1825,200437,22,3370,293,2857
1826,200529,22,3368,295,2852
1827,200625,24,3370,297,2851
1828,200716,23,3384,308,2858
1829,200837,26,3383,311,2850
1830,200940,21,3383,313,2846
1831,203473,21,3384,310,2845
1832,203566,28,3385,311,2845
1833,203649,21,3384,310,2843
1834,203753,20,3386,311,2840
1835,203835,21,3386,311,2840
1836,203937,20,3387,310,2837
1837,204026,22,3384,309,2834
1838,204120,22,3384,306,2841
1839,204226,28,3404,324,2835
1840,204340,35,3404,324,2835
1841,204425,24,3405,324,2838
1842,204511,22,3408,327,2836
1843,204605,21,3404,327,2832
1844,204758,34,3405,327,2828
1845,204868,23,3407,329,2825
1846,204977,20,3408,328,2824
1847,205146,84,3409,329,2823
1848,205239,20,3410,328,2825
1849,205338,20,3406,328,2821
1850,205435,20,3408,325,2823
1851,205521,21,3408,325,2823
1852,205627,21,3408,326,2822
1853,205730,20,3411,327,2825
1854,205833,21,3417,332,2821
1855,205951,27,3419,332,2825
1856,206076,28,3420,334,2821
1857,206155,22,3421,334,2821
1858,206251,21,3421,332,2825
1859,206366,21,3421,327,2828
1860,206477,19,3423,322,2826
1861,206587,22,3420,318,2827
1862,206685,20,3434,333,2826
1863,206788,21,3434,335,2825
1864,206943,21,3432,338,2824
1865,207041,20,3431,338,2823
1866,207138,20,3432,337,2828
1867,207235,25,3424,336,2821
1868,207347,22,3435,347,2815
1869,207458,26,3435,347,2815
1870,207561,22,3434,345,2818
1871,207654,21,3438,351,2814
1872,207748,22,3438,352,2811
1873,207859,22,3448,362,2811
1874,207975,22,3450,365,2810
1875,208070,27,3456,371,2810
1876,208175,22,3463,379,2798
1877,208274,22,3463,373,2804
1878,208393,29,3465,377,2802
1879,208582,102,3476,387,2800
1880,208677,22,3476,387,2800
1881,208791,21,3474,385,2803
1882,208875,22,3474,384,2805
1883,208965,21,3475,384,2804
1884,209076,22,3475,384,2804
1885,209180,23,3478,385,2803
1886,209274,22,3477,385,2802
1887,209373,24,3494,397,2799
1888,209481,32,3511,415,2798
1889,209595,26,3511,415,2796
1890,209703,25,3513,417,2795
1891,209801,24,3513,418,2791
1892,209899,25,3512,416,2790
1893,210003,21,3520,418,2797
1894,210105,21,3522,407,2821
1895,210225,21,3519,376,2857
1896,210442,21,3519,321,2935
1897,210565,22,3519,311,2947
1898,210670,22,3519,300,2965
1899,210794,27,3519,283,2985
1900,210902,22,3522,247,3037
1901,211004,22,3534,241,3068
1902,211118,20,3534,220,3096
1903,211232,29,3535,222,3090
1904,211330,23,3543,228,3094
1905,211437,21,3541,228,3092
1906,211545,21,3535,225,3096
1907,211660,21,3534,223,3102
1908,211773,22,3534,221,3107
1909,211891,23,3534,213,3117
1910,211999,26,3536,215,3110
1911,212187,127,3535,213,3112
1912,212293,22,3536,187,3164
1913,212406,23,3535,186,3166
1914,212492,21,3540,190,3163
1915,212599,21,3540,188,3166
1916,212698,21,3540,188,3169
1917,212803,22,3540,189,3166
1918,212903,21,3541,190,3166
1919,213004,21,3548,198,3158
1920,213109,22,3550,199,3162
1921,213201,21,3560,207,3160
1922,213304,23,3559,206,3163
1923,213407,21,3560,207,3163
1924,213499,22,3559,208,3155
1925,213617,27,3566,215,3152
1926,213721,23,3569,218,3152
1927,213843,23,3573,206,3167
1928,214070,21,3574,206,3167
1929,214183,20,3582,211,3163
1930,214307,27,3582,198,3177
1931,214415,22,3583,195,3181
1932,214510,24,3594,206,3181
1933,214597,24,3594,203,3187
1934,214690,21,3595,201,3196
1935,214799,23,3595,201,3196
1936,214905,23,3598,203,3198
1937,215018,27,3597,203,3197
1938,215126,21,3596,203,3199
1939,215226,21,3594,202,3197
1940,215325,22,3593,201,3199
1941,215473,30,3593,191,3214
1942,215573,21,3594,178,3231
1943,215683,21,3591,178,3228
1944,215940,23,3590,166,3242
1945,216051,20,3591,158,3254
1946,216164,22,3592,158,3255
1947,216256,21,3589,156,3257
1948,216351,23,3590,146,3269
1949,216450,22,3588,147,3262
1950,216573,32,3589,142,3275
1951,216692,27,3600,153,3273
1952,216784,24,3601,153,3279
1953,216890,26,3603,149,3279
1954,216995,23,3607,142,3287
1955,217086,23,3608,142,3288
1956,217185,21,3613,149,3283
1957,217297,22,3613,151,3283
1958,217409,24,3613,149,3287
1959,217519,22,3611,148,3284
1960,217783,186,3612,146,3295
1961,217903,31,3614,139,3300
1962,217995,20,3617,133,3319
1963,218102,21,3617,133,3319
1964,218194,21,3618,131,3323
1965,218293,22,3615,130,3323
1966,218396,21,3611,129,3320
1967,218492,22,3612,130,3320
1968,218594,22,3624,142,3318
1969,218700,22,3625,143,3316
1970,218798,24,3623,141,3323
1971,218910,22,3627,141,3327
1972,219030,33,3627,140,3328
1973,219146,28,3627,138,3333
1974,219247,22,3633,144,3328
1975,219374,22,3637,145,3331
1976,219466,21,3637,145,3331
1977,219739,22,3639,145,3335
1978,219843,22,3648,153,3333
1979,219934,21,3651,156,3331
1980,220043,22,3653,157,3331
1981,220137,22,3651,158,3326
1982,220238,28,3654,159,3325
1983,220345,25,3655,159,3324
1984,220446,23,3662,165,3319
1985,220552,25,3669,174,3314
1986,220668,23,3678,183,3308
1987,220784,27,3681,185,3312
1988,220885,21,3680,185,3311
1989,220978,24,3680,182,3315
1990,221070,22,3680,182,3315
1991,221164,23,3682,187,3307
1992,221266,22,3682,187,3307
1993,221600,255,3678,187,3303
1994,221711,25,3672,176,3318
1995,221822,24,3674,179,3318
1996,221941,26,3671,181,3309
1997,222046,24,3671,181,3309
1998,222145,23,3687,194,3311
1999,222242,22,3687,190,3315
2000,222342,22,3688,189,3317
2001,222435,28,3688,189,3317
2002,222535,29,3696,197,3317
2003,222649,24,3702,205,3316
2004,222760,25,3709,210,3307
2005,222909,51,3715,215,3306
2006,223034,42,3716,216,3306
2007,223133,25,3716,216,3306
2008,223239,23,3711,212,3307
2009,223500,21,3711,211,3308
2010,223581,23,3709,210,3308
2011,223681,21,3714,211,3311
2012,223786,22,3717,214,3308
2013,223891,22,3718,215,3306
2014,223989,25,3727,224,3303
2015,224113,23,3727,224,3303
2016,224210,22,3726,221,3300
2017,224303,23,3726,221,3300
2018,224401,23,3726,218,3306
2019,224500,22,3727,219,3306
2020,224600,24,3727,219,3306
2021,224694,24,3731,224,3309
2022,224787,27,3746,239,3309
2023,224895,23,3744,238,3308
2024,224993,23,3740,234,3308
2025,225246,22,3736,232,3304
2026,225337,22,3739,235,3301
2027,225435,23,3731,235,3293
2028,225534,23,3733,237,3292
2029,225639,23,3737,241,3291
2030,225748,22,3737,240,3295
2031,225839,24,3738,241,3293
2032,225929,24,3745,248,3293
2033,226058,23,3748,249,3290
2034,226168,23,3746,244,3295
2035,226276,23,3746,245,3294
2036,226403,30,3745,245,3293
2037,226535,27,3746,244,3297
2038,226634,23,3746,244,3297
2039,226731,23,3742,244,3293
2040,226990,180,3742,245,3290
2041,227107,25,3743,246,3290
2042,227214,22,3749,254,3288
2043,227295,23,3777,279,3287
2044,227410,23,3778,280,3285
2045,227514,25,3787,290,3281
2046,227630,28,3789,290,3278
2047,227745,25,3790,287,3283
2048,227833,24,3791,287,3280
2049,227925,26,3790,287,3279
2050,228015,23,3790,286,3290
2051,228107,26,3792,287,3287
2052,228219,26,3788,283,3292
2053,228336,25,3787,283,3291
2054,228449,24,3786,283,3290
2055,228565,25,3787,284,3288
2056,228834,22,3789,284,3285
2057,228934,26,3784,283,3283
2058,229033,26,3784,284,3279
2059,229151,26,3782,282,3278
2060,229250,24,3781,284,3274
2061,229351,24,3783,286,3272
2062,229451,24,3784,286,3274
2063,229539,25,3784,286,3274
2064,229641,25,3785,286,3272
2065,229735,26,3785,282,3279
2066,229847,26,3784,283,3272
2067,229951,26,3784,283,3272
2068,230076,29,3788,286,3266
2069,230197,35,3780,279,3268
2070,230300,35,3781,280,3265
2071,230407,23,3782,281,3262
2072,230619,149,3788,287,3262
2073,230716,22,3788,285,3262
2074,230816,23,3786,284,3264
2075,230911,25,3786,284,3264
2076,231023,23,3787,285,3263
2077,231123,24,3787,285,3263
2078,231221,22,3787,285,3263
2079,231339,23,3787,285,3263
2080,231472,30,3787,287,3256
2081,231572,23,3787,289,3247
2082,231676,27,3786,290,3245
2083,231779,24,3787,291,3243
2084,231892,24,3795,301,3225
2085,231985,24,3803,311,3223
2086,232086,24,3803,311,3223
2087,232188,23,3816,323,3219
2088,232294,24,3816,323,3219
2089,234786,23,3816,307,3241
2090,234890,22,3816,307,3241
2091,234992,23,3824,315,3242
2092,235091,24,3825,316,3239
2093,235200,24,3825,316,3239
2094,235312,23,3824,315,3240
2095,235405,27,3824,315,3240
2096,235512,25,3821,315,3238
2097,235611,24,3824,318,3238
2098,235731,24,3825,318,3242
2099,235832,26,3825,318,3242
2100,235942,25,3825,318,3242
2101,236052,31,3825,317,3242
2102,236159,26,3826,318,3238
2103,236264,24,3822,318,3234
2104,236371,27,3825,319,3230
2105,236540,22,3825,318,3235
2106,236643,24,3824,316,3241
2107,236736,22,3824,315,3241
2108,236828,21,3825,320,3228
2109,236938,25,3825,316,3236
2110,237025,24,3825,315,3240
2111,237161,29,3826,315,3239
2112,237262,23,3825,315,3238
2113,237340,24,3825,314,3241
2114,237436,23,3824,314,3240
2115,237513,23,3826,316,3240
2116,237616,23,3823,315,3238
2117,237721,24,3827,319,3236
2118,237830,24,3829,321,3233
2119,237932,23,3829,321,3233
2120,238015,23,3829,321,3233
2121,238118,23,3829,321,3233
2122,238290,24,3831,323,3231
2123,238407,30,3831,322,3234
2124,238501,21,3832,323,3232
2125,238594,23,3832,323,3232
2126,238707,28,3834,324,3231
2127,238811,26,3834,325,3230
2128,238921,35,3834,324,3231
2129,239029,24,3848,332,3227
2130,239144,27,3849,331,3226
2131,239249,25,3849,329,3226
2132,239367,23,3859,340,3225
2133,239495,26,3859,340,3225
2134,239616,32,3861,341,3222
2135,239716,26,3870,350,3220
2136,239815,23,3872,351,3218
2137,239917,23,3871,351,3217
2138,240103,23,3868,344,3234
2139,240219,23,3867,325,3257
2140,240343,24,3869,296,3306
2141,240457,24,3869,268,3345
2142,240577,22,3870,263,3341
2143,240694,22,3871,257,3356
2144,240824,28,3869,251,3373
2145,240933,24,3872,242,3381
2146,241034,23,3881,243,3397
2147,241133,23,3881,239,3408
2148,241233,23,3885,227,3429
2149,241341,24,3885,219,3443
2150,241444,23,3894,187,3497
2151,241566,24,3893,186,3499
2152,241660,23,3893,178,3513
2153,241777,25,3893,170,3529
2154,242050,171,3893,160,3547
2155,242170,27,3891,160,3545
2156,242270,27,3888,160,3542
2157,242372,24,3888,156,3555
2158,242475,24,3888,147,3565
2159,242579,23,3886,147,3563
2160,242692,24,3888,147,3563
2161,242795,24,3901,160,3559
2162,242916,24,3904,155,3572
2163,243023,25,3907,154,3570
2164,243138,23,3906,151,3568
2165,243244,23,3906,150,3578
2166,243362,29,3906,142,3589
2167,243482,25,3909,135,3596
2168,243584,27,3909,135,3596
2169,243704,24,3908,135,3595
2170,243812,24,3904,129,3608
2171,244049,23,3902,125,3613
2172,244145,25,3902,125,3613
2173,244245,23,3902,119,3627
2174,244346,24,3901,120,3620
2175,244458,27,3912,131,3620
2176,244558,23,3911,132,3616
2177,244671,23,3911,132,3616
2178,244755,22,3911,132,3616
2179,244848,23,3911,123,3629
2180,244934,23,3911,123,3629
2181,245025,23,3909,122,3630
2182,245117,23,3909,122,3630
2183,245218,24,3912,125,3626
2184,245332,24,3916,131,3619
2185,245434,24,3924,138,3623
2186,245550,34,3924,138,3623
2187,245658,26,3924,129,3637
2188,245920,23,3924,129,3637
2189,246026,22,3923,130,3631
2190,246126,22,3925,129,3628
2191,246234,22,3921,121,3641
2192,246336,25,3923,122,3637
2193,246434,22,3930,130,3631
2194,246529,24,3928,130,3629
2195,246639,24,3929,131,3627
2196,246754,24,3929,131,3627
2197,246874,28,3937,140,3630
2198,247025,36,3936,139,3629
2199,247137,33,3936,139,3629
2200,247255,27,3937,139,3629
2201,247377,29,3937,141,3619
2202,247484,24,3936,141,3618
2203,247585,23,3939,144,3612
2204,247867,191,3940,138,3618
2205,247970,23,3940,137,3623
2206,248071,24,3941,136,3626
2207,248202,31,3943,136,3626
2208,248299,23,3946,128,3636
2209,248413,25,3952,134,3628
2210,248498,23,3962,141,3630
2211,248607,24,3960,142,3624
2212,248705,26,3960,140,3632
2213,248818,30,3961,140,3633
2214,248930,27,3970,148,3628
2215,249027,25,3970,148,3628
2216,249148,25,3969,145,3630
2217,249244,25,3968,145,3629
2218,249388,39,3966,146,3624
2219,249497,23,3969,146,3626
2220,249618,26,3970,147,3624
2221,249913,216,3971,145,3637
2222,250009,24,3980,152,3648
2223,250136,23,3979,153,3645
2224,250229,25,3978,154,3643
2225,250320,24,3975,153,3645
2226,250415,23,3977,153,3647
2227,250522,24,3980,155,3651
2228,250641,32,3980,155,3649
2229,250758,24,3983,158,3643
2230,250850,23,3983,158,3643
2231,250952,24,3982,159,3639
2232,251056,22,3983,160,3637
2233,251158,25,3983,160,3637
2234,251271,26,3990,163,3652
2235,251391,25,3990,162,3654
2236,251481,24,3990,162,3654
2237,251768,23,3987,160,3652
2238,251864,23,3987,158,3659
2239,251966,24,3986,158,3658
2240,252072,24,3987,162,3655
2241,252171,25,3987,162,3655
2242,252267,24,3988,163,3654
2243,252352,25,3988,162,3661
2244,252460,25,3997,171,3658
2245,252550,24,4004,169,3662
2246,252648,25,4003,169,3661
2247,252748,24,4018,183,3652
2248,252856,25,4021,186,3646
2249,252972,23,4020,186,3645
2250,253071,25,4029,192,3642
2251,253167,25,4030,193,3639
2252,253441,196,4032,193,3639
2253,253541,24,4033,191,3645
2254,253644,23,4033,190,3643
2255,253732,22,4031,190,3641
2256,253840,24,4034,193,3634
2257,253949,24,4034,193,3634
2258,254055,35,4048,205,3634
2259,254180,42,4047,207,3629
2260,254285,36,4046,207,3628
2261,254388,24,4048,208,3627
2262,254480,24,4048,208,3627
2263,254557,24,4053,213,3627
2264,254658,25,4054,213,3625
2265,254751,25,4054,212,3628
2266,254853,23,4056,213,3630
2267,255112,184,4053,208,3629
2268,255219,24,4053,207,3629
2269,255323,28,4052,209,3620
2270,255431,32,4050,209,3618
2271,255512,22,4051,210,3616
2272,255602,24,4059,216,3620
2273,255702,27,4060,216,3619
2274,255799,24,4061,216,3623
2275,255895,26,4058,216,3620
2276,256001,25,4059,217,3618
2277,256111,28,4059,217,3618
2278,256210,25,4061,219,3611
2279,256311,28,4061,219,3611
2280,256414,25,4061,219,3608
2281,256508,28,4062,221,3598
2282,256741,22,4078,235,3599
2283,256858,24,4080,236,3601
2284,256962,23,4079,237,3599
2285,257058,24,4076,238,3595
2286,257162,25,4079,237,3599
2287,257258,25,4088,246,3599
2288,257369,25,4087,245,3598
2289,257482,25,4084,244,3595
2290,257587,25,4086,246,3588
2291,257703,25,4090,249,3588
2292,257795,24,4091,249,3591
2293,257902,31,4099,258,3590
2294,257995,25,4100,258,3590
2295,258088,25,4101,259,3585
2296,258179,25,4101,259,3585
2297,258431,170,4112,268,3582
2298,258528,24,4114,270,3581
2299,258614,24,4114,269,3584
2300,258730,24,4114,267,3590
2301,258831,25,4115,268,3589
2302,258926,24,4116,269,3584
2303,259034,33,4116,269,3584
2304,259152,32,4118,271,3583
2305,259255,25,4118,270,3584
2306,259400,26,4117,270,3583
2307,259505,27,4118,271,3582
2308,259590,25,4118,270,3586
2309,259681,26,4125,276,3577
2310,259762,25,4141,292,3577
2311,259866,26,4141,292,3576
2312,260124,176,4142,293,3573
2313,260214,31,4153,296,3579
2314,260308,28,4152,297,3577
2315,260397,25,4158,306,3574
2316,260497,24,4159,307,3573
2317,260596,26,4160,308,3573
2318,260689,25,4160,308,3573
2319,260784,24,4162,310,3569
2320,260879,25,4168,316,3563
2321,260985,26,4168,313,3567
2322,261081,26,4169,314,3567
2323,261191,26,4172,317,3565
2324,261290,26,4172,314,3569
2325,261392,35,4176,317,3568
2326,261492,30,4178,319,3568
2327,261699,127,4179,319,3572
2328,261779,26,4179,318,3576
2329,261879,24,4188,327,3569
2330,261973,26,4186,325,3567
2331,262070,24,4186,326,3566
2332,262152,24,4184,323,3563
2333,262257,26,4188,323,3571
2334,262359,25,4189,324,3571
2335,262461,26,4188,325,3569
2336,262614,37,4188,325,3569
2337,262718,25,4183,326,3563
2338,262822,25,4181,326,3561
2339,262927,24,4182,327,3561
2340,263007,25,4189,335,3560
2341,263116,24,4187,335,3558
2342,263225,24,4188,336,3555
2343,263428,25,4186,336,3553
2344,263529,26,4196,346,3550
2345,263629,25,4197,347,3545
2346,263745,27,4200,351,3540
2347,263853,32,4199,351,3539
2348,263973,30,4199,352,3538
2349,264078,26,4200,353,3536
2350,264195,26,4200,353,3536
2351,264292,29,4200,353,3536
2352,264412,32,4202,355,3531
2353,264526,30,4203,356,3530
2354,264631,30,4204,357,3529
2355,264743,27,4204,357,3529
2356,264849,36,4202,356,3533
2357,264976,42,4202,351,3541
2358,265319,49,4202,350,3547
2359,265479,45,4208,355,3552
2360,265594,36,4208,354,3558
2361,265706,26,4206,353,3559
2362,265804,26,4212,357,3557
2363,265913,27,4212,357,3557
2364,265991,26,4220,362,3560
2365,266095,26,4222,363,3555
2366,266201,26,4222,363,3555
2367,266305,26,4220,364,3545
2368,266401,25,4220,362,3545
2369,266520,33,4226,368,3544
2370,266628,24,4226,368,3544
2371,266744,26,4234,379,3533
2372,266861,26,4234,376,3536
2373,269159,2206,4241,375,3552
2374,269257,25,4241,369,3562
2375,269362,25,4242,369,3562
2376,269477,25,4241,367,3559
2377,269574,25,4249,375,3562
2378,269655,25,4249,373,3564
2379,269750,27,4250,373,3560
2380,269852,25,4250,372,3560
2381,269943,25,4251,370,3567
2382,270075,25,4251,370,3567
2383,270200,25,4249,347,3606
2384,270328,33,4248,317,3658
2385,270438,27,4252,312,3671
2386,270559,26,4253,304,3685
2387,270660,26,4260,300,3699
2388,270817,76,4262,292,3710
2389,270942,25,4260,277,3734
2390,271053,25,4257,268,3746
2391,271152,25,4259,269,3746
2392,271265,25,4257,244,3790
2393,271358,26,4268,238,3817
2394,271478,28,4269,230,3823
2395,271583,25,4271,231,3819
2396,271689,26,4270,231,3817
2397,271804,25,4265,217,3833
2398,271920,24,4266,218,3833
2399,272021,26,4274,228,3827
2400,272124,26,4274,218,3840
2401,272237,26,4277,213,3856
2402,272352,26,4279,203,3877
2403,272444,25,4279,202,3883
2404,272649,24,4278,199,3884
2405,272753,24,4277,198,3887
2406,272846,27,4282,201,3891
2407,272968,26,4280,176,3928
2408,273105,32,4281,177,3923
2409,273209,25,4282,171,3933
2410,273314,26,4282,171,3933
2411,273434,26,4281,173,3930
2412,273547,30,4282,164,3942
2413,273647,27,4282,155,3947
2414,273739,27,4284,154,3946
2415,273841,24,4287,142,3962
2416,273944,25,4288,143,3958
2417,274040,26,4289,144,3953
2418,274145,26,4291,134,3970
2419,274305,90,4279,135,3951
2420,274384,24,4281,138,3947
2421,274489,25,4281,131,3964
2422,274602,24,4281,131,3967
2423,274711,26,4290,140,3961
2424,274820,25,4299,151,3952
2425,274908,25,4301,145,3957
2426,275050,36,4306,149,3951
2427,275162,27,4306,150,3951
2428,275270,26,4309,153,3949
2429,275363,27,4316,150,3961
2430,275477,27,4313,143,3971
2431,275579,25,4312,143,3970
2432,275690,25,4313,144,3970
2433,275811,27,4313,144,3970
2434,275912,26,4317,147,3972
2435,276109,26,4324,154,3957
2436,276217,32,4325,155,3953
2437,276301,25,4325,151,3970
2438,276416,26,4325,150,3970
2439,276528,26,4325,150,3969
2440,276653,29,4322,148,3973
2441,276772,26,4322,147,3978
2442,276885,27,4320,144,3986
2443,276977,27,4320,144,3986
2444,277081,28,4319,143,3987
2445,277192,26,4320,144,3987
2446,277311,34,4323,145,3992
2447,277407,31,4324,140,4001
2448,277503,26,4326,138,4012
2449,277603,26,4322,137,4013
2450,277814,127,4322,135,4024
2451,277920,24,4324,135,4030
2452,278032,26,4322,135,4028
2453,278141,26,4320,128,4035
2454,278254,25,4322,129,4032
2455,278352,24,4322,129,4032
2456,278466,26,4320,126,4030
2457,278576,28,4319,118,4041
2458,278687,25,4320,119,4041
2459,278794,26,4323,118,4045
2460,278914,27,4322,117,4045
2461,279017,27,4331,126,4044
2462,279122,26,4328,125,4041
2463,279209,26,4328,124,4045
2464,279302,26,4330,125,4044
2465,279411,26,4337,129,4044
2466,279535,26,4338,131,4041
2467,279767,34,4339,132,4039
2468,279868,26,4340,133,4039
2469,279972,25,4340,135,4037
2470,280077,26,4340,135,4038
2471,280167,26,4340,132,4032
2472,280267,26,4340,129,4041
2473,280364,26,4340,130,4041
2474,280477,26,4340,131,4040
2475,280591,26,4352,140,4031
2476,280705,25,4354,142,4027
2477,280822,26,4354,142,4027
2478,280940,37,4360,148,4021
2479,281052,26,4360,148,4021
2480,281156,27,4358,146,4026
2481,281250,26,4358,145,4032
2482,281365,28,4368,154,4032
2483,281591,160,4368,153,4036
2484,281688,26,4368,151,4041
2485,281787,26,4375,158,4032
2486,281898,26,4373,158,4030
2487,281997,26,4373,158,4030
2488,282098,31,4374,159,4030
2489,282210,27,4374,159,4030
2490,282316,28,4375,160,4026
2491,282412,27,4375,159,4033
2492,282512,27,4377,161,4033
2493,282619,26,4377,160,4036
2494,282743,30,4377,161,4033
2495,282863,25,4377,156,4045
2496,282979,27,4379,155,4047
2497,283084,26,4383,159,4038
2498,283200,27,4397,173,4027
2499,283482,187,4397,173,4027
2500,283578,25,4403,179,4027
2501,283664,26,4405,181,4026
2502,283769,27,4407,183,4026
2503,283897,26,4408,184,4023
2504,284004,26,4421,196,4019
2505,284105,27,4422,197,4015
2506,284215,26,4421,195,4018
2507,284322,26,4417,194,4015
2508,284423,26,4417,194,4015
2509,284523,25,4405,193,4009
2510,284641,25,4409,187,4022
2511,284737,25,4411,189,4021
2512,284841,27,4410,190,4018
2513,284949,27,4412,190,4017
2514,285050,26,4413,191,4012
2515,285305,26,4410,187,4016
2516,285405,26,4411,188,4016
2517,285509,26,4413,190,4013
2518,285615,26,4412,189,4014
2519,285710,25,4415,187,4018
2520,285818,37,4416,188,4018
2521,285902,28,4416,188,4018
2522,286003,27,4413,184,4022
2523,286095,26,4414,185,4020
2524,286218,27,4409,185,4015
2525,286327,28,4410,185,4017
2526,286418,27,4418,195,4001
2527,286522,27,4428,203,3997
2528,286612,26,4428,203,3997
2529,286723,25,4426,203,3995
2530,286998,184,4423,202,3988
2531,287116,30,4423,201,3991
2532,287208,24,4425,202,3998
2533,287329,27,4425,200,4003
2534,287418,26,4425,200,4003
2535,287532,26,4426,200,4004
2536,287630,25,4426,201,4000
2537,287730,27,4432,207,3994
2538,287842,27,4427,207,3984
2539,287959,26,4426,207,3983
2540,288062,25,4423,207,3980
2541,288162,26,4423,206,3981
2542,288290,27,4425,208,3981
2543,288422,28,4425,208,3981
2544,288675,191,4425,209,3978
2545,288769,26,4430,207,3987
2546,288869,26,4430,207,3987
2547,288959,25,4433,210,3986
2548,289038,27,4446,223,3974
2549,289138,27,4450,226,3977
2550,289243,25,4455,228,3977
2551,289352,27,4464,238,3972
2552,289468,28,4465,239,3971
2553,289572,27,4473,245,3968
2554,289663,26,4480,250,3970
2555,289762,28,4481,251,3968
2556,289867,27,4493,263,3965
2557,289965,27,4491,262,3966
2558,290071,28,4493,264,3966
2559,290337,27,4493,263,3967
2560,290451,27,4494,264,3961
2561,290563,28,4496,266,3959
2562,290673,27,4498,269,3958
2563,290773,26,4504,275,3955
2564,290874,26,4502,273,3955
2565,290999,28,4503,274,3953
2566,291107,28,4505,275,3954
2567,291225,28,4515,285,3952
2568,291327,28,4517,284,3950
2569,291425,27,4518,281,3955
2570,291506,27,4519,282,3951
2571,291614,27,4520,283,3949
2572,291728,28,4521,284,3949
2573,291977,33,4529,289,3944
2574,292081,30,4530,288,3949
2575,292181,28,4547,303,3952
2576,292278,27,4545,304,3949
2577,292378,26,4542,304,3946
2578,292474,26,4542,302,3952
2579,292587,27,4550,306,3952
2580,292680,29,4548,306,3950
2581,292789,27,4544,300,3960
2582,292904,29,4544,294,3960
2583,293002,28,4543,293,3964
2584,293135,36,4536,293,3957
2585,293220,34,4535,293,3956
2586,293317,28,4539,296,3955
2587,293563,27,4537,295,3954
2588,293661,27,4539,297,3952
2589,293767,28,4551,310,3940
2590,293868,27,4551,309,3947
2591,293966,27,4548,308,3947
2592,294064,27,4550,309,3947
2593,294148,26,4550,307,3950
2594,294264,27,4548,307,3948
2595,294371,25,4547,307,3947
2596,294474,30,4547,306,3948
2597,294561,27,4546,306,3947
2598,294666,29,4547,307,3946
2599,294773,27,4544,305,3945
2600,294873,27,4544,305,3945
2601,295081,138,4550,311,3942
2602,295171,26,4550,311,3942
2603,295282,27,4552,313,3939
2604,295377,27,4552,314,3938
2605,295469,27,4554,316,3936
2606,295597,27,4554,316,3936
2607,295702,28,4554,312,3940
2608,295810,31,4554,312,3940
2609,295919,27,4555,311,3944
2610,296016,30,4555,304,3955
2611,296103,28,4559,308,3948
2612,296194,28,4568,316,3948
2613,296280,27,4568,314,3951
2614,296362,27,4580,326,3944
2615,296537,121,4582,328,3944
2616,296637,28,4583,328,3947
2617,296746,29,4584,329,3946
2618,296863,27,4583,328,3945
2619,296960,26,4583,328,3945
2620,297062,27,4592,336,3940
2621,297175,27,4590,337,3937
2622,297281,27,4591,338,3937
2623,297381,26,4594,341,3937
2624,297494,27,4594,342,3932
2625,297595,28,4594,342,3932
2626,297697,29,4594,342,3932
2627,297810,29,4595,343,3932
2628,297918,31,4595,343,3932
2629,298021,35,4592,343,3929
2630,298213,26,4594,345,3923
2631,298308,27,4596,347,3923
2632,298406,26,4597,348,3923
2633,298507,26,4597,348,3923
2634,298594,28,4595,349,3916
2635,298700,28,4597,351,3914
2636,298822,29,4604,360,3905
2637,298909,30,4604,360,3905
2638,299030,38,4607,364,3900
2639,299132,35,4607,364,3900
2640,299232,28,4607,364,3900
2641,299345,27,4619,376,3893
2642,299444,28,4619,374,3897
2643,299554,30,4617,372,3897
2644,299659,29,4620,375,3895
2645,299843,28,4620,375,3895
2646,299942,28,4627,382,3895
2647,300068,28,4628,375,3908
