tick,timestamp,query_runtime,trav_index_nodes,trav_vol_nodes,trav_unprod_nodes
0,701,4,8,8,0
1,1076,2,13,13,0
2,1326,3,35,35,0
3,1550,5,52,52,0
4,1836,5,58,58,0
5,2093,7,64,64,0
6,2309,6,96,96,0
7,2553,3,103,103,0
8,2800,2,119,119,0
9,3027,2,126,126,0
10,3241,1,130,130,0
11,3478,3,147,147,0
12,3708,3,152,152,0
13,3907,4,156,156,0
14,4077,2,166,166,0
15,4248,2,172,172,0
16,4442,4,180,180,0
17,4600,3,185,185,0
18,4783,3,193,193,0
19,5044,4,195,195,0
20,5200,3,198,198,0
21,5335,4,225,225,0
22,5588,5,253,253,0
23,5736,6,259,259,0
24,6142,4,264,264,0
25,6347,3,273,273,0
26,6542,2,278,278,0
27,6698,3,283,283,0
28,6816,3,287,287,0
29,6957,3,303,303,0
30,7077,2,309,309,0
31,7260,5,339,339,0
32,7424,3,349,349,0
33,7567,10,355,355,0
34,7697,5,364,364,0
35,7845,4,366,366,0
36,8004,5,395,395,0
37,8123,6,404,404,0
38,8268,5,413,413,0
39,8399,7,418,418,0
40,8623,5,424,424,0
41,8785,4,434,434,0
42,8882,3,454,454,0
43,9001,4,478,478,0
44,9107,4,493,493,0
45,9210,5,499,499,0
46,9309,4,513,513,0
47,9443,5,516,516,0
48,9592,4,519,519,0
49,9694,3,527,527,0
50,9826,8,538,538,0
51,9965,5,548,548,0
52,10119,61,550,550,0
53,10247,3,556,556,0
54,10342,6,562,562,0
55,10446,4,568,568,0
56,10540,4,582,582,0
57,10630,4,589,589,0
58,10711,4,602,602,0
59,10813,4,617,617,0
60,10965,6,623,623,0
61,11089,7,635,635,0
62,11211,6,652,652,0
63,11308,8,657,657,0
64,11423,6,663,663,0
65,11533,5,667,667,0
66,11641,5,669,669,0
67,11757,6,672,672,0
68,11876,6,677,677,0
69,11990,6,690,690,0
70,12099,5,695,695,0
71,12210,5,698,698,0
72,12344,6,705,705,0
73,12884,5,709,709,0
74,12972,5,725,725,0
75,13080,5,729,729,0
76,13155,5,735,735,0
77,13274,4,737,737,0
78,13377,8,741,741,0
79,13451,5,765,765,0
80,13557,7,778,778,0
81,13657,6,787,787,0
82,13744,6,801,801,0
83,13849,6,808,808,0
84,13970,6,814,814,0
85,14066,6,830,830,0
86,14172,6,836,836,0
87,14286,6,843,843,0
88,14419,6,849,849,0
89,14523,7,853,853,0
90,14633,5,860,860,0
91,14731,7,861,861,0
92,14866,49,866,866,0
93,14951,6,881,881,0
94,15040,6,887,887,0
95,15118,6,891,891,0
96,15219,5,899,899,0
97,15347,6,904,904,0
98,15466,5,911,911,0
99,15571,6,914,914,0
100,15669,8,928,928,0
101,15790,6,932,932,0
102,15907,7,936,936,0
103,16023,8,945,945,0
104,16125,7,953,953,0
105,16212,11,956,956,0
106,16315,8,964,964,0
107,16435,9,976,976,0
108,16587,6,985,985,0
109,16677,11,997,997,0
110,16798,7,1014,1014,0
111,16925,12,1018,1018,0
112,17058,10,1022,1022,0
113,17152,7,1036,1036,0
114,17260,7,1040,1040,0
115,17382,11,1053,1053,0
116,17523,14,1063,1063,0
117,17649,13,1067,1067,0
118,17764,9,1070,1070,0
119,17947,8,1077,1077,0
120,18047,6,1084,1084,0
121,18167,8,1090,1090,0
122,18253,6,1099,1099,0
123,18373,11,1103,1103,0
124,18457,7,1126,1126,0
125,18540,9,1130,1130,0
126,18661,8,1135,1135,0
127,18768,7,1138,1138,0
128,18866,8,1142,1142,0
129,18966,9,1145,1145,0
130,19037,7,1158,1158,0
131,19111,8,1172,1172,0
132,19217,8,1174,1174,0
133,19324,10,1184,1184,0
134,19422,8,1189,1189,0
135,19522,8,1198,1198,0
136,19610,8,1202,1202,0
137,19699,8,1218,1218,0
138,19789,9,1220,1220,0
139,19880,9,1228,1228,0
140,19967,9,1235,1235,0
141,20065,9,1241,1241,0
142,20167,8,1248,1248,0
143,20257,8,1260,1260,0
144,20359,11,1262,1262,0
145,20453,10,1289,1289,0
146,20560,11,1299,1299,0
147,21329,9,1312,1312,0
148,21446,8,1315,1315,0
149,21528,8,1317,1317,0
150,21619,8,1326,1326,0
151,21720,9,1330,1330,0
152,21817,9,1335,1335,0
153,21919,11,1352,1352,0
154,22020,9,1361,1361,0
155,22109,10,1371,1371,0
156,22199,9,1383,1383,0
157,22290,9,1398,1398,0
158,22380,9,1401,1401,0
159,22496,10,1404,1404,0
160,22584,10,1408,1408,0
161,22693,11,1412,1412,0
162,22770,11,1424,1424,0
163,22857,10,1430,1430,0
164,22945,10,1435,1435,0
165,23045,11,1455,1455,0
166,23146,11,1468,1468,0
167,23226,12,1469,1469,0
168,23319,10,1473,1473,0
169,23413,10,1478,1478,0
170,23515,12,1481,1481,0
171,23628,13,1485,1485,0
172,23745,10,1488,1488,0
173,23849,10,1498,1498,0
174,23949,12,1512,1512,0
175,24071,10,1519,1519,0
176,24167,14,1545,1545,0
177,24281,13,1550,1550,0
178,24365,13,1555,1555,0
179,24556,10,1574,1574,0
180,24656,9,1578,1578,0
181,24759,11,1591,1591,0
182,24855,9,1598,1598,0
183,24966,9,1612,1612,0
184,25068,11,1623,1623,0
185,25184,11,1628,1628,0
186,25260,11,1647,1647,0
187,25378,16,1655,1655,0
188,25464,11,1655,1655,0
189,25553,11,1670,1670,0
190,25657,11,1682,1682,0
191,25762,12,1685,1685,0
192,25862,10,1695,1695,0
193,25969,10,1701,1701,0
194,26059,11,1716,1716,0
195,26162,13,1717,1717,0
196,26237,12,1737,1737,0
197,26360,13,1742,1742,0
198,26468,12,1747,1747,0
199,26570,16,1755,1755,0
200,26666,12,1758,1758,0
201,26745,13,1760,1760,0
202,26863,12,1776,1776,0
203,26964,12,1782,1782,0
204,27073,13,1787,1787,0
205,27167,12,1792,1792,0
206,27262,12,1798,1798,0
207,27359,12,1802,1802,0
208,27483,17,1806,1806,0
209,27684,94,1808,1808,0
210,27776,11,1810,1810,0
211,27875,13,1813,1813,0
212,27992,13,1826,1826,0
213,28088,11,1832,1832,0
214,28175,11,1846,1846,0
215,28253,13,1853,1853,0
216,28360,13,1859,1859,0
217,28461,12,1860,1860,0
218,28559,11,1864,1864,0
219,28677,16,1867,1867,0
220,28795,14,1871,1871,0
221,28879,13,1872,1872,0
222,28971,11,1886,1886,0
223,29058,12,1894,1894,0
224,29151,14,1897,1897,0
225,29230,13,1899,1899,0
226,29325,14,1916,1916,0
227,29443,13,1919,1919,0
228,29528,14,1937,1937,0
229,29620,12,1943,1943,0
230,29711,14,1952,1952,0
231,29826,16,1962,1962,0
232,29964,14,1968,1968,0
233,30087,13,1972,1972,0
234,30205,16,1979,1959,12
235,30321,23,1985,1938,24
236,30434,12,2001,1931,34
237,30543,13,2005,1920,46
238,30649,15,2017,1913,52
239,30777,13,2027,1896,65
240,30894,13,2033,1869,87
241,31004,14,2038,1844,101
242,31212,13,2040,1799,125
243,31317,14,2045,1771,151
244,31433,12,2053,1756,164
245,31555,16,2061,1729,190
246,31647,12,2062,1721,191
247,31749,13,2067,1699,206
248,31841,13,2076,1685,229
249,31954,13,2081,1671,241
250,32057,13,2092,1652,257
251,32155,13,2104,1647,268
252,32252,15,2128,1661,280
253,32349,14,2138,1633,298
254,32453,13,2155,1631,311
255,32565,16,2163,1628,316
256,32670,15,2168,1624,321
257,32766,14,2178,1621,325
258,32880,15,2179,1609,329
259,32976,14,2195,1607,334
260,33083,15,2199,1590,343
261,33188,15,2205,1584,348
262,33289,14,2213,1570,368
263,33405,15,2220,1540,392
264,33529,15,2229,1515,419
265,33629,14,2232,1504,424
266,33739,15,2236,1485,442
267,33844,16,2244,1477,451
268,33944,18,2246,1474,453
269,34047,15,2246,1466,458
270,34149,15,2261,1449,487
271,34262,16,2267,1426,507
272,34366,18,2280,1418,526
273,34539,15,2283,1417,531
274,34659,13,2287,1394,545
275,34785,18,2288,1380,552
276,34888,16,2292,1370,562
277,34990,14,2294,1358,565
278,35098,16,2314,1349,587
279,35184,14,2318,1335,597
280,35286,15,2331,1344,604
281,35397,15,2337,1334,606
282,35503,16,2343,1330,618
283,35595,17,2353,1330,616
284,35693,14,2358,1305,637
285,35811,15,2367,1309,640
286,35925,15,2371,1313,640
287,36032,17,2388,1330,640
288,36125,16,2391,1325,649
289,36242,14,2396,1318,659
290,36352,16,2397,1285,684
291,36474,16,2403,1283,692
292,36594,16,2407,1276,702
293,36715,16,2412,1268,711
294,36829,16,2417,1257,722
295,36935,16,2422,1250,729
296,37041,15,2429,1253,726
297,37164,19,2436,1236,738
298,37271,16,2442,1234,740
299,37389,23,2444,1202,769
300,37502,16,2445,1179,796
301,37596,15,2451,1182,800
302,39099,20,2458,1020,956
303,39238,34,2467,1017,965
304,39345,20,2470,1010,963
305,39468,16,2476,995,975
306,39565,19,2478,984,982
307,39684,17,2480,979,987
308,39785,20,2481,970,991
309,39907,21,2484,957,1007
310,40008,22,2489,933,1034
311,40130,17,2497,928,1048
312,40255,19,2516,931,1062
313,40409,16,2520,904,1095
314,40519,18,2525,897,1110
315,40617,16,2533,898,1123
316,40757,26,2549,909,1129
317,40866,18,2549,898,1133
318,40981,18,2553,893,1135
319,41081,17,2572,894,1146
320,41156,17,2569,895,1142
321,41247,16,2573,892,1150
322,41365,18,2576,876,1165
323,41485,24,2576,873,1167
324,41643,65,2583,877,1171
325,41756,18,2588,860,1196
326,41860,17,2614,867,1210
327,41959,19,2625,874,1209
328,42074,20,2634,867,1225
329,42157,18,2635,864,1231
330,42259,18,2638,863,1231
331,42471,16,2656,880,1236
332,42572,17,2675,901,1231
333,42666,19,2680,907,1230
334,42795,20,2681,909,1229
335,42903,18,2685,900,1239
336,42992,20,2694,908,1234
337,43091,19,2704,907,1246
338,43191,17,2706,911,1239
339,43288,18,2705,893,1255
340,43389,19,2711,896,1258
341,43504,19,2715,898,1261
342,43602,19,2725,899,1268
343,43691,18,2731,903,1261
344,43784,17,2735,899,1266
345,43892,19,2739,888,1286
346,44013,18,2739,883,1289
347,44106,18,2752,879,1305
348,44198,20,2753,877,1320
349,44301,19,2755,868,1333
350,44394,21,2753,863,1335
351,44495,18,2761,866,1342
352,44600,19,2768,875,1339
353,44704,19,2765,870,1335
354,44810,20,2781,879,1342
355,44904,18,2787,884,1341
356,45014,18,2806,898,1342
357,45141,20,2813,899,1343
358,45233,19,2839,926,1341
359,45418,25,2844,922,1338
360,45539,28,2859,918,1352
361,45625,18,2861,914,1363
362,45742,20,2865,917,1362
363,45851,20,2885,931,1361
364,45949,20,2885,916,1381
365,46038,20,2883,898,1396
366,46150,19,2889,900,1398
367,46263,20,2892,898,1407
368,46369,18,2899,907,1405
369,46495,24,2897,908,1400
370,46602,19,2903,909,1399
371,46698,19,2912,916,1394
372,46786,19,2927,929,1395
373,46896,21,2932,930,1396
374,46989,20,2934,926,1400
375,47091,20,2943,929,1400
376,47193,21,2951,929,1400
377,47305,19,2962,932,1413
378,47392,20,2963,933,1413
379,47486,21,2961,929,1416
380,47582,21,2963,928,1421
381,47694,20,2967,921,1420
382,47812,21,2968,922,1418
383,47941,28,2974,925,1415
384,48042,21,2985,934,1417
385,48142,22,2986,932,1422
386,48376,21,2986,928,1419
387,48482,21,2987,915,1442
388,48577,26,2992,919,1445
389,48704,24,2994,918,1443
390,48797,21,2998,912,1448
391,48905,20,2996,900,1467
392,49048,19,2997,902,1465
393,49147,21,3010,917,1463
394,49242,21,3029,930,1464
395,49354,21,3030,927,1470
396,49469,20,3043,930,1463
397,49569,20,3066,939,1474
398,49677,25,3072,941,1469
399,49786,21,3073,942,1465
400,49876,22,3081,949,1467
401,49973,20,3078,949,1464
402,50069,21,3078,945,1466
403,50183,22,3081,942,1465
404,50296,22,3079,941,1463
405,50406,22,3082,936,1472
406,50513,20,3085,939,1464
407,50649,20,3086,942,1461
408,50730,20,3087,943,1461
409,50850,20,3087,943,1461
410,51067,20,3087,947,1455
411,51181,21,3091,951,1454
412,51270,23,3092,947,1457
413,51384,25,3106,957,1462
414,51497,21,3111,957,1470
415,51614,21,3111,950,1476
416,51714,20,3134,970,1475
417,51812,21,3135,967,1473
418,51907,19,3143,973,1476
419,52021,21,3148,973,1483
420,52126,21,3155,968,1490
421,52206,21,3156,964,1505
422,52305,20,3163,970,1506
423,52430,20,3169,972,1506
424,52567,20,3167,969,1507
425,52687,22,3176,971,1509
426,52809,21,3172,966,1513
427,52904,21,3172,968,1511
428,53013,20,3173,965,1513
429,53120,22,3179,967,1521
430,53222,22,3182,968,1521
431,53327,21,3187,969,1531
432,53434,21,3192,969,1531
433,53540,21,3196,968,1534
434,53731,25,3197,956,1544
435,53832,22,3209,965,1550
436,53962,26,3216,967,1552
437,54058,20,3224,974,1556
438,54177,22,3226,976,1550
439,54270,22,3233,977,1563
440,54381,23,3236,977,1567
441,54493,22,3238,980,1563
442,54610,21,3234,975,1566
443,54714,23,3243,984,1565
444,54809,22,3248,978,1578
445,54920,28,3248,976,1580
446,55032,23,3248,978,1575
447,55161,23,3244,978,1572
448,55277,21,3244,972,1578
449,55379,22,3240,966,1578
450,55482,22,3241,964,1577
451,55576,23,3232,964,1568
452,55670,21,3238,971,1561
453,55752,23,3248,979,1564
454,55849,23,3254,979,1567
455,55957,22,3255,976,1568
456,56061,23,3263,983,1569
457,56296,21,3259,981,1571
458,56396,25,3252,980,1567
459,56503,21,3254,978,1570
460,56611,22,3263,986,1569
461,56709,21,3269,991,1570
462,56808,22,3268,991,1571
463,56915,24,3272,992,1573
464,57028,23,3272,990,1575
465,57117,23,3282,999,1574
466,57201,22,3280,997,1575
467,57305,23,3288,996,1575
468,57429,22,3292,1001,1572
469,57537,21,3287,999,1568
470,57636,21,3290,1002,1568
471,57754,22,3287,1003,1564
472,57850,22,3285,1001,1566
473,57950,24,3280,997,1565
474,58046,23,3280,995,1567
475,58135,22,3279,996,1564
476,58240,21,3279,993,1565
477,58343,22,3290,1002,1570
478,58448,25,3295,1004,1574
479,58657,137,3298,998,1583
480,58768,37,3307,1001,1589
481,58890,32,3320,1009,1598
482,58989,24,3342,1027,1592
483,59101,24,3345,1031,1588
484,59198,23,3346,1030,1590
485,59313,24,3341,1027,1587
486,59411,24,3340,1027,1586
487,59515,23,3337,1022,1584
488,59623,21,3343,1026,1585
489,59734,20,3349,1026,1583
490,59849,23,3346,1025,1586
491,59951,24,3358,1029,1589
492,60080,28,3360,996,1634
493,60201,23,3367,962,1682
494,60315,23,3381,946,1714
495,60425,22,3385,936,1741
496,60556,32,3391,921,1759
497,60673,22,3391,899,1792
498,60934,167,3390,892,1800
499,61042,22,3396,852,1848
500,61160,23,3399,855,1842
501,61282,27,3412,869,1841
502,61408,28,3421,863,1872
503,61528,22,3426,848,1894
504,61630,23,3427,838,1910
505,61729,23,3429,828,1926
506,61827,22,3426,809,1947
507,61943,26,3433,774,2009
508,62049,24,3432,748,2049
509,62177,31,3443,751,2057
510,62312,25,3443,744,2060
511,62450,24,3447,733,2078
512,62566,22,3452,729,2093
513,62659,22,3452,729,2093
514,62799,25,3456,733,2093
515,62895,24,3463,731,2102
516,63008,24,3480,738,2113
517,64660,1573,3483,717,2149
518,64805,21,3487,547,2424
519,64916,34,3488,549,2422
520,65028,21,3492,550,2428
521,65147,23,3488,544,2432
522,65256,23,3508,562,2430
523,65383,31,3505,557,2432
524,65503,21,3507,553,2443
525,65675,25,3514,557,2439
526,65782,23,3524,567,2442
527,65901,23,3521,555,2453
528,66034,23,3517,546,2464
529,66130,22,3520,548,2465
530,66237,21,3523,513,2503
531,66340,26,3556,533,2507
532,66456,25,3567,541,2510
533,66577,23,3567,534,2523
534,66668,24,3576,535,2530
535,66771,26,3575,526,2549
536,66943,24,3577,501,2581
537,67055,29,3574,499,2583
538,67174,24,3590,496,2603
539,67282,24,3588,497,2600
540,67396,28,3596,493,2610
541,67505,26,3599,492,2607
542,67604,23,3604,494,2609
543,67717,24,3602,489,2616
544,67830,24,3602,491,2611
545,67938,24,3598,493,2602
546,68047,24,3605,500,2602
547,68161,24,3603,502,2598
548,68273,24,3610,510,2597
549,68394,27,3626,526,2587
550,68507,24,3635,536,2585
551,68621,25,3633,536,2583
552,68731,25,3645,547,2577
553,68844,23,3660,562,2571
554,69020,26,3669,573,2567
555,69125,26,3677,583,2558
556,69236,23,3685,588,2561
557,69341,23,3694,578,2590
558,69471,28,3696,579,2588
559,69574,24,3704,585,2589
560,69683,24,3715,589,2593
561,69801,24,3715,589,2591
562,69913,24,3722,590,2582
563,70019,24,3725,590,2579
564,70131,26,3720,585,2589
565,70242,25,3715,586,2580
566,70356,29,3717,584,2584
567,70478,24,3724,580,2593
568,70580,23,3734,584,2598
569,70711,24,3738,587,2596
570,70876,38,3746,593,2601
571,71072,98,3742,589,2602
572,71212,41,3746,590,2612
573,71397,29,3748,589,2613
574,71507,26,3748,591,2609
575,71621,37,3758,600,2605
576,71738,38,3761,601,2608
577,71860,30,3773,611,2610
578,71981,29,3775,602,2629
579,72095,25,3778,604,2632
580,72201,27,3788,610,2634
581,72309,25,3793,614,2629
582,72420,28,3797,621,2624
583,72534,24,3805,627,2616
584,72854,35,3805,622,2624
585,72987,27,3803,605,2640
586,73120,26,3803,606,2642
587,73241,28,3803,604,2651
588,73369,30,3803,599,2657
589,73584,127,3805,598,2656
590,73700,29,3809,598,2652
591,73817,28,3807,595,2660
592,73924,31,3824,607,2677
593,74034,26,3836,615,2671
594,74168,31,3840,616,2671
595,74278,27,3838,612,2674
596,74369,28,3860,634,2671
597,74482,26,3862,624,2686
598,74581,27,3864,624,2689
599,74687,26,3864,616,2699
600,74799,26,3874,625,2699
601,74888,26,3875,622,2706
602,74997,27,3883,630,2700
603,75120,30,3874,624,2698
604,75232,27,3878,618,2712
605,75340,25,3889,628,2713
606,75448,26,3886,623,2718
607,75647,116,3887,632,2708
608,75756,23,3895,639,2713
609,75855,24,3895,635,2719
610,75958,25,3910,648,2719
611,76053,24,3918,658,2711
612,76159,25,3918,648,2717
613,76268,24,3918,641,2731
614,76392,40,3919,635,2740
615,76525,34,3921,634,2751
616,76642,25,3928,641,2747
617,76772,34,3933,647,2744
618,76900,32,3931,650,2738
619,76994,29,3937,658,2732
620,77099,25,3943,663,2730
621,77193,27,3942,664,2728
622,77289,28,3948,669,2725
623,77418,33,3945,667,2727
624,77525,24,3944,659,2737
625,77639,27,3936,659,2732
626,77884,26,3935,643,2755
627,78001,33,3933,645,2748
628,78130,34,3941,644,2763
629,78268,30,3941,646,2760
630,78369,32,3941,644,2766
631,78465,27,3944,648,2759
632,78569,30,3947,651,2759
633,78684,29,3950,651,2761
634,78779,27,3953,653,2755
635,78890,28,3951,651,2757
636,79006,26,3964,662,2757
637,79111,28,3964,662,2752
638,79220,27,3965,663,2750
639,79326,33,3966,658,2756
640,79421,27,3982,672,2756
641,79518,30,3987,680,2749
642,79625,28,3994,684,2756
643,79751,35,3995,684,2758
644,79982,27,3998,682,2757
645,80099,27,4007,691,2757
646,80216,28,4009,688,2760
647,80318,26,4009,686,2762
648,80441,29,4005,688,2752
649,80557,25,4009,682,2758
650,80657,26,4023,699,2751
651,80759,29,4034,706,2753
652,80854,28,4044,716,2750
653,80955,27,4042,715,2753
654,81074,26,4045,718,2750
655,81188,29,4055,726,2748
656,81299,29,4053,719,2755
657,81420,28,4058,721,2753
658,81510,26,4064,730,2750
659,81627,31,4071,732,2748
660,81739,28,4076,737,2750
661,81961,157,4086,747,2751
662,82069,25,4084,744,2758
663,82187,34,4100,758,2754
664,82290,31,4104,762,2753
665,82410,31,4101,762,2753
666,82527,31,4107,762,2758
667,82619,27,4107,759,2762
668,82714,24,4108,757,2764
669,82818,29,4124,773,2755
670,82941,26,4131,779,2753
671,83045,30,4128,778,2749
672,83141,28,4125,776,2753
673,83239,26,4125,776,2756
674,83346,26,4123,777,2753
675,83461,32,4127,780,2748
676,83583,29,4129,772,2764
677,83847,180,4137,781,2757
678,83957,29,4137,774,2759
679,84068,26,4137,773,2760
680,84173,30,4143,778,2759
681,84256,28,4149,783,2763
682,84360,27,4151,781,2769
683,84450,26,4151,778,2775
684,84572,33,4161,788,2774
685,84679,33,4160,786,2776
686,84830,36,4159,776,2777
687,84952,27,4159,773,2784
688,85074,29,4160,774,2781
689,85193,38,4159,770,2787
690,85339,44,4159,765,2803
691,85476,35,4166,770,2797
692,85565,29,4165,772,2794
693,85862,30,4171,774,2803
694,85974,28,4174,774,2809
695,86076,27,4188,791,2790
696,86189,31,4191,794,2790
697,86304,27,4192,795,2791
698,86418,28,4190,795,2793
699,86545,27,4199,804,2796
700,86665,29,4200,806,2795
701,86767,30,4209,813,2797
702,86858,29,4211,815,2795
703,86961,32,4213,815,2803
704,87079,28,4217,812,2808
705,87181,27,4224,819,2805
706,87289,29,4223,818,2807
707,87397,29,4236,829,2805
708,87638,27,4232,830,2800
709,87736,27,4232,832,2794
710,87857,31,4235,844,2781
711,87963,29,4236,845,2781
712,88085,36,4237,840,2784
713,88216,29,4242,841,2784
714,88322,30,4236,841,2778
715,88427,30,4240,843,2777
716,88566,38,4241,841,2778
717,88686,35,4238,841,2775
718,88778,28,4265,869,2775
719,88889,30,4275,884,2768
720,89032,36,4279,885,2771
721,89147,33,4277,882,2775
722,89404,174,4278,880,2778
723,89520,34,4280,877,2786
724,89622,26,4283,877,2788
725,89729,27,4280,874,2790
726,89835,30,4299,889,2790
727,89936,29,4302,892,2790
728,90038,30,4299,883,2800
729,90205,38,4300,844,2857
730,90339,29,4300,811,2900
731,90466,29,4307,797,2919
732,90579,31,4325,789,2948
733,90710,27,4323,775,2965
734,90816,27,4337,778,2986
735,90948,31,4342,783,2978
736,91070,29,4343,763,3007
737,92747,1590,4338,649,3144
738,92869,28,4349,581,3248
739,92989,27,4339,562,3254
740,93106,28,4336,550,3276
741,93220,26,4341,555,3276
742,93339,31,4351,564,3267
743,93451,27,4363,578,3264
744,93572,29,4372,590,3260
745,93678,25,4380,600,3245
746,93783,26,4387,607,3245
747,93925,42,4385,609,3241
748,94053,32,4389,612,3238
749,94173,28,4395,621,3231
750,94279,27,4402,630,3226
751,94385,28,4403,631,3223
752,94545,37,4413,641,3220
753,94690,40,4415,643,3219
754,94809,32,4418,631,3234
755,94926,28,4427,618,3253
756,95034,28,4427,610,3271
757,95169,28,4434,597,3303
758,95288,29,4435,581,3332
759,95409,29,4436,569,3351
760,95522,27,4437,558,3366
761,95643,32,4442,555,3373
762,95749,28,4447,556,3367
763,95866,30,4448,555,3374
764,95984,30,4447,556,3364
765,96095,30,4450,561,3360
766,96265,93,4452,554,3369
767,96405,35,4450,546,3378
768,96517,29,4445,536,3390
769,96634,28,4442,536,3387
770,96745,27,4440,536,3384
771,96845,29,4441,532,3396
772,96952,29,4453,547,3392
773,97065,28,4470,558,3390
774,97176,29,4470,556,3393
775,97295,32,4467,551,3392
776,97409,29,4474,558,3390
777,97515,31,4476,557,3395
778,97641,33,4475,559,3391
779,97769,32,4478,534,3424
780,97878,28,4485,531,3437
781,98064,30,4500,545,3438
782,98170,28,4503,548,3437
783,98277,29,4504,548,3437
784,98400,29,4506,549,3439
785,98508,31,4509,550,3442
786,98621,30,4511,548,3449
787,98752,34,4520,541,3469
788,98855,30,4537,552,3476
789,98968,29,4537,551,3478
790,99088,34,4540,541,3489
791,99213,34,4539,540,3488
792,99334,31,4540,535,3500
793,99427,31,4545,539,3502
794,99532,31,4547,539,3500
795,99632,30,4561,549,3492
796,99853,85,4561,544,3507
797,99956,30,4561,543,3510
798,100059,27,4574,557,3507
799,100155,31,4592,574,3508
800,100270,34,4602,573,3514
801,100377,32,4604,573,3520
802,100482,30,4600,561,3541
803,100592,33,4602,559,3548
804,100694,28,4604,559,3549
805,100819,34,4601,558,3544
806,100920,28,4619,573,3542
807,101042,39,4613,569,3547
808,101177,37,4613,569,3550
809,101290,33,4613,569,3550
810,101412,32,4615,565,3564
811,101577,92,4620,557,3580
812,101700,40,4629,562,3585
813,101830,34,4628,555,3598
814,101925,32,4633,556,3596
815,102033,35,4636,548,3606
816,102156,35,4631,538,3610
817,102281,34,4631,539,3612
818,102407,34,4646,553,3610
819,102546,33,4646,544,3617
820,102672,40,4642,541,3624
821,102795,37,4644,543,3622
822,102904,34,4648,544,3627
823,103010,34,4648,544,3626
824,103131,31,4650,538,3632
825,103245,42,4659,543,3635
826,103435,105,4659,541,3630
827,103567,37,4678,562,3623
828,103678,31,4683,554,3632
829,103800,37,4695,562,3627
830,103943,47,4704,568,3624
831,104070,34,4706,570,3621
832,104184,38,4706,553,3642
833,104301,35,4706,552,3643
834,104418,32,4716,562,3643
835,104535,37,4724,570,3643
836,104656,34,4725,568,3647
837,104768,32,4727,567,3648
838,104883,31,4730,569,3650
839,105005,31,4736,572,3648
840,105120,31,4732,565,3652
841,105309,100,4741,564,3662
842,105423,32,4746,572,3657
843,105529,31,4752,574,3658
844,105636,33,4757,581,3646
845,105739,33,4766,587,3653
846,105864,37,4766,585,3655
847,105982,29,4764,582,3660
848,106104,33,4774,592,3658
849,106223,35,4782,583,3678
850,106344,36,4782,580,3690
851,106456,31,4786,572,3701
852,106581,34,4785,572,3697
853,106706,32,4783,570,3697
854,106817,32,4793,578,3701
855,106923,34,4807,590,3698
856,107037,30,4807,590,3698
857,107213,31,4827,609,3697
858,107332,30,4826,608,3695
859,107421,32,4829,611,3689
860,107542,31,4830,609,3694
861,107651,34,4839,618,3690
862,107754,30,4851,628,3692
863,107872,34,4848,628,3689
864,107982,33,4858,636,3693
865,108090,31,4861,637,3691
866,108203,32,4864,633,3695
867,108307,32,4866,632,3700
868,108438,32,4869,635,3702
869,108548,35,4872,637,3703
870,108661,32,4879,646,3700
871,108764,36,4891,659,3691
872,109012,166,4912,669,3697
873,109128,32,4922,680,3686
874,109239,33,4921,678,3690
875,109360,32,4923,680,3687
876,109480,32,4925,682,3687
877,109591,33,4928,682,3693
878,109724,35,4929,681,3694
879,109832,35,4947,698,3686
880,109941,32,4945,699,3681
881,110038,34,4945,694,3690
882,110148,33,4957,700,3684
883,110254,34,4953,697,3683
884,110377,35,4953,706,3675
885,110493,34,4949,700,3676
886,110608,35,4957,702,3683
887,110735,37,4954,700,3680
888,110947,147,4956,701,3679
889,111059,38,4981,724,3681
890,111173,38,4979,724,3684
891,111279,31,4981,723,3688
892,111370,32,5009,748,3683
893,111476,32,5020,759,3679
894,111612,38,5025,765,3675
895,111730,37,5027,762,3681
896,111833,37,5029,762,3681
897,111945,35,5029,765,3677
898,112058,40,5022,764,3670
899,112175,34,5034,776,3663
900,112281,35,5048,787,3665
901,112397,32,5047,781,3670
902,112522,34,5044,780,3669
903,112627,34,5061,800,3664
904,112869,156,5061,798,3669
905,112981,34,5070,808,3659
906,113082,32,5071,809,3655
907,113200,33,5068,810,3650
908,113357,40,5068,809,3653
909,113482,36,5078,818,3651
910,113602,41,5077,819,3644
911,113755,52,5081,820,3651
912,113896,36,5087,826,3638
913,114011,37,5091,829,3634
914,114109,35,5100,832,3637
915,114236,33,5102,834,3637
916,114363,33,5110,843,3637
917,114472,35,5113,846,3637
918,114591,34,5116,849,3631
919,114708,36,5120,851,3634
920,114916,34,5128,850,3653
921,115007,36,5128,849,3655
922,115118,34,5131,853,3652
923,115227,33,5136,859,3651
924,115323,33,5137,859,3649
925,115425,35,5136,857,3652
926,115546,36,5138,861,3643
927,115658,31,5139,863,3641
928,115782,36,5136,863,3638
929,115883,31,5149,875,3621
930,116002,34,5155,881,3617
931,116103,32,5157,880,3614
932,116230,33,5165,888,3614
933,116330,32,5165,888,3615
934,116450,36,5170,887,3608
935,116658,127,5173,892,3605
936,116784,38,5179,897,3608
937,116918,46,5185,900,3621
938,117054,40,5185,898,3624
939,117175,38,5191,902,3617
940,117293,32,5191,895,3619
941,117399,31,5190,890,3625
942,117490,34,5212,907,3626
943,117596,36,5222,918,3624
944,117708,36,5220,915,3622
945,117813,36,5225,919,3613
946,117935,36,5224,920,3611
947,118044,34,5232,931,3603
948,118165,42,5236,925,3603
949,118283,37,5242,930,3604
950,118408,41,5245,933,3602
951,118696,205,5242,926,3614
952,118812,34,5239,928,3609
953,118937,38,5241,926,3616
954,119053,36,5250,935,3613
955,119174,34,5247,932,3617
956,119346,58,5246,930,3620
957,119476,39,5251,936,3619
958,119588,37,5255,942,3613
959,119698,38,5254,942,3612
960,119826,45,5248,945,3603
961,119946,43,5259,954,3605
962,120139,52,5258,936,3628
963,124416,216,1714,581,566
964,124535,11,1714,548,618
965,124678,18,1719,532,644
966,124809,12,1733,537,654
967,124935,17,1738,517,693
968,125044,12,1740,512,702
969,125159,13,1742,500,724
970,125276,13,1741,485,749
971,125370,12,1750,493,754
972,125475,12,1762,505,750
973,125565,12,1763,500,765
974,125672,13,1766,503,765
975,125765,12,1782,494,795
976,125875,13,1799,501,800
977,125960,13,1801,499,808
978,126080,12,1815,493,816
979,126185,14,1822,496,817
980,126292,14,1827,501,814
981,126396,14,1836,498,833
982,126494,14,1845,492,850
983,126637,12,1850,492,860
984,126756,12,1859,498,856
985,126858,12,1861,483,883
986,126973,12,1866,472,894
987,127072,12,1870,473,892
988,127171,12,1877,476,895
989,127263,13,1887,477,905
990,127345,13,1901,490,903
991,127437,13,1930,510,909
992,127542,13,1934,509,920
993,127634,13,1948,512,927
994,127738,13,1958,517,929
995,127847,12,1971,514,951
996,127932,13,1987,528,953
997,128033,12,2012,549,957
998,128138,15,2027,558,959
999,128236,13,2042,564,965
1000,128357,14,2043,554,971
1001,128445,15,2052,558,967
1002,128538,13,2056,559,970
1003,128644,14,2065,561,981
1004,128754,14,2081,565,996
1005,128855,15,2098,570,1009
1006,128957,15,2106,573,1027
1007,129059,14,2111,571,1040
1008,129239,17,2119,574,1040
1009,129321,14,2129,569,1062
1010,129422,17,2151,587,1058
1011,129527,15,2167,601,1058
1012,129641,14,2159,594,1055
1013,129727,14,2170,600,1061
1014,129847,14,2172,602,1061
1015,129949,15,2177,606,1063
1016,130055,15,2184,608,1070
1017,130144,15,2199,618,1075
1018,130262,15,2203,619,1080
1019,130359,14,2206,620,1078
1020,130454,19,2217,622,1089
1021,130550,17,2217,620,1093
1022,130672,17,2223,623,1095
1023,130775,15,2227,623,1102
1024,130861,14,2229,607,1128
1025,130968,15,2228,602,1131
1026,131077,15,2228,598,1143
1027,131171,15,2236,598,1153
1028,131274,15,2242,602,1150
1029,131388,15,2244,594,1166
1030,131479,16,2252,600,1165
1031,131580,16,2265,613,1163
1032,131770,93,2270,600,1190
1033,131887,15,2273,603,1189
1034,131987,18,2283,610,1190
1035,132087,16,2288,612,1201
1036,132181,17,2299,622,1198
1037,132282,14,2306,620,1209
1038,132368,16,2311,622,1214
1039,132481,18,2319,617,1228
1040,132579,16,2325,617,1243
1041,132687,19,2323,618,1238
1042,132798,16,2323,618,1238
1043,132884,18,2327,618,1244
1044,132981,17,2330,620,1244
1045,133088,16,2326,614,1255
1046,133203,15,2324,604,1265
1047,133304,15,2326,596,1281
1048,133389,16,2329,599,1277
1049,133508,17,2332,602,1277
1050,133654,16,2329,595,1282
1051,133747,18,2338,597,1288
1052,133851,17,2342,598,1291
1053,133949,17,2354,609,1291
1054,134042,16,2365,616,1298
1055,134144,17,2375,622,1302
1056,134337,18,2386,632,1303
1057,134436,20,2385,632,1298
1058,134544,16,2395,630,1309
1059,134649,16,2403,632,1311
1060,134736,17,2406,635,1309
1061,134841,16,2405,629,1319
1062,134938,17,2414,629,1339
1063,135036,18,2416,627,1345
1064,135122,16,2426,636,1351
1065,135231,16,2428,629,1366
1066,135333,21,2431,631,1366
1067,135441,18,2438,637,1368
1068,135550,20,2459,658,1363
1069,135637,21,2491,687,1358
1070,135746,18,2497,682,1367
1071,135844,18,2498,680,1371
1072,135933,18,2508,690,1366
1073,136043,17,2514,692,1371
1074,136164,21,2517,694,1373
1075,136288,22,2520,691,1381
1076,136396,18,2541,711,1379
1077,136513,19,2553,717,1380
1078,136699,102,2562,721,1383
1079,136844,23,2571,722,1390
1080,137063,18,2573,715,1395
1081,137176,18,2574,719,1389
1082,137263,18,2579,721,1389
1083,137365,18,2585,727,1387
1084,137478,17,2588,726,1393
1085,137559,16,2589,726,1397
1086,137658,18,2594,732,1397
1087,137749,18,2603,741,1396
1088,137845,18,2608,744,1395
1089,137961,20,2613,749,1394
1090,138078,22,2618,754,1392
1091,138208,20,2622,763,1391
1092,138314,19,2622,764,1391
1093,138414,20,2629,769,1392
1094,138512,18,2642,782,1391
1095,138614,18,2668,806,1388
1096,138697,18,2685,823,1388
1097,138816,18,2690,827,1388
1098,138919,22,2693,831,1384
1099,139014,21,2696,834,1384
1100,139117,19,2700,838,1386
1101,139213,20,2702,839,1387
1102,139307,21,2711,847,1391
1103,139538,20,2720,846,1392
1104,139640,19,2722,848,1388
1105,139737,20,2728,852,1391
1106,139837,19,2730,852,1392
1107,139930,19,2738,859,1391
1108,140009,18,2742,863,1391
1109,140114,18,2742,856,1401
1110,140205,20,2747,857,1408
1111,140308,20,2750,859,1407
1112,140388,20,2748,859,1405
1113,140487,20,2755,869,1400
1114,140586,19,2767,880,1401
1115,140691,32,2771,882,1404
1116,140797,23,2775,885,1406
1117,140890,21,2777,887,1406
1118,140979,20,2778,889,1404
1119,141067,19,2782,893,1403
1120,141166,20,2804,913,1403
1121,141267,20,2809,916,1406
1122,141371,20,2821,928,1405
1123,141466,23,2820,927,1405
1124,141734,175,2821,928,1407
1125,141829,18,2834,939,1409
1126,141933,18,2841,944,1407
1127,142040,25,2843,946,1407
1128,142157,21,2851,951,1411
1129,142243,19,2858,956,1410
1130,142313,21,2885,981,1408
1131,142397,19,2891,985,1414
1132,142495,21,2900,991,1414
1133,142590,21,2921,1009,1411
1134,142693,19,2921,1008,1413
1135,142769,20,2929,1016,1413
1136,142865,19,2943,1030,1410
1137,142973,22,2942,1030,1407
1138,143082,20,2947,1034,1405
1139,143201,19,2952,1037,1405
1140,143311,20,2956,1043,1403
1141,143405,21,2964,1051,1401
1142,143493,20,2986,1072,1402
1143,143581,22,2993,1074,1404
1144,143690,21,3004,1084,1403
1145,143974,180,3019,1098,1402
1146,144063,21,3025,1102,1407
1147,144165,20,3030,1105,1410
1148,144273,18,3033,1104,1417
1149,144367,20,3037,1107,1418
1150,144474,23,3051,1117,1420
1151,144616,20,3052,1115,1429
1152,144706,22,3052,1115,1428
1153,144810,21,3053,1116,1425
1154,144913,20,3057,1117,1426
1155,145016,20,3062,1125,1423
1156,145109,23,3064,1129,1419
1157,145192,25,3058,1129,1413
1158,145297,26,3058,1129,1413
1159,145399,24,3066,1136,1409
1160,145509,24,3069,1135,1409
1161,145624,20,3071,1132,1413
1162,145836,39,3074,1133,1415
1163,145947,25,3076,1130,1422
1164,146210,20,3077,1125,1428
1165,146317,19,3086,1133,1431
1166,146390,21,3089,1132,1430
1167,146486,21,3097,1140,1428
1168,146581,22,3110,1153,1428
1169,146668,25,3110,1153,1428
1170,146783,22,3122,1164,1426
1171,146880,22,3133,1170,1423
1172,146985,21,3155,1192,1416
1173,147084,23,3168,1203,1414
1174,147178,21,3165,1203,1411
1175,147286,21,3166,1204,1411
1176,147397,21,3176,1212,1415
1177,147505,26,3181,1217,1409
1178,147608,23,3197,1229,1411
1179,147711,24,3198,1230,1414
1180,147801,21,3200,1227,1412
1181,147913,23,3214,1236,1411
1182,148152,158,3216,1232,1422
1183,148273,27,3213,1230,1425
1184,148383,23,3216,1228,1434
1185,148489,22,3218,1227,1437
1186,148588,21,3226,1242,1428
1187,148680,21,3237,1256,1416
1188,148779,25,3240,1258,1415
1189,148873,22,3249,1267,1414
1190,148981,21,3252,1270,1414
1191,149084,21,3254,1272,1412
1192,149187,28,3260,1277,1414
1193,149281,24,3272,1288,1414
1194,149376,22,3271,1284,1416
1195,149473,22,3276,1289,1414
1196,149595,21,3277,1288,1414
1197,149694,23,3289,1298,1417
1198,149816,24,3295,1303,1416
1199,149909,23,3310,1318,1416
1200,150129,35,3311,1286,1462
1201,150279,24,3321,1268,1495
1202,150430,21,3328,1274,1495
1203,150560,21,3331,1277,1495
1204,150685,22,3336,1286,1491
1205,150804,22,3335,1288,1488
1206,150913,22,3352,1306,1484
1207,151037,22,3353,1307,1484
1208,151147,22,3353,1309,1479
1209,151268,22,3360,1316,1478
1210,151372,23,3365,1321,1476
1211,151488,25,3375,1333,1471
1212,151583,22,3385,1343,1470
1213,151692,25,3407,1366,1469
1214,151832,26,3422,1380,1468
1215,151931,23,3422,1383,1463
1216,152054,23,3427,1388,1462
1217,153668,21,3427,1392,1458
1218,153779,21,3429,1394,1458
1219,153890,22,3433,1399,1457
1220,153995,22,3443,1410,1456
1221,154101,22,3452,1419,1453
1222,154219,23,3462,1409,1476
1223,154317,23,3466,1413,1475
1224,154422,23,3469,1411,1487
1225,154530,20,3465,1378,1526
1226,154637,21,3476,1373,1540
1227,154744,23,3477,1373,1538
1228,154843,23,3490,1344,1577
1229,154946,24,3499,1303,1632
1230,155056,23,3504,1305,1629
1231,155155,22,3505,1286,1639
1232,155257,23,3503,1266,1659
1233,155357,26,3514,1257,1674
1234,155461,24,3512,1246,1686
1235,155619,22,3523,1224,1728
1236,155726,22,3524,1205,1753
1237,155833,22,3538,1200,1770
1238,155933,22,3550,1188,1794
1239,156014,23,3548,1170,1815
1240,156111,22,3555,1153,1832
1241,156208,23,3560,1124,1861
1242,156305,24,3564,1113,1878
1243,156407,23,3567,1088,1896
1244,156509,25,3579,1065,1936
1245,156608,24,3582,1065,1937
1246,156701,23,3591,1066,1940
1247,156794,24,3595,1050,1961
1248,156907,24,3597,1028,1982
1249,157011,24,3604,1033,1978
1250,157128,25,3625,1017,2011
1251,157231,25,3634,997,2051
1252,157396,82,3635,976,2087
1253,157492,25,3643,962,2113
1254,157604,23,3656,959,2121
1255,157708,23,3655,956,2129
1256,157796,23,3658,950,2140
1257,157896,23,3660,932,2151
1258,157999,23,3664,917,2174
1259,158100,22,3662,915,2173
1260,158189,25,3670,920,2166
1261,158304,22,3671,898,2194
1262,158431,29,3675,887,2210
1263,158526,25,3685,864,2246
1264,158641,23,3686,855,2259
1265,158765,23,3691,836,2290
1266,158852,24,3702,829,2308
1267,158964,23,3704,829,2306
1268,159057,23,3706,818,2325
1269,159165,27,3719,829,2320
1270,159328,84,3720,825,2338
1271,159443,27,3720,804,2359
1272,159582,23,3721,779,2389
1273,159671,22,3724,768,2404
1274,159774,24,3724,750,2429
1275,159878,25,3723,738,2446
1276,159996,28,3728,737,2454
1277,160113,26,3734,738,2454
1278,160225,26,3744,747,2452
1279,160344,27,3745,742,2454
1280,160457,24,3755,744,2463
1281,160561,27,3755,736,2476
1282,160672,27,3766,743,2475
1283,160804,33,3770,724,2504
1284,160924,30,3785,729,2509
1285,161014,29,3786,725,2516
1286,161134,28,3788,719,2522
1287,161321,112,3802,728,2532
1288,161429,29,3809,730,2539
1289,161540,28,3817,730,2546
1290,161657,25,3826,734,2558
1291,161785,25,3830,737,2557
1292,161912,30,3839,742,2554
1293,162021,27,3838,737,2553
1294,162135,24,3838,718,2565
1295,162255,27,3847,709,2579
1296,162362,26,3848,709,2576
1297,162472,24,3853,714,2575
1298,162569,24,3858,715,2586
1299,162673,26,3862,713,2590
1300,162782,28,3865,698,2611
1301,162878,26,3875,708,2610
1302,162964,27,3898,727,2608
1303,163070,28,3895,722,2616
1304,163186,24,3897,718,2626
1305,163359,24,3896,714,2631
1306,163464,24,3899,715,2630
1307,163570,26,3907,717,2637
1308,163679,26,3910,716,2638
1309,163777,29,3912,713,2645
1310,163887,25,3916,717,2640
1311,164002,24,3926,722,2641
1312,164113,23,3931,723,2649
1313,164221,26,3939,727,2655
1314,164329,27,3950,738,2654
1315,164462,32,3964,749,2650
1316,164583,24,3964,744,2657
1317,164690,26,3973,753,2657
1318,164801,25,3974,755,2656
1319,164896,25,3982,754,2662
1320,164996,25,3983,752,2664
1321,165101,26,3987,755,2666
1322,165299,32,3989,751,2669
1323,165407,31,4012,766,2680
1324,165491,27,4013,765,2680
1325,165605,27,4008,769,2671
1326,165718,25,4018,775,2674
1327,165812,24,4017,777,2669
1328,165909,26,4026,786,2668
1329,166023,26,4027,782,2680
1330,166125,27,4024,771,2696
1331,166218,26,4025,772,2691
1332,166331,29,4022,774,2686
1333,166431,26,4028,777,2691
1334,166535,27,4034,781,2696
1335,166648,25,4039,786,2690
1336,166743,24,4056,804,2689
1337,166845,26,4064,814,2686
1338,166949,25,4062,814,2686
1339,167168,143,4062,816,2682
1340,167276,29,4063,816,2685
1341,167390,29,4064,812,2692
1342,167494,25,4070,817,2700
1343,167608,27,4071,803,2714
1344,167701,24,4069,800,2712
1345,167809,26,4069,798,2717
1346,167914,25,4068,795,2716
1347,168010,25,4069,789,2723
1348,168118,25,4070,787,2716
1349,168230,29,4067,787,2713
1350,168343,29,4074,783,2726
1351,168452,26,4075,787,2720
1352,168555,26,4076,782,2723
1353,168656,26,4077,779,2729
1354,168764,25,4083,785,2725
1355,168863,25,4088,785,2728
1356,168962,26,4093,786,2725
1357,169176,36,4113,792,2734
1358,169277,26,4113,794,2730
1359,169355,26,4113,794,2730
1360,169448,26,4115,796,2730
1361,169569,25,4116,786,2748
1362,169672,27,4120,790,2746
1363,169761,28,4122,789,2752
1364,169850,26,4133,799,2750
1365,169948,26,4136,800,2754
1366,170051,26,4139,798,2757
1367,170151,26,4143,796,2753
1368,170249,25,4150,795,2761
1369,170372,26,4150,794,2763
1370,170487,28,4150,797,2757
1371,170599,27,4151,793,2765
1372,170711,28,4161,801,2765
1373,170813,26,4159,799,2766
1374,171008,123,4170,810,2765
1375,171095,25,4185,813,2782
1376,171193,27,4198,823,2782
1377,171275,26,4206,833,2780
1378,171379,27,4212,841,2778
1379,171488,26,4212,841,2778
1380,171595,26,4211,841,2777
1381,171687,26,4212,842,2777
1382,171764,28,4224,854,2774
1383,171868,27,4229,858,2766
1384,171981,28,4224,854,2764
1385,172089,29,4239,861,2763
1386,172188,28,4244,867,2756
1387,172285,28,4255,876,2751
1388,172399,28,4263,885,2746
1389,172502,28,4263,886,2743
1390,172607,27,4264,887,2744
1391,172738,28,4261,882,2747
1392,172961,28,4259,876,2750
1393,173057,26,4259,874,2760
1394,173168,27,4259,872,2761
1395,173274,26,4259,873,2763
1396,173377,26,4267,877,2764
1397,173478,26,4268,876,2764
1398,173581,26,4274,883,2765
1399,173688,27,4291,897,2760
1400,173800,27,4292,895,2767
1401,173895,27,4303,907,2762
1402,173993,29,4305,910,2759
1403,174097,26,4307,904,2764
1404,174230,29,4304,901,2764
1405,174324,29,4306,901,2767
1406,174426,28,4308,903,2764
1407,174522,28,4306,901,2766
1408,174628,31,4305,900,2765
1409,174852,141,4311,906,2761
1410,174953,27,4314,905,2769
1411,175052,26,4318,898,2780
1412,175146,27,4321,899,2780
1413,175275,26,4326,901,2785
1414,175381,28,4346,920,2784
1415,175478,27,4347,917,2788
1416,175586,29,4350,918,2784
1417,175691,28,4347,913,2789
1418,175785,28,4345,911,2788
1419,175900,28,4350,913,2790
1420,176004,27,4356,921,2781
1421,176113,29,4360,927,2778
1422,176212,28,4367,936,2774
1423,176294,29,4369,933,2780
1424,176399,28,4370,931,2782
1425,176491,27,4366,931,2778
1426,176595,27,4376,939,2777
1427,176808,27,4379,939,2784
1428,176899,27,4389,945,2787
1429,176994,27,4391,944,2790
1430,177103,27,4395,948,2788
1431,177185,26,4395,943,2792
1432,177290,27,4396,940,2788
1433,177385,29,4395,936,2797
1434,177476,29,4401,937,2802
1435,177588,39,4407,934,2808
1436,177692,28,4409,936,2808
1437,177797,29,4409,935,2809
1438,177905,27,4402,931,2807
1439,178009,28,4404,934,2805
1440,178090,28,4418,948,2800
1441,178194,30,4425,956,2799
1442,178296,30,4427,953,2804
1443,178397,26,4431,954,2805
1444,178612,119,4433,952,2811
1445,178706,27,4442,958,2814
1446,178806,27,4453,967,2814
1447,178920,28,4453,963,2812
1448,179037,28,4465,973,2808
1449,179137,30,4465,974,2811
1450,179220,29,4468,969,2824
1451,179308,30,4470,975,2820
1452,179405,31,4485,992,2814
1453,179508,28,4486,992,2818
1454,179599,30,4507,1011,2818
1455,179710,30,4510,1008,2822
1456,179825,29,4520,1007,2824
1457,179939,29,4521,1007,2828
1458,180090,30,4524,1011,2826
1459,180216,31,4527,988,2858
1460,180345,29,4527,976,2871
1461,180572,128,4531,941,2914
1462,180686,30,4543,929,2948
1463,180827,37,4541,898,2989
1464,180957,35,4538,888,3009
1465,181074,28,4546,870,3037
1466,181198,27,4550,863,3044
1467,181323,29,4555,828,3095
1468,181449,31,4560,833,3090
1469,181574,37,4575,853,3079
1470,181692,32,4577,847,3091
1471,181812,30,4582,834,3119
1472,181900,30,4601,847,3126
1473,182015,31,4598,839,3120
1474,182122,31,4602,835,3122
1475,182252,35,4606,835,3125
1476,182377,30,4612,844,3121
1477,182488,30,4616,848,3119
1478,182593,29,4624,858,3117
1479,182785,32,4628,863,3116
1480,182887,29,4630,865,3116
1481,182993,27,4638,875,3114
1482,183086,31,4638,875,3114
1483,183209,29,4633,875,3109
1484,183323,29,4629,878,3102
1485,183437,30,4634,883,3101
1486,183557,31,4636,887,3096
1487,183682,29,4631,890,3084
1488,183792,31,4639,883,3098
1489,183892,30,4649,857,3139
1490,184009,29,4653,845,3157
1491,184110,32,4656,846,3168
1492,184224,31,4660,837,3187
1493,184332,30,4664,827,3201
1494,184454,30,4657,823,3203
1495,184555,29,4653,809,3225
1496,184760,111,4651,787,3258
1497,184850,33,4652,787,3261
1498,184946,29,4657,788,3260
1499,185069,38,4668,794,3258
1500,185195,30,4673,787,3274
1501,185306,32,4677,789,3277
1502,185412,33,4682,763,3301
1503,185538,30,4681,752,3317
1504,185645,31,4681,751,3316
1505,185764,29,4685,739,3329
1506,185879,33,4681,728,3337
1507,186044,40,4684,733,3333
1508,186172,40,4684,723,3347
1509,186293,34,4683,710,3357
1510,186410,33,4682,702,3368
1511,186493,33,4692,712,3359
1512,186626,36,4696,706,3371
1513,188263,1549,4699,629,3495
1514,188392,34,4698,604,3537
1515,188498,31,4714,620,3543
1516,188608,28,4714,605,3556
1517,188729,32,4716,593,3572
1518,188840,34,4719,595,3567
1519,188947,32,4724,588,3582
1520,189075,30,4721,581,3588
1521,189183,31,4721,580,3590
1522,189297,29,4722,571,3603
1523,189401,35,4723,571,3605
1524,189520,37,4742,589,3596
1525,189655,33,4751,589,3615
1526,189748,30,4760,593,3625
1527,189857,30,4759,594,3618
1528,189961,34,4760,589,3629
1529,190067,32,4760,589,3628
1530,190217,70,4765,584,3642
1531,190343,34,4780,581,3668
1532,190478,30,4780,573,3680
1533,190578,30,4800,585,3687
1534,190703,32,4807,576,3705
1535,190810,37,4811,583,3705
1536,190925,33,4814,585,3704
1537,191044,30,4812,588,3697
1538,191144,29,4822,594,3701
1539,191247,32,4827,593,3699
1540,191366,35,4834,600,3694
1541,191478,31,4843,605,3693
1542,191589,33,4840,597,3707
1543,191722,41,4847,594,3715
1544,191840,32,4850,595,3715
1545,191961,37,4848,589,3729
1546,192072,35,4862,591,3743
1547,192167,34,4885,609,3733
1548,192332,37,4891,614,3739
1549,192426,30,4886,614,3734
1550,192547,37,4897,624,3733
1551,192644,39,4902,629,3733
1552,192763,38,4907,634,3730
1553,192884,33,4907,634,3730
1554,193026,35,4907,618,3753
1555,193158,34,4908,619,3748
1556,193273,36,4915,627,3747
1557,193393,43,4910,626,3746
1558,193504,42,4915,621,3761
1559,193617,34,4928,623,3773
1560,193727,36,4928,620,3783
1561,193857,34,4927,618,3787
1562,193983,33,4928,615,3790
1563,194093,34,4932,614,3791
1564,194197,36,4934,607,3801
1565,194393,35,4934,595,3819
1566,194515,40,4936,594,3820
1567,194624,34,4944,601,3818
1568,194738,37,4955,600,3823
1569,194860,31,4955,601,3822
1570,194986,33,4967,605,3827
1571,195103,33,4969,610,3826
1572,195224,35,4988,628,3808
1573,195328,31,4991,629,3810
1574,195461,39,4992,628,3807
1575,195604,46,5012,644,3813
1576,195729,37,5004,643,3803
1577,195850,34,5019,651,3810
1578,195961,33,5014,654,3792
1579,196065,32,5023,659,3794
1580,196186,35,5024,656,3799
1581,196300,33,5025,650,3809
1582,196504,115,5030,641,3821
1583,196626,37,5027,638,3823
1584,196769,47,5027,639,3822
1585,196876,35,5027,639,3822
1586,197002,33,5025,639,3821
1587,197117,35,5029,627,3834
1588,197235,31,5030,628,3834
1589,197356,35,5025,626,3830
1590,197476,35,5028,621,3836
1591,197586,31,5032,621,3837
1592,197717,33,5037,625,3830
1593,197835,32,5047,635,3828
1594,197990,51,5048,632,3834
1595,198118,34,5044,623,3843
1596,198236,32,5046,624,3838
1597,198343,36,5045,625,3834
1598,198443,32,5057,634,3838
1599,198652,129,5047,631,3829
1600,198782,41,5052,637,3820
1601,198893,33,5054,638,3822
1602,199045,42,5049,636,3824
1603,199161,34,5056,644,3819
1604,199274,33,5064,650,3814
1605,199394,33,5068,659,3808
1606,199515,34,5067,655,3807
1607,199639,33,5068,642,3825
1608,199758,38,5070,644,3822
1609,199879,36,5070,644,3822
1610,200005,35,5073,647,3820
1611,200131,35,5070,646,3821
1612,200264,38,5071,642,3828
1613,200388,33,5068,637,3830
1614,200504,35,5075,646,3828
1615,200621,33,5077,643,3840
1616,200822,136,5089,653,3828
1617,200941,35,5088,654,3826
1618,201056,34,5095,663,3820
1619,201169,32,5099,667,3820
1620,201310,35,5110,678,3816
1621,201420,37,5112,678,3819
1622,201540,43,5113,674,3823
1623,201649,34,5120,677,3828
1624,201766,34,5122,680,3821
1625,201869,36,5128,681,3834
1626,201991,54,5140,690,3837
1627,202156,46,5140,682,3849
1628,202289,53,5149,687,3849
1629,202476,54,5161,694,3850
1630,202628,40,5167,690,3860
1631,203444,80,5166,654,3906
1632,203583,43,5171,659,3899
1633,203873,198,5174,655,3910
1634,203996,40,5177,654,3919
1635,204128,40,5177,662,3911
1636,204246,39,5175,660,3915
1637,204358,37,5185,668,3916
1638,204468,36,5189,670,3919
1639,204586,38,5199,663,3941
1640,204705,36,5199,662,3942
1641,204820,41,5197,659,3942
1642,204948,42,5199,662,3937
1643,205064,38,5202,661,3936
1644,205193,39,5198,661,3932
1645,205350,53,5211,673,3931
1646,205472,43,5214,675,3936
1647,205596,48,5225,682,3934
1648,205728,41,5230,686,3936
1649,206027,49,5231,686,3940
1650,206161,41,5228,687,3936
1651,206325,62,5234,697,3932
1652,206434,36,5243,709,3916
1653,206545,36,5245,712,3911
1654,206700,49,5255,720,3917
1655,206828,38,5258,721,3921
1656,206951,37,5264,725,3918
1657,207055,34,5262,723,3916
1658,207174,32,5263,723,3923
1659,207286,33,5269,731,3916
1660,207406,35,5272,729,3922
1661,207528,32,5276,730,3928
1662,207649,40,5274,731,3925
1663,207773,38,5267,723,3935
1664,208066,194,5268,718,3944
1665,208165,37,5276,727,3938
1666,208292,40,5286,737,3932
1667,208415,34,5283,736,3919
1668,208530,36,5280,734,3925
1669,208638,34,5280,734,3925
1670,208725,33,5287,743,3923
1671,208838,45,5292,743,3923
1672,208979,40,5302,754,3919
1673,209104,38,5312,758,3932
1674,209224,36,5312,760,3928
1675,209340,38,5320,768,3921
1676,209471,37,5319,766,3922
1677,209605,37,5321,768,3922
1678,209852,161,5326,772,3919
1679,209964,33,5327,775,3917
1680,210084,33,5322,758,3932
1681,210214,37,5322,732,3960
1682,210344,37,5328,705,4007
1683,210473,37,5344,702,4029
1684,210601,43,5351,707,4031
1685,210766,45,5353,673,4073
1686,210935,42,5354,647,4111
1687,211070,38,5364,641,4140
1688,211183,37,5372,634,4165
1689,211314,35,5376,606,4206
1690,211449,42,5372,601,4221
1691,211582,36,5373,591,4229
1692,211852,163,5372,568,4265
1693,212001,41,5375,561,4278
1694,212127,40,5379,561,4274
1695,212253,42,5378,543,4295
1696,212390,36,5385,549,4290
1697,212513,37,5386,523,4329
1698,212644,37,5383,520,4337
1699,212769,35,5395,530,4338
1700,212889,34,5406,542,4335
1701,213009,35,5414,550,4335
1702,213144,36,5414,547,4338
1703,213263,34,5417,539,4350
1704,213377,38,5413,532,4355
1705,213499,37,5412,530,4354
1706,213716,142,5420,519,4376
1707,213824,36,5433,518,4381
1708,213944,34,5441,526,4380
1709,214047,37,5452,529,4392
1710,214168,38,5452,522,4399
1711,214293,36,5454,505,4429
1712,214411,39,5447,478,4458
1713,214534,35,5450,476,4466
1714,214642,34,5451,474,4472
1715,214770,40,5462,485,4468
1716,214905,43,5467,471,4489
1717,215019,36,5467,473,4486
1718,215120,34,5483,489,4472
1719,215251,37,5488,489,4477
1720,215484,140,5494,491,4488
1721,215624,47,5494,488,4494
1722,215759,43,5495,475,4513
1723,215910,48,5511,480,4516
1724,216030,44,5514,479,4525
1725,216157,37,5514,476,4529
1726,216261,38,5523,477,4535
1727,216373,35,5532,483,4543
1728,216493,36,5532,485,4541
1729,216614,35,5530,486,4538
1730,216749,39,5535,483,4544
1731,216877,37,5539,488,4540
1732,216999,37,5549,499,4532
1733,217118,40,5549,499,4532
1734,217307,119,5550,500,4527
1735,217431,34,5555,504,4525
1736,217547,39,5558,507,4525
1737,217660,38,5571,521,4524
1738,217782,37,5587,540,4512
1739,217895,39,5592,547,4505
1740,218010,38,5596,551,4500
1741,218127,36,5598,553,4498
1742,218245,38,5608,564,4496
1743,218377,37,5613,570,4497
1744,218506,39,5618,574,4491
1745,218630,46,5624,570,4510
1746,218763,42,5620,566,4517
1747,218882,40,5628,571,4527
1748,219010,37,5626,570,4526
1749,219219,42,5625,560,4537
1750,219347,42,5637,570,4536
1751,219470,38,5647,569,4547
1752,219576,40,5660,580,4551
1753,219705,42,5656,563,4577
1754,219821,43,5656,563,4577
1755,219942,41,5665,571,4573
1756,220052,40,5666,569,4574
1757,220180,40,5666,568,4584
1758,220311,44,5663,570,4577
1759,220420,40,5664,569,4579
1760,220558,42,5664,559,4594
1761,220679,44,5674,566,4598
1762,220800,49,5675,565,4598
1763,220994,36,5682,571,4600
1764,221126,44,5685,561,4614
1765,221253,39,5681,560,4610
1766,221383,43,5682,555,4618
1767,221536,54,5686,552,4627
1768,221671,37,5689,555,4620
1769,221781,37,5691,557,4614
1770,221909,41,5685,556,4610
1771,222017,37,5686,559,4607
1772,222116,35,5688,559,4607
1773,222237,38,5693,563,4599
1774,222349,39,5697,566,4593
1775,222464,37,5705,576,4589
1776,222576,38,5715,579,4593
1777,222770,101,5720,579,4604
1778,222898,40,5718,572,4619
1779,223025,39,5724,573,4622
1780,223146,37,5744,589,4628
1781,223254,37,5753,598,4626
1782,223356,36,5771,612,4624
1783,223469,38,5771,612,4624
1784,223589,37,5771,612,4624
1785,223709,37,5774,614,4624
1786,223843,38,5772,615,4625
1787,223966,40,5781,617,4626
1788,224073,39,5783,618,4629
1789,224186,40,5786,619,4625
1790,224286,38,5787,611,4635
1791,225883,1522,5789,579,4678
1792,226001,37,5789,549,4735
1793,226110,37,5789,545,4741
1794,226231,35,5788,544,4740
1795,226348,38,5787,545,4736
1796,226448,39,5787,535,4750
1797,226575,35,5786,538,4744
1798,226705,38,5787,537,4748
1799,226817,36,5792,543,4747
1800,226946,38,5789,541,4751
1801,227063,37,5794,545,4743
1802,227196,39,5801,552,4737
1803,227317,39,5809,561,4736
1804,227428,36,5811,558,4736
1805,227572,79,5822,569,4720
1806,227688,37,5823,567,4729
1807,227807,36,5834,568,4738
1808,227926,36,5839,569,4732
1809,228044,38,5836,568,4731
1810,228155,38,5836,566,4737
1811,228289,37,5845,575,4734
1812,228410,39,5853,581,4726
1813,228520,38,5853,581,4726
1814,228635,37,5856,588,4717
1815,228727,39,5849,588,4710
1816,228834,37,5852,589,4709
1817,228960,39,5854,588,4709
1818,229075,40,5856,589,4714
1819,229192,40,5857,590,4714
1820,229363,45,5857,582,4728
1821,229483,39,5859,584,4727
1822,229613,38,5856,584,4727
1823,229730,35,5856,583,4731
1824,229855,40,5861,587,4729
1825,229960,38,5865,595,4717
1826,230073,39,5871,602,4712
1827,230191,39,5879,611,4710
1828,230310,37,5879,611,4710
1829,230444,36,5880,608,4715
1830,230546,38,5882,609,4715
1831,230672,42,5885,610,4713
1832,230786,44,5906,634,4708
1833,230906,41,5900,633,4705
1834,231077,37,5896,632,4700
1835,231194,37,5907,635,4703
1836,231314,36,5907,633,4708
1837,231423,41,5911,635,4708
1838,231548,36,5912,629,4718
1839,231665,37,5918,638,4712
1840,231775,37,5917,632,4726
1841,231899,44,5921,636,4714
1842,232012,39,5931,646,4710
1843,232128,38,5941,653,4710
1844,232235,38,5942,654,4709
1845,232363,39,5944,656,4706
1846,232485,39,5944,654,4710
1847,232597,38,5944,651,4714
1848,232724,38,5944,651,4714
1849,232892,41,5957,664,4714
1850,233003,38,5957,666,4708
1851,233120,36,5961,670,4703
1852,233230,37,5961,670,4703
1853,233363,40,5962,672,4700
1854,233480,40,5973,675,4705
1855,233599,38,5976,678,4707
1856,233729,40,5996,698,4696
1857,233848,42,5994,698,4694
1858,233964,43,5993,696,4699
1859,234076,38,6001,706,4696
1860,234203,38,6013,715,4694
1861,234321,39,6018,715,4686
1862,234438,37,6025,719,4692
1863,234659,132,6029,719,4690
1864,234766,39,6032,714,4701
1865,234880,37,6036,717,4706
1866,235008,39,6027,716,4700
1867,235108,38,6025,716,4695
1868,235234,38,6024,708,4708
1869,235361,37,6024,706,4708
1870,235498,40,6027,708,4708
1871,235621,42,6022,708,4697
1872,235734,40,6024,713,4684
1873,235843,38,6034,722,4680
1874,235970,40,6041,731,4674
1875,236078,41,6041,732,4672
1876,236211,39,6052,739,4670
1877,236330,40,6050,738,4670
1878,236529,126,6049,738,4674
1879,236659,38,6050,739,4673
1880,236776,41,6050,738,4677
1881,236889,37,6056,744,4681
1882,237007,38,6053,741,4684
1883,237139,39,6064,751,4682
1884,237269,38,6070,755,4683
1885,237394,38,6074,755,4684
1886,237516,38,6070,751,4679
1887,237624,37,6080,761,4676
1888,237729,38,6078,760,4679
1889,237845,43,6098,781,4676
1890,237970,37,6102,785,4669
1891,238090,42,6102,785,4669
1892,238197,39,6109,792,4666
1893,238437,157,6113,794,4666
1894,238573,37,6112,795,4663
1895,238683,37,6118,796,4663
1896,238815,41,6118,792,4673
1897,238928,37,6121,790,4680
1898,239042,40,6132,800,4681
1899,239165,48,6144,812,4680
1900,239264,38,6145,813,4680
1901,239387,45,6146,808,4690
1902,239502,43,6144,798,4698
1903,239624,46,6149,802,4698
1904,239725,41,6152,805,4695
1905,239832,40,6153,806,4695
1906,239949,42,6153,804,4696
1907,240206,153,6141,758,4753
1908,244541,43,6141,360,5380
1909,248964,42,6135,159,5742
1910,253793,16,1630,75,1411
1911,253901,11,1638,84,1403
1912,254003,11,1649,88,1400
1913,254232,13,1648,88,1399
1914,254354,14,1656,100,1393
1915,254464,12,1658,101,1386
1916,254566,11,1661,104,1382
1917,254663,11,1667,106,1379
1918,254774,12,1669,107,1377
1919,254886,12,1679,116,1372
1920,254981,11,1690,126,1367
1921,255086,14,1687,126,1364
1922,255183,12,1697,136,1360
1923,255292,12,1697,136,1360
1924,255398,12,1698,137,1360
1925,255505,11,1712,150,1359
1926,255627,12,1712,150,1359
1927,255738,12,1709,150,1356
1928,255836,11,1709,150,1356
1929,255925,12,1711,151,1364
1930,256030,12,1727,165,1364
1931,256126,12,1730,166,1363
1932,256238,12,1730,168,1361
1933,256340,12,1734,171,1361
1934,256443,12,1735,172,1358
1935,256539,12,1759,196,1358
1936,256665,12,1778,210,1365
1937,256760,14,1790,217,1363
1938,256962,15,1795,220,1360
1939,257053,13,1812,233,1349
1940,257155,12,1816,226,1363
1941,257257,12,1822,228,1357
1942,257351,13,1827,227,1371
1943,257465,13,1828,228,1371
1944,257554,11,1836,239,1361
1945,257645,14,1839,242,1358
1946,257770,14,1846,242,1366
1947,257890,14,1862,258,1361
1948,258020,13,1870,266,1363
1949,258128,12,1869,267,1360
1950,258229,13,1869,266,1365
1951,258325,13,1875,272,1358
1952,258428,12,1874,273,1355
1953,258542,12,1877,275,1354
1954,258643,14,1874,277,1348
1955,258742,14,1881,284,1346
1956,258839,12,1886,288,1338
1957,258964,15,1891,292,1340
1958,259074,14,1906,303,1343
1959,259179,13,1909,306,1342
1960,259274,15,1930,326,1349
1961,259389,14,1938,331,1346
1962,259482,14,1950,343,1341
1963,259716,14,1959,349,1342
1964,259796,14,1966,352,1347
1965,259890,12,1983,369,1345
1966,259984,13,1987,371,1347
1967,260097,15,1987,373,1345
1968,260230,13,1997,383,1344
1969,260341,13,2007,393,1343
1970,260440,14,2010,394,1338
1971,260510,12,2011,395,1338
1972,260609,13,2014,398,1338
1973,260700,15,2023,405,1340
1974,260794,13,2026,408,1340
1975,260898,15,2027,402,1348
1976,261000,13,2029,401,1358
1977,261113,14,2038,410,1358
1978,261223,17,2038,409,1363
1979,261343,14,2042,413,1362
1980,261458,15,2046,416,1368
1981,261570,13,2053,423,1365
1982,261655,14,2063,433,1363
1983,261760,14,2064,432,1370
1984,261868,14,2067,435,1365
1985,261955,14,2067,435,1365
1986,262067,14,2084,450,1356
1987,262290,13,2097,463,1356
1988,262391,14,2100,466,1356
1989,262488,14,2103,468,1359
1990,262596,14,2107,468,1363
1991,262684,15,2122,477,1370
1992,262794,15,2126,481,1369
1993,262896,17,2138,493,1369
1994,262986,16,2146,503,1364
1995,263104,15,2154,508,1361
1996,263209,15,2172,522,1354
1997,263321,15,2180,524,1352
1998,263404,14,2181,528,1349
1999,263516,13,2187,534,1346
2000,263633,17,2189,536,1346
2001,263731,16,2197,543,1346
2002,263837,14,2206,552,1345
2003,263947,20,2223,567,1347
2004,264030,16,2223,567,1347
2005,264124,15,2226,569,1345
2006,264210,14,2226,572,1341
2007,264325,17,2230,576,1340
2008,264555,156,2235,581,1337
2009,264656,16,2248,593,1335
2010,264760,15,2256,597,1345
2011,264860,15,2259,598,1351
2012,264966,18,2269,613,1346
2013,265078,15,2275,616,1345
2014,265178,15,2288,629,1342
2015,265283,16,2290,631,1342
2016,265391,16,2293,633,1336
2017,265483,16,2296,630,1348
2018,265581,15,2297,630,1350
2019,265678,16,2303,636,1349
2020,265768,16,2311,642,1347
2021,265861,16,2323,654,1347
2022,265962,17,2326,655,1348
2023,266060,18,2326,654,1351
2024,266148,18,2326,653,1356
2025,266252,19,2333,660,1352
2026,266356,16,2340,667,1344
2027,266460,18,2353,680,1344
2028,266554,16,2355,689,1337
2029,266632,16,2364,697,1337
2030,266909,15,2364,692,1343
2031,267026,15,2369,697,1340
2032,267135,15,2366,696,1338
2033,267224,17,2374,703,1340
2034,267449,20,2384,707,1345
2035,267541,16,2387,708,1345
2036,267641,18,2391,711,1343
2037,267736,16,2396,715,1341
2038,267825,15,2412,726,1344
2039,267941,24,2440,754,1345
2040,268054,18,2444,758,1345
2041,268133,17,2466,780,1345
2042,268241,16,2475,786,1345
2043,268339,16,2476,787,1343
2044,268440,17,2487,801,1337
2045,268536,20,2495,803,1342
2046,268651,19,2496,801,1343
2047,268778,16,2511,813,1343
2048,269024,17,2512,812,1343
2049,269131,17,2532,832,1339
2050,269236,16,2537,838,1333
2051,269326,17,2545,846,1328
2052,269415,16,2549,850,1324
2053,269513,18,2560,861,1324
2054,269618,17,2572,872,1325
2055,269731,16,2575,875,1322
2056,269843,16,2577,877,1321
2057,269928,17,2580,880,1321
2058,270039,22,2593,876,1343
2059,270172,22,2596,880,1342
2060,270299,16,2602,864,1365
2061,270412,17,2604,866,1365
2062,270526,20,2613,878,1359
2063,270647,20,2628,893,1358
2064,270761,17,2641,906,1358
2065,271002,18,2654,919,1358
2066,271110,18,2656,922,1357
2067,271222,19,2657,923,1357
2068,271359,26,2661,927,1356
2069,271466,20,2683,950,1355
2070,271573,18,2696,963,1355
2071,271681,18,2700,967,1354
2072,271783,18,2703,970,1352
2073,271895,19,2709,978,1350
2074,272009,19,2712,981,1350
2075,272118,19,2716,985,1348
2076,272227,19,2722,993,1344
2077,272342,19,2727,989,1350
2078,272447,19,2752,1013,1350
2079,272563,19,2758,1019,1350
2080,272838,176,2759,1020,1350
2081,272937,18,2775,1035,1348
2082,273040,21,2792,1050,1345
2083,273132,17,2800,1058,1341
2084,273232,18,2806,1064,1341
2085,273350,20,2811,1069,1341
2086,273461,18,2812,1070,1341
2087,273552,18,2831,1089,1340
2088,273678,18,2847,1106,1335
2089,273780,18,2856,1115,1335
2090,273878,19,2879,1138,1332
2091,273984,22,2890,1149,1324
2092,274093,22,2898,1158,1321
2093,274191,19,2900,1160,1321
2094,274296,20,2904,1164,1321
2095,274392,22,2910,1172,1319
2096,274623,21,2916,1176,1324
2097,274719,20,2918,1178,1324
2098,274818,19,2941,1201,1323
2099,274917,19,2951,1211,1320
2100,275019,21,2961,1221,1317
2101,275118,21,2970,1230,1317
2102,275226,19,2986,1249,1310
2103,275321,19,2998,1261,1307
2104,275421,21,3009,1272,1307
2105,275519,20,3024,1287,1303
2106,275614,20,3032,1295,1303
2107,275727,19,3050,1313,1303
2108,275843,23,3050,1313,1303
2109,275963,27,3055,1318,1303
2110,276069,25,3072,1335,1301
2111,276300,23,3085,1348,1301
2112,276400,21,3092,1355,1300
2113,276497,22,3095,1358,1300
2114,276595,21,3096,1350,1310
2115,276696,22,3096,1350,1310
2116,276802,23,3097,1351,1310
2117,276908,20,3100,1354,1310
2118,277015,20,3100,1354,1310
2119,277139,21,3101,1355,1310
2120,277249,23,3108,1362,1309
2121,277344,22,3113,1367,1309
2122,277438,20,3116,1370,1305
2123,277541,21,3118,1371,1304
2124,277642,23,3122,1373,1303
2125,277785,26,3131,1383,1302
2126,279395,20,3136,1386,1303
2127,279476,22,3139,1389,1303
2128,279583,21,3140,1390,1303
2129,279685,21,3143,1393,1303
2130,279792,29,3146,1396,1303
2131,279910,29,3157,1407,1301
2132,280044,28,3175,1425,1300
2133,280160,33,3191,1441,1300
2134,280247,25,3194,1444,1300
2135,280375,27,3205,1455,1298
2136,280478,22,3210,1460,1292
2137,280589,22,3224,1474,1291
2138,280684,22,3222,1476,1287
2139,280789,21,3227,1481,1287
2140,280911,22,3229,1483,1286
2141,281079,82,3231,1485,1286
2142,281184,23,3234,1488,1285
2143,281283,21,3239,1499,1278
2144,281385,20,3247,1507,1278
2145,281493,22,3258,1518,1277
2146,281594,24,3263,1523,1276
2147,281724,21,3266,1526,1275
2148,281838,24,3272,1532,1275
2149,281943,23,3289,1549,1274
2150,282040,22,3306,1566,1274
2151,282167,22,3314,1574,1274
2152,282265,23,3317,1577,1274
2153,282365,22,3328,1588,1270
2154,282450,22,3334,1597,1267
2155,282555,22,3343,1605,1267
2156,282646,26,3351,1613,1264
2157,282838,102,3355,1617,1264
2158,282955,22,3365,1627,1259
2159,283054,24,3372,1634,1259
2160,283157,23,3373,1635,1259
2161,283250,22,3380,1642,1259
2162,283353,24,3390,1652,1259
2163,283444,24,3397,1659,1258
2164,283547,22,3398,1663,1254
2165,283671,23,3404,1669,1254
2166,283788,22,3407,1650,1269
2167,283888,23,3406,1616,1307
2168,283997,23,3410,1565,1355
2169,284112,29,3418,1551,1370
2170,284234,25,3424,1531,1389
2171,284357,24,3438,1510,1426
2172,284532,91,3446,1466,1476
2173,284720,37,3450,1450,1502
2174,284869,27,3464,1446,1508
2175,285037,25,3470,1425,1523
2176,285174,26,3473,1416,1528
2177,285284,22,3494,1415,1538
2178,285385,24,3505,1414,1548
2179,285491,25,3505,1401,1565
2180,285605,24,3509,1388,1579
2181,285704,24,3511,1357,1603
2182,285806,25,3522,1351,1604
2183,285908,24,3521,1324,1629
2184,286007,24,3525,1315,1638
2185,286128,24,3526,1298,1655
2186,286236,22,3529,1277,1675
2187,286399,98,3534,1265,1690
2188,286494,23,3537,1256,1702
2189,286578,24,3536,1248,1707
2190,286672,25,3536,1244,1704
2191,286766,22,3554,1263,1702
2192,286854,22,3560,1265,1702
2193,286951,22,3573,1277,1695
2194,287055,23,3576,1273,1699
2195,287149,23,3576,1257,1717
2196,287255,23,3580,1246,1725
2197,287349,24,3587,1227,1751
2198,287466,22,3593,1226,1753
2199,287574,22,3593,1203,1773
2200,287688,29,3611,1204,1798
2201,287812,25,3614,1201,1802
2202,288006,97,3621,1169,1844
2203,288112,29,3631,1161,1858
2204,288215,27,3640,1155,1873
2205,288341,24,3650,1150,1895
2206,288441,26,3651,1125,1927
2207,288552,29,3651,1102,1943
2208,288639,24,3648,1098,1947
2209,288747,26,3658,1101,1947
2210,288860,24,3642,1087,1947
2211,288965,26,3644,1072,1963
2212,289068,24,3658,1074,1966
2213,289181,24,3660,1066,1976
2214,289297,31,3667,1064,1981
2215,289402,24,3675,1061,1989
2216,289489,24,3677,1051,2001
2217,289676,83,3680,1052,2006
2218,289794,25,3680,1030,2032
2219,289891,24,3678,1027,2033
2220,289981,23,3700,1029,2062
2221,290081,23,3706,1027,2059
2222,290187,24,3710,1015,2078
2223,290291,22,3720,1017,2087
2224,290385,24,3727,1015,2089
2225,290470,24,3728,1009,2094
2226,290567,23,3734,1001,2108
2227,290673,24,3747,1004,2112
2228,290776,24,3747,1005,2105
2229,290877,23,3746,994,2106
2230,290978,26,3747,993,2108
2231,291083,25,3747,994,2106
2232,291186,25,3748,985,2120
2233,291336,24,3746,977,2127
2234,291432,23,3747,973,2128
2235,291538,24,3748,966,2141
2236,291629,28,3759,973,2146
2237,291732,24,3765,976,2146
2238,291826,24,3768,976,2148
2239,291920,26,3768,975,2149
2240,292019,23,3769,977,2148
2241,292109,24,3780,984,2151
2242,292210,26,3782,986,2146
2243,292328,24,3789,990,2147
2244,292436,24,3792,988,2153
2245,292547,24,3794,988,2153
2246,292654,26,3791,981,2160
2247,292806,87,3792,975,2173
2248,292890,25,3790,969,2174
2249,292995,25,3788,964,2184
2250,293088,25,3785,955,2189
2251,293187,24,3800,968,2191
2252,293290,24,3813,979,2194
2253,293372,24,3814,979,2198
2254,293458,25,3826,984,2210
2255,293552,25,3848,1004,2203
2256,293645,24,3846,998,2202
2257,293765,25,3859,1008,2203
2258,293844,26,3859,998,2215
2259,293949,26,3866,1006,2208
2260,294069,26,3879,1012,2205
2261,294155,24,3898,1025,2206
2262,294256,25,3891,1025,2199
2263,294410,26,3894,1016,2199
2264,294507,24,3892,1017,2196
2265,294607,25,3894,1019,2194
2266,294713,28,3906,1026,2200
2267,294824,32,3910,1018,2212
2268,294944,30,3919,1026,2208
2269,295028,27,3929,1035,2208
2270,295132,29,3931,1038,2206
2271,295246,30,3932,1033,2211
2272,295333,27,3930,1026,2212
2273,295439,33,3934,1029,2211
2274,295540,25,3935,1025,2218
2275,295648,31,3938,1025,2218
2276,295759,25,3935,1027,2215
2277,295861,27,3940,1019,2230
2278,296040,99,3941,1014,2238
2279,296150,26,3952,1016,2251
2280,296266,26,3952,1025,2235
2281,296349,31,3959,1029,2240
2282,296462,29,3961,1027,2247
2283,296562,27,3970,1033,2250
2284,296676,30,3976,1033,2255
2285,296790,26,3983,1041,2251
2286,296924,35,3982,1043,2247
2287,297029,29,3991,1052,2244
2288,297145,29,3991,1048,2246
2289,297256,32,3989,1043,2248
2290,297380,36,3990,1044,2248
2291,297517,32,3993,1044,2250
2292,297633,29,3998,1043,2248
2293,297738,33,3997,1041,2258
2294,297870,76,4012,1052,2254
2295,297950,25,4022,1062,2254
2296,298049,27,4023,1061,2254
2297,298155,26,4028,1064,2254
2298,298245,26,4030,1063,2254
2299,298366,35,4019,1058,2252
2300,298490,27,4020,1052,2262
2301,298581,29,4032,1063,2257
2302,298681,27,4033,1064,2257
2303,298796,30,4037,1065,2260
2304,298921,32,4037,1066,2258
2305,299020,27,4049,1077,2258
2306,299113,27,4049,1068,2271
2307,299215,27,4049,1065,2276
2308,299315,26,4063,1074,2277
2309,299421,28,4063,1074,2279
2310,299520,26,4065,1074,2279
2311,299684,31,4062,1075,2272
2312,299793,28,4072,1081,2278
2313,299910,30,4079,1086,2278
2314,300016,27,4088,1088,2286
