tick,timestamp,query_runtime,trav_index_nodes,trav_vol_nodes,trav_unprod_nodes
0,447,4,20,20,0
1,745,1,26,26,0
2,988,1,36,36,0
3,1282,4,41,41,0
4,1465,2,62,62,0
5,1833,2,68,68,0
6,2038,4,71,71,0
7,2203,3,80,80,0
8,2423,2,107,107,0
9,2602,1,114,114,0
10,2743,1,133,133,0
11,2897,3,140,140,0
12,3109,2,148,148,0
13,3274,3,166,166,0
14,3431,2,171,171,0
15,3544,2,188,188,0
16,3674,3,191,191,0
17,3835,2,192,192,0
18,3990,3,200,200,0
19,4151,5,207,207,0
20,4326,30,226,226,0
21,4441,2,238,238,0
22,4569,2,247,247,0
23,4659,4,251,251,0
24,4776,3,262,262,0
25,4905,2,277,277,0
26,5002,3,297,297,0
27,5136,2,302,302,0
28,5308,3,306,306,0
29,5438,2,323,323,0
30,5544,2,333,333,0
31,5672,3,340,340,0
32,5798,3,344,344,0
33,5899,3,353,353,0
34,6004,3,369,369,0
35,6110,3,375,375,0
36,6228,4,387,387,0
37,6350,2,388,388,0
38,6462,3,393,393,0
39,6571,4,407,407,0
40,6705,5,409,409,0
41,6820,4,412,412,0
42,6949,4,420,420,0
43,7070,6,424,424,0
44,7242,7,427,427,0
45,7379,6,434,434,0
46,7525,3,445,445,0
47,7649,5,452,452,0
48,7735,3,460,460,0
49,7851,3,466,466,0
50,7960,4,468,468,0
51,8051,4,485,485,0
52,8169,4,492,492,0
53,8269,3,501,501,0
54,8361,6,517,517,0
55,8446,4,520,520,0
56,8525,3,535,535,0
57,8643,5,546,546,0
58,8758,4,568,568,0
59,8844,4,569,569,0
60,8965,6,573,573,0
61,9136,4,579,579,0
62,9240,4,588,588,0
63,9332,4,593,593,0
64,9444,4,610,610,0
65,9535,4,615,615,0
66,9642,6,626,626,0
67,9727,4,629,629,0
68,9848,4,642,642,0
69,9948,5,646,646,0
70,10055,4,666,666,0
71,10156,4,671,671,0
72,10263,5,672,672,0
73,10355,5,680,680,0
74,10460,4,696,696,0
75,10561,5,699,699,0
76,10670,6,715,715,0
77,10784,5,728,728,0
78,10913,8,737,737,0
79,11037,8,742,742,0
80,11149,6,766,766,0
81,11241,11,778,778,0
82,11365,8,796,796,0
83,11833,5,807,807,0
84,11931,5,829,829,0
85,12031,5,838,838,0
86,12126,5,848,848,0
87,12206,7,875,875,0
88,12306,5,886,886,0
89,12380,6,900,900,0
90,12466,5,910,910,0
91,12566,10,912,912,0
92,12658,6,925,925,0
93,12761,6,933,933,0
94,12826,7,948,948,0
95,12920,6,950,950,0
96,13024,6,953,953,0
97,13121,6,954,954,0
98,13209,7,964,964,0
99,13298,6,967,967,0
100,13383,7,978,978,0
101,13519,6,979,979,0
102,13619,7,986,986,0
103,13722,6,991,991,0
104,13796,8,996,996,0
105,13947,65,1003,1003,0
106,14040,7,1021,1021,0
107,14128,7,1026,1026,0
108,14240,6,1031,1031,0
109,14321,9,1032,1032,0
110,14419,8,1054,1054,0
111,14511,7,1081,1081,0
112,14637,9,1083,1083,0
113,14748,7,1098,1098,0
114,14830,7,1105,1105,0
115,14938,7,1115,1115,0
116,15027,7,1127,1127,0
117,15108,7,1133,1133,0
118,15200,8,1142,1142,0
119,15294,7,1146,1146,0
120,15402,7,1150,1150,0
121,15492,8,1168,1168,0
122,15612,8,1170,1170,0
123,15711,8,1178,1178,0
124,15825,8,1183,1183,0
125,15921,7,1201,1201,0
126,16017,7,1203,1203,0
127,16152,8,1205,1205,0
128,16232,8,1210,1210,0
129,16340,8,1219,1219,0
130,16437,13,1233,1233,0
131,16557,11,1237,1237,0
132,16662,12,1238,1238,0
133,16848,60,1246,1246,0
134,17250,146,1250,1250,0
135,17349,9,1256,1256,0
136,17431,8,1260,1260,0
137,17541,8,1266,1266,0
138,17628,8,1284,1284,0
139,17711,8,1300,1300,0
140,17796,9,1300,1300,0
141,17901,8,1312,1312,0
142,18015,9,1317,1317,0
143,18111,9,1324,1324,0
144,18212,9,1329,1329,0
145,18304,11,1330,1330,0
146,18391,10,1333,1333,0
147,18533,9,1336,1336,0
148,18651,10,1347,1347,0
149,18748,10,1350,1350,0
150,18831,9,1357,1357,0
151,18920,10,1363,1363,0
152,19018,9,1376,1376,0
153,19113,9,1380,1380,0
154,19198,10,1385,1385,0
155,19290,8,1409,1409,0
156,19381,9,1418,1418,0
157,19485,10,1421,1421,0
158,19588,10,1437,1437,0
159,19688,9,1437,1437,0
160,19764,9,1441,1441,0
161,19868,9,1453,1453,0
162,20118,79,1463,1463,0
163,20423,67,1476,1476,0
164,21306,702,1477,1477,0
165,21390,13,1482,1482,0
166,21509,18,1487,1487,0
167,21602,10,1491,1491,0
168,21709,12,1515,1515,0
169,21791,9,1521,1521,0
170,21883,10,1525,1525,0
171,21983,11,1528,1528,0
172,22080,12,1531,1531,0
173,22174,10,1535,1535,0
174,22277,10,1540,1540,0
175,22363,11,1559,1559,0
176,22452,10,1562,1562,0
177,22572,11,1570,1570,0
178,22658,10,1578,1578,0
179,22743,12,1582,1582,0
180,22826,11,1605,1605,0
181,22916,11,1615,1615,0
182,22995,11,1627,1627,0
183,23081,11,1635,1635,0
184,23167,11,1638,1638,0
185,23268,11,1645,1645,0
186,23378,11,1652,1652,0
187,23471,11,1652,1652,0
188,23557,12,1658,1658,0
189,23638,12,1674,1674,0
190,23731,11,1676,1676,0
191,23832,12,1689,1689,0
192,23933,12,1691,1691,0
193,24019,12,1697,1697,0
194,24128,11,1701,1701,0
195,24205,12,1713,1713,0
196,24346,22,1717,1717,0
197,24437,12,1730,1730,0
198,24580,21,1736,1736,0
199,24727,32,1742,1742,0
200,24880,26,1748,1748,0
201,25118,15,1751,1751,0
202,25204,11,1755,1755,0
203,25278,12,1764,1764,0
204,25386,12,1780,1780,0
205,25475,12,1786,1786,0
206,25567,11,1790,1790,0
207,25647,12,1804,1804,0
208,25742,12,1807,1807,0
209,25826,15,1814,1814,0
210,25936,12,1822,1822,0
211,26015,12,1827,1827,0
212,26104,12,1830,1830,0
213,26216,19,1843,1843,0
214,26315,14,1847,1847,0
215,26410,15,1860,1860,0
216,26495,13,1862,1862,0
217,26587,12,1866,1866,0
218,26687,13,1871,1871,0
219,26796,14,1879,1879,0
220,26898,12,1887,1887,0
221,26984,13,1892,1892,0
222,27077,13,1895,1895,0
223,27186,14,1900,1900,0
224,27283,13,1908,1908,0
225,27387,20,1913,1913,0
226,27492,19,1922,1922,0
227,27634,13,1923,1923,0
228,27738,13,1928,1928,0
229,27819,14,1932,1932,0
230,27916,15,1935,1935,0
231,28020,14,1942,1942,0
232,28097,14,1966,1966,0
233,28179,15,1970,1970,0
234,28269,14,1972,1972,0
235,28442,98,1972,1972,0
236,28536,12,1977,1977,0
237,28634,13,1990,1990,0
238,28741,13,2000,2000,0
239,28835,22,2007,2007,0
240,28968,14,2016,2016,0
241,29058,13,2020,2020,0
242,29137,12,2022,2022,0
243,29223,13,2023,2023,0
244,29333,13,2035,2035,0
245,29427,13,2038,2038,0
246,29510,13,2048,2048,0
247,29603,13,2062,2062,0
248,29695,14,2073,2073,0
249,29788,14,2073,2073,0
250,29890,14,2077,2077,0
251,30007,14,2082,2082,0
252,30128,16,2091,2071,11
253,30245,16,2098,2051,25
254,30356,14,2109,2023,46
255,30475,15,2122,2007,61
256,30583,18,2127,1976,76
257,30690,16,2129,1960,87
258,30793,14,2139,1932,106
259,30891,14,2145,1888,139
260,30999,15,2148,1845,175
261,31124,16,2155,1819,197
262,31241,14,2161,1819,197
263,31342,15,2176,1826,199
264,31452,15,2178,1795,223
265,31552,17,2191,1792,236
266,32705,53,1876,1609,11
267,32823,15,1894,1576,46
268,32945,12,1899,1551,70
269,33043,12,1909,1544,81
270,33144,13,1927,1541,96
271,33262,12,1932,1521,114
272,33367,13,1934,1506,123
273,33474,13,1937,1475,151
274,33586,14,1941,1451,174
275,33709,16,1953,1446,180
276,33822,16,1961,1419,211
277,33919,13,1985,1411,225
278,34038,15,1989,1394,241
279,34149,15,1994,1377,258
280,34242,16,2012,1365,288
281,34364,13,2030,1369,301
282,34455,15,2044,1355,319
283,34556,15,2058,1336,342
284,34655,15,2073,1320,367
285,34774,16,2085,1311,382
286,34891,15,2093,1311,389
287,35018,15,2108,1294,415
288,35255,74,1688,1244,36
289,35360,12,1697,1227,55
290,35484,15,1714,1228,68
291,35575,12,1716,1216,78
292,35679,13,1728,1197,106
293,35782,13,1763,1216,120
294,35882,15,1768,1211,128
295,36051,70,1771,1184,145
296,36163,12,1772,1176,157
297,36258,12,1779,1176,159
298,36364,12,1787,1163,173
299,36454,12,1794,1158,180
300,36549,13,1801,1154,186
301,36640,11,1813,1147,202
302,36740,12,1820,1149,205
303,36838,12,1824,1141,213
304,36925,13,1827,1124,227
305,37027,13,1835,1126,233
306,37132,13,1849,1129,237
307,37244,13,1851,1115,252
308,37348,13,1865,1099,267
309,37447,14,1869,1099,269
310,37560,14,1871,1090,272
311,37700,21,1609,1074,24
312,37803,15,1614,1067,41
313,37884,12,1615,1062,47
314,37986,12,1626,1058,57
315,38075,12,1632,1057,58
316,38173,11,1637,1053,64
317,38283,12,1642,1053,78
318,38363,12,1645,1053,83
319,38460,14,1652,1052,87
320,38571,12,1657,1036,112
321,38669,14,1666,1035,120
322,38755,12,1680,1039,124
323,38864,12,1691,1047,127
324,38950,13,1714,1049,140
325,39042,13,1730,1053,147
326,39133,12,1747,1062,152
327,39233,13,1754,1051,170
328,39404,12,1759,1046,179
329,39483,12,1773,1047,195
330,39564,12,1785,1058,194
331,39643,12,1799,1055,204
332,39740,14,1805,1042,210
333,39856,15,1812,1034,228
334,39952,12,1814,1015,247
335,40046,12,1827,1021,250
336,40185,23,1597,1024,15
337,40288,12,1604,1008,36
338,40399,11,1634,1030,44
339,40491,16,1636,1024,51
340,40592,12,1642,1011,66
341,40697,12,1645,990,90
342,40799,12,1662,991,103
343,40928,13,1684,1001,111
344,41043,12,1692,999,120
345,41136,12,1696,1000,127
346,41227,13,1701,991,143
347,41322,13,1700,987,146
348,41417,11,1720,1005,144
349,41489,13,1735,1019,144
350,41578,12,1749,1035,139
351,41669,13,1756,1042,137
352,41765,12,1756,1044,135
353,41869,12,1766,1037,152
354,41966,12,1791,1037,172
355,42056,13,1802,1037,187
356,42160,16,1803,1036,190
357,42267,14,1810,1036,199
358,42342,14,1817,1041,201
359,42446,14,1824,1039,214
360,42680,11,1825,1011,237
361,42816,17,1593,1007,8
362,42910,11,1601,1006,18
363,42993,11,1609,1013,21
364,43108,10,1613,997,35
365,43191,10,1620,999,48
366,43281,11,1626,999,55
367,43371,11,1626,996,59
368,43474,11,1628,988,65
369,43565,11,1647,1004,65
370,43660,12,1654,995,78
371,43746,11,1674,1010,84
372,43845,12,1679,999,102
373,43925,12,1692,1010,102
374,44021,13,1703,1015,108
375,44105,12,1712,1019,111
376,44179,12,1720,1019,116
377,44268,12,1727,1014,133
378,44360,12,1739,1015,139
379,44448,12,1747,1014,149
380,44555,12,1752,1013,153
381,44645,13,1757,1009,161
382,44745,12,1762,1007,172
383,44837,12,1778,1018,171
384,44929,13,1787,1010,191
385,45022,13,1804,1017,200
386,45195,56,1613,1011,14
387,45277,12,1624,1012,20
388,45361,12,1633,1011,27
389,45450,13,1640,1014,32
390,45533,11,1642,1014,31
391,45719,11,1662,1023,36
392,45817,11,1677,1030,40
393,45913,13,1681,1030,47
394,46012,12,1690,1018,64
395,46102,12,1695,1016,67
396,46183,14,1704,1016,76
397,46284,11,1711,1021,79
398,46375,12,1725,1035,77
399,46456,12,1730,1038,77
400,46539,12,1747,1044,80
401,46628,13,1759,1043,94
402,46722,12,1769,1049,97
403,46820,14,1768,1050,94
404,46917,15,1771,1045,107
405,47009,14,1782,1052,114
406,47112,12,1793,1063,113
407,47196,13,1796,1066,111
408,47291,13,1807,1069,118
409,47385,14,1815,1075,120
410,47461,12,1822,1074,126
411,47622,66,1692,1067,0
412,47708,12,1702,1068,20
413,47797,12,1710,1063,22
414,47898,11,1711,1054,32
415,48001,13,1714,1051,42
416,48095,12,1719,1052,47
417,48179,12,1726,1050,58
418,48314,14,1737,1054,69
419,48401,13,1743,1056,69
420,48488,13,1752,1055,75
421,48585,12,1759,1055,76
422,50017,12,1765,957,218
423,50207,77,1551,961,0
424,50295,10,1553,957,2
425,50383,12,1570,969,4
426,50475,11,1576,973,8
427,50554,12,1593,984,10
428,50631,11,1602,992,10
429,50717,11,1618,1005,10
430,50816,11,1625,1011,10
431,50904,11,1633,1018,10
432,51002,11,1643,1024,10
433,51093,11,1653,1030,10
434,51179,12,1661,1037,10
435,51268,11,1672,1047,10
436,51347,12,1674,1047,14
437,51453,12,1683,1044,37
438,51536,12,1687,1044,41
439,51631,12,1705,1057,47
440,51736,11,1716,1068,47
441,51830,11,1716,1066,49
442,51917,12,1721,1066,51
443,52017,12,1728,1066,63
444,52103,13,1736,1065,66
445,52191,13,1744,1070,68
446,52303,17,1749,1068,73
447,52427,16,1765,1075,80
448,52523,13,1770,1074,85
449,52671,65,1690,1074,3
450,52836,58,1700,1074,15
451,52953,12,1712,1082,21
452,53046,12,1716,1082,26
453,53139,11,1721,1085,26
454,53241,11,1730,1090,28
455,53337,12,1739,1083,37
456,53424,12,1756,1087,47
457,53522,11,1760,1089,47
458,53621,13,1781,1101,54
459,53723,13,1805,1114,56
460,53823,13,1809,1114,59
461,53920,12,1812,1115,59
462,53992,13,1815,1120,55
463,54079,12,1827,1127,56
464,54163,12,1830,1126,64
465,54256,14,1839,1131,70
466,54333,14,1850,1131,75
467,54434,17,1876,1150,83
468,54507,14,1890,1160,85
469,54692,17,1903,1159,99
470,54786,17,1901,1156,94
471,54885,29,1917,1167,95
472,54988,14,1938,1188,95
473,55111,20,1844,1185,1
474,55201,17,1847,1185,4
475,55292,14,1859,1193,4
476,55380,14,1866,1196,4
477,55497,15,1877,1202,7
478,55745,19,1887,1199,22
479,55871,17,1896,1198,29
480,56077,15,1900,1195,35
481,56185,17,1916,1206,39
482,56294,16,1927,1207,44
483,56395,14,1932,1209,44
484,56515,16,1938,1210,51
485,56608,15,1939,1206,52
486,56719,18,1946,1210,55
487,56818,16,1950,1209,57
488,56916,17,1950,1200,67
489,57019,16,1951,1199,74
490,57126,17,1955,1196,77
491,57220,17,1964,1202,80
492,57350,25,1985,1222,84
493,57464,19,2014,1247,85
494,57647,68,1929,1236,7
495,57726,14,1930,1232,12
496,57828,16,1942,1243,12
497,57924,14,1947,1242,12
498,58024,16,1953,1246,15
499,58130,14,1957,1250,15
500,58234,14,1964,1255,17
501,58325,18,1972,1262,14
502,58420,16,1987,1271,14
503,58512,15,2001,1285,14
504,58642,17,2022,1301,23
505,58769,21,2028,1302,27
506,58884,16,2037,1303,30
507,58996,15,2043,1302,36
508,59209,18,2046,1285,63
509,59336,26,2051,1288,63
510,59446,14,2053,1285,65
511,59564,14,2056,1285,72
512,59679,24,2071,1292,80
513,59777,19,2072,1288,85
514,59898,18,2085,1291,97
515,60011,15,2089,1280,117
516,60176,55,1978,1206,90
517,60290,16,1987,1167,155
518,60408,15,1997,1148,197
519,60559,54,2000,1113,244
520,60659,16,2024,1128,246
521,60777,17,2035,1110,290
522,60865,17,2052,1101,322
523,60979,15,2063,1078,359
524,61086,18,2076,1039,415
525,61220,18,2077,1010,452
526,61314,15,2080,1000,468
527,61425,16,2100,1002,498
528,61527,17,2108,1000,514
529,61635,19,2114,996,526
530,61742,16,2127,1009,523
531,61832,17,2135,1017,523
532,61939,18,2150,1032,516
533,62036,19,2172,1054,514
534,62144,16,2176,1058,514
535,62381,153,2177,1061,512
536,62505,17,2183,1065,512
537,62696,39,1683,1073,9
538,62780,13,1685,1071,22
539,62878,12,1701,1086,22
540,62966,12,1714,1087,36
541,63080,15,1719,1067,58
542,63189,14,1731,1056,79
543,63298,14,1735,1046,97
544,63406,14,1738,1047,98
545,63512,13,1746,1048,102
546,63619,15,1761,1047,122
547,63728,16,1767,1041,136
548,63825,16,1775,1046,142
549,63927,15,1781,1033,166
550,64028,15,1801,1047,174
551,64127,15,1817,1042,200
552,64222,14,1828,1046,213
553,64323,14,1843,1057,211
554,64427,14,1852,1061,213
555,64538,16,1866,1063,227
556,64638,15,1875,1067,232
557,64738,17,1887,1075,234
558,64880,18,1895,1071,252
559,65012,17,1908,1069,260
560,65365,70,1662,1057,30
561,65452,15,1670,1052,46
562,65572,15,1679,1043,59
563,65660,17,1689,1037,81
564,65763,14,1706,1034,113
565,65862,13,1711,1036,116
566,65946,12,1733,1052,119
567,66062,16,1740,1050,125
568,66186,14,1742,1024,163
569,66284,15,1753,1010,188
570,66390,15,1765,1014,191
571,66484,13,1773,1017,198
572,66581,14,1786,1027,201
573,66688,15,1803,1027,222
574,66788,15,1816,1034,230
575,66892,15,1819,1026,244
576,67005,14,1827,1019,258
577,67109,14,1838,1015,270
578,67187,13,1848,1021,270
579,67287,15,1851,1013,285
580,67394,16,1857,1015,289
581,67488,15,1863,1010,303
582,67721,94,1560,998,15
583,67823,14,1567,986,38
584,67928,14,1569,980,44
585,68032,11,1580,965,65
586,68140,13,1584,965,71
587,68446,11,1592,934,116
588,68571,15,1590,926,118
589,68677,17,1593,918,138
590,68778,15,1607,932,138
591,68863,12,1611,935,140
592,68959,13,1625,941,142
593,69063,15,1631,936,162
594,69172,12,1636,930,175
595,69274,13,1636,919,193
596,69372,17,1647,930,192
597,69476,13,1655,932,196
598,69572,14,1664,932,211
599,69691,14,1675,935,220
600,69796,16,1676,933,226
601,69905,18,1693,937,239
602,70027,22,1706,943,245
603,70248,78,1478,938,24
604,70345,13,1491,933,47
605,70432,11,1500,936,57
606,70525,12,1512,933,73
607,70626,14,1516,933,78
608,70724,12,1525,924,94
609,70849,14,1543,928,100
610,70943,14,1546,927,110
611,71225,12,1553,903,149
612,71308,13,1554,902,154
613,71396,11,1565,897,171
614,71490,11,1569,896,174
615,71594,13,1579,899,181
616,71674,14,1583,897,192
617,71751,12,1594,890,209
618,71857,16,1596,889,212
619,71943,14,1610,895,222
620,72039,13,1617,898,231
621,72135,12,1627,906,231
622,72238,14,1632,907,233
623,72376,13,1637,908,236
624,72465,14,1650,918,237
625,72692,81,1416,921,0
626,72785,12,1423,925,0
627,72876,14,1427,922,8
628,72967,11,1435,924,13
629,73053,12,1446,926,21
630,73146,12,1462,932,23
631,73244,12,1472,937,27
632,73332,11,1480,934,42
633,73450,13,1491,938,47
634,73547,11,1501,933,58
635,73651,13,1509,940,61
636,73926,16,1511,925,75
637,74026,13,1518,925,78
638,74114,11,1525,921,84
639,74225,13,1528,916,86
640,74310,10,1533,919,86
641,74399,11,1541,914,98
642,74486,11,1552,919,99
643,74593,12,1557,921,102
644,74693,12,1561,919,107
645,74782,11,1572,925,112
646,74864,11,1576,914,116
647,74958,11,1588,911,129
648,75038,9,1605,921,132
649,75162,20,1475,909,12
650,75259,11,1488,916,12
651,75348,11,1496,912,27
652,75445,12,1504,914,35
653,75542,13,1508,910,49
654,75628,13,1515,914,49
655,75731,12,1520,918,49
656,75811,15,1521,906,60
657,75913,12,1524,907,63
658,76016,12,1532,912,71
659,76101,12,1553,919,84
660,76180,12,1563,921,92
661,76475,12,1573,926,95
662,76561,12,1582,927,100
663,76673,13,1591,927,104
664,76751,13,1591,923,110
665,76840,15,1598,928,110
666,76944,12,1602,924,116
667,77070,16,1610,923,127
668,77172,13,1617,922,137
669,77262,12,1618,920,142
670,77348,12,1634,935,140
671,77444,12,1639,939,140
672,77539,21,1646,942,141
673,77708,70,1518,945,7
674,77822,12,1527,945,13
675,77919,12,1545,953,26
676,78018,11,1557,943,47
677,78108,13,1573,957,48
678,78191,12,1580,954,60
679,78295,11,1584,955,65
680,78393,15,1601,966,66
681,78496,13,1606,968,67
682,78592,14,1620,979,71
683,78696,15,1626,985,71
684,78783,13,1630,989,71
685,80692,14,1640,961,103
686,80822,22,1543,950,18
687,80914,13,1547,950,22
688,81021,12,1560,956,23
689,81111,12,1567,958,28
690,81184,11,1571,959,37
691,81269,11,1575,955,37
692,81373,15,1602,979,37
693,81482,16,1610,975,42
694,81580,13,1616,976,45
695,81652,13,1617,972,50
696,81739,14,1631,979,55
697,81852,14,1643,979,74
698,81976,17,1649,977,87
699,82073,11,1662,983,95
700,82167,11,1671,990,98
701,82253,14,1684,997,103
702,82352,15,1693,995,112
703,82433,12,1724,1024,112
704,82541,13,1735,1028,120
705,82658,19,1628,1039,3
706,82744,14,1638,1044,10
707,82841,14,1648,1048,13
708,82935,15,1659,1048,20
709,83117,14,1674,1054,23
710,83237,17,1681,1053,27
711,83344,15,1685,1049,33
712,83422,13,1687,1050,34
713,83517,12,1702,1063,37
714,83627,16,1711,1064,40
715,83728,11,1723,1061,51
716,83847,15,1728,1065,50
717,83944,14,1732,1064,55
718,84049,13,1750,1076,57
719,84153,13,1757,1073,69
720,84256,16,1764,1077,72
721,84356,14,1766,1076,77
722,84480,16,1778,1087,77
723,84585,14,1779,1088,77
724,84700,13,1777,1084,87
725,84813,15,1798,1103,87
726,84899,15,1807,1107,88
727,85010,16,1811,1109,88
728,85220,79,1731,1113,2
729,85319,13,1739,1109,11
730,85439,16,1755,1115,16
731,85540,15,1756,1113,17
732,85658,19,1762,1117,19
733,85863,14,1764,1106,37
734,85968,14,1770,1104,39
735,86063,13,1772,1106,39
736,86156,13,1776,1105,40
737,86245,14,1784,1110,43
738,86329,15,1791,1104,46
739,86414,16,1808,1109,60
740,86525,17,1819,1113,63
741,86629,17,1832,1117,73
742,86730,14,1842,1125,73
743,86837,15,1839,1121,78
744,86944,16,1849,1127,79
745,87045,17,1854,1125,88
746,87175,16,1858,1126,98
747,87263,14,1880,1147,98
748,87375,24,1896,1158,103
749,87492,14,1915,1173,107
750,87685,74,1811,1176,2
751,87788,14,1828,1180,16
752,87887,14,1835,1182,20
753,87994,14,1850,1191,28
754,88095,14,1856,1192,33
755,88211,23,1873,1192,45
756,88384,19,1875,1187,49
757,88502,13,1883,1185,65
758,88604,14,1903,1191,75
759,88675,14,1905,1192,77
760,88772,15,1939,1219,84
761,88855,14,1942,1216,89
762,88947,13,1949,1214,97
763,89037,13,1950,1211,101
764,89118,14,1956,1214,101
765,89199,14,1958,1214,101
766,89274,14,1961,1214,106
767,89348,14,1966,1217,107
768,89436,16,1977,1223,114
769,89529,14,1982,1228,114
770,89630,14,1998,1237,116
771,89750,15,2006,1239,119
772,89836,15,2016,1246,124
773,89926,15,2019,1249,124
774,90027,16,2022,1243,136
775,90159,18,1894,1214,37
776,90269,15,1900,1181,79
777,90368,14,1914,1185,92
778,90474,15,1927,1170,127
779,90675,13,1941,1154,157
780,90782,15,1945,1128,191
781,90909,14,1953,1109,219
782,91012,14,1969,1113,231
783,91115,14,1974,1096,256
784,91217,14,1978,1094,266
785,91315,13,1986,1074,313
786,91421,16,1995,1069,330
787,91532,15,2001,1054,362
788,91634,15,2007,1047,378
789,91735,14,2015,1044,390
790,91846,13,2029,1048,400
791,91945,17,2062,1068,409
792,92060,15,2067,1063,423
793,92168,15,2072,1056,434
794,92266,16,2085,1048,457
795,92354,15,2093,1056,457
796,92470,16,2104,1056,466
797,92743,16,2108,1044,493
798,92915,18,1639,1040,29
799,93016,12,1654,1046,43
800,93210,11,1669,1035,66
801,93352,20,1680,1029,82
802,93458,12,1688,1027,87
803,93551,13,1700,1036,93
804,93663,12,1706,1028,109
805,93772,14,1710,1018,134
806,93880,12,1724,1005,161
807,93983,13,1738,1003,176
808,94082,12,1745,1005,183
809,94173,12,1757,1007,191
810,94266,12,1770,1015,196
811,94381,16,1774,992,226
812,94486,13,1783,995,231
813,94575,16,1790,995,232
814,94670,13,1792,986,246
815,94750,13,1793,979,264
816,94876,13,1799,979,264
817,94980,14,1801,980,265
818,95163,53,1533,970,13
819,95272,12,1541,977,13
820,95363,12,1569,1001,12
821,95457,11,1575,998,24
822,95562,17,1581,982,51
823,95659,13,1590,989,55
824,95830,12,1605,987,74
825,95930,12,1611,985,81
826,96014,12,1637,1005,86
827,96095,12,1642,1008,92
828,96189,12,1659,1012,103
829,96279,13,1669,1017,112
830,96382,13,1681,1023,117
831,96489,12,1703,1028,141
832,96606,13,1711,1023,156
833,96719,13,1717,1021,168
834,96803,12,1721,1016,175
835,96904,12,1739,1025,180
836,97000,13,1744,1022,193
837,97099,14,1758,1024,211
838,97185,13,1761,1017,222
839,97280,14,1781,1022,240
840,97374,12,1786,1023,247
841,97478,13,1796,1015,269
842,97667,78,1529,1012,2
843,97765,13,1542,1023,5
844,97870,13,1563,1030,18
845,97960,13,1567,1022,32
846,98048,13,1568,1013,42
847,98147,12,1582,1020,45
848,98328,12,1587,1023,45
849,98416,12,1605,1033,58
850,98537,12,1619,1029,69
851,98613,11,1625,1033,70
852,98698,12,1633,1032,84
853,98779,12,1651,1032,101
854,98869,12,1660,1036,108
855,98974,13,1677,1047,116
856,99060,12,1680,1045,124
857,99147,11,1686,1048,124
858,99245,13,1694,1031,145
859,99359,15,1696,1027,152
860,99442,15,1713,1036,155
861,99543,14,1730,1039,171
862,99644,12,1738,1028,189
863,99738,12,1744,1033,190
864,99840,13,1761,1037,206
865,99941,13,1767,1037,212
866,100030,11,1773,1028,236
867,100291,59,1547,1031,7
868,100387,11,1558,1032,12
869,100479,12,1569,1031,22
870,100585,11,1582,1040,26
871,100694,15,1602,1048,33
872,100898,119,1605,1048,36
873,100986,11,1613,1047,38
874,101070,11,1623,1057,38
875,101169,11,1626,1058,40
876,101248,13,1629,1057,47
877,101338,11,1634,1050,60
878,101432,12,1654,1046,82
879,101519,13,1659,1051,82
880,101603,12,1661,1051,84
881,101681,12,1670,1058,84
882,101783,18,1681,1069,84
883,101884,16,1697,1083,86
884,102000,13,1701,1082,86
885,102100,14,1718,1086,106
886,102196,13,1725,1086,112
887,102291,13,1731,1082,118
888,102392,13,1735,1074,135
889,102494,14,1737,1070,135
890,102625,19,1601,1069,3
891,102737,13,1615,1072,11
892,102828,16,1622,1076,13
893,102921,13,1637,1078,29
894,103041,12,1650,1078,40
895,103153,13,1653,1078,43
896,103241,13,1662,1078,52
897,103345,13,1664,1082,50
898,103563,128,1675,1083,61
899,103648,12,1686,1076,82
900,103747,12,1701,1091,81
901,103867,11,1704,1086,85
902,103974,13,1709,1073,104
903,104059,14,1721,1077,112
904,104172,15,1730,1073,120
905,104280,12,1733,1071,120
906,104378,13,1734,1059,132
907,104465,12,1735,1056,133
908,104549,12,1741,1054,142
909,104639,13,1762,1066,149
910,104720,12,1777,1076,152
911,104822,14,1784,1081,152
912,104921,13,1786,1073,160
913,105008,14,1790,1075,168
914,105149,18,1638,1078,10
915,105237,12,1660,1088,18
916,105326,12,1663,1082,27
917,105435,23,1669,1077,40
918,105534,13,1692,1093,45
919,105649,13,1710,1103,52
920,105750,13,1724,1112,54
921,105843,13,1732,1118,53
922,105949,15,1744,1124,58
923,106032,13,1754,1117,82
924,106246,13,1763,1114,90
925,106344,12,1764,1115,90
926,106445,13,1768,1117,91
927,106538,14,1771,1115,98
928,106635,13,1770,1111,97
929,106739,18,1786,1121,102
930,106844,14,1798,1131,105
931,106941,14,1803,1118,126
932,107017,13,1804,1111,135
933,107103,12,1814,1111,142
934,107223,22,1825,1120,145
935,107315,15,1835,1129,145
936,107405,16,1837,1119,159
937,107490,14,1852,1130,164
938,107671,81,1694,1129,7
939,107768,14,1697,1115,27
940,107881,15,1719,1127,42
941,107978,15,1721,1120,54
942,108075,14,1722,1116,55
943,108158,13,1743,1134,60
944,108257,13,1753,1137,60
945,108585,251,1769,1141,68
946,108689,14,1777,1121,93
947,108789,19,1778,1121,93
948,108892,17,1782,1123,97
949,108990,14,1794,1135,97
950,109095,16,1796,1137,96
951,109195,16,1806,1151,92
952,109309,13,1821,1165,92
953,109397,14,1844,1187,92
954,109496,14,1848,1191,92
955,109581,14,1855,1198,91
956,109668,13,1858,1201,91
957,109764,14,1872,1211,91
958,109862,16,1891,1230,89
959,109968,17,1896,1235,89
960,110116,47,1812,1239,0
961,110200,14,1827,1252,0
962,110285,15,1839,1259,0
963,110387,15,1852,1270,0
964,110483,15,1855,1273,0
965,110587,14,1873,1291,0
966,110683,14,1877,1295,0
967,111012,15,1880,1274,19
968,111112,14,1889,1278,24
969,111217,19,1905,1291,28
970,111388,24,1911,1276,50
971,111498,15,1914,1276,53
972,111616,15,1920,1275,55
973,111725,18,1922,1277,55
974,111815,13,1925,1266,74
975,111919,15,1940,1268,78
976,112008,13,1951,1267,89
977,112101,15,1962,1269,99
978,112189,15,1985,1283,100
979,112280,16,1984,1278,100
980,112364,15,1988,1278,100
981,112473,16,1991,1279,102
982,112656,75,1891,1276,7
983,112749,17,1892,1270,19
984,112852,15,1901,1272,24
985,114808,14,1908,1194,116
986,114914,14,1915,1200,116
987,115005,14,1917,1199,118
988,115177,69,1807,1203,6
989,115248,13,1814,1208,6
990,115353,19,1821,1212,10
991,115450,15,1828,1216,18
992,115538,17,1844,1227,22
993,115629,15,1847,1217,37
994,115726,12,1853,1222,37
995,115822,13,1863,1230,39
996,115919,15,1871,1237,40
997,116023,14,1883,1242,43
998,116146,14,1884,1235,46
999,116234,15,1890,1233,47
1000,116342,15,1906,1246,52
1001,116433,14,1909,1243,53
1002,116526,12,1921,1245,60
1003,116677,19,1933,1246,67
1004,116751,15,1945,1253,72
1005,116852,15,1946,1248,76
1006,116946,14,1951,1248,84
1007,117047,15,1958,1255,82
1008,117160,20,1962,1256,86
1009,117268,16,1970,1259,88
1010,117367,16,1983,1265,93
1011,117450,15,1993,1271,93
1012,117536,20,2006,1281,96
1013,117704,73,1930,1292,6
1014,117792,15,1961,1317,13
1015,117878,15,1975,1324,15
1016,117969,17,1978,1315,28
1017,118056,13,1984,1318,31
1018,118159,15,1993,1314,48
1019,118246,15,1997,1314,48
1020,118345,19,2013,1325,47
1021,118539,15,2025,1328,52
1022,118628,16,2037,1334,59
1023,118733,16,2041,1330,67
1024,118809,16,2051,1340,67
1025,118897,15,2058,1342,76
1026,119002,16,2069,1348,76
1027,119082,17,2075,1344,79
1028,119170,15,2078,1347,79
1029,119263,15,2085,1347,83
1030,119372,15,2088,1353,80
1031,119477,15,2094,1358,83
1032,119567,16,2103,1362,88
1033,119686,17,2105,1360,91
1034,119795,23,2118,1370,93
1035,119902,20,2133,1373,101
1036,120011,15,2141,1359,127
1037,120392,67,2018,1257,131
1038,120607,20,2023,1235,160
1039,120737,18,2037,1222,187
1040,120864,16,2044,1191,234
1041,120984,16,2048,1184,249
1042,121132,21,2051,1166,274
1043,121246,17,2069,1142,316
1044,121360,15,2092,1153,328
1045,121485,17,2092,1123,359
1046,121594,15,2107,1130,363
1047,121680,16,2116,1119,385
1048,121781,17,2129,1121,393
1049,121896,17,2147,1104,428
1050,122001,15,2147,1078,468
1051,122117,17,2161,1077,489
1052,122226,18,2172,1060,519
1053,122331,17,2171,1041,541
1054,122436,18,2180,1011,578
1055,122654,120,2182,984,619
1056,122955,120,1571,975,14
1057,123070,12,1587,972,38
1058,123161,12,1591,970,49
1059,123264,12,1594,971,52
1060,123383,13,1601,958,70
1061,123486,12,1607,941,97
1062,123596,14,1620,931,113
1063,123697,13,1630,927,117
1064,123797,14,1632,907,141
1065,123875,12,1636,898,151
1066,123972,11,1643,894,165
1067,124098,14,1647,879,192
1068,124209,14,1651,874,201
1069,124300,14,1663,864,226
1070,124399,13,1670,860,239
1071,124494,14,1681,867,250
1072,124608,16,1705,872,267
1073,124726,15,1714,873,274
1074,124918,14,1727,849,311
1075,125035,20,1728,847,313
1076,125230,85,1434,854,19
1077,125322,12,1437,849,22
1078,125411,11,1452,854,33
1079,125501,12,1456,832,69
1080,125609,13,1470,842,75
1081,125727,15,1478,846,79
1082,125828,13,1495,858,85
1083,125935,13,1499,859,87
1084,126042,12,1522,868,100
1085,126145,14,1531,859,118
1086,126253,17,1535,850,134
1087,126351,15,1542,851,141
1088,126436,12,1545,844,151
1089,126537,17,1555,851,155
1090,126637,13,1565,848,167
1091,126741,11,1583,863,169
1092,126842,11,1600,878,167
1093,126942,14,1616,886,175
1094,127131,96,1620,875,194
1095,127231,15,1627,870,206
1096,127337,13,1640,867,218
1097,127420,12,1647,873,217
1098,127504,11,1659,882,221
1099,127796,47,1452,863,44
1100,127907,11,1455,855,52
1101,128021,18,1456,852,61
1102,128130,14,1464,849,73
1103,128230,15,1467,843,84
1104,128342,12,1478,847,95
1105,128463,15,1484,840,111
1106,128598,14,1485,840,114
1107,128707,11,1494,838,120
1108,128801,12,1498,839,126
1109,128891,11,1501,840,126
1110,128981,13,1505,844,124
1111,129065,14,1522,856,125
1112,129165,17,1522,839,151
1113,129267,14,1534,846,155
1114,129348,11,1555,850,178
1115,129574,13,1563,846,188
1116,129693,14,1578,850,199
1117,129801,14,1589,855,206
1118,129897,14,1591,850,216
1119,129988,11,1601,837,239
1120,130212,78,1362,835,2
1121,130312,11,1369,838,8
1122,130404,9,1391,857,10
1123,130474,11,1408,866,28
1124,130563,11,1415,867,33
1125,130672,12,1438,877,49
1126,130778,18,1444,869,71
1127,130865,14,1450,875,71
1128,130970,16,1467,878,79
1129,131069,12,1490,896,82
1130,131163,14,1507,894,100
1131,131262,12,1511,887,106
1132,131355,14,1527,898,113
1133,131436,13,1531,896,118
1134,131526,13,1534,897,119
1135,131624,12,1543,897,121
1136,131833,113,1546,891,132
1137,131930,13,1569,893,148
1138,132034,14,1589,900,155
1139,132120,13,1607,914,154
1140,132221,12,1618,909,176
1141,132300,13,1632,906,187
1142,132407,14,1637,906,192
1143,132508,12,1647,910,192
1144,132674,53,1459,902,5
1145,132763,12,1468,898,17
1146,132859,10,1476,902,19
1147,132958,15,1487,909,24
1148,133058,11,1497,910,36
1149,133149,12,1503,911,39
1150,133238,12,1514,914,48
1151,133348,17,1519,912,56
1152,133448,14,1522,913,62
1153,133550,19,1532,921,62
1154,133648,14,1535,920,62
1155,133744,12,1539,913,75
1156,133832,14,1549,914,81
1157,133931,12,1558,920,81
1158,134105,14,1591,949,86
1159,134182,11,1598,950,94
1160,134284,11,1605,952,97
1161,134391,13,1614,944,113
1162,134478,11,1620,943,119
1163,134635,12,1627,943,128
1164,134737,12,1638,951,130
1165,134822,13,1652,961,139
1166,134906,14,1658,954,156
1167,135004,12,1661,953,163
1168,135193,73,1517,964,8
1169,135281,11,1520,953,26
1170,135378,15,1530,958,29
1171,135466,11,1536,961,31
1172,135565,12,1544,969,31
1173,135653,12,1557,960,46
1174,135735,13,1566,960,48
1175,135842,12,1575,959,56
1176,135934,13,1600,978,60
1177,136041,12,1600,977,58
1178,136132,12,1605,983,57
1179,136219,12,1606,980,66
1180,136403,11,1613,970,85
1181,136493,11,1619,973,88
1182,136593,11,1626,968,106
1183,136698,12,1628,966,107
1184,136786,12,1635,964,119
1185,136890,12,1644,959,127
1186,136969,13,1650,961,130
1187,137054,13,1657,961,130
1188,137156,13,1675,972,130
1189,137247,13,1683,977,127
1190,137337,12,1691,981,127
1191,137443,12,1694,982,130
1192,137630,19,1700,994,123
1193,137743,18,1563,976,10
1194,137836,12,1582,989,18
1195,137936,12,1597,1002,18
1196,138035,11,1616,1018,18
1197,138130,12,1621,1020,23
1198,138243,12,1629,1025,23
1199,138343,11,1635,1015,41
1200,138446,13,1645,1024,41
1201,138626,110,1649,1027,41
1202,138715,11,1649,1020,53
1203,138804,12,1654,1023,56
1204,138895,12,1665,1026,62
1205,138986,11,1667,1013,83
1206,139074,12,1674,1014,86
1207,139175,12,1681,1018,88
1208,139253,13,1695,1029,91
1209,139341,11,1708,1039,91
1210,139448,13,1714,1040,97
1211,139553,12,1720,1043,98
1212,139657,12,1723,1039,107
1213,139733,13,1728,1040,117
1214,139838,14,1733,1043,118
1215,139933,12,1734,1038,123
1216,140030,12,1736,1034,129
1217,140201,75,1611,1036,3
1218,140278,13,1627,1047,5
1219,140367,13,1634,1050,10
1220,140455,15,1639,1050,15
1221,140536,11,1641,1044,27
1222,140643,13,1644,1042,30
1223,140731,12,1663,1051,40
1224,140816,13,1667,1061,34
1225,141016,10,1675,1065,38
1226,141097,13,1679,1063,47
1227,141180,14,1683,1065,51
1228,141268,12,1699,1077,50
1229,141368,13,1711,1082,58
1230,141464,12,1720,1089,58
1231,141546,11,1725,1093,58
1232,141658,12,1735,1094,66
1233,141757,12,1739,1095,69
1234,141846,14,1759,1106,79
1235,141936,12,1776,1117,82
1236,142031,15,1780,1113,91
1237,142124,14,1787,1113,98
1238,142215,13,1791,1114,102
1239,142291,13,1798,1116,108
1240,142384,13,1802,1118,111
1241,142474,13,1801,1113,121
1242,142634,71,1677,1110,2
1243,142727,13,1681,1110,2
1244,142821,12,1687,1110,9
1245,142905,13,1689,1109,13
1246,143018,17,1701,1118,13
1247,143140,23,1705,1121,13
1248,143360,147,1711,1125,13
1249,143451,10,1715,1129,13
1250,143546,16,1723,1137,13
1251,143622,12,1735,1148,13
1252,143719,12,1740,1153,13
1253,143816,13,1752,1164,13
1254,143908,13,1759,1171,13
1255,144002,13,1761,1173,13
1256,144114,13,1765,1177,13
1257,144219,12,1779,1186,13
1258,144311,14,1788,1195,13
1259,144425,12,1797,1203,13
1260,144525,21,1808,1214,13
1261,144636,13,1816,1221,13
1262,144734,15,1830,1235,13
1263,144818,14,1843,1245,17
1264,144912,14,1850,1240,28
1265,144997,14,1868,1250,33
1266,145138,39,1846,1256,3
1267,145214,14,1851,1258,5
1268,145301,14,1857,1260,5
1269,145398,15,1863,1263,6
1270,145644,14,1874,1249,31
1271,145760,14,1887,1252,41
1272,145848,13,1890,1251,41
1273,145933,13,1908,1269,41
1274,146032,14,1927,1284,43
1275,146140,14,1933,1279,56
1276,146237,13,1937,1277,64
1277,146329,16,1946,1277,75
1278,146435,14,1947,1274,82
1279,146535,14,1952,1270,95
1280,146622,14,1964,1277,99
1281,146705,14,1983,1294,100
1282,146808,16,1989,1298,102
1283,146910,18,1990,1294,108
1284,147029,19,2003,1305,110
1285,147121,14,2015,1308,115
1286,147221,16,2023,1311,121
1287,147313,15,2034,1319,125
1288,147407,15,2045,1325,132
1289,147502,16,2046,1325,134
1290,147819,82,1926,1327,14
1291,147910,13,1939,1328,26
1292,148000,15,1943,1327,28
1293,148086,13,1954,1335,34
1294,148191,17,1963,1336,42
1295,148284,14,1983,1351,43
1296,148373,14,1987,1348,51
1297,148459,13,1991,1340,61
1298,148546,15,1993,1343,59
1299,148639,15,1996,1343,61
1300,148727,14,2003,1344,66
1301,148824,17,2009,1349,66
1302,148950,16,2013,1347,72
1303,149057,16,2028,1357,76
1304,149148,16,2037,1358,84
1305,149244,14,2035,1350,90
1306,149364,15,2047,1354,98
1307,149453,16,2055,1356,99
1308,151340,81,1739,1146,42
1309,151441,12,1748,1130,75
1310,151546,14,1770,1130,93
1311,151659,13,1783,1127,115
1312,151763,12,1803,1144,118
1313,151869,12,1803,1110,164
1314,151959,12,1814,1114,167
1315,152068,13,1824,1103,193
1316,152195,15,1840,1102,216
1317,152303,13,1859,1103,232
1318,152418,13,1867,1100,237
1319,152526,15,1874,1079,265
1320,152714,68,1619,1079,12
1321,152814,12,1628,1078,24
1322,152914,12,1630,1068,42
1323,153012,12,1652,1087,44
1324,153168,66,1669,1055,98
1325,153276,11,1674,1045,116
1326,153382,11,1678,1007,171
1327,153482,13,1683,986,202
1328,153582,12,1689,980,214
1329,153687,11,1701,967,238
1330,153789,11,1709,956,260
1331,153874,12,1716,957,263
1332,153980,13,1735,952,274
1333,154064,14,1739,941,292
1334,154169,12,1748,939,299
1335,154267,12,1753,941,304
1336,154377,12,1763,941,315
1337,154492,17,1779,955,315
1338,154605,12,1796,958,330
1339,154697,13,1801,955,342
1340,154784,13,1825,969,353
1341,154875,14,1846,986,357
1342,154980,15,1852,968,379
1343,155394,52,1487,946,44
1344,155498,12,1492,942,55
1345,155589,10,1502,950,56
1346,155698,11,1503,919,82
1347,155784,12,1517,928,87
1348,155871,12,1523,932,88
1349,155959,11,1534,938,91
1350,156052,12,1552,943,106
1351,156151,12,1563,938,123
1352,156247,13,1588,955,128
1353,156323,12,1604,963,135
1354,156418,12,1622,980,135
1355,156518,13,1638,977,149
1356,156605,11,1649,980,156
1357,156708,13,1652,976,165
1358,156800,11,1671,991,165
1359,156890,11,1682,994,174
1360,156976,13,1686,976,189
1361,157081,12,1695,985,189
1362,157249,12,1703,990,185
1363,157334,12,1707,990,189
1364,157433,12,1716,998,188
1365,157521,13,1743,1006,211
1366,157707,83,1536,1007,0
1367,157790,11,1540,1007,6
1368,157875,11,1554,998,25
1369,157956,11,1570,1008,27
1370,158062,12,1579,1015,31
1371,158160,14,1592,1015,42
1372,158268,11,1599,1014,53
1373,158364,12,1609,1018,61
1374,158456,12,1620,1016,77
1375,158551,12,1633,1016,87
1376,158640,12,1646,1021,93
1377,158735,15,1652,1012,110
1378,158819,11,1655,1012,112
1379,158948,18,1659,996,136
1380,159054,14,1674,996,153
1381,159148,15,1678,996,158
1382,159349,13,1691,995,171
1383,159475,18,1696,984,189
1384,159587,13,1702,986,190
1385,159696,14,1712,989,203
1386,159789,13,1725,996,210
1387,159885,13,1736,1001,215
1388,159986,14,1741,1004,215
1389,160194,90,1535,997,13
1390,160299,13,1542,1002,16
1391,160385,12,1550,1004,19
1392,160500,13,1565,1013,20
1393,160622,13,1577,1010,36
1394,160760,11,1579,996,53
1395,160827,11,1581,993,54
1396,160909,13,1585,995,55
1397,161002,13,1609,1010,59
1398,161093,11,1617,1006,68
1399,161187,14,1630,1005,83
1400,161270,13,1632,1007,83
1401,161481,125,1647,1016,90
1402,161576,11,1668,1021,102
1403,161665,14,1674,1013,112
1404,161786,16,1681,1009,123
1405,161876,13,1694,1018,127
1406,161985,15,1698,1014,133
1407,162067,13,1706,1020,133
1408,162160,14,1707,1006,142
1409,162255,15,1718,1013,149
1410,162365,13,1723,1017,148
1411,162443,13,1740,1028,151
1412,162535,15,1748,1022,166
1413,162671,18,1586,1018,9
1414,162766,13,1622,1037,17
1415,162854,13,1634,1038,24
1416,162950,15,1649,1042,33
1417,163071,17,1653,1037,49
1418,163180,14,1670,1043,54
1419,163274,14,1690,1051,65
1420,163373,14,1701,1055,70
1421,163483,17,1704,1051,75
1422,163571,13,1718,1057,84
1423,163761,12,1740,1063,97
1424,163841,14,1752,1071,104
1425,163930,12,1768,1083,105
1426,164034,15,1772,1087,105
1427,164141,16,1785,1097,105
1428,164257,18,1792,1092,120
1429,164388,14,1799,1085,132
1430,164486,13,1803,1079,145
1431,164556,13,1803,1076,149
1432,164650,15,1808,1071,157
1433,164781,16,1816,1078,160
1434,164870,15,1823,1082,164
1435,164955,13,1824,1072,175
1436,165154,84,1643,1063,8
1437,165250,13,1650,1062,12
1438,165354,14,1663,1068,16
1439,165463,14,1671,1069,24
1440,165562,12,1675,1067,30
1441,165654,15,1676,1061,40
1442,165730,11,1685,1061,48
1443,165942,136,1698,1049,68
1444,166034,14,1703,1034,87
1445,166102,13,1703,1030,90
1446,166209,11,1713,1033,99
1447,166302,13,1715,1035,100
1448,166376,12,1719,1033,103
1449,166474,11,1739,1037,117
1450,166552,14,1762,1055,119
1451,166634,13,1767,1055,122
1452,166741,14,1782,1054,137
1453,166838,14,1793,1058,140
1454,166925,13,1805,1058,151
1455,167003,14,1812,1060,152
1456,167095,13,1822,1070,151
1457,167179,13,1823,1068,154
1458,167274,14,1827,1067,166
1459,167376,13,1830,1066,172
1460,167474,15,1845,1076,179
1461,167664,84,1677,1079,12
1462,167750,13,1693,1088,19
1463,167843,20,1705,1095,25
1464,167974,12,1712,1092,34
1465,168078,13,1723,1094,41
1466,168299,11,1736,1104,41
1467,168398,13,1749,1108,46
1468,168481,12,1752,1109,49
1469,168585,13,1753,1104,60
1470,168670,15,1769,1116,66
1471,168758,14,1779,1118,75
1472,168856,13,1793,1127,77
1473,168949,16,1801,1119,95
1474,169052,15,1805,1112,104
1475,169165,15,1814,1104,110
1476,169278,14,1818,1102,115
1477,169362,12,1819,1099,123
1478,169457,16,1821,1094,131
1479,169565,15,1834,1102,137
1480,169653,14,1838,1104,138
1481,169756,14,1850,1111,142
1482,169865,16,1854,1105,151
1483,169982,14,1868,1107,170
1484,170122,20,1701,1098,12
1485,170222,13,1711,1105,12
1486,170327,13,1715,1092,36
1487,170414,13,1728,1101,37
1488,170503,14,1731,1100,37
1489,170726,12,1736,1091,55
1490,170806,13,1750,1098,62
1491,170880,13,1753,1097,66
1492,170986,14,1760,1103,65
1493,171073,14,1762,1101,68
1494,171155,14,1764,1101,71
1495,171242,12,1765,1101,72
1496,171351,15,1775,1103,83
1497,171434,15,1787,1107,90
1498,171524,14,1815,1125,97
1499,171613,14,1820,1125,102
1500,171732,14,1823,1126,102
1501,171833,16,1833,1115,109
1502,171925,14,1838,1120,109
1503,172003,14,1838,1119,111
1504,172086,14,1844,1116,118
1505,172191,14,1856,1123,119
1506,172284,15,1864,1124,120
1507,172369,15,1874,1131,124
1508,172469,15,1891,1147,121
1509,172602,20,1779,1154,1
1510,172696,13,1788,1160,2
1511,172806,16,1801,1160,12
1512,172918,18,1807,1153,20
1513,173141,16,1810,1141,38
1514,173236,16,1819,1143,46
1515,173311,13,1830,1154,46
1516,173398,16,1835,1159,46
1517,173495,13,1858,1176,49
1518,173597,14,1859,1174,51
1519,173686,14,1865,1175,51
1520,173771,14,1869,1173,57
1521,173897,19,1876,1173,67
1522,174043,25,1886,1175,77
1523,174206,18,1892,1164,89
1524,174378,24,1892,1161,94
1525,174499,20,1895,1148,112
1526,174617,16,1902,1152,114
1527,174711,15,1902,1148,118
1528,174806,15,1914,1153,118
1529,174896,18,1916,1151,123
1530,174998,15,1937,1171,126
1531,175176,71,1809,1166,2
1532,175264,14,1815,1165,4
1533,175343,18,1817,1163,8
1534,175460,13,1827,1171,8
1535,175555,16,1833,1175,6
1536,175668,16,1849,1184,12
1537,177500,14,1854,1104,88
1538,177633,18,1780,1115,0
1539,177730,13,1795,1124,5
1540,177830,13,1800,1127,9
1541,177935,14,1809,1133,14
1542,178038,18,1822,1140,21
1543,178206,30,1826,1133,27
1544,178357,16,1842,1145,29
1545,178463,15,1863,1160,39
1546,178578,16,1871,1159,44
1547,178673,15,1868,1158,41
1548,178750,13,1879,1167,46
1549,178865,14,1884,1162,50
1550,178959,18,1899,1175,54
1551,179064,15,1908,1176,61
1552,179155,17,1908,1171,68
1553,179247,15,1920,1180,71
1554,179337,17,1930,1187,74
1555,179423,16,1935,1191,76
1556,179519,15,1943,1199,76
1557,179610,15,1961,1216,76
1558,179697,16,1962,1218,75
1559,179787,17,1969,1222,72
1560,179888,18,1983,1236,65
1561,180073,90,1985,1238,65
1562,180258,60,1924,1242,0
1563,180376,14,1931,1249,0
1564,180495,15,1939,1256,0
1565,180611,14,1944,1261,0
1566,180728,15,1962,1279,0
1567,180838,15,1972,1289,0
1568,180953,17,1980,1296,0
1569,181046,16,1984,1299,2
1570,181165,15,1995,1310,2
1571,181274,15,2005,1319,5
1572,181396,18,2024,1314,34
1573,181509,17,2041,1281,102
1574,181598,16,2047,1272,124
1575,181713,16,2058,1264,141
1576,181801,15,2070,1251,179
1577,181904,16,2081,1247,206
1578,182011,16,2096,1222,249
1579,182125,18,2107,1219,266
1580,182213,18,2117,1196,300
1581,182324,20,2122,1197,313
1582,182456,24,2123,1144,376
1583,182664,109,2141,1140,396
1584,182811,18,1762,1124,33
1585,182907,12,1767,1104,55
1586,183024,16,1768,1088,76
1587,183117,14,1778,1086,82
1588,183225,12,1796,1091,97
1589,183330,13,1809,1075,132
1590,183437,15,1818,1069,148
1591,183539,14,1830,1056,187
1592,183702,20,1837,1031,221
1593,183826,13,1842,1015,247
1594,183909,13,1844,1012,253
1595,184013,14,1852,1011,257
1596,184096,14,1853,1002,267
1597,184189,14,1869,1008,281
1598,184290,14,1888,1010,298
1599,184378,13,1894,994,329
1600,184476,14,1910,984,359
1601,184596,15,1920,982,373
1602,184689,14,1925,976,381
1603,184784,13,1933,958,426
1604,184891,14,1935,947,445
1605,184985,14,1942,941,466
1606,185199,62,1480,939,5
1607,185387,10,1490,946,8
1608,185485,11,1504,948,23
1609,185574,11,1517,952,26
1610,185660,10,1535,959,44
1611,185753,11,1541,961,49
1612,185854,14,1553,964,56
1613,185935,12,1562,950,77
1614,186038,12,1567,941,90
1615,186147,15,1573,934,105
1616,186237,13,1576,928,122
1617,186335,11,1582,929,123
1618,186439,11,1587,930,131
1619,186540,11,1596,920,143
1620,186654,12,1608,921,160
1621,186748,11,1614,901,186
1622,186844,12,1622,904,190
1623,186943,12,1627,902,193
1624,187045,12,1635,899,209
1625,187132,12,1639,877,249
1626,187221,12,1648,881,252
1627,187318,12,1652,877,260
1628,187415,13,1671,877,270
1629,187492,14,1684,886,270
1630,187680,69,1419,873,24
1631,187758,12,1424,873,28
1632,187843,11,1437,875,43
1633,188028,10,1448,858,81
1634,188125,9,1451,860,82
1635,188213,11,1462,847,104
1636,188313,11,1468,838,128
1637,188409,10,1487,852,129
1638,188517,10,1500,854,143
1639,188613,12,1514,862,150
1640,188700,12,1539,881,154
1641,188790,11,1553,888,157
1642,188883,12,1558,883,169
1643,188961,13,1581,896,178
1644,189064,12,1588,892,190
1645,189164,12,1596,889,207
1646,189251,11,1604,891,204
1647,189355,14,1620,900,204
1648,189463,12,1624,890,222
1649,189558,12,1636,884,241
1650,189668,14,1637,885,240
1651,189759,12,1645,885,248
1652,189853,12,1663,885,259
1653,189958,13,1668,881,267
1654,190056,11,1672,878,277
1655,190171,17,1420,899,3
1656,190264,11,1427,898,15
1657,190373,13,1445,904,23
1658,190462,11,1450,905,24
1659,190711,10,1460,907,32
1660,190805,10,1469,915,34
1661,190891,10,1472,908,42
1662,190986,11,1481,911,48
1663,191087,11,1495,912,53
1664,191181,12,1510,923,55
1665,191255,11,1531,928,73
1666,191361,11,1544,938,78
1667,191458,11,1554,948,78
1668,191539,13,1558,949,79
1669,191618,12,1562,952,79
1670,191712,12,1574,960,82
1671,191816,11,1581,963,86
1672,191905,11,1593,972,88
1673,192000,11,1600,972,93
1674,192094,12,1603,968,104
1675,192205,13,1607,966,110
1676,192301,12,1615,965,118
1677,192395,11,1621,966,117
1678,192480,14,1618,966,114
1679,192649,74,1514,971,3
1680,192744,11,1525,977,10
1681,192840,12,1545,981,27
1682,192928,11,1547,978,33
1683,193024,12,1557,983,31
1684,193101,12,1565,983,33
1685,193424,11,1574,956,72
1686,193498,12,1592,966,77
1687,193590,10,1598,964,81
1688,193667,12,1600,964,82
1689,193751,12,1608,972,82
1690,193847,13,1613,959,106
1691,193925,12,1616,957,108
1692,194002,12,1615,953,110
1693,194078,14,1631,968,109
1694,194169,12,1641,964,119
1695,194262,12,1649,958,140
1696,194360,15,1663,957,150
1697,194444,12,1677,968,151
1698,194536,12,1689,977,156
1699,194628,12,1698,976,162
1700,194716,12,1710,980,170
1701,194821,13,1721,987,171
1702,194907,13,1727,989,176
1703,194996,12,1726,986,178
1704,195185,73,1567,1003,0
1705,195279,11,1575,1000,13
1706,195384,11,1577,992,24
1707,195627,10,1579,957,62
1708,195731,11,1579,947,68
1709,195833,11,1583,951,68
1710,195928,12,1595,963,68
1711,196023,12,1596,958,73
1712,196111,11,1606,966,74
1713,196188,14,1617,970,87
1714,196260,11,1623,974,87
1715,196341,13,1627,973,93
1716,196420,11,1630,974,99
1717,196505,11,1633,971,107
1718,196610,11,1644,972,119
1719,196691,12,1647,972,122
1720,196786,11,1657,975,126
1721,196882,11,1664,970,137
1722,196972,12,1671,969,148
1723,197048,12,1691,983,152
1724,197154,13,1691,980,154
1725,197255,12,1708,995,154
1726,197340,13,1717,1000,154
1727,197420,13,1720,1002,157
1728,197508,13,1744,1020,160
1729,197830,80,1598,1030,2
1730,197942,11,1606,1027,2
1731,198014,12,1610,1026,5
1732,198117,11,1624,1033,11
1733,198192,11,1629,1035,11
1734,198289,19,1632,1035,12
1735,198417,12,1635,1027,36
1736,198525,12,1637,1018,44
1737,198622,12,1639,1010,62
1738,198714,12,1644,1014,62
1739,198809,12,1645,1004,69
1740,198899,14,1646,1004,71
1741,198990,12,1654,1011,74
1742,199075,13,1656,1009,81
1743,199170,13,1678,1027,84
1744,199270,13,1698,1042,84
1745,199362,13,1703,1037,94
1746,199435,12,1708,1038,98
1747,199519,13,1719,1043,109
1748,199623,14,1730,1047,116
1749,199737,13,1741,1046,121
1750,199958,143,1747,1040,129
1751,200038,10,1749,1037,133
1752,200155,17,1625,1035,11
1753,200250,11,1636,1043,11
1754,200345,11,1647,1051,16
1755,200447,11,1666,1066,19
1756,200542,11,1682,1079,21
1757,200632,11,1691,1087,21
1758,200704,12,1692,1087,26
1759,200799,11,1697,1089,28
1760,200912,14,1701,1088,30
1761,201007,15,1713,1083,50
1762,201093,13,1727,1092,53
1763,201187,13,1727,1085,61
1764,201283,12,1739,1093,60
1765,201352,13,1759,1109,63
1766,201459,17,1763,1112,63
1767,201565,13,1773,1119,69
1768,201656,15,1776,1114,75
1769,201753,15,1779,1107,91
1770,201871,14,1791,1105,96
1771,201959,15,1797,1109,98
1772,202196,12,1806,1107,111
1773,202307,14,1811,1108,114
1774,202397,14,1826,1123,113
1775,202487,14,1840,1123,121
1776,202645,22,1720,1118,8
1777,202742,13,1722,1110,17
1778,202838,16,1725,1106,20
1779,202956,15,1734,1107,27
1780,203071,19,1739,1111,31
1781,203186,20,1744,1116,31
1782,203274,13,1761,1128,34
1783,203394,15,1764,1128,34
1784,203509,15,1768,1123,44
1785,203610,16,1783,1128,56
1786,203704,14,1799,1127,59
1787,203792,14,1812,1136,61
1788,203886,13,1813,1132,69
1789,203967,13,1819,1137,71
1790,204057,15,1823,1140,71
1791,204141,13,1836,1150,73
1792,204230,15,1866,1178,78
1793,206031,74,1724,1113,0
1794,206124,15,1739,1126,0
1795,206214,13,1755,1142,0
1796,206300,12,1755,1142,0
1797,206398,12,1763,1148,0
1798,206497,13,1765,1150,0
1799,206597,12,1768,1152,0
1800,206699,14,1775,1157,0
1801,206795,14,1780,1161,0
1802,206870,14,1795,1172,0
1803,206960,15,1800,1177,0
1804,207083,18,1814,1189,0
1805,207182,14,1822,1193,0
1806,207294,15,1826,1197,0
1807,207402,14,1845,1216,0
1808,207482,16,1862,1232,0
1809,207586,14,1869,1234,0
1810,207679,17,1876,1237,0
1811,207783,18,1882,1236,5
1812,207958,85,1883,1232,11
1813,208057,12,1887,1226,24
1814,208139,15,1889,1226,26
1815,208244,20,1901,1234,26
1816,208339,16,1914,1236,37
1817,208445,13,1916,1229,42
1818,208544,16,1929,1238,42
1819,208634,14,1933,1240,44
1820,208722,15,1940,1241,56
1821,208810,15,1946,1245,57
1822,208905,16,1950,1245,60
1823,209008,16,1963,1250,62
1824,209108,16,1969,1249,68
1825,209215,15,1976,1250,75
1826,209313,17,1980,1248,78
1827,209418,14,1987,1246,83
1828,209524,17,1993,1249,86
1829,209606,17,2003,1255,91
1830,209691,15,2005,1253,97
1831,209784,16,2005,1246,104
1832,209881,16,2007,1247,106
1833,209967,15,2022,1259,96
1834,210234,75,1937,1250,19
1835,210346,14,1942,1227,51
1836,210452,15,1961,1224,80
1837,210572,14,1969,1204,120
1838,210677,16,1972,1190,150
1839,210796,17,1986,1190,162
1840,210917,15,1995,1184,173
1841,211024,16,2005,1170,189
1842,211134,16,2013,1151,224
1843,211234,16,2036,1149,247
1844,211338,15,2044,1140,268
1845,211435,14,2052,1136,286
1846,211535,15,2061,1128,304
1847,211649,15,2064,1125,311
1848,211767,15,2082,1141,313
1849,211876,16,2086,1117,346
1850,212000,15,2084,1100,362
1851,212098,17,2095,1089,395
1852,212205,16,2104,1084,406
1853,212316,20,2108,1075,428
1854,212491,108,2124,1079,444
1855,212731,103,1675,1071,1
1856,212845,11,1686,1041,41
1857,212949,11,1699,1045,55
1858,213056,13,1713,1041,72
1859,213173,14,1727,1029,102
1860,213286,14,1741,1022,119
1861,213416,16,1751,1015,134
1862,213549,16,1760,989,172
1863,213677,17,1770,986,201
1864,213786,14,1773,981,210
1865,213887,14,1787,982,233
1866,214015,17,1798,980,246
1867,214100,15,1807,988,249
1868,214205,12,1817,982,264
1869,214312,20,1830,983,274
1870,214458,19,1850,981,302
1871,214623,47,1863,974,323
1872,214733,15,1865,962,354
1873,214851,27,1879,951,376
1874,214975,16,1887,934,402
1875,215230,18,1467,915,1
1876,215321,11,1476,920,11
1877,215434,12,1498,935,11
1878,215542,12,1509,937,19
1879,215666,17,1518,944,23
1880,215772,11,1532,946,35
1881,215883,14,1537,938,44
1882,216029,27,1556,951,50
1883,216134,12,1566,930,74
1884,216225,11,1579,927,93
1885,216325,12,1587,906,114
1886,216451,12,1591,903,124
1887,216538,12,1607,909,134
1888,216636,11,1616,904,148
1889,216740,21,1633,916,150
1890,216886,13,1646,904,179
1891,216978,12,1655,902,186
1892,217058,15,1672,908,198
1893,217158,12,1677,903,210
1894,217255,16,1677,890,226
1895,217355,12,1692,902,230
1896,217453,16,1701,908,230
1897,217768,84,1488,915,5
1898,217860,11,1496,903,21
1899,217964,11,1517,921,21
1900,218069,11,1533,928,26
1901,218167,13,1538,927,28
1902,218262,11,1551,929,36
1903,218353,12,1562,936,41
1904,218441,12,1569,929,55
1905,218545,12,1586,937,64
1906,218632,11,1598,938,77
1907,218740,13,1608,944,77
1908,218846,10,1619,943,81
1909,218928,12,1621,941,86
1910,219024,11,1631,941,91
1911,219153,15,1636,925,116
1912,219257,17,1644,931,127
1913,219370,16,1659,940,134
1914,219462,12,1670,936,156
1915,219541,12,1682,947,156
1916,219643,16,1702,965,161
1917,219749,17,1706,964,167
1918,219878,14,1715,961,178
1919,219991,14,1733,973,191
1920,220300,92,1543,940,44
1921,220404,11,1548,920,74
1922,220500,11,1561,920,81
1923,220604,16,1568,923,81
1924,220711,12,1584,931,81
1925,220804,13,1594,936,84
1926,220909,14,1610,950,87
1927,221011,16,1614,942,98
1928,221145,18,1627,945,111
1929,221266,13,1634,942,129
1930,221371,17,1647,935,156
1931,221477,16,1652,916,185
1932,221781,197,1656,911,190
1933,221930,14,1666,903,204
1934,222055,15,1681,912,209
1935,222160,16,1694,917,214
1936,222294,14,1698,912,221
1937,222405,14,1716,920,232
1938,222523,16,1716,918,235
1939,222718,75,1502,928,15
1940,222866,12,1510,928,20
1941,222974,14,1514,923,38
1942,223207,152,1528,934,41
1943,223319,15,1541,935,48
1944,223410,11,1546,938,54
1945,223510,13,1552,933,59
1946,223605,14,1566,934,66
1947,223721,27,1585,946,74
1948,223823,14,1592,943,84
1949,223910,12,1595,939,93
1950,224010,13,1601,942,97
1951,224108,12,1616,952,101
1952,224206,12,1619,946,110
1953,224299,12,1637,959,115
1954,224405,15,1643,952,128
1955,224507,15,1654,958,136
1956,224596,14,1657,956,137
1957,224715,12,1670,963,142
1958,224823,15,1677,964,149
1959,224926,15,1687,972,153
1960,225029,12,1704,987,154
1961,225303,70,1562,983,14
1962,225430,11,1571,973,30
1963,225519,14,1574,979,27
1964,225783,11,1587,973,39
1965,225882,11,1603,980,43
1966,225979,12,1619,983,55
1967,226070,12,1638,996,61
1968,226180,14,1642,995,63
1969,226280,12,1651,1004,65
1970,226375,12,1663,1013,70
1971,226469,13,1667,1011,76
1972,226580,12,1674,1012,85
1973,226669,18,1681,1015,92
1974,226773,14,1687,1012,97
1975,226869,15,1693,1012,97
1976,226979,13,1696,1007,104
1977,227086,13,1719,1027,103
1978,227164,12,1727,1020,115
1979,227248,12,1733,1020,120
1980,227334,12,1745,1028,119
1981,227421,12,1751,1032,119
1982,227507,12,1759,1027,128
1983,227666,63,1640,1036,1
1984,227741,11,1650,1043,5
1985,227820,12,1668,1060,9
1986,228049,11,1676,1052,38
1987,228132,11,1686,1060,43
1988,228224,11,1697,1067,49
1989,228333,11,1699,1065,49
1990,228428,11,1699,1063,49
1991,228532,11,1707,1058,64
1992,228629,11,1713,1059,73
1993,228721,12,1731,1073,75
1994,228801,12,1734,1073,77
1995,228873,13,1739,1074,77
1996,228967,12,1746,1070,84
1997,229055,12,1751,1069,86
1998,229157,13,1764,1079,89
1999,229241,11,1765,1077,92
2000,229338,12,1777,1080,104
2001,229457,12,1791,1086,115
2002,229555,13,1799,1087,120
2003,229665,13,1815,1100,120
2004,229929,14,1821,1098,134
2005,230022,13,1838,1110,134
2006,230170,60,1701,1104,6
2007,230258,11,1706,1104,10
2008,230332,12,1722,1117,12
2009,230432,12,1739,1119,23
2010,230520,12,1743,1117,27
2011,230623,12,1747,1109,38
2012,230727,12,1755,1116,38
2013,230811,12,1768,1122,47
2014,230891,12,1782,1134,48
2015,230978,12,1804,1156,48
2016,231066,13,1805,1155,50
2017,231163,12,1809,1154,50
2018,231268,13,1824,1158,60
2019,231367,14,1830,1160,60
2020,231471,15,1838,1161,70
2021,231568,13,1846,1162,75
2022,231818,170,1847,1143,100
2023,231947,16,1863,1148,110
2024,232040,13,1880,1157,114
2025,232140,13,1884,1161,114
2026,232226,14,1894,1161,117
2027,232323,13,1895,1158,118
2028,232423,12,1900,1161,119
2029,232534,18,1900,1166,109
2030,232656,18,1798,1166,5
2031,232752,13,1807,1172,9
2032,232869,24,1830,1188,14
2033,232961,14,1842,1194,20
2034,233046,15,1856,1203,25
2035,233143,13,1862,1202,26
2036,233244,13,1884,1218,28
2037,233337,15,1888,1216,33
2038,233432,14,1896,1221,37
2039,233651,14,1904,1217,47
2040,233756,12,1908,1215,53
2041,233849,11,1919,1216,61
2042,233942,17,1941,1230,61
2043,234018,13,1942,1225,71
2044,234122,13,1943,1223,76
2045,234225,13,1952,1229,77
2046,234316,13,1953,1229,75
2047,234451,13,1961,1236,75
2048,234554,14,1969,1244,75
2049,234652,13,1974,1248,75
2050,234735,13,1974,1248,75
2051,234828,13,1978,1252,75
2052,234934,14,1985,1264,67
2053,235023,15,1989,1267,67
2054,235180,20,1934,1277,0
2055,235370,109,1939,1279,0
2056,235462,14,1960,1295,0
2057,235543,16,1964,1299,0
2058,235625,12,1977,1312,0
2059,235726,14,1988,1320,0
2060,235830,13,2000,1325,6
2061,235919,14,2008,1332,6
2062,236006,13,2011,1333,8
2063,236094,14,2034,1348,11
2064,236177,14,2038,1346,20
2065,236268,14,2047,1354,22
2066,236362,14,2056,1351,34
2067,236440,15,2062,1350,37
2068,236536,14,2072,1351,37
2069,236627,16,2076,1350,40
2070,236741,14,2085,1353,49
2071,236841,15,2097,1359,54
2072,237024,110,2104,1361,61
2073,237114,15,2115,1367,67
2074,237198,14,2117,1357,84
2075,237293,13,2118,1352,89
2076,237388,14,2129,1356,91
2077,237476,16,2130,1354,91
2078,237638,68,2039,1346,7
2079,237734,14,2043,1348,11
2080,237831,14,2048,1344,22
2081,237912,14,2069,1359,26
2082,238010,14,2079,1367,27
2083,238117,19,2082,1367,29
2084,238227,14,2094,1371,32
2085,238316,14,2096,1365,39
2086,238414,15,2100,1363,45
2087,238495,14,2105,1368,45
2088,238589,14,2108,1365,48
2089,240178,86,1987,1276,14
2090,240289,13,1997,1258,52
2091,240394,13,2003,1246,70
2092,240504,16,2007,1223,94
2093,240606,13,2024,1216,115
2094,240714,13,2032,1201,145
2095,240825,17,2062,1212,167
2096,240937,14,2074,1211,186
2097,241043,16,2075,1184,221
2098,241145,14,2080,1162,258
2099,241253,14,2085,1148,292
2100,241346,14,2093,1126,332
2101,241462,14,2099,1108,356
2102,241568,15,2102,1097,370
2103,241670,15,2123,1098,390
2104,241753,14,2126,1087,397
2105,241906,64,2132,1078,423
2106,242015,18,2151,1083,435
2107,242118,16,2155,1075,447
2108,242229,16,2159,1057,476
2109,242325,16,2168,1046,497
2110,242421,14,2169,1044,499
2111,242534,12,2175,1040,510
2112,242765,83,1668,1032,24
2113,242862,12,1681,1014,65
2114,242965,13,1696,1025,67
2115,243057,13,1697,1013,80
2116,243164,15,1702,1007,94
2117,243265,14,1712,989,136
2118,243373,14,1718,983,154
2119,243514,18,1723,977,175
2120,243630,13,1731,957,203
2121,243741,13,1741,963,206
2122,243948,107,1754,954,229
2123,244057,14,1759,954,238
2124,244169,14,1776,962,249
2125,244278,14,1782,951,276
2126,244373,14,1805,970,278
2127,244469,12,1814,971,286
2128,244560,15,1824,964,303
2129,244668,13,1831,962,315
2130,244802,14,1845,953,346
2131,244918,14,1848,914,400
2132,245026,21,1857,905,420
2133,245198,18,1442,910,0
2134,245299,12,1454,909,22
2135,245390,12,1469,900,45
2136,245492,11,1476,897,55
2137,245592,11,1487,905,59
2138,245684,11,1495,902,76
2139,245789,13,1510,910,81
2140,245879,11,1516,894,99
2141,246066,10,1534,885,131
2142,246152,12,1547,898,134
2143,246243,11,1558,894,154
2144,246341,15,1565,895,157
2145,246448,13,1575,905,155
2146,246558,12,1579,894,169
2147,246651,11,1592,902,174
2148,246740,12,1595,893,187
2149,246842,12,1614,901,206
2150,246936,11,1616,903,205
2151,247042,11,1621,902,214
2152,247182,16,1632,906,219
2153,247299,12,1643,910,220
2154,247412,13,1652,912,222
2155,247512,14,1664,918,227
2156,247645,16,1442,920,0
2157,247740,11,1447,922,4
2158,247848,11,1459,920,16
2159,247941,10,1468,927,17
2160,248070,61,1484,938,22
2161,248192,9,1489,920,57
2162,248316,11,1499,895,95
2163,248428,10,1504,895,101
2164,248560,12,1511,898,103
2165,248643,11,1525,907,105
2166,248742,10,1534,900,125
2167,248821,10,1539,902,129
2168,248919,11,1558,912,135
2169,249011,11,1571,917,143
2170,249095,11,1577,920,151
2171,249174,12,1589,924,161
2172,249260,11,1595,923,162
2173,249350,11,1608,926,171
2174,249438,12,1626,938,178
2175,249530,13,1641,946,183
2176,249604,12,1651,956,183
2177,249715,13,1654,952,194
2178,249790,12,1660,942,205
2179,249869,12,1664,935,214
2180,249964,12,1679,941,223
2181,250169,15,1445,933,0
2182,250250,9,1451,937,0
2183,250324,10,1455,938,3
2184,250420,10,1467,928,22
2185,250519,11,1476,932,26
2186,250609,10,1484,928,36
2187,250702,12,1499,922,66
2188,250809,14,1509,925,77
2189,250916,12,1518,929,78
2190,251039,11,1523,924,89
2191,251132,10,1530,931,83
2192,251233,11,1544,936,93
2193,251327,11,1551,937,99
2194,251410,13,1568,953,101
2195,251505,11,1586,949,114
2196,251611,12,1608,968,119
2197,251716,15,1625,983,119
2198,251827,13,1628,984,120
2199,251911,12,1636,986,124
2200,252019,17,1642,979,137
2201,252224,13,1647,979,141
2202,252316,12,1667,998,141
2203,252410,13,1673,998,148
2204,252498,12,1683,1007,147
2205,252613,16,1549,1016,3
2206,252726,13,1555,1020,3
2207,252833,11,1564,1017,19
2208,252901,12,1577,1013,37
2209,252988,12,1585,1010,48
2210,253086,11,1591,1013,52
2211,253175,12,1610,1031,52
2212,253274,13,1615,1034,52
2213,253379,12,1624,1037,58
2214,253470,12,1633,1041,63
2215,253588,12,1658,1057,68
2216,253681,13,1661,1054,74
2217,253766,12,1662,1054,75
2218,253860,12,1670,1060,79
2219,253951,12,1673,1054,90
2220,254040,14,1680,1056,92
2221,254131,13,1682,1051,100
2222,254321,13,1692,1049,106
2223,254426,15,1696,1041,115
2224,254522,10,1700,1034,127
2225,254630,16,1711,1032,144
2226,254723,12,1715,1029,156
2227,254821,12,1716,1019,168
2228,254926,13,1723,1022,171
2229,255022,12,1742,1032,180
2230,255190,76,1570,1036,5
2231,255275,12,1576,1037,8
2232,255373,12,1587,1035,25
2233,255460,12,1591,1037,25
2234,255536,13,1607,1051,28
2235,255617,13,1614,1053,28
2236,255716,12,1619,1060,25
2237,255824,12,1637,1077,25
2238,255932,15,1653,1081,33
2239,256022,11,1656,1081,34
2240,256092,12,1667,1090,40
2241,256170,14,1675,1082,51
2242,256251,14,1681,1081,56
2243,256451,12,1691,1075,75
2244,256531,11,1698,1074,79
2245,256613,12,1714,1086,80
2246,256701,11,1718,1085,80
2247,256800,14,1727,1086,88
2248,256900,12,1734,1091,89
2249,257001,12,1737,1080,100
2250,257091,12,1745,1079,113
2251,257185,13,1758,1092,113
2252,257265,13,1778,1112,113
2253,257345,13,1778,1111,116
2254,257456,12,1780,1108,120
2255,257532,11,1790,1115,121
2256,257685,74,1691,1129,9
2257,257752,12,1715,1150,11
2258,257841,12,1721,1154,9
2259,257947,12,1728,1158,9
2260,258028,15,1740,1163,18
2261,258120,13,1752,1168,19
2262,258196,14,1759,1169,28
2263,258303,13,1773,1163,51
2264,258520,12,1797,1171,68
2265,258602,12,1802,1170,78
2266,258696,13,1812,1173,82
2267,258783,12,1816,1170,86
2268,258872,13,1814,1168,85
2269,258956,16,1818,1169,85
2270,259052,13,1836,1179,91
2271,259138,13,1841,1176,101
2272,259252,13,1846,1178,102
2273,259341,13,1856,1185,105
2274,259429,12,1864,1187,106
2275,259519,13,1887,1208,104
2276,259627,13,1892,1208,112
2277,259723,13,1893,1201,120
2278,259808,13,1912,1219,121
2279,259914,14,1918,1225,120
2280,260009,14,1922,1225,125
2281,260190,78,1805,1226,4
2282,260272,12,1806,1223,11
2283,260353,13,1807,1222,13
2284,260578,12,1814,1213,26
2285,260684,12,1817,1207,34
2286,260778,13,1836,1225,34
2287,260868,13,1844,1229,39
2288,260965,16,1857,1225,54
2289,261070,14,1865,1230,56
2290,261155,14,1871,1226,63
2291,261251,14,1880,1231,63
2292,261348,14,1890,1227,74
2293,261430,14,1901,1229,79
2294,261538,15,1902,1226,85
2295,261630,15,1918,1238,84
2296,261733,14,1926,1240,86
2297,261828,13,1938,1247,90
2298,261929,19,1945,1254,90
2299,262030,15,1947,1256,89
2300,262139,18,1947,1241,103
2301,262230,16,1948,1239,113
2302,262334,14,1962,1247,115
2303,262585,13,1966,1237,127
2304,262688,21,1842,1231,2
2305,262789,16,1848,1229,12
2306,262873,14,1851,1230,13
2307,262986,15,1853,1229,18
2308,263069,14,1869,1241,23
2309,263153,12,1890,1256,23
2310,263248,13,1891,1250,24
2311,263357,16,1897,1246,30
2312,263468,14,1901,1244,38
2313,263570,15,1906,1250,37
2314,263656,14,1918,1257,41
2315,263756,14,1921,1250,51
2316,263850,14,1924,1245,60
2317,263959,13,1925,1235,69
2318,264045,13,1927,1234,70
2319,264147,13,1931,1234,73
2320,264240,13,1960,1258,79
2321,264336,14,1964,1261,79
2322,264542,138,1981,1262,87
2323,264654,14,1983,1251,102
2324,264757,13,1987,1254,103
2325,264848,14,2001,1258,114
2326,264932,15,2003,1253,121
2327,265033,19,2016,1264,122
2328,265210,88,1897,1255,18
2329,265304,14,1919,1269,26
2330,265417,14,1926,1274,26
2331,265522,16,1932,1278,27
2332,265626,14,1940,1285,27
2333,265730,15,1943,1288,27
2334,265851,16,1948,1289,36
2335,265971,13,1953,1290,43
2336,266054,17,1967,1304,43
2337,266154,16,1972,1303,48
2338,266246,16,1992,1318,52
2339,266340,14,2005,1323,59
2340,266586,163,2019,1330,62
2341,266673,15,2042,1340,72
2342,266769,15,2060,1351,75
2343,266882,18,2067,1353,80
2344,266986,14,2071,1355,82
2345,267100,20,2072,1353,90
2346,267243,18,2080,1358,92
2347,267352,22,2098,1369,96
2348,267444,15,2099,1365,101
2349,267539,16,2119,1378,109
2350,267705,72,2031,1394,1
2351,267805,22,2040,1395,10
2352,267929,19,2047,1396,13
2353,268020,18,2053,1393,22
2354,268137,19,2066,1400,21
2355,268236,17,2070,1402,23
2356,268351,18,2102,1421,23
2357,268457,19,2106,1418,25
2358,268564,23,2107,1412,30
2359,268792,27,2108,1410,34
2360,268940,23,2119,1421,34
2361,269046,15,2122,1424,34
2362,269132,15,2126,1431,31
2363,269220,20,2134,1436,31
2364,269343,18,2145,1446,31
2365,269459,24,2150,1453,29
2366,269594,17,2165,1468,29
2367,269689,18,2171,1472,29
2368,269767,16,2176,1475,29
2369,269867,17,2199,1498,29
2370,269980,17,2200,1499,29
2371,270140,47,2172,1477,35
2372,270258,16,2176,1444,77
2373,270377,17,2182,1413,114
2374,270493,16,2185,1359,188
2375,270620,17,2199,1364,193
2376,270745,16,2213,1358,210
2377,270891,17,2227,1326,264
2378,271072,15,2247,1306,302
2379,271167,15,2252,1283,334
2380,271284,17,2261,1274,349
2381,271408,15,2276,1269,377
2382,271531,17,2293,1258,404
2383,271651,17,2310,1251,432
2384,271760,17,2316,1222,465
2385,271869,18,2330,1214,484
2386,271980,18,2333,1207,495
2387,272091,16,2342,1196,523
2388,272190,17,2350,1176,558
2389,272304,17,2354,1161,581
2390,272404,21,2360,1156,598
2391,272518,21,2364,1147,621
2392,272836,114,1764,1119,55
2393,272943,16,1785,1116,76
2394,273066,14,1795,1111,94
2395,273149,13,1798,1091,118
2396,274666,12,1808,928,309
2397,274781,15,1823,935,319
2398,274887,13,1824,906,361
2399,274977,13,1828,902,376
2400,275142,17,1460,904,3
2401,275246,11,1472,912,5
2402,275328,13,1490,922,15
2403,275428,12,1496,911,31
2404,275548,12,1504,913,38
2405,275658,12,1512,914,47
2406,275749,11,1517,903,62
2407,275844,13,1519,898,79
2408,275950,11,1524,884,101
2409,276045,11,1531,887,104
2410,276133,12,1538,889,103
2411,276230,14,1552,891,113
2412,276322,13,1557,875,131
2413,276426,11,1564,877,130
2414,276521,13,1586,890,139
2415,276630,13,1592,884,145
2416,276714,12,1602,879,161
2417,276909,73,1606,874,173
2418,277007,12,1618,874,185
2419,277106,11,1628,876,190
2420,277205,11,1638,882,195
2421,277295,12,1651,885,200
2422,277396,12,1655,884,206
2423,277494,11,1658,870,231
2424,277714,98,1434,853,25
2425,277810,12,1457,864,31
2426,277900,11,1466,857,47
2427,277997,10,1484,853,63
2428,278099,12,1505,873,63
2429,278206,13,1512,849,91
2430,278298,10,1525,854,99
2431,278404,11,1534,851,111
2432,278514,12,1539,852,119
2433,278601,11,1548,855,119
2434,278705,11,1560,850,142
2435,278796,11,1594,873,153
2436,278894,12,1598,877,153
2437,278989,13,1600,879,158
2438,279163,107,1604,878,163
2439,279263,11,1614,884,170
2440,279361,11,1626,889,175
2441,279454,12,1632,892,176
2442,279555,13,1646,900,182
2443,279645,12,1653,904,183
2444,279729,13,1664,897,208
2445,279814,12,1666,900,205
2446,279913,13,1674,906,207
2447,280000,11,1675,905,209
2448,280203,79,1473,908,0
2449,280299,11,1475,904,5
2450,280402,10,1490,902,10
2451,280495,14,1495,892,23
2452,280602,11,1502,881,31
2453,280720,12,1506,860,58
2454,280822,11,1509,854,72
2455,280931,11,1509,841,88
2456,281007,12,1520,843,106
2457,281090,11,1522,834,117
2458,281177,12,1523,832,122
2459,281261,11,1544,841,135
2460,281431,99,1547,827,161
2461,281532,11,1571,845,164
2462,281618,11,1573,843,174
2463,281725,12,1582,837,195
2464,281819,11,1592,834,211
2465,281915,13,1609,849,215
2466,282020,12,1617,853,224
2467,282133,12,1626,861,227
2468,282231,11,1631,865,227
2469,282320,11,1638,868,230
2470,282417,12,1646,873,232
2471,282517,14,1672,888,239
2472,282678,41,1447,883,20
2473,282773,10,1450,876,31
2474,282869,11,1468,878,49
2475,282967,13,1475,882,51
2476,283069,16,1478,879,57
2477,283168,10,1498,893,58
2478,283269,11,1523,911,61
2479,283357,11,1535,914,67
2480,283445,12,1537,914,71
2481,283546,11,1551,911,85
2482,283753,15,1558,906,95
2483,283847,10,1566,909,97
2484,283938,15,1574,907,111
2485,284013,12,1578,907,114
2486,284116,11,1582,909,115
2487,284228,16,1586,907,130
2488,284327,11,1600,923,128
2489,284426,11,1613,933,128
2490,284536,12,1622,936,133
2491,284614,12,1626,939,136
2492,284717,12,1633,946,136
2493,284816,12,1638,945,142
2494,284921,12,1639,944,146
2495,285037,12,1648,940,167
2496,285228,83,1490,945,3
2497,285325,11,1509,951,23
2498,285425,12,1521,958,29
2499,285524,15,1538,972,30
2500,285620,12,1557,987,36
2501,285716,12,1560,981,41
2502,285822,11,1564,979,49
2503,285916,13,1587,990,59
2504,286140,130,1591,988,59
2505,286270,13,1588,985,60
2506,286376,11,1594,986,66
2507,286467,14,1595,986,68
2508,286573,13,1603,973,99
2509,286660,13,1614,975,112
2510,286785,14,1626,981,113
2511,286942,25,1632,972,127
2512,287058,13,1635,969,130
2513,287156,12,1651,981,130
2514,287262,13,1669,997,129
2515,287364,12,1682,1005,135
2516,287443,12,1685,1003,140
2517,287543,11,1703,1019,136
2518,287665,16,1572,1013,15
2519,287742,12,1584,1025,15
2520,287836,12,1587,1016,32
2521,287918,13,1599,1022,36
2522,288034,12,1605,1026,36
2523,288117,12,1613,1019,50
2524,288219,12,1621,1004,74
2525,288341,24,1631,997,93
2526,288431,15,1633,999,93
2527,288631,12,1648,1000,109
2528,288721,14,1658,1007,115
2529,288855,15,1674,1013,122
2530,288963,18,1686,1024,122
2531,289056,14,1709,1042,124
2532,289146,13,1712,1042,129
2533,289251,12,1714,1040,131
2534,289347,18,1721,1044,135
2535,289463,13,1725,1044,139
2536,289562,13,1737,1044,150
2537,289674,14,1742,1045,156
2538,289777,14,1756,1052,161
2539,289876,13,1752,1049,163
2540,289966,12,1757,1051,164
2541,290165,63,1600,1057,4
2542,290268,13,1619,1072,8
2543,290348,14,1621,1068,10
2544,290448,13,1630,1075,10
2545,290571,12,1631,1064,29
2546,290672,13,1636,1069,27
2547,290752,13,1639,1065,36
2548,290872,16,1641,1061,40
2549,290981,13,1650,1063,45
2550,291132,12,1659,1060,55
2551,291233,11,1666,1065,55
2552,291322,13,1670,1052,72
2553,291426,11,1679,1054,79
2554,291522,12,1685,1052,85
2555,291634,12,1691,1044,89
2556,291740,13,1697,1035,95
2557,291837,13,1707,1043,94
2558,291929,13,1710,1044,97
2559,292024,13,1722,1051,102
2560,292131,12,1731,1055,104
2561,292217,12,1734,1057,107
2562,292307,13,1742,1064,107
2563,292388,13,1751,1072,109
2564,292489,12,1759,1070,113
2565,292679,70,1650,1069,8
2566,292772,12,1666,1078,10
2567,292858,16,1671,1075,23
2568,292994,13,1687,1082,29
2569,293095,13,1691,1076,32
2570,293187,14,1702,1083,38
2571,293283,14,1706,1083,42
2572,293373,14,1723,1092,48
2573,293565,13,1737,1088,63
2574,293720,23,1742,1093,63
2575,293849,21,1757,1097,72
2576,293962,15,1770,1104,79
2577,294060,15,1769,1094,87
2578,294173,16,1778,1096,94
2579,294272,16,1794,1100,103
2580,294366,13,1806,1106,109
2581,294441,16,1812,1109,111
2582,294533,14,1825,1122,111
2583,294679,23,1833,1128,111
2584,294829,18,1839,1126,125
2585,294913,18,1853,1139,125
2586,295008,15,1856,1136,133
2587,295245,132,1737,1138,7
2588,295395,21,1741,1135,21
2589,295522,23,1743,1135,24
2590,295641,18,1747,1128,32
2591,295811,25,1754,1120,44
2592,295992,41,1755,1109,55
2593,296095,16,1759,1105,63
2594,296194,16,1766,1108,66
2595,296294,14,1769,1100,75
2596,296398,19,1770,1097,78
2597,296676,173,1775,1097,82
2598,296776,15,1781,1102,78
2599,296880,13,1791,1107,79
2600,296989,14,1797,1109,85
2601,297076,19,1803,1107,95
2602,297152,14,1835,1135,94
2603,297243,15,1837,1132,100
2604,297340,15,1855,1149,99
2605,297446,16,1860,1148,104
2606,297544,14,1875,1156,111
2607,297707,76,1770,1159,6
2608,297807,14,1772,1156,14
2609,297901,12,1777,1159,16
2610,298029,15,1789,1161,25
2611,298129,19,1799,1171,25
2612,298245,28,1810,1178,29
2613,298360,15,1833,1190,32
2614,298449,13,1840,1190,37
2615,298547,16,1849,1196,44
2616,298637,15,1884,1228,44
2617,298749,15,1893,1233,45
2618,298857,17,1897,1236,46
2619,298954,15,1899,1237,49
2620,299045,17,1902,1238,50
2621,299326,214,1915,1247,57
2622,299454,16,1921,1245,70
2623,299556,21,1936,1254,80
2624,299666,21,1947,1258,87
2625,299759,15,1965,1275,87
2626,299846,16,1966,1269,91
2627,299967,24,1968,1268,94
2628,300287,106,1860,1208,52
