tick,timestamp,query_runtime,trav_index_nodes,trav_vol_nodes,trav_unprod_nodes
0,488,3,7,7,0
1,3343,1,10,10,0
2,3605,2,13,13,0
3,3808,1,15,15,0
4,3968,3,31,31,0
5,4181,4,44,44,0
6,4383,3,49,49,0
7,4599,2,49,49,0
8,4756,2,53,53,0
9,4902,1,56,56,0
10,5054,5,70,70,0
11,5225,3,74,74,0
12,5411,2,76,76,0
13,5587,2,80,80,0
14,5746,1,82,82,0
15,5862,1,88,88,0
16,5985,1,103,103,0
17,6122,1,104,104,0
18,8258,3,114,114,0
19,8411,2,121,121,0
20,8507,1,124,124,0
21,8616,2,135,135,0
22,8744,2,143,143,0
23,8897,1,144,144,0
24,8993,2,148,148,0
25,9164,2,149,149,0
26,9268,1,158,158,0
27,9374,1,164,164,0
28,9491,1,165,165,0
29,9604,2,166,166,0
30,9705,2,173,173,0
31,9807,2,181,181,0
32,9922,1,182,182,0
33,10028,4,194,194,0
34,10147,2,198,198,0
35,10247,3,206,206,0
36,10322,6,209,209,0
37,10458,10,223,223,0
38,10584,2,223,223,0
39,10665,3,225,225,0
40,10739,2,236,236,0
41,10831,2,238,238,0
42,10932,3,239,239,0
43,11050,2,241,241,0
44,11134,2,245,245,0
45,11239,3,246,246,0
46,11341,3,249,249,0
47,11442,2,251,251,0
48,11559,2,253,253,0
49,11680,3,264,264,0
50,11771,2,265,265,0
51,11858,3,266,266,0
52,11955,3,279,279,0
53,12042,3,281,281,0
54,12119,3,284,284,0
55,12213,3,288,288,0
56,12302,3,294,294,0
57,12460,3,302,302,0
58,12568,3,305,305,0
59,12665,3,316,316,0
60,12769,3,325,325,0
61,12862,3,328,328,0
62,12970,3,330,330,0
63,13065,3,332,332,0
64,13155,2,332,332,0
65,13233,3,334,334,0
66,13328,3,337,337,0
67,13414,3,340,340,0
68,13537,3,349,349,0
69,13750,3,354,354,0
70,13885,3,356,356,0
71,13997,4,358,358,0
72,14083,8,358,358,0
73,14185,3,370,370,0
74,14296,4,370,370,0
75,14391,3,372,372,0
76,14533,3,377,377,0
77,14619,3,379,379,0
78,14714,3,383,383,0
79,14811,3,392,392,0
80,14877,3,395,395,0
81,14967,3,397,397,0
82,15065,4,397,397,0
83,15170,3,401,401,0
84,15285,3,401,401,0
85,15359,3,401,401,0
86,15456,5,408,408,0
87,15556,4,408,408,0
88,15670,4,408,408,0
89,15764,4,408,408,0
90,15867,4,417,417,0
91,15959,4,425,425,0
92,16073,3,428,428,0
93,16164,4,444,444,0
94,16278,3,444,444,0
95,16426,4,458,458,0
96,16535,3,462,462,0
97,16635,4,469,469,0
98,16738,4,470,470,0
99,16845,4,480,480,0
100,16930,4,480,480,0
101,17009,4,483,483,0
102,17103,4,483,483,0
103,17176,4,494,494,0
104,17266,4,496,496,0
105,17352,4,496,496,0
106,17465,9,505,505,0
107,17633,4,515,515,0
108,17721,4,517,517,0
109,17829,4,520,520,0
110,17928,5,528,528,0
111,18007,5,540,540,0
112,18106,6,541,541,0
113,18188,5,559,559,0
114,18395,6,562,562,0
115,18518,4,563,563,0
116,18643,5,565,565,0
117,18733,4,570,570,0
118,18858,9,578,578,0
119,18974,5,582,582,0
120,19089,4,583,583,0
121,19189,4,585,585,0
122,19277,5,595,595,0
123,19365,5,608,608,0
124,19464,6,616,616,0
125,19569,5,623,623,0
126,19657,5,626,626,0
127,19764,5,626,626,0
128,19867,6,628,628,0
129,19973,5,632,632,0
130,20089,5,640,640,0
131,20239,5,641,641,0
132,20333,5,641,641,0
133,20418,4,642,642,0
134,20519,4,644,644,0
135,20619,5,648,648,0
136,20729,5,652,652,0
137,20841,6,657,657,0
138,20940,5,658,658,0
139,21026,5,670,670,0
140,21133,5,681,681,0
141,21241,5,686,686,0
142,21345,5,688,688,0
143,21416,5,688,688,0
144,21505,5,690,690,0
145,21607,5,697,697,0
146,21712,5,698,698,0
147,21809,5,701,701,0
148,21905,5,705,705,0
149,22058,5,713,713,0
150,22171,9,713,713,0
151,22282,5,713,713,0
152,22367,6,731,731,0
153,22447,5,731,731,0
154,22535,5,741,741,0
155,22606,5,747,747,0
156,22691,6,748,748,0
157,22786,6,758,758,0
158,22873,6,768,768,0
159,22978,5,769,769,0
160,23068,6,770,770,0
161,23161,6,770,770,0
162,23266,6,775,775,0
163,23364,6,776,776,0
164,23462,6,782,782,0
165,23552,6,782,782,0
166,23697,6,792,792,0
167,23790,6,795,795,0
168,23892,6,796,796,0
169,23982,6,798,798,0
170,24079,7,808,808,0
171,24177,6,822,822,0
172,24290,7,823,823,0
173,24389,6,835,835,0
174,24485,8,844,844,0
175,24591,7,847,847,0
176,24706,7,847,847,0
177,24786,6,860,860,0
178,24876,7,864,864,0
179,24960,6,878,878,0
180,25047,6,885,885,0
181,25132,7,903,903,0
182,25223,8,911,911,0
183,25310,8,912,912,0
184,25459,7,926,926,0
185,25529,7,935,935,0
186,25618,7,938,938,0
187,25722,7,939,939,0
188,25839,7,943,943,0
189,25936,7,947,947,0
190,26015,7,947,947,0
191,26106,7,948,948,0
192,26191,7,954,954,0
193,26276,8,958,958,0
194,26367,7,967,967,0
195,26464,8,978,978,0
196,26551,7,983,983,0
197,26660,8,984,984,0
198,26756,7,986,986,0
199,26844,7,986,986,0
200,26933,7,987,987,0
201,27083,7,988,988,0
202,27160,7,996,996,0
203,27268,7,1007,1007,0
204,27351,7,1009,1009,0
205,27422,8,1020,1020,0
206,27507,8,1031,1031,0
207,27610,7,1035,1035,0
208,27685,8,1035,1035,0
209,27769,8,1044,1044,0
210,27856,8,1045,1045,0
211,27936,7,1053,1053,0
212,28026,13,1054,1054,0
213,28139,8,1055,1055,0
214,28221,9,1057,1057,0
215,28315,8,1057,1057,0
216,28415,9,1059,1059,0
217,28522,26,1059,1059,0
218,28594,9,1062,1062,0
219,28773,86,1072,1072,0
220,28853,8,1075,1075,0
221,28942,8,1075,1075,0
222,29011,8,1078,1078,0
223,29084,10,1089,1089,0
224,29183,8,1092,1092,0
225,29298,7,1093,1093,0
226,29384,8,1095,1095,0
227,29478,8,1100,1100,0
228,29565,10,1105,1105,0
229,29654,9,1109,1109,0
230,29742,9,1116,1116,0
231,29821,8,1120,1120,0
232,29896,9,1120,1120,0
233,29986,8,1121,1121,0
234,30079,8,1122,1122,0
235,30170,12,1131,1123,0
236,30246,9,1133,1117,1
237,30338,13,1140,1113,6
238,30515,9,1141,1089,17
239,30607,10,1141,1071,28
240,30700,11,1153,1064,45
241,30782,8,1157,1052,54
242,30880,8,1157,1053,53
243,30988,9,1159,1055,53
244,31078,8,1171,1067,53
245,31177,8,1174,1070,53
246,31267,9,1176,1072,53
247,31370,9,1178,1074,53
248,31452,9,1178,1074,53
249,31579,10,1181,1077,53
250,31687,12,1182,1078,53
251,31795,9,1182,1078,53
252,31881,9,1190,1086,53
253,31976,10,1190,1086,53
254,32061,10,1194,1090,53
255,32162,11,1194,1090,53
256,32358,106,1197,1093,53
257,32436,8,1200,1096,53
258,32523,8,1203,1099,53
259,32620,9,1204,1100,53
260,32695,9,1206,1102,53
261,32783,9,1211,1107,53
262,32860,10,1211,1107,53
263,32952,9,1218,1114,53
264,33046,9,1211,1116,39
265,33130,8,1222,1127,39
266,33228,9,1226,1131,39
267,33320,10,1230,1135,39
268,33412,10,1234,1124,49
269,33494,9,1240,1115,58
270,33584,10,1244,1098,68
271,33668,10,1248,1086,76
272,33762,10,1248,1071,82
273,33840,9,1259,1074,86
274,33930,10,1262,1063,96
275,34008,10,1261,1057,96
276,34205,10,1264,1040,103
277,34296,9,1269,1034,112
278,34377,10,1286,1039,121
279,34457,9,1291,1033,132
280,34530,9,1300,1032,139
281,34649,10,1307,1027,151
282,34745,10,1317,1023,158
283,34825,10,1316,999,178
284,34922,11,1315,984,191
285,35016,10,1322,988,192
286,35108,9,1321,978,197
287,35177,9,1320,975,198
288,35258,9,1325,978,198
289,35358,9,1326,970,201
290,35465,11,1336,974,213
291,35547,10,1336,964,215
292,35640,11,1338,963,217
293,35722,11,1345,957,225
294,35930,124,1345,945,231
295,36011,9,1349,923,253
296,36106,9,1351,920,258
297,36191,9,1354,913,268
298,36291,10,1350,913,264
299,36373,11,1363,926,263
300,36466,12,1362,927,261
301,36566,9,1359,928,257
302,36654,11,1365,935,256
303,36745,9,1365,935,256
304,36833,11,1366,936,256
305,36917,9,1368,938,256
306,37007,9,1372,942,256
307,37118,9,1375,945,256
308,37231,10,1373,948,251
309,37305,12,1381,956,251
310,37423,10,1379,958,247
311,37506,10,1380,959,247
312,37594,9,1380,959,247
313,37824,13,1380,959,247
314,37935,10,1381,963,244
315,38034,11,1390,973,241
316,38112,9,1387,973,238
317,38198,10,1392,978,238
318,38290,10,1401,983,241
319,38368,11,1402,972,253
320,38465,11,1413,978,258
321,38550,11,1414,974,263
322,38630,11,1416,967,272
323,38713,13,1428,973,275
324,38790,11,1435,975,280
325,38899,17,1441,978,280
326,39004,10,1443,972,288
327,39117,11,1444,966,294
328,39227,11,1453,956,307
329,39303,11,1460,956,314
330,39396,11,1464,956,313
331,39626,10,1463,935,334
332,39724,11,1465,927,345
333,39800,10,1479,931,344
334,39898,10,1478,911,364
335,39999,11,1484,909,370
336,40075,11,1495,917,371
337,40182,11,1495,907,380
338,40258,13,1496,903,383
339,40342,11,1499,896,390
340,40437,14,1505,900,388
341,40533,10,1506,901,388
342,40651,14,1508,899,388
343,40758,10,1509,895,396
344,40850,10,1511,884,407
345,40931,11,1525,897,407
346,41043,10,1527,897,407
347,41124,10,1527,899,405
348,41342,143,1529,889,413
349,41445,10,1537,885,428
350,41539,11,1539,886,428
351,41631,11,1541,885,433
352,41709,11,1542,883,436
353,41780,11,1547,885,433
354,41869,12,1551,885,436
355,41958,11,1551,886,435
356,42092,14,1552,882,438
357,42186,11,1550,879,439
358,42282,12,1549,875,443
359,42372,11,1557,874,445
360,42474,12,1559,873,449
361,42566,14,1559,862,458
362,42890,243,1566,845,481
363,42987,13,1568,836,494
364,43079,12,1566,833,496
365,43160,12,1569,832,502
366,43260,13,1577,836,506
367,43335,14,1583,838,512
368,43419,12,1576,838,505
369,43514,13,1578,836,507
370,43597,12,1586,843,508
371,43687,12,1583,843,505
372,43788,13,1587,841,508
373,43881,12,1594,845,510
374,43963,12,1595,843,512
375,44049,17,1595,840,515
376,44134,14,1600,844,516
377,44386,11,1608,842,524
378,44453,12,1610,845,523
379,44551,11,1619,853,525
380,44642,13,1623,855,527
381,44720,12,1623,849,528
382,44818,13,1625,846,529
383,44905,12,1622,840,531
384,44994,12,1621,837,534
385,45250,101,1094,840,2
386,45349,10,1096,838,4
387,45422,8,1097,837,4
388,45513,8,1100,838,7
389,45586,8,1106,842,8
390,45842,8,1115,836,22
391,45925,7,1125,844,23
392,45995,8,1142,852,34
393,46081,9,1148,855,38
394,46161,9,1151,858,38
395,46241,9,1152,853,47
396,46329,9,1155,853,49
397,46418,9,1160,855,55
398,46504,10,1162,850,62
399,46586,9,1169,857,62
400,46660,9,1169,847,70
401,46739,9,1184,858,76
402,46823,9,1188,858,80
403,46910,9,1189,859,80
404,46992,8,1195,866,79
405,47079,9,1206,873,81
406,49863,10,1210,613,362
407,49992,10,1216,605,381
408,50103,10,1217,598,389
409,50214,10,1213,599,384
410,50338,11,1216,582,406
411,50439,13,1226,584,416
412,50526,10,1234,588,416
413,50629,10,1243,566,450
414,50735,9,1243,552,462
415,50833,14,1244,536,481
416,50941,11,1250,528,496
417,51035,11,1245,523,497
418,51137,11,1257,528,507
419,51239,10,1264,526,519
420,51353,10,1274,525,535
421,51472,10,1295,525,555
422,51564,9,1298,519,566
423,51659,10,1293,510,571
424,51779,10,1297,511,574
425,51881,26,1303,515,572
426,51983,10,1313,519,573
427,52080,9,1315,513,581
428,52172,9,1312,513,579
429,52262,10,1319,518,577
430,52362,10,1325,522,580
431,52451,10,1330,516,590
432,52551,10,1336,520,592
433,52656,12,1337,519,593
434,52758,11,1338,514,600
435,52858,10,1343,518,599
436,53027,16,1345,497,625
437,53109,11,1352,503,627
438,53216,10,1355,503,630
439,53295,10,1353,502,629
440,53412,16,1365,503,643
441,53497,11,1365,501,646
442,53583,13,1383,515,648
443,53669,10,1386,520,646
444,53758,11,1391,517,655
445,53839,11,1401,522,662
446,53934,10,1401,515,669
447,54024,11,1405,521,665
448,54128,10,1405,512,672
449,54216,10,1406,505,680
450,54292,10,1407,503,684
451,54378,10,1411,505,687
452,54546,10,1411,498,704
453,54634,10,1419,502,704
454,54716,11,1419,495,713
455,54811,10,1424,503,709
456,54920,11,1430,498,719
457,55011,10,1431,487,724
458,55101,11,1431,486,725
459,55184,12,1433,488,725
460,55295,10,1431,488,723
461,55380,11,1436,488,726
462,55465,10,1444,498,724
463,55585,10,1444,497,725
464,55682,11,1446,500,724
465,55766,11,1462,515,727
466,55852,10,1464,510,735
467,56003,10,1463,508,739
468,56090,11,1464,501,747
469,56193,11,1464,487,759
470,56277,11,1469,489,761
471,56371,11,1470,479,772
472,56471,11,1480,484,781
473,56593,23,1483,483,781
474,56665,11,1477,466,793
475,56763,11,1482,470,794
476,56865,10,1482,468,800
477,56961,11,1481,462,810
478,57044,12,1478,461,808
479,57130,11,1491,470,811
480,57213,11,1491,465,819
481,57295,12,1493,470,814
482,57378,11,1501,475,816
483,57543,10,1507,480,818
484,57641,11,1511,471,833
485,57737,11,1510,464,843
486,57826,11,1513,465,844
487,57926,11,1515,468,843
488,58039,12,1523,476,843
489,58121,11,1523,480,839
490,58209,11,1524,477,843
491,58300,12,1524,477,843
492,58383,11,1530,474,853
493,58466,13,1537,479,852
494,58555,11,1538,480,852
495,58667,12,1542,481,855
496,58773,14,1543,473,864
497,58868,11,1544,472,866
498,58960,12,1544,466,874
499,59132,13,1546,455,890
500,59228,10,1545,452,897
501,59327,11,1549,446,905
502,59422,11,1553,450,905
503,59506,12,1554,451,905
504,59615,11,1554,448,912
505,59714,11,1555,444,917
506,59833,14,1561,449,922
507,59930,11,1565,450,925
508,60024,13,1565,449,926
509,60110,14,1572,450,929
510,60214,18,1576,452,931
511,60299,17,1577,446,935
512,60393,15,1585,452,932
513,60475,11,1587,454,932
514,60546,13,1593,465,927
515,60721,12,1595,460,934
516,60817,15,1598,456,941
517,60885,10,1597,455,942
518,60970,12,1593,461,932
519,61068,11,1596,465,930
520,61175,11,1608,465,945
521,61254,11,1612,467,949
522,61341,12,1624,475,951
523,61450,12,1636,484,953
524,61556,12,1637,482,956
525,61665,13,1640,484,955
526,61755,12,1645,491,953
527,61838,13,1642,492,948
528,61940,12,1640,491,947
529,62016,13,1640,489,947
530,62091,11,1643,494,945
531,62281,12,1641,494,943
532,62367,12,1644,498,942
533,62465,14,1650,501,952
534,62546,13,1651,496,957
535,62672,12,1646,488,963
536,62779,12,1647,486,968
537,62880,12,1651,483,976
538,62971,12,1651,481,978
539,63062,13,1653,485,977
540,63167,13,1653,485,977
541,63245,14,1664,494,978
542,63336,13,1675,501,986
543,63425,12,1676,499,992
544,63516,13,1682,505,989
545,63616,13,1675,499,993
546,63718,14,1686,508,996
547,63920,112,1686,506,1000
548,64048,13,1684,508,996
549,64151,14,1685,510,995
550,64251,12,1688,506,1005
551,64343,12,1686,507,1002
552,64434,18,1692,509,1006
553,64531,12,1695,511,1005
554,64614,12,1696,509,1010
555,64705,13,1697,510,1010
556,64799,13,1698,506,1015
557,64893,15,1703,510,1016
558,64991,12,1711,521,1012
559,65122,12,1722,525,1021
560,65228,13,1727,531,1020
561,65331,12,1735,539,1020
562,65433,13,1745,541,1023
563,65514,14,1746,542,1021
564,65715,13,1746,539,1025
565,65800,13,1744,541,1021
566,65880,12,1750,549,1019
567,65976,13,1749,551,1016
568,66086,20,1761,561,1017
569,66186,12,1766,564,1019
570,66291,14,1767,565,1019
571,66381,13,1772,573,1016
572,66463,12,1772,573,1016
573,66553,12,1773,569,1021
574,66630,12,1772,570,1016
575,66728,13,1776,570,1021
576,66825,13,1776,570,1021
577,66925,13,1786,577,1021
578,67010,13,1790,582,1020
579,67101,14,1787,582,1016
580,67203,13,1798,589,1016
581,67412,149,1802,594,1015
582,67507,15,1828,616,1021
583,67680,14,1830,618,1021
584,67768,13,1830,618,1021
585,67858,13,1833,620,1018
586,67948,13,1833,618,1020
587,68033,15,1829,618,1016
588,68127,17,1829,618,1016
589,68214,14,1836,623,1015
590,68299,16,1838,625,1017
591,68386,14,1843,629,1016
592,68478,15,1852,630,1025
593,68565,14,1855,633,1025
594,68675,13,1860,637,1027
595,68782,16,1868,640,1037
596,68882,14,1869,636,1041
597,68960,14,1873,638,1043
598,69235,14,1872,627,1057
599,69336,13,1874,631,1055
600,69412,12,1887,644,1053
601,69482,15,1892,650,1052
602,69570,14,1896,656,1050
603,69654,13,1903,665,1048
604,69743,13,1907,666,1051
605,69841,14,1909,666,1054
606,69929,14,1911,668,1054
607,70019,14,1916,674,1052
608,70109,13,1923,681,1050
609,70206,14,1926,682,1052
610,70323,15,1928,680,1052
611,70423,15,1933,685,1052
612,70519,16,1937,686,1052
613,70598,16,1944,690,1056
614,70690,21,1944,687,1057
615,70936,13,1951,688,1063
616,71047,13,1948,686,1059
617,71150,14,1953,691,1057
618,71247,15,1958,693,1058
619,71358,15,1959,694,1058
620,71441,14,1959,694,1058
621,71522,14,1969,703,1059
622,71650,15,1976,709,1059
623,71746,14,1975,704,1063
624,71836,14,1985,714,1062
625,71920,14,1982,713,1060
626,72019,18,1982,716,1057
627,72093,15,1988,725,1054
628,72221,16,1996,731,1055
629,72319,15,1993,730,1052
630,72422,17,1990,715,1062
631,72653,163,1991,714,1064
632,72739,14,1986,714,1059
633,72823,14,1987,716,1058
634,72903,16,1992,721,1058
635,72999,15,1994,721,1065
636,73087,15,2000,725,1067
637,73185,16,2012,734,1064
638,73269,15,2015,736,1064
639,73357,14,2015,736,1064
640,73466,16,2025,745,1062
641,73556,14,2024,746,1060
642,73644,16,2024,746,1060
643,73732,15,2020,746,1056
644,73808,14,2030,752,1054
645,74064,13,2034,750,1060
646,74156,14,2048,765,1059
647,74250,15,2061,779,1057
648,74337,15,2057,779,1053
649,74423,15,2070,794,1050
650,74534,14,2068,792,1050
651,74616,15,2069,792,1052
652,74709,17,2078,797,1052
653,74801,15,2084,802,1051
654,74902,15,2085,803,1051
655,74990,15,2096,811,1054
656,75077,16,2094,808,1054
657,75167,14,2089,809,1048
658,75519,15,2094,807,1052
659,75606,17,2094,800,1059
660,75689,16,2095,801,1059
661,75789,17,2094,805,1049
662,75875,15,2097,807,1046
663,75957,17,2101,810,1046
664,76057,15,2105,812,1047
665,76136,17,2106,811,1047
666,76242,17,2110,814,1044
667,76328,17,2112,809,1051
668,76419,16,2109,809,1048
669,76512,16,2109,802,1050
670,76931,307,2109,798,1056
671,77028,16,2116,794,1062
672,77125,15,2116,792,1062
673,77219,15,2122,800,1060
674,77305,16,2129,807,1057
675,77402,17,2132,811,1055
676,77485,15,2133,812,1055
677,77579,23,2129,812,1051
678,77682,17,2129,812,1051
679,77787,16,2134,817,1051
680,77888,16,2136,819,1051
681,77981,17,2139,823,1050
682,78080,16,2136,823,1047
683,78591,16,2142,829,1047
684,78740,16,2137,833,1038
685,78838,15,2140,838,1036
686,78945,18,2142,840,1036
687,79051,16,2144,842,1035
688,79155,16,2148,848,1033
689,79247,16,2154,854,1033
690,79350,16,2157,857,1032
691,79433,17,2156,857,1031
692,79535,17,2159,860,1031
693,79633,17,2164,865,1031
694,79746,21,2176,877,1031
695,80159,20,2183,839,1087
696,80261,16,2183,808,1123
697,80370,16,2174,787,1137
698,80478,17,2179,772,1157
699,80588,17,2176,768,1158
700,80712,16,2187,747,1194
701,80806,15,2186,747,1193
702,80891,16,2183,740,1197
703,80976,16,2182,735,1201
704,81066,16,2188,728,1214
705,81148,16,2197,727,1226
706,81253,15,2196,711,1239
707,81600,15,2206,710,1254
708,81732,39,2213,715,1254
709,81840,18,2220,702,1276
710,81932,18,2216,690,1282
711,82029,19,2222,679,1294
712,82164,16,2225,674,1303
713,82253,16,2226,672,1306
714,82365,17,2226,659,1328
715,82472,21,2228,655,1335
716,82581,21,2238,636,1365
717,82687,17,2239,622,1382
718,82832,53,2249,623,1390
719,82922,18,2253,618,1401
720,83230,17,2261,600,1429
721,83345,17,2272,605,1433
722,83461,20,2272,587,1451
723,83604,53,2273,582,1458
724,83715,20,2277,575,1472
725,83837,16,2277,572,1475
726,83927,19,2280,558,1491
727,84036,20,2278,549,1497
728,84140,18,2276,542,1497
729,84245,17,2277,537,1501
730,84357,21,2280,534,1507
731,84448,17,2278,532,1508
732,84686,150,2297,537,1524
733,84777,18,2299,525,1540
734,84880,17,2299,509,1563
735,84985,18,2296,500,1567
736,85087,21,2296,502,1566
737,85183,16,2298,481,1589
738,85282,18,2298,481,1589
739,85385,19,2294,480,1587
740,85487,17,2299,475,1596
741,85575,17,2303,478,1595
742,85665,16,2312,486,1593
743,85750,17,2324,492,1601
744,85849,17,2325,493,1601
745,86076,146,2334,501,1600
746,86172,15,2335,496,1604
747,86278,16,2340,489,1614
748,86362,16,2343,489,1620
749,86446,17,2343,476,1637
750,86547,19,2342,473,1639
751,86654,17,2343,469,1645
752,86749,17,2349,476,1643
753,86854,18,2347,472,1644
754,86952,17,2356,480,1636
755,87063,16,2356,481,1634
756,87159,16,2360,480,1644
757,87257,16,2361,481,1644
758,87471,17,2363,483,1651
759,87552,17,2364,484,1649
760,87662,17,2366,478,1658
761,87756,20,2377,486,1670
762,87837,18,2374,480,1678
763,87932,18,2368,470,1683
764,88029,17,2376,477,1687
765,88118,17,2377,481,1682
766,88213,17,2387,490,1676
767,88300,17,2385,488,1676
768,88385,18,2388,495,1672
769,88458,18,2389,492,1678
770,88560,18,2398,496,1678
771,88665,18,2402,499,1672
772,88893,18,2415,509,1675
773,88999,17,2418,514,1673
774,89082,17,2420,511,1675
775,89168,18,2427,514,1673
776,89263,18,2433,520,1670
777,89370,17,2433,519,1670
778,89469,17,2440,521,1663
779,89564,17,2439,509,1681
780,89650,18,2440,514,1677
781,89747,17,2441,515,1674
782,89851,17,2441,513,1678
783,89954,17,2438,511,1677
784,90032,18,2439,509,1678
785,91225,10,761,467,62
786,91307,7,776,482,59
787,91410,6,776,480,62
788,91507,7,780,483,62
789,91593,7,781,483,63
790,91677,7,786,477,78
791,91768,11,790,479,78
792,91833,7,808,485,97
793,91933,7,814,487,100
794,92016,7,811,482,105
795,92120,7,817,483,105
796,92221,7,821,487,105
797,92309,7,825,490,104
798,92396,9,826,491,104
799,92477,8,826,489,105
800,92559,8,836,496,107
801,92833,9,840,478,132
802,92916,7,840,477,134
803,93002,6,844,481,134
804,93089,7,856,485,144
805,93193,8,860,488,140
806,93290,7,867,489,144
807,93391,8,877,489,148
808,93464,7,880,487,153
809,93549,7,880,486,158
810,93781,9,883,485,159
811,93882,8,891,493,159
812,93982,16,889,495,154
813,94086,12,892,491,161
814,94181,8,898,496,161
815,94307,9,901,498,162
816,94393,8,902,496,165
817,94494,8,910,503,162
818,94598,8,911,498,169
819,94690,9,911,497,169
820,94768,8,925,508,169
821,94854,8,929,510,173
822,95105,8,931,510,175
823,95194,8,931,503,188
824,95269,8,939,506,191
825,95364,8,936,510,184
826,95445,8,942,514,186
827,95558,8,941,512,187
828,95643,9,946,515,188
829,95728,8,942,515,184
830,95820,8,948,525,179
831,95906,8,949,519,189
832,96000,7,960,524,207
833,96084,8,957,524,204
834,96169,7,959,523,205
835,96245,8,962,525,205
836,96322,8,971,531,207
837,96414,7,975,535,205
838,96497,9,978,537,206
839,96604,8,987,537,210
840,96709,8,989,537,213
841,96796,10,994,530,223
842,97022,7,996,524,231
843,97110,9,1007,532,231
844,97196,12,1011,533,234
845,97295,7,1007,533,230
846,97381,8,1010,536,230
847,97478,9,1012,539,229
848,97555,8,1015,541,230
849,97637,7,1015,548,221
850,97725,8,1025,557,223
851,97784,8,1025,557,223
852,97884,8,1033,560,223
853,97974,8,1032,559,221
854,98060,8,1032,557,223
855,98138,8,1035,559,225
856,98269,9,1040,560,229
857,98359,10,1054,567,228
858,98450,8,1061,571,231
859,98537,9,1062,570,233
860,98625,10,1064,570,238
861,98707,10,1073,579,238
862,101338,2555,1073,569,254
863,101434,9,1075,515,317
864,101525,9,1078,517,318
865,101610,10,1076,517,316
866,101697,9,1076,516,318
867,101791,9,1074,510,324
868,101884,8,1083,516,326
869,101953,9,1083,518,323
870,102036,8,1084,519,323
871,102143,9,1085,520,323
872,102238,9,1087,522,321
873,102316,8,1089,524,321
874,102419,7,1088,525,319
875,102504,9,1098,532,319
876,102602,8,1102,536,319
877,102694,10,1102,536,319
878,102785,9,1110,544,319
879,102867,11,1114,547,320
880,102939,9,1125,558,321
881,103067,10,1125,548,323
882,103138,8,1128,551,323
883,103226,8,1129,551,326
884,103304,9,1134,556,326
885,103386,9,1132,556,324
886,103465,9,1134,556,325
887,103557,9,1137,558,327
888,103648,8,1140,562,326
889,103730,10,1149,565,332
890,103814,9,1164,580,332
891,103914,9,1169,586,329
892,104000,9,1178,596,328
893,104098,11,1180,598,327
894,104186,9,1179,598,326
895,104261,10,1187,606,326
896,104339,10,1187,605,327
897,104414,9,1185,608,322
898,104476,9,1186,609,322
899,104562,9,1187,610,322
900,104710,9,1192,613,324
901,104800,10,1194,612,328
902,104883,9,1192,618,320
903,104974,10,1202,627,320
904,105053,9,1208,633,319
905,105156,13,1210,635,318
906,105247,10,1210,635,318
907,105328,10,1230,655,317
908,105410,9,1230,657,315
909,105502,11,1236,657,322
910,105589,10,1240,665,312
911,105680,11,1245,670,312
912,105764,10,1251,675,312
913,105862,10,1255,678,311
914,105958,12,1260,682,312
915,106107,9,1272,692,311
916,106185,10,1275,696,310
917,106285,10,1276,697,309
918,106360,10,1273,697,306
919,106443,10,1284,708,306
920,106537,10,1287,708,309
921,106624,10,1289,705,317
922,106715,10,1295,714,312
923,106791,10,1295,714,312
924,106869,10,1304,723,312
925,106960,10,1312,731,312
926,107061,10,1315,730,313
927,107146,11,1324,739,313
928,107230,11,1326,741,313
929,107330,13,1326,744,310
930,107487,12,1338,754,313
931,107569,11,1338,754,313
932,107654,14,1348,764,313
933,107746,12,1349,758,319
934,107831,12,1358,764,323
935,107916,14,1358,764,323
936,107997,11,1363,766,327
937,108084,12,1365,767,327
938,108164,12,1371,769,331
939,108255,11,1372,770,331
940,108360,10,1372,770,331
941,108431,11,1374,772,331
942,108535,12,1377,777,328
943,108654,11,1386,768,352
944,108849,95,1386,747,386
945,108937,11,1391,738,405
946,109040,11,1387,725,414
947,109132,12,1396,715,439
948,109225,11,1398,701,459
949,109321,13,1400,695,470
950,109409,11,1402,687,483
951,109508,11,1412,684,493
952,109605,14,1414,691,489
953,109714,13,1414,670,514
954,109828,11,1409,645,535
955,109926,10,1410,646,534
956,110028,10,1411,647,534
957,110141,10,1414,650,534
958,110240,13,1422,657,542
959,110431,11,1425,660,540
960,110519,12,1433,655,549
961,110593,11,1435,646,564
962,110680,11,1447,655,569
963,110774,11,1455,660,570
964,110871,12,1477,681,568
965,110982,11,1482,662,601
966,111073,12,1485,662,611
967,111168,13,1486,656,619
968,111258,11,1485,656,618
969,111346,13,1486,652,620
970,111443,12,1500,666,617
971,111549,11,1506,672,617
972,111647,11,1508,673,621
973,111733,13,1515,679,620
974,111929,12,1522,655,657
975,112039,15,1521,655,656
976,112151,13,1518,646,666
977,112241,15,1520,641,673
978,112326,11,1532,646,682
979,112425,11,1535,640,689
980,112515,11,1535,629,701
981,112585,14,1533,630,698
982,112682,11,1533,630,698
983,112770,12,1535,630,700
984,112864,15,1540,635,700
985,112956,11,1533,638,689
986,113051,12,1542,647,689
987,113144,15,1558,664,688
988,113339,10,1558,642,715
989,113436,12,1573,650,721
990,113545,12,1579,651,726
991,113620,12,1582,654,726
992,113716,13,1585,649,733
993,113833,13,1591,647,742
994,113930,13,1594,649,744
995,114027,12,1595,641,754
996,114121,12,1600,634,770
997,114206,12,1607,636,775
998,114295,12,1615,639,784
999,114393,12,1615,635,788
1000,114509,12,1622,638,790
1001,114614,13,1624,640,790
1002,114700,12,1624,640,790
1003,114918,12,1627,642,792
1004,115010,12,1631,641,794
1005,115102,14,1641,646,794
1006,115182,12,1638,647,789
1007,115281,13,1644,649,792
1008,115368,15,1644,643,800
1009,115456,14,1659,647,815
1010,115550,12,1666,651,818
1011,115655,15,1670,654,819
1012,115753,13,1661,659,804
1013,115847,12,1665,655,818
1014,115936,13,1666,647,826
1015,116023,12,1666,649,824
1016,116119,12,1668,646,833
1017,116214,12,1669,647,833
1018,116435,145,1669,623,858
1019,116521,13,1669,623,858
1020,116630,16,1674,623,858
1021,116731,13,1679,619,869
1022,116830,12,1675,618,866
1023,116937,14,1677,617,876
1024,117024,15,1678,610,885
1025,117106,13,1678,612,883
1026,117192,13,1678,605,891
1027,117274,13,1679,604,893
1028,117356,13,1681,608,891
1029,117455,14,1689,616,891
1030,117550,14,1697,622,895
1031,117638,14,1697,619,895
1032,117721,14,1696,616,898
1033,117802,13,1692,611,903
1034,118021,148,1697,614,902
1035,118114,12,1705,622,902
1036,118202,12,1712,629,902
1037,118280,12,1715,632,901
1038,118363,12,1715,626,907
1039,118448,13,1722,626,913
1040,118532,12,1723,617,926
1041,118636,14,1723,612,928
1042,118746,14,1728,615,934
1043,118836,13,1729,618,932
1044,118933,15,1736,621,937
1045,119013,13,1735,613,945
1046,119114,12,1738,609,952
1047,119199,15,1738,601,961
1048,119313,13,1743,607,961
1049,119404,14,1755,622,956
1050,119620,13,1757,615,962
1051,119705,13,1769,616,973
1052,119792,13,1777,615,982
1053,119880,14,1782,620,982
1054,119962,13,1783,621,983
1055,120053,14,1782,620,984
1056,120149,13,1788,626,984
1057,120234,14,1787,628,981
1058,120330,14,1779,629,970
1059,120427,14,1783,631,970
1060,120522,14,1790,638,967
1061,120621,13,1787,638,964
1062,120703,14,1796,647,964
1063,120813,14,1795,647,963
1064,120907,14,1797,649,962
1065,120986,15,1797,649,962
1066,121222,165,1805,654,961
1067,121312,12,1808,651,966
1068,121391,15,1826,657,976
1069,121474,14,1826,652,978
1070,121585,14,1826,635,1000
1071,121686,14,1828,633,1004
1072,121770,14,1832,636,1000
1073,121864,13,1834,634,1004
1074,121961,14,1841,636,1009
1075,122058,13,1841,631,1011
1076,122155,13,1840,617,1027
1077,122250,13,1839,612,1029
1078,122346,17,1854,615,1032
1079,122439,14,1854,607,1036
1080,122540,14,1855,607,1035
1081,122626,15,1862,613,1034
1082,122917,212,1856,615,1026
1083,123009,14,1853,607,1030
1084,123099,14,1864,615,1032
1085,123190,13,1867,614,1034
1086,123280,15,1868,606,1045
1087,123364,14,1862,597,1047
1088,123460,13,1863,592,1047
1089,123589,18,1862,580,1065
1090,123693,15,1860,580,1063
1091,123786,15,1864,584,1063
1092,123890,19,1865,580,1067
1093,124002,15,1868,580,1069
1094,124119,15,1872,584,1068
1095,124226,14,1875,581,1075
1096,124315,15,1875,576,1076
1097,124640,15,1876,561,1088
1098,124741,15,1877,560,1089
1099,124844,22,1877,559,1088
1100,124979,31,1881,559,1088
1101,125104,15,1883,561,1087
1102,125187,15,1890,563,1092
1103,125328,20,1891,563,1093
1104,125446,15,1899,573,1091
1105,125539,19,1897,570,1092
1106,125679,25,1907,564,1112
1107,125806,24,1904,559,1111
1108,125914,14,1905,556,1109
1109,126040,15,1906,559,1107
1110,126125,15,1906,555,1108
1111,126226,15,1907,562,1102
1112,126495,14,1906,550,1118
1113,126681,19,1898,546,1117
1114,126780,15,1897,547,1114
1115,126878,16,1903,551,1116
1116,126994,17,1904,552,1115
1117,127125,18,1906,554,1113
1118,127226,17,1916,561,1116
1119,127313,16,1918,562,1118
1120,127423,15,1915,559,1116
1121,127501,14,1915,556,1121
1122,127629,43,1924,548,1142
1123,127741,20,1936,562,1131
1124,128053,210,1940,565,1134
1125,128163,14,1944,571,1131
1126,128259,15,1940,562,1135
1127,128355,15,1943,562,1137
1128,128456,15,1944,560,1136
1129,128544,14,1940,557,1130
1130,128667,34,1944,559,1129
1131,128755,15,1952,566,1132
1132,128863,15,1957,568,1132
1133,128969,16,1962,575,1128
1134,129076,16,1961,575,1127
1135,129196,19,1965,579,1126
1136,129275,17,1967,581,1126
1137,129524,170,1976,590,1124
1138,129624,15,1976,593,1121
1139,129708,14,1984,607,1113
1140,129796,16,1992,615,1112
1141,129897,17,1995,618,1112
1142,129999,17,1999,622,1111
1143,130102,16,1995,623,1106
1144,130195,16,1991,623,1102
1145,130321,17,1992,627,1097
1146,130417,16,2001,636,1097
1147,130511,17,2001,636,1097
1148,130607,18,2003,637,1097
1149,130698,14,2004,638,1096
1150,130933,14,2014,650,1092
1151,131030,16,2017,653,1092
1152,131132,15,2017,654,1091
1153,131226,16,2015,654,1089
1154,131319,15,2017,656,1088
1155,131418,15,2030,671,1085
1156,131524,20,2030,670,1086
1157,131620,18,2035,673,1088
1158,131713,19,2039,665,1101
1159,131807,15,2048,672,1103
1160,131895,15,2053,678,1101
1161,131995,16,2056,681,1098
1162,132097,15,2063,687,1096
1163,132346,15,2067,681,1105
1164,132438,16,2067,675,1113
1165,132544,29,2067,673,1115
1166,132666,21,2076,683,1112
1167,132745,15,2077,680,1115
1168,132837,15,2077,678,1117
1169,132935,18,2084,690,1111
1170,133005,17,2083,691,1109
1171,133101,16,2083,684,1114
1172,133190,15,2092,694,1110
1173,133286,17,2094,693,1115
1174,133373,17,2114,707,1121
1175,133627,173,2114,702,1128
1176,133724,21,2122,708,1126
1177,133820,16,2128,714,1127
1178,133929,16,2129,715,1127
1179,134022,15,2131,717,1127
1180,134113,15,2135,716,1135
1181,134198,17,2135,717,1136
1182,134307,27,2130,718,1127
1183,134401,18,2134,723,1126
1184,134497,15,2132,721,1127
1185,134581,17,2139,723,1132
1186,134679,16,2138,725,1125
1187,134749,16,2137,725,1124
1188,135000,18,2137,721,1127
1189,135089,17,2144,729,1128
1190,136020,115,1051,729,38
1191,136108,9,1052,729,38
1192,136187,9,1066,743,38
1193,136284,13,1072,749,37
1194,136399,9,1073,749,37
1195,136476,10,1076,745,43
1196,136550,8,1076,745,43
1197,136648,8,1080,745,44
1198,136727,9,1092,755,49
1199,136971,8,1093,753,52
1200,137072,10,1094,753,55
1201,137146,8,1102,759,60
1202,137240,8,1102,752,64
1203,137317,12,1110,757,67
1204,137432,10,1110,756,67
1205,137494,9,1117,762,67
1206,137581,9,1124,768,67
1207,137664,9,1126,764,72
1208,137777,11,1132,760,81
1209,137875,9,1136,763,81
1210,137974,9,1138,764,82
1211,138061,9,1149,774,83
1212,138143,9,1150,775,83
1213,138225,9,1168,792,83
1214,138318,9,1170,791,83
1215,138407,9,1173,793,80
1216,138688,9,1178,778,109
1217,138805,9,1188,761,136
1218,138928,16,1195,751,157
1219,139029,9,1203,755,167
1220,139120,10,1209,749,184
1221,139214,9,1209,731,204
1222,139299,9,1210,726,211
1223,139389,10,1220,712,235
1224,139498,12,1226,708,254
1225,139598,9,1230,683,280
1226,139702,10,1231,669,294
1227,139785,10,1238,666,303
1228,139905,13,1238,639,333
1229,140001,10,1246,641,341
1230,140109,10,1247,627,359
1231,140202,13,1251,619,376
1232,140544,12,1263,615,398
1233,140663,15,1266,610,408
1234,140761,13,1277,618,413
1235,140860,10,1278,615,418
1236,140951,11,1277,610,421
1237,141039,9,1279,612,421
1238,141140,9,1293,617,432
1239,141219,10,1294,599,454
1240,141305,10,1299,599,456
1241,141398,10,1302,599,457
1242,141508,9,1307,605,456
1243,141609,10,1308,582,480
1244,141706,10,1326,596,480
1245,141800,12,1327,590,490
1246,141890,11,1329,591,488
1247,141989,11,1325,584,494
1248,142311,245,1322,580,497
1249,142408,10,1329,572,514
1250,142520,10,1327,571,512
1251,142636,13,1328,545,548
1252,142730,10,1331,533,559
1253,142823,10,1340,542,559
1254,142925,12,1344,539,567
1255,143002,10,1352,538,577
1256,143100,11,1352,530,586
1257,143184,12,1374,551,585
1258,143266,12,1375,549,585
1259,143364,11,1380,552,587
1260,143481,15,1385,554,588
1261,143581,13,1382,557,584
1262,143688,11,1396,556,601
1263,143772,10,1395,554,604
1264,144274,16,1403,538,630
1265,144371,12,1405,534,642
1266,144535,14,1407,535,642
1267,144747,12,1412,524,666
1268,144828,12,1421,533,666
1269,144921,13,1420,535,657
1270,145015,11,1426,539,657
1271,145100,11,1436,546,662
1272,145201,11,1442,550,662
1273,145277,10,1442,542,671
1274,145359,11,1438,535,674
1275,145441,11,1439,536,674
1276,145526,13,1441,531,688
1277,145618,10,1451,527,702
1278,145726,13,1458,523,713
1279,145828,12,1468,525,724
1280,148459,11,1467,447,834
1281,148556,12,1478,454,841
1282,148638,11,1480,455,844
1283,148732,13,1484,462,840
1284,148823,12,1495,464,855
1285,148916,12,1495,463,858
1286,149024,14,1507,475,856
1287,149123,12,1511,477,851
1288,149225,12,1519,479,859
1289,149315,12,1524,483,860
1290,149397,12,1529,488,860
1291,149491,12,1547,506,860
1292,149646,50,1546,499,867
1293,149722,13,1552,509,862
1294,149810,17,1562,513,861
1295,149882,13,1569,519,864
1296,150017,12,1579,527,863
1297,150094,11,1580,525,866
1298,150186,13,1586,531,866
1299,150280,13,1586,531,866
1300,150370,12,1588,530,868
1301,150464,12,1588,530,870
1302,150555,13,1600,537,873
1303,150646,12,1609,544,875
1304,150749,12,1609,543,875
1305,150838,12,1609,541,878
1306,150936,16,1616,548,878
1307,151036,13,1621,553,877
1308,151116,13,1627,551,884
1309,151213,13,1630,554,884
1310,151284,13,1635,562,879
1311,151436,65,1634,560,881
1312,151533,14,1638,568,877
1313,151625,14,1638,569,876
1314,151717,14,1642,568,881
1315,151796,12,1651,576,880
1316,151888,12,1651,576,884
1317,151998,13,1655,577,885
1318,152094,13,1652,579,879
1319,152195,12,1650,563,889
1320,152291,11,1653,567,888
1321,152390,12,1660,573,889
1322,152470,14,1661,572,891
1323,152570,12,1663,573,893
1324,152661,12,1664,573,894
1325,152816,13,1667,574,902
1326,152915,12,1661,575,895
1327,152993,12,1671,585,895
1328,153068,12,1680,592,895
1329,153182,15,1681,591,895
1330,153275,14,1684,586,904
1331,153366,14,1690,592,904
1332,153469,13,1698,593,915
1333,153544,13,1706,597,920
1334,153639,14,1717,597,931
1335,153732,14,1723,596,940
1336,153825,14,1726,599,935
1337,153912,13,1726,590,944
1338,154017,14,1726,593,940
1339,154168,12,1731,601,934
1340,154293,15,1733,600,937
1341,154390,12,1737,592,949
1342,154486,14,1748,604,945
1343,154570,17,1747,604,944
1344,154652,14,1749,606,944
1345,154754,16,1756,615,942
1346,154848,14,1756,615,942
1347,154947,16,1759,618,936
1348,155050,14,1760,619,935
1349,155137,14,1763,620,937
1350,155236,14,1762,616,942
1351,155328,15,1763,611,948
1352,155548,121,1763,609,952
1353,155801,18,1768,600,967
1354,155899,14,1775,602,974
1355,155999,14,1778,602,972
1356,156091,16,1781,604,974
1357,156182,17,1784,599,983
1358,156284,15,1786,601,982
1359,156388,14,1789,604,982
1360,156492,15,1789,604,982
1361,156578,15,1789,606,980
1362,156695,16,1792,609,977
1363,156781,14,1798,615,978
1364,156884,15,1799,614,980
1365,157080,91,1799,607,989
1366,157166,16,1800,606,988
1367,157264,15,1824,618,991
1368,157370,18,1805,615,972
1369,157486,17,1802,613,971
1370,157563,14,1811,622,970
1371,157657,16,1827,635,980
1372,157743,14,1827,635,980
1373,157834,13,1830,637,983
1374,157927,13,1831,638,983
1375,158021,18,1833,640,982
1376,158098,13,1831,640,977
1377,158205,14,1832,636,980
1378,158305,14,1833,633,985
1379,158496,14,1835,633,986
1380,158594,13,1843,641,986
1381,158693,13,1844,641,987
1382,158791,13,1849,646,987
1383,158870,14,1852,646,987
1384,158951,14,1859,653,986
1385,159032,13,1860,654,986
1386,159131,15,1864,657,986
1387,159202,14,1870,663,985
1388,159317,21,1869,663,984
1389,159416,14,1870,664,984
1390,159502,14,1882,676,981
1391,159600,14,1889,679,985
1392,159781,15,1897,681,990
1393,159870,15,1897,680,991
1394,159966,17,1897,678,998
1395,160057,14,1903,684,998
1396,160151,14,1908,689,998
1397,160255,14,1909,689,1001
1398,160361,14,1919,699,1001
1399,160467,20,1920,700,1001
1400,160581,15,1924,703,1003
1401,160659,15,1924,703,1003
1402,160748,16,1924,703,1003
1403,160828,14,1924,703,1003
1404,160912,14,1931,710,1001
1405,161101,104,1934,713,1001
1406,161193,14,1932,714,998
1407,161290,15,1932,713,1001
1408,161391,14,1931,713,1000
1409,161488,14,1931,710,1000
1410,161587,14,1934,706,999
1411,161693,15,1933,709,994
1412,161783,15,1939,708,1003
1413,161871,15,1940,708,1001
1414,161974,15,1940,699,1009
1415,162054,13,1948,703,1008
1416,162146,15,1949,704,1007
1417,162253,16,1949,704,1007
1418,162329,16,1967,722,1005
1419,162505,14,1975,728,1005
1420,162594,15,1978,730,1006
1421,162677,14,1979,731,1006
1422,162768,15,1978,730,1007
1423,162862,15,1975,728,1004
1424,162955,15,1983,727,1016
1425,163052,14,1988,732,1016
1426,163138,19,1995,735,1016
1427,163224,15,1999,739,1016
1428,163312,14,2009,749,1016
1429,163398,17,2010,750,1014
1430,163476,15,2015,756,1008
1431,163567,16,2029,770,1002
1432,163651,15,2040,781,1002
1433,163849,119,2054,786,1006
1434,163955,14,2057,782,1013
1435,164043,13,2057,777,1018
1436,164119,15,2057,777,1018
1437,164190,15,2061,777,1025
1438,164286,14,2062,779,1023
1439,164379,15,2065,779,1026
1440,164470,14,2067,784,1023
1441,164559,16,2076,793,1023
1442,164656,15,2075,792,1025
1443,164752,15,2076,793,1025
1444,164835,15,2078,794,1026
1445,164921,15,2078,794,1026
1446,165004,16,2080,796,1026
1447,165220,144,2081,792,1031
1448,165308,16,2078,792,1028
1449,165416,21,2078,795,1025
1450,165497,15,2080,797,1024
1451,165593,15,2076,798,1019
1452,165674,15,2087,809,1019
1453,165764,16,2088,810,1019
1454,165863,15,2089,811,1018
1455,165952,16,2089,811,1018
1456,166049,16,2097,819,1018
1457,166136,14,2104,823,1018
1458,166236,16,2104,823,1016
1459,166329,16,2106,823,1020
1460,166418,16,2107,824,1018
1461,166493,16,2106,825,1016
1462,166712,137,2106,820,1016
1463,166800,15,2111,814,1025
1464,166896,16,2105,814,1019
1465,166984,16,2108,817,1018
1466,167078,15,2110,811,1024
1467,167162,17,2124,825,1023
1468,167253,16,2128,829,1021
1469,167341,18,2128,826,1024
1470,167445,14,2130,823,1026
1471,167537,15,2130,822,1028
1472,167626,16,2132,823,1028
1473,167723,19,2135,826,1028
1474,167806,16,2143,834,1028
1475,167901,15,2146,834,1031
1476,167999,16,2151,838,1032
1477,168215,152,2154,836,1034
1478,168313,14,2159,837,1038
1479,168408,16,2170,844,1045
1480,168513,16,2180,846,1052
1481,168624,15,2180,846,1052
1482,168723,17,2182,833,1079
1483,168854,18,2180,825,1076
1484,168956,18,2184,815,1090
1485,169058,17,2188,804,1110
1486,169160,20,2191,803,1115
1487,169262,19,2186,780,1137
1488,169360,17,2186,771,1144
1489,169471,17,2184,757,1156
1490,169570,17,2190,739,1180
1491,169668,18,2198,723,1214
1492,169918,172,2203,695,1253
1493,170040,15,2206,662,1293
1494,170141,16,2217,666,1301
1495,170237,16,2222,669,1305
1496,170337,16,2225,664,1311
1497,170438,15,2229,671,1302
1498,170555,19,2228,674,1297
1499,170650,20,2220,662,1305
1500,170753,16,2219,657,1309
1501,170847,16,2221,635,1331
1502,170949,16,2218,624,1349
1503,171067,20,2219,620,1353
1504,171175,16,2223,604,1376
1505,171276,17,2222,603,1376
1506,171370,16,2232,614,1375
1507,171634,16,2230,579,1416
1508,171739,16,2231,572,1426
1509,171836,20,2231,553,1452
1510,171942,18,2243,555,1464
1511,172057,16,2244,550,1469
1512,172154,20,2244,545,1476
1513,172252,15,2245,547,1473
1514,172358,19,2246,549,1472
1515,172452,22,2242,535,1483
1516,172557,19,2243,529,1488
1517,172652,16,2239,524,1489
1518,172748,17,2244,531,1487
1519,172842,16,2247,533,1488
1520,173089,16,2249,504,1519
1521,173198,17,2248,488,1545
1522,173296,19,2260,499,1546
1523,173396,20,2264,503,1546
1524,173513,20,2264,474,1581
1525,173591,18,2266,476,1579
1526,173716,18,2269,475,1585
1527,173804,17,2269,475,1585
1528,173901,17,2270,472,1587
1529,174000,16,2274,474,1587
1530,174095,18,2279,482,1584
1531,174191,18,2278,482,1583
1532,174300,17,2277,485,1579
1533,174549,156,2281,478,1591
1534,174655,16,2280,476,1593
1535,174754,25,2281,477,1592
1536,174852,21,2286,471,1607
1537,174936,16,2288,472,1607
1538,175028,17,2293,464,1624
1539,175137,16,2284,465,1614
1540,175239,17,2301,476,1615
1541,175328,17,2309,482,1617
1542,175437,17,2310,467,1636
1543,175536,17,2315,475,1635
1544,175635,20,2315,472,1638
1545,175914,196,2312,472,1634
1546,176004,18,2309,465,1640
1547,176096,17,2310,467,1639
1548,176186,16,2312,469,1638
1549,176287,17,2316,473,1638
1550,176385,17,2318,475,1638
1551,176484,16,2327,484,1638
1552,176592,17,2325,487,1633
1553,176675,17,2327,490,1632
1554,176776,17,2329,492,1630
1555,176893,21,2329,493,1629
1556,176998,17,2332,496,1629
1557,177240,151,2335,497,1629
1558,177340,17,2329,500,1620
1559,177450,17,2336,508,1617
1560,177539,18,2342,514,1617
1561,177625,17,2355,527,1614
1562,177713,17,2357,530,1613
1563,177805,17,2360,533,1613
1564,177907,18,2362,536,1612
1565,178006,23,2365,542,1609
1566,178117,16,2367,545,1608
1567,178203,17,2367,548,1604
1568,178301,17,2364,549,1600
1569,178568,179,2365,550,1600
1570,178677,18,2381,559,1604
1571,178780,17,2386,562,1604
1572,178869,18,2391,567,1602
1573,178960,17,2395,567,1600
1574,179058,21,2404,570,1607
1575,179159,20,2404,569,1608
1576,179236,17,2408,572,1608
1577,179322,20,2415,574,1611
1578,179421,16,2416,568,1622
1579,179531,22,2416,564,1627
1580,179643,17,2419,564,1630
1581,179937,183,2421,565,1632
1582,180072,17,2428,567,1635
1583,181349,122,809,512,78
1584,181441,7,811,512,81
1585,181531,8,818,510,87
1586,181609,8,825,509,96
1587,181699,7,825,503,103
1588,181776,7,832,506,102
1589,181868,14,833,500,115
1590,182113,165,833,484,130
1591,182196,6,833,484,130
1592,182279,7,834,478,137
1593,182368,7,842,476,142
1594,182451,7,846,479,141
1595,182531,7,853,475,151
1596,182643,6,860,478,152
1597,182740,7,865,479,155
1598,182813,8,867,470,166
1599,182895,7,868,470,167
1600,182977,7,873,471,170
1601,183080,9,879,470,176
1602,183165,8,881,463,185
1603,183244,7,893,476,186
1604,183332,7,897,474,193
1605,183446,7,902,477,193
1606,183552,8,901,480,185
1607,183787,7,908,482,194
1608,183868,10,912,483,197
1609,183966,8,913,482,200
1610,184067,7,913,482,201
1611,184128,7,913,480,201
1612,184200,7,914,481,201
1613,184290,7,915,482,201
1614,184382,8,916,482,203
1615,184468,8,922,486,205
1616,184568,9,926,488,208
1617,184666,8,938,485,218
1618,184743,7,953,499,218
1619,184823,7,958,501,218
1620,184912,8,962,499,225
1621,185003,8,960,500,222
1622,185080,9,960,499,223
1623,185169,8,963,502,223
1624,185428,8,970,507,224
1625,185527,9,972,509,224
1626,185616,9,985,522,221
1627,185722,8,988,525,219
1628,185800,11,995,529,220
1629,185876,9,998,532,220
1630,185971,7,995,533,216
1631,186056,8,1018,553,216
1632,186141,11,1032,564,218
1633,186232,9,1039,568,217
1634,186320,10,1039,564,226
1635,186406,9,1039,563,229
1636,186487,9,1043,565,231
1637,186581,8,1047,568,231
1638,186664,9,1061,580,232
1639,186750,9,1064,579,232
1640,186831,9,1066,579,234
1641,187086,17,1063,575,232
1642,187174,9,1075,584,231
1643,187262,8,1077,580,240
1644,187335,12,1084,576,252
1645,187421,8,1086,577,254
1646,187507,8,1099,588,254
1647,187586,10,1098,587,257
1648,187662,9,1096,580,264
1649,187751,10,1094,581,261
1650,187843,11,1094,581,261
1651,187930,10,1100,587,260
1652,188013,9,1106,591,262
1653,188095,11,1107,589,278
1654,188197,10,1108,587,284
1655,188304,9,1110,588,284
1656,188419,9,1119,595,287
1657,188658,9,1116,588,291
1658,188734,9,1116,586,292
1659,188815,9,1116,583,296
1660,188888,8,1121,588,289
1661,188975,11,1134,594,296
1662,189071,9,1142,602,296
1663,189157,9,1142,601,293
1664,189257,8,1144,602,292
1665,189340,9,1147,603,294
1666,189446,9,1152,605,297
1667,189548,9,1157,604,302
1668,189702,9,1156,604,301
1669,189803,9,1158,606,300
1670,189895,12,1158,606,301
1671,189986,10,1158,604,303
1672,190074,10,1160,605,303
1673,190170,10,1158,605,298
1674,190455,11,1160,593,309
1675,190553,10,1171,598,312
1676,190655,12,1169,596,311
1677,190742,14,1170,596,312
1678,190830,10,1173,598,316
1679,190914,11,1194,614,311
1680,190984,10,1197,610,313
1681,191063,10,1195,609,312
1682,191157,12,1197,608,315
1683,191243,11,1199,602,323
1684,191315,12,1219,623,322
1685,191424,10,1229,631,324
1686,191524,15,1232,634,325
1687,191652,11,1233,635,338
1688,191750,11,1237,638,338
1689,191873,11,1241,633,340
1690,192164,11,1244,631,344
1691,192262,10,1241,631,341
1692,192334,10,1242,631,343
1693,192435,17,1245,634,339
1694,192523,10,1260,642,337
1695,192605,10,1263,635,347
1696,192693,9,1264,634,350
1697,192779,10,1266,637,341
1698,192881,14,1265,638,338
1699,192958,13,1266,635,343
1700,193051,10,1272,642,344
1701,193128,12,1282,650,342
1702,193227,10,1283,654,339
1703,193340,10,1284,650,347
1704,193431,9,1298,660,350
1705,193519,11,1303,662,359
1706,193836,237,1306,665,357
1707,193950,11,1321,679,355
1708,194044,11,1327,678,357
1709,194128,11,1326,678,356
1710,194215,10,1331,683,349
1711,194323,16,1333,684,351
1712,194419,10,1341,690,348
1713,194541,11,1343,691,350
1714,194644,35,1351,697,351
1715,194735,11,1351,697,351
1716,194824,12,1363,709,351
1717,194925,12,1371,710,360
1718,195025,13,1372,711,360
1719,195118,12,1377,715,360
1720,195224,13,1373,717,354
1721,195332,16,1376,718,356
1722,195424,15,1377,718,358
1723,198271,14,1391,664,448
1724,198382,11,1391,661,451
1725,198485,12,1391,655,461
1726,198598,12,1389,639,484
1727,198708,11,1389,637,494
1728,198821,11,1388,627,511
1729,198942,11,1388,605,546
1730,199044,12,1400,612,552
1731,199144,12,1404,599,577
1732,199251,12,1404,597,590
1733,199355,11,1410,577,608
1734,199448,15,1409,569,615
1735,199552,13,1410,552,635
1736,199649,11,1412,556,633
1737,199730,12,1420,561,636
1738,199861,52,1424,555,645
1739,199963,11,1422,555,643
1740,200057,11,1431,563,644
1741,200146,11,1441,570,643
1742,200248,11,1444,571,643
1743,200352,11,1451,574,648
1744,200450,12,1456,570,661
1745,200558,11,1456,565,666
1746,200695,17,1455,564,669
1747,200790,11,1463,565,677
1748,200882,12,1463,565,677
1749,200969,12,1468,562,686
1750,201075,11,1472,566,686
1751,201159,12,1480,575,685
1752,201315,73,1481,576,685
1753,201400,12,1481,545,717
1754,201491,12,1488,553,716
1755,201575,12,1496,556,721
1756,201669,11,1496,555,721
1757,201761,12,1505,549,736
1758,201868,12,1504,544,739
1759,201967,12,1506,540,742
1760,202066,11,1506,543,739
1761,202156,12,1507,543,740
1762,202236,13,1506,545,737
1763,202315,12,1508,547,737
1764,202403,12,1508,546,736
1765,202505,11,1517,556,735
1766,202596,13,1516,541,753
1767,202780,13,1522,533,773
1768,202873,12,1519,527,776
1769,202967,14,1527,530,783
1770,203079,17,1533,538,781
1771,203177,11,1534,528,797
1772,203278,15,1537,531,797
1773,203366,13,1544,538,797
1774,203468,13,1546,540,797
1775,203559,12,1549,543,792
1776,203646,12,1546,542,793
1777,203741,12,1562,557,795
1778,203837,13,1564,548,805
1779,203913,12,1562,546,805
1780,204071,91,1560,525,834
1781,204176,12,1563,517,847
1782,204267,13,1565,512,854
1783,204354,14,1568,513,855
1784,204449,14,1571,513,858
1785,204534,12,1577,521,856
1786,204637,12,1587,519,875
1787,204727,13,1589,518,879
1788,204826,12,1591,518,881
1789,204921,14,1591,511,893
1790,205029,12,1591,509,897
1791,205122,14,1591,514,889
1792,205217,12,1593,510,895
1793,205355,14,1595,496,919
1794,205563,12,1598,496,927
1795,205713,40,1601,497,936
1796,205855,13,1601,498,935
1797,205970,13,1606,497,943
1798,206067,12,1609,497,942
1799,206149,12,1611,499,940
1800,206244,12,1615,496,946
1801,206325,13,1615,493,949
1802,206431,13,1616,494,949
1803,206521,12,1624,496,956
1804,206620,18,1633,502,962
1805,206726,13,1634,493,972
1806,206825,13,1634,494,971
1807,207001,91,1639,501,969
1808,207080,12,1639,496,974
1809,207165,13,1647,504,974
1810,207234,13,1647,504,974
1811,207320,13,1644,501,974
1812,207400,13,1643,497,974
1813,207491,12,1635,489,975
1814,207578,12,1638,485,993
1815,207668,12,1643,492,991
1816,207769,13,1643,491,992
1817,207877,14,1642,493,989
1818,207976,13,1645,481,1002
1819,208057,12,1646,482,1002
1820,208147,12,1650,485,1002
1821,208317,12,1650,484,1003
1822,208419,13,1653,488,1002
1823,208514,12,1663,498,1002
1824,208609,12,1672,504,1002
1825,208704,13,1674,507,1001
1826,208785,13,1671,507,998
1827,208868,13,1677,513,994
1828,208962,14,1685,513,1003
1829,209054,13,1685,507,1018
1830,209145,14,1683,504,1019
1831,209236,14,1688,509,1019
1832,209335,12,1690,511,1019
1833,209438,13,1692,515,1017
1834,209534,12,1690,515,1015
1835,209724,13,1697,521,1012
1836,209809,13,1700,528,1008
1837,209898,13,1707,534,1008
1838,209987,12,1708,536,1007
1839,210091,13,1709,537,1006
1840,210190,12,1708,540,999
1841,210283,22,1708,540,999
1842,210384,13,1720,552,999
1843,210467,14,1722,556,996
1844,210543,12,1722,556,996
1845,210631,14,1721,556,995
1846,210714,12,1710,558,981
1847,210813,13,1708,559,978
1848,211011,13,1717,569,977
1849,211105,12,1724,576,977
1850,211208,16,1734,582,975
1851,211313,15,1738,585,976
1852,211401,13,1740,585,977
1853,211499,13,1740,581,980
1854,211587,15,1742,579,984
1855,211690,14,1741,576,986
1856,211796,15,1738,570,990
1857,211877,14,1738,569,991
1858,211974,14,1732,561,989
1859,212066,16,1738,571,985
1860,212167,14,1746,578,984
1861,212244,14,1757,585,987
1862,212457,132,1767,590,990
1863,212556,13,1771,576,1009
1864,212726,16,1780,580,1007
1865,212828,14,1781,580,1007
1866,212930,13,1781,579,1007
1867,213037,22,1783,579,1008
1868,213169,15,1783,574,1015
1869,213250,15,1791,579,1016
1870,213336,15,1791,574,1022
1871,213428,16,1789,575,1019
1872,213518,14,1791,577,1019
1873,213602,13,1795,581,1013
1874,213709,14,1796,583,1012
1875,213793,14,1797,582,1014
1876,214005,120,1800,583,1014
1877,214109,16,1802,580,1015
1878,214207,13,1804,580,1023
1879,214299,13,1811,586,1023
1880,214407,14,1811,585,1024
1881,214494,12,1816,586,1026
1882,214592,17,1837,600,1027
1883,214690,15,1838,596,1034
1884,214782,15,1840,596,1034
1885,214894,15,1837,595,1032
1886,214997,14,1839,596,1031
1887,215115,14,1843,597,1042
1888,215202,16,1849,593,1053
1889,215278,15,1859,604,1045
1890,215365,15,1866,612,1044
1891,215463,17,1867,611,1046
1892,215667,13,1892,631,1047
1893,215758,16,1893,632,1047
1894,215869,15,1894,631,1047
1895,215962,15,1890,627,1045
1896,216068,20,1900,630,1051
1897,216149,15,1900,628,1052
1898,216244,17,1900,628,1052
1899,216336,15,1904,632,1052
1900,216426,16,1909,631,1058
1901,216511,14,1909,628,1061
1902,216616,18,1909,621,1066
1903,216729,22,1908,621,1066
1904,216827,16,1913,626,1066
1905,216922,15,1917,630,1066
1906,217025,15,1916,630,1065
1907,217264,15,1915,622,1071
1908,217359,16,1926,635,1069
1909,217449,14,1932,631,1080
1910,217522,14,1938,633,1082
1911,217603,15,1941,635,1081
1912,217704,16,1942,634,1085
1913,217787,15,1937,629,1089
1914,217874,15,1935,629,1087
1915,217963,14,1927,626,1084
1916,218046,15,1935,633,1083
1917,218132,16,1935,633,1083
1918,218235,15,1942,630,1093
1919,218334,15,1955,644,1092
1920,218450,20,1965,649,1095
1921,218558,21,1959,648,1091
1922,218659,15,1970,659,1089
1923,218886,15,1980,666,1089
1924,218988,16,1985,669,1087
1925,219096,16,1984,667,1089
1926,219196,14,1982,666,1088
1927,219314,14,1988,672,1088
1928,219405,15,1997,679,1088
1929,219482,16,2009,689,1090
1930,219568,16,2008,680,1098
1931,219662,16,2012,686,1094
1932,219760,16,2021,693,1094
1933,219848,16,2029,698,1096
1934,219928,15,2031,698,1097
1935,220022,15,2032,692,1104
1936,220105,15,2032,686,1111
1937,220199,15,2043,699,1109
1938,220293,16,2055,712,1107
1939,220515,16,2055,711,1108
1940,220614,16,2061,717,1105
1941,220710,22,2056,717,1099
1942,220798,19,2060,718,1101
1943,220893,16,2061,716,1104
1944,221003,15,2061,713,1108
1945,221096,16,2068,720,1108
1946,221199,16,2071,721,1108
1947,221306,17,2073,724,1105
1948,221424,15,2073,727,1098
1949,221523,17,2076,733,1094
1950,221630,19,2080,733,1095
1951,221724,20,2082,729,1106
1952,221816,17,2083,728,1108
1953,222066,16,2082,728,1106
1954,222161,17,2086,732,1106
1955,222257,17,2086,730,1110
1956,222354,16,2091,729,1118
1957,222443,19,2093,730,1118
1958,222515,16,2099,734,1121
1959,222601,16,2103,738,1120
1960,222685,16,2109,740,1121
1961,222767,15,2109,738,1121
1962,222847,16,2109,729,1129
1963,222936,16,2111,731,1128
1964,223038,16,2111,728,1128
1965,223178,19,2114,730,1129
1966,223467,35,2116,731,1130
1967,223579,15,2125,740,1126
1968,223675,16,2126,738,1129
1969,223780,16,2126,739,1128
1970,223873,16,2129,740,1128
1971,223972,18,2132,736,1138
1972,224043,16,2140,742,1144
1973,224118,16,2147,747,1147
1974,224214,17,2149,749,1147
1975,224308,17,2148,750,1145
1976,224414,16,2146,740,1155
1977,224507,17,2148,742,1155
1978,224765,173,2148,728,1169
1979,224874,20,2150,723,1175
1980,224947,16,2151,728,1161
1981,225031,16,2153,732,1157
1982,225376,95,1004,736,3
1983,225453,8,1005,736,4
1984,225545,8,1008,739,4
1985,225617,9,1019,746,4
1986,225694,9,1021,747,4
1987,225787,9,1034,760,4
1988,225874,9,1038,764,4
1989,225969,11,1041,766,4
1990,226185,9,1043,767,4
1991,226261,9,1045,769,4
1992,226362,9,1051,773,4
1993,226433,9,1058,776,4
1994,226524,9,1065,783,4
1995,226619,9,1069,787,4
1996,226714,9,1071,789,4
1997,226801,9,1076,792,4
1998,226876,10,1085,798,4
1999,226965,10,1089,802,4
2000,227043,9,1098,811,4
2001,227119,10,1105,816,4
2002,227217,10,1111,822,4
2003,227299,9,1112,823,4
2004,227390,9,1115,826,4
2005,227639,9,1129,839,4
2006,227713,11,1129,839,4
2007,227791,9,1131,840,4
2008,227870,10,1135,844,4
2009,227950,9,1145,854,4
2010,228028,9,1146,855,4
2011,228109,9,1151,857,4
2012,228184,9,1154,860,4
2013,228260,8,1156,862,4
2014,228353,11,1157,854,13
2015,228459,9,1151,847,17
2016,228545,9,1160,824,49
2017,228693,12,1174,817,86
2018,228798,10,1175,787,118
2019,228900,10,1175,762,146
2020,229001,11,1185,770,146
2021,229290,11,1187,739,188
2022,229414,12,1190,721,216
2023,229522,11,1193,722,220
2024,229630,9,1195,696,252
2025,229755,10,1203,700,254
2026,229847,10,1207,704,254
2027,229943,11,1208,697,261
2028,230022,9,1213,688,275
2029,230118,11,1218,684,284
2030,230218,10,1227,683,296
2031,230311,9,1235,683,305
2032,230408,13,1236,671,317
2033,230499,11,1237,658,336
2034,230608,13,1253,671,339
2035,230887,187,1254,643,381
2036,230980,9,1255,617,414
2037,231076,9,1263,614,425
2038,231173,11,1264,608,433
2039,231281,11,1277,620,430
2040,231391,10,1283,614,442
2041,231482,12,1284,597,459
2042,231572,10,1298,602,465
2043,231660,10,1307,604,471
2044,231742,11,1311,604,475
2045,231835,10,1311,602,480
2046,231920,10,1323,615,479
2047,232015,11,1325,608,488
2048,232167,12,1332,609,496
2049,232341,11,1336,600,507
2050,232596,11,1341,586,532
2051,232684,11,1344,589,531
2052,232778,11,1348,583,542
2053,232875,15,1349,584,542
2054,232959,11,1352,575,556
2055,233053,11,1354,575,556
2056,233157,11,1350,566,564
2057,233253,11,1363,567,581
2058,233360,11,1363,560,589
2059,233451,10,1367,564,589
2060,233536,12,1376,572,586
2061,233627,11,1378,563,595
2062,233740,13,1380,558,603
2063,233841,12,1388,562,608
2064,233951,11,1403,574,613
2065,234200,11,1404,563,624
2066,234296,10,1414,560,637
2067,234398,10,1415,558,646
2068,234484,10,1416,559,646
2069,234565,11,1419,560,648
2070,234642,10,1430,570,649
2071,234744,10,1431,565,655
2072,234822,11,1430,555,664
2073,234905,10,1430,554,665
2074,235023,11,1430,542,673
2075,235108,10,1434,537,683
2076,235202,13,1440,543,684
2077,235306,14,1448,542,699
2078,235398,11,1446,537,703
2079,235496,12,1461,552,703
2080,235735,12,1460,549,705
2081,235828,11,1469,553,708
2082,235908,12,1478,557,716
2083,235996,12,1491,556,730
2084,236085,11,1493,554,736
2085,236170,12,1496,555,739
2086,236279,12,1502,550,746
2087,236386,14,1516,554,756
2088,236481,13,1519,556,754
2089,236569,12,1528,565,752
2090,236675,14,1535,570,751
2091,236778,13,1535,555,770
2092,236867,18,1544,553,786
2093,236979,20,1545,550,790
2094,237253,205,1554,541,803
2095,237334,14,1555,539,805
2096,237423,12,1564,536,815
2097,237504,11,1563,536,814
2098,237597,11,1571,539,823
2099,237689,11,1571,533,824
2100,237769,12,1576,540,822
2101,237852,12,1579,534,832
2102,237943,13,1581,536,832
2103,238047,11,1584,539,832
2104,238153,14,1588,542,833
2105,238221,12,1588,533,842
2106,238297,13,1589,534,842
2107,238382,12,1593,533,844
2108,238469,12,1603,543,844
2109,238687,151,1608,547,846
2110,238789,12,1617,551,850
2111,238886,13,1622,549,860
2112,238983,13,1620,547,861
2113,239071,12,1623,550,861
2114,239173,13,1622,547,863
2115,239283,14,1622,548,862
2116,239371,13,1621,550,856
2117,239445,12,1631,560,854
2118,239530,12,1630,558,855
2119,239630,14,1631,559,855
2120,239710,13,1631,559,855
2121,239803,12,1642,566,855
2122,239889,14,1644,566,857
2123,239974,12,1644,565,855
2124,240071,14,1655,560,880
2125,240341,12,1673,570,892
2126,240418,13,1679,575,891
2127,240515,13,1688,584,891
2128,240601,14,1693,589,891
2129,240697,14,1699,592,892
2130,240787,14,1707,598,894
2131,240870,14,1709,600,894
2132,240959,13,1726,617,886
2133,241055,12,1723,617,883
2134,241139,13,1723,614,886
2135,241226,14,1722,614,887
2136,241324,13,1728,610,899
2137,241411,13,1729,609,902
2138,241492,13,1735,611,905
2139,241596,13,1749,623,907
2140,241838,14,1765,637,910
2141,241930,13,1768,638,914
2142,242024,12,1768,637,915
2143,242109,13,1770,639,915
2144,242187,13,1777,646,914
2145,242282,15,1788,654,922
2146,242390,14,1788,654,922
2147,242495,13,1790,656,922
2148,242593,13,1791,649,930
2149,242686,14,1789,649,928
2150,242783,13,1789,650,927
2151,242897,14,1789,639,942
2152,242995,14,1786,639,939
2153,243091,13,1778,638,931
2154,243185,14,1774,634,927
2155,245466,13,1779,581,1002
2156,245567,14,1783,586,999
2157,245665,13,1781,585,998
2158,245754,14,1793,591,1005
2159,245849,14,1794,592,1005
2160,245925,13,1808,606,1005
2161,246013,13,1808,612,999
2162,246099,14,1806,611,999
2163,246183,14,1823,628,999
2164,246280,14,1823,626,1001
2165,246361,15,1835,638,1000
2166,246460,14,1834,634,1007
2167,246561,13,1841,641,1007
2168,246644,13,1843,636,1017
2169,246740,20,1844,632,1024
2170,246860,14,1842,632,1022
2171,246941,14,1843,629,1024
2172,247028,14,1845,631,1024
2173,247115,14,1848,633,1027
2174,247189,14,1847,635,1024
2175,247270,14,1849,637,1024
2176,247358,13,1851,633,1033
2177,247459,22,1854,636,1032
2178,247532,14,1854,632,1036
2179,247618,14,1866,646,1034
2180,247714,13,1866,643,1037
2181,247812,14,1872,647,1037
2182,247905,14,1872,641,1039
2183,248000,13,1874,642,1041
2184,248129,14,1874,639,1041
2185,248219,14,1883,646,1041
2186,248305,13,1891,653,1042
2187,248393,14,1900,661,1043
2188,248473,15,1900,661,1043
2189,248575,14,1901,662,1042
2190,248679,13,1905,663,1042
2191,248761,14,1912,669,1043
2192,248865,15,1915,671,1045
2193,248965,18,1935,690,1043
2194,249044,15,1939,688,1049
2195,249142,16,1943,688,1050
2196,249252,17,1949,694,1049
2197,249351,16,1953,698,1046
2198,249510,18,1961,703,1047
2199,249621,16,1961,704,1046
2200,249714,19,1969,707,1050
2201,249825,15,1971,702,1051
2202,249925,17,1974,704,1054
2203,250032,15,1982,708,1059
2204,250142,15,1984,708,1059
2205,250237,14,1981,707,1057
2206,250326,17,1989,715,1055
2207,250413,16,1992,721,1052
2208,250509,16,1991,717,1054
2209,250617,18,1990,715,1052
2210,250690,15,1993,716,1050
2211,250836,15,1996,719,1050
2212,250925,15,2006,728,1050
2213,251025,15,2006,729,1049
2214,251129,15,2006,725,1053
2215,251216,15,2012,731,1053
2216,251320,15,2018,736,1053
2217,251396,16,2023,741,1052
2218,251498,15,2023,737,1058
2219,251569,15,2027,738,1065
2220,251692,16,2029,739,1066
2221,251783,15,2019,738,1057
2222,251871,18,2018,740,1054
2223,252023,73,2022,741,1056
2224,252113,15,2024,743,1049
2225,252200,15,2023,745,1042
2226,252294,16,2036,755,1044
2227,252378,15,2035,755,1043
2228,252475,15,2034,755,1042
2229,252567,15,2037,758,1042
2230,252664,15,2036,756,1043
2231,252751,15,2038,758,1043
2232,252839,16,2038,757,1043
2233,252938,16,2038,759,1039
2234,253021,16,2038,756,1039
2235,253123,15,2038,753,1045
2236,253289,15,2044,759,1047
2237,253371,15,2046,761,1047
2238,253491,20,2047,762,1045
2239,253599,15,2047,762,1045
2240,253692,16,2049,765,1044
2241,253793,16,2050,766,1044
2242,253870,15,2050,764,1047
2243,253957,15,2052,766,1047
2244,254042,16,2061,776,1044
2245,254132,16,2058,772,1045
2246,254237,15,2060,774,1045
2247,254310,14,2060,771,1048
2248,254488,97,2059,771,1047
2249,254594,15,2069,783,1045
2250,254699,15,2086,798,1043
2251,254797,16,2080,798,1037
2252,254888,17,2098,814,1035
2253,254996,15,2099,802,1052
2254,255086,15,2101,805,1051
2255,255172,15,2104,808,1051
2256,255263,14,2107,813,1047
2257,255356,15,2107,813,1047
2258,255450,15,2107,808,1050
2259,255548,15,2107,804,1052
2260,255633,16,2108,795,1055
2261,255818,103,2115,784,1065
2262,255916,16,2119,786,1064
2263,256016,16,2124,789,1066
2264,256098,15,2117,789,1059
2265,256187,15,2118,789,1060
2266,256279,15,2119,780,1069
2267,256360,16,2120,777,1069
2268,256458,16,2121,778,1068
2269,256543,15,2125,780,1070
2270,256632,15,2130,782,1071
2271,256716,16,2130,776,1077
2272,256799,23,2129,776,1077
2273,256883,16,2127,776,1075
2274,257071,114,2127,770,1080
2275,257166,17,2129,772,1080
2276,257258,18,2126,769,1083
2277,257338,16,2134,774,1083
2278,257429,17,2132,770,1084
2279,257504,16,2132,770,1084
2280,257585,16,2131,770,1083
2281,257678,17,2129,769,1082
2282,257779,17,2126,762,1076
2283,257891,18,2132,763,1078
2284,257983,18,2137,770,1075
2285,258089,17,2136,769,1075
2286,258186,16,2135,750,1088
2287,258286,16,2126,749,1080
2288,258493,16,2126,732,1097
2289,258597,15,2124,721,1116
2290,258705,16,2117,714,1116
2291,258801,15,2120,702,1137
2292,258899,17,2121,686,1153
2293,258983,16,2130,684,1169
2294,259068,16,2134,696,1161
2295,259172,16,2133,697,1157
2296,259278,16,2133,680,1179
2297,259369,16,2142,667,1197
2298,259478,16,2144,661,1203
2299,259578,16,2142,651,1208
2300,259671,19,2139,645,1216
2301,259866,16,2140,628,1235
2302,259966,16,2145,625,1249
2303,260060,17,2144,623,1250
2304,260155,17,2143,618,1257
2305,260248,15,2150,617,1265
2306,260345,16,2150,597,1287
2307,260438,15,2150,584,1305
2308,260537,14,2151,580,1312
2309,260641,17,2154,569,1328
2310,260745,22,2172,577,1334
2311,260834,16,2182,587,1330
2312,260926,17,2180,578,1337
2313,261020,19,2190,569,1359
2314,261120,17,2191,563,1366
2315,261221,16,2190,552,1379
2316,261441,15,2192,537,1400
2317,261528,18,2194,538,1407
2318,261624,17,2203,547,1403
2319,261714,16,2201,546,1403
2320,261804,17,2205,546,1408
2321,261931,15,2203,545,1407
2322,262013,18,2209,554,1404
2323,262107,17,2214,563,1400
2324,262196,16,2212,561,1403
2325,262289,17,2224,560,1408
2326,262386,17,2234,560,1417
2327,262488,15,2235,560,1418
2328,262589,17,2241,559,1426
2329,262686,17,2236,551,1431
2330,262934,164,2242,550,1442
2331,263047,22,2245,550,1445
2332,263192,17,2244,534,1465
2333,263295,17,2256,532,1477
2334,263389,17,2258,524,1491
2335,263498,16,2255,509,1508
2336,263590,17,2256,504,1514
2337,263695,18,2255,492,1526
2338,263796,17,2256,492,1527
2339,263913,18,2257,490,1527
2340,263998,17,2266,491,1541
2341,264096,18,2264,491,1539
2342,264212,19,2264,491,1539
2343,264318,18,2263,492,1533
2344,264409,20,2267,491,1539
2345,264497,17,2269,493,1537
2346,264727,16,2273,470,1565
2347,264823,16,2273,474,1561
2348,264908,17,2274,473,1569
2349,264994,16,2268,473,1563
2350,265067,19,2268,473,1563
2351,265164,25,2279,483,1563
2352,265264,16,2292,496,1560
2353,265362,16,2285,484,1570
2354,265488,23,2288,479,1575
2355,265589,16,2292,481,1575
2356,265696,17,2293,482,1574
2357,265800,21,2295,482,1577
2358,265889,16,2305,484,1583
2359,265986,18,2308,489,1578
2360,266112,17,2308,486,1578
2361,266380,185,2309,479,1591
2362,266488,18,2307,469,1608
2363,266587,16,2316,478,1606
2364,266695,17,2317,473,1613
2365,266832,22,2315,463,1623
2366,266986,22,2317,464,1624
2367,267165,21,2319,466,1622
2368,267294,18,2334,481,1621
2369,267400,20,2336,481,1621
2370,267499,19,2336,465,1640
2371,267598,19,2335,461,1647
2372,267702,18,2338,465,1646
2373,267813,21,2331,468,1633
2374,267917,17,2334,469,1637
2375,268173,17,2333,458,1647
2376,268252,16,2330,458,1644
2377,268345,16,2332,459,1645
2378,268443,18,2332,451,1656
2379,268531,16,2332,442,1666
2380,268614,17,2332,442,1666
2381,268712,16,2334,444,1664
2382,268807,17,2334,443,1665
2383,268919,17,2342,446,1673
2384,269009,17,2338,441,1674
2385,269111,19,2339,430,1688
2386,269215,16,2347,432,1693
2387,269303,17,2355,431,1702
2388,269405,16,2355,431,1700
2389,269698,20,2363,433,1703
2390,269790,17,2369,430,1717
2391,269878,19,2380,428,1729
2392,269996,24,2384,431,1727
2393,270117,22,2384,430,1727
2394,271406,66,658,399,40
2395,271503,7,679,414,41
2396,271600,6,682,415,42
2397,271828,6,682,412,47
2398,271920,6,684,402,58
2399,272011,6,690,405,58
2400,272087,6,699,413,58
2401,272186,6,705,415,59
2402,272273,6,708,416,59
2403,272364,12,717,425,59
2404,272472,7,717,422,66
2405,272544,6,717,411,76
2406,272623,6,724,418,76
2407,272715,7,736,427,82
2408,272801,5,742,427,88
2409,272883,6,742,420,97
2410,272963,7,753,427,99
2411,273050,7,754,422,110
2412,273133,6,753,430,101
2413,273211,6,755,430,104
2414,273300,6,755,430,104
2415,273395,6,765,438,104
2416,273656,7,764,438,103
2417,273773,8,767,441,103
2418,273879,10,773,446,103
2419,273985,9,776,449,103
2420,274096,7,771,450,97
2421,274171,6,775,454,97
2422,274261,7,781,460,95
2423,274356,7,795,474,95
2424,274452,7,795,474,95
2425,274551,7,804,480,95
2426,274662,6,804,480,95
2427,274757,6,809,484,95
2428,274860,7,815,491,92
2429,274954,8,825,498,92
2430,275030,9,838,511,92
2431,275124,7,839,513,89
2432,275384,169,840,514,89
2433,275469,7,842,504,100
2434,275570,7,845,497,114
2435,275657,6,844,497,113
2436,275745,7,848,500,115
2437,275836,6,852,502,116
2438,275916,7,855,505,116
2439,276012,7,856,506,116
2440,276099,7,870,519,116
2441,276198,7,872,521,114
2442,276280,7,877,526,110
2443,276374,7,894,540,113
2444,276465,7,896,541,116
2445,276551,7,904,547,119
2446,276633,7,906,548,122
2447,276722,8,908,550,122
2448,276811,8,917,559,122
2449,277054,168,919,554,132
2450,277146,9,921,551,139
2451,277249,10,924,546,147
2452,277337,9,926,547,149
2453,277424,8,929,547,152
2454,277491,8,946,563,154
2455,277575,9,951,568,152
2456,277642,8,954,569,152
2457,277724,7,958,573,152
2458,277802,8,958,572,155
2459,277876,8,962,576,155
2460,277970,8,963,575,159
2461,278055,8,963,572,162
2462,278136,8,971,577,162
2463,278217,9,980,584,165
2464,278325,8,984,586,170
2465,278586,172,985,582,174
2466,278663,8,993,588,175
2467,278751,8,1007,600,175
2468,278832,8,1016,610,173
2469,278910,8,1018,608,179
2470,279002,8,1022,607,184
2471,279081,9,1019,606,184
2472,279174,8,1019,606,184
2473,279255,8,1022,611,182
2474,279333,9,1023,612,182
2475,279412,9,1030,618,182
2476,279518,9,1038,623,184
2477,279619,9,1036,624,182
2478,279701,9,1048,636,183
2479,279789,9,1042,630,189
2480,279872,11,1043,630,191
2481,280115,8,1046,623,201
2482,280194,8,1061,635,202
2483,280281,8,1060,632,211
2484,280371,8,1062,631,217
2485,280465,9,1063,631,218
2486,280549,9,1066,632,220
2487,280629,9,1067,633,220
2488,280722,10,1070,631,225
2489,280805,10,1084,645,224
2490,280889,10,1089,650,221
2491,280982,8,1094,654,221
2492,281057,9,1094,654,221
2493,281140,9,1097,659,219
2494,281241,10,1105,666,218
2495,281316,10,1117,676,218
2496,281405,9,1115,676,216
2497,281641,10,1115,675,217
2498,281726,9,1108,676,209
2499,281833,10,1121,689,209
2500,281943,11,1121,688,209
2501,282029,9,1122,686,212
2502,282115,9,1121,687,210
2503,282196,9,1122,688,210
2504,282267,9,1128,692,212
2505,282352,9,1128,687,218
2506,282426,9,1131,690,216
2507,282510,9,1133,692,216
2508,282589,10,1134,692,217
2509,282680,11,1136,693,218
2510,282756,9,1133,692,218
2511,282845,10,1135,690,222
2512,282940,9,1138,691,227
2513,283172,9,1136,680,230
2514,283261,10,1153,697,230
2515,283347,10,1158,700,230
2516,283418,9,1177,714,230
2517,283499,10,1185,714,239
2518,283589,10,1193,721,242
2519,283691,9,1201,723,248
2520,283763,10,1204,726,248
2521,283836,10,1207,719,254
2522,283921,9,1208,718,257
2523,284022,10,1210,719,259
2524,284104,12,1221,729,257
2525,284197,10,1223,730,260
2526,284287,10,1234,734,259
2527,284375,14,1245,747,257
2528,284449,10,1246,746,259
2529,286593,11,1258,720,288
2530,286673,10,1259,721,285
2531,286759,9,1258,718,290
2532,286842,10,1274,734,287
2533,286923,10,1273,730,289
2534,287016,10,1271,730,287
2535,287106,10,1268,730,284
2536,287192,12,1269,732,283
2537,287287,12,1270,733,283
2538,287368,11,1269,737,274
2539,287462,11,1279,746,275
2540,287534,11,1286,753,275
2541,287622,11,1291,757,275
2542,287723,11,1293,759,275
2543,287794,10,1295,759,278
2544,287929,51,1289,761,269
2545,288009,12,1288,756,269
2546,288099,11,1296,763,271
2547,288217,10,1292,764,266
2548,288297,10,1294,763,266
2549,288390,10,1298,766,265
2550,288479,11,1294,751,280
2551,288589,11,1296,730,301
2552,288699,11,1297,711,318
2553,288819,10,1295,686,345
2554,288924,11,1294,680,354
2555,289017,11,1302,671,370
2556,289114,11,1304,659,392
2557,289214,10,1306,654,399
2558,289309,12,1305,648,410
2559,289409,11,1316,649,415
2560,289567,12,1318,624,451
2561,289652,12,1318,623,452
2562,289754,10,1321,620,459
2563,289839,10,1328,627,459
2564,289937,10,1330,633,455
2565,290011,11,1342,643,461
2566,290105,11,1353,647,471
2567,290208,11,1361,653,471
2568,290304,11,1366,651,482
2569,290400,11,1364,650,483
2570,290500,11,1370,656,483
2571,290603,12,1372,658,483
2572,290698,12,1382,653,501
2573,290792,11,1390,661,501
2574,290888,12,1395,666,500
2575,291028,67,1397,665,505
2576,291131,11,1395,648,522
2577,291225,11,1398,645,528
2578,291315,12,1400,645,531
2579,291390,11,1403,648,521
2580,291464,11,1410,655,521
2581,291548,11,1418,662,523
2582,291636,11,1420,650,543
2583,291740,11,1420,633,563
2584,291838,11,1417,632,567
2585,291916,11,1426,626,588
2586,292000,10,1433,629,603
2587,292087,11,1436,631,605
2588,292182,11,1442,625,619
2589,292276,11,1440,620,628
2590,292475,11,1440,605,643
2591,292580,11,1440,604,643
2592,292678,11,1443,599,650
2593,292751,11,1454,610,649
2594,292849,12,1458,609,657
2595,292935,11,1459,611,656
2596,293033,11,1459,611,656
2597,293112,12,1462,614,656
2598,293206,10,1460,600,668
2599,293294,11,1471,605,673
2600,293376,12,1469,592,685
2601,293487,11,1469,580,697
2602,293585,12,1475,561,725
2603,293668,13,1479,564,727
2604,293853,13,1481,540,755
2605,293938,12,1483,542,755
2606,294035,13,1491,536,773
2607,294120,13,1500,544,774
2608,294219,12,1513,556,773
2609,294309,11,1516,557,775
2610,294391,12,1525,565,777
2611,294503,12,1531,571,777
2612,294599,13,1535,575,777
2613,294714,13,1540,570,787
2614,294809,14,1541,568,790
2615,294905,12,1550,565,807
2616,294986,13,1557,572,806
2617,295061,12,1580,593,806
2618,295241,12,1588,589,814
2619,295332,12,1593,588,822
2620,295410,13,1593,588,822
2621,295494,12,1598,592,824
2622,295595,12,1605,590,835
2623,295698,12,1606,591,835
2624,295793,13,1603,592,831
2625,295898,14,1606,595,831
2626,295986,13,1607,596,831
2627,296069,12,1608,593,835
2628,296140,13,1615,594,843
2629,296234,12,1619,600,841
2630,296328,13,1627,608,841
2631,296419,12,1629,609,841
2632,296617,124,1648,622,841
2633,296705,12,1648,622,841
2634,296796,12,1646,623,838
2635,296918,12,1649,626,833
2636,297007,13,1650,620,840
2637,297094,13,1653,627,836
2638,297185,13,1653,618,836
2639,297281,15,1655,620,836
2640,297369,13,1655,618,838
2641,297459,14,1657,620,838
2642,297562,13,1657,614,848
2643,297663,15,1658,615,850
2644,297763,13,1660,617,850
2645,297850,12,1661,620,846
2646,297929,13,1674,632,848
2647,298112,13,1678,628,857
2648,298208,13,1675,623,861
2649,298291,13,1678,623,864
2650,298374,13,1687,627,871
2651,298453,13,1688,628,871
2652,298554,14,1697,637,870
2653,298654,14,1697,634,874
2654,298745,14,1695,627,872
2655,298838,13,1695,627,872
2656,298924,13,1702,623,881
2657,299011,12,1705,626,879
2658,299112,14,1700,624,876
2659,299238,16,1700,617,884
2660,299325,14,1694,620,875
2661,299506,13,1703,618,888
2662,299599,12,1704,619,888
2663,299692,14,1705,620,887
2664,299784,14,1706,621,887
2665,299881,13,1708,617,887
2666,299985,13,1708,616,887
2667,300077,14,1713,614,895
