tick,timestamp,query_runtime,trav_index_nodes,trav_vol_nodes,trav_unprod_nodes
0,464,3,4,4,0
1,742,2,15,15,0
2,949,2,26,26,0
3,1309,4,44,44,0
4,1491,3,62,62,0
5,1676,2,80,80,0
6,1934,4,84,84,0
7,2074,3,95,95,0
8,2247,2,97,97,0
9,2376,3,118,118,0
10,2514,2,135,135,0
11,2664,4,151,151,0
12,2918,2,154,154,0
13,3050,2,175,175,0
14,3192,2,195,195,0
15,3335,2,208,208,0
16,3473,2,216,216,0
17,3613,2,229,229,0
18,3750,3,242,242,0
19,3907,4,272,272,0
20,4085,3,285,285,0
21,4210,4,288,288,0
22,4360,4,293,293,0
23,4484,2,311,311,0
24,4607,3,340,340,0
25,4755,3,354,354,0
26,4883,2,358,358,0
27,4982,3,385,385,0
28,5124,3,393,393,0
29,5239,2,401,401,0
30,5340,3,404,404,0
31,5455,3,412,412,0
32,5583,4,413,413,0
33,5703,4,415,415,0
34,5807,3,443,443,0
35,5931,3,454,454,0
36,6043,4,457,457,0
37,6173,4,462,462,0
38,6316,5,472,472,0
39,6422,4,476,476,0
40,6512,3,478,478,0
41,6633,6,482,482,0
42,6734,2,486,486,0
43,6804,3,502,502,0
44,6906,3,515,515,0
45,7012,4,535,535,0
46,7136,4,541,541,0
47,7235,4,546,546,0
48,7330,4,571,571,0
49,7448,5,574,574,0
50,7576,5,581,581,0
51,7686,4,590,590,0
52,7802,4,596,596,0
53,7897,4,614,614,0
54,7999,4,620,620,0
55,8106,5,627,627,0
56,8253,4,632,632,0
57,8350,5,642,642,0
58,8454,4,647,647,0
59,8554,5,661,661,0
60,8663,7,663,663,0
61,8761,5,666,666,0
62,8856,4,673,673,0
63,8962,5,689,689,0
64,9069,6,692,692,0
65,9167,5,695,695,0
66,9288,5,696,696,0
67,9373,5,714,714,0
68,9464,4,717,717,0
69,9574,5,720,720,0
70,9679,5,727,727,0
71,9793,6,743,743,0
72,9900,7,751,751,0
73,10008,9,754,754,0
74,10101,8,757,757,0
75,10551,6,765,765,0
76,10654,6,770,770,0
77,10746,6,776,776,0
78,10839,5,778,778,0
79,10948,5,790,790,0
80,11080,7,797,797,0
81,11184,5,800,800,0
82,11279,5,815,815,0
83,11379,6,818,818,0
84,11474,6,822,822,0
85,11584,6,827,827,0
86,11686,6,842,842,0
87,11768,6,847,847,0
88,11879,5,853,853,0
89,11979,6,858,858,0
90,12073,6,863,863,0
91,12168,6,874,874,0
92,12288,6,877,877,0
93,12390,6,881,881,0
94,12527,6,884,884,0
95,12612,6,888,888,0
96,12698,8,892,892,0
97,12777,7,897,897,0
98,12881,6,905,905,0
99,12977,7,918,918,0
100,13084,6,933,933,0
101,13178,6,937,937,0
102,13287,6,952,952,0
103,13388,7,966,966,0
104,13499,10,970,970,0
105,13583,6,982,982,0
106,13686,7,991,991,0
107,13789,7,1000,1000,0
108,13904,7,1002,1002,0
109,14011,8,1012,1012,0
110,14117,7,1026,1026,0
111,14221,7,1044,1044,0
112,14316,7,1057,1057,0
113,14386,8,1074,1074,0
114,14481,7,1086,1086,0
115,14605,8,1090,1090,0
116,14752,9,1094,1094,0
117,14831,8,1116,1116,0
118,14949,9,1119,1119,0
119,15068,7,1133,1133,0
120,15153,6,1140,1140,0
121,15230,7,1144,1144,0
122,15342,7,1152,1152,0
123,15421,8,1152,1152,0
124,15505,7,1166,1166,0
125,15598,7,1178,1178,0
126,15703,7,1182,1182,0
127,15805,8,1194,1194,0
128,15917,7,1197,1197,0
129,16006,8,1212,1212,0
130,16106,8,1222,1222,0
131,16193,9,1228,1228,0
132,16270,9,1229,1229,0
133,16374,8,1243,1243,0
134,16461,8,1244,1244,0
135,16552,8,1258,1258,0
136,16632,10,1265,1265,0
137,16732,12,1269,1269,0
138,16832,9,1283,1283,0
139,16908,9,1286,1286,0
140,17002,10,1294,1294,0
141,17097,9,1294,1294,0
142,17200,9,1296,1296,0
143,17302,9,1304,1304,0
144,17412,10,1317,1317,0
145,17578,11,1322,1322,0
146,17694,9,1326,1326,0
147,17782,9,1355,1355,0
148,17877,9,1370,1370,0
149,17976,10,1372,1372,0
150,18075,8,1402,1402,0
151,18177,9,1413,1413,0
152,18266,8,1427,1427,0
153,18398,10,1431,1431,0
154,18525,13,1438,1438,0
155,18626,16,1439,1439,0
156,18733,12,1441,1441,0
157,18809,11,1470,1470,0
158,18909,10,1475,1475,0
159,18988,10,1481,1481,0
160,19085,11,1485,1485,0
161,19169,12,1492,1492,0
162,19256,10,1501,1501,0
163,19380,10,1506,1506,0
164,19497,10,1513,1513,0
165,19584,10,1525,1525,0
166,19677,11,1527,1527,0
167,19782,10,1535,1535,0
168,19885,10,1544,1544,0
169,19967,10,1547,1547,0
170,20071,11,1551,1551,0
171,20173,11,1559,1559,0
172,20259,11,1571,1571,0
173,20345,12,1572,1572,0
174,21128,705,1584,1584,0
175,21228,10,1584,1584,0
176,21332,10,1589,1589,0
177,21425,10,1594,1594,0
178,21506,10,1597,1597,0
179,21647,9,1599,1599,0
180,21736,10,1608,1608,0
181,21825,10,1618,1618,0
182,21922,10,1626,1626,0
183,22023,12,1630,1630,0
184,22096,10,1638,1638,0
185,22195,11,1643,1643,0
186,22266,11,1659,1659,0
187,22356,11,1680,1680,0
188,22457,11,1693,1693,0
189,22564,11,1696,1696,0
190,22666,11,1708,1708,0
191,22769,16,1710,1710,0
192,22844,12,1723,1723,0
193,22934,12,1739,1739,0
194,23046,12,1748,1748,0
195,23136,14,1760,1760,0
196,23226,12,1769,1769,0
197,23328,12,1775,1775,0
198,23440,12,1780,1780,0
199,23528,12,1783,1783,0
200,23618,11,1788,1788,0
201,23715,11,1793,1793,0
202,23814,12,1796,1796,0
203,23983,11,1803,1803,0
204,24077,12,1821,1821,0
205,24173,11,1826,1826,0
206,24259,11,1829,1829,0
207,24353,14,1835,1835,0
208,24442,11,1838,1838,0
209,24536,14,1840,1840,0
210,24636,11,1846,1846,0
211,24728,11,1849,1849,0
212,24833,12,1853,1853,0
213,24917,11,1856,1856,0
214,24998,12,1860,1860,0
215,25082,12,1875,1875,0
216,25170,13,1877,1877,0
217,25264,13,1888,1888,0
218,25355,12,1889,1889,0
219,25452,12,1892,1892,0
220,25537,12,1892,1892,0
221,25629,13,1900,1900,0
222,25729,12,1904,1904,0
223,25827,13,1914,1914,0
224,25927,13,1922,1922,0
225,26018,12,1924,1924,0
226,26133,13,1927,1927,0
227,26228,13,1929,1929,0
228,26313,13,1944,1944,0
229,26397,13,1949,1949,0
230,26476,14,1955,1955,0
231,26571,16,1966,1966,0
232,26660,14,1969,1969,0
233,26753,14,1973,1973,0
234,26847,14,1984,1984,0
235,26968,15,1989,1989,0
236,27056,14,2003,2003,0
237,27213,13,2007,2007,0
238,27320,24,2007,2007,0
239,27429,13,2011,2011,0
240,27501,13,2026,2026,0
241,27571,14,2026,2026,0
242,27657,13,2035,2035,0
243,27753,13,2056,2056,0
244,27836,13,2075,2075,0
245,27937,14,2080,2080,0
246,28037,13,2086,2086,0
247,28114,14,2092,2092,0
248,28206,15,2099,2099,0
249,28303,14,2109,2109,0
250,28379,13,2113,2113,0
251,28476,13,2115,2115,0
252,28569,14,2123,2123,0
253,28680,14,2126,2126,0
254,28769,15,2130,2130,0
255,28857,15,2143,2143,0
256,28946,14,2146,2146,0
257,29038,15,2149,2149,0
258,29120,14,2158,2158,0
259,29229,14,2175,2175,0
260,29333,15,2201,2201,0
261,29423,15,2215,2215,0
262,29513,15,2216,2216,0
263,29595,17,2226,2226,0
264,29701,22,2243,2243,0
265,29796,20,2250,2250,0
266,29911,17,2254,2254,0
267,30005,16,2257,2257,0
268,30126,18,2260,2247,3
269,30299,92,2267,2228,15
270,30414,15,2278,2177,47
271,30527,16,2283,2134,77
272,30632,15,2290,2115,91
273,30730,14,2293,2088,102
274,30852,16,2302,2044,134
275,30966,19,2308,2015,158
276,31092,22,2310,1989,167
277,31211,16,2314,1987,170
278,31310,15,2329,1995,171
279,31402,15,2345,1982,184
280,31493,15,2352,1965,208
281,31595,15,2366,1926,243
282,31687,17,2366,1920,244
283,31811,15,2370,1882,274
284,31928,15,2381,1856,288
285,32046,14,2387,1840,298
286,32135,15,2396,1847,298
287,32237,16,2401,1819,321
288,32351,16,2422,1803,343
289,32460,16,2439,1809,346
290,32568,16,2442,1792,358
291,32668,16,2445,1787,361
292,32777,16,2454,1785,369
293,32900,25,2456,1773,375
294,32996,15,2471,1773,383
295,33090,17,2480,1744,419
296,33214,18,2491,1723,449
297,33338,18,2492,1700,469
298,33451,19,2497,1673,496
299,34717,15,2517,1445,680
300,34834,17,2520,1413,702
301,34943,15,2525,1399,719
302,35055,17,2527,1382,734
303,35170,18,2534,1368,757
304,35283,16,2535,1331,800
305,35377,16,2553,1329,813
306,35489,16,2557,1317,824
307,35588,17,2560,1289,843
308,35687,16,2575,1284,861
309,35792,16,2575,1278,866
310,35900,16,2579,1259,888
311,36007,16,2584,1237,902
312,36085,17,2594,1239,905
313,36201,20,2608,1238,915
314,36312,17,2614,1219,933
315,36399,17,2626,1220,945
316,36490,16,2632,1214,952
317,36591,17,2635,1199,969
318,36679,18,2655,1213,973
319,36774,18,2662,1215,974
320,36852,17,2674,1213,986
321,36963,18,2679,1194,1001
322,37072,18,2682,1175,1019
323,37175,18,2696,1178,1027
324,37274,18,2702,1164,1040
325,37401,21,2705,1156,1055
326,37502,19,2718,1160,1064
327,37589,18,2720,1149,1076
328,37750,95,2720,1140,1087
329,37845,20,2739,1147,1096
330,37946,18,2745,1145,1097
331,38040,18,2754,1144,1097
332,38145,20,2756,1127,1114
333,38225,16,2779,1147,1112
334,38325,18,2780,1141,1119
335,38426,19,2787,1141,1120
336,38533,19,2799,1145,1122
337,38622,18,2801,1137,1132
338,38726,19,2811,1130,1134
339,38824,18,2814,1123,1136
340,38948,18,2815,1112,1139
341,39029,18,2822,1106,1146
342,39106,18,2825,1104,1146
343,39228,19,2832,1076,1171
344,39344,19,2833,1053,1197
345,39444,22,2842,1053,1210
346,39554,20,2846,1045,1222
347,39653,19,2846,1028,1248
348,39772,20,2852,1025,1258
349,39870,20,2853,1011,1269
350,39958,19,2856,1014,1269
351,40060,19,2860,1015,1272
352,40144,19,2862,1012,1277
353,40263,20,2867,1014,1279
354,40381,19,2868,1016,1273
355,40468,19,2868,1018,1270
356,40648,18,2874,1001,1303
357,40779,22,2880,1002,1311
358,40864,17,2892,1010,1313
359,40962,19,2897,1012,1317
360,41055,19,2905,1008,1317
361,41156,18,2911,1006,1315
362,41252,19,2924,1002,1328
363,41349,19,2922,994,1333
364,41456,20,2926,986,1345
365,41562,18,2928,983,1344
366,41664,19,2931,981,1348
367,41751,19,2935,972,1360
368,41844,20,2937,970,1361
369,41945,23,2946,964,1374
370,42062,19,2949,963,1384
371,42169,19,2949,945,1404
372,42242,19,2958,929,1428
373,42349,19,2968,929,1429
374,42458,20,2968,912,1453
375,42566,19,2972,915,1451
376,42668,20,2975,900,1474
377,42762,19,2983,907,1473
378,42848,20,2991,903,1491
379,42945,18,2993,893,1496
380,43058,19,2996,895,1500
381,43171,27,3003,895,1506
382,43279,20,3015,903,1504
383,43459,28,3013,892,1513
384,43553,20,3028,905,1517
385,43651,19,3033,907,1517
386,43739,20,3037,910,1513
387,43841,19,3041,904,1520
388,43925,18,3043,895,1530
389,44020,24,3049,896,1529
390,44122,20,3051,880,1551
391,44222,20,3054,879,1551
392,44355,29,3052,873,1553
393,44463,19,3058,881,1546
394,44560,20,3063,883,1549
395,44667,21,3067,882,1552
396,44768,24,3071,886,1544
397,44859,20,3090,896,1552
398,44964,21,3094,892,1562
399,45070,21,3092,889,1561
400,45182,20,3094,886,1564
401,45287,19,3102,886,1567
402,45377,21,3110,892,1568
403,45497,21,3114,898,1569
404,45589,21,3122,901,1577
405,45692,20,3129,885,1601
406,45820,19,3134,887,1603
407,45912,21,3129,885,1605
408,46111,125,3144,889,1622
409,46214,19,3148,891,1625
410,46306,21,3152,889,1630
411,46398,20,3162,894,1627
412,46501,21,3171,900,1621
413,46592,20,3172,902,1621
414,46705,20,3178,898,1626
415,46818,21,3180,885,1641
416,46912,21,3193,888,1652
417,47000,21,3206,899,1651
418,47095,21,3219,908,1649
419,47188,22,3228,915,1655
420,47270,21,3240,926,1651
421,47368,21,3240,924,1653
422,47464,20,3247,930,1655
423,47556,21,3248,928,1662
424,47653,21,3250,929,1662
425,47760,22,3261,935,1666
426,47846,23,3266,938,1669
427,47957,23,3269,935,1674
428,48050,22,3269,933,1669
429,48148,22,3274,933,1670
430,48255,31,3280,937,1668
431,48358,24,3287,933,1683
432,48458,22,3286,932,1678
433,48650,23,3302,948,1668
434,48770,21,3298,949,1662
435,48880,20,3305,943,1679
436,48964,21,3305,942,1682
437,49057,21,3323,959,1681
438,49141,22,3335,963,1686
439,49247,24,3339,967,1683
440,49354,22,3335,961,1688
441,49458,24,3345,968,1685
442,49564,27,3347,968,1689
443,49653,22,3351,970,1689
444,49746,22,3357,970,1693
445,49837,21,3360,970,1698
446,49935,22,3363,970,1700
447,50024,22,3368,974,1699
448,50105,25,3383,984,1707
449,50201,22,3388,990,1704
450,50280,24,3401,1001,1709
451,50380,31,3413,1008,1707
452,50491,22,3418,1013,1707
453,50573,23,3419,1014,1707
454,50658,22,3430,1025,1705
455,50752,26,3431,1026,1705
456,50848,24,3441,1036,1705
457,51033,21,3445,1041,1701
458,51138,22,3456,1049,1697
459,51236,23,3460,1053,1698
460,51350,22,3460,1049,1706
461,51462,27,3460,1046,1714
462,51545,22,3462,1041,1722
463,51641,22,3469,1039,1733
464,51734,23,3471,1031,1743
465,51811,21,3472,1029,1743
466,51909,23,3471,1034,1742
467,52008,22,3480,1041,1746
468,52088,25,3486,1047,1740
469,52179,26,3482,1043,1739
470,52277,24,3491,1055,1728
471,52397,23,3499,1063,1729
472,52483,23,3505,1068,1732
473,52587,22,3513,1066,1735
474,52703,23,3513,1065,1731
475,52821,23,3524,1073,1727
476,52930,22,3526,1077,1722
477,53045,25,3527,1078,1720
478,53136,23,3530,1080,1720
479,53242,25,3541,1090,1720
480,53451,21,3547,1087,1727
481,53558,23,3548,1081,1731
482,53657,21,3561,1090,1729
483,53751,23,3568,1088,1743
484,53853,23,3564,1088,1739
485,53941,23,3575,1098,1740
486,54036,23,3578,1098,1748
487,54134,24,3578,1095,1754
488,54211,23,3579,1095,1754
489,54323,23,3582,1093,1762
490,54433,27,3583,1095,1759
491,54510,23,3594,1105,1759
492,54617,24,3598,1104,1756
493,54711,25,3598,1101,1756
494,54805,23,3611,1116,1755
495,54911,24,3623,1117,1762
496,55024,24,3624,1115,1765
497,55118,24,3621,1110,1764
498,55221,25,3623,1107,1767
499,55345,24,3619,1107,1768
500,55448,24,3619,1105,1768
501,55557,24,3621,1106,1768
502,55729,25,3633,1116,1771
503,55821,22,3640,1123,1770
504,55907,23,3640,1120,1770
505,55997,24,3636,1105,1780
506,56093,23,3636,1104,1779
507,56188,24,3637,1101,1779
508,56297,31,3638,1100,1783
509,56415,23,3640,1102,1783
510,56505,24,3640,1091,1794
511,56600,24,3642,1089,1793
512,56695,24,3637,1088,1785
513,56791,24,3651,1099,1787
514,56867,24,3662,1106,1790
515,56951,24,3676,1119,1789
516,57065,25,3683,1121,1796
517,57168,24,3694,1128,1796
518,57298,23,3695,1130,1792
519,57420,24,3714,1143,1791
520,57541,41,3710,1144,1786
521,57662,35,3720,1150,1794
522,57762,24,3721,1149,1796
523,57944,115,3725,1150,1798
524,58039,24,3735,1161,1797
525,58124,23,3741,1164,1798
526,58219,24,3741,1165,1799
527,58320,26,3740,1162,1804
528,58411,24,3736,1162,1801
529,58519,24,3745,1167,1803
530,58617,24,3748,1168,1807
531,58724,24,3758,1173,1812
532,58853,24,3759,1171,1819
533,58942,25,3758,1171,1821
534,59040,25,3758,1172,1817
535,59147,24,3766,1183,1813
536,59252,25,3768,1183,1811
537,59374,25,3779,1191,1803
538,59466,27,3776,1184,1810
539,59564,25,3777,1188,1807
540,59660,25,3780,1189,1807
541,59756,25,3781,1190,1806
542,59849,25,3781,1192,1803
543,60067,31,3790,1167,1846
544,60205,24,3792,1143,1882
545,60321,24,3792,1125,1903
546,60425,24,3807,1120,1924
547,60544,24,3807,1094,1952
548,60670,23,3806,1067,1988
549,60779,27,3807,1038,2021
550,60898,26,3811,992,2096
551,61005,24,3826,995,2107
552,61105,25,3827,977,2129
553,61217,25,3824,968,2136
554,61335,25,3826,959,2150
555,61449,29,3835,961,2160
556,61562,24,3839,949,2172
557,61677,26,3842,938,2188
558,61780,25,3851,926,2213
559,61891,25,3855,917,2225
560,62015,30,3859,905,2236
561,62118,26,3870,901,2242
562,62322,24,3870,886,2254
563,62435,24,3883,895,2259
564,62548,24,3880,889,2265
565,62652,25,3889,863,2310
566,62742,25,3903,877,2306
567,62848,27,3913,878,2316
568,62953,25,3918,876,2323
569,63060,24,3916,868,2340
570,63167,26,3915,859,2350
571,63270,31,3923,864,2354
572,63369,25,3923,838,2381
573,63456,25,3920,830,2389
574,63571,27,3923,829,2396
575,63669,24,3926,832,2395
576,63784,26,3931,839,2392
577,63901,26,3935,843,2392
578,65431,23,3932,749,2523
579,65554,23,3925,726,2548
580,65658,24,3932,730,2556
581,65763,24,3934,719,2577
582,65876,30,3935,701,2598
583,65980,25,3936,667,2653
584,66067,24,3941,671,2653
585,66174,25,3939,654,2676
586,66280,25,3953,663,2680
587,66380,24,3951,648,2707
588,66488,25,3959,648,2718
589,66591,25,3962,634,2740
590,66712,26,3978,648,2739
591,66815,25,3996,640,2775
592,66918,26,4002,644,2774
593,67020,25,4006,641,2781
594,67157,63,4012,646,2775
595,67255,25,4015,642,2784
596,67348,25,4017,630,2796
597,67453,29,4026,620,2806
598,67551,25,4025,622,2800
599,67660,25,4037,631,2800
600,67783,26,4042,634,2798
601,67873,25,4055,647,2799
602,67976,25,4063,653,2801
603,68072,26,4065,653,2804
604,68177,24,4072,655,2799
605,68279,25,4074,643,2817
606,68387,25,4075,628,2840
607,68497,25,4078,625,2847
608,68601,26,4074,623,2844
609,68700,27,4079,623,2845
610,68851,82,4092,627,2859
611,68966,29,4093,616,2874
612,69100,26,4089,613,2872
613,69201,27,4091,603,2894
614,69303,25,4095,606,2890
615,69377,25,4096,602,2902
616,69465,25,4100,604,2908
617,69577,26,4100,602,2911
618,69706,25,4100,603,2909
619,69823,29,4102,598,2914
620,69922,27,4109,588,2935
621,70021,26,4117,593,2938
622,70134,27,4121,586,2948
623,70260,27,4121,585,2950
624,70379,28,4127,584,2967
625,70470,26,4140,596,2968
626,70638,27,4145,588,2977
627,70751,29,4154,592,2982
628,70854,27,4155,592,2989
629,70952,28,4154,588,2997
630,71057,27,4156,588,3000
631,71154,27,4157,585,3004
632,71252,26,4160,585,3004
633,71359,27,4166,593,3005
634,71469,28,4168,590,3012
635,71571,28,4171,587,3024
636,71675,28,4175,590,3021
637,71779,26,4168,589,3017
638,71865,26,4173,589,3017
639,71960,30,4179,593,3015
640,72042,27,4189,599,3029
641,72148,25,4198,601,3030
642,72312,84,4196,591,3042
643,72419,33,4199,590,3050
644,72524,26,4211,600,3051
645,72639,27,4214,604,3050
646,72753,26,4218,596,3063
647,72839,27,4223,600,3065
648,72926,27,4228,601,3071
649,73021,27,4240,608,3066
650,73116,28,4235,605,3068
651,73228,27,4235,598,3067
652,73314,28,4238,596,3068
653,73427,28,4241,598,3068
654,73529,27,4245,599,3071
655,73641,27,4247,599,3073
656,73755,27,4258,611,3067
657,73854,27,4258,607,3072
658,74037,25,4266,601,3078
659,74141,27,4267,604,3077
660,74248,26,4280,616,3081
661,74350,27,4284,618,3085
662,74446,26,4286,615,3083
663,74546,26,4288,614,3088
664,74649,27,4292,620,3073
665,74760,27,4298,626,3070
666,74876,27,4299,630,3063
667,74985,26,4311,631,3073
668,75064,27,4326,647,3062
669,75160,28,4326,645,3067
670,75256,27,4324,638,3072
671,75367,27,4325,630,3080
672,75471,26,4329,628,3090
673,75566,27,4345,643,3089
674,75740,26,4350,639,3104
675,75843,27,4348,639,3097
676,75961,26,4362,646,3098
677,76061,27,4368,655,3091
678,76160,28,4363,656,3085
679,76251,28,4380,671,3086
680,76353,29,4380,670,3087
681,76464,28,4381,669,3091
682,76563,26,4389,673,3096
683,76658,26,4393,674,3096
684,76767,26,4397,676,3094
685,76874,28,4399,676,3091
686,76990,28,4399,678,3087
687,77085,28,4410,687,3091
688,77202,30,4414,688,3102
689,77411,129,4421,695,3099
690,77517,28,4436,705,3101
691,77606,28,4447,712,3108
692,77703,28,4453,720,3104
693,77787,30,4470,736,3108
694,77894,30,4475,742,3111
695,77993,27,4474,742,3110
696,78084,28,4489,756,3109
697,78195,27,4492,756,3112
698,78316,29,4492,755,3118
699,78408,29,4504,770,3103
700,78528,31,4510,776,3103
701,78639,28,4513,778,3098
702,78742,29,4524,788,3097
703,78846,30,4522,787,3102
704,78946,30,4529,799,3101
705,79061,29,4523,801,3089
706,79263,27,4530,795,3107
707,79366,29,4533,798,3110
708,79476,29,4531,795,3111
709,79582,29,4532,791,3117
710,79690,27,4538,796,3115
711,79800,28,4545,803,3113
712,79907,31,4555,811,3107
713,80003,28,4556,811,3106
714,80109,29,4569,825,3104
715,80201,28,4570,824,3110
716,80301,30,4572,828,3107
717,80406,28,4578,833,3103
718,80497,29,4579,832,3103
719,80602,30,4582,835,3105
720,80710,29,4585,834,3108
721,80821,28,4581,826,3116
722,81041,27,4582,828,3113
723,81153,27,4595,840,3116
724,81259,28,4600,846,3118
725,81384,29,4602,843,3126
726,81492,29,4605,845,3120
727,81597,27,4623,859,3121
728,81705,29,4622,857,3122
729,81805,30,4631,866,3118
730,81914,30,4635,870,3115
731,82013,30,4637,869,3118
732,82138,30,4640,867,3120
733,82269,30,4648,875,3126
734,82368,31,4655,877,3133
735,82477,30,4663,878,3130
736,82690,149,4667,877,3139
737,82787,27,4667,877,3139
738,82882,28,4683,881,3148
739,82992,29,4684,883,3144
740,83100,29,4686,884,3147
741,83206,29,4687,882,3146
742,83306,29,4695,887,3147
743,83425,30,4711,902,3149
744,83553,29,4720,906,3143
745,83655,29,4722,907,3142
746,83770,30,4729,914,3138
747,83859,29,4742,925,3144
748,83946,32,4741,925,3143
749,84050,30,4743,929,3141
750,84162,30,4742,928,3142
751,84376,29,4742,924,3143
752,84483,29,4739,923,3144
753,84598,30,4746,929,3139
754,84706,30,4749,931,3138
755,84796,29,4754,936,3138
756,84893,30,4757,940,3139
757,84994,30,4757,939,3144
758,85084,30,4758,943,3145
759,85184,28,4764,945,3149
760,85291,29,4772,952,3146
761,85391,30,4784,959,3156
762,85486,29,4787,962,3154
763,85588,29,4793,966,3148
764,85783,134,4800,972,3147
765,85907,39,4811,981,3149
766,86018,30,4808,981,3145
767,86114,30,4804,976,3149
768,86199,30,4804,975,3149
769,86303,31,4807,975,3156
770,86401,29,4812,975,3156
771,86509,29,4814,976,3157
772,86610,30,4820,979,3162
773,86711,30,4821,981,3155
774,86816,29,4822,982,3155
775,86910,33,4829,988,3151
776,87017,30,4830,983,3159
777,87116,31,4830,980,3168
778,87314,30,4831,979,3166
779,87410,30,4841,989,3164
780,87520,30,4848,993,3170
781,87625,31,4848,990,3170
782,87743,31,4847,987,3174
783,87837,30,4849,990,3168
784,87940,30,4846,990,3165
785,88044,31,4844,984,3173
786,88150,30,4849,986,3171
787,88250,31,4852,987,3176
788,88374,32,4854,985,3178
789,88480,30,4861,989,3180
790,88583,32,4860,985,3185
791,88788,132,4860,978,3197
792,88887,31,4875,990,3197
793,89002,29,4877,991,3200
794,89107,32,4877,991,3200
795,89207,29,4878,987,3201
796,89304,31,4879,988,3201
797,89405,30,4886,994,3197
798,89502,31,4894,1000,3199
799,89599,32,4894,1000,3199
800,89711,31,4893,992,3207
801,89819,31,4894,998,3200
802,89925,33,4910,1013,3186
803,90043,38,4908,1006,3194
804,94245,33,4909,497,3925
805,94708,29,1742,507,742
806,94823,14,1753,514,740
807,94938,13,1755,516,737
808,95032,11,1765,525,737
809,95127,12,1763,526,732
810,95251,12,1763,526,732
811,95350,11,1772,531,731
812,95442,12,1788,546,731
813,95532,12,1798,556,728
814,95675,12,1799,534,764
815,95765,11,1803,535,770
816,95866,12,1806,532,782
817,95979,12,1807,532,785
818,96075,11,1811,522,810
819,96177,13,1812,514,819
820,96274,12,1821,514,831
821,96370,13,1837,521,847
822,96475,12,1842,521,845
823,96581,13,1858,531,848
824,96673,13,1876,544,846
825,96767,13,1880,539,857
826,96857,12,1891,545,852
827,96934,12,1893,539,862
828,97033,13,1905,548,867
829,97130,13,1905,550,866
830,97237,13,1919,539,902
831,97343,12,1922,538,906
832,97430,14,1961,567,922
833,97536,13,1963,561,928
834,97657,13,1971,564,937
835,97825,13,1976,559,952
836,97910,13,1985,540,981
837,98003,12,1993,544,981
838,98095,13,2008,557,981
839,98202,13,2018,557,987
840,98287,14,2015,556,988
841,98382,14,2029,564,992
842,98480,15,2034,560,991
843,98579,13,2051,570,1008
844,98680,13,2053,571,1011
845,98772,14,2056,567,1021
846,98877,16,2064,570,1026
847,98995,13,2065,557,1045
848,99099,14,2065,541,1065
849,99214,16,2070,529,1076
850,99300,13,2079,536,1073
851,99392,14,2078,535,1072
852,99477,15,2089,546,1072
853,99572,13,2095,541,1085
854,99657,13,2102,547,1084
855,99739,14,2117,554,1087
856,99842,14,2126,553,1094
857,100021,14,2126,557,1091
858,100133,14,2131,557,1102
859,100242,15,2137,562,1106
860,100344,14,2141,562,1112
861,100451,18,2167,583,1115
862,100531,15,2179,585,1119
863,100600,15,2177,585,1117
864,100713,15,2171,579,1110
865,100805,14,2179,585,1121
866,100903,15,2182,589,1119
867,100994,15,2193,595,1137
868,101092,14,2204,601,1145
869,101182,14,2214,604,1149
870,101293,14,2218,606,1151
871,101417,15,2220,610,1154
872,101524,15,2222,610,1154
873,101624,15,2229,616,1154
874,101704,15,2231,614,1158
875,101809,15,2237,617,1158
876,101884,15,2238,616,1163
877,101968,17,2239,617,1163
878,102144,15,2253,629,1161
879,102228,14,2264,639,1156
880,102319,15,2272,645,1152
881,102419,15,2273,646,1152
882,102535,15,2278,642,1158
883,102623,15,2296,657,1158
884,102720,15,2306,660,1158
885,102822,15,2310,660,1166
886,102909,15,2325,673,1161
887,103012,15,2329,668,1172
888,103106,16,2333,668,1173
889,103205,17,2350,683,1169
890,103302,15,2352,685,1169
891,103389,15,2360,691,1166
892,103490,17,2375,703,1174
893,103571,16,2380,701,1180
894,103665,16,2381,699,1178
895,103757,16,2392,705,1186
896,103846,16,2394,707,1186
897,103959,16,2396,708,1184
898,104139,92,2401,697,1204
899,104219,15,2410,695,1217
900,104305,15,2414,694,1225
901,104404,15,2414,688,1236
902,104503,15,2417,689,1231
903,104599,15,2416,682,1239
904,104698,16,2419,673,1251
905,104782,16,2425,679,1252
906,104891,20,2428,680,1253
907,104994,21,2426,680,1251
908,105090,16,2441,695,1250
909,105185,16,2453,707,1250
910,105282,16,2466,717,1250
911,105357,16,2470,721,1253
912,105434,17,2474,726,1250
913,105526,15,2475,726,1253
914,105613,16,2478,722,1260
915,105710,16,2487,731,1255
916,105795,17,2499,741,1256
917,105896,16,2506,748,1255
918,105984,17,2518,756,1257
919,106179,101,2522,759,1254
920,106273,16,2525,760,1256
921,106371,17,2533,765,1260
922,106451,18,2534,759,1271
923,106558,16,2539,759,1277
924,106632,20,2546,768,1276
925,106731,17,2552,770,1281
926,106813,17,2555,771,1281
927,106928,17,2552,774,1275
928,107028,16,2565,766,1305
929,107110,17,2567,772,1301
930,107184,17,2572,775,1306
931,107292,17,2580,778,1308
932,107403,17,2577,778,1305
933,107482,18,2579,779,1309
934,107562,17,2592,790,1309
935,107664,18,2593,789,1315
936,107759,17,2605,801,1315
937,107859,17,2609,806,1313
938,107959,18,2612,808,1313
939,108050,18,2622,810,1311
940,108148,17,2636,815,1317
941,108316,17,2640,815,1321
942,108420,16,2641,814,1325
943,108515,17,2651,814,1342
944,108610,17,2653,812,1348
945,108714,17,2657,819,1342
946,108802,17,2665,826,1342
947,108903,17,2666,827,1342
948,109003,18,2683,842,1350
949,109089,21,2686,845,1350
950,109185,18,2687,847,1351
951,109278,17,2706,866,1341
952,109361,17,2716,865,1345
953,109454,17,2719,868,1345
954,109546,17,2734,885,1343
955,109643,18,2735,885,1348
956,109733,18,2739,889,1347
957,109840,19,2742,891,1348
958,109931,19,2747,897,1347
959,110018,19,2748,898,1347
960,110109,19,2753,899,1345
961,110330,126,2760,904,1348
962,110425,16,2759,895,1358
963,110514,17,2765,898,1358
964,110626,18,2770,897,1365
965,110709,18,2773,899,1364
966,110790,18,2782,910,1362
967,110883,18,2795,922,1360
968,111000,24,2803,930,1360
969,111098,19,2806,933,1360
970,111201,18,2807,932,1361
971,111307,19,2812,933,1364
972,111404,21,2819,939,1364
973,111503,19,2822,936,1372
974,111587,18,2845,956,1376
975,111662,18,2846,955,1379
976,111746,18,2846,956,1376
977,111830,18,2856,963,1375
978,111929,19,2861,967,1375
979,112028,19,2880,985,1366
980,112100,20,2889,995,1367
981,112191,20,2907,1007,1367
982,112376,117,2911,1010,1368
983,112497,19,2913,1010,1372
984,112598,18,2922,1017,1374
985,112692,18,2935,1030,1369
986,112781,18,2938,1030,1372
987,112869,19,2942,1027,1374
988,112958,20,2943,1021,1382
989,113045,20,2946,1024,1382
990,113135,19,2949,1027,1379
991,113212,19,2954,1031,1378
992,113307,19,2956,1031,1378
993,113403,23,2957,1031,1377
994,113513,20,2960,1035,1374
995,113619,19,2965,1031,1387
996,113722,20,2974,1041,1383
997,113804,20,2972,1042,1379
998,113906,20,2974,1044,1378
999,113990,19,2990,1060,1375
1000,114074,20,3009,1079,1371
1001,114175,20,3011,1081,1371
1002,114273,21,3018,1093,1364
1003,114462,118,3030,1104,1364
1004,114556,19,3037,1105,1372
1005,114649,20,3043,1111,1368
1006,114765,20,3047,1116,1367
1007,114865,21,3071,1137,1367
1008,114944,20,3073,1137,1370
1009,115040,21,3085,1149,1366
1010,115114,21,3089,1153,1366
1011,115200,21,3101,1161,1374
1012,115288,20,3111,1172,1373
1013,115378,21,3119,1179,1377
1014,115492,21,3126,1184,1380
1015,115601,20,3125,1186,1377
1016,115711,21,3130,1185,1386
1017,115801,21,3135,1190,1386
1018,115890,21,3136,1191,1385
1019,115978,21,3154,1208,1373
1020,116075,21,3151,1208,1370
1021,116168,23,3160,1215,1370
1022,116275,28,3163,1217,1371
1023,116363,20,3163,1220,1368
1024,116546,124,3182,1236,1364
1025,116631,19,3194,1249,1360
1026,116725,20,3195,1251,1355
1027,116814,20,3191,1252,1350
1028,116908,21,3195,1253,1356
1029,117009,20,3204,1260,1357
1030,117113,22,3204,1260,1358
1031,117211,22,3208,1261,1357
1032,117314,22,3213,1266,1356
1033,117404,20,3216,1266,1361
1034,117496,22,3224,1273,1358
1035,117587,22,3226,1273,1361
1036,117678,22,3235,1280,1365
1037,117770,21,3233,1278,1364
1038,117878,21,3237,1281,1364
1039,117975,22,3242,1284,1360
1040,118080,22,3253,1295,1357
1041,118166,22,3265,1303,1361
1042,118275,21,3268,1298,1372
1043,118366,22,3270,1298,1375
1044,118482,28,3271,1299,1374
1045,118666,21,3269,1295,1371
1046,118752,21,3281,1306,1370
1047,118845,22,3284,1310,1367
1048,118934,22,3299,1322,1366
1049,119018,20,3302,1324,1369
1050,119104,22,3304,1320,1372
1051,119199,22,3306,1322,1368
1052,119294,22,3309,1323,1370
1053,119381,22,3329,1341,1373
1054,119481,22,3335,1347,1373
1055,119589,22,3339,1349,1377
1056,119691,22,3351,1361,1372
1057,119790,22,3358,1371,1367
1058,119873,22,3368,1380,1366
1059,119959,23,3379,1389,1366
1060,120069,22,3380,1387,1366
1061,120182,22,3383,1368,1396
1062,120297,23,3389,1376,1392
1063,120400,23,3397,1387,1386
1064,120534,23,3401,1391,1386
1065,120652,23,3409,1399,1386
1066,120863,25,3411,1402,1384
1067,120972,23,3425,1419,1381
1068,121096,22,3430,1426,1369
1069,121207,21,3431,1430,1366
1070,121305,21,3439,1439,1365
1071,121415,22,3445,1445,1365
1072,121518,23,3450,1449,1365
1073,121627,22,3467,1456,1376
1074,121745,23,3470,1461,1374
1075,121863,23,3485,1476,1374
1076,121979,23,3488,1479,1374
1077,122087,22,3500,1493,1368
1078,122196,23,3506,1499,1360
1079,122311,23,3508,1501,1360
1080,122435,23,3515,1510,1358
1081,122546,22,3516,1514,1354
1082,122678,31,3517,1517,1351
1083,122772,23,3521,1521,1351
1084,122869,23,3556,1553,1349
1085,122964,24,3557,1554,1349
1086,123207,28,3565,1562,1347
1087,123328,24,3563,1564,1342
1088,123430,23,3568,1569,1340
1089,123536,23,3568,1570,1339
1090,123643,24,3576,1578,1336
1091,123748,23,3590,1590,1336
1092,123853,24,3596,1600,1328
1093,123954,23,3598,1605,1325
1094,124054,23,3601,1608,1325
1095,124150,24,3608,1615,1325
1096,124264,23,3614,1612,1335
1097,124387,34,3617,1617,1332
1098,124517,35,3627,1627,1331
1099,124633,24,3629,1626,1331
1100,124724,24,3636,1620,1344
1101,124832,24,3641,1577,1401
1102,124935,23,3646,1566,1413
1103,125030,24,3648,1542,1433
1104,125134,24,3657,1534,1439
1105,125240,24,3665,1503,1481
1106,126719,1399,3671,1264,1758
1107,126834,24,3690,1234,1798
1108,126953,25,3693,1214,1823
1109,127059,24,3697,1211,1832
1110,127170,25,3703,1213,1843
1111,127275,22,3705,1171,1902
1112,127377,24,3707,1160,1912
1113,127475,27,3719,1143,1937
1114,127595,24,3726,1115,1975
1115,127706,26,3737,1111,1976
1116,127812,23,3740,1105,1984
1117,127912,25,3751,1110,1983
1118,128028,24,3758,1094,1999
1119,128124,25,3759,1081,2014
1120,128206,26,3760,1076,2016
1121,128308,24,3759,1048,2049
1122,128406,24,3771,1052,2050
1123,128513,24,3784,1048,2062
1124,128621,24,3795,1057,2063
1125,128723,26,3797,1045,2075
1126,128879,23,3798,1033,2085
1127,128960,23,3801,1027,2093
1128,129071,24,3805,1003,2111
1129,129181,25,3809,989,2131
1130,129294,25,3812,984,2150
1131,129382,25,3827,982,2166
1132,129482,27,3828,972,2182
1133,129580,24,3830,958,2195
1134,129667,25,3850,976,2194
1135,129769,25,3840,958,2209
1136,129863,26,3856,960,2227
1137,129965,25,3858,955,2235
1138,130064,27,3863,943,2262
1139,130161,28,3866,944,2260
1140,130277,26,3871,942,2268
1141,130379,26,3883,946,2273
1142,130495,26,3890,942,2289
1143,130584,26,3891,940,2289
1144,130698,28,3893,925,2310
1145,130788,26,3899,925,2314
1146,130965,26,3901,911,2324
1147,131057,26,3906,899,2346
1148,131169,28,3906,886,2365
1149,131274,25,3909,884,2370
1150,131379,26,3915,888,2372
1151,131494,25,3917,879,2378
1152,131601,26,3928,886,2383
1153,131699,25,3943,887,2408
1154,131808,25,3948,879,2423
1155,131901,24,3947,872,2429
1156,132012,26,3947,864,2435
1157,132129,25,3948,854,2451
1158,132228,26,3954,861,2445
1159,132327,24,3950,856,2450
1160,132450,25,3952,840,2469
1161,132542,26,3956,834,2483
1162,132661,26,3960,833,2488
1163,132776,26,3958,828,2492
1164,132868,27,3961,826,2498
1165,133019,87,3971,819,2514
1166,133115,26,3974,818,2525
1167,133222,25,3973,812,2528
1168,133326,25,3977,814,2531
1169,133408,24,3985,805,2536
1170,133507,25,3996,811,2537
1171,133603,27,4003,817,2533
1172,133694,26,4003,810,2534
1173,133787,25,4006,811,2539
1174,133911,35,4021,817,2537
1175,134010,26,4006,816,2525
1176,134106,25,4008,818,2525
1177,134212,25,4014,822,2531
1178,134320,26,4018,818,2538
1179,134412,26,4018,803,2558
1180,134504,26,4022,802,2565
1181,134620,26,4019,790,2582
1182,134726,26,4028,801,2585
1183,134830,26,4031,798,2588
1184,134937,27,4039,801,2587
1185,135125,25,4038,800,2592
1186,135239,24,4047,790,2618
1187,135344,25,4058,796,2618
1188,135443,26,4062,800,2616
1189,135543,25,4063,792,2631
1190,135641,26,4066,789,2636
1191,135751,26,4067,774,2656
1192,135838,27,4068,772,2658
1193,135941,25,4071,770,2659
1194,136044,26,4091,776,2670
1195,136151,27,4099,785,2669
1196,136264,26,4102,788,2669
1197,136375,27,4105,792,2664
1198,136511,28,4104,780,2681
1199,136612,28,4104,778,2680
1200,136725,28,4113,787,2672
1201,136820,27,4116,791,2662
1202,136927,27,4118,784,2658
1203,137018,27,4122,785,2663
1204,137216,112,4129,777,2680
1205,137320,26,4132,773,2685
1206,137417,26,4134,772,2691
1207,137531,26,4135,769,2691
1208,137645,25,4132,770,2686
1209,137745,26,4129,768,2687
1210,137825,27,4129,766,2690
1211,137921,29,4145,782,2689
1212,138021,27,4146,777,2702
1213,138120,27,4147,774,2706
1214,138217,26,4150,777,2706
1215,138328,29,4145,776,2700
1216,138412,27,4170,779,2727
1217,138516,27,4183,773,2735
1218,138621,29,4185,773,2734
1219,138741,27,4187,770,2744
1220,138838,28,4199,775,2766
1221,138933,28,4205,784,2765
1222,139018,28,4201,784,2759
1223,139229,140,4212,786,2760
1224,139325,26,4217,778,2767
1225,139409,24,4226,782,2774
1226,139499,27,4228,776,2783
1227,139584,27,4247,792,2783
1228,139690,27,4253,795,2785
1229,139765,27,4257,798,2782
1230,139843,27,4261,801,2781
1231,139961,26,4265,804,2772
1232,140067,28,4272,802,2776
1233,140170,28,4276,804,2776
1234,140265,28,4278,805,2780
1235,140361,27,4282,811,2777
1236,140457,28,4285,813,2777
1237,140552,28,4285,813,2779
1238,140658,28,4291,813,2787
1239,140753,28,4304,818,2793
1240,140844,28,4305,818,2797
1241,140953,27,4305,819,2796
1242,141165,147,4308,819,2798
1243,141256,28,4319,823,2799
1244,141348,28,4324,823,2805
1245,141434,28,4341,836,2805
1246,141533,28,4342,833,2807
1247,141646,29,4341,835,2804
1248,141754,29,4352,844,2808
1249,141862,27,4357,849,2810
1250,141959,28,4366,847,2815
1251,142062,28,4369,852,2809
1252,142144,27,4375,853,2813
1253,142224,29,4384,859,2818
1254,142328,27,4386,864,2810
1255,142438,28,4393,869,2812
1256,142537,28,4403,875,2816
1257,142640,28,4403,869,2822
1258,142734,30,4411,874,2827
1259,142962,161,4410,871,2828
1260,143051,26,4419,876,2838
1261,143165,28,4418,867,2852
1262,143272,28,4418,869,2847
1263,143376,26,4419,865,2849
1264,143469,27,4420,869,2839
1265,143558,27,4418,868,2839
1266,143656,28,4419,851,2864
1267,143759,28,4435,867,2859
1268,143863,27,4444,876,2857
1269,143971,29,4442,871,2863
1270,144081,31,4447,866,2874
1271,144189,29,4453,867,2880
1272,144292,29,4465,882,2879
1273,144388,30,4477,889,2882
1274,144499,29,4483,898,2878
1275,144593,31,4494,905,2872
1276,144833,159,4505,908,2874
1277,144935,29,4506,903,2880
1278,145037,29,4510,905,2878
1279,145142,29,4513,907,2881
1280,145234,29,4526,920,2877
1281,145354,29,4525,922,2872
1282,145470,29,4525,920,2874
1283,145565,29,4535,926,2879
1284,145673,30,4531,920,2880
1285,145771,29,4532,921,2880
1286,145856,28,4532,921,2880
1287,145960,33,4527,921,2875
1288,146076,27,4529,923,2874
1289,146177,27,4530,922,2873
1290,146270,28,4532,922,2876
1291,146514,27,4538,919,2880
1292,146593,27,4562,943,2872
1293,146688,29,4581,961,2871
1294,146788,29,4581,959,2873
1295,146888,29,4577,961,2868
1296,146979,29,4581,965,2867
1297,147079,30,4603,982,2862
1298,147173,30,4602,981,2863
1299,147284,28,4599,979,2864
1300,147384,29,4610,992,2862
1301,147480,30,4622,1002,2863
1302,147599,32,4618,999,2864
1303,147698,30,4623,1001,2860
1304,147811,30,4623,1003,2858
1305,147915,29,4623,1002,2855
1306,148128,27,4625,994,2857
1307,148230,29,4623,992,2855
1308,148328,29,4622,991,2856
1309,148432,32,4625,994,2849
1310,148542,29,4634,1000,2849
1311,148646,31,4637,1003,2844
1312,148742,31,4637,998,2850
1313,148843,30,4634,995,2847
1314,148961,29,4636,996,2844
1315,149055,29,4634,996,2843
1316,149151,28,4635,997,2838
1317,149244,29,4635,992,2842
1318,149350,31,4632,992,2840
1319,149470,30,4632,987,2849
1320,149678,127,4636,981,2856
1321,149788,29,4638,986,2846
1322,149876,30,4640,987,2849
1323,149965,30,4645,992,2849
1324,150096,28,4642,957,2901
1325,150204,30,4650,935,2942
1326,150320,30,4648,907,2972
1327,150450,30,4649,901,2981
1328,150570,30,4645,893,2987
1329,150687,30,4669,896,3001
1330,150811,29,4671,883,3018
1331,150927,28,4681,879,3037
1332,151045,30,4682,857,3082
1333,151167,31,4682,842,3109
1334,151279,31,4698,847,3124
1335,151493,30,4698,833,3145
1336,151609,31,4715,829,3167
1337,151724,31,4716,807,3196
1338,151818,30,4721,802,3197
1339,151928,30,4723,776,3234
1340,152026,30,4725,770,3242
1341,152150,31,4732,757,3263
1342,152258,29,4739,756,3269
1343,152379,30,4746,740,3300
1344,152492,29,4744,728,3324
1345,152611,29,4744,715,3350
1346,152731,29,4743,703,3369
1347,152833,30,4757,718,3364
1348,152950,31,4761,711,3375
1349,153125,92,4769,712,3392
1350,153222,29,4772,705,3409
1351,153328,32,4791,711,3417
1352,153434,30,4802,724,3415
1353,153551,33,4818,730,3421
1354,153663,32,4827,728,3429
1355,153789,31,4828,725,3434
1356,153902,31,4831,709,3466
1357,154011,34,4834,704,3486
1358,154118,31,4833,696,3494
1359,154226,32,4846,707,3489
1360,154335,32,4848,703,3505
1361,154453,32,4848,695,3518
1362,154562,32,4851,699,3519
1363,156171,1537,4856,668,3572
1364,156288,32,4861,633,3660
1365,156401,30,4861,633,3660
1366,156517,29,4851,634,3646
1367,156616,31,4861,645,3636
1368,156719,31,4860,646,3631
1369,156835,31,4863,632,3650
1370,156949,31,4869,626,3655
1371,157053,31,4871,625,3665
1372,157159,31,4881,623,3675
1373,157276,41,4879,612,3685
1374,157391,31,4886,619,3691
1375,157497,32,4885,621,3686
1376,157598,36,4899,631,3683
1377,157695,33,4915,634,3701
1378,157838,73,4918,633,3702
1379,157946,30,4910,625,3707
1380,158044,30,4912,620,3717
1381,158156,32,4916,617,3738
1382,158273,32,4920,612,3748
1383,158383,32,4925,615,3752
1384,158502,30,4925,606,3766
1385,158620,31,4926,607,3765
1386,158719,32,4928,603,3775
1387,158821,32,4937,608,3780
1388,158924,31,4939,609,3781
1389,159036,31,4938,614,3778
1390,159158,30,4939,615,3778
1391,159274,32,4948,623,3786
1392,159384,32,4948,623,3786
1393,159559,32,4950,625,3783
1394,159673,31,4954,628,3793
1395,159782,32,4955,630,3791
1396,159901,34,4965,639,3792
1397,160012,32,4968,638,3792
1398,160122,31,4964,639,3784
1399,160234,32,4959,634,3786
1400,160347,35,4972,646,3785
1401,160465,33,4970,638,3798
1402,160567,31,4983,641,3808
1403,160658,32,4983,635,3816
1404,160792,31,4984,631,3828
1405,160905,33,4983,629,3826
1406,161010,32,4992,638,3824
1407,161187,97,5005,637,3840
1408,161289,32,5025,647,3841
1409,161399,32,5030,649,3843
1410,161506,32,5033,651,3840
1411,161616,32,5033,640,3848
1412,161731,33,5040,635,3853
1413,161837,33,5052,643,3858
1414,161950,32,5052,645,3856
1415,162066,31,5059,651,3854
1416,162172,34,5060,634,3872
1417,162266,33,5068,639,3874
1418,162382,33,5083,650,3867
1419,162493,33,5085,650,3868
1420,162592,33,5085,647,3875
1421,162760,85,5086,644,3877
1422,162872,32,5088,646,3876
1423,162971,32,5089,641,3883
1424,163060,32,5091,639,3890
1425,163169,33,5089,641,3884
1426,163263,33,5090,635,3882
1427,163379,32,5089,636,3876
1428,163488,33,5083,633,3870
1429,163594,34,5087,634,3877
1430,163691,33,5091,637,3878
1431,163802,33,5094,633,3883
1432,163902,33,5106,630,3897
1433,164019,34,5116,639,3898
1434,164136,33,5112,636,3895
1435,164247,34,5119,641,3901
1436,164419,30,5124,637,3919
1437,164526,32,5122,637,3918
1438,164610,32,5128,640,3918
1439,164725,33,5128,639,3919
1440,164833,33,5139,647,3917
1441,164931,32,5142,642,3930
1442,165024,35,5142,639,3932
1443,165133,36,5144,641,3932
1444,165224,35,5140,642,3925
1445,165340,33,5137,631,3941
1446,165441,32,5140,630,3948
1447,165557,42,5152,636,3950
1448,165719,42,5152,630,3958
1449,165819,33,5150,629,3958
1450,165976,92,5167,642,3963
1451,166077,34,5167,643,3957
1452,166185,34,5167,643,3957
1453,166301,32,5173,648,3966
1454,166423,32,5167,648,3961
1455,166516,32,5179,656,3960
1456,166623,33,5185,663,3959
1457,166739,40,5185,663,3960
1458,166848,34,5202,677,3958
1459,166948,33,5206,678,3958
1460,167047,33,5213,686,3957
1461,167170,34,5216,689,3952
1462,167283,34,5226,698,3949
1463,167392,34,5242,715,3943
1464,167597,118,5243,713,3945
1465,167708,31,5244,712,3951
1466,167824,31,5247,715,3951
1467,167930,35,5261,728,3950
1468,168030,33,5262,728,3951
1469,168158,33,5280,747,3947
1470,168267,34,5276,733,3964
1471,168393,33,5277,733,3968
1472,168500,34,5277,732,3970
1473,168608,33,5277,732,3970
1474,168707,33,5280,734,3965
1475,168816,34,5279,734,3964
1476,168915,34,5289,733,3986
1477,169017,34,5295,735,3986
1478,169113,33,5306,745,3981
1479,169298,33,5312,749,3976
1480,169396,34,5313,752,3970
1481,169502,32,5316,745,3978
1482,169622,35,5322,747,3972
1483,169724,37,5321,746,3972
1484,169818,34,5332,752,3971
1485,169930,34,5334,753,3968
1486,170035,33,5331,752,3971
1487,170148,34,5336,755,3976
1488,170264,34,5351,767,3976
1489,170380,35,5359,778,3965
1490,170503,33,5360,777,3972
1491,170604,34,5361,772,3988
1492,170713,35,5375,787,3990
1493,170886,105,5374,787,3989
1494,170989,34,5375,783,4002
1495,171105,34,5378,786,4000
1496,171204,36,5390,799,3992
1497,171306,35,5391,799,3994
1498,171397,34,5391,798,3994
1499,171515,34,5395,802,3996
1500,171630,34,5401,807,3999
1501,171741,35,5402,808,4002
1502,171850,36,5399,806,4005
1503,171957,35,5401,808,4003
1504,172065,35,5400,805,4010
1505,172180,36,5407,807,4021
1506,172291,34,5410,801,4031
1507,172410,34,5413,806,4033
1508,172595,113,5427,817,4028
1509,172700,33,5429,824,4023
1510,172789,34,5441,829,4033
1511,172888,34,5447,835,4029
1512,173001,33,5458,845,4025
1513,173118,35,5460,845,4028
1514,173221,35,5461,841,4032
1515,173322,36,5470,849,4029
1516,173423,34,5483,852,4044
1517,173536,35,5488,861,4040
1518,173652,36,5487,863,4034
1519,173753,34,5487,861,4038
1520,173851,36,5497,868,4039
1521,173961,36,5517,886,4040
1522,174092,46,5521,890,4037
1523,174210,37,5530,898,4040
1524,174387,96,5530,897,4041
1525,174493,34,5530,898,4038
1526,174606,35,5530,895,4041
1527,174733,35,5531,896,4041
1528,174843,36,5527,897,4033
1529,174952,35,5529,899,4030
1530,175052,35,5543,907,4027
1531,175166,35,5545,904,4032
1532,175281,36,5557,916,4024
1533,175391,36,5560,916,4021
1534,175510,36,5560,914,4024
1535,175623,37,5568,924,4022
1536,175739,36,5572,929,4010
1537,175846,36,5569,926,4010
1538,175953,37,5574,927,4003
1539,176126,98,5584,936,4002
1540,176243,35,5581,936,3999
1541,176361,35,5581,932,4004
1542,176487,43,5583,934,4000
1543,176592,38,5582,934,3999
1544,176709,36,5582,934,3999
1545,176820,37,5582,932,3999
1546,176926,35,5582,930,3999
1547,177035,37,5581,930,3997
1548,177143,38,5583,928,4005
1549,177257,36,5593,936,4013
1550,177359,36,5592,939,3999
1551,177480,37,5602,948,4001
1552,177600,36,5611,954,4004
1553,177712,34,5604,956,3993
1554,177817,36,5602,957,3989
1555,177993,115,5608,959,3989
1556,178089,35,5610,959,3989
1557,178184,36,5621,964,3989
1558,178299,35,5612,964,3980
1559,178417,34,5628,979,3982
1560,178527,35,5639,987,3987
1561,178639,37,5645,994,3982
1562,178774,37,5660,1006,3981
1563,178899,34,5663,1008,3983
1564,179007,36,5661,1005,3991
1565,179120,37,5661,999,3994
1566,179218,37,5661,999,3994
1567,179346,37,5656,992,3992
1568,179461,37,5660,996,3978
1569,179574,36,5664,999,3975
1570,179673,34,5672,1007,3970
1571,179904,131,5676,1007,3980
1572,180023,40,5677,1001,3992
1573,180186,43,5673,960,4061
1574,187019,31,5671,380,4899
1575,190927,17,1814,157,1436
1576,191035,12,1820,160,1441
1577,191162,12,1830,170,1437
1578,191271,12,1830,170,1437
1579,191399,16,1830,170,1437
1580,191534,16,1823,170,1430
1581,191627,12,1823,170,1430
1582,191737,12,1825,172,1430
1583,191842,11,1825,172,1430
1584,191949,12,1836,181,1427
1585,192052,12,1831,173,1435
1586,192238,12,1834,173,1435
1587,192336,12,1843,178,1434
1588,192430,12,1869,201,1428
1589,192532,12,1877,204,1424
1590,192633,12,1878,205,1423
1591,192726,12,1903,219,1430
1592,192821,12,1922,234,1425
1593,192914,13,1922,214,1452
1594,193023,13,1922,208,1468
1595,193114,12,1923,209,1468
1596,193209,13,1932,217,1459
1597,193293,13,1953,228,1469
1598,193389,14,1954,229,1467
1599,193483,12,1968,239,1475
1600,193578,12,1985,253,1468
1601,193677,13,1985,253,1468
1602,193788,13,1987,250,1483
1603,193912,12,1998,261,1483
1604,193992,14,2005,265,1478
1605,194099,13,2011,271,1473
1606,194187,14,2013,264,1484
1607,194296,12,2013,267,1479
1608,194388,13,2029,282,1474
1609,194477,13,2032,284,1478
1610,194580,13,2028,284,1474
1611,194787,12,2039,292,1478
1612,194883,13,2061,309,1489
1613,194986,14,2067,313,1488
1614,195087,13,2070,315,1491
1615,195180,14,2080,325,1490
1616,195268,15,2101,346,1485
1617,195356,14,2125,362,1494
1618,195453,15,2137,369,1502
1619,195547,13,2139,368,1506
1620,195632,14,2143,369,1506
1621,195716,15,2155,381,1506
1622,195801,14,2165,388,1505
1623,195909,14,2171,393,1503
1624,195996,14,2172,394,1503
1625,196095,14,2172,394,1503
1626,196203,14,2186,407,1500
1627,196308,14,2188,409,1498
1628,196403,14,2194,414,1504
1629,196500,14,2201,421,1501
1630,196593,14,2207,423,1508
1631,196684,15,2208,424,1508
1632,196788,16,2218,435,1507
1633,196879,15,2228,443,1498
1634,196985,15,2246,461,1490
1635,197205,126,2256,469,1495
1636,197299,14,2258,471,1492
1637,197386,16,2262,474,1490
1638,197474,15,2268,479,1488
1639,197570,15,2287,496,1482
1640,197655,14,2288,496,1486
1641,197756,14,2289,493,1495
1642,197857,15,2297,497,1492
1643,197953,15,2300,499,1487
1644,198059,15,2299,499,1486
1645,198152,15,2309,504,1493
1646,198268,15,2324,514,1497
1647,198373,15,2329,515,1506
1648,198476,15,2336,519,1507
1649,198573,16,2343,526,1498
1650,198672,16,2347,529,1499
1651,198752,15,2350,534,1496
1652,198852,16,2348,536,1492
1653,198973,16,2357,534,1502
1654,199080,16,2361,538,1493
1655,199177,16,2370,537,1505
1656,199403,15,2380,544,1505
1657,199496,16,2394,555,1509
1658,199579,14,2399,557,1507
1659,199684,15,2413,569,1498
1660,199775,16,2417,572,1494
1661,199874,16,2429,583,1497
1662,199966,16,2428,573,1508
1663,200048,16,2438,580,1509
1664,200138,15,2445,585,1508
1665,200231,15,2449,587,1511
1666,200320,14,2449,588,1510
1667,200416,16,2459,597,1513
1668,200516,15,2461,597,1517
1669,200599,16,2480,615,1514
1670,200690,16,2500,634,1516
1671,200788,20,2499,633,1519
1672,200895,16,2502,637,1516
1673,201001,17,2506,639,1522
1674,201080,16,2519,652,1518
1675,201172,16,2533,665,1516
1676,201429,15,2538,670,1513
1677,201534,15,2542,674,1513
1678,201634,16,2558,690,1504
1679,201708,16,2558,688,1505
1680,201799,17,2562,693,1505
1681,201897,16,2565,695,1504
1682,201998,16,2574,702,1503
1683,202106,16,2589,716,1507
1684,202230,17,2593,720,1504
1685,202310,17,2604,733,1499
1686,202398,17,2606,730,1503
1687,202493,16,2610,733,1505
1688,202568,17,2622,745,1505
1689,202663,17,2619,746,1501
1690,202771,17,2628,756,1499
1691,202874,18,2638,764,1504
1692,202966,17,2638,759,1512
1693,203060,17,2642,762,1510
1694,203156,17,2644,763,1513
1695,203383,17,2641,763,1510
1696,203468,17,2643,765,1510
1697,203543,17,2657,779,1508
1698,203642,17,2666,788,1506
1699,203734,17,2667,789,1506
1700,203817,17,2674,796,1506
1701,203901,17,2679,801,1504
1702,203998,18,2683,805,1504
1703,204093,16,2687,807,1502
1704,204176,17,2705,826,1501
1705,204272,17,2708,829,1497
1706,204362,18,2712,831,1501
1707,204456,18,2723,841,1503
1708,204560,18,2731,843,1512
1709,204668,18,2736,844,1511
1710,204767,18,2736,832,1525
1711,204867,17,2738,836,1523
1712,205061,134,2740,837,1523
1713,205162,19,2752,837,1541
1714,205264,17,2764,849,1541
1715,205359,18,2775,860,1541
1716,205449,18,2787,871,1542
1717,205537,18,2794,874,1550
1718,205617,17,2805,885,1550
1719,205727,19,2812,893,1550
1720,205840,18,2815,896,1550
1721,205945,17,2823,904,1549
1722,206041,19,2823,905,1549
1723,206147,20,2835,916,1549
1724,206238,17,2839,920,1550
1725,206328,19,2849,930,1545
1726,206417,20,2854,935,1542
1727,206508,19,2858,938,1539
1728,206612,19,2872,949,1542
1729,206711,22,2878,956,1541
1730,208295,18,2880,940,1570
1731,208412,19,2890,950,1570
1732,208541,18,2894,954,1569
1733,208636,19,2891,953,1566
1734,208723,22,2894,955,1569
1735,208821,20,2894,955,1569
1736,208922,20,2895,952,1572
1737,209009,19,2897,957,1569
1738,209111,20,2900,961,1567
1739,209204,20,2902,965,1564
1740,209303,19,2913,972,1565
1741,209404,19,2917,976,1565
1742,209496,20,2932,991,1564
1743,209590,19,2932,990,1570
1744,209709,20,2934,992,1570
1745,209798,20,2962,1018,1571
1746,209888,20,2968,1024,1568
1747,210023,20,2988,1046,1565
1748,210134,19,2987,1028,1584
1749,210250,19,2983,1030,1577
1750,210369,18,2985,1033,1574
1751,210482,19,3000,1048,1567
1752,210592,19,3005,1054,1563
1753,210703,19,3005,1059,1558
1754,210820,20,3016,1070,1556
1755,210919,19,3021,1074,1556
1756,211024,20,3026,1079,1551
1757,211128,21,3037,1088,1549
1758,211232,21,3049,1100,1548
1759,211346,21,3055,1106,1545
1760,211457,20,3057,1111,1539
1761,211544,21,3067,1121,1536
1762,211654,21,3070,1124,1536
1763,211810,20,3080,1134,1533
1764,211913,20,3086,1140,1528
1765,212001,21,3120,1176,1524
1766,212101,19,3121,1178,1521
1767,212201,21,3125,1182,1518
1768,212302,21,3125,1186,1512
1769,212423,20,3127,1188,1511
1770,212535,20,3138,1200,1510
1771,212634,21,3151,1213,1507
1772,212733,20,3165,1227,1503
1773,212830,22,3190,1252,1503
1774,212945,21,3194,1256,1503
1775,213044,20,3192,1258,1499
1776,213156,22,3192,1258,1499
1777,213266,21,3197,1261,1498
1778,213371,21,3204,1268,1497
1779,213531,21,3204,1270,1494
1780,213630,19,3209,1274,1494
1781,213724,19,3212,1277,1492
1782,213824,21,3233,1278,1511
1783,213910,21,3250,1295,1505
1784,214014,20,3261,1306,1504
1785,214127,19,3264,1309,1504
1786,214236,21,3277,1322,1504
1787,214354,22,3285,1330,1503
1788,214457,22,3297,1342,1502
1789,214559,22,3308,1353,1502
1790,214661,22,3313,1358,1501
1791,214764,22,3315,1360,1499
1792,214868,22,3324,1369,1499
1793,214958,22,3336,1381,1499
1794,215042,22,3337,1385,1492
1795,215225,101,3341,1389,1492
1796,215337,21,3342,1387,1496
1797,215436,21,3347,1394,1494
1798,215558,23,3353,1400,1494
1799,215657,22,3354,1402,1493
1800,215766,22,3358,1408,1486
1801,215870,22,3361,1411,1486
1802,215969,23,3385,1435,1482
1803,216055,22,3388,1438,1482
1804,216163,22,3390,1442,1474
1805,216291,23,3393,1446,1469
1806,216401,23,3394,1449,1467
1807,216499,22,3405,1458,1461
1808,216596,23,3410,1463,1459
1809,216716,23,3415,1468,1459
1810,216817,23,3422,1474,1457
1811,216988,97,3425,1477,1456
1812,217074,23,3442,1487,1467
1813,217164,22,3444,1489,1467
1814,217269,22,3469,1514,1467
1815,217365,23,3475,1522,1464
1816,217472,23,3476,1523,1464
1817,217583,23,3481,1528,1464
1818,217698,22,3483,1530,1464
1819,217793,21,3486,1533,1464
1820,217912,27,3499,1546,1460
1821,218034,22,3504,1553,1458
1822,218135,22,3524,1573,1454
1823,218232,23,3538,1586,1454
1824,218329,22,3539,1587,1453
1825,218420,23,3548,1596,1453
1826,218513,24,3553,1601,1453
1827,218628,24,3551,1604,1447
1828,218815,23,3552,1592,1460
1829,218913,22,3553,1593,1460
1830,219008,23,3557,1597,1460
1831,219142,23,3570,1610,1460
1832,219245,27,3574,1614,1457
1833,219341,24,3577,1617,1457
1834,219442,23,3585,1625,1454
1835,219541,23,3596,1636,1454
1836,219636,24,3604,1645,1451
1837,219733,24,3605,1646,1451
1838,219837,25,3608,1649,1451
1839,219942,25,3611,1652,1451
1840,220034,27,3612,1653,1451
1841,220139,24,3615,1657,1448
1842,220262,23,3620,1665,1445
1843,220360,24,3624,1669,1445
1844,220523,21,3627,1672,1444
1845,220633,24,3630,1675,1444
1846,220733,24,3635,1680,1444
1847,220853,23,3653,1698,1444
1848,220963,23,3659,1665,1472
1849,221073,23,3678,1632,1522
1850,221174,25,3680,1607,1543
1851,221270,24,3681,1570,1576
1852,221370,24,3686,1541,1611
1853,221457,24,3704,1555,1613
1854,221553,23,3705,1524,1640
1855,221691,26,3714,1507,1661
1856,221777,24,3719,1504,1666
1857,221888,23,3727,1486,1684
1858,221977,24,3727,1475,1695
1859,222086,26,3733,1457,1716
1860,222202,24,3733,1456,1713
1861,222395,24,3735,1417,1745
1862,222510,24,3737,1389,1777
1863,222607,26,3740,1364,1805
1864,222709,25,3741,1337,1827
1865,222825,24,3749,1330,1839
1866,222914,24,3752,1323,1848
1867,223005,25,3763,1325,1861
1868,223106,24,3772,1307,1889
1869,223217,25,3787,1282,1932
1870,223313,26,3795,1279,1945
1871,223411,24,3793,1263,1959
1872,223509,24,3795,1238,1983
1873,223601,24,3802,1222,2005
1874,223690,25,3813,1222,2014
1875,223812,24,3815,1197,2048
1876,223911,26,3828,1183,2070
1877,224098,25,3839,1168,2105
1878,224203,24,3841,1154,2116
1879,224283,24,3846,1148,2122
1880,224368,24,3847,1145,2119
1881,224457,25,3858,1148,2123
1882,224563,23,3861,1138,2133
1883,224665,26,3868,1138,2138
1884,224786,26,3871,1129,2145
1885,224876,26,3873,1125,2152
1886,224974,26,3885,1116,2170
1887,225078,26,3886,1098,2191
1888,225177,26,3887,1083,2206
1889,225290,26,3887,1069,2214
1890,225385,25,3890,1052,2239
1891,225493,25,3893,1045,2253
1892,225600,26,3893,1037,2266
1893,225705,26,3894,1024,2282
1894,225888,105,3899,1010,2298
1895,225998,24,3901,1006,2307
1896,226084,24,3907,1004,2305
1897,226210,24,3907,994,2310
1898,226324,26,3905,992,2310
1899,226441,24,3925,981,2345
1900,226558,26,3924,980,2340
1901,226651,25,3934,981,2345
1902,226778,30,3932,976,2353
1903,226890,28,3934,978,2343
1904,226980,26,3938,979,2347
1905,227076,25,3935,965,2364
1906,227170,27,3932,966,2359
1907,227278,26,3934,969,2358
1908,227388,25,3935,966,2366
1909,227501,26,3940,967,2370
1910,227620,27,3950,967,2369
1911,227808,26,3949,956,2386
1912,227916,24,3960,959,2396
1913,228014,24,3961,956,2397
1914,228120,25,3965,951,2401
1915,228213,25,3974,954,2405
1916,228320,28,3979,950,2411
1917,228409,27,3981,951,2411
1918,228504,27,3994,949,2410
1919,228608,26,3996,949,2414
1920,228700,26,3995,949,2413
1921,228804,27,3997,950,2412
1922,228892,27,3997,949,2407
1923,228987,26,3997,948,2409
1924,229078,26,4002,950,2409
1925,229186,28,4008,951,2421
1926,229297,27,4011,954,2420
1927,229385,26,4013,953,2423
1928,229504,35,4028,956,2436
1929,229711,27,4032,948,2447
1930,229821,27,4034,952,2439
1931,229927,25,4039,952,2445
1932,230044,26,4041,951,2447
1933,230144,26,4044,953,2444
1934,230247,27,4046,953,2444
1935,230358,27,4040,941,2452
1936,230439,28,4048,941,2457
1937,230534,28,4055,945,2453
1938,230625,29,4066,950,2451
1939,230724,28,4072,955,2448
1940,230837,28,4072,946,2460
1941,230933,26,4072,944,2463
1942,231033,27,4085,951,2465
1943,231136,27,4086,953,2459
1944,231263,35,4083,951,2461
1945,231389,29,4077,952,2454
1946,231586,101,4086,953,2462
1947,231666,26,4087,950,2470
1948,231754,25,4099,956,2466
1949,231874,28,4086,943,2468
1950,231967,25,4088,943,2468
1951,232072,25,4087,939,2469
1952,232173,26,4092,946,2468
1953,232278,27,4097,940,2477
1954,232357,26,4098,940,2481
1955,232463,27,4097,936,2480
1956,232585,28,4100,927,2493
1957,232678,27,4122,935,2501
1958,232781,27,4129,934,2516
1959,232890,30,4128,930,2516
1960,233002,27,4132,930,2523
1961,233101,29,4136,929,2523
1962,233207,28,4147,937,2518
1963,233318,29,4143,937,2514
1964,233428,28,4151,939,2528
1965,233591,27,4150,930,2542
1966,233698,28,4155,934,2542
1967,233795,27,4165,943,2545
1968,233911,30,4174,949,2543
1969,234008,29,4186,955,2545
1970,234114,28,4187,954,2546
1971,234197,28,4202,969,2541
1972,234302,31,4216,985,2545
1973,234407,27,4223,986,2545
1974,234518,29,4223,988,2539
1975,234623,29,4239,994,2539
1976,234716,29,4241,991,2548
1977,234823,29,4250,993,2552
1978,234923,29,4255,999,2552
1979,235026,30,4286,1030,2552
1980,235157,29,4280,1028,2548
1981,235282,28,4288,1031,2548
1982,235447,80,4288,1026,2557
1983,235552,29,4282,1023,2554
1984,235652,28,4281,1021,2561
1985,235764,32,4285,1023,2561
1986,235884,33,4287,1023,2560
1987,236007,39,4295,1026,2564
1988,236170,36,4294,1014,2576
1989,236296,38,4300,1016,2572
1990,236430,26,4312,1025,2575
1991,236533,32,4312,1020,2575
1992,236632,28,4322,1022,2576
1993,236721,29,4325,1021,2582
1994,236840,38,4327,1022,2582
1995,236971,38,4328,1026,2579
1996,237090,32,4325,1027,2575
1997,237190,29,4335,1038,2571
1998,237300,32,4350,1056,2565
1999,237417,36,4362,1068,2559
2000,237581,28,4363,1069,2557
2001,237679,30,4368,1072,2553
2002,237787,29,4367,1075,2549
2003,237902,28,4367,1076,2545
2004,238011,29,4367,1079,2542
2005,238130,29,4370,1083,2539
2006,238229,30,4375,1088,2535
2007,238317,30,4387,1096,2533
2008,238418,29,4392,1097,2535
2009,238511,30,4403,1101,2544
2010,238612,40,4403,1100,2542
2011,238738,29,4403,1095,2542
2012,238856,33,4413,1104,2539
2013,238980,29,4425,1116,2535
2014,239089,30,4434,1118,2537
2015,239208,30,4435,1122,2532
2016,239311,31,4436,1120,2537
2017,239427,29,4435,1121,2532
2018,239587,32,4449,1127,2545
2019,239698,32,4458,1133,2545
2020,239813,32,4460,1131,2549
2021,239941,29,4472,1142,2545
2022,240057,30,4470,1127,2564
2023,240183,30,4477,1097,2594
2024,240304,30,4479,1062,2645
2025,240429,30,4478,1043,2669
2026,240554,28,4479,1007,2723
2027,240665,30,4491,981,2774
2028,240767,30,4500,982,2784
2029,240874,30,4513,971,2814
2030,240991,30,4509,950,2839
2031,241122,29,4508,930,2863
2032,241239,28,4510,914,2884
2033,241350,33,4521,898,2914
2034,241453,29,4534,911,2910
2035,241656,109,4542,874,2967
2036,241777,30,4543,841,2999
2037,241868,30,4550,845,3001
2038,241994,28,4550,832,3025
2039,242120,29,4553,831,3027
2040,242242,29,4565,833,3026
2041,242367,30,4561,809,3062
2042,242486,29,4572,798,3086
2043,242597,29,4585,800,3112
2044,242703,28,4596,787,3137
2045,242797,30,4599,779,3141
2046,242910,31,4598,767,3160
2047,243020,31,4600,774,3151
2048,243121,30,4606,766,3166
2049,243239,30,4606,754,3178
2050,243361,34,4606,751,3177
2051,243499,35,4607,744,3190
2052,243713,123,4612,742,3188
2053,243837,30,4619,752,3177
2054,243949,30,4623,740,3201
2055,244058,30,4625,741,3200
2056,244176,30,4619,718,3221
2057,244299,29,4621,718,3220
2058,244418,29,4621,721,3215
2059,244536,29,4626,691,3258
2060,244664,28,4624,686,3272
2061,244771,29,4634,680,3294
2062,244890,33,4647,683,3299
2063,244994,31,4654,683,3315
2064,245114,30,4659,687,3308
2065,245224,31,4662,681,3313
2066,245334,31,4663,678,3317
2067,245442,31,4670,677,3330
2068,245555,31,4671,677,3331
2069,245665,32,4682,677,3343
2070,245866,112,4682,654,3383
2071,245965,30,4690,646,3414
2072,246082,31,4697,654,3409
2073,246204,33,4699,652,3408
2074,246309,29,4707,655,3410
2075,246431,34,4707,639,3427
2076,246547,31,4707,632,3441
2077,246668,31,4710,632,3445
2078,246767,28,4711,631,3444
2079,246888,29,4715,631,3450
2080,247004,30,4714,631,3452
2081,247104,29,4727,640,3465
2082,247194,32,4746,657,3458
2083,247304,32,4749,658,3464
2084,247421,29,4747,643,3478
2085,247530,31,4736,636,3468
2086,247642,30,4738,626,3485
2087,247761,31,4741,630,3484
2088,249225,1387,4748,568,3577
2089,249335,29,4759,569,3604
2090,249437,29,4772,579,3603
2091,249539,28,4786,584,3611
2092,249640,32,4784,584,3609
2093,249759,33,4783,582,3611
2094,249876,35,4790,585,3619
2095,249971,32,4810,601,3623
2096,250078,29,4823,604,3629
2097,250198,39,4823,597,3637
2098,250307,32,4824,595,3641
2099,250430,31,4825,596,3643
2100,250543,34,4825,596,3643
2101,250659,32,4825,595,3649
2102,250771,32,4828,593,3656
2103,250865,33,4830,594,3653
2104,250972,32,4842,603,3650
2105,251122,78,4842,601,3656
2106,251243,35,4859,600,3677
2107,251355,32,4857,587,3704
2108,251447,32,4856,581,3713
2109,251550,31,4856,581,3711
2110,251664,31,4860,584,3706
2111,251782,28,4856,580,3702
2112,251911,31,4860,572,3717
2113,252021,34,4861,572,3719
2114,252114,31,4871,581,3716
2115,252224,32,4883,588,3721
2116,252342,32,4880,580,3730
2117,252440,31,4887,588,3732
2118,252538,32,4893,582,3751
2119,252643,32,4893,575,3764
2120,252756,33,4894,572,3771
2121,252875,31,4896,569,3782
2122,252981,31,4902,569,3794
2123,253126,32,4903,557,3803
2124,253232,31,4909,561,3807
2125,253330,31,4906,559,3808
2126,253433,31,4906,559,3808
2127,253550,31,4908,561,3796
2128,253657,31,4914,566,3789
2129,253756,32,4924,573,3791
2130,253867,32,4923,567,3801
2131,253989,30,4939,580,3797
2132,254105,32,4934,580,3791
2133,254203,32,4932,576,3795
2134,254301,32,4933,575,3798
2135,254408,32,4938,578,3793
2136,254526,29,4941,570,3809
2137,254630,32,4942,568,3816
2138,254740,32,4942,572,3808
2139,254853,33,4949,567,3811
2140,255025,107,4945,566,3810
2141,255122,30,4949,564,3814
2142,255246,29,4945,555,3827
2143,255349,32,4943,555,3825
2144,255450,31,4966,577,3824
2145,255557,32,4982,585,3829
2146,255662,32,4989,591,3831
2147,255765,33,5000,601,3828
2148,255874,32,5002,599,3833
2149,255999,32,5010,607,3836
2150,256105,32,5015,613,3835
2151,256226,32,5014,611,3841
2152,256338,31,5015,610,3841
2153,256465,33,5023,616,3838
2154,256570,32,5027,610,3853
2155,256689,31,5025,609,3857
2156,256788,30,5036,618,3850
2157,256899,34,5039,618,3859
2158,257079,31,5041,617,3864
2159,257199,35,5037,613,3859
2160,257307,31,5041,616,3862
2161,257422,33,5056,627,3860
2162,257549,31,5056,629,3858
2163,257659,32,5056,629,3858
2164,257770,31,5057,630,3856
2165,257878,31,5068,641,3849
2166,257971,31,5085,646,3864
2167,258084,33,5084,644,3862
2168,258198,33,5081,644,3861
2169,258318,30,5086,650,3856
2170,258421,33,5089,649,3859
2171,258545,35,5099,655,3859
2172,258655,33,5102,652,3872
2173,258773,32,5101,643,3880
2174,258967,109,5121,663,3877
2175,259073,30,5124,666,3874
2176,259162,32,5125,660,3878
2177,259266,32,5128,661,3880
2178,259379,33,5124,656,3881
2179,259483,32,5126,654,3888
2180,259597,32,5129,655,3891
2181,259706,32,5129,659,3879
2182,259827,32,5130,660,3879
2183,259955,37,5131,668,3877
2184,260069,34,5127,666,3878
2185,260182,34,5127,666,3878
2186,260273,34,5140,673,3875
2187,260390,32,5151,678,3877
2188,260489,33,5148,677,3876
2189,260606,35,5143,675,3871
2190,260710,36,5152,683,3866
2191,260821,32,5159,686,3876
2192,261040,32,5157,681,3883
2193,261152,32,5154,675,3891
2194,261277,35,5159,681,3886
2195,261358,32,5168,688,3889
2196,261467,35,5180,703,3878
2197,261590,32,5180,704,3874
2198,261709,34,5184,705,3875
2199,261826,34,5186,704,3879
2200,261941,33,5189,707,3877
2201,262057,34,5187,705,3879
2202,262168,31,5189,704,3888
2203,262284,34,5192,704,3895
2204,262409,43,5192,704,3895
2205,262523,34,5197,709,3892
2206,262633,33,5195,708,3894
2207,262750,33,5196,709,3891
2208,262959,31,5206,715,3898
2209,263067,32,5216,725,3900
2210,263168,33,5226,734,3902
2211,263284,34,5227,729,3908
2212,263394,33,5233,737,3902
2213,263527,41,5232,737,3901
2214,263648,33,5242,748,3899
2215,263756,32,5240,748,3899
2216,263864,32,5243,750,3897
2217,263955,31,5245,745,3905
2218,264053,31,5244,746,3903
2219,264146,31,5249,753,3895
2220,264255,32,5252,759,3892
2221,264353,34,5249,758,3890
2222,264461,34,5245,756,3892
2223,264582,34,5247,759,3889
2224,264823,32,5249,760,3892
2225,264934,33,5253,760,3896
2226,265049,33,5255,763,3891
2227,265161,34,5263,768,3893
2228,265255,33,5262,767,3895
2229,265360,33,5269,775,3894
2230,265465,33,5272,778,3891
2231,265573,34,5272,778,3883
2232,265655,34,5282,783,3886
2233,265765,33,5289,790,3879
2234,265871,32,5291,792,3876
2235,265965,38,5299,801,3868
2236,266079,34,5304,806,3868
2237,266187,34,5307,805,3865
2238,266294,35,5307,809,3860
2239,266504,35,5309,807,3858
2240,266601,32,5311,808,3862
2241,266693,33,5320,819,3860
2242,266816,35,5322,818,3858
2243,266920,34,5328,827,3852
2244,267049,33,5334,828,3858
2245,267168,34,5334,830,3855
2246,267296,33,5334,831,3853
2247,267412,36,5342,839,3853
2248,267532,35,5343,838,3857
2249,267632,35,5356,848,3860
2250,267753,34,5365,856,3860
2251,267867,34,5366,852,3862
2252,267991,34,5368,851,3871
2253,268182,120,5366,849,3869
2254,268283,34,5367,847,3873
2255,268378,35,5381,862,3866
2256,268495,34,5385,864,3868
2257,268618,34,5395,873,3862
2258,268733,35,5407,887,3857
2259,268848,35,5410,890,3853
2260,268968,36,5421,895,3855
2261,269074,35,5428,895,3861
2262,269187,35,5431,898,3856
2263,269296,35,5434,897,3859
2264,269431,35,5434,897,3859
2265,269533,34,5435,898,3859
2266,269654,34,5437,899,3859
2267,269771,34,5433,898,3854
2268,269952,107,5433,891,3864
2269,270090,47,5436,874,3886
2270,271911,34,5434,679,4168
2271,276911,32,5440,300,4772
2272,280768,16,1676,186,1231
2273,280876,11,1684,196,1229
2274,280980,12,1679,193,1231
2275,281087,12,1686,200,1231
2276,281177,13,1684,200,1229
2277,281286,11,1695,206,1221
2278,281448,11,1698,203,1237
2279,281553,11,1709,212,1228
2280,281659,12,1712,213,1228
2281,281750,11,1719,217,1235
2282,281863,12,1720,217,1238
2283,281954,12,1732,225,1241
2284,282055,11,1738,228,1241
2285,282164,12,1737,217,1256
2286,282262,12,1739,216,1259
2287,282355,12,1744,218,1261
2288,282472,21,1756,218,1264
2289,282569,12,1768,225,1264
2290,282669,12,1771,229,1255
2291,282767,12,1775,233,1254
2292,282853,12,1791,247,1247
2293,282946,12,1796,241,1263
2294,283044,12,1796,241,1263
2295,283143,12,1806,248,1259
2296,283227,11,1802,249,1254
2297,283318,12,1805,238,1268
2298,283412,12,1797,239,1259
2299,283519,14,1811,251,1261
2300,283617,12,1812,252,1259
2301,283740,12,1824,266,1254
2302,283836,13,1833,275,1258
2303,284007,16,1833,272,1265
2304,284114,12,1830,270,1270
2305,284220,13,1834,262,1281
2306,284304,12,1840,269,1277
2307,284396,12,1851,276,1272
2308,284510,12,1849,267,1289
2309,284599,12,1878,293,1289
2310,284693,13,1880,279,1315
2311,284782,13,1885,282,1316
2312,284887,13,1887,283,1319
2313,284993,13,1888,284,1317
2314,285081,13,1891,287,1310
2315,285175,13,1896,292,1314
2316,285245,13,1908,304,1312
2317,285334,16,1903,306,1303
2318,285419,13,1903,306,1303
2319,285519,13,1899,306,1299
2320,285626,13,1902,309,1295
2321,285728,13,1916,311,1310
2322,285822,14,1937,320,1315
2323,285904,14,1952,335,1315
2324,286021,14,1957,340,1315
2325,286128,14,1961,341,1315
2326,286220,14,1974,353,1313
2327,286320,14,1986,364,1316
2328,286492,12,2000,378,1312
2329,286581,13,2003,381,1312
2330,286663,13,2024,398,1304
2331,286768,13,2030,403,1302
2332,286866,13,2040,416,1298
2333,286963,14,2043,418,1296
2334,287077,14,2050,424,1296
2335,287195,13,2059,432,1295
2336,287335,14,2063,429,1297
2337,287425,14,2074,439,1297
2338,287498,13,2084,452,1289
2339,287599,13,2087,454,1293
2340,287675,16,2089,456,1291
2341,287782,14,2091,458,1291
2342,287874,14,2098,465,1287
2343,287975,14,2100,466,1283
2344,288060,14,2104,465,1288
2345,288141,15,2110,469,1291
2346,288239,15,2131,476,1296
2347,288322,15,2139,484,1299
2348,288425,15,2152,497,1293
2349,288538,15,2154,495,1299
2350,288630,15,2155,495,1299
2351,288719,16,2150,495,1294
2352,288931,13,2156,499,1295
2353,289027,15,2167,509,1293
2354,289117,14,2178,520,1293
2355,289213,17,2179,513,1309
2356,289320,14,2182,515,1310
2357,289433,16,2191,522,1315
2358,289540,16,2193,516,1328
2359,289643,15,2207,525,1331
2360,289728,17,2211,531,1327
2361,289830,16,2217,533,1328
2362,289926,15,2225,539,1326
2363,290020,16,2219,539,1320
2364,290145,14,2221,539,1323
2365,290264,16,2227,543,1320
2366,290353,15,2229,539,1332
2367,290464,15,2236,546,1330
2368,290558,17,2234,547,1328
2369,290647,15,2233,546,1329
2370,290731,16,2232,547,1327
2371,290835,16,2232,547,1327
2372,290940,15,2232,548,1326
2373,291047,20,2230,550,1319
2374,291170,16,2233,552,1321
2375,291255,16,2232,550,1321
2376,291467,15,2241,559,1321
2377,291579,15,2257,572,1320
2378,291666,15,2266,577,1322
2379,291752,15,2268,576,1322
2380,291848,15,2272,578,1320
2381,291949,15,2272,579,1321
2382,292038,15,2277,578,1328
2383,292115,14,2280,581,1327
2384,292202,16,2286,587,1327
2385,292288,15,2300,601,1325
2386,292373,15,2304,603,1329
2387,292467,15,2315,614,1326
2388,292551,15,2338,634,1321
2389,292654,16,2344,643,1315
2390,292737,16,2353,651,1316
2391,292831,15,2357,654,1314
2392,292945,15,2354,654,1311
2393,293053,15,2357,655,1309
2394,293147,16,2360,659,1307
2395,293260,17,2365,662,1307
2396,293373,16,2366,666,1301
2397,293477,16,2380,682,1297
2398,293584,16,2384,685,1297
2399,293778,122,2386,681,1298
2400,293862,16,2396,687,1301
2401,293944,18,2398,688,1305
2402,294032,15,2408,693,1314
2403,294136,17,2413,697,1312
2404,294228,15,2414,698,1310
2405,294312,17,2429,713,1309
2406,294425,20,2441,724,1304
2407,294514,18,2448,726,1315
2408,294613,17,2457,735,1314
2409,294696,16,2461,738,1313
2410,294799,17,2463,742,1309
2411,294893,17,2464,741,1313
2412,294990,16,2467,743,1312
2413,295081,17,2468,743,1315
2414,295180,16,2467,743,1314
2415,295276,17,2467,745,1312
2416,295367,18,2474,751,1315
2417,295479,16,2484,760,1317
2418,295593,22,2487,761,1320
2419,295710,17,2491,764,1319
2420,295815,18,2480,762,1314
2421,296028,18,2495,775,1313
2422,296114,16,2506,788,1306
2423,296216,17,2509,786,1308
2424,296311,15,2510,787,1304
2425,296395,17,2512,789,1304
2426,296465,16,2514,791,1302
2427,296559,16,2518,787,1313
2428,296658,16,2520,792,1308
2429,296747,16,2523,793,1307
2430,296843,17,2530,800,1307
2431,296938,17,2533,802,1305
2432,297054,17,2537,803,1309
2433,297142,17,2539,805,1309
2434,297254,17,2545,810,1309
2435,297335,18,2544,810,1307
2436,297439,17,2543,813,1302
2437,297532,19,2549,816,1309
2438,297624,17,2558,826,1308
2439,297717,18,2571,837,1304
2440,297818,18,2581,846,1305
2441,297907,17,2586,850,1306
2442,298124,142,2586,850,1309
2443,298220,17,2596,863,1301
2444,298328,18,2613,877,1302
2445,298417,17,2617,881,1302
2446,298504,18,2623,887,1302
2447,298600,18,2624,889,1300
2448,298690,18,2626,891,1300
2449,298788,17,2624,889,1299
2450,298883,18,2626,890,1300
2451,298958,18,2629,891,1300
2452,299060,20,2629,891,1300
2453,299157,18,2652,914,1300
2454,299262,21,2656,918,1300
2455,299356,17,2675,936,1298
2456,299454,19,2678,939,1298
2457,299570,19,2681,936,1300
2458,299656,20,2684,936,1304
2459,299753,21,2692,944,1304
2460,299847,19,2698,950,1304
2461,299938,20,2708,960,1304
2462,301581,1553,2716,917,1368
