tick,timestamp,query_runtime,trav_index_nodes,trav_vol_nodes,trav_unprod_nodes
0,714,3,6,6,0
1,952,5,25,25,0
2,1250,1,27,27,0
3,4379,5,32,32,0
4,4636,5,38,38,0
5,4930,2,40,40,0
6,5160,3,48,48,0
7,5378,4,50,50,0
8,5584,2,52,52,0
9,5758,1,62,62,0
10,5957,5,62,62,0
11,6107,6,66,66,0
12,6321,2,69,69,0
13,6462,2,78,78,0
14,6651,1,80,80,0
15,6811,2,100,100,0
16,6985,2,110,110,0
17,7141,2,113,113,0
18,7286,3,119,119,0
19,7430,2,119,119,0
20,9603,2,121,121,0
21,9752,5,135,135,0
22,9905,2,138,138,0
23,10059,3,140,140,0
24,10189,2,142,142,0
25,10350,2,144,144,0
26,10483,2,145,145,0
27,10610,3,156,156,0
28,10734,2,156,156,0
29,10866,4,164,164,0
30,11026,2,165,165,0
31,11183,2,168,168,0
32,11286,2,169,169,0
33,11389,4,194,194,0
34,11535,2,198,198,0
35,11632,2,210,210,0
36,11767,3,213,213,0
37,11897,4,215,215,0
38,12079,6,217,217,0
39,12233,2,220,220,0
40,12346,2,224,224,0
41,12451,2,234,234,0
42,12543,3,244,244,0
43,12659,2,249,249,0
44,12765,4,264,264,0
45,12909,3,265,265,0
46,13035,4,267,267,0
47,13151,3,268,268,0
48,13271,5,283,283,0
49,13373,3,284,284,0
50,13495,3,286,286,0
51,13575,2,289,289,0
52,13692,2,293,293,0
53,13821,3,295,295,0
54,13935,4,306,306,0
55,14057,4,306,306,0
56,14171,4,314,314,0
57,14299,4,315,315,0
58,14434,4,315,315,0
59,14589,3,317,317,0
60,14703,2,320,320,0
61,14800,3,324,324,0
62,14895,4,328,328,0
63,14980,2,340,340,0
64,15081,4,342,342,0
65,15225,5,347,347,0
66,15329,3,349,349,0
67,15452,3,351,351,0
68,15563,3,364,364,0
69,15686,4,371,371,0
70,15808,3,371,371,0
71,15920,4,376,376,0
72,16026,5,377,377,0
73,16140,4,379,379,0
74,16246,3,379,379,0
75,16340,3,380,380,0
76,16467,3,383,383,0
77,16596,3,384,384,0
78,16739,3,385,385,0
79,16841,3,387,387,0
80,16940,3,393,393,0
81,17050,4,404,404,0
82,17146,3,419,419,0
83,17265,3,428,428,0
84,17350,2,429,429,0
85,17447,3,436,436,0
86,17553,4,437,437,0
87,17643,4,439,439,0
88,17725,4,443,443,0
89,17835,3,447,447,0
90,17925,4,449,449,0
91,18029,7,453,453,0
92,18131,3,456,456,0
93,18215,4,461,461,0
94,18326,5,468,468,0
95,18448,4,470,470,0
96,18552,3,475,475,0
97,18703,4,484,484,0
98,18791,4,484,484,0
99,18884,4,484,484,0
100,18977,5,485,485,0
101,19089,4,487,487,0
102,19212,12,492,492,0
103,19323,4,506,506,0
104,19409,5,510,510,0
105,19497,4,513,513,0
106,19599,5,525,525,0
107,19680,3,527,527,0
108,19790,4,527,527,0
109,19883,4,529,529,0
110,19988,4,531,531,0
111,20067,4,537,537,0
112,20166,5,546,546,0
113,20267,4,550,550,0
114,20354,5,560,560,0
115,20526,4,561,561,0
116,20619,4,564,564,0
117,20702,5,574,574,0
118,20800,4,576,576,0
119,20920,4,580,580,0
120,21023,5,585,585,0
121,21121,5,594,594,0
122,21226,5,596,596,0
123,21312,6,604,604,0
124,21418,5,608,608,0
125,21511,6,617,617,0
126,21638,5,619,619,0
127,21713,5,626,626,0
128,21804,5,638,638,0
129,21912,4,640,640,0
130,22013,5,640,640,0
131,22121,6,646,646,0
132,22218,6,650,650,0
133,22320,5,650,650,0
134,22512,5,650,650,0
135,22611,6,656,656,0
136,22707,6,661,661,0
137,22815,5,665,665,0
138,22893,6,668,668,0
139,23000,5,668,668,0
140,23099,7,674,674,0
141,23209,6,676,676,0
142,23319,6,678,678,0
143,23414,5,680,680,0
144,23519,5,690,690,0
145,23608,5,696,696,0
146,23708,7,697,697,0
147,23781,7,716,716,0
148,23891,9,719,719,0
149,23981,9,726,726,0
150,24071,7,733,733,0
151,24333,111,735,735,0
152,24444,8,738,738,0
153,24527,6,743,743,0
154,24616,9,743,743,0
155,24730,7,743,743,0
156,24811,6,751,751,0
157,24897,7,759,759,0
158,24985,6,761,761,0
159,25122,9,762,762,0
160,25229,9,763,763,0
161,25322,8,763,763,0
162,25423,6,767,767,0
163,25532,6,769,769,0
164,25618,6,775,775,0
165,25720,6,776,776,0
166,25816,6,778,778,0
167,25907,8,780,780,0
168,26032,7,789,789,0
169,26194,6,802,802,0
170,26328,7,817,817,0
171,26427,6,821,821,0
172,26517,7,832,832,0
173,26617,7,833,833,0
174,26720,8,854,854,0
175,26820,7,863,863,0
176,26916,7,863,863,0
177,27017,6,865,865,0
178,27102,7,877,877,0
179,27189,6,894,894,0
180,27286,7,896,896,0
181,27380,7,898,898,0
182,27475,7,901,901,0
183,27559,6,908,908,0
184,27644,7,909,909,0
185,27730,10,917,917,0
186,27875,6,917,917,0
187,27954,7,917,917,0
188,28028,7,923,923,0
189,28137,8,925,925,0
190,28228,6,928,928,0
191,28333,7,929,929,0
192,28448,6,931,931,0
193,28554,6,932,932,0
194,28643,8,933,933,0
195,28739,6,935,935,0
196,28829,8,940,940,0
197,28910,7,952,952,0
198,28992,7,954,954,0
199,29077,8,955,955,0
200,29172,8,963,963,0
201,29250,9,964,964,0
202,29345,7,965,965,0
203,29484,7,971,971,0
204,29584,7,977,977,0
205,29676,8,981,981,0
206,29772,8,981,981,0
207,29875,7,983,983,0
208,29958,7,986,986,0
209,30067,7,986,986,0
210,30156,9,988,988,0
211,30264,18,991,977,8
212,30377,18,992,976,8
213,30490,9,993,965,9
214,30582,9,1001,969,10
215,30672,10,1005,961,22
216,30768,12,1005,949,32
217,30869,21,1008,943,34
218,30981,10,1012,927,48
219,31118,50,1015,922,52
220,31209,8,1016,916,54
221,31302,9,1019,914,54
222,31394,8,1019,898,57
223,31487,7,1027,906,57
224,31579,7,1029,908,57
225,31663,7,1030,909,57
226,31748,7,1039,919,56
227,31822,8,1039,919,56
228,31924,8,1051,932,55
229,32020,9,1052,933,55
230,32160,9,1058,939,55
231,32270,8,1058,940,54
232,32366,8,1058,940,54
233,32461,9,1063,945,54
234,32563,8,1071,953,54
235,32655,9,1072,954,54
236,32760,8,1081,963,54
237,32925,8,1099,981,54
238,33008,8,1100,982,54
239,33093,9,1103,985,54
240,33185,11,1113,995,53
241,33294,8,1120,1002,53
242,33376,9,1129,1011,53
243,33480,10,1136,1018,52
244,33590,8,1146,1028,52
245,33679,8,1150,1032,52
246,33775,9,1152,1034,52
247,33852,10,1153,1035,52
248,33922,8,1154,1036,52
249,34015,9,1156,1040,50
250,34110,9,1165,1049,50
251,34189,8,1165,1049,50
252,34295,8,1165,1046,51
253,34387,10,1167,1035,60
254,34570,74,1168,1009,80
255,34675,10,1184,1016,81
256,34761,10,1204,1031,81
257,34852,9,1204,1007,98
258,34939,9,1209,1011,98
259,35034,9,1213,997,114
260,35127,10,1215,998,116
261,35218,9,1218,987,122
262,35295,9,1222,985,126
263,35381,12,1229,987,130
264,35480,8,1229,971,145
265,35581,10,1230,969,148
266,35680,10,1232,966,149
267,35762,10,1241,971,150
268,35848,9,1242,959,150
269,35917,10,1249,959,155
270,36017,10,1251,957,158
271,36166,12,1255,955,160
272,36378,13,1257,947,170
273,36473,10,1258,933,182
274,36545,10,1259,925,190
275,36610,9,1282,934,203
276,36738,10,1288,935,204
277,36833,11,1296,940,202
278,36919,9,1296,933,208
279,37027,10,1308,935,213
280,37120,10,1309,924,226
281,37204,11,1313,923,227
282,37285,10,1324,925,235
283,37372,10,1326,916,241
284,37466,9,1330,902,252
285,37570,10,1331,902,252
286,37670,12,1334,905,252
287,37773,9,1334,906,251
288,37884,10,1336,908,250
289,37974,9,1341,913,250
290,38159,9,1346,918,250
291,38254,10,1347,920,249
292,38347,9,1349,922,249
293,38419,9,1349,922,249
294,38506,9,1349,922,249
295,38600,9,1353,926,249
296,38698,9,1355,931,245
297,38807,11,1363,941,243
298,38899,11,1371,949,243
299,38994,10,1369,950,240
300,39091,11,1371,953,238
301,39192,10,1371,953,238
302,39286,12,1371,953,238
303,39374,10,1385,967,238
304,39439,9,1392,974,238
305,39520,10,1393,975,238
306,39597,10,1393,975,238
307,39686,11,1393,973,239
308,39869,11,1400,962,248
309,39956,9,1403,950,259
310,40033,10,1409,951,265
311,40112,10,1420,959,266
312,40205,10,1420,951,274
313,40289,10,1423,954,274
314,40388,10,1427,944,284
315,40487,13,1419,934,287
316,40595,12,1423,934,292
317,40690,14,1441,943,300
318,40762,11,1441,941,302
319,40866,10,1448,941,307
320,40949,10,1448,940,306
321,41049,12,1451,940,308
322,41141,11,1453,941,309
323,41234,12,1452,940,308
324,41320,11,1463,940,318
325,41451,28,1466,935,323
326,41710,16,1466,916,340
327,41844,34,1464,908,346
328,41961,19,1465,908,347
329,42055,13,1469,910,349
330,42219,13,1473,907,356
331,42307,14,1477,908,358
332,42394,11,1480,906,361
333,42477,11,1483,903,366
334,42566,14,1482,902,365
335,42703,29,1491,907,371
336,42825,11,1493,908,371
337,42925,12,1503,914,370
338,43007,12,1507,917,371
339,43121,15,1515,925,371
340,43234,14,1517,920,378
341,43326,12,1517,921,377
342,43440,12,1527,926,382
343,43552,10,1528,917,391
344,43763,12,1530,905,401
345,43841,10,1526,904,398
346,43922,10,1534,913,394
347,44024,15,1535,913,393
348,44099,13,1535,913,393
349,44201,12,1534,913,394
350,44294,12,1537,911,397
351,44393,16,1541,916,398
352,44511,17,1539,918,394
353,44610,12,1551,927,394
354,44707,12,1566,937,398
355,44800,14,1562,923,402
356,44874,12,1573,930,401
357,44965,12,1576,932,402
358,45074,13,1583,933,406
359,45189,15,1587,935,408
360,45294,13,1588,936,408
361,45529,146,1592,924,424
362,45636,11,1594,903,443
363,45747,12,1596,892,460
364,45858,17,1601,879,478
365,45979,13,1603,858,502
366,46088,10,1606,827,543
367,46239,12,1613,809,578
368,46346,12,1615,804,585
369,46453,12,1620,802,592
370,46561,11,1615,781,609
371,46690,12,1612,752,636
372,46780,12,1617,757,636
373,46874,12,1621,748,651
374,46966,12,1621,735,663
375,47080,12,1622,736,665
376,47185,12,1623,730,669
377,47300,12,1626,712,689
378,47570,193,1641,707,706
379,47675,14,1644,682,736
380,47789,13,1646,678,740
381,47877,14,1658,689,740
382,47974,14,1666,685,749
383,48079,15,1672,684,756
384,48161,12,1675,683,759
385,48242,12,1685,696,754
386,48340,13,1685,698,752
387,48438,12,1692,691,765
388,48553,11,1687,681,771
389,48660,13,1690,675,779
390,48750,15,1688,667,787
391,48852,13,1706,665,804
392,49289,14,1715,642,837
393,49385,12,1725,635,855
394,49485,13,1726,625,867
395,49571,12,1734,623,877
396,49653,12,1745,635,875
397,49744,15,1753,639,879
398,49834,14,1756,627,901
399,49933,12,1753,622,900
400,50033,12,1767,626,910
401,50146,14,1761,623,913
402,50234,12,1774,614,946
403,50335,17,1786,615,952
404,50448,14,1792,613,954
405,50817,283,1797,592,981
406,50917,15,1802,595,982
407,51020,16,1805,594,979
408,51127,15,1814,597,978
409,51229,15,1811,584,985
410,51321,13,1809,574,992
411,51414,13,1812,570,998
412,51514,14,1814,575,998
413,51608,16,1817,575,1001
414,51692,15,1815,573,1003
415,51791,13,1813,558,1023
416,51892,13,1811,547,1032
417,51989,16,1816,551,1030
418,52084,20,1810,545,1037
419,55086,15,1810,387,1227
420,55195,14,1806,381,1234
421,55289,15,1819,388,1238
422,55392,14,1823,392,1237
423,55472,14,1835,400,1234
424,55561,14,1838,401,1240
425,55657,15,1846,409,1239
426,55764,14,1849,412,1240
427,55856,15,1851,414,1238
428,55955,14,1854,414,1240
429,56050,14,1860,420,1239
430,56169,19,1867,420,1246
431,56278,18,1868,421,1246
432,56423,14,1872,425,1243
433,56507,13,1879,431,1242
434,56602,12,1890,428,1258
435,56694,15,1894,428,1264
436,56777,15,1895,428,1265
437,56863,12,1889,418,1272
438,56961,14,1893,413,1278
439,57076,13,1891,403,1290
440,57179,17,1888,404,1285
441,57267,14,1889,396,1299
442,57366,17,1892,398,1300
443,57470,13,1892,389,1316
444,57566,15,1906,398,1320
445,57710,15,1908,398,1324
446,57810,17,1918,404,1331
447,57903,14,1917,403,1332
448,57996,15,1915,401,1331
449,58104,23,1935,418,1329
450,58335,17,1933,413,1336
451,58435,19,1949,429,1335
452,58553,16,1943,432,1320
453,58658,17,1952,439,1319
454,58750,16,1966,451,1310
455,58859,15,1964,445,1315
456,58966,17,1965,445,1317
457,59069,16,1966,446,1317
458,59223,15,1966,438,1329
459,59324,15,1973,436,1334
460,59408,14,1976,439,1334
461,59501,17,1975,437,1333
462,59593,16,1980,438,1330
463,59694,20,1981,433,1336
464,59789,16,1994,434,1350
465,59883,16,2000,439,1350
466,60009,23,1999,426,1362
467,60145,16,1995,421,1361
468,60253,20,1999,413,1378
469,60360,19,2010,404,1403
470,60462,14,2019,412,1404
471,60633,16,2018,410,1405
472,60736,17,2019,413,1401
473,60841,15,2022,414,1400
474,60949,14,2022,411,1404
475,61071,16,2016,411,1398
476,61183,18,2020,415,1398
477,61257,16,2020,418,1390
478,61352,17,2026,424,1389
479,61451,18,2032,420,1400
480,61541,15,2034,422,1400
481,61633,15,2050,439,1391
482,61739,15,2052,441,1391
483,61838,17,2052,437,1395
484,62003,19,2050,432,1400
485,62100,16,2050,430,1404
486,62191,15,2069,448,1403
487,62286,14,2069,448,1402
488,62416,20,2075,443,1414
489,62514,15,2081,449,1411
490,62596,14,2085,451,1412
491,62705,15,2086,452,1412
492,62783,15,2080,453,1405
493,62884,18,2080,450,1408
494,62981,15,2080,447,1410
495,63095,28,2079,447,1409
496,63204,15,2080,448,1409
497,63370,15,2085,448,1415
498,63489,22,2084,449,1413
499,63597,15,2084,449,1413
500,63699,15,2084,445,1428
501,63801,19,2091,446,1438
502,63907,16,2091,444,1440
503,64014,16,2091,445,1442
504,64114,17,2092,445,1443
505,64223,17,2095,444,1448
506,64347,19,2096,441,1454
507,64522,29,2096,440,1457
508,64654,16,2095,441,1455
509,64760,17,2103,453,1446
510,64988,26,2105,451,1450
511,65217,105,2105,448,1453
512,65322,16,2109,450,1448
513,65428,21,2112,454,1448
514,65554,20,2111,451,1450
515,65685,18,2112,443,1459
516,65819,23,2115,446,1460
517,65926,19,2121,454,1458
518,66053,25,2126,457,1458
519,66187,17,2125,457,1457
520,66275,17,2139,471,1455
521,66372,22,2151,480,1462
522,66473,19,2146,479,1458
523,66565,21,2139,479,1451
524,66774,129,2145,486,1450
525,66877,16,2144,486,1450
526,66981,16,2144,487,1446
527,67087,16,2146,485,1449
528,67187,16,2146,485,1449
529,67284,17,2144,485,1446
530,67386,15,2145,482,1448
531,67474,16,2147,486,1446
532,67554,18,2157,495,1447
533,67662,15,2160,490,1446
534,67768,14,2161,488,1447
535,67869,14,2161,486,1449
536,67985,15,2160,484,1452
537,68135,27,2161,483,1455
538,68324,102,2167,489,1443
539,68410,18,2169,489,1450
540,68518,16,2178,498,1446
541,68607,14,2182,499,1452
542,68752,22,2182,497,1457
543,68851,17,2184,504,1452
544,68951,19,2183,504,1450
545,69057,19,2179,503,1449
546,69202,18,2179,499,1453
547,69311,16,2188,504,1451
548,69411,18,2189,501,1454
549,69518,18,2186,502,1450
550,69619,15,2196,512,1448
551,69722,15,2199,514,1450
552,69814,16,2197,514,1448
553,70033,137,2192,516,1440
554,71175,87,767,506,25
555,71279,7,769,507,28
556,71380,10,779,506,36
557,71487,7,779,506,36
558,71584,6,784,511,36
559,71681,6,787,514,36
560,71792,12,806,529,38
561,71883,6,806,529,38
562,71961,6,815,538,38
563,72047,7,820,540,39
564,72139,7,822,542,39
565,72212,7,834,554,39
566,72306,7,834,549,46
567,72496,6,848,561,47
568,72583,8,848,561,47
569,72665,6,851,564,47
570,72739,7,863,573,48
571,72812,7,868,576,48
572,72891,6,875,583,48
573,72972,8,881,587,45
574,73069,6,883,589,45
575,73159,7,888,594,45
576,73253,8,889,595,45
577,73332,7,892,596,50
578,73404,7,895,599,50
579,73498,8,901,597,57
580,73631,7,909,601,63
581,73721,9,912,603,63
582,73801,7,915,605,63
583,73875,7,921,609,64
584,73956,7,932,618,68
585,74049,8,935,621,68
586,74125,8,944,628,70
587,74216,8,948,630,70
588,74435,125,954,634,72
589,74527,8,972,644,86
590,74623,9,980,652,84
591,74706,8,1001,669,85
592,74808,14,1005,671,88
593,74942,11,1007,673,88
594,75032,14,1010,676,88
595,75154,9,1025,691,88
596,75235,10,1027,692,89
597,75323,7,1028,691,88
598,75424,10,1028,691,88
599,75519,8,1030,693,88
600,75636,11,1030,684,100
601,75758,11,1035,666,125
602,75847,10,1036,662,130
603,75932,8,1042,659,136
604,76019,7,1049,657,146
605,76112,9,1061,668,148
606,76205,7,1063,662,158
607,76298,8,1067,661,165
608,76604,8,1072,626,213
609,76689,8,1072,617,227
610,76787,8,1079,604,250
611,76886,8,1080,596,262
612,77003,10,1084,576,286
613,77108,8,1084,565,303
614,77206,8,1086,561,311
615,77304,13,1091,539,343
616,77399,8,1099,538,355
617,77500,8,1110,552,351
618,77591,8,1113,555,351
619,77695,9,1115,546,366
620,77781,9,1126,548,375
621,77876,8,1127,549,373
622,77982,10,1127,545,377
623,78073,8,1131,549,376
624,78157,11,1139,555,378
625,78253,8,1137,549,386
626,78355,10,1136,535,399
627,78430,8,1146,545,399
628,78685,8,1160,541,415
629,78757,11,1166,547,415
630,78845,9,1168,547,418
631,78925,8,1179,558,418
632,79031,11,1178,558,417
633,79119,8,1178,559,416
634,79219,8,1176,561,412
635,79304,9,1180,562,409
636,79395,9,1181,555,419
637,79482,9,1180,538,433
638,79573,9,1184,542,434
639,79658,8,1194,550,436
640,79761,9,1196,544,444
641,79852,9,1198,539,452
642,79948,8,1198,529,467
643,80018,9,1213,544,467
644,80125,9,1226,539,486
645,80224,8,1230,536,494
646,80322,13,1230,530,503
647,80710,9,1227,524,518
648,80802,10,1241,538,518
649,80894,11,1250,537,529
650,80990,9,1255,542,528
651,81091,17,1257,541,530
652,81162,10,1261,540,535
653,81255,10,1263,524,554
654,81343,10,1271,514,572
655,81436,10,1281,525,568
656,81517,10,1281,525,568
657,81604,10,1285,527,574
658,81699,10,1289,533,572
659,81792,9,1288,521,583
660,81861,9,1285,520,581
661,81948,10,1288,516,589
662,82279,8,1287,512,594
663,82372,9,1291,516,594
664,82471,9,1291,516,594
665,82547,9,1294,519,593
666,82627,8,1287,519,586
667,82716,8,1292,522,586
668,82818,10,1292,522,586
669,82904,9,1302,532,586
670,83013,9,1300,535,581
671,83085,10,1309,545,580
672,83173,9,1317,554,579
673,83282,13,1317,554,579
674,83362,9,1318,555,579
675,83453,10,1328,565,578
676,83550,10,1335,572,578
677,83880,255,1336,573,577
678,83972,12,1338,575,577
679,84079,13,1339,577,576
680,84171,12,1355,593,575
681,84270,10,1368,603,575
682,84357,9,1373,608,573
683,84444,12,1376,611,573
684,84534,10,1376,611,573
685,84626,10,1382,617,573
686,84725,12,1384,619,573
687,84816,12,1384,621,571
688,84907,10,1388,626,570
689,85003,12,1396,632,570
690,85119,14,1416,650,572
691,85203,16,1416,650,572
692,85703,19,1421,641,588
693,85803,12,1426,646,587
694,85886,10,1426,646,586
695,85973,13,1436,654,586
696,86091,15,1437,643,603
697,86238,14,1439,644,605
698,86322,11,1451,650,615
699,86422,11,1451,637,630
700,86531,15,1452,632,638
701,86608,11,1465,633,653
702,86719,13,1461,634,651
703,86842,15,1466,637,653
704,86928,12,1472,641,657
705,87015,11,1483,647,657
706,87391,300,1492,643,672
707,87483,12,1492,633,680
708,87575,10,1492,634,679
709,87667,11,1492,632,683
710,87740,11,1503,641,681
711,87836,10,1506,643,682
712,87940,15,1506,637,692
713,88039,17,1512,644,690
714,88205,82,1514,645,691
715,88293,12,1522,652,692
716,88388,12,1526,655,689
717,88472,13,1529,657,691
718,88592,12,1541,669,691
719,88687,12,1552,678,691
720,88789,12,1554,680,690
721,89210,12,1565,689,694
722,89288,12,1576,699,694
723,89357,11,1576,701,692
724,89448,11,1580,702,694
725,89534,13,1585,705,696
726,89614,11,1587,706,696
727,89688,11,1582,709,683
728,89773,12,1581,709,682
729,89862,12,1589,707,692
730,89947,11,1589,703,696
731,90032,11,1587,703,694
732,90127,11,1588,702,697
733,90221,11,1590,703,700
734,90726,417,1590,696,708
735,90794,12,1600,690,726
736,90882,11,1600,690,726
737,90988,13,1605,692,732
738,91084,12,1607,687,740
739,91183,11,1602,687,735
740,91281,11,1604,689,734
741,91384,11,1605,681,743
742,91472,12,1621,697,743
743,91574,12,1622,697,746
744,91685,21,1631,705,747
745,91773,15,1634,708,746
746,91879,12,1639,715,744
747,91981,17,1650,727,743
748,92324,12,1656,721,753
749,92418,12,1654,722,751
750,92492,12,1661,729,751
751,92590,13,1670,728,763
752,92670,11,1670,729,763
753,92764,14,1672,731,761
754,92860,16,1675,733,759
755,92959,11,1674,731,760
756,93050,15,1676,724,769
757,93209,14,1683,716,786
758,93309,13,1689,722,786
759,93404,13,1690,723,786
760,93497,16,1690,724,786
761,93581,14,1691,725,786
762,96589,21,1700,672,854
763,96686,13,1702,673,857
764,96794,15,1704,675,856
765,96879,14,1707,676,859
766,96950,14,1705,666,869
767,97055,22,1700,665,866
768,97161,18,1708,671,867
769,97289,14,1708,671,867
770,97378,16,1704,668,866
771,97468,13,1697,669,858
772,97570,16,1697,669,856
773,97655,14,1697,658,867
774,97748,15,1696,657,868
775,97851,16,1703,663,869
776,97989,52,1702,664,867
777,98071,13,1705,667,867
778,98143,12,1719,671,877
779,98244,12,1718,671,876
780,98350,13,1721,674,876
781,98437,13,1721,672,878
782,98540,14,1721,670,878
783,98630,16,1726,675,877
784,98716,13,1724,682,867
785,98794,12,1725,681,869
786,98888,12,1724,681,868
787,99003,13,1727,681,865
788,99100,19,1731,681,869
789,99169,14,1736,682,876
790,99265,13,1744,690,876
791,99394,14,1742,692,872
792,99502,16,1744,695,869
793,99584,13,1748,701,866
794,99659,15,1750,702,867
795,99734,12,1757,711,863
796,99820,12,1760,713,864
797,99905,16,1767,719,863
798,99986,22,1771,727,853
799,100091,14,1777,733,853
800,100169,12,1777,733,853
801,100262,14,1777,734,852
802,100341,12,1779,736,852
803,100430,13,1783,743,849
804,100523,13,1784,744,849
805,100660,16,1792,752,849
806,100725,12,1792,752,849
807,100826,19,1799,759,849
808,100912,14,1804,766,847
809,100986,12,1816,778,847
810,101089,13,1836,798,844
811,101191,13,1843,805,843
812,101277,15,1850,807,846
813,101361,14,1851,806,846
814,101460,13,1852,802,852
815,101544,15,1853,798,853
816,101624,16,1853,794,854
817,101713,15,1856,795,855
818,101861,18,1857,785,861
819,102063,17,1863,777,876
820,102184,20,1865,771,879
821,102282,20,1866,774,876
822,102373,15,1866,771,877
823,102462,15,1861,770,872
824,102621,22,1860,760,876
825,102745,17,1867,759,882
826,102916,22,1872,755,887
827,103109,62,1875,740,905
828,103336,19,1879,741,909
829,103452,19,1883,749,905
830,103567,18,1889,753,906
831,103708,17,1891,750,909
832,103889,106,1890,748,909
833,103986,15,1900,751,915
834,104078,17,1900,748,916
835,104164,15,1900,747,916
836,104267,15,1897,745,912
837,104347,15,1903,752,909
838,104420,14,1909,758,909
839,104516,18,1908,754,913
840,104624,15,1906,752,914
841,104746,15,1906,748,920
842,104833,18,1906,745,920
843,104929,14,1907,741,925
844,105031,15,1908,740,926
845,105125,16,1912,744,925
846,105297,14,1924,751,933
847,105401,18,1921,745,931
848,105507,14,1921,735,944
849,105614,15,1922,721,962
850,105725,15,1921,700,981
851,105841,16,1932,693,996
852,105955,15,1940,687,1027
853,106079,17,1941,653,1074
854,106208,17,1953,640,1100
855,106317,15,1957,629,1118
856,106427,17,1965,624,1131
857,106541,16,1964,625,1129
858,106657,16,1964,616,1138
859,106764,16,1963,614,1141
860,106951,15,1963,602,1157
861,107065,20,1968,596,1164
862,107175,16,1972,576,1186
863,107283,16,1973,569,1196
864,107372,14,1979,580,1191
865,107467,15,1976,563,1208
866,107572,16,1979,558,1214
867,107655,15,1980,549,1220
868,107751,14,1987,555,1217
869,107860,14,1987,539,1235
870,107962,14,1991,540,1243
871,108070,18,1992,534,1251
872,108187,16,1990,529,1254
873,108419,131,2001,534,1260
874,108522,17,2003,526,1262
875,108624,15,2003,526,1262
876,108723,16,2006,520,1277
877,108824,15,2013,513,1291
878,108943,15,2011,504,1296
879,109030,16,2023,503,1310
880,109131,16,2026,509,1307
881,109229,17,2040,510,1320
882,109321,16,2065,519,1334
883,109402,16,2068,515,1347
884,109531,30,2074,520,1353
885,109657,17,2077,511,1363
886,109765,20,2077,508,1363
887,109861,17,2082,514,1359
888,110085,143,2090,483,1405
889,110187,14,2090,477,1411
890,110278,15,2092,481,1408
891,110378,17,2093,482,1408
892,110488,19,2092,482,1407
893,110612,18,2102,493,1406
894,110719,21,2104,495,1406
895,110844,18,2098,495,1400
896,110926,16,2108,502,1401
897,111024,15,2111,495,1413
898,111123,18,2117,501,1411
899,111228,17,2128,511,1410
900,111337,20,2136,507,1425
901,111452,21,2136,504,1432
902,111552,19,2135,496,1439
903,111769,18,2130,489,1439
904,111917,20,2131,485,1443
905,112020,17,2131,476,1453
906,112129,27,2133,479,1452
907,112308,22,2129,480,1447
908,112395,18,2142,489,1455
909,112499,18,2142,487,1459
910,112617,21,2149,491,1462
911,112707,20,2150,489,1463
912,112793,17,2151,488,1465
913,112898,17,2159,483,1478
914,113035,24,2155,470,1489
915,113129,16,2153,467,1494
916,113223,18,2152,461,1502
917,113335,19,2151,458,1503
918,113611,16,2151,446,1519
919,113716,16,2152,444,1520
920,113827,24,2154,446,1520
921,113939,17,2152,444,1520
922,114051,21,2155,447,1519
923,114156,21,2157,441,1527
924,114272,18,2159,426,1549
925,114358,15,2164,430,1546
926,114467,19,2160,430,1542
927,114568,17,2164,425,1556
928,114659,18,2159,421,1553
929,114759,15,2166,422,1561
930,114858,20,2181,436,1559
931,114952,17,2186,430,1571
932,115048,18,2192,437,1570
933,115267,149,2192,424,1583
934,115368,18,2192,424,1583
935,115472,17,2199,432,1582
936,115582,19,2201,435,1577
937,115670,20,2204,435,1577
938,115781,19,2208,426,1594
939,115886,18,2215,430,1599
940,115980,18,2218,428,1603
941,116078,16,2231,439,1605
942,116180,17,2232,440,1603
943,116306,24,2242,451,1602
944,116410,17,2244,454,1598
945,116499,17,2250,461,1597
946,116599,19,2250,460,1597
947,116701,16,2251,460,1597
948,116798,17,2250,461,1595
949,117057,16,2255,445,1618
950,117168,34,2256,446,1618
951,117263,16,2267,457,1613
952,117343,16,2277,467,1610
953,117443,15,2277,466,1608
954,117540,16,2277,469,1604
955,117662,16,2272,467,1599
956,117783,17,2274,468,1600
957,117885,18,2279,473,1600
958,117983,17,2271,471,1595
959,118070,16,2271,472,1591
960,118160,16,2268,472,1588
961,118246,17,2269,471,1588
962,118335,17,2272,476,1583
963,118423,17,2271,474,1589
964,118512,15,2283,487,1587
965,118731,16,2277,488,1580
966,118834,16,2295,506,1579
967,118930,17,2300,511,1579
968,119036,22,2291,511,1570
969,119176,26,2290,510,1570
970,119320,21,2296,516,1568
971,119444,23,2296,514,1578
972,119574,25,2302,522,1576
973,119674,18,2302,516,1585
974,119774,17,2302,508,1593
975,119876,17,2310,512,1598
976,119988,18,2321,517,1605
977,120093,20,2326,515,1611
978,120209,18,2325,514,1609
979,120505,19,2328,516,1609
980,120598,21,2326,516,1607
981,120688,16,2332,528,1599
982,120792,17,2331,530,1596
983,120881,16,2334,532,1598
984,120977,17,2342,541,1596
985,121080,22,2342,541,1596
986,121165,20,2343,539,1599
987,121259,22,2344,540,1598
988,121362,19,2341,537,1597
989,121455,17,2344,540,1597
990,121541,17,2356,551,1601
991,121632,17,2354,550,1599
992,121731,17,2355,551,1599
993,121989,190,2359,557,1597
994,122105,20,2360,549,1605
995,122211,18,2362,551,1604
996,122305,23,2362,551,1604
997,122397,17,2369,552,1608
998,122490,19,2367,545,1617
999,122586,17,2368,546,1619
1000,122679,28,2375,553,1618
1001,122767,23,2375,554,1613
1002,122862,18,2383,560,1615
1003,122961,16,2380,558,1614
1004,123075,21,2380,555,1616
1005,123173,17,2379,555,1615
1006,123435,19,2384,552,1622
1007,123571,17,2384,544,1631
1008,123665,18,2385,544,1632
1009,123760,19,2393,552,1632
1010,123857,21,2391,552,1630
1011,123944,16,2397,558,1628
1012,124044,17,2396,558,1627
1013,124149,16,2387,562,1614
1014,124241,17,2387,562,1614
1015,124338,17,2388,563,1614
1016,124449,21,2393,567,1609
1017,124547,18,2394,568,1609
1018,124800,21,2399,575,1607
1019,124905,17,2400,576,1607
1020,125004,18,2401,580,1601
1021,125097,19,2401,580,1601
1022,125193,18,2397,580,1597
1023,125290,16,2397,580,1597
1024,125396,17,2416,599,1597
1025,125483,17,2410,599,1591
1026,125588,35,2419,608,1591
1027,125687,18,2438,627,1588
1028,125789,17,2444,633,1588
1029,126041,170,2444,642,1578
1030,126127,19,2444,642,1578
1031,126235,17,2445,644,1576
1032,126325,18,2452,652,1575
1033,126415,20,2458,658,1570
1034,126513,18,2459,659,1570
1035,126654,18,2462,660,1575
1036,126746,17,2458,659,1572
1037,126830,17,2467,665,1576
1038,126934,25,2471,668,1575
1039,127029,17,2471,669,1574
1040,127128,18,2471,662,1581
1041,127379,19,2468,654,1584
1042,127480,17,2464,654,1580
1043,127589,18,2464,654,1580
1044,127693,19,2466,654,1580
1045,127794,19,2464,655,1577
1046,127894,18,2465,653,1579
1047,127989,18,2467,655,1578
1048,128066,18,2468,652,1577
1049,128170,19,2470,655,1575
1050,128268,19,2491,676,1574
1051,128356,18,2491,672,1576
1052,128585,161,2490,669,1582
1053,128698,17,2491,665,1590
1054,128787,18,2490,665,1589
1055,128903,23,2492,666,1589
1056,129025,17,2495,670,1587
1057,129129,17,2497,670,1584
1058,129265,25,2497,664,1589
1059,129362,19,2504,667,1592
1060,129471,22,2509,670,1592
1061,129559,18,2509,664,1600
1062,129648,17,2516,664,1607
1063,129785,26,2516,657,1608
1064,130051,22,2523,660,1614
1065,130152,19,2530,667,1612
1066,130248,18,2532,667,1613
1067,130330,19,2536,670,1619
1068,130425,19,2536,670,1618
1069,130522,20,2532,668,1617
1070,130606,20,2532,668,1619
1071,130679,19,2532,673,1615
1072,130788,18,2535,679,1612
1073,130890,23,2548,693,1611
1074,130979,18,2549,693,1613
1075,131063,19,2560,702,1615
1076,131303,20,2571,712,1612
1077,131397,18,2577,716,1614
1078,131502,18,2576,718,1606
1079,131578,21,2575,724,1599
1080,131665,17,2571,721,1598
1081,131761,23,2571,722,1597
1082,131860,21,2576,726,1597
1083,131949,17,2577,726,1601
1084,132054,19,2575,726,1599
1085,132133,20,2583,733,1599
1086,132232,19,2583,733,1599
1087,132471,160,2591,740,1598
1088,132569,18,2600,742,1605
1089,132669,19,2605,747,1604
1090,132770,18,2605,744,1607
1091,132883,19,2607,745,1607
1092,132988,18,2606,746,1605
1093,133093,19,2607,746,1606
1094,133236,21,2606,743,1603
1095,133325,19,2603,744,1599
1096,133427,20,2604,743,1599
1097,133533,21,2604,743,1599
1098,133643,26,2605,744,1598
1099,133921,24,2612,745,1607
1100,134010,19,2612,744,1607
1101,134109,19,2614,745,1607
1102,134215,19,2622,750,1611
1103,134323,19,2627,753,1612
1104,134411,18,2629,754,1613
1105,134502,19,2640,763,1615
1106,134606,20,2640,763,1615
1107,134699,21,2642,762,1616
1108,134790,20,2643,769,1610
1109,134910,20,2643,767,1612
1110,135025,20,2647,771,1612
1111,135270,19,2647,771,1612
1112,135353,20,2652,777,1607
1113,135479,21,2648,753,1642
1114,135596,19,2648,726,1677
1115,135703,18,2646,717,1683
1116,135812,19,2641,703,1692
1117,135931,33,2643,696,1704
1118,136035,19,2646,704,1697
1119,136142,22,2651,700,1705
1120,136244,20,2655,701,1708
1121,136358,20,2656,699,1714
1122,136630,192,2664,670,1761
1123,136718,20,2670,619,1815
1124,136824,18,2667,614,1820
1125,136922,19,2667,614,1820
1126,137039,20,2675,618,1829
1127,137156,19,2682,620,1832
1128,137258,19,2679,614,1837
1129,137350,19,2677,610,1838
1130,137448,20,2680,599,1853
1131,137561,18,2680,599,1853
1132,137677,19,2679,588,1873
1133,137773,19,2685,576,1890
1134,137872,19,2685,567,1904
1135,138222,19,2683,550,1922
1136,138318,20,2686,540,1937
1137,138419,19,2694,547,1937
1138,138528,21,2701,554,1937
1139,138620,19,2707,560,1937
1140,138735,18,2703,541,1954
1141,138844,23,2703,530,1965
1142,138950,24,2703,521,1974
1143,139063,18,2703,514,1983
1144,139169,25,2704,503,1999
1145,139273,21,2708,490,2015
1146,139381,22,2713,498,2010
1147,139482,21,2719,504,2013
1148,142196,38,2719,370,2159
1149,143848,132,581,297,113
1150,143962,6,583,296,116
1151,144075,7,583,295,119
1152,144189,6,583,293,124
1153,144296,5,588,295,130
1154,144429,10,596,300,134
1155,144572,9,602,285,156
1156,144727,9,602,285,160
1157,144855,6,607,285,168
1158,145060,24,607,278,173
1159,145261,9,609,274,182
1160,145409,6,613,268,198
1161,145550,13,617,269,201
1162,145684,6,617,254,217
1163,145813,9,617,251,221
1164,145953,12,626,257,222
1165,146084,6,629,257,226
1166,146201,6,643,267,230
1167,146318,7,656,276,237
1168,146450,9,660,280,235
1169,146604,11,663,279,235
1170,146754,9,665,272,245
1171,146845,7,665,271,248
1172,146988,14,676,281,246
1173,147124,6,679,284,246
1174,147301,8,680,276,255
1175,147403,7,681,274,258
1176,147514,7,684,277,258
1177,147607,7,707,296,262
1178,147708,7,707,297,263
1179,147900,8,714,287,277
1180,148010,6,715,286,277
1181,148087,7,713,284,277
1182,148181,8,713,284,277
1183,148320,9,713,284,277
1184,148457,9,718,289,277
1185,148561,6,715,289,274
1186,148666,9,719,290,274
1187,148753,7,729,296,279
1188,148860,14,728,294,280
1189,148951,6,730,289,285
1190,149055,6,737,294,286
1191,149157,6,743,297,286
1192,149239,7,753,304,289
1193,149319,6,759,310,289
1194,149405,7,756,307,289
1195,149480,6,757,304,294
1196,149566,6,758,305,294
1197,149664,6,762,305,297
1198,149756,7,762,296,306
1199,149935,6,769,297,311
1200,150035,7,787,310,317
1201,150136,6,792,313,320
1202,150250,8,802,319,326
1203,150406,14,802,319,326
1204,150581,9,805,320,328
1205,150704,7,803,321,323
1206,150794,9,805,323,323
1207,150898,7,809,324,328
1208,150993,7,827,340,331
1209,151090,7,834,346,328
1210,151188,14,841,348,329
1211,151318,7,841,347,332
1212,151441,11,844,345,336
1213,151569,9,851,352,336
1214,151657,6,856,353,342
1215,151731,7,865,362,337
1216,151814,7,868,365,337
1217,152002,7,869,366,337
1218,152092,7,873,370,337
1219,152185,7,872,371,335
1220,152268,7,872,371,335
1221,152358,7,883,382,335
1222,152446,7,894,392,336
1223,152550,8,899,397,336
1224,152669,10,903,398,337
1225,152776,7,907,402,334
1226,152871,10,906,402,333
1227,152968,8,907,404,331
1228,153053,10,908,403,333
1229,153153,9,913,408,333
1230,153259,8,910,407,331
1231,153342,9,917,414,329
1232,153430,9,922,417,332
1233,153523,9,933,428,329
1234,153719,105,938,428,335
1235,153820,8,936,431,326
1236,153913,10,929,430,323
1237,153993,8,938,439,321
1238,154083,8,949,449,322
1239,154180,12,959,460,324
1240,154283,8,966,466,326
1241,154366,8,971,471,326
1242,154465,9,973,472,326
1243,154556,13,974,475,324
1244,154653,11,980,480,324
1245,154764,11,985,483,325
1246,154858,8,989,485,327
1247,154961,13,990,479,334
1248,155063,12,990,479,334
1249,155154,10,1002,489,335
1250,155239,10,1002,488,335
1251,155330,8,1008,494,334
1252,155497,7,1014,493,339
1253,155581,8,1020,495,340
1254,155676,7,1021,496,340
1255,155792,7,1024,499,337
1256,155884,9,1024,497,340
1257,155984,10,1029,503,337
1258,156060,8,1027,504,334
1259,156176,11,1036,514,333
1260,156275,14,1038,509,336
1261,156342,8,1042,516,333
1262,156439,9,1053,524,339
1263,156523,10,1053,522,344
1264,156592,9,1052,521,343
1265,156696,9,1054,525,341
1266,156785,11,1060,532,340
1267,156881,9,1062,533,341
1268,156975,8,1063,534,341
1269,157147,8,1071,540,343
1270,157231,8,1074,543,343
1271,157320,9,1076,545,343
1272,157407,11,1080,541,351
1273,157503,8,1080,540,355
1274,157594,8,1087,542,359
1275,157692,9,1087,541,360
1276,157778,11,1100,550,365
1277,157891,23,1104,555,364
1278,158007,11,1105,556,364
1279,158105,10,1115,564,366
1280,158214,8,1116,567,364
1281,158300,11,1117,565,367
1282,158381,10,1125,572,367
1283,158480,13,1126,571,369
1284,158583,10,1130,575,367
1285,158658,11,1135,580,367
1286,158747,13,1141,585,367
1287,159010,13,1142,576,375
1288,159119,12,1143,576,375
1289,159209,10,1144,577,375
1290,159290,8,1148,581,375
1291,159380,9,1149,579,380
1292,159469,12,1150,579,382
1293,159580,8,1149,580,380
1294,159681,11,1160,590,382
1295,159760,11,1167,594,385
1296,159854,9,1166,593,386
1297,159959,9,1169,596,386
1298,160070,12,1172,599,386
1299,160189,12,1171,600,385
1300,160288,9,1171,599,386
1301,160383,10,1174,597,390
1302,160486,9,1177,599,389
1303,160588,14,1180,599,391
1304,160659,10,1188,606,392
1305,160885,11,1194,605,394
1306,160968,10,1208,619,393
1307,161072,29,1204,619,389
1308,161167,10,1226,640,391
1309,161266,12,1227,641,391
1310,161365,10,1234,642,396
1311,161458,10,1243,647,400
1312,161545,9,1242,649,397
1313,161627,11,1247,654,397
1314,161706,11,1260,665,398
1315,161803,14,1257,659,402
1316,161885,11,1268,670,402
1317,161968,12,1279,681,402
1318,162089,13,1279,678,404
1319,162187,10,1281,678,407
1320,162270,10,1283,676,411
1321,162357,11,1283,676,411
1322,162436,11,1292,689,407
1323,162655,161,1301,697,408
1324,162761,10,1302,693,413
1325,162847,12,1306,696,416
1326,162940,12,1306,695,417
1327,163031,10,1306,691,424
1328,163146,11,1308,691,425
1329,163252,13,1307,694,419
1330,163363,10,1305,694,417
1331,163473,10,1309,697,417
1332,163560,13,1310,698,417
1333,163649,12,1322,710,415
1334,163739,14,1327,715,415
1335,163836,11,1321,715,409
1336,163940,14,1321,716,408
1337,164037,12,1324,718,407
1338,164138,17,1322,718,405
1339,164278,14,1323,720,403
1340,164367,13,1323,720,403
1341,164527,18,1326,719,407
1342,164844,11,1330,717,411
1343,164935,12,1332,719,411
1344,165025,11,1338,724,412
1345,165123,11,1352,742,408
1346,165208,12,1351,743,406
1347,165291,12,1350,744,404
1348,165396,12,1352,744,409
1349,165508,13,1353,715,444
1350,165619,11,1353,693,462
1351,165721,12,1360,680,486
1352,165819,10,1361,664,503
1353,165946,10,1361,652,515
1354,166043,9,1362,645,524
1355,166135,10,1367,646,528
1356,166207,12,1376,657,529
1357,166291,10,1379,657,531
1358,166379,10,1379,641,550
1359,166472,11,1388,647,555
1360,166738,181,1391,643,561
1361,166835,10,1396,641,570
1362,166926,11,1397,625,588
1363,167021,12,1393,619,590
1364,167128,11,1395,624,587
1365,167211,11,1396,617,598
1366,167300,10,1406,627,596
1367,167394,12,1414,634,597
1368,167493,14,1414,633,597
1369,167597,12,1418,628,606
1370,167695,12,1419,619,617
1371,167795,12,1419,609,619
1372,167883,11,1419,602,625
1373,167976,13,1423,606,625
1374,168082,11,1439,624,623
1375,168194,15,1447,629,627
1376,168302,12,1452,626,636
1377,168406,16,1459,620,650
1378,168679,177,1463,624,649
1379,168780,14,1466,625,650
1380,168887,13,1466,617,658
1381,168976,13,1483,634,658
1382,169055,13,1491,632,668
1383,169140,12,1496,631,676
1384,169238,13,1504,627,690
1385,169344,16,1510,630,693
1386,169462,13,1514,626,704
1387,169563,12,1512,626,702
1388,169665,15,1516,630,702
1389,169779,13,1515,632,699
1390,169893,16,1515,632,699
1391,170006,15,1510,634,691
1392,170111,12,1509,634,690
1393,170207,13,1511,636,690
1394,170516,10,1508,636,687
1395,170615,13,1508,636,687
1396,170716,11,1509,637,687
1397,170822,16,1507,642,680
1398,170918,12,1508,643,680
1399,171005,13,1506,643,678
1400,171094,13,1510,647,676
1401,171179,11,1510,647,676
1402,171257,12,1524,663,673
1403,171343,11,1529,668,673
1404,171448,11,1528,670,670
1405,171548,12,1529,672,669
1406,171677,11,1529,672,669
1407,171768,12,1529,672,669
1408,172028,174,1529,673,668
1409,172123,13,1536,675,673
1410,172219,13,1537,676,673
1411,172341,16,1541,680,672
1412,172442,12,1544,682,671
1413,172548,10,1545,683,671
1414,172646,13,1552,692,669
1415,172741,13,1554,697,666
1416,172857,12,1555,699,665
1417,172961,13,1557,701,665
1418,173063,12,1562,704,665
1419,173158,12,1562,704,665
1420,173234,12,1568,710,665
1421,173324,14,1569,711,665
1422,173632,222,1579,721,665
1423,173762,17,1581,719,667
1424,173865,16,1584,722,667
1425,173987,17,1596,732,667
1426,174102,13,1601,733,673
1427,174266,14,1604,721,683
1428,174356,13,1604,704,695
1429,174457,13,1611,718,687
1430,174554,15,1626,708,705
1431,174666,15,1626,697,710
1432,174759,13,1629,694,718
1433,174848,14,1630,693,721
1434,174951,14,1643,705,722
1435,175046,12,1646,704,726
1436,175291,176,1654,695,747
1437,175397,19,1657,686,754
1438,175490,17,1660,685,759
1439,175572,14,1656,682,756
1440,175680,14,1663,677,767
1441,175780,16,1675,679,775
1442,175891,22,1677,678,773
1443,176012,12,1678,673,774
1444,176106,13,1678,668,775
1445,176211,13,1676,662,779
1446,176300,13,1691,675,781
1447,176446,27,1693,673,786
1448,176578,21,1698,673,789
1449,176671,30,1717,685,796
1450,176965,12,1718,675,810
1451,177088,18,1721,676,811
1452,177204,23,1722,675,813
1453,177345,27,1723,665,825
1454,177454,14,1722,663,821
1455,177548,17,1731,671,822
1456,177642,16,1732,671,823
1457,177742,15,1748,673,833
1458,177830,13,1760,684,834
1459,177937,26,1764,682,835
1460,178072,16,1771,677,842
1461,178222,61,1775,680,842
1462,178350,22,1779,672,853
1463,181019,2570,1777,524,1020
1464,181126,18,1778,518,1028
1465,181223,14,1784,517,1025
1466,181314,13,1782,508,1032
1467,181407,13,1780,507,1031
1468,181484,15,1780,507,1031
1469,181576,16,1787,514,1031
1470,181666,13,1786,509,1031
1471,181763,13,1789,508,1040
1472,181848,12,1789,514,1035
1473,181941,15,1795,522,1033
1474,182040,16,1793,517,1036
1475,182150,13,1793,510,1044
1476,182278,13,1790,503,1046
1477,182380,12,1789,502,1045
1478,182465,13,1791,502,1045
1479,182552,13,1789,504,1036
1480,182651,13,1789,501,1039
1481,182744,13,1781,501,1031
1482,182849,12,1779,500,1030
1483,182937,13,1775,498,1028
1484,183036,13,1775,498,1028
1485,183145,12,1771,488,1037
1486,183250,14,1769,481,1043
1487,183347,14,1781,493,1043
1488,183438,16,1781,492,1053
1489,183562,13,1779,490,1052
1490,183646,12,1790,503,1049
1491,183725,13,1791,504,1049
1492,183809,13,1792,505,1058
1493,183905,13,1796,508,1061
1494,183993,13,1797,508,1062
1495,184087,13,1798,507,1068
1496,184183,14,1799,508,1068
1497,184275,13,1807,501,1085
1498,184372,16,1809,505,1083
1499,184460,15,1811,509,1081
1500,184554,13,1812,511,1080
1501,184647,13,1805,499,1088
1502,184769,14,1808,500,1090
1503,184844,14,1813,503,1092
1504,184931,13,1817,504,1092
1505,185013,14,1817,502,1094
1506,185095,13,1815,503,1090
1507,185182,16,1815,496,1087
1508,185269,13,1810,496,1082
1509,185372,13,1810,495,1082
1510,185478,17,1810,489,1090
1511,185564,12,1806,489,1086
1512,185650,13,1808,488,1090
1513,185738,14,1809,489,1090
1514,185840,14,1812,490,1094
1515,185981,13,1812,479,1107
1516,186078,13,1817,483,1110
1517,186168,13,1819,483,1110
1518,186243,14,1828,492,1109
1519,186342,13,1831,484,1116
1520,186437,14,1831,485,1115
1521,186561,22,1828,483,1114
1522,186656,15,1828,483,1114
1523,186737,13,1837,494,1105
1524,186846,13,1838,493,1107
1525,186941,15,1844,498,1106
1526,187041,14,1842,500,1101
1527,187139,17,1841,501,1099
1528,187289,14,1847,509,1097
1529,187388,16,1859,520,1099
1530,187485,15,1863,517,1108
1531,187587,16,1861,515,1112
1532,187660,14,1861,515,1112
1533,187753,14,1862,516,1113
1534,187850,14,1872,528,1107
1535,187935,14,1873,528,1106
1536,188032,16,1874,528,1107
1537,188125,14,1876,524,1113
1538,188213,14,1875,524,1112
1539,188310,14,1872,524,1109
1540,188406,14,1882,533,1108
1541,188568,15,1883,531,1118
1542,188661,16,1889,532,1124
1543,188751,15,1887,532,1122
1544,188834,14,1883,533,1117
1545,188915,14,1890,540,1116
1546,188999,14,1890,541,1115
1547,189092,15,1889,541,1116
1548,189183,16,1902,546,1118
1549,189280,17,1897,545,1115
1550,189392,19,1907,555,1114
1551,189489,15,1907,553,1115
1552,189578,15,1918,563,1113
1553,189678,15,1920,563,1115
1554,189859,15,1924,563,1120
1555,189946,14,1925,564,1120
1556,190033,14,1935,572,1120
1557,190115,16,1956,586,1117
1558,190224,16,1954,586,1115
1559,190334,15,1955,585,1117
1560,190410,16,1956,585,1115
1561,190525,16,1958,587,1112
1562,190625,15,1958,587,1112
1563,190721,16,1956,589,1104
1564,190809,15,1956,589,1104
1565,190891,14,1957,597,1094
1566,190969,16,1957,597,1094
1567,191138,15,1954,586,1101
1568,191229,20,1967,597,1102
1569,191328,27,1968,599,1101
1570,191424,15,1967,600,1097
1571,191517,15,1969,605,1094
1572,191610,16,1969,604,1096
1573,191732,16,1965,601,1091
1574,191823,15,1971,607,1091
1575,191919,16,1964,607,1082
1576,192025,16,1961,609,1075
1577,192124,15,1967,615,1074
1578,192208,16,1970,613,1081
1579,192296,15,1974,620,1078
1580,192375,17,1982,627,1079
1581,192587,16,1985,630,1078
1582,192697,15,1992,633,1077
1583,192798,15,1990,630,1074
1584,192912,16,1994,635,1073
1585,193010,14,2000,642,1071
1586,193108,15,2009,649,1071
1587,193219,18,2013,652,1066
1588,193320,17,2014,648,1068
1589,193407,15,2022,655,1069
1590,193488,19,2031,663,1071
1591,193610,26,2031,656,1077
1592,193702,15,2036,661,1077
1593,193815,19,2041,658,1079
1594,194049,149,2045,663,1083
1595,194168,17,2046,661,1087
1596,194275,17,2043,662,1083
1597,194383,16,2049,668,1082
1598,194494,15,2051,671,1080
1599,194589,16,2054,674,1080
1600,194687,15,2058,679,1079
1601,194796,28,2060,681,1075
1602,194929,20,2060,680,1077
1603,195026,18,2059,677,1083
1604,195115,16,2056,677,1080
1605,195235,23,2061,681,1078
1606,195346,17,2066,684,1077
1607,195447,16,2073,687,1082
1608,195731,197,2072,645,1137
1609,195853,19,2073,609,1178
1610,195947,19,2089,598,1208
1611,196051,18,2090,580,1233
1612,196169,24,2093,576,1246
1613,196291,19,2094,557,1270
1614,196409,17,2094,550,1280
1615,196521,18,2101,537,1304
1616,196623,19,2105,541,1301
1617,196737,20,2103,541,1299
1618,196845,15,2095,538,1294
1619,196957,16,2099,538,1300
1620,197044,15,2099,519,1326
1621,197150,17,2102,518,1328
1622,197435,166,2109,507,1346
1623,197543,17,2099,488,1361
1624,197652,17,2104,475,1378
1625,197764,16,2105,466,1387
1626,197863,16,2104,462,1388
1627,197957,17,2110,452,1402
1628,198041,17,2111,454,1401
1629,198149,19,2111,441,1415
1630,198256,23,2123,452,1416
1631,198355,17,2125,452,1419
1632,198451,16,2132,453,1425
1633,198554,16,2134,451,1429
1634,198643,16,2151,472,1423
1635,198736,17,2152,468,1428
1636,198832,17,2160,478,1422
1637,199108,199,2172,479,1439
1638,199199,15,2172,461,1465
1639,199290,15,2169,458,1465
1640,199373,17,2172,461,1464
1641,199473,15,2169,456,1462
1642,199574,15,2168,453,1466
1643,199666,16,2175,454,1474
1644,199770,22,2176,446,1487
1645,199887,15,2172,441,1489
1646,199973,16,2186,455,1489
1647,200098,40,2191,459,1491
1648,200198,16,2193,435,1526
1649,200287,17,2196,438,1523
1650,200386,16,2197,439,1522
1651,200483,16,2197,437,1520
1652,200575,15,2202,442,1520
1653,200797,16,2207,442,1522
1654,200889,18,2209,436,1534
1655,200980,16,2210,431,1539
1656,201076,17,2212,429,1545
1657,201165,20,2212,422,1552
1658,201255,16,2216,418,1562
1659,201353,16,2212,415,1568
1660,201454,18,2214,417,1567
1661,201548,18,2216,419,1567
1662,201660,18,2217,409,1577
1663,201757,15,2227,415,1579
1664,201845,16,2228,407,1590
1665,201917,16,2237,416,1589
1666,202015,17,2236,416,1588
1667,202164,31,2233,414,1587
1668,202416,15,2238,412,1592
1669,202509,16,2254,424,1597
1670,202595,16,2257,421,1606
1671,202689,16,2257,426,1602
1672,202783,15,2267,436,1600
1673,202884,16,2271,439,1601
1674,202982,17,2275,441,1597
1675,203080,15,2270,438,1593
1676,203157,19,2286,447,1602
1677,203253,17,2283,440,1604
1678,203348,16,2279,436,1603
1679,203449,16,2280,433,1608
1680,203533,17,2288,441,1607
1681,203617,16,2300,454,1604
1682,203865,182,2298,453,1605
1683,203959,17,2292,451,1601
1684,204061,18,2295,450,1602
1685,204166,17,2296,447,1605
1686,204279,19,2297,448,1605
1687,204369,17,2299,450,1605
1688,204452,16,2306,456,1605
1689,204555,18,2314,458,1618
1690,204662,18,2310,451,1623
1691,204763,21,2311,453,1624
1692,204847,18,2312,454,1624
1693,204936,18,2323,467,1622
1694,205032,19,2334,469,1633
1695,205346,216,2336,470,1635
1696,205460,21,2341,473,1637
1697,205558,16,2350,482,1637
1698,205645,18,2348,478,1639
1699,205744,16,2348,481,1632
1700,205851,19,2349,478,1647
1701,205961,19,2354,482,1649
1702,206065,16,2356,483,1650
1703,206170,19,2354,475,1656
1704,206268,18,2356,473,1660
1705,206364,25,2355,472,1660
1706,206452,17,2364,479,1662
1707,206551,18,2373,488,1661
1708,206811,16,2373,488,1661
1709,206920,17,2374,489,1661
1710,207031,27,2382,494,1664
1711,207128,16,2394,497,1671
1712,207217,20,2404,502,1666
1713,207312,21,2406,502,1674
1714,207441,23,2413,505,1676
1715,207553,20,2424,513,1677
1716,207662,22,2424,510,1682
1717,207799,25,2424,508,1682
1718,207916,21,2421,504,1684
1719,208005,19,2421,505,1684
1720,208340,19,2422,498,1693
1721,208444,24,2424,495,1698
1722,208562,24,2428,499,1697
1723,208658,19,2434,505,1696
1724,208766,19,2436,507,1694
1725,208869,22,2442,513,1694
1726,208969,18,2443,514,1694
1727,209062,20,2435,519,1681
1728,209157,21,2450,531,1679
1729,209266,22,2459,541,1676
1730,209376,19,2459,542,1672
1731,209641,20,2467,550,1671
1732,209750,21,2467,550,1671
1733,209858,19,2463,553,1664
1734,209969,17,2470,560,1664
1735,210077,16,2473,563,1664
1736,211113,101,879,563,70
1737,211196,8,893,573,79
1738,211394,6,896,571,84
1739,211492,6,896,568,87
1740,211579,6,896,564,93
1741,211671,6,896,563,95
1742,211760,7,898,562,97
1743,211840,6,902,562,99
1744,211941,12,904,564,99
1745,212053,9,904,560,105
1746,212140,9,905,555,110
1747,212234,7,906,556,110
1748,212327,11,908,558,110
1749,212411,9,920,568,112
1750,212509,9,923,570,112
1751,212615,10,935,577,116
1752,212675,7,940,581,117
1753,212748,8,947,588,117
1754,213021,188,948,588,118
1755,213109,8,948,577,130
1756,213207,8,955,581,132
1757,213288,8,958,580,134
1758,213382,8,958,580,134
1759,213482,10,958,572,144
1760,213564,9,964,576,148
1761,213667,8,971,582,148
1762,213754,7,971,582,148
1763,213830,8,974,585,148
1764,213906,7,995,601,151
1765,213977,8,1001,606,151
1766,214064,8,1002,601,158
1767,214157,8,1014,610,162
1768,214249,8,1014,610,162
1769,214333,8,1015,610,163
1770,214587,157,1027,618,171
1771,214685,10,1031,613,178
1772,214774,8,1037,618,176
1773,214883,11,1037,618,176
1774,214967,8,1037,619,175
1775,215061,8,1037,619,175
1776,215146,8,1045,625,179
1777,215241,11,1044,618,182
1778,215349,9,1051,622,186
1779,215444,9,1051,620,189
1780,215537,9,1051,617,193
1781,215636,9,1056,619,193
1782,215742,11,1050,620,185
1783,215846,11,1058,629,184
1784,215930,9,1056,630,181
1785,216020,12,1057,631,181
1786,216295,196,1061,630,184
1787,216390,9,1065,634,184
1788,216478,9,1069,637,185
1789,216564,9,1073,637,183
1790,216650,10,1082,646,180
1791,216760,9,1097,653,180
1792,216859,9,1097,650,182
1793,216961,9,1099,652,180
1794,217056,9,1100,653,180
1795,217147,9,1108,659,183
1796,217218,9,1114,663,186
1797,217301,16,1116,665,187
1798,217388,9,1130,680,186
1799,217470,9,1137,683,189
1800,217545,11,1140,687,188
1801,217631,10,1143,690,188
1802,217725,10,1151,698,188
1803,217994,11,1155,697,193
1804,218077,8,1156,695,197
1805,218166,9,1158,695,199
1806,218252,8,1165,690,215
1807,218343,9,1168,692,216
1808,218427,9,1170,693,216
1809,218525,12,1175,698,216
1810,218606,9,1179,699,225
1811,218696,9,1183,701,227
1812,218788,10,1183,698,232
1813,218906,19,1190,698,233
1814,218991,9,1191,690,244
1815,219066,11,1196,692,250
1816,219171,17,1197,691,253
1817,219279,17,1197,687,257
1818,219367,10,1196,683,260
1819,219604,8,1197,680,264
1820,219677,9,1203,684,266
1821,219762,10,1204,683,269
1822,219832,9,1210,687,264
1823,219920,10,1224,701,264
1824,220011,11,1224,700,265
1825,220095,11,1225,696,271
1826,220175,9,1228,699,271
1827,220284,10,1229,699,273
1828,220383,13,1238,708,273
1829,220490,11,1244,706,283
1830,220576,12,1251,712,284
1831,220659,9,1254,712,284
1832,220727,10,1254,711,285
1833,220806,10,1252,711,283
1834,220892,10,1262,721,283
1835,220995,11,1261,720,283
1836,221210,11,1264,717,288
1837,221304,10,1269,722,288
1838,221392,9,1278,731,285
1839,221461,12,1285,738,285
1840,221552,10,1297,749,285
1841,221632,10,1298,750,284
1842,221720,11,1300,746,293
1843,221816,14,1301,749,291
1844,221886,10,1300,747,290
1845,221964,10,1312,757,292
1846,222030,12,1312,757,292
1847,222111,10,1314,758,290
1848,222191,10,1319,759,294
1849,222280,10,1320,760,294
1850,222357,12,1334,771,294
1851,222455,25,1340,776,296
1852,222910,264,1348,774,308
1853,223044,17,1351,774,313
1854,223136,11,1347,774,308
1855,223242,12,1348,772,311
1856,223340,13,1360,778,318
1857,223433,11,1360,779,317
1858,223514,11,1371,790,317
1859,223603,10,1377,797,316
1860,223680,12,1395,815,316
1861,223788,17,1412,833,311
1862,223878,12,1427,850,309
1863,223977,13,1435,858,308
1864,224091,15,1440,861,309
1865,224186,12,1441,862,308
1866,224285,13,1443,864,307
1867,224361,11,1446,868,306
1868,224437,12,1456,878,299
1869,224699,14,1458,877,302
1870,224847,16,1458,875,303
1871,224945,13,1460,876,303
1872,225051,22,1466,882,303
1873,225161,16,1465,882,302
1874,225240,13,1457,881,296
1875,225371,11,1466,889,299
1876,225515,16,1468,846,356
1877,225724,12,1471,842,363
1878,225840,14,1488,838,388
1879,225939,12,1494,833,401
1880,226042,13,1504,827,417
1881,226136,11,1512,826,424
1882,226243,13,1513,822,435
1883,226339,11,1518,811,454
1884,226443,12,1523,794,481
1885,228749,17,1536,621,682
1886,228865,12,1534,620,680
1887,228964,12,1533,608,693
1888,229078,16,1533,608,693
1889,229181,14,1539,603,709
1890,229272,15,1540,590,723
1891,229403,20,1556,601,737
1892,229526,12,1559,594,754
1893,229641,12,1558,586,761
1894,229733,12,1558,579,770
1895,229821,13,1560,570,784
1896,229924,13,1563,562,794
1897,230025,12,1564,551,810
1898,230122,12,1576,565,806
1899,230265,73,1581,559,819
1900,230423,18,1582,551,831
1901,230590,11,1585,541,851
1902,230687,11,1588,539,856
1903,230772,12,1599,550,854
1904,230872,13,1601,545,856
1905,230981,13,1602,540,865
1906,231084,15,1610,548,865
1907,231205,14,1610,542,870
1908,231294,12,1625,548,880
1909,231382,15,1626,537,903
1910,231479,14,1636,539,915
1911,231558,12,1636,539,915
1912,231662,12,1643,539,924
1913,231751,13,1656,545,934
1914,231840,12,1656,542,938
1915,231936,13,1656,533,945
1916,232035,13,1662,520,965
1917,232188,17,1669,528,964
1918,232301,13,1672,531,964
1919,232392,12,1677,531,965
1920,232485,13,1684,532,969
1921,232583,14,1701,543,978
1922,232674,12,1700,541,979
1923,232781,13,1705,543,985
1924,232877,13,1709,537,995
1925,232965,13,1721,543,1001
1926,233065,13,1722,543,1002
1927,233155,16,1725,536,1012
1928,233252,13,1727,525,1029
1929,233377,15,1735,521,1049
1930,233541,13,1738,524,1049
1931,233642,13,1738,519,1056
1932,233725,13,1734,519,1052
1933,233806,12,1742,529,1048
1934,233891,12,1745,535,1041
1935,233973,13,1754,543,1041
1936,234061,14,1755,544,1041
1937,234164,14,1765,554,1040
1938,234258,14,1767,536,1061
1939,234346,13,1775,543,1062
1940,234434,13,1778,541,1067
1941,234529,13,1777,543,1064
1942,234623,13,1777,543,1064
1943,234768,78,1775,545,1060
1944,234850,13,1775,545,1060
1945,234925,13,1772,536,1071
1946,235017,13,1770,530,1069
1947,235113,13,1779,534,1073
1948,235217,13,1782,528,1081
1949,235313,13,1781,528,1080
1950,235412,13,1785,533,1076
1951,235500,13,1795,545,1074
1952,235599,13,1797,547,1074
1953,235712,13,1797,544,1077
1954,235808,13,1804,543,1086
1955,235905,15,1799,542,1081
1956,236092,101,1810,552,1082
1957,236191,13,1808,551,1081
1958,236297,13,1813,552,1085
1959,236386,16,1826,565,1085
1960,236496,13,1829,569,1084
1961,236594,14,1828,567,1085
1962,236686,12,1829,568,1085
1963,236778,13,1832,571,1085
1964,236887,14,1840,578,1085
1965,236983,12,1842,580,1084
1966,237079,13,1855,587,1091
1967,237179,16,1857,585,1103
1968,237276,18,1860,588,1103
1969,237449,97,1855,593,1092
1970,237548,20,1852,596,1086
1971,237652,15,1852,595,1085
1972,237737,15,1860,602,1085
1973,237833,17,1861,603,1085
1974,237916,16,1880,619,1087
1975,238026,16,1882,621,1086
1976,238130,16,1884,623,1086
1977,238235,17,1885,625,1083
1978,238347,15,1887,627,1083
1979,238444,16,1895,635,1077
1980,238552,15,1895,633,1080
1981,238647,15,1898,636,1080
1982,238736,16,1904,641,1083
1983,238911,13,1908,645,1082
1984,238988,14,1917,654,1081
1985,239079,14,1917,654,1081
1986,239161,13,1916,654,1080
1987,239250,14,1920,655,1083
1988,239345,16,1921,653,1086
1989,239435,14,1923,652,1093
1990,239534,14,1932,663,1091
1991,239630,21,1939,672,1089
1992,239727,14,1941,674,1089
1993,239847,27,1950,677,1091
1994,239934,16,1946,666,1101
1995,240028,15,1946,668,1100
1996,240243,18,1946,660,1110
1997,240345,22,1961,675,1110
1998,240452,19,1967,682,1107
1999,240570,15,1968,683,1107
2000,240673,25,1974,689,1105
2001,240807,23,1974,690,1104
2002,240917,16,1975,691,1104
2003,241007,17,1972,682,1109
2004,241111,19,1984,696,1107
2005,241216,17,1986,694,1107
2006,241307,19,1993,702,1106
2007,241402,16,1990,698,1104
2008,241499,16,1993,692,1112
2009,241715,128,1993,690,1114
2010,241829,19,1993,672,1130
2011,241948,16,2003,681,1129
2012,242021,15,2004,680,1131
2013,242117,15,2010,682,1133
2014,242219,23,2010,676,1139
2015,242320,21,2010,661,1149
2016,242431,19,2014,651,1161
2017,242521,17,2028,660,1166
2018,242612,16,2028,656,1171
2019,242723,15,2036,662,1170
2020,242852,27,2039,660,1172
2021,242963,16,2042,663,1169
2022,243057,16,2045,665,1171
2023,243267,16,2044,660,1174
2024,243375,16,2044,656,1181
2025,243484,19,2045,657,1181
2026,243572,15,2053,662,1183
2027,243660,16,2051,660,1183
2028,243754,15,2055,662,1183
2029,243860,18,2057,660,1187
2030,243950,17,2057,658,1187
2031,244050,14,2050,647,1191
2032,244158,21,2050,648,1194
2033,244261,16,2059,652,1200
2034,244349,18,2063,651,1209
2035,244455,17,2065,650,1212
2036,244551,18,2070,656,1209
2037,244640,17,2070,656,1209
2038,244870,31,2070,653,1211
2039,244973,16,2069,650,1212
2040,245063,16,2066,649,1211
2041,245158,17,2064,645,1211
2042,245240,15,2066,647,1211
2043,245342,17,2064,650,1205
2044,245452,21,2066,646,1210
2045,245531,14,2071,645,1213
2046,245631,15,2074,646,1214
2047,245729,17,2071,641,1221
2048,245829,15,2069,632,1228
2049,245938,18,2070,628,1238
2050,246035,15,2078,634,1240
2051,246139,18,2080,637,1239
2052,246350,162,2086,641,1239
2053,246449,15,2087,637,1244
2054,246550,15,2093,637,1251
2055,246639,16,2096,639,1252
2056,246734,16,2097,640,1250
2057,246830,17,2109,649,1248
2058,246934,16,2111,645,1253
2059,247010,18,2112,642,1257
2060,247099,17,2118,643,1260
2061,247196,16,2118,640,1263
2062,247297,18,2118,637,1267
2063,247384,15,2127,642,1267
2064,247470,15,2131,646,1266
2065,247580,17,2130,644,1267
2066,247680,16,2128,637,1272
2067,247765,15,2141,647,1274
2068,248037,14,2137,646,1271
2069,248114,17,2135,644,1271
2070,248216,18,2132,635,1279
2071,248302,15,2132,635,1279
2072,248379,16,2155,657,1278
2073,248500,18,2160,656,1280
2074,248605,17,2161,647,1290
2075,248685,16,2161,640,1303
2076,248808,21,2164,642,1304
2077,248915,16,2165,641,1306
2078,249007,21,2161,640,1301
2079,249112,16,2166,639,1306
2080,249206,19,2167,640,1306
2081,249307,19,2174,644,1307
2082,249412,19,2171,645,1300
2083,249693,185,2174,642,1305
2084,249769,17,2173,635,1307
2085,249919,19,2174,638,1305
2086,250021,16,2169,632,1310
2087,250138,20,2166,630,1312
2088,250239,25,2170,637,1308
2089,250323,17,2174,635,1311
2090,250427,23,2173,633,1312
2091,250542,20,2175,634,1314
2092,250633,17,2168,634,1307
2093,250745,17,2171,636,1307
2094,250840,18,2174,638,1311
2095,250935,19,2174,634,1314
2096,251059,19,2179,642,1309
2097,251172,24,2179,642,1309
2098,251437,18,2185,646,1313
2099,251542,19,2186,646,1315
2100,251635,17,2187,647,1315
2101,251716,17,2192,644,1312
2102,251818,20,2190,637,1316
2103,251935,22,2190,637,1315
2104,252040,20,2183,637,1308
2105,252144,22,2183,637,1307
2106,252253,23,2198,650,1307
2107,252362,21,2199,651,1306
2108,252476,27,2207,659,1305
2109,252614,21,2204,656,1304
2110,252705,19,2211,663,1303
2111,252813,17,2215,667,1303
2112,252909,20,2217,669,1301
2113,253248,23,2217,659,1312
2114,253366,19,2226,664,1316
2115,253487,23,2222,661,1310
2116,253580,18,2225,663,1308
2117,253755,31,2225,659,1312
2118,253844,21,2230,668,1308
2119,253938,17,2230,666,1313
2120,254059,28,2230,666,1311
2121,254178,24,2225,667,1304
2122,254262,17,2223,667,1302
2123,254366,20,2225,666,1304
2124,254480,19,2217,665,1298
2125,254595,21,2218,666,1297
2126,254884,17,2218,663,1300
2127,254965,16,2220,666,1296
2128,255072,17,2222,670,1294
2129,255170,18,2234,684,1291
2130,255254,18,2234,698,1276
2131,255354,17,2235,693,1281
2132,255473,17,2235,673,1302
2133,255578,16,2233,643,1345
2134,255693,19,2234,636,1353
2135,255797,20,2244,638,1363
2136,255916,18,2245,626,1378
2137,256031,16,2246,618,1387
2138,256353,219,2246,572,1449
2139,256474,17,2255,556,1478
2140,256598,23,2252,558,1472
2141,256707,24,2249,558,1469
2142,256821,17,2261,571,1463
2143,256922,19,2261,571,1463
2144,257024,17,2269,579,1462
2145,257158,19,2267,580,1458
2146,257265,17,2267,580,1458
2147,257392,20,2265,581,1455
2148,257499,17,2268,585,1453
2149,257602,16,2268,586,1448
2150,257878,20,2269,589,1446
2151,257971,16,2271,590,1443
2152,258081,17,2272,592,1439
2153,258196,19,2270,593,1435
2154,258294,16,2275,598,1431
2155,258402,17,2270,598,1426
2156,258496,18,2279,606,1425
2157,258602,18,2281,609,1424
2158,258692,16,2287,590,1446
2159,258780,16,2287,582,1454
2160,258867,17,2299,574,1482
2161,258959,17,2299,569,1487
2162,259201,18,2297,552,1506
2163,259322,19,2300,535,1530
2164,259425,18,2312,551,1525
2165,259534,18,2311,536,1541
2166,259629,18,2311,537,1541
2167,259735,21,2323,548,1543
2168,259840,19,2321,535,1558
2169,259933,20,2321,528,1566
2170,260039,20,2324,522,1574
2171,260143,18,2329,525,1569
2172,260243,17,2329,525,1569
2173,260339,19,2329,525,1561
2174,260583,26,2333,511,1575
2175,260696,21,2339,508,1586
2176,260783,21,2347,509,1591
2177,260884,17,2355,518,1590
2178,260981,16,2368,521,1597
2179,261071,18,2371,520,1597
2180,261174,18,2371,512,1607
2181,261285,18,2377,510,1613
2182,261396,18,2378,508,1617
2183,261504,17,2377,507,1625
2184,261606,21,2387,516,1624
2185,261877,174,2389,505,1642
2186,261997,17,2389,487,1661
2187,262088,19,2383,488,1654
2188,262177,19,2394,498,1654
2189,262278,19,2396,493,1663
2190,262372,18,2396,493,1663
2191,262448,17,2396,493,1663
2192,262548,17,2406,501,1666
2193,262644,17,2406,479,1695
2194,262762,22,2405,462,1718
2195,262851,17,2423,476,1720
2196,262939,17,2422,472,1724
2197,263036,24,2420,469,1729
2198,263265,18,2425,466,1740
2199,263365,19,2435,472,1744
2200,263461,17,2442,464,1759
2201,263570,25,2441,469,1752
2202,263673,19,2441,469,1753
2203,263769,18,2455,477,1759
2204,263877,18,2464,484,1757
2205,263987,17,2464,483,1758
2206,264087,29,2472,489,1757
2207,264198,23,2478,491,1759
2208,264305,18,2477,476,1774
2209,264420,18,2476,471,1783
2210,266966,2462,2480,465,1805
2211,267060,21,2487,410,1884
2212,267161,18,2485,418,1874
2213,267279,20,2485,418,1874
2214,267361,20,2490,418,1880
2215,267478,19,2489,417,1880
2216,267576,21,2489,417,1880
2217,267698,22,2486,417,1877
2218,267802,20,2487,414,1882
2219,267888,19,2491,421,1881
2220,267992,18,2493,423,1881
2221,268114,19,2490,408,1897
2222,268258,67,2493,394,1914
2223,268376,22,2493,393,1917
2224,268528,69,2493,389,1920
2225,268634,19,2493,391,1918
2226,268741,19,2491,391,1916
2227,268849,20,2490,391,1915
2228,268943,22,2488,391,1913
2229,269077,22,2496,397,1912
2230,269170,18,2497,398,1912
2231,269267,21,2501,397,1916
2232,269361,22,2514,403,1915
2233,269470,20,2509,398,1917
2234,269565,18,2505,398,1913
2235,269672,17,2504,397,1912
2236,269768,18,2515,409,1911
2237,269874,21,2518,412,1909
2238,270014,70,2519,408,1915
2239,270123,22,2522,408,1918
2240,270207,21,2527,418,1913
2241,270312,21,2533,426,1911
2242,270422,21,2532,428,1905
2243,270538,25,2532,429,1904
2244,270652,23,2533,431,1901
2245,270756,23,2533,431,1901
2246,270891,20,2544,443,1896
2247,270993,23,2544,442,1897
2248,271127,24,2544,440,1899
2249,271226,19,2545,441,1897
2250,271353,26,2548,445,1896
2251,271554,26,2548,438,1902
2252,271687,22,2550,439,1904
2253,271794,23,2552,439,1906
2254,271909,20,2555,442,1904
2255,272008,23,2573,460,1904
2256,272140,30,2574,457,1906
2257,272254,23,2580,461,1907
2258,272353,20,2575,461,1902
2259,272459,23,2579,467,1900
2260,272559,23,2587,477,1898
2261,272668,25,2579,474,1893
2262,272796,28,2579,470,1898
2263,273005,23,2579,465,1904
2264,273099,22,2572,461,1901
2265,273210,23,2570,461,1899
2266,273320,22,2569,461,1898
2267,273419,22,2579,471,1897
2268,273523,20,2572,469,1890
2269,273618,18,2572,469,1890
2270,273709,19,2572,466,1893
2271,273825,28,2571,466,1892
2272,273956,23,2573,459,1898
2273,274063,21,2570,459,1895
2274,274162,19,2581,466,1899
2275,274339,18,2576,465,1895
2276,274447,22,2577,466,1895
2277,274542,19,2572,462,1893
2278,274633,19,2577,462,1902
2279,274752,20,2577,461,1906
2280,274874,22,2575,460,1907
2281,274989,25,2579,462,1905
2282,275106,26,2581,464,1904
2283,275240,23,2581,465,1899
2284,275345,20,2581,464,1901
2285,275434,18,2586,458,1908
2286,275549,25,2584,456,1908
2287,275748,100,2579,455,1903
2288,275857,19,2577,452,1907
2289,275960,23,2585,460,1907
2290,276060,22,2592,466,1907
2291,276148,24,2595,469,1907
2292,276244,21,2609,482,1905
2293,276356,24,2617,487,1904
2294,276467,25,2622,492,1902
2295,276563,20,2625,495,1900
2296,276644,20,2626,491,1904
2297,276739,21,2629,493,1904
2298,276833,24,2628,493,1903
2299,276938,24,2630,491,1911
2300,277130,110,2634,486,1924
2301,277230,19,2647,502,1921
2302,277330,22,2647,497,1932
2303,277418,20,2650,495,1933
2304,277523,20,2656,499,1933
2305,277649,25,2656,500,1931
2306,277743,20,2666,507,1931
2307,277853,23,2668,509,1928
2308,277954,30,2669,510,1926
2309,278068,24,2676,518,1926
2310,278198,25,2674,519,1922
2311,278323,28,2675,512,1929
2312,278427,20,2676,513,1928
2313,278640,25,2681,509,1940
2314,278755,26,2679,512,1934
2315,278861,21,2679,511,1935
2316,278958,21,2683,503,1953
2317,279050,21,2683,503,1953
2318,279149,22,2683,502,1954
2319,279254,21,2685,503,1955
2320,279357,23,2694,512,1955
2321,279461,23,2693,512,1954
2322,279576,22,2696,514,1956
2323,279677,20,2713,530,1956
2324,279777,23,2710,530,1953
2325,279884,29,2710,526,1958
2326,280090,119,2710,526,1958
2327,282009,23,2710,494,2002
2328,286246,9,783,393,190
2329,286374,10,783,392,191
2330,286580,9,784,367,220
2331,286722,13,785,368,222
2332,286918,15,800,374,228
2333,287108,7,802,357,251
2334,287209,9,807,360,251
2335,287320,6,806,344,266
2336,287405,6,808,344,270
2337,287490,7,805,337,279
2338,287589,8,807,327,294
2339,287672,8,809,329,291
2340,287796,7,810,323,298
2341,287894,7,811,323,298
2342,287998,7,816,322,312
2343,288102,9,816,321,314
2344,288354,12,814,296,340
2345,288479,9,814,281,359
2346,288593,7,815,281,361
2347,288692,8,824,280,377
2348,288768,7,832,281,385
2349,288867,7,832,281,385
2350,288963,7,832,283,383
2351,289067,7,840,282,392
2352,289162,9,842,284,390
2353,289258,8,842,285,389
2354,289375,10,848,283,397
2355,289474,9,853,279,416
2356,289568,7,862,285,419
2357,289652,10,875,295,419
2358,289771,8,877,280,443
2359,289873,7,881,285,438
2360,289967,9,889,292,437
2361,290073,8,889,290,439
2362,290176,7,891,282,451
2363,290267,8,900,279,462
2364,290371,9,903,269,478
2365,290581,136,930,296,478
2366,290691,11,935,286,505
2367,290791,12,934,288,501
2368,290880,7,934,286,507
2369,290964,6,943,293,504
2370,291059,8,943,283,516
2371,291158,8,945,284,520
2372,291266,9,961,291,525
2373,291358,7,967,294,522
2374,291447,7,968,291,526
2375,291536,8,970,290,533
2376,291636,9,971,291,533
2377,291714,8,977,292,540
2378,291818,8,978,296,533
2379,291942,10,982,300,533
2380,292014,8,987,308,529
2381,292109,8,987,309,528
2382,292198,10,988,310,528
2383,292286,8,991,308,531
2384,292371,8,995,309,535
2385,292467,8,1004,311,545
2386,292564,8,1008,313,546
2387,292652,9,1009,314,545
2388,292875,8,1020,325,545
2389,292962,9,1018,325,543
2390,293058,10,1022,329,543
2391,293150,8,1028,329,539
2392,293245,8,1028,329,539
2393,293340,9,1031,337,533
2394,293433,8,1039,345,533
2395,293525,9,1040,343,537
2396,293623,11,1040,343,537
2397,293723,8,1040,342,538
2398,293805,8,1059,352,551
2399,293906,8,1062,354,552
2400,293990,8,1067,351,567
2401,294065,9,1067,351,567
2402,294159,9,1067,349,568
2403,294252,8,1067,348,568
2404,294338,8,1068,348,568
2405,294445,9,1071,351,568
2406,294535,8,1075,357,559
2407,294638,9,1082,364,559
2408,294740,10,1082,366,557
2409,294821,9,1087,371,557
2410,295364,7,1090,374,554
2411,295454,8,1096,380,554
2412,295540,9,1100,384,554
2413,295633,9,1091,384,545
2414,295707,9,1091,384,545
2415,295787,9,1108,400,545
2416,295875,8,1113,410,540
2417,295970,11,1116,413,540
2418,296063,10,1119,416,538
2419,296161,9,1121,420,536
2420,296255,8,1128,428,534
2421,296347,10,1135,435,534
2422,296444,9,1138,438,534
2423,296546,9,1145,445,534
2424,296649,9,1146,446,534
2425,296747,11,1146,448,531
2426,296847,10,1157,459,529
2427,296939,9,1160,462,529
2428,297011,9,1169,470,532
2429,297320,9,1174,460,558
2430,297414,11,1179,465,557
2431,297506,10,1178,469,549
2432,297602,9,1178,469,549
2433,297709,10,1179,470,549
2434,297822,9,1181,479,542
2435,297903,10,1189,484,539
2436,298001,10,1190,478,548
2437,298109,10,1196,475,557
2438,298200,13,1201,480,557
2439,298310,10,1208,487,557
2440,298414,14,1210,489,555
2441,298522,11,1210,487,557
2442,298618,11,1218,488,562
2443,298716,10,1218,487,563
2444,298818,15,1227,496,563
2445,298923,9,1232,498,569
2446,298993,10,1241,507,568
2447,299085,11,1243,507,571
2448,299356,11,1254,511,579
2449,299472,10,1256,513,579
2450,299571,9,1260,517,578
2451,299684,10,1261,519,577
2452,299769,11,1263,521,574
2453,299857,10,1263,522,573
2454,299941,14,1271,529,574
2455,300077,11,1276,532,574
