tick,timestamp,query_runtime,trav_index_nodes,trav_vol_nodes,trav_unprod_nodes
0,540,5,8,8,0
1,769,1,14,14,0
2,1072,4,27,27,0
3,1281,3,35,35,0
4,1506,6,48,48,0
5,1777,2,56,56,0
6,2003,8,65,65,0
7,2194,4,78,78,0
8,2387,2,81,81,0
9,2532,2,111,111,0
10,2648,3,145,145,0
11,2805,2,149,149,0
12,2948,2,162,162,0
13,3111,2,165,165,0
14,3261,3,177,177,0
15,3395,2,183,183,0
16,3569,4,201,201,0
17,3690,3,219,219,0
18,3843,4,227,227,0
19,4013,7,244,244,0
20,4207,3,263,263,0
21,4334,3,271,271,0
22,4458,3,275,275,0
23,4608,3,280,280,0
24,4757,2,284,284,0
25,4904,3,287,287,0
26,5080,5,309,309,0
27,5193,2,313,313,0
28,5353,4,319,319,0
29,5462,3,325,325,0
30,5570,2,326,326,0
31,5701,2,331,331,0
32,5793,3,347,347,0
33,5920,4,350,350,0
34,6041,3,361,361,0
35,6171,3,391,391,0
36,6276,4,397,397,0
37,6401,4,402,402,0
38,6526,5,434,434,0
39,6631,4,444,444,0
40,6743,5,462,462,0
41,6867,4,467,467,0
42,7001,4,470,470,0
43,7117,5,475,475,0
44,7280,3,478,478,0
45,7404,4,484,484,0
46,7503,4,487,487,0
47,7595,4,494,494,0
48,7720,3,500,500,0
49,7834,5,506,506,0
50,7949,4,524,524,0
51,8045,3,529,529,0
52,8136,6,530,530,0
53,8230,4,535,535,0
54,8348,5,543,543,0
55,8464,4,555,555,0
56,8566,4,556,556,0
57,8702,4,560,560,0
58,8800,4,576,576,0
59,8923,42,594,594,0
60,9001,3,616,616,0
61,9094,3,627,627,0
62,9180,4,637,637,0
63,9289,4,644,644,0
64,9376,4,677,677,0
65,9499,4,689,689,0
66,9607,5,692,692,0
67,9694,4,713,713,0
68,9821,5,728,728,0
69,9924,5,739,739,0
70,10016,6,752,752,0
71,10110,5,756,756,0
72,10183,6,757,757,0
73,10285,5,760,760,0
74,10397,6,766,766,0
75,10511,6,779,779,0
76,10616,6,795,795,0
77,10724,10,803,803,0
78,10837,9,813,813,0
79,10928,7,816,816,0
80,11029,7,819,819,0
81,11509,393,835,835,0
82,11598,5,862,862,0
83,11686,6,866,866,0
84,11762,5,876,876,0
85,11856,6,881,881,0
86,11971,5,889,889,0
87,12068,6,891,891,0
88,12166,6,893,893,0
89,12249,5,897,897,0
90,12335,6,908,908,0
91,12441,7,912,912,0
92,12531,6,914,914,0
93,12621,6,915,915,0
94,12728,7,929,929,0
95,12819,6,934,934,0
96,12909,6,936,936,0
97,13030,7,938,938,0
98,13125,7,945,945,0
99,13236,10,950,950,0
100,13328,8,961,961,0
101,13427,6,964,964,0
102,13536,7,978,978,0
103,13637,7,987,987,0
104,13791,6,992,992,0
105,13860,7,1005,1005,0
106,13969,8,1010,1010,0
107,14051,7,1020,1020,0
108,14143,7,1031,1031,0
109,14243,6,1038,1038,0
110,14323,7,1043,1043,0
111,14423,7,1048,1048,0
112,14516,7,1053,1053,0
113,14613,7,1063,1063,0
114,14699,7,1065,1065,0
115,14788,7,1067,1067,0
116,14870,7,1069,1069,0
117,14992,8,1077,1077,0
118,15109,7,1099,1099,0
119,15201,8,1115,1115,0
120,15303,7,1115,1115,0
121,15403,7,1122,1122,0
122,15499,8,1129,1129,0
123,15621,10,1132,1132,0
124,15740,9,1138,1138,0
125,15825,11,1143,1143,0
126,15911,11,1155,1155,0
127,16007,8,1163,1163,0
128,16086,8,1167,1167,0
129,16196,9,1170,1170,0
130,16305,10,1179,1179,0
131,16408,9,1182,1182,0
132,16515,9,1188,1188,0
133,16633,9,1195,1195,0
134,16775,11,1199,1199,0
135,16866,8,1216,1216,0
136,16952,7,1221,1221,0
137,17046,8,1228,1228,0
138,17152,8,1234,1234,0
139,17228,8,1240,1240,0
140,17319,8,1241,1241,0
141,17402,12,1245,1245,0
142,17494,8,1263,1263,0
143,17591,8,1264,1264,0
144,17691,8,1276,1276,0
145,17787,10,1288,1288,0
146,17892,11,1294,1294,0
147,18003,8,1300,1300,0
148,18140,14,1307,1307,0
149,18227,9,1310,1310,0
150,18319,7,1322,1322,0
151,18409,9,1325,1325,0
152,18490,9,1331,1331,0
153,18566,8,1332,1332,0
154,18674,8,1340,1340,0
155,18781,9,1343,1343,0
156,18884,9,1356,1356,0
157,18976,9,1360,1360,0
158,19073,9,1367,1367,0
159,19180,9,1383,1383,0
160,19286,9,1390,1390,0
161,19390,10,1403,1403,0
162,19484,11,1427,1427,0
163,19580,11,1429,1429,0
164,20392,715,1430,1430,0
165,20470,9,1440,1440,0
166,20553,10,1441,1441,0
167,20652,8,1444,1444,0
168,20745,10,1453,1453,0
169,20833,9,1458,1458,0
170,20928,8,1460,1460,0
171,21023,9,1466,1466,0
172,21122,12,1471,1471,0
173,21212,9,1475,1475,0
174,21313,9,1490,1490,0
175,21400,10,1516,1516,0
176,21490,9,1536,1536,0
177,21581,10,1542,1542,0
178,21690,9,1545,1545,0
179,21791,10,1548,1548,0
180,21875,10,1553,1553,0
181,21971,10,1561,1561,0
182,22042,10,1563,1563,0
183,22140,10,1565,1565,0
184,22246,10,1571,1571,0
185,22330,10,1572,1572,0
186,22417,10,1577,1577,0
187,22523,12,1588,1588,0
188,22608,12,1601,1601,0
189,22727,10,1606,1606,0
190,22824,10,1613,1613,0
191,22920,13,1615,1615,0
192,23000,11,1620,1620,0
193,23086,11,1622,1622,0
194,23173,14,1628,1628,0
195,23257,10,1648,1648,0
196,23328,11,1655,1655,0
197,23425,12,1666,1666,0
198,23513,13,1668,1668,0
199,23634,13,1670,1670,0
200,23744,13,1677,1677,0
201,23921,10,1686,1686,0
202,24041,11,1699,1699,0
203,24135,11,1707,1707,0
204,24237,10,1715,1715,0
205,24334,11,1727,1727,0
206,24418,11,1727,1727,0
207,24523,12,1730,1730,0
208,24627,11,1742,1742,0
209,24727,11,1746,1746,0
210,24803,11,1748,1748,0
211,24893,12,1761,1761,0
212,24993,11,1780,1780,0
213,25074,12,1783,1783,0
214,25170,12,1788,1788,0
215,25255,11,1789,1789,0
216,25343,13,1823,1823,0
217,25426,11,1825,1825,0
218,25534,11,1829,1829,0
219,25617,13,1838,1838,0
220,25717,13,1850,1850,0
221,25826,12,1865,1865,0
222,25913,13,1867,1867,0
223,26035,13,1871,1871,0
224,26130,12,1874,1874,0
225,26232,13,1876,1876,0
226,26326,12,1887,1887,0
227,26411,14,1892,1892,0
228,26529,13,1897,1897,0
229,26626,15,1907,1907,0
230,26707,12,1916,1916,0
231,26773,13,1919,1919,0
232,26861,12,1925,1925,0
233,26944,13,1927,1927,0
234,27073,12,1931,1931,0
235,27248,90,1935,1935,0
236,27345,12,1944,1944,0
237,27435,13,1952,1952,0
238,27533,14,1970,1970,0
239,27652,13,1983,1983,0
240,27737,13,1986,1986,0
241,27823,15,1988,1988,0
242,27922,14,1994,1994,0
243,28019,13,2003,2003,0
244,28111,13,2006,2006,0
245,28216,13,2009,2009,0
246,28297,14,2010,2010,0
247,28376,13,2015,2015,0
248,28451,14,2015,2015,0
249,28535,14,2019,2019,0
250,28628,14,2020,2020,0
251,28743,14,2027,2027,0
252,28819,14,2032,2032,0
253,28928,14,2048,2048,0
254,29024,13,2062,2062,0
255,29135,23,2066,2066,0
256,29237,14,2071,2071,0
257,29328,14,2080,2080,0
258,29417,15,2082,2082,0
259,29510,14,2095,2095,0
260,29600,14,2098,2098,0
261,29703,14,2111,2111,0
262,29804,15,2116,2116,0
263,29898,14,2121,2121,0
264,30045,17,2123,2123,0
265,30199,18,2128,2089,23
266,30321,16,2135,2063,37
267,31209,16,2146,1784,218
268,31331,16,2159,1766,233
269,31439,14,2164,1743,247
270,31542,14,2171,1718,263
271,31649,15,2176,1706,276
272,31766,14,2180,1684,289
273,31867,15,2196,1681,305
274,31970,15,2216,1679,313
275,32079,15,2225,1658,332
276,32194,17,2226,1630,349
277,32292,15,2240,1608,374
278,32403,22,2251,1603,377
279,32510,15,2260,1591,392
280,32607,15,2265,1577,402
281,32707,16,2276,1575,407
282,32798,16,2287,1571,417
283,32903,15,2290,1563,426
284,33013,16,2296,1536,453
285,33132,15,2299,1498,491
286,33244,15,2307,1481,501
287,33337,14,2312,1457,517
288,33438,15,2315,1421,546
289,33506,13,2318,1414,553
290,33614,16,2317,1410,555
291,33725,16,2323,1407,559
292,33831,16,2331,1404,568
293,33938,22,2344,1403,584
294,34058,16,2366,1409,590
295,34156,16,2377,1401,600
296,34262,16,2383,1386,607
297,34419,15,2387,1356,634
298,34517,16,2391,1345,647
299,34622,16,2401,1340,651
300,34748,16,2405,1330,657
301,34853,15,2408,1315,679
302,34948,17,2412,1325,673
303,35044,15,2416,1327,675
304,35142,17,2426,1329,685
305,35241,15,2439,1309,711
306,35352,16,2443,1302,713
307,35461,16,2448,1292,726
308,35577,15,2460,1285,738
309,35676,17,2461,1274,744
310,35777,16,2472,1273,755
311,35878,17,2476,1259,766
312,35985,16,2482,1252,772
313,36079,16,2486,1245,781
314,36178,17,2488,1233,786
315,36266,16,2489,1221,795
316,36365,17,2495,1205,815
317,36482,17,2492,1190,831
318,36586,17,2497,1183,840
319,36677,16,2510,1191,846
320,36790,20,2515,1187,854
321,36882,18,2523,1174,869
322,36998,16,2535,1167,880
323,37105,18,2553,1171,885
324,37220,17,2558,1166,896
325,37335,16,2566,1154,909
326,37523,79,2568,1145,921
327,37625,17,2576,1125,935
328,37739,15,2582,1112,954
329,37827,16,2584,1099,973
330,37914,15,2585,1097,977
331,38003,16,2596,1102,979
332,38115,16,2602,1102,979
333,38214,17,2613,1081,1005
334,38327,22,2614,1073,1006
335,38440,18,2619,1065,1021
336,38528,20,2647,1083,1029
337,38610,18,2655,1071,1049
338,38702,18,2656,1062,1055
339,38810,18,2659,1041,1078
340,38920,18,2659,1040,1077
341,39030,16,2665,1040,1078
342,39138,19,2670,1029,1086
343,39247,19,2676,1009,1104
344,39355,19,2674,998,1116
345,39458,18,2693,1006,1125
346,39605,22,2694,986,1146
347,39710,18,2702,979,1159
348,39794,18,2713,980,1168
349,39886,18,2717,977,1182
350,39985,18,2721,962,1198
351,40079,17,2718,961,1195
352,40184,18,2723,959,1203
353,40279,18,2738,966,1209
354,40395,18,2739,963,1209
355,40571,97,2740,947,1225
356,40672,18,2757,959,1225
357,40766,21,2757,947,1230
358,40877,18,2762,947,1235
359,40982,21,2773,953,1240
360,41088,18,2779,947,1251
361,41172,18,2789,957,1251
362,41281,18,2792,960,1250
363,41381,19,2800,968,1250
364,41488,20,2804,972,1246
365,41582,22,2811,977,1248
366,41689,20,2818,970,1255
367,41792,18,2827,978,1256
368,41882,20,2827,976,1256
369,41996,20,2834,963,1267
370,42094,19,2833,965,1261
371,42195,20,2841,963,1269
372,42288,19,2844,957,1277
373,42390,20,2844,956,1279
374,42477,20,2848,947,1289
375,42567,22,2853,945,1296
376,42674,22,2856,942,1301
377,42756,18,2864,948,1303
378,42848,18,2869,950,1301
379,42946,19,2868,941,1314
380,43036,19,2869,936,1318
381,43170,24,2867,923,1333
382,43371,17,2872,901,1365
383,43439,20,2879,907,1368
384,43540,19,2880,903,1380
385,43637,19,2892,912,1382
386,43731,20,2884,907,1385
387,43837,18,2889,909,1383
388,43928,19,2891,909,1380
389,44029,20,2908,920,1382
390,44124,19,2911,921,1383
391,44216,21,2912,918,1384
392,44309,20,2916,919,1384
393,44429,23,2913,910,1390
394,44533,21,2914,910,1393
395,44655,19,2917,912,1392
396,44755,19,2920,915,1390
397,44856,18,2920,900,1406
398,44961,18,2926,893,1421
399,45092,21,2934,888,1428
400,45180,19,2936,888,1433
401,45288,22,2942,883,1440
402,45403,19,2951,875,1450
403,45508,20,2964,883,1451
404,45607,21,2972,883,1462
405,45715,20,2975,879,1471
406,45846,24,2982,884,1471
407,46182,32,2983,865,1492
408,46475,188,2987,860,1499
409,46599,22,2994,859,1506
410,46699,19,2994,858,1508
411,46798,22,2994,856,1511
412,46920,20,3005,867,1506
413,47134,31,3017,874,1514
414,47233,23,3022,879,1512
415,47317,25,3024,875,1520
416,47422,23,3023,873,1520
417,47523,25,3025,867,1534
418,47625,20,3027,869,1538
419,47720,21,3032,873,1535
420,47812,21,3040,879,1536
421,47909,19,3045,879,1537
422,48147,28,3047,870,1555
423,48260,22,3066,888,1555
424,48364,26,3078,896,1555
425,48476,29,3094,913,1548
426,48572,25,3089,911,1546
427,48716,33,3085,898,1556
428,48875,25,3089,883,1564
429,48989,22,3091,886,1563
430,49098,25,3098,889,1566
431,49216,24,3114,902,1569
432,49338,24,3116,902,1565
433,49539,21,3120,891,1568
434,49645,21,3123,891,1569
435,49763,23,3129,898,1566
436,49869,20,3140,910,1564
437,49970,22,3144,914,1564
438,50121,21,3153,923,1564
439,50240,25,3154,928,1558
440,50344,29,3168,942,1556
441,50456,32,3171,947,1543
442,50590,22,3171,947,1546
443,50702,23,3178,942,1563
444,50806,22,3178,944,1559
445,50932,24,3177,941,1568
446,51031,21,3184,941,1573
447,51137,22,3188,941,1576
448,51243,21,3192,940,1583
449,51343,21,3194,941,1583
450,51455,22,3196,939,1586
451,51562,21,3204,947,1583
452,51694,25,3203,941,1594
453,51807,21,3205,937,1610
454,51926,22,3216,944,1614
455,52029,23,3222,944,1615
456,52158,26,3222,940,1617
457,52404,128,3238,936,1645
458,52492,21,3254,948,1648
459,52610,44,3256,945,1655
460,52713,21,3258,932,1663
461,52804,20,3266,938,1660
462,52922,21,3270,937,1662
463,53039,25,3277,943,1662
464,53161,22,3281,944,1659
465,53255,21,3283,938,1668
466,53351,21,3289,944,1666
467,53447,21,3292,945,1660
468,53565,24,3283,943,1656
469,53691,43,3281,933,1670
470,53788,21,3292,941,1671
471,53874,20,3288,940,1669
472,53973,24,3292,944,1666
473,54086,26,3292,941,1663
474,54197,27,3288,942,1654
475,54310,27,3285,934,1662
476,54399,24,3284,934,1655
477,54493,26,3288,936,1655
478,54620,28,3292,931,1663
479,54726,23,3295,930,1664
480,56147,21,3291,901,1679
481,56255,21,3293,904,1675
482,56353,22,3288,902,1670
483,56457,29,3288,903,1667
484,56553,23,3289,902,1668
485,56662,27,3309,921,1674
486,56769,26,3313,920,1682
487,56882,30,3309,922,1673
488,56976,21,3309,920,1674
489,57114,31,3310,918,1679
490,57224,19,3328,931,1680
491,57326,21,3336,940,1679
492,57428,21,3345,946,1679
493,57538,22,3357,952,1672
494,57658,23,3360,952,1679
495,57758,23,3367,958,1672
496,57862,24,3372,960,1673
497,57954,23,3387,976,1671
498,58048,22,3395,977,1682
499,58155,22,3395,976,1684
500,58250,22,3406,980,1688
501,58336,23,3416,990,1687
502,58505,22,3431,1002,1684
503,58596,21,3449,1020,1683
504,58730,29,3449,1023,1682
505,58834,25,3444,1022,1677
506,58918,22,3443,1020,1676
507,59027,24,3441,1022,1668
508,59100,22,3441,1015,1684
509,59197,22,3446,1017,1681
510,59302,22,3448,1018,1681
511,59408,24,3457,1024,1681
512,59491,22,3468,1031,1682
513,59599,23,3480,1041,1683
514,59704,24,3472,1034,1682
515,59808,23,3470,1034,1680
516,59941,23,3474,1038,1681
517,60072,21,3475,1030,1689
518,60199,23,3481,1006,1734
519,60312,24,3482,989,1766
520,60421,22,3488,994,1765
521,60548,22,3486,997,1758
522,60670,23,3486,997,1758
523,60865,94,3484,997,1756
524,61007,28,3478,1000,1745
525,61143,33,3493,1012,1742
526,61267,23,3497,1008,1754
527,61392,22,3495,997,1767
528,61499,21,3500,978,1801
529,61597,21,3512,969,1830
530,61712,21,3508,938,1867
531,61805,21,3512,909,1901
532,61899,21,3513,884,1933
533,62004,22,3514,859,1960
534,62110,23,3523,842,1997
535,62219,22,3529,843,2001
536,62323,22,3525,832,2013
537,62422,23,3552,847,2019
538,62512,21,3556,848,2022
539,62618,24,3572,843,2050
540,62731,21,3581,849,2047
541,62838,23,3590,845,2065
542,62950,29,3588,841,2068
543,63061,25,3586,816,2106
544,63251,108,3581,778,2155
545,63360,21,3576,765,2175
546,63449,23,3584,755,2201
547,63561,22,3582,739,2216
548,63651,22,3593,752,2216
549,63730,21,3594,753,2215
550,63852,21,3597,750,2228
551,63948,23,3598,752,2229
552,64051,22,3604,754,2230
553,64143,23,3606,756,2229
554,64244,22,3608,750,2243
555,64339,22,3607,730,2267
556,64428,23,3616,731,2277
557,64576,23,3616,721,2292
558,64690,25,3613,709,2311
559,64798,22,3613,704,2319
560,64905,22,3616,706,2316
561,65008,22,3617,704,2311
562,65104,22,3617,687,2337
563,65198,21,3630,687,2349
564,65301,23,3637,676,2368
565,65481,96,3646,683,2373
566,65595,22,3649,669,2403
567,65718,23,3651,667,2413
568,65824,23,3676,684,2425
569,65907,23,3687,693,2418
570,65999,25,3697,701,2426
571,66113,23,3701,692,2441
572,66221,22,3705,685,2460
573,66321,23,3709,685,2467
574,66439,24,3716,686,2467
575,66542,24,3722,692,2470
576,66652,23,3737,686,2490
577,66750,26,3736,681,2507
578,66860,23,3745,683,2510
579,66962,25,3761,689,2520
580,67059,24,3762,674,2532
581,67158,25,3770,673,2536
582,67255,24,3772,673,2541
583,67345,24,3787,685,2541
584,67433,25,3796,686,2558
585,67533,26,3806,694,2556
586,67737,125,3806,683,2566
587,67838,24,3808,677,2573
588,67940,23,3810,679,2572
589,68053,24,3811,661,2595
590,68168,25,3803,658,2585
591,68273,25,3813,664,2583
592,68370,23,3804,662,2577
593,68486,25,3811,663,2586
594,68603,24,3827,676,2581
595,68687,25,3844,692,2579
596,68793,23,3851,700,2574
597,68893,23,3850,700,2574
598,68996,24,3854,703,2572
599,69092,24,3868,712,2581
600,69210,28,3876,712,2590
601,69316,25,3877,699,2611
602,69432,25,3879,700,2613
603,69519,25,3883,703,2612
604,69608,24,3881,701,2614
605,69708,25,3890,701,2625
606,69932,24,3892,693,2636
607,70039,24,3901,702,2634
608,70132,23,3914,705,2649
609,70239,24,3920,709,2645
610,70333,24,3922,710,2643
611,70440,25,3930,715,2642
612,70547,25,3949,734,2637
613,70648,24,3959,743,2635
614,70736,24,3969,752,2633
615,70843,24,3972,754,2631
616,70943,26,3971,750,2638
617,71044,26,3972,751,2636
618,71167,27,3976,751,2638
619,71277,25,3986,753,2652
620,71369,26,3991,758,2647
621,71480,25,3994,757,2656
622,71579,26,4005,766,2654
623,71672,25,4008,767,2658
624,71786,25,4021,773,2657
625,71982,25,4018,761,2672
626,72120,25,4016,762,2663
627,72236,26,4020,764,2664
628,72332,29,4021,762,2670
629,72431,29,4029,760,2682
630,72541,25,4028,757,2681
631,72656,24,4031,765,2677
632,72750,25,4043,767,2687
633,72859,25,4046,770,2683
634,72971,26,4047,771,2687
635,73077,25,4051,777,2680
636,73187,30,4053,780,2673
637,73292,25,4050,783,2664
638,73399,26,4052,781,2667
639,73500,26,4056,785,2669
640,73607,25,4052,780,2671
641,73822,141,4057,785,2669
642,73929,25,4053,790,2655
643,74040,23,4067,806,2649
644,74160,27,4071,791,2672
645,74245,25,4070,791,2673
646,74327,25,4069,792,2671
647,74438,31,4077,788,2683
648,74520,25,4087,793,2683
649,74609,24,4102,805,2684
650,74710,26,4108,809,2685
651,74807,34,4110,810,2685
652,74897,26,4110,782,2714
653,74983,25,4118,779,2728
654,75087,26,4114,766,2737
655,75192,27,4111,764,2740
656,75301,26,4119,768,2741
657,75401,29,4119,767,2740
658,75646,26,4112,761,2742
659,75740,24,4116,768,2733
660,75835,25,4119,767,2742
661,75948,25,4119,764,2740
662,76053,25,4121,766,2738
663,76139,31,4125,770,2738
664,76249,27,4127,773,2734
665,76349,25,4125,761,2747
666,76465,27,4137,773,2745
667,76571,26,4147,782,2737
668,76662,26,4154,788,2737
669,76765,27,4166,794,2743
670,76854,26,4176,802,2740
671,76953,28,4179,798,2744
672,77163,140,4181,798,2745
673,77261,25,4182,800,2743
674,77346,24,4183,801,2743
675,77457,26,4185,799,2752
676,77551,27,4192,803,2754
677,77676,30,4197,803,2757
678,77767,27,4205,812,2756
679,77870,26,4214,816,2755
680,77968,26,4215,817,2754
681,78066,27,4216,818,2750
682,78175,26,4216,820,2746
683,78267,26,4217,820,2748
684,78352,26,4217,820,2748
685,78453,26,4217,815,2747
686,78684,147,4220,816,2749
687,78788,29,4230,823,2746
688,78906,34,4243,829,2752
689,79024,28,4254,840,2749
690,79110,28,4263,847,2748
691,79222,27,4270,853,2748
692,79307,27,4271,847,2759
693,79406,28,4270,851,2753
694,79508,27,4281,862,2752
695,79599,26,4281,857,2755
696,79691,27,4283,847,2770
697,79787,26,4290,849,2775
698,79894,27,4301,858,2779
699,80006,27,4306,867,2775
700,80250,143,4310,867,2778
701,80357,27,4310,869,2774
702,80456,27,4311,870,2774
703,80555,26,4308,867,2775
704,80655,27,4319,873,2778
705,80756,34,4321,879,2773
706,80859,26,4328,892,2764
707,80960,27,4325,887,2763
708,81064,27,4326,889,2760
709,81162,26,4327,889,2761
710,81273,30,4331,891,2761
711,81376,29,4341,900,2755
712,81504,30,4343,898,2760
713,81595,29,4343,897,2759
714,83133,1461,4342,869,2799
715,83245,31,4352,876,2789
716,83342,27,4350,877,2786
717,83443,32,4353,881,2788
718,83538,28,4364,892,2788
719,83638,29,4380,907,2786
720,83742,29,4380,896,2799
721,83859,28,4379,894,2798
722,83953,28,4377,894,2795
723,84053,27,4374,894,2793
724,84175,27,4375,893,2799
725,84283,29,4373,890,2807
726,84380,28,4374,892,2802
727,84475,29,4379,897,2797
728,84608,67,4382,891,2803
729,84711,28,4380,891,2803
730,84814,27,4389,900,2802
731,84890,26,4394,905,2795
732,84983,29,4405,918,2789
733,85090,28,4404,919,2782
734,85199,26,4406,923,2780
735,85286,28,4410,926,2778
736,85372,28,4407,926,2775
737,85482,30,4411,930,2773
738,85594,36,4423,941,2769
739,85694,28,4424,942,2766
740,85795,28,4426,945,2764
741,85885,29,4426,945,2764
742,86027,84,4434,953,2764
743,86115,29,4437,953,2764
744,86207,28,4440,954,2768
745,86312,28,4441,954,2770
746,86408,28,4445,960,2765
747,86497,28,4448,958,2772
748,86576,26,4449,959,2772
749,86696,36,4458,964,2770
750,86793,36,4457,962,2770
751,86903,28,4463,965,2768
752,87005,28,4472,974,2764
753,87112,28,4467,966,2779
754,87219,29,4469,973,2774
755,87316,28,4468,973,2771
756,87412,28,4474,975,2771
757,87567,94,4474,972,2772
758,87678,27,4480,973,2778
759,87766,27,4481,973,2782
760,87856,30,4492,980,2782
761,87967,27,4498,989,2776
762,88065,29,4501,991,2774
763,88157,28,4510,999,2774
764,88262,27,4512,1001,2772
765,88353,28,4518,1008,2771
766,88444,27,4525,1015,2771
767,88565,29,4523,1014,2771
768,88679,28,4526,1014,2775
769,88777,28,4522,1015,2773
770,88864,28,4522,1013,2777
771,88976,29,4531,1021,2770
772,89163,29,4542,1028,2770
773,89273,28,4544,1027,2773
774,89371,28,4548,1030,2773
775,89477,27,4552,1033,2774
776,89583,29,4546,1033,2768
777,89682,27,4545,1035,2761
778,89795,34,4550,1042,2759
779,89917,27,4548,1040,2762
780,90045,29,4545,1022,2794
781,90138,28,4546,1009,2813
782,90251,29,4551,1001,2825
783,90385,29,4551,964,2866
784,90494,29,4561,966,2871
785,90614,29,4562,948,2901
786,90783,30,4574,940,2921
787,90889,29,4577,923,2950
788,91005,29,4578,884,2999
789,91148,30,4577,856,3031
790,91253,28,4578,855,3038
791,91378,28,4574,846,3047
792,91491,29,4579,820,3084
793,91607,28,4578,802,3108
794,91725,29,4572,783,3132
795,91848,27,4577,761,3159
796,91956,28,4589,766,3168
797,92075,29,4602,763,3194
798,92189,30,4615,746,3245
799,92284,30,4619,735,3252
800,92447,85,4634,741,3265
801,92552,27,4640,732,3285
802,92662,29,4640,703,3324
803,92780,30,4644,692,3333
804,92894,29,4649,688,3345
805,93003,29,4650,674,3366
806,93110,28,4650,675,3365
807,93227,30,4655,678,3363
808,93333,28,4669,680,3375
809,93442,29,4671,678,3370
810,93531,29,4683,666,3399
811,93640,29,4685,664,3413
812,93747,28,4688,649,3446
813,93854,29,4691,649,3447
814,93979,29,4696,651,3451
815,94158,28,4701,645,3467
816,94274,29,4703,639,3471
817,94379,29,4701,632,3475
818,94475,29,4697,629,3480
819,94601,29,4696,620,3489
820,94697,28,4693,599,3508
821,94803,30,4695,591,3529
822,94903,30,4707,597,3523
823,95026,31,4708,593,3531
824,95133,39,4712,592,3533
825,95242,30,4742,610,3539
826,95342,30,4748,608,3546
827,95454,30,4749,609,3547
828,95569,30,4750,607,3547
829,95737,89,4770,618,3549
830,95840,30,4780,614,3560
831,95938,30,4775,614,3555
832,96046,29,4797,632,3557
833,96157,31,4802,619,3586
834,96276,30,4806,620,3590
835,96395,31,4807,619,3598
836,96512,30,4813,625,3601
837,96611,31,4819,622,3609
838,96713,33,4832,624,3627
839,96820,31,4846,630,3626
840,96938,34,4843,627,3626
841,97055,31,4842,621,3632
842,97157,30,4839,619,3636
843,97268,30,4843,620,3634
844,97374,29,4850,618,3641
845,97565,30,4849,601,3667
846,97670,30,4856,609,3663
847,97789,31,4863,614,3662
848,97884,29,4866,616,3663
849,97990,31,4868,605,3678
850,98103,31,4866,595,3692
851,98203,30,4870,598,3691
852,98306,29,4868,602,3685
853,98445,32,4875,601,3692
854,98548,30,4876,602,3693
855,98664,30,4880,605,3689
856,98785,30,4878,593,3704
857,98898,30,4897,600,3711
858,99001,30,4901,595,3724
859,99093,29,4913,605,3723
860,99265,31,4916,586,3744
861,99367,28,4916,580,3759
862,99473,29,4916,580,3764
863,99578,30,4914,579,3765
864,99683,29,4908,576,3763
865,99793,31,4912,580,3756
866,99916,38,4914,578,3766
867,100025,37,4917,576,3769
868,100160,34,4920,578,3766
869,102695,220,1248,509,225
870,102786,11,1252,505,231
871,102890,12,1252,505,231
872,103019,14,1267,510,227
873,103118,10,1270,509,233
874,103226,9,1270,499,249
875,103351,9,1280,506,252
876,103473,18,1281,506,253
877,103584,12,1284,501,254
878,103693,11,1292,506,257
879,103795,9,1297,510,255
880,103909,12,1301,510,275
881,103998,9,1301,508,281
882,104080,10,1319,517,292
883,104184,9,1333,529,286
884,104282,9,1345,533,289
885,104368,10,1350,529,299
886,104472,9,1354,530,302
887,104572,10,1363,530,302
888,104662,10,1370,534,303
889,104768,10,1377,538,303
890,104869,9,1377,538,303
891,104963,10,1377,532,317
892,105072,10,1391,535,325
893,105182,14,1391,536,325
894,105297,9,1394,539,321
895,105507,9,1395,530,336
896,105609,9,1410,545,336
897,105697,10,1414,546,340
898,105806,11,1418,549,338
899,105891,11,1423,550,338
900,105980,10,1429,555,342
901,106064,10,1433,551,350
902,106170,10,1444,556,347
903,106252,10,1442,558,341
904,106352,10,1451,563,340
905,106421,10,1466,569,347
906,106516,9,1484,579,349
907,106608,10,1494,580,357
908,106723,13,1506,590,357
909,106832,13,1524,605,358
910,106934,10,1528,605,361
911,107023,13,1536,607,367
912,107124,11,1539,610,364
913,107190,11,1544,610,369
914,107270,8,1558,620,372
915,107358,11,1574,633,380
916,107452,11,1597,655,377
917,107549,11,1606,660,377
918,107650,11,1620,665,382
919,107759,11,1627,667,384
920,107861,14,1626,669,383
921,108078,11,1627,652,391
922,108194,11,1637,651,410
923,108294,15,1637,651,410
924,108388,11,1643,649,422
925,108488,12,1658,662,422
926,108608,26,1663,668,420
927,108717,19,1667,668,424
928,108813,15,1673,674,424
929,108923,12,1687,690,420
930,109013,12,1689,690,418
931,109109,11,1690,691,416
932,109199,12,1690,688,419
933,109317,17,1692,688,419
934,109423,12,1701,687,432
935,109515,12,1705,688,435
936,109623,13,1708,684,450
937,109718,11,1706,683,453
938,109798,12,1709,685,454
939,109892,12,1715,692,448
940,109989,13,1717,691,450
941,110078,11,1719,692,446
942,110177,13,1721,678,466
943,110287,20,1736,693,466
944,110394,14,1745,694,479
945,110622,11,1760,704,484
946,110713,12,1762,705,484
947,110798,12,1767,708,484
948,110889,12,1780,721,470
949,111001,16,1779,721,472
950,111102,12,1787,729,473
951,111190,12,1794,736,472
952,111282,13,1800,738,478
953,111410,13,1800,736,486
954,111504,12,1811,742,487
955,111590,12,1816,746,487
956,111675,13,1826,751,487
957,111774,13,1824,753,483
958,111903,15,1825,757,478
959,112004,13,1830,762,476
960,112098,13,1830,762,476
961,112168,13,1830,762,476
962,112289,14,1833,765,476
963,112411,15,1837,772,473
964,112557,16,1848,781,469
965,112652,15,1854,786,469
966,112919,11,1851,787,464
967,113048,13,1872,810,460
968,113133,14,1886,824,459
969,113231,13,1904,844,455
970,113320,14,1907,845,457
971,113420,16,1925,861,457
972,113561,15,1932,866,464
973,113671,16,1935,865,470
974,113756,15,1937,866,472
975,113855,14,1937,863,478
976,113960,15,1936,863,478
977,114057,14,1941,867,478
978,114153,13,1953,872,478
979,114274,15,1963,879,475
980,114377,15,1964,878,473
981,114463,14,1974,883,471
982,114563,13,1978,883,475
983,114649,14,1997,902,475
984,114745,15,2021,920,479
985,114835,22,2026,923,479
986,115116,13,2032,922,484
987,115220,15,2033,922,484
988,115297,12,2034,923,484
989,115403,14,2039,928,483
990,115515,19,2044,933,481
991,115614,19,2040,935,475
992,115695,14,2049,944,471
993,115797,14,2051,945,474
994,115894,13,2053,947,472
995,115990,14,2051,950,464
996,116094,14,2055,945,474
997,116211,23,2058,951,470
998,116311,14,2059,950,471
999,116407,26,2066,950,483
1000,116595,24,2069,953,483
1001,116737,27,2070,948,488
1002,116889,38,2078,948,488
1003,117191,21,2090,947,508
1004,117285,15,2096,949,511
1005,117405,18,2102,954,510
1006,117518,18,2121,968,510
1007,117606,16,2125,968,513
1008,117692,17,2138,974,513
1009,117783,14,2145,980,512
1010,117872,15,2158,993,511
1011,117953,16,2158,993,511
1012,118041,17,2165,1001,511
1013,118163,19,2169,1004,514
1014,118281,21,2173,1007,515
1015,118396,15,2192,1025,516
1016,118499,19,2196,1025,517
1017,118610,16,2204,1032,517
1018,118716,17,2211,1031,520
1019,118825,18,2217,1034,521
1020,119121,16,2229,1043,525
1021,119225,15,2231,1045,525
1022,119377,21,2236,1047,529
1023,119494,19,2255,1056,536
1024,119591,16,2264,1064,538
1025,119701,18,2272,1067,544
1026,119796,15,2275,1070,542
1027,119884,18,2276,1071,542
1028,119992,18,2276,1057,560
1029,120141,17,2277,1025,597
1030,120246,15,2292,1009,646
1031,120356,16,2293,985,676
1032,120462,17,2305,990,686
1033,120585,18,2308,975,717
1034,120703,18,2320,987,716
1035,122595,1798,2327,966,751
1036,122741,15,2332,780,1036
1037,122854,17,2339,765,1069
1038,122956,19,2353,768,1086
1039,123073,22,2364,774,1094
1040,123166,19,2371,780,1093
1041,123325,20,2383,783,1103
1042,123421,16,2383,774,1112
1043,123540,20,2395,786,1112
1044,123662,20,2397,778,1132
1045,123785,16,2399,759,1151
1046,123904,19,2398,752,1158
1047,124018,18,2407,760,1164
1048,124130,20,2433,784,1160
1049,124227,17,2437,786,1169
1050,124342,17,2440,779,1178
1051,124490,60,2446,784,1179
1052,124595,16,2448,777,1185
1053,124704,17,2448,780,1175
1054,124831,21,2453,773,1195
1055,124941,16,2461,777,1199
1056,125042,19,2469,776,1208
1057,125157,18,2474,781,1211
1058,125265,17,2489,785,1224
1059,125362,18,2493,788,1224
1060,125472,20,2496,788,1231
1061,125567,18,2509,793,1242
1062,125662,18,2511,775,1264
1063,125768,17,2513,777,1261
1064,125885,20,2518,768,1281
1065,125989,16,2539,777,1286
1066,126181,73,2542,777,1286
1067,126272,17,2547,772,1302
1068,126386,19,2553,775,1311
1069,126488,17,2561,772,1327
1070,126594,18,2570,767,1339
1071,126690,17,2568,769,1333
1072,126787,17,2575,772,1335
1073,126879,17,2583,763,1364
1074,126972,18,2586,767,1361
1075,127091,28,2592,772,1361
1076,127195,17,2598,776,1363
1077,127315,18,2606,775,1378
1078,127441,24,2615,775,1387
1079,127551,17,2622,773,1397
1080,127663,17,2631,778,1407
1081,127764,18,2645,788,1414
1082,127947,16,2644,788,1413
1083,128043,17,2654,794,1413
1084,128137,18,2665,806,1412
1085,128228,20,2671,813,1414
1086,128326,21,2677,813,1421
1087,128443,22,2683,810,1434
1088,128546,18,2685,812,1433
1089,128637,20,2696,811,1445
1090,128721,18,2689,813,1437
1091,128819,18,2701,822,1442
1092,128921,18,2711,825,1453
1093,129014,20,2724,838,1453
1094,129128,19,2726,838,1456
1095,129225,19,2733,846,1454
1096,129321,18,2739,851,1452
1097,129413,19,2747,855,1454
1098,129612,19,2748,857,1454
1099,129734,22,2758,865,1457
1100,129845,19,2760,859,1471
1101,129937,18,2764,861,1472
1102,130046,20,2777,867,1474
1103,130143,19,2779,868,1475
1104,130242,19,2782,870,1479
1105,130367,24,2795,883,1476
1106,130494,26,2800,888,1476
1107,130593,19,2802,891,1475
1108,130697,18,2813,903,1474
1109,130789,18,2820,909,1474
1110,130910,20,2822,911,1474
1111,131014,20,2824,913,1474
1112,131109,22,2823,913,1473
1113,131245,67,2834,926,1468
1114,131341,19,2835,927,1468
1115,131454,19,2838,930,1468
1116,131559,18,2843,935,1468
1117,131676,22,2842,938,1464
1118,131760,19,2853,950,1461
1119,131848,19,2856,956,1458
1120,131955,23,2856,960,1454
1121,132091,28,2856,962,1449
1122,132219,20,2863,970,1445
1123,132320,22,2866,973,1445
1124,132443,24,2867,970,1447
1125,132551,21,2883,986,1447
1126,132669,24,2896,999,1447
1127,132771,19,2898,997,1455
1128,132880,23,2913,1002,1459
1129,133072,103,2932,1019,1460
1130,133176,22,2950,1025,1467
1131,133317,32,2949,1000,1487
1132,133465,22,2962,999,1499
1133,133629,21,2960,997,1502
1134,133731,22,2960,989,1505
1135,133833,27,2963,987,1510
1136,133967,29,2966,971,1528
1137,134062,20,2970,960,1534
1138,134166,24,2970,956,1533
1139,134257,21,2985,962,1534
1140,134357,20,2995,966,1534
1141,134489,20,2998,954,1545
1142,134602,23,3013,955,1550
1143,134726,26,3013,950,1554
1144,134829,21,3022,945,1566
1145,135018,25,3026,931,1579
1146,135115,22,3032,934,1581
1147,135199,20,3034,925,1595
1148,135291,22,3037,914,1605
1149,135404,21,3037,911,1604
1150,135517,22,3037,903,1611
1151,135613,23,3037,895,1621
1152,135719,21,3042,894,1621
1153,135825,26,3042,889,1629
1154,135937,25,3044,886,1634
1155,136035,21,3054,880,1650
1156,136133,21,3059,881,1653
1157,136232,22,3064,889,1651
1158,136337,21,3060,884,1653
1159,136427,23,3072,890,1651
1160,136527,21,3076,891,1652
1161,136685,80,3090,900,1660
1162,136793,19,3087,896,1658
1163,136892,20,3089,883,1677
1164,136982,20,3088,878,1686
1165,137092,21,3097,889,1684
1166,137200,21,3096,887,1691
1167,137292,22,3094,888,1691
1168,137407,21,3095,887,1692
1169,137501,21,3099,891,1686
1170,137588,20,3101,888,1689
1171,137690,21,3106,885,1700
1172,137780,21,3114,891,1703
1173,137877,20,3114,888,1705
1174,137980,22,3110,888,1701
1175,138078,22,3125,899,1697
1176,138188,28,3126,896,1706
1177,138353,23,3134,901,1703
1178,138461,22,3143,907,1703
1179,138541,23,3159,917,1707
1180,138648,22,3158,910,1717
1181,138751,21,3173,921,1709
1182,138845,22,3183,931,1706
1183,138949,22,3195,940,1709
1184,139051,20,3207,948,1711
1185,139163,21,3201,943,1706
1186,139259,21,3205,947,1704
1187,139342,23,3210,946,1707
1188,139453,27,3212,938,1720
1189,139587,28,3212,921,1733
1190,139670,22,3216,909,1736
1191,139780,22,3218,902,1741
1192,139888,23,3220,908,1735
1193,140007,23,3218,899,1738
1194,140162,22,3218,899,1737
1195,140253,22,3221,898,1744
1196,140362,22,3223,897,1744
1197,140488,21,3232,907,1743
1198,140595,24,3230,907,1743
1199,140697,23,3234,908,1748
1200,140817,21,3238,908,1751
1201,140898,21,3239,906,1749
1202,140993,22,3245,903,1757
1203,141080,21,3248,891,1762
1204,141181,22,3250,892,1761
1205,141300,25,3253,890,1766
1206,141402,22,3276,907,1766
1207,141505,23,3286,911,1771
1208,141620,23,3289,913,1770
1209,141726,22,3304,925,1782
1210,141909,82,3307,927,1778
1211,142026,23,3305,919,1782
1212,142120,22,3305,912,1790
1213,142222,23,3310,914,1794
1214,142301,23,3319,916,1795
1215,142408,25,3319,910,1803
1216,142499,23,3322,907,1806
1217,142593,23,3324,908,1806
1218,142706,23,3323,908,1802
1219,142795,27,3317,908,1796
1220,142895,22,3329,917,1795
1221,143001,24,3329,917,1795
1222,143104,23,3327,917,1793
1223,143218,24,3338,926,1796
1224,143319,23,3347,934,1797
1225,143432,26,3358,940,1793
1226,143527,23,3365,943,1796
1227,143722,110,3371,948,1795
1228,143823,23,3371,942,1806
1229,143917,22,3386,956,1804
1230,144018,22,3386,953,1806
1231,144118,22,3403,960,1803
1232,144217,22,3395,957,1799
1233,144318,23,3398,957,1798
1234,144437,25,3400,958,1797
1235,144561,23,3409,960,1812
1236,144667,23,3412,964,1806
1237,144762,23,3425,973,1805
1238,144858,23,3425,974,1804
1239,144960,22,3426,973,1804
1240,145053,22,3434,983,1801
1241,145165,22,3436,980,1811
1242,145259,23,3443,983,1806
1243,145347,24,3445,989,1806
1244,145443,26,3453,994,1808
1245,145646,24,3461,987,1824
1246,145746,25,3466,992,1822
1247,145846,24,3465,982,1830
1248,145943,23,3478,990,1830
1249,146036,23,3487,999,1822
1250,146136,25,3497,999,1829
1251,146236,24,3498,998,1826
1252,146334,26,3506,1003,1827
1253,146438,28,3515,1006,1816
1254,146529,25,3516,1007,1816
1255,146618,26,3534,1023,1816
1256,146726,25,3527,1017,1820
1257,146828,23,3525,1017,1817
1258,146938,24,3540,1030,1817
1259,147047,25,3547,1037,1816
1260,147156,27,3553,1041,1809
1261,147250,23,3556,1044,1804
1262,147335,23,3557,1043,1801
1263,147541,134,3557,1044,1798
1264,147638,23,3559,1046,1798
1265,147736,23,3562,1043,1801
1266,147847,24,3565,1045,1799
1267,147941,26,3579,1051,1804
1268,148026,24,3584,1056,1804
1269,148112,24,3590,1059,1811
1270,148215,24,3602,1070,1810
1271,148323,24,3609,1071,1818
1272,148426,28,3620,1080,1813
1273,148529,25,3634,1092,1811
1274,148633,26,3637,1092,1821
1275,148744,26,3650,1103,1818
1276,148843,25,3650,1099,1822
1277,148924,26,3647,1100,1813
1278,149035,24,3642,1101,1807
1279,149137,24,3649,1105,1805
1280,149248,27,3654,1110,1807
1281,149335,24,3681,1139,1801
1282,149523,25,3689,1142,1799
1283,149618,22,3691,1137,1803
1284,149714,24,3692,1136,1806
1285,149802,23,3693,1133,1808
1286,149903,27,3704,1140,1811
1287,150015,24,3707,1119,1832
1288,150132,25,3713,1116,1844
1289,150245,25,3726,1087,1905
1290,150369,26,3733,1050,1948
1291,150494,25,3734,1036,1975
1292,150629,26,3742,975,2052
1293,150745,25,3750,973,2061
1294,150860,26,3754,965,2081
1295,150974,25,3755,969,2072
1296,151089,29,3758,972,2069
1297,151196,28,3760,974,2068
1298,151308,24,3756,976,2062
1299,151518,120,3764,989,2052
1300,151631,24,3776,1003,2049
1301,151735,24,3789,1016,2047
1302,151856,26,3798,1027,2045
1303,151977,26,3797,1032,2038
1304,152079,26,3797,1035,2032
1305,152196,27,3798,1037,2028
1306,152287,25,3799,1038,2028
1307,152395,24,3806,1045,2022
1308,152516,27,3801,1047,2013
1309,152632,26,3810,1046,2024
1310,152744,29,3817,1029,2062
1311,152858,27,3827,1032,2082
1312,152971,26,3835,1022,2103
1313,153086,27,3835,1005,2130
1314,153187,29,3836,996,2142
1315,153302,26,3844,991,2156
1316,153535,151,3847,984,2163
1317,153651,25,3854,980,2182
1318,153777,29,3857,961,2206
1319,153884,25,3858,948,2220
1320,153992,25,3862,941,2228
1321,154082,25,3877,923,2271
1322,154197,26,3880,925,2273
1323,154317,26,3876,905,2293
1324,154430,29,3884,909,2296
1325,154541,27,3888,901,2304
1326,154662,26,3888,872,2341
1327,154790,27,3891,854,2366
1328,154891,27,3895,849,2374
1329,155012,28,3899,833,2410
1330,155123,26,3900,834,2404
1331,155207,25,3921,851,2400
1332,155333,38,3927,853,2405
1333,156973,1566,3928,833,2434
1334,157070,28,3937,765,2550
1335,157169,24,3940,758,2559
1336,157282,25,3939,752,2563
1337,157380,30,3945,748,2571
1338,157485,28,3956,747,2589
1339,157594,25,3956,723,2614
1340,157693,26,3955,715,2617
1341,157792,27,3959,710,2635
1342,157894,25,3978,726,2635
1343,157992,29,4000,730,2660
1344,158104,27,3998,726,2664
1345,158228,27,3994,705,2686
1346,158325,28,4000,701,2695
1347,158439,25,3998,699,2694
1348,158531,26,4001,694,2704
1349,158638,28,4002,694,2705
1350,158743,27,4009,701,2704
1351,158896,25,4013,692,2727
1352,159005,26,4026,689,2738
1353,159089,26,4026,688,2740
1354,159189,26,4036,697,2737
1355,159304,29,4041,701,2741
1356,159403,28,4056,712,2735
1357,159505,28,4055,711,2735
1358,159604,28,4053,709,2733
1359,159697,28,4057,704,2738
1360,159800,28,4066,701,2752
1361,159907,27,4078,709,2750
1362,160027,36,4080,702,2758
1363,160122,28,4082,701,2766
1364,160241,29,4085,700,2771
1365,160356,29,4090,695,2781
1366,160466,29,4087,696,2779
1367,160584,28,4083,687,2789
1368,160742,27,4076,676,2799
1369,160862,27,4076,652,2834
1370,160969,27,4074,650,2833
1371,161074,26,4077,647,2841
1372,161181,26,4072,648,2832
1373,161268,29,4079,654,2832
1374,161372,26,4097,670,2838
1375,161478,26,4099,666,2838
1376,161594,27,4101,669,2845
1377,161700,27,4103,666,2847
1378,161816,27,4102,662,2847
1379,161919,27,4101,657,2847
1380,162026,28,4100,658,2845
1381,162132,28,4103,661,2840
1382,162232,26,4098,659,2839
1383,162333,26,4111,671,2839
1384,162437,27,4113,668,2843
1385,162635,25,4123,673,2846
1386,162748,29,4129,671,2853
1387,162857,27,4130,667,2860
1388,162975,30,4134,667,2862
1389,163087,27,4147,680,2858
1390,163186,27,4159,691,2853
1391,163298,27,4154,680,2859
1392,163403,26,4150,679,2858
1393,163505,28,4150,683,2852
1394,163609,31,4157,678,2864
1395,163709,28,4166,682,2866
1396,163836,26,4167,673,2876
1397,163944,29,4163,674,2872
1398,164075,28,4163,671,2881
1399,164201,27,4161,673,2877
1400,164306,27,4173,685,2873
1401,164402,28,4174,678,2878
1402,164608,29,4174,677,2885
1403,164729,29,4161,669,2882
1404,164832,26,4165,670,2876
1405,164933,28,4171,667,2887
1406,165039,26,4179,675,2884
1407,165133,27,4185,680,2888
1408,165268,36,4190,682,2891
1409,165388,27,4190,667,2910
1410,165503,38,4191,669,2911
1411,165598,27,4200,676,2909
1412,165687,27,4207,678,2921
1413,165792,28,4203,672,2930
1414,165893,28,4203,664,2938
1415,166016,28,4204,664,2938
1416,166124,27,4206,670,2935
1417,166228,28,4208,672,2937
1418,166339,27,4211,656,2954
1419,166513,94,4218,661,2955
1420,166610,27,4219,652,2965
1421,166716,26,4228,655,2973
1422,166805,28,4236,664,2972
1423,166910,26,4232,664,2968
1424,167012,30,4245,670,2973
1425,167124,30,4246,669,2976
1426,167222,28,4248,656,2990
1427,167332,30,4249,655,2992
1428,167458,29,4250,660,2993
1429,167550,28,4250,657,3005
1430,167670,28,4253,659,3004
1431,167785,37,4264,663,3008
1432,167880,32,4275,661,3022
1433,167975,29,4272,659,3025
1434,168086,32,4280,667,3021
1435,168194,33,4282,671,3021
1436,168293,28,4281,672,3019
1437,168489,114,4279,672,3017
1438,168590,26,4298,692,3022
1439,168698,28,4306,700,3023
1440,168783,28,4303,699,3024
1441,168881,27,4301,697,3027
1442,168993,27,4304,695,3038
1443,169103,29,4313,701,3037
1444,169226,29,4320,702,3038
1445,169337,28,4328,704,3041
1446,169447,28,4336,709,3042
1447,169552,27,4350,721,3027
1448,169659,31,4363,730,3035
1449,169758,27,4362,728,3040
1450,169866,28,4367,730,3043
1451,169969,29,4368,725,3051
1452,170106,31,4368,724,3053
1453,170218,29,4368,727,3046
1454,170327,33,4373,731,3046
1455,170525,129,4379,733,3053
1456,170613,29,4384,736,3051
1457,170729,28,4388,731,3062
1458,170818,28,4393,737,3061
1459,170930,30,4393,738,3060
1460,171037,30,4391,737,3063
1461,171148,31,4402,746,3060
1462,171254,33,4406,750,3056
1463,171361,35,4412,751,3071
1464,171464,29,4417,758,3069
1465,171576,31,4427,766,3066
1466,171679,28,4426,765,3062
1467,171792,31,4427,765,3063
1468,171900,30,4426,766,3060
1469,172029,33,4430,765,3059
1470,172138,28,4432,764,3057
1471,172234,30,4430,767,3046
1472,172365,33,4440,769,3053
1473,172484,31,4447,772,3051
1474,172680,30,4460,782,3051
1475,172779,31,4462,784,3048
1476,172883,28,4469,789,3042
1477,172988,30,4464,785,3044
1478,173083,32,4472,789,3040
1479,173187,33,4473,788,3039
1480,173290,29,4476,780,3049
1481,173392,29,4477,778,3054
1482,173503,29,4478,775,3060
1483,173609,29,4488,783,3064
1484,173722,30,4485,784,3060
1485,173840,30,4483,777,3069
1486,173945,32,4488,782,3064
1487,174043,35,4499,791,3064
1488,174138,30,4498,790,3064
1489,174242,31,4505,799,3061
1490,174345,30,4515,807,3062
1491,174463,29,4519,814,3060
1492,174658,132,4520,807,3067
1493,174763,31,4531,814,3071
1494,174879,30,4530,809,3078
1495,174991,29,4530,809,3072
1496,175108,32,4537,812,3079
1497,175217,32,4546,821,3078
1498,175325,30,4546,820,3085
1499,175435,30,4549,821,3082
1500,175546,29,4550,820,3082
1501,175658,34,4558,828,3079
1502,175775,31,4555,825,3081
1503,175887,29,4561,829,3081
1504,175993,29,4562,832,3077
1505,176091,33,4563,832,3078
1506,176198,30,4574,841,3076
1507,176325,30,4588,856,3072
1508,176423,36,4610,875,3069
1509,176530,33,4621,885,3069
1510,176636,33,4642,904,3068
1511,176817,105,4646,898,3074
1512,176929,33,4643,899,3067
1513,177028,32,4653,904,3068
1514,177128,31,4654,906,3066
1515,177242,32,4659,911,3060
1516,177363,32,4661,910,3059
1517,177478,29,4663,908,3064
1518,177569,30,4666,911,3062
1519,177681,32,4680,923,3065
1520,177781,36,4680,923,3065
1521,177886,32,4687,926,3066
1522,177995,30,4688,924,3069
1523,178105,34,4690,925,3072
1524,178213,31,4687,924,3072
1525,178313,34,4689,919,3078
1526,178425,32,4693,920,3075
1527,178554,31,4694,918,3077
1528,178663,32,4700,914,3083
1529,178768,36,4728,942,3071
1530,178966,30,4738,949,3071
1531,179080,31,4743,951,3063
1532,179191,32,4749,955,3064
1533,179295,30,4761,962,3063
1534,179404,33,4777,976,3062
1535,179500,35,4786,982,3064
1536,179605,32,4798,993,3068
1537,179711,31,4795,995,3060
1538,179825,31,4795,991,3074
1539,179950,32,4797,991,3067
1540,180086,36,4786,956,3116
1541,180205,31,4792,943,3136
1542,180333,30,4797,932,3149
1543,180451,34,4808,933,3163
1544,180572,34,4806,905,3200
1545,180688,34,4801,896,3211
1546,180808,31,4804,859,3269
1547,180921,31,4801,836,3301
1548,181068,32,4804,840,3292
1549,181247,31,4826,843,3306
1550,181372,32,4831,844,3307
1551,181496,34,4842,845,3315
1552,181605,32,4846,837,3327
1553,181710,33,4852,824,3350
1554,181834,31,4865,820,3374
1555,181943,33,4884,830,3389
1556,182063,34,4886,825,3394
1557,182193,33,4880,805,3415
1558,182316,34,4881,791,3435
1559,182428,31,4884,780,3450
1560,182547,33,4890,780,3447
1561,182665,32,4896,751,3491
1562,182791,33,4899,760,3485
1563,182906,33,4899,727,3526
1564,183025,35,4904,729,3532
1565,183134,33,4913,738,3527
1566,183257,34,4912,711,3560
1567,183465,121,4915,701,3574
1568,183568,33,4925,711,3565
1569,183679,34,4933,715,3564
1570,183795,34,4932,714,3574
1571,183912,33,4932,691,3604
1572,184033,37,4934,670,3626
1573,184161,32,4942,678,3627
1574,184278,32,4948,679,3632
1575,184391,36,4951,667,3662
1576,184525,34,4950,651,3680
1577,184637,30,4950,648,3686
1578,184772,35,4957,638,3711
1579,184875,35,4987,667,3709
1580,184989,32,4987,660,3713
1581,185118,40,4986,651,3725
1582,185237,32,4991,656,3725
1583,185346,35,4993,648,3746
1584,185465,35,4997,651,3745
1585,185571,33,4998,652,3745
1586,185791,133,4997,652,3744
1587,185902,33,5015,670,3744
1588,186019,35,5019,677,3734
1589,186139,35,5016,678,3728
1590,186265,33,5011,679,3720
1591,186381,32,5014,682,3713
1592,186483,34,5014,684,3709
1593,186597,35,5019,689,3709
1594,186704,35,5025,696,3708
1595,186824,33,5022,697,3703
1596,186944,33,5025,700,3699
1597,187047,38,5034,707,3696
1598,187191,35,5043,704,3705
1599,187310,33,5050,707,3700
1600,187426,36,5049,704,3707
1601,187531,36,5047,703,3709
1602,187631,33,5046,696,3718
1603,187744,35,5054,679,3759
1604,187850,34,5069,685,3765
1605,188061,128,5067,677,3774
1606,188173,34,5078,688,3762
1607,188306,34,5077,661,3799
1608,188429,36,5086,658,3818
1609,188547,32,5087,659,3819
1610,188661,34,5087,655,3827
1611,188778,36,5090,657,3825
1612,188895,37,5090,650,3833
1613,189013,38,5101,652,3841
1614,189131,37,5104,655,3838
1615,189242,35,5102,655,3836
1616,189357,38,5107,649,3844
1617,189465,35,5113,652,3852
1618,189590,36,5119,656,3852
1619,189706,42,5118,655,3855
1620,189822,33,5120,654,3860
1621,189924,35,5128,660,3857
1622,190042,41,5133,659,3867
1623,190145,36,5142,666,3863
1624,191705,1487,5142,660,3885
1625,191818,33,5139,589,3985
1626,191950,35,5149,597,3988
1627,192072,34,5153,600,3989
1628,192204,47,5155,603,3987
1629,192321,35,5169,617,3976
1630,192439,38,5169,607,3989
1631,192553,36,5165,607,3985
1632,192662,34,5165,604,3991
1633,192761,33,5170,609,3984
1634,192881,37,5174,609,3985
1635,192981,35,5181,617,3987
1636,193084,34,5184,606,4004
1637,193199,33,5177,606,3997
1638,193321,37,5169,603,3988
1639,193410,33,5175,608,3986
1640,193513,33,5177,610,3986
1641,193644,34,5175,610,3987
1642,193756,35,5179,614,3986
1643,193911,73,5193,632,3976
1644,194029,33,5191,628,3984
1645,194148,37,5195,622,3993
1646,194271,33,5198,621,4004
1647,194421,37,5193,621,4002
1648,194571,40,5196,624,3998
1649,194681,32,5196,625,3996
1650,194775,31,5197,624,3996
1651,194896,37,5199,618,4010
1652,195002,33,5200,616,4026
1653,195104,34,5208,624,4021
1654,195220,37,5213,630,4014
1655,195355,37,5213,620,4026
1656,195475,37,5213,618,4030
1657,195591,33,5216,621,4030
1658,195708,36,5225,632,4024
1659,195806,34,5235,640,4012
1660,195922,33,5236,639,4020
1661,196031,35,5240,641,4020
1662,196185,86,5241,630,4037
1663,196301,31,5247,636,4045
1664,196413,32,5247,628,4049
1665,196542,33,5247,630,4045
1666,196652,35,5263,642,4033
1667,196777,37,5271,643,4039
1668,196895,34,5276,646,4040
1669,197002,33,5288,652,4047
1670,197114,34,5292,654,4054
1671,197231,38,5292,654,4055
1672,197336,34,5291,652,4058
1673,197458,36,5301,659,4064
1674,197562,39,5305,661,4065
1675,197675,36,5302,661,4062
1676,197807,37,5302,658,4061
1677,197922,32,5302,658,4061
1678,198035,38,5303,652,4064
1679,198150,39,5306,649,4072
1680,198260,35,5306,647,4072
1681,198464,118,5314,649,4081
1682,198555,35,5322,651,4076
1683,198677,36,5326,654,4076
1684,198785,34,5337,665,4069
1685,198905,37,5336,666,4065
1686,199029,35,5341,667,4065
1687,199143,39,5341,664,4068
1688,199258,32,5353,675,4061
1689,199379,38,5349,673,4061
1690,199486,38,5352,666,4086
1691,199593,35,5361,670,4093
1692,199706,37,5364,671,4094
1693,199829,37,5364,666,4100
1694,199935,34,5368,673,4092
1695,200051,38,5368,671,4096
1696,200181,45,5367,672,4092
1697,201023,18,1373,658,116
1698,201121,9,1381,652,124
1699,201201,9,1392,663,124
1700,201306,18,1397,664,126
1701,201411,10,1407,665,126
1702,201509,10,1412,660,135
1703,201606,11,1419,661,135
1704,201718,10,1422,653,149
1705,201816,9,1435,664,149
1706,201907,11,1435,663,152
1707,202012,9,1442,666,152
1708,202106,10,1442,663,154
1709,202194,10,1451,661,165
1710,202280,10,1452,656,172
1711,202378,10,1454,657,172
1712,202475,10,1456,653,184
1713,202554,11,1459,655,184
1714,202641,10,1466,658,183
1715,202744,10,1468,650,199
1716,202834,10,1468,647,199
1717,202909,11,1483,655,202
1718,202996,10,1495,646,221
1719,203081,11,1510,658,221
1720,203170,12,1524,669,221
1721,203281,11,1525,670,221
1722,203363,11,1539,677,221
1723,203438,11,1547,681,221
1724,203534,11,1554,687,221
1725,203627,12,1576,704,221
1726,203735,11,1586,710,228
1727,203960,14,1596,710,233
1728,204042,11,1604,715,233
1729,204111,10,1608,718,233
1730,204186,11,1627,732,235
1731,204275,11,1632,735,235
1732,204370,11,1636,737,240
1733,204452,12,1636,737,240
1734,204546,12,1638,736,242
1735,204642,11,1645,745,240
1736,204739,11,1656,753,240
1737,204834,11,1661,758,237
1738,204914,12,1665,761,237
1739,205014,12,1667,760,241
1740,205112,12,1676,766,245
1741,205200,11,1678,767,247
1742,205280,12,1692,775,260
1743,205376,12,1704,777,263
1744,205453,12,1716,786,266
1745,205540,12,1720,788,269
1746,205613,12,1723,788,271
1747,205714,12,1740,800,272
1748,205829,12,1748,803,274
1749,205913,13,1748,801,276
1750,206000,12,1757,808,279
1751,206086,13,1778,826,279
1752,206180,12,1801,847,283
1753,206268,14,1807,849,290
1754,206353,13,1826,862,294
1755,206439,14,1837,870,294
1756,206637,15,1842,869,302
1757,206712,13,1856,873,311
1758,206794,12,1871,884,311
1759,206881,14,1877,885,312
1760,206976,13,1886,894,312
1761,207069,12,1886,891,317
1762,207148,12,1904,901,320
1763,207231,13,1905,897,334
1764,207311,13,1911,894,346
1765,207393,12,1913,898,342
1766,207496,13,1917,902,340
1767,207604,14,1930,912,339
1768,207695,15,1946,922,348
1769,207780,14,1949,922,355
1770,207876,13,1957,933,348
1771,207966,14,1959,935,348
1772,208064,13,1974,948,348
1773,208158,13,1979,948,350
1774,208256,13,1977,948,346
1775,208347,14,1978,948,348
1776,208442,14,1983,948,347
1777,208546,13,1987,948,348
1778,208642,14,1995,954,350
1779,208746,15,2004,963,350
1780,208837,15,2012,970,349
1781,208944,15,2038,986,349
1782,209030,15,2048,992,357
1783,209120,16,2053,996,355
1784,209340,13,2073,1008,368
1785,209421,14,2106,1035,371
1786,209496,13,2110,1036,371
1787,209586,15,2115,1038,374
1788,209686,14,2125,1044,374
1789,209775,13,2129,1048,374
1790,209865,15,2138,1058,373
1791,209984,29,2143,1060,374
1792,210112,14,2148,1039,409
1793,210237,15,2153,1003,467
1794,210364,15,2156,971,524
1795,210466,17,2177,962,568
1796,210576,14,2191,951,601
1797,210685,16,2200,925,643
1798,210798,16,2212,925,657
1799,210896,16,2215,914,674
1800,211010,15,2217,890,708
1801,211124,16,2234,898,717
1802,211244,16,2237,899,723
1803,211335,15,2257,886,762
1804,211419,15,2259,888,762
1805,211515,15,2274,901,767
1806,211613,15,2277,883,792
1807,211752,16,2288,879,806
1808,211858,16,2293,876,817
1809,212091,15,2302,861,838
1810,212179,14,2304,844,863
1811,212308,26,2302,827,889
1812,212431,19,2305,797,935
1813,212522,15,2320,801,947
1814,212604,15,2324,802,950
1815,212699,22,2335,803,960
1816,212799,16,2342,800,977
1817,212895,15,2345,794,988
1818,213002,17,2369,807,1003
1819,213108,19,2376,813,1003
1820,213210,17,2378,813,1008
1821,213325,16,2395,826,1012
1822,213451,16,2402,833,1011
1823,213579,16,2423,853,1008
1824,213664,17,2429,857,1009
1825,213779,16,2436,847,1032
1826,213888,19,2439,843,1038
1827,213990,17,2444,836,1051
1828,214085,16,2462,841,1072
1829,214193,17,2463,837,1075
1830,214320,34,2464,838,1078
1831,214422,17,2471,836,1090
1832,214513,17,2474,817,1117
1833,214809,16,2481,806,1153
1834,214917,18,2493,818,1152
1835,215028,16,2505,828,1159
1836,215122,16,2522,842,1158
1837,215227,19,2522,842,1155
1838,215334,20,2532,833,1178
1839,215428,16,2543,839,1182
1840,215528,16,2548,844,1182
1841,215608,19,2558,852,1181
1842,215707,17,2558,841,1191
1843,215814,17,2567,847,1191
1844,215907,17,2575,852,1189
1845,215993,17,2585,861,1191
1846,216099,16,2594,864,1196
1847,216193,17,2593,864,1191
1848,216302,19,2600,870,1189
1849,216394,20,2604,874,1188
1850,216478,18,2614,879,1190
1851,216594,22,2617,865,1205
1852,216691,22,2629,876,1202
1853,216807,18,2628,875,1205
1854,217043,16,2630,876,1205
1855,217149,22,2645,881,1215
1856,217239,17,2642,875,1222
1857,217342,17,2654,869,1254
1858,217424,18,2661,874,1253
1859,217532,18,2667,874,1269
1860,217636,19,2669,877,1266
1861,217740,17,2676,873,1283
1862,217834,18,2683,880,1282
1863,217951,18,2687,881,1282
1864,218049,22,2692,886,1282
1865,218156,18,2707,896,1286
1866,218258,18,2712,896,1289
1867,218365,19,2717,901,1289
1868,218460,22,2743,924,1291
1869,218577,17,2748,917,1311
1870,218692,21,2757,907,1335
1871,218795,19,2761,908,1340
1872,218894,20,2777,919,1344
1873,219007,20,2777,917,1346
1874,219251,169,2776,919,1337
1875,219327,17,2779,909,1361
1876,219426,18,2781,906,1370
1877,219549,23,2781,901,1379
1878,219651,18,2784,906,1377
1879,219757,21,2787,903,1383
1880,219856,19,2790,901,1389
1881,219958,19,2791,902,1389
1882,220068,21,2797,907,1389
1883,220161,24,2801,910,1391
1884,220266,21,2802,900,1403
1885,220362,24,2810,910,1400
1886,220472,20,2823,923,1399
1887,220578,20,2824,925,1397
1888,220674,19,2831,932,1396
1889,220801,20,2842,942,1394
1890,220893,19,2845,944,1393
1891,220997,20,2853,951,1392
1892,221097,20,2863,961,1390
1893,221195,21,2880,980,1388
1894,222766,1509,2880,930,1467
1895,222880,20,2887,934,1467
1896,222968,19,2896,944,1464
1897,223056,19,2898,948,1462
1898,223163,21,2899,951,1460
1899,223275,20,2901,947,1470
1900,223362,21,2903,949,1468
1901,223446,19,2906,953,1470
1902,223566,20,2907,951,1474
1903,223669,21,2913,938,1494
1904,223771,20,2917,941,1493
1905,223877,24,2922,944,1497
1906,223976,20,2930,941,1509
1907,224080,22,2932,929,1523
1908,224176,23,2935,931,1520
1909,224284,21,2943,940,1520
1910,224384,21,2948,941,1522
1911,224496,21,2950,942,1524
1912,224592,19,2954,941,1523
1913,224681,21,2968,951,1525
1914,224833,19,2970,949,1527
1915,224940,20,2972,935,1547
1916,225048,20,2979,940,1550
1917,225172,19,2980,937,1555
1918,225293,20,2983,937,1557
1919,225393,20,3003,952,1566
1920,225497,20,3010,959,1566
1921,225593,20,3015,961,1567
1922,225702,22,3024,969,1568
1923,225802,21,3025,973,1565
1924,225899,22,3038,986,1559
1925,226006,24,3039,989,1557
1926,226100,23,3045,998,1549
1927,226210,21,3044,998,1549
1928,226315,25,3044,998,1549
1929,226430,21,3047,996,1556
1930,226513,22,3062,1008,1555
1931,226624,20,3064,999,1566
1932,226740,23,3074,1009,1565
1933,226918,22,3076,1008,1568
1934,227029,20,3080,1012,1568
1935,227135,21,3081,1013,1568
1936,227264,20,3087,1018,1568
1937,227359,19,3090,1017,1576
1938,227482,21,3089,1018,1572
1939,227575,25,3099,1024,1572
1940,227680,22,3104,1028,1569
1941,227779,21,3116,1039,1571
1942,227887,21,3125,1047,1571
1943,227976,21,3127,1047,1578
1944,228088,20,3138,1055,1589
1945,228192,20,3144,1058,1591
1946,228288,20,3152,1065,1591
1947,228386,21,3161,1064,1601
1948,228474,21,3167,1070,1600
1949,228576,21,3193,1095,1596
1950,228667,21,3199,1098,1597
1951,228846,94,3204,1101,1596
1952,228950,21,3204,1100,1597
1953,229047,22,3208,1095,1608
1954,229154,24,3210,1094,1611
1955,229249,21,3215,1096,1616
1956,229348,20,3223,1102,1624
1957,229433,22,3224,1102,1626
1958,229544,21,3239,1115,1627
1959,229634,21,3264,1142,1627
1960,229738,20,3268,1146,1627
1961,229824,20,3281,1153,1622
1962,229926,22,3291,1163,1618
1963,230035,22,3300,1170,1619
1964,230133,22,3308,1172,1631
1965,230244,26,3306,1172,1631
1966,230350,22,3313,1181,1629
1967,230439,22,3315,1185,1623
1968,230539,22,3321,1191,1623
1969,230654,25,3322,1195,1619
1970,230845,105,3338,1211,1619
1971,230955,26,3349,1224,1615
1972,231053,22,3352,1221,1613
1973,231163,22,3365,1218,1629
1974,231309,21,3365,1201,1642
1975,231424,21,3361,1187,1646
1976,231505,22,3378,1197,1650
1977,231600,22,3378,1190,1652
1978,231676,21,3379,1191,1652
1979,231771,22,3385,1184,1660
1980,231869,23,3384,1176,1656
1981,231966,23,3405,1189,1661
1982,232058,23,3418,1176,1683
1983,232168,25,3420,1151,1707
1984,232264,22,3420,1147,1712
1985,232368,24,3421,1141,1716
1986,232475,22,3430,1144,1724
1987,232587,23,3442,1152,1725
1988,232675,23,3444,1146,1734
1989,232878,22,3446,1130,1738
1990,232974,26,3450,1127,1742
1991,233080,23,3449,1123,1740
1992,233169,22,3451,1108,1765
1993,233259,21,3461,1101,1774
1994,233346,22,3458,1091,1774
1995,233435,24,3468,1098,1782
1996,233533,22,3474,1098,1781
1997,233656,28,3472,1097,1776
1998,233767,23,3487,1111,1769
1999,233882,22,3493,1115,1765
2000,233973,22,3496,1112,1774
2001,234086,22,3499,1110,1777
2002,234183,24,3500,1102,1776
2003,234286,25,3501,1096,1779
2004,234382,23,3503,1093,1774
2005,234484,23,3519,1092,1793
2006,234589,23,3525,1101,1791
2007,234696,25,3525,1098,1794
2008,234868,26,3524,1089,1794
2009,234963,23,3524,1089,1794
2010,235063,26,3534,1089,1805
2011,235165,27,3537,1093,1803
2012,235257,23,3538,1094,1803
2013,235360,23,3533,1084,1810
2014,235467,23,3534,1080,1818
2015,235571,23,3535,1074,1829
2016,235681,23,3539,1075,1833
2017,235783,24,3545,1073,1837
2018,235887,24,3544,1065,1838
2019,235990,23,3542,1056,1845
2020,236110,22,3549,1064,1842
2021,236198,23,3549,1057,1848
2022,236292,24,3556,1065,1849
2023,236401,24,3568,1075,1849
2024,236475,24,3570,1076,1855
2025,236577,26,3576,1081,1852
2026,236769,114,3586,1083,1854
2027,236870,24,3587,1082,1853
2028,236968,23,3591,1080,1861
2029,237068,23,3592,1068,1864
2030,237165,23,3604,1074,1873
2031,237278,23,3613,1078,1870
2032,237395,24,3619,1070,1882
2033,237505,25,3624,1069,1893
2034,237603,26,3622,1067,1894
2035,237706,23,3642,1086,1885
2036,237826,26,3643,1083,1886
2037,237933,25,3648,1085,1885
2038,238019,24,3650,1085,1885
2039,238126,23,3659,1090,1882
2040,238222,25,3667,1093,1887
2041,238317,25,3677,1097,1895
2042,238439,26,3674,1091,1898
2043,238545,25,3675,1083,1910
2044,238680,34,3677,1085,1908
2045,238891,23,3675,1079,1917
2046,239006,25,3676,1075,1921
2047,239092,23,3677,1075,1920
2048,239193,24,3687,1085,1920
2049,239292,23,3693,1093,1917
2050,239392,24,3694,1085,1920
2051,239496,24,3698,1092,1917
2052,239601,24,3699,1087,1923
2053,239716,25,3705,1090,1922
2054,239819,28,3702,1087,1924
2055,239919,25,3711,1091,1927
2056,240043,24,3710,1066,1952
2057,240164,25,3715,1054,1958
2058,240288,24,3718,1034,1988
2059,240407,25,3721,989,2044
2060,240516,25,3719,960,2076
2061,240618,25,3731,935,2114
2062,240726,24,3733,911,2141
2063,240846,24,3736,898,2158
2064,241027,28,3764,878,2229
2065,241154,27,3765,869,2236
2066,241271,25,3767,849,2260
2067,241384,26,3763,832,2275
2068,241497,27,3762,818,2289
2069,241611,24,3768,804,2314
2070,241715,24,3770,797,2325
2071,241810,26,3782,795,2340
2072,241908,25,3781,776,2361
2073,242021,26,3787,781,2360
2074,242140,24,3791,778,2369
2075,242247,25,3796,765,2394
2076,242367,27,3808,773,2410
2077,242477,24,3809,756,2434
2078,242605,25,3810,733,2455
2079,242724,25,3821,724,2469
2080,242844,26,3813,708,2479
2081,242945,25,3823,717,2473
2082,243063,26,3829,705,2488
2083,243262,26,3831,682,2522
2084,243370,25,3845,691,2518
2085,243477,28,3851,684,2532
2086,243580,24,3854,649,2579
2087,243694,26,3859,647,2588
2088,243805,24,3860,650,2588
2089,243919,25,3868,649,2598
2090,244025,26,3878,654,2607
2091,244133,29,3874,653,2607
2092,244233,28,3878,652,2613
2093,244333,25,3884,654,2617
2094,244442,27,3888,652,2619
2095,244553,26,3893,650,2632
2096,244668,26,3905,661,2631
2097,244761,26,3903,654,2637
2098,244887,28,3899,649,2646
2099,244983,27,3925,675,2645
2100,245079,31,3947,692,2647
2101,245279,118,3945,683,2664
2102,245393,27,3958,693,2665
2103,245517,26,3967,686,2683
2104,245621,26,3968,680,2692
2105,245725,26,3970,676,2701
2106,245841,28,3975,680,2698
2107,245942,27,3998,694,2702
2108,246039,28,4013,706,2699
2109,246150,26,4011,706,2698
2110,246258,26,4015,699,2718
2111,246345,26,4022,703,2714
2112,246452,26,4027,706,2713
2113,246558,28,4032,708,2713
2114,246653,27,4044,698,2748
2115,246766,28,4041,681,2757
2116,246874,27,4042,675,2770
2117,247012,35,4046,678,2765
2118,247110,27,4046,671,2766
2119,247228,27,4043,658,2790
2120,247426,117,4055,659,2800
2121,247538,27,4053,653,2807
2122,247633,27,4062,646,2826
2123,247744,24,4065,648,2832
2124,247851,26,4068,639,2849
2125,247955,26,4075,646,2848
2126,248050,26,4071,647,2842
2127,248161,27,4072,643,2848
2128,248270,27,4067,642,2850
2129,248384,28,4071,644,2849
2130,248494,27,4072,645,2847
2131,248612,32,4071,650,2844
2132,248711,27,4081,655,2845
2133,248813,26,4085,658,2844
2134,248918,28,4081,646,2854
2135,249023,26,4094,651,2855
2136,249133,26,4095,652,2853
2137,249248,26,4099,657,2848
2138,249370,33,4097,647,2855
2139,249578,114,4107,646,2866
2140,249685,26,4102,636,2877
2141,249780,30,4110,646,2865
2142,249887,27,4111,647,2859
2143,249989,27,4110,642,2863
2144,250091,26,4110,638,2870
2145,250201,27,4111,639,2870
2146,250322,31,4113,639,2875
2147,250438,27,4113,634,2884
2148,250540,26,4116,630,2896
2149,250646,27,4112,629,2895
2150,250757,26,4115,630,2900
2151,250870,27,4110,627,2899
2152,250977,29,4113,624,2909
2153,251077,27,4114,621,2913
2154,251179,28,4118,621,2912
2155,251284,29,4133,632,2912
2156,251391,27,4130,633,2908
2157,251484,27,4132,635,2902
2158,251582,27,4143,642,2897
2159,251765,124,4167,666,2892
2160,251885,33,4172,669,2891
2161,251993,29,4169,669,2888
2162,252111,26,4171,672,2886
2163,252205,28,4178,679,2886
2164,252305,30,4177,681,2883
2165,252404,31,4193,697,2878
2166,252518,27,4196,702,2874
2167,252640,30,4203,707,2867
2168,252757,29,4205,709,2867
2169,252859,28,4220,715,2878
2170,252965,28,4220,708,2886
2171,253089,27,4226,711,2885
2172,253229,32,4228,708,2893
2173,253351,30,4233,714,2890
2174,253460,28,4240,724,2891
2175,253579,27,4237,720,2893
2176,253685,28,4241,716,2901
2177,253758,28,4240,710,2911
2178,253964,125,4241,707,2917
2179,254067,26,4243,708,2917
2180,254178,31,4247,710,2916
2181,254316,33,4249,702,2930
2182,254431,27,4258,709,2928
2183,254549,28,4278,724,2929
2184,254670,28,4273,725,2921
2185,254791,29,4271,723,2926
2186,254915,30,4271,722,2928
2187,255041,33,4271,712,2950
2188,255161,29,4280,719,2951
2189,255283,32,4296,723,2958
2190,255396,28,4298,720,2970
2191,255527,29,4300,711,2987
2192,255639,27,4310,717,2986
2193,255731,31,4317,722,2985
2194,255823,29,4326,730,2985
2195,255931,33,4329,732,2984
2196,256041,29,4334,734,2985
2197,256138,30,4336,735,2985
2198,256304,33,4340,714,3011
2199,256401,30,4349,715,3020
2200,256527,33,4346,717,3012
2201,256647,38,4350,718,3012
2202,256758,30,4358,722,3014
2203,256863,30,4363,726,3013
2204,256979,29,4361,722,3018
2205,257097,32,4372,732,3017
2206,257207,34,4380,739,3015
2207,257323,34,4394,741,3022
2208,257439,30,4394,741,3024
2209,257571,32,4394,741,3024
2210,257687,32,4403,749,3023
2211,257783,32,4405,742,3030
2212,257889,31,4413,748,3031
2213,257994,30,4413,749,3027
2214,258098,31,4419,748,3030
2215,258204,30,4423,747,3037
2216,258297,30,4423,745,3040
2217,258486,125,4428,737,3050
2218,258587,29,4429,740,3051
2219,258695,30,4445,755,3042
2220,258804,35,4445,756,3040
2221,258902,30,4451,765,3035
2222,259007,29,4447,763,3035
2223,259117,30,4450,762,3038
2224,259235,33,4465,771,3037
2225,259337,31,4470,775,3040
2226,259461,30,4471,771,3037
2227,259545,31,4481,777,3040
2228,259647,34,4502,793,3040
2229,259767,32,4507,797,3041
2230,259884,34,4519,806,3037
2231,259995,36,4526,817,3032
2232,260123,32,4521,816,3029
2233,260229,42,4524,813,3029
2234,260348,31,4524,813,3030
2235,260461,33,4533,821,3031
2236,260583,30,4540,823,3040
2237,262086,30,4547,792,3112
2238,262187,30,4555,796,3120
2239,262303,32,4552,795,3117
2240,262418,32,4555,798,3116
2241,262521,32,4562,807,3110
2242,262622,31,4571,812,3112
2243,262742,31,4575,812,3119
2244,262847,32,4575,813,3114
2245,262970,32,4578,814,3117
2246,263087,31,4578,814,3111
2247,263207,30,4580,816,3111
2248,263326,31,4572,816,3103
2249,263447,32,4575,819,3099
2250,263554,31,4597,837,3091
2251,263666,31,4594,836,3088
2252,263758,29,4603,844,3096
2253,263865,31,4605,843,3103
2254,263977,34,4608,846,3100
2255,264087,30,4611,840,3118
2256,264242,77,4620,848,3118
2257,264357,39,4643,870,3115
2258,264482,30,4649,873,3109
2259,264593,34,4651,875,3106
2260,264691,33,4651,872,3112
2261,264790,34,4655,875,3113
2262,264886,31,4663,881,3104
2263,265003,31,4662,883,3100
2264,265117,33,4670,889,3098
2265,265233,32,4672,884,3110
2266,265342,33,4681,891,3110
2267,265449,33,4677,889,3109
2268,265560,33,4676,887,3113
2269,265687,33,4676,883,3119
2270,265795,36,4675,881,3122
2271,265907,36,4680,881,3131
2272,266026,35,4679,879,3125
2273,266153,36,4676,875,3128
2274,266266,38,4681,877,3119
2275,266364,32,4687,882,3120
2276,266532,95,4692,892,3111
2277,266651,35,4711,907,3112
2278,266767,41,4729,926,3111
2279,266875,39,4729,926,3111
2280,266978,32,4731,924,3111
2281,267084,31,4726,923,3106
2282,267190,31,4729,927,3104
2283,267300,32,4739,938,3103
2284,267427,32,4745,945,3096
2285,267548,36,4743,942,3096
2286,267657,33,4755,949,3099
2287,267761,32,4757,943,3109
2288,267867,35,4763,944,3106
2289,267992,37,4766,945,3106
2290,268089,32,4773,950,3108
2291,268198,35,4781,956,3108
2292,268324,32,4783,955,3105
2293,268431,34,4780,955,3102
2294,268537,38,4780,954,3105
2295,268655,35,4790,965,3103
2296,268858,30,4795,963,3107
2297,268949,31,4796,961,3106
2298,269053,31,4791,960,3102
2299,269161,40,4797,964,3107
2300,269277,34,4796,962,3115
2301,269386,33,4796,955,3115
2302,269489,33,4793,954,3116
2303,269572,30,4787,952,3118
2304,269662,32,4793,957,3115
2305,269767,33,4796,960,3113
2306,269874,34,4809,971,3114
2307,269987,34,4820,967,3138
2308,270119,33,4815,950,3160
2309,270253,35,4821,935,3182
2310,270377,34,4831,914,3218
2311,270497,31,4835,893,3245
2312,270616,33,4848,887,3279
2313,270729,33,4869,879,3311
2314,270846,32,4880,858,3350
2315,271051,121,4877,849,3357
2316,271175,32,4878,820,3400
2317,271300,31,4882,812,3409
2318,271416,31,4883,813,3407
2319,271541,30,4884,794,3438
2320,271664,32,4887,796,3437
2321,271785,31,4885,799,3429
2322,271906,32,4894,786,3460
2323,272033,35,4897,758,3491
2324,272155,32,4894,758,3486
2325,272261,33,4892,739,3509
2326,272393,35,4890,714,3550
2327,272540,48,4890,707,3570
2328,272661,30,4899,712,3573
2329,272780,32,4909,713,3587
2330,272917,32,4907,703,3602
2331,273041,33,4903,695,3611
2332,273152,35,4921,711,3608
2333,273266,32,4922,702,3614
2334,273505,151,4928,689,3637
2335,273634,38,4929,680,3654
2336,273751,32,4928,673,3657
2337,273868,31,4935,673,3664
2338,273986,32,4936,675,3662
2339,274100,31,4935,673,3668
2340,274228,32,4939,675,3670
2341,274334,34,4944,679,3670
2342,274451,32,4948,657,3703
2343,274575,35,4945,647,3711
2344,274667,30,4949,637,3732
2345,274786,33,4950,630,3739
2346,274896,33,4946,623,3745
2347,275017,36,4943,623,3739
2348,275154,33,4948,630,3734
2349,275281,36,4948,634,3722
2350,275391,33,4948,610,3748
2351,275499,33,4952,610,3755
2352,275730,157,4954,603,3767
2353,275831,32,4967,608,3772
2354,275928,32,4972,610,3774
2355,276059,35,4962,606,3767
2356,276173,31,4963,589,3789
2357,276301,40,4963,564,3826
2358,276433,37,4968,568,3824
2359,276552,32,4974,576,3815
2360,276663,32,4971,575,3816
2361,276783,31,4968,548,3849
2362,276899,33,4970,550,3849
2363,277016,31,4969,540,3868
2364,277130,32,4976,537,3885
2365,277250,36,4970,534,3884
2366,277371,33,4973,537,3883
2367,277495,32,4973,537,3883
2368,277613,33,4985,546,3883
2369,277728,32,4986,542,3896
2370,277956,32,4987,535,3906
2371,278058,36,4983,530,3917
2372,278177,33,4985,516,3943
2373,278292,33,4988,517,3949
2374,278420,32,4990,513,3969
2375,278533,31,4989,515,3965
2376,278659,36,4994,520,3959
2377,278775,32,5000,528,3951
2378,278890,32,4993,517,3954
2379,279011,32,4997,516,3960
2380,279137,32,5006,508,3976
2381,279233,35,5007,512,3972
2382,279335,32,5011,514,3968
2383,279454,31,5008,507,3972
2384,279575,36,5016,516,3971
2385,279695,35,5019,518,3966
2386,279808,34,5020,518,3962
2387,280058,36,5019,511,3971
2388,280167,33,5028,516,3981
2389,280275,31,5034,509,3999
2390,280401,36,5042,520,3993
2391,280508,33,5047,522,3995
2392,280626,33,5052,522,3996
2393,280732,34,5056,523,3991
2394,280838,32,5068,517,4011
2395,280964,32,5073,513,4005
2396,281082,34,5075,507,4015
2397,281216,43,5073,502,4021
2398,281331,37,5078,496,4030
2399,281444,38,5095,511,4029
2400,281559,38,5096,502,4038
2401,281668,36,5096,502,4034
2402,281788,33,5098,504,4030
2403,282007,143,5096,501,4042
2404,282115,34,5112,523,4034
2405,282236,35,5111,525,4028
2406,282369,33,5107,525,4024
2407,282492,33,5111,514,4058
2408,282591,35,5115,512,4064
2409,282695,38,5119,505,4070
2410,282814,40,5134,520,4070
2411,282920,37,5141,524,4072
2412,283033,35,5145,522,4076
2413,283142,37,5146,521,4079
2414,283256,34,5149,522,4081
2415,283367,33,5153,520,4080
2416,283468,34,5165,525,4085
2417,283605,36,5165,523,4093
2418,283703,34,5174,531,4092
2419,283828,36,5173,532,4084
2420,284034,35,5168,530,4080
2421,284147,34,5178,539,4084
2422,284261,37,5183,533,4094
2423,284384,41,5194,537,4098
2424,284494,34,5200,545,4096
2425,284618,35,5203,544,4101
2426,284744,35,5204,543,4106
2427,284857,36,5205,540,4109
2428,284976,37,5205,536,4115
2429,285091,35,5216,544,4116
2430,285196,35,5232,556,4122
2431,285312,39,5241,562,4130
2432,285415,40,5235,557,4132
2433,285525,33,5240,562,4132
2434,285630,36,5244,568,4129
2435,285736,35,5253,575,4135
2436,285960,128,5253,578,4128
2437,286085,33,5245,574,4122
2438,286203,39,5253,581,4115
2439,286322,37,5252,582,4112
2440,286435,34,5252,581,4121
2441,286557,35,5253,577,4134
2442,286691,39,5251,577,4127
2443,286797,35,5249,574,4125
2444,286914,34,5254,577,4126
2445,287032,37,5264,588,4122
2446,287149,36,5276,593,4125
2447,287275,38,5280,594,4123
2448,287391,37,5288,602,4117
2449,287517,39,5289,602,4113
2450,287647,40,5289,597,4114
2451,287758,37,5287,598,4105
2452,287885,44,5289,598,4105
2453,288054,94,5293,600,4108
2454,288164,36,5293,597,4114
2455,288265,37,5293,597,4114
2456,288405,42,5286,597,4107
2457,288539,34,5283,597,4104
2458,288667,34,5284,597,4099
2459,288795,36,5282,596,4102
2460,288907,41,5282,596,4102
2461,289025,37,5282,595,4103
2462,289141,36,5281,596,4098
2463,289250,34,5281,596,4095
2464,289362,39,5284,597,4092
2465,289478,37,5288,603,4091
2466,289598,38,5285,603,4087
2467,289726,35,5286,606,4083
2468,289830,36,5295,615,4083
2469,289961,38,5302,615,4087
2470,290131,37,5302,615,4087
2471,290235,34,5300,615,4091
2472,290335,33,5298,616,4088
2473,290448,34,5313,625,4086
2474,290571,35,5301,626,4071
2475,290692,36,5301,626,4074
2476,290816,35,5319,644,4071
2477,290928,38,5317,645,4065
2478,291036,37,5320,648,4063
2479,291150,35,5319,649,4060
2480,291263,38,5316,649,4057
2481,291367,36,5323,656,4054
2482,291472,38,5323,656,4054
2483,291590,39,5324,659,4052
2484,291704,35,5331,666,4050
2485,291812,36,5340,677,4048
2486,291942,43,5340,677,4048
2487,292145,38,5342,685,4041
2488,292252,38,5342,684,4040
2489,292371,40,5343,681,4041
2490,292491,38,5343,676,4046
2491,292593,35,5349,681,4041
2492,292703,40,5365,697,4037
2493,292813,35,5365,692,4041
2494,292933,36,5373,697,4046
2495,293048,40,5374,698,4042
2496,293156,35,5376,699,4038
2497,293301,36,5370,697,4038
2498,293422,37,5372,691,4041
2499,293550,40,5386,703,4038
2500,293663,38,5405,721,4032
2501,293760,36,5403,720,4036
2502,293889,38,5412,730,4033
2503,294070,96,5413,728,4032
2504,294190,36,5410,724,4033
2505,294318,40,5418,731,4027
2506,294430,39,5416,725,4038
2507,294555,36,5420,731,4035
2508,294671,37,5423,739,4021
2509,294771,36,5426,739,4025
2510,294892,35,5431,740,4031
2511,295034,40,5434,743,4027
2512,295167,36,5437,745,4025
2513,295268,37,5438,746,4023
2514,295396,38,5438,744,4026
2515,295506,36,5456,759,4027
2516,295614,39,5458,760,4027
2517,295745,39,5466,764,4030
2518,295855,38,5468,765,4032
2519,295953,36,5471,768,4026
2520,296141,36,5472,758,4035
2521,296267,36,5474,762,4033
2522,296390,37,5477,766,4031
2523,296499,38,5477,770,4026
2524,296602,35,5478,769,4027
2525,296733,39,5483,778,4023
2526,296843,41,5483,779,4018
2527,296974,40,5479,778,4019
2528,297094,40,5478,770,4023
2529,297202,39,5478,769,4023
2530,297316,37,5478,771,4023
2531,297429,35,5473,767,4024
2532,297556,38,5487,772,4033
2533,297676,38,5489,771,4037
2534,297778,39,5500,778,4043
2535,297885,37,5500,778,4043
2536,298090,111,5498,779,4037
2537,298227,37,5498,776,4041
2538,298346,37,5498,772,4046
2539,298441,38,5506,773,4049
2540,298558,38,5513,777,4049
2541,298675,38,5509,774,4048
2542,298774,35,5519,784,4042
2543,298889,38,5522,785,4042
2544,299004,40,5528,793,4041
2545,299143,40,5530,798,4036
2546,299267,38,5530,796,4045
2547,299414,42,5530,796,4048
2548,299538,40,5533,795,4048
2549,299648,43,5537,798,4043
2550,299764,38,5548,807,4037
2551,299878,36,5552,812,4034
2552,300030,40,5555,817,4031
