tick,timestamp,query_runtime,trav_index_nodes,trav_vol_nodes,trav_unprod_nodes
0,469,3,6,6,0
1,714,1,16,16,0
2,970,2,35,35,0
3,1260,4,41,41,0
4,1480,3,46,46,0
5,1736,2,54,54,0
6,1918,1,61,61,0
7,2077,2,66,66,0
8,2250,3,77,77,0
9,2441,1,83,83,0
10,2613,3,101,101,0
11,2773,4,120,120,0
12,2998,2,146,146,0
13,3122,3,146,146,0
14,3252,2,159,159,0
15,3404,2,169,169,0
16,3520,3,197,197,0
17,3689,3,216,216,0
18,3895,3,221,221,0
19,4067,4,226,226,0
20,4245,1,231,231,0
21,4367,2,232,232,0
22,4477,2,243,243,0
23,4623,2,249,249,0
24,4741,2,267,267,0
25,4863,2,278,278,0
26,5014,3,286,286,0
27,5141,3,291,291,0
28,5275,2,301,301,0
29,5436,5,326,326,0
30,5557,4,341,341,0
31,5661,2,354,354,0
32,5763,3,359,359,0
33,5885,7,360,360,0
34,6031,5,367,367,0
35,6137,3,379,379,0
36,6268,5,391,391,0
37,6365,3,415,415,0
38,6475,4,419,419,0
39,6606,15,422,422,0
40,6728,5,431,431,0
41,6850,4,436,436,0
42,6939,5,449,449,0
43,7055,4,453,453,0
44,7213,56,467,467,0
45,7390,4,482,482,0
46,7468,3,502,502,0
47,7570,4,509,509,0
48,7682,4,515,515,0
49,7793,4,517,517,0
50,7907,3,525,525,0
51,8021,4,537,537,0
52,8121,4,539,539,0
53,8247,4,540,540,0
54,8343,4,551,551,0
55,8455,5,560,560,0
56,8544,4,561,561,0
57,8659,4,564,564,0
58,8761,4,566,566,0
59,8854,4,569,569,0
60,9036,4,576,576,0
61,9149,4,582,582,0
62,9252,4,592,592,0
63,9341,4,604,604,0
64,9449,4,608,608,0
65,9571,4,613,613,0
66,9658,5,627,627,0
67,9739,5,631,631,0
68,9866,4,641,641,0
69,9966,4,645,645,0
70,10067,4,648,648,0
71,10165,4,664,664,0
72,10273,5,668,668,0
73,10369,4,671,671,0
74,10462,4,673,673,0
75,10631,6,677,677,0
76,10725,5,689,689,0
77,10836,4,695,695,0
78,10932,5,704,704,0
79,11035,5,717,717,0
80,11127,6,732,732,0
81,11237,6,738,738,0
82,11758,4,747,747,0
83,11851,5,749,749,0
84,11944,7,764,764,0
85,12042,7,773,773,0
86,12157,5,785,785,0
87,12265,5,790,790,0
88,12345,5,796,796,0
89,12429,6,804,804,0
90,12503,6,829,829,0
91,12607,6,834,834,0
92,12702,6,838,838,0
93,12800,5,856,856,0
94,12893,8,868,868,0
95,12977,6,891,891,0
96,13079,8,915,915,0
97,13179,6,917,917,0
98,13270,7,921,921,0
99,13349,7,926,926,0
100,13442,6,939,939,0
101,13558,7,943,943,0
102,13665,6,947,947,0
103,13767,7,963,963,0
104,13893,46,986,986,0
105,13997,7,990,990,0
106,14088,7,1000,1000,0
107,14215,7,1007,1007,0
108,14311,6,1011,1011,0
109,14393,7,1013,1013,0
110,14487,7,1032,1032,0
111,14583,6,1049,1049,0
112,14650,7,1051,1051,0
113,14745,7,1064,1064,0
114,14843,8,1070,1070,0
115,14934,10,1072,1072,0
116,15044,7,1078,1078,0
117,15143,7,1081,1081,0
118,15232,8,1082,1082,0
119,15323,7,1104,1104,0
120,15428,7,1115,1115,0
121,15528,8,1119,1119,0
122,15639,8,1127,1127,0
123,15729,7,1130,1130,0
124,15809,8,1142,1142,0
125,15900,14,1158,1158,0
126,15992,8,1162,1162,0
127,16091,8,1170,1170,0
128,16207,10,1175,1175,0
129,16305,9,1185,1185,0
130,16410,9,1198,1198,0
131,16514,9,1204,1204,0
132,16633,9,1207,1207,0
133,16789,8,1211,1211,0
134,16845,8,1216,1216,0
135,16930,9,1222,1222,0
136,17008,8,1224,1224,0
137,17106,8,1226,1226,0
138,17198,9,1238,1238,0
139,17303,8,1243,1243,0
140,17402,9,1257,1257,0
141,17500,9,1271,1271,0
142,17605,8,1274,1274,0
143,17698,14,1276,1276,0
144,17786,9,1282,1282,0
145,17903,9,1290,1290,0
146,17994,9,1303,1303,0
147,18104,10,1308,1308,0
148,18211,9,1314,1314,0
149,18304,11,1329,1329,0
150,18397,9,1343,1343,0
151,18508,9,1351,1351,0
152,18603,9,1359,1359,0
153,18708,10,1364,1364,0
154,18800,9,1371,1371,0
155,18889,10,1387,1387,0
156,18992,12,1391,1391,0
157,19097,9,1398,1398,0
158,19169,9,1416,1416,0
159,19275,9,1426,1426,0
160,19378,11,1442,1442,0
161,19476,12,1459,1459,0
162,19602,11,1466,1466,0
163,20286,9,1468,1468,0
164,20398,8,1472,1472,0
165,20503,9,1478,1478,0
166,20592,10,1482,1482,0
167,20680,10,1499,1499,0
168,20773,10,1516,1516,0
169,20879,10,1526,1526,0
170,20986,10,1527,1527,0
171,21070,10,1530,1530,0
172,21176,10,1540,1540,0
173,21272,10,1553,1553,0
174,21394,11,1560,1560,0
175,21492,10,1562,1562,0
176,21599,11,1576,1576,0
177,21681,10,1598,1598,0
178,21769,10,1602,1602,0
179,21873,10,1616,1616,0
180,21973,11,1639,1639,0
181,22077,10,1651,1651,0
182,22156,13,1655,1655,0
183,22246,11,1678,1678,0
184,22345,10,1689,1689,0
185,22430,11,1692,1692,0
186,22541,12,1694,1694,0
187,22663,19,1707,1707,0
188,22764,19,1710,1710,0
189,22891,11,1722,1722,0
190,22995,12,1734,1734,0
191,23099,12,1736,1736,0
192,23196,12,1740,1740,0
193,23268,11,1753,1753,0
194,23363,11,1757,1757,0
195,23450,15,1775,1775,0
196,23544,14,1791,1791,0
197,23710,82,1796,1796,0
198,23787,12,1796,1796,0
199,23880,15,1798,1798,0
200,24015,15,1801,1801,0
201,24121,12,1803,1803,0
202,24215,12,1808,1808,0
203,24336,12,1813,1813,0
204,24430,12,1831,1831,0
205,24536,12,1837,1837,0
206,24643,12,1845,1845,0
207,24731,12,1851,1851,0
208,24828,11,1865,1865,0
209,24909,12,1871,1871,0
210,25000,12,1874,1874,0
211,25114,12,1886,1886,0
212,25223,15,1888,1888,0
213,25307,14,1903,1903,0
214,25421,14,1904,1904,0
215,25521,14,1906,1906,0
216,25620,14,1906,1906,0
217,25728,13,1910,1910,0
218,25826,13,1929,1929,0
219,25929,13,1941,1941,0
220,26015,14,1948,1948,0
221,26113,13,1953,1953,0
222,26207,16,1959,1959,0
223,26308,14,1991,1991,0
224,26433,13,2005,2005,0
225,26533,13,2021,2021,0
226,26640,15,2022,2022,0
227,26721,14,2025,2025,0
228,26829,13,2030,2030,0
229,26923,14,2052,2052,0
230,27141,12,2060,2060,0
231,27245,13,2066,2066,0
232,27346,13,2078,2078,0
233,27431,13,2081,2081,0
234,27539,13,2093,2093,0
235,27644,13,2099,2099,0
236,27767,13,2103,2103,0
237,27853,13,2107,2107,0
238,27959,19,2114,2114,0
239,28056,13,2123,2123,0
240,28130,13,2123,2123,0
241,28208,13,2132,2132,0
242,28311,13,2142,2142,0
243,28393,13,2144,2144,0
244,28497,16,2160,2160,0
245,28605,14,2164,2164,0
246,28715,19,2168,2168,0
247,28833,18,2172,2172,0
248,28947,14,2177,2177,0
249,29048,14,2182,2182,0
250,29151,14,2187,2187,0
251,29256,14,2189,2189,0
252,29350,14,2200,2200,0
253,29447,14,2213,2213,0
254,29543,14,2223,2223,0
255,29628,16,2229,2229,0
256,29718,14,2230,2230,0
257,29808,14,2233,2233,0
258,29910,16,2255,2255,0
259,30007,15,2260,2260,0
260,30135,21,2268,2248,11
261,30350,24,2274,2201,29
262,30432,15,2284,2192,32
263,30551,33,2294,2160,53
264,30647,13,2307,2162,56
265,30742,14,2321,2143,68
266,30845,17,2345,2143,83
267,30950,15,2364,2141,90
268,31063,15,2370,2125,102
269,31176,17,2375,2099,113
270,31274,14,2385,2106,113
271,31368,15,2393,2075,137
272,31472,16,2397,2050,151
273,31600,15,2406,2039,163
274,31709,15,2420,2035,168
275,31837,15,2433,2030,172
276,31944,15,2437,2010,186
277,32043,15,2441,1984,208
278,32130,15,2453,1983,211
279,32226,14,2462,1969,224
280,32334,16,2479,1956,250
281,32439,15,2483,1939,261
282,32550,14,2485,1914,278
283,32656,15,2490,1894,296
284,32748,14,2500,1877,325
285,32845,16,2503,1878,326
286,32937,16,2511,1882,331
287,33048,15,2512,1865,349
288,33145,16,2527,1865,356
289,33260,16,2536,1854,364
290,33359,17,2553,1829,395
291,33536,15,2556,1786,430
292,33634,15,2562,1767,448
293,33769,18,2568,1744,467
294,33871,15,2578,1737,479
295,33974,15,2598,1744,479
296,34069,16,2598,1701,505
297,34189,16,2604,1666,537
298,34281,16,2613,1658,552
299,34376,15,2617,1646,567
300,34484,16,2622,1633,578
301,34591,17,2625,1590,612
302,34691,16,2630,1580,626
303,34799,16,2638,1560,639
304,34901,16,2649,1563,644
305,35005,17,2650,1547,654
306,35091,16,2649,1522,682
307,35203,16,2652,1499,709
308,35305,17,2654,1480,724
309,35401,16,2664,1487,724
310,35518,16,2667,1477,742
311,35608,16,2672,1452,769
312,35709,16,2675,1447,776
313,35809,16,2677,1405,825
314,35918,16,2684,1375,856
315,36025,17,2689,1340,876
316,36121,17,2703,1329,897
317,36216,21,2712,1334,899
318,37539,1225,2714,1259,974
319,37642,17,2719,1160,1043
320,37711,18,2729,1164,1046
321,37809,17,2721,1150,1052
322,37900,16,2722,1147,1053
323,38012,16,2717,1140,1052
324,38117,18,2727,1139,1061
325,38225,17,2738,1125,1090
326,38342,17,2738,1097,1113
327,38438,17,2746,1101,1112
328,38543,17,2751,1094,1119
329,38657,17,2755,1085,1129
330,38764,18,2765,1081,1141
331,38886,16,2765,1049,1162
332,38964,16,2778,1060,1162
333,39039,17,2779,1061,1161
334,39140,17,2782,1046,1178
335,39243,18,2785,1022,1201
336,39421,102,2790,1018,1209
337,39528,24,2802,1013,1220
338,39640,17,2819,1022,1221
339,39743,18,2823,1019,1223
340,39838,19,2832,1021,1238
341,39965,24,2831,1005,1248
342,40078,31,2826,1001,1243
343,40203,24,2831,999,1241
344,40315,21,2843,1005,1244
345,40422,20,2846,1002,1253
346,40612,19,2858,990,1270
347,40704,18,2862,990,1273
348,40781,17,2859,987,1273
349,40898,17,2864,984,1278
350,40984,17,2867,976,1280
351,41077,19,2864,973,1279
352,41157,19,2874,977,1278
353,41271,18,2886,982,1284
354,41388,18,2886,967,1297
355,41485,18,2888,970,1294
356,41580,19,2888,971,1287
357,41677,18,2886,974,1282
358,41782,19,2886,974,1280
359,41878,18,2882,970,1280
360,41983,19,2883,946,1305
361,42100,21,2891,943,1314
362,42230,17,2887,927,1327
363,42348,18,2896,934,1328
364,42439,17,2906,930,1341
365,42519,18,2905,931,1341
366,42635,17,2910,927,1348
367,42750,18,2909,925,1343
368,42840,18,2916,928,1350
369,42931,19,2920,932,1351
370,43025,19,2929,941,1349
371,43131,18,2933,934,1355
372,43219,19,2936,928,1372
373,43422,98,2943,903,1403
374,43523,18,2945,894,1414
375,43627,19,2956,901,1420
376,43731,18,2957,893,1431
377,43823,19,2969,903,1434
378,43917,18,2995,928,1435
379,44018,18,3000,933,1432
380,44110,19,3003,937,1434
381,44214,19,3006,933,1444
382,44315,19,3006,925,1457
383,44438,27,3010,915,1467
384,44521,20,3023,911,1479
385,44611,20,3024,907,1482
386,44719,18,3023,904,1488
387,44833,19,3020,889,1502
388,44942,19,3019,875,1512
389,45075,20,3022,845,1554
390,45194,22,3032,853,1556
391,45293,19,3034,855,1556
392,45380,19,3045,863,1558
393,45462,19,3056,873,1560
394,45569,20,3057,873,1562
395,45683,19,3058,873,1558
396,45782,19,3075,878,1562
397,45905,25,3074,875,1566
398,46019,18,3085,871,1584
399,46237,120,3092,864,1603
400,46342,18,3096,860,1606
401,46434,18,3103,854,1610
402,46536,19,3104,853,1615
403,46618,20,3127,868,1623
404,46698,20,3139,879,1617
405,46785,21,3142,876,1623
406,46914,40,3143,877,1623
407,47005,19,3152,882,1623
408,47100,20,3169,896,1621
409,47202,19,3173,892,1630
410,47298,20,3172,895,1624
411,47427,19,3174,882,1638
412,47522,19,3172,881,1638
413,47611,20,3174,875,1644
414,47683,19,3190,881,1645
415,47779,20,3201,884,1649
416,47883,19,3205,879,1655
417,47992,22,3218,887,1659
418,48081,19,3216,882,1664
419,48187,20,3219,878,1671
420,48276,20,3232,884,1672
421,48435,26,3233,865,1694
422,48530,19,3235,865,1700
423,48597,21,3246,868,1706
424,48693,20,3243,871,1699
425,48867,19,3250,866,1718
426,48945,19,3263,876,1718
427,49055,19,3265,879,1713
428,49139,19,3280,877,1731
429,49213,19,3288,883,1736
430,49308,20,3287,876,1746
431,49391,20,3289,875,1746
432,49474,20,3288,872,1742
433,49585,24,3292,872,1749
434,49678,23,3293,870,1749
435,49774,23,3292,870,1748
436,49864,20,3291,872,1745
437,49960,20,3292,873,1743
438,50051,20,3296,876,1743
439,50150,20,3302,883,1742
440,50247,21,3313,892,1739
441,50352,19,3314,894,1741
442,50440,21,3320,891,1746
443,50538,20,3324,893,1744
444,50618,20,3330,899,1740
445,50719,22,3330,898,1744
446,50835,21,3330,902,1736
447,50941,22,3335,903,1740
448,51049,21,3340,908,1739
449,51245,131,3343,906,1744
450,51343,21,3355,913,1752
451,51419,20,3357,914,1755
452,51521,20,3380,935,1747
453,51611,20,3396,949,1748
454,51696,20,3405,954,1750
455,51798,21,3414,955,1753
456,51902,21,3417,952,1755
457,52020,20,3417,951,1755
458,52119,21,3431,962,1755
459,52203,20,3435,961,1760
460,52307,21,3435,957,1760
461,52411,21,3433,954,1764
462,52518,23,3437,959,1763
463,52632,25,3438,958,1769
464,52746,27,3439,958,1767
465,52847,21,3438,952,1769
466,52947,21,3438,939,1787
467,53040,21,3447,947,1783
468,53130,22,3447,938,1796
469,53236,21,3444,935,1795
470,53331,23,3442,936,1790
471,53509,110,3440,934,1791
472,53600,22,3440,929,1796
473,53702,23,3440,925,1796
474,53798,22,3441,924,1795
475,53893,21,3445,926,1796
476,54004,21,3444,921,1804
477,54104,21,3445,923,1799
478,54200,21,3451,931,1793
479,54292,22,3449,931,1791
480,54392,20,3453,932,1791
481,54511,21,3459,940,1788
482,54598,21,3469,953,1785
483,54697,22,3469,944,1790
484,54779,23,3472,946,1789
485,54870,21,3483,958,1785
486,54967,21,3491,967,1781
487,55060,22,3500,972,1787
488,55168,21,3503,966,1796
489,55264,24,3501,965,1796
490,55370,21,3503,966,1796
491,55460,22,3508,963,1802
492,55583,23,3509,966,1799
493,55692,26,3515,970,1801
494,55889,21,3522,970,1796
495,55984,21,3526,976,1793
496,56068,21,3535,983,1789
497,56158,20,3540,985,1793
498,56255,23,3540,984,1795
499,56351,22,3542,984,1798
500,56443,20,3544,983,1805
501,56538,22,3555,991,1800
502,56621,22,3554,985,1807
503,56708,22,3553,981,1816
504,56803,22,3552,982,1813
505,56910,23,3557,986,1812
506,57000,23,3557,985,1812
507,57088,21,3554,984,1813
508,57184,22,3557,986,1811
509,57288,21,3558,988,1812
510,57379,22,3559,985,1816
511,57469,23,3560,982,1822
512,57558,22,3562,982,1828
513,57656,22,3570,986,1829
514,57735,21,3568,983,1830
515,59151,1337,3569,959,1864
516,59268,20,3580,928,1929
517,59405,22,3580,929,1929
518,59496,22,3584,929,1930
519,59617,27,3589,930,1934
520,59707,23,3587,930,1934
521,59820,22,3593,932,1938
522,59927,32,3592,928,1942
523,60030,24,3585,925,1939
524,60149,28,3582,899,1973
525,60282,21,3588,872,2025
526,60418,27,3608,854,2062
527,60524,21,3607,813,2127
528,60638,23,3612,797,2157
529,60752,22,3607,780,2171
530,60858,23,3609,780,2176
531,60950,22,3624,781,2200
532,61070,22,3629,777,2210
533,61187,23,3623,765,2215
534,61281,22,3627,764,2227
535,61381,22,3635,765,2237
536,61533,65,3645,757,2264
537,61653,26,3652,756,2274
538,61757,22,3661,757,2280
539,61860,21,3661,745,2298
540,61963,23,3658,722,2333
541,62067,23,3662,717,2337
542,62162,23,3664,710,2348
543,62269,23,3672,709,2364
544,62361,22,3678,714,2365
545,62471,22,3679,712,2378
546,62578,24,3691,696,2413
547,62687,23,3694,689,2429
548,62804,22,3698,676,2447
549,62911,24,3706,681,2447
550,63005,23,3711,684,2447
551,63099,24,3733,701,2451
552,63195,27,3738,690,2466
553,63308,22,3736,675,2483
554,63396,23,3738,676,2485
555,63507,23,3742,680,2485
556,63620,24,3743,680,2485
557,63773,24,3747,668,2504
558,63890,23,3745,656,2519
559,64020,22,3750,655,2528
560,64125,23,3760,647,2549
561,64231,23,3768,648,2558
562,64334,24,3773,640,2576
563,64438,22,3780,644,2580
564,64543,22,3781,636,2592
565,64637,24,3783,638,2592
566,64746,22,3787,639,2598
567,64847,27,3798,638,2612
568,64946,23,3808,641,2618
569,65050,23,3817,651,2620
570,65162,25,3817,641,2639
571,65247,23,3819,637,2653
572,65338,25,3831,647,2650
573,65452,24,3834,647,2651
574,65559,23,3844,644,2668
575,65663,23,3854,648,2670
576,65759,26,3868,654,2676
577,65922,23,3875,659,2679
578,66023,22,3872,660,2675
579,66131,23,3888,672,2671
580,66225,27,3892,665,2685
581,66327,23,3896,664,2684
582,66440,27,3898,666,2684
583,66540,24,3904,675,2678
584,66640,23,3912,682,2673
585,66739,26,3919,687,2670
586,66834,24,3915,688,2665
587,66938,25,3922,695,2659
588,67038,23,3930,704,2652
589,67142,24,3931,707,2650
590,67240,27,3933,710,2649
591,67342,25,3936,715,2647
592,67419,24,3936,715,2647
593,67532,23,3939,718,2645
594,67641,22,3943,721,2646
595,67749,25,3944,720,2648
596,67843,24,3946,717,2655
597,68026,24,3948,706,2680
598,68128,23,3954,698,2693
599,68220,24,3973,716,2689
600,68322,23,3976,711,2702
601,68429,23,3983,717,2702
602,68524,23,3983,720,2699
603,68614,24,3982,710,2711
604,68723,31,3998,725,2710
605,68838,26,4009,735,2704
606,68927,24,4008,732,2706
607,69024,24,4008,730,2711
608,69129,24,4032,740,2726
609,69235,28,4041,745,2726
610,69347,25,4052,739,2752
611,69439,26,4064,749,2751
612,69537,27,4076,750,2752
613,69626,24,4091,754,2757
614,69723,25,4100,758,2759
615,69831,24,4107,748,2766
616,70011,108,4110,742,2775
617,70114,26,4116,740,2778
618,70198,25,4113,734,2779
619,70303,25,4119,741,2774
620,70415,23,4121,739,2784
621,70525,24,4132,745,2796
622,70621,27,4148,760,2793
623,70732,26,4154,751,2811
624,70841,25,4155,750,2816
625,70943,24,4155,752,2811
626,71059,25,4154,751,2811
627,71153,23,4159,756,2813
628,71282,24,4172,766,2812
629,71383,26,4170,748,2830
630,71470,26,4160,733,2842
631,71573,26,4163,719,2864
632,71676,24,4167,723,2860
633,71773,26,4171,726,2855
634,71883,27,4183,736,2845
635,72072,118,4192,743,2848
636,72173,27,4195,737,2857
637,72277,27,4195,727,2868
638,72382,25,4195,726,2870
639,72485,26,4194,716,2887
640,72565,24,4195,717,2885
641,72667,25,4197,718,2886
642,72769,25,4202,722,2881
643,72867,24,4219,740,2878
644,72967,24,4222,740,2878
645,73071,25,4208,740,2858
646,73172,26,4209,725,2876
647,73275,25,4214,729,2877
648,73360,25,4215,728,2881
649,73463,25,4220,739,2873
650,73585,26,4227,734,2892
651,73669,25,4227,733,2894
652,73775,25,4226,728,2895
653,73880,25,4225,728,2894
654,74080,129,4227,724,2896
655,74166,24,4225,713,2917
656,74291,27,4227,700,2934
657,74401,24,4226,701,2934
658,74496,25,4239,712,2933
659,74595,24,4250,720,2935
660,74706,35,4250,717,2939
661,74792,25,4254,718,2945
662,74914,26,4258,719,2946
663,75026,26,4254,718,2945
664,75134,25,4255,719,2942
665,75243,28,4263,728,2941
666,75344,29,4267,730,2939
667,75437,27,4273,732,2946
668,75535,25,4279,736,2943
669,75639,26,4277,735,2942
670,75743,27,4279,734,2945
671,75956,146,4284,732,2959
672,76069,24,4285,739,2953
673,76165,26,4293,751,2946
674,76259,27,4286,753,2936
675,76351,25,4296,762,2934
676,76456,26,4296,759,2941
677,76549,25,4310,766,2939
678,76640,25,4323,778,2943
679,76755,27,4336,789,2938
680,76866,26,4339,789,2938
681,76940,26,4334,789,2933
682,77027,24,4336,786,2938
683,77124,27,4339,788,2936
684,77230,26,4338,790,2931
685,77337,27,4343,799,2925
686,77443,25,4348,802,2926
687,77665,155,4357,807,2925
688,77769,26,4353,805,2929
689,77871,29,4362,812,2934
690,77968,27,4372,821,2939
691,78053,25,4371,818,2947
692,78149,25,4370,815,2950
693,78240,26,4378,824,2950
694,78328,27,4379,823,2951
695,78445,26,4385,828,2954
696,78548,26,4385,833,2945
697,78660,27,4384,833,2940
698,78768,29,4390,838,2933
699,78862,27,4398,850,2923
700,78949,28,4401,849,2927
701,79196,165,4412,854,2930
702,79298,26,4413,852,2932
703,79400,26,4422,858,2936
704,79491,25,4439,874,2930
705,79598,26,4437,877,2925
706,79703,29,4440,876,2925
707,79796,27,4439,871,2926
708,79889,25,4453,884,2923
709,80002,28,4454,882,2926
710,80100,29,4453,883,2922
711,80197,29,4447,877,2922
712,80293,26,4448,878,2914
713,80390,26,4458,885,2919
714,80490,26,4460,888,2915
715,80734,27,4461,878,2933
716,80823,30,4467,880,2928
717,80925,28,4472,882,2928
718,81034,30,4472,877,2935
719,81122,27,4472,880,2932
720,81248,34,4470,883,2924
721,81359,29,4475,893,2911
722,81463,28,4476,893,2912
723,81543,27,4492,901,2919
724,81637,27,4495,898,2921
725,81735,28,4508,904,2928
726,81842,27,4519,907,2935
727,82035,139,4513,898,2937
728,82146,28,4522,909,2934
729,82257,28,4530,915,2936
730,82365,31,4529,910,2941
731,82446,30,4529,910,2941
732,82547,28,4545,924,2939
733,82652,28,4535,920,2942
734,82778,28,4536,922,2941
735,82879,30,4555,926,2955
736,82980,30,4572,941,2942
737,83094,26,4569,940,2943
738,83187,28,4579,949,2944
739,83413,138,4582,957,2932
740,83536,28,4584,959,2931
741,83625,27,4585,960,2931
742,83727,27,4594,969,2929
743,83822,27,4594,961,2937
744,83922,29,4599,958,2947
745,84025,27,4599,949,2958
746,84110,29,4600,948,2961
747,84202,31,4601,946,2959
748,84308,29,4602,945,2962
749,84411,28,4615,959,2956
750,84523,28,4609,956,2954
751,84649,31,4610,957,2954
752,86148,28,4610,929,2995
753,86253,29,4611,928,2997
754,86341,28,4615,932,2993
755,86440,26,4612,933,2989
756,86544,27,4616,937,2988
757,86637,27,4625,943,2994
758,86732,26,4624,942,2996
759,86847,27,4633,952,2986
760,86949,27,4633,947,2994
761,87082,32,4635,946,2995
762,87183,31,4643,949,2998
763,87279,28,4658,962,2991
764,87432,62,4660,962,2996
765,87547,30,4672,970,3003
766,87638,28,4672,965,3012
767,87734,27,4674,965,3014
768,87833,28,4677,966,3018
769,87946,27,4671,967,3009
770,88050,29,4666,967,3004
771,88144,27,4671,972,3004
772,88230,28,4677,978,3002
773,88325,28,4683,986,2998
774,88436,36,4690,994,2992
775,88553,28,4694,998,2984
776,88658,30,4697,1001,2984
777,88807,72,4704,1007,2980
778,88900,29,4712,1016,2975
779,89004,29,4709,1018,2969
780,89098,28,4718,1028,2968
781,89195,27,4722,1032,2960
782,89302,28,4723,1030,2960
783,89405,27,4721,1033,2950
784,89496,27,4723,1035,2946
785,89600,31,4723,1036,2939
786,89722,29,4724,1032,2949
787,89827,30,4727,1029,2947
788,89910,31,4735,1034,2954
789,89989,28,4734,1036,2950
790,90154,80,4730,1010,2984
791,90268,30,4746,981,3049
792,90377,27,4753,973,3072
793,90502,28,4753,950,3096
794,90635,27,4752,932,3113
795,90758,27,4753,915,3141
796,90857,29,4756,898,3172
797,90964,29,4768,898,3187
798,91078,30,4779,885,3218
799,91193,29,4779,862,3246
800,91325,27,4773,852,3252
801,91441,30,4773,836,3271
802,91561,28,4768,835,3267
803,91745,89,4777,832,3282
804,91865,28,4781,813,3314
805,91977,29,4784,813,3319
806,92107,28,4790,820,3319
807,92214,29,4800,814,3347
808,92308,28,4807,795,3377
809,92460,30,4817,777,3418
810,92571,28,4835,780,3425
811,92685,29,4831,773,3434
812,92789,31,4854,793,3438
813,92902,29,4863,793,3449
814,93005,29,4869,798,3446
815,93128,31,4879,796,3456
816,93323,28,4879,774,3481
817,93439,30,4874,771,3490
818,93545,29,4875,764,3503
819,93660,29,4879,759,3501
820,93773,31,4877,748,3513
821,93877,30,4894,766,3510
822,93977,30,4896,769,3511
823,94072,29,4896,756,3529
824,94194,31,4897,760,3524
825,94301,29,4903,766,3523
826,94401,31,4906,759,3538
827,94502,30,4900,749,3553
828,94615,32,4909,742,3574
829,94779,86,4910,736,3589
830,94893,31,4911,738,3582
831,95002,28,4911,737,3587
832,95094,29,4919,729,3610
833,95192,29,4919,716,3620
834,95295,32,4919,713,3621
835,95398,31,4919,701,3637
836,95509,30,4920,682,3667
837,95627,30,4922,683,3675
838,95748,31,4920,677,3684
839,95850,33,4923,672,3692
840,95952,31,4923,664,3694
841,96058,30,4938,670,3710
842,96230,93,4938,656,3727
843,96357,33,4939,655,3730
844,96462,31,4933,654,3724
845,96557,31,4932,638,3741
846,96670,29,4934,637,3743
847,96791,32,4947,649,3744
848,96887,30,4947,636,3763
849,97003,30,4948,622,3783
850,97115,31,4949,621,3786
851,97222,30,4952,620,3783
852,97331,30,4963,626,3779
853,97422,31,4963,625,3781
854,97546,30,4970,633,3778
855,97651,30,4979,627,3793
856,97809,84,4981,620,3803
857,97935,31,4984,616,3808
858,98062,31,4983,603,3829
859,98165,32,4989,609,3823
860,98259,30,4999,616,3818
861,98365,30,5007,622,3817
862,98478,32,5006,605,3835
863,98571,31,5007,601,3843
864,98676,32,5009,605,3841
865,98783,31,5028,618,3837
866,98894,33,5047,638,3830
867,99012,29,5048,629,3837
868,99128,31,5049,629,3836
869,99230,29,5060,639,3838
870,99406,32,5066,640,3839
871,99506,36,5080,648,3840
872,99610,32,5081,650,3835
873,99712,31,5087,654,3841
874,99812,30,5093,651,3851
875,99911,33,5095,650,3849
876,100002,32,5101,660,3845
877,100107,33,5104,661,3849
878,100215,33,5113,663,3857
879,100331,31,5119,666,3874
880,100459,34,5122,663,3884
881,100572,31,5132,672,3885
882,100683,31,5145,677,3897
883,100805,36,5144,678,3893
884,100990,32,5147,677,3900
885,101093,31,5156,686,3899
886,101188,33,5162,688,3910
887,101297,32,5175,689,3918
888,101401,31,5183,697,3914
889,101504,31,5180,695,3911
890,101608,30,5177,695,3908
891,101715,32,5187,698,3917
892,101811,31,5197,695,3927
893,101913,33,5198,692,3937
894,102029,35,5206,692,3946
895,102132,32,5206,686,3954
896,102246,31,5211,681,3966
897,102351,32,5212,679,3971
898,102545,117,5216,677,3980
899,102653,33,5217,678,3980
900,102750,32,5220,670,3998
901,102868,33,5230,670,4008
902,102983,33,5229,670,4008
903,103099,31,5235,668,4020
904,103209,30,5236,658,4032
905,103314,33,5236,656,4036
906,103438,35,5231,655,4031
907,103561,40,5241,645,4048
908,103678,34,5242,646,4048
909,103788,33,5240,646,4046
910,103900,30,5243,640,4052
911,104017,32,5244,642,4051
912,104125,32,5241,634,4054
913,104317,33,5236,629,4058
914,104423,34,5244,623,4075
915,104529,29,5244,610,4089
916,104639,31,5246,609,4097
917,104736,31,5245,609,4096
918,104838,29,5244,607,4098
919,104937,33,5251,612,4100
920,105050,33,5268,626,4102
921,105192,40,5266,629,4090
922,105332,34,5272,633,4096
923,105444,33,5277,637,4093
924,105547,34,5277,633,4099
925,105674,30,5275,631,4100
926,105781,32,5277,631,4097
927,105876,32,5294,648,4088
928,106070,33,5300,654,4083
929,106181,33,5302,655,4082
930,106289,33,5312,667,4075
931,106413,32,5310,666,4074
932,106500,32,5310,666,4074
933,106612,32,5309,665,4077
934,106707,32,5317,671,4074
935,106818,34,5318,669,4070
936,106907,32,5328,679,4070
937,107013,33,5329,680,4068
938,107125,33,5336,685,4072
939,107222,34,5337,683,4072
940,107316,37,5332,682,4071
941,107412,33,5334,681,4078
942,107504,33,5340,676,4089
943,107691,107,5330,678,4073
944,107796,36,5328,677,4070
945,107908,33,5332,679,4070
946,108010,31,5335,681,4067
947,108113,32,5333,681,4065
948,108224,30,5337,684,4058
949,108339,34,5339,689,4061
950,108465,33,5336,683,4069
951,108576,31,5341,687,4070
952,108686,31,5338,684,4065
953,108808,34,5339,686,4064
954,108922,33,5342,688,4063
955,109035,32,5349,697,4061
956,109140,35,5351,697,4061
957,109248,32,5351,696,4061
958,109355,32,5352,698,4060
959,109565,32,5360,703,4052
960,109670,33,5356,693,4052
961,109775,34,5355,695,4048
962,109890,31,5349,696,4040
963,110004,34,5346,692,4037
964,110189,71,5351,697,4027
965,114429,139,1368,621,165
966,114529,10,1383,628,165
967,114633,8,1384,628,169
968,114749,18,1407,645,169
969,114840,9,1407,645,169
970,114932,10,1411,647,169
971,115023,10,1417,653,169
972,115113,10,1420,656,169
973,115206,9,1421,657,169
974,115285,9,1419,659,165
975,115372,10,1424,661,164
976,115452,11,1442,677,164
977,115557,10,1453,686,164
978,115649,10,1454,687,164
979,115738,10,1475,705,164
980,115838,12,1483,713,161
981,115940,10,1488,718,161
982,116036,11,1505,730,161
983,116120,11,1516,740,161
984,116219,11,1532,748,158
985,116321,11,1536,753,155
986,116402,12,1538,755,146
987,116503,10,1541,752,150
988,116581,11,1543,753,152
989,116660,10,1549,750,155
990,116744,10,1550,751,153
991,116927,9,1573,761,160
992,117032,12,1588,772,158
993,117126,13,1593,771,161
994,117226,10,1598,770,166
995,117310,11,1604,773,173
996,117395,11,1608,770,179
997,117487,10,1616,776,179
998,117585,11,1640,795,178
999,117679,11,1642,793,185
1000,117758,11,1659,805,188
1001,117852,11,1668,810,192
1002,117945,17,1663,807,188
1003,118021,11,1666,806,193
1004,118122,11,1671,806,193
1005,118217,19,1694,823,193
1006,118315,15,1703,831,193
1007,118423,12,1722,843,192
1008,118514,12,1741,853,189
1009,118614,12,1757,867,191
1010,118717,12,1769,879,188
1011,118810,12,1772,883,184
1012,118904,12,1778,881,189
1013,118997,12,1781,884,189
1014,119092,12,1790,892,191
1015,119178,12,1791,893,191
1016,119277,12,1793,887,198
1017,119497,139,1808,899,198
1018,119607,10,1811,901,207
1019,119696,12,1825,912,207
1020,119766,12,1836,923,206
1021,119855,12,1840,919,204
1022,119935,17,1855,933,205
1023,120028,12,1866,927,228
1024,120144,12,1871,912,259
1025,120245,12,1880,901,284
1026,120338,13,1887,901,286
1027,120446,12,1891,891,311
1028,120551,12,1901,892,321
1029,120652,12,1904,886,333
1030,120765,12,1907,877,357
1031,120869,13,1922,842,413
1032,120968,12,1932,844,438
1033,121065,12,1936,835,457
1034,121171,13,1943,827,480
1035,121282,13,1946,825,490
1036,121365,13,1972,840,500
1037,121474,13,1979,834,517
1038,121564,13,1984,828,538
1039,121650,12,1983,818,551
1040,121737,13,1999,833,551
1041,121835,13,2007,833,556
1042,122065,161,2037,832,595
1043,122157,13,2040,829,599
1044,122256,13,2051,823,617
1045,122345,13,2056,826,616
1046,122446,13,2063,812,639
1047,122535,13,2077,803,659
1048,122627,13,2090,816,658
1049,122732,13,2099,807,686
1050,122830,13,2102,809,686
1051,122922,14,2111,809,696
1052,123013,13,2125,802,727
1053,123112,13,2130,806,726
1054,123193,13,2129,806,722
1055,123297,14,2132,805,727
1056,123415,14,2138,793,750
1057,123500,15,2150,803,750
1058,123609,14,2154,787,774
1059,123715,14,2164,795,767
1060,123803,14,2172,795,776
1061,123900,14,2173,789,785
1062,124000,14,2176,784,804
1063,124248,159,2184,787,810
1064,124333,13,2198,772,845
1065,124418,14,2210,784,843
1066,124542,14,2229,793,855
1067,124632,14,2232,780,880
1068,124711,14,2259,805,885
1069,124821,14,2266,802,894
1070,124921,15,2284,803,905
1071,125021,14,2302,807,919
1072,125115,15,2306,809,918
1073,125206,15,2309,812,917
1074,125308,15,2321,798,960
1075,125404,15,2328,797,971
1076,125494,15,2334,798,974
1077,125592,15,2336,794,987
1078,125711,15,2345,788,1008
1079,125820,15,2345,780,1029
1080,125905,15,2354,774,1046
1081,125984,14,2355,753,1073
1082,126075,15,2363,760,1075
1083,126172,15,2370,755,1096
1084,126416,15,2374,744,1117
1085,126529,15,2377,745,1122
1086,126624,15,2376,727,1140
1087,126722,15,2379,727,1142
1088,126836,14,2385,722,1151
1089,126941,15,2388,723,1162
1090,127056,14,2396,721,1175
1091,127151,14,2406,722,1185
1092,127242,15,2408,721,1190
1093,127338,15,2415,717,1197
1094,127439,15,2418,720,1197
1095,127550,15,2420,717,1203
1096,127663,16,2428,714,1216
1097,127765,15,2428,709,1233
1098,127852,15,2450,731,1227
1099,127944,18,2455,734,1231
1100,128045,15,2455,724,1252
1101,129644,1518,2466,718,1283
1102,129733,15,2472,682,1340
1103,129832,15,2475,683,1341
1104,129924,15,2480,682,1352
1105,130024,16,2484,685,1350
1106,130128,15,2487,685,1352
1107,130215,15,2499,697,1350
1108,130309,16,2506,684,1374
1109,130432,59,2519,694,1375
1110,130531,17,2527,702,1375
1111,130632,16,2544,717,1372
1112,130731,17,2551,723,1372
1113,130837,18,2554,715,1386
1114,130933,18,2553,715,1388
1115,131032,17,2557,714,1388
1116,131120,17,2565,720,1384
1117,131220,18,2572,727,1384
1118,131307,17,2585,734,1384
1119,131439,58,2589,738,1383
1120,131532,17,2608,754,1395
1121,131629,16,2612,761,1392
1122,131728,17,2618,765,1395
1123,131821,17,2620,767,1395
1124,131916,17,2621,771,1392
1125,132001,17,2619,771,1393
1126,132102,18,2615,773,1387
1127,132215,17,2622,779,1384
1128,132293,17,2622,776,1388
1129,132387,18,2624,775,1392
1130,132496,17,2635,786,1391
1131,132586,19,2644,798,1388
1132,132684,17,2647,797,1398
1133,132770,17,2665,811,1405
1134,132877,17,2675,822,1403
1135,132979,16,2678,825,1401
1136,133138,70,2686,829,1411
1137,133248,17,2692,828,1419
1138,133355,19,2709,843,1419
1139,133444,17,2710,844,1419
1140,133561,22,2715,848,1419
1141,133632,17,2728,855,1425
1142,133716,18,2742,869,1425
1143,133797,18,2749,879,1419
1144,133898,20,2746,871,1429
1145,133989,19,2747,879,1420
1146,134075,17,2752,887,1414
1147,134183,17,2756,883,1422
1148,134282,17,2756,887,1415
1149,134379,18,2761,890,1416
1150,134484,28,2774,902,1413
1151,134563,18,2779,904,1414
1152,134713,81,2789,913,1416
1153,134794,17,2791,915,1416
1154,134901,23,2790,915,1415
1155,134980,17,2798,923,1412
1156,135072,17,2800,924,1411
1157,135166,17,2804,925,1411
1158,135253,17,2805,926,1411
1159,135348,18,2815,925,1423
1160,135458,16,2812,916,1425
1161,135555,18,2819,927,1420
1162,135655,19,2839,943,1429
1163,135752,18,2837,940,1433
1164,135853,18,2850,953,1432
1165,135941,19,2856,958,1432
1166,136028,21,2858,960,1432
1167,136116,18,2861,960,1436
1168,136221,19,2865,961,1437
1169,136367,78,2881,967,1451
1170,136450,18,2891,976,1452
1171,136525,18,2894,978,1455
1172,136609,18,2892,977,1458
1173,136693,17,2894,979,1458
1174,136797,19,2904,985,1448
1175,136891,19,2910,990,1448
1176,136976,20,2913,991,1450
1177,137083,18,2928,1001,1448
1178,137183,19,2936,1009,1448
1179,137281,18,2941,1013,1449
1180,137379,19,2955,1025,1445
1181,137470,20,2959,1029,1445
1182,137557,20,2966,1039,1442
1183,137668,19,2966,1039,1442
1184,137767,19,2978,1048,1447
1185,137847,21,3007,1077,1443
1186,138015,19,3010,1077,1447
1187,138110,18,3010,1072,1452
1188,138216,19,3016,1073,1454
1189,138293,19,3020,1074,1457
1190,138388,18,3034,1088,1457
1191,138488,19,3038,1091,1454
1192,138609,19,3041,1094,1452
1193,138706,20,3051,1101,1459
1194,138808,20,3057,1100,1464
1195,138902,20,3058,1100,1463
1196,139000,22,3066,1107,1466
1197,139120,19,3067,1102,1472
1198,139228,20,3071,1101,1479
1199,139330,20,3080,1099,1491
1200,139425,20,3094,1114,1492
1201,139522,19,3103,1120,1491
1202,139710,109,3109,1123,1499
1203,139797,19,3121,1135,1491
1204,139894,23,3138,1150,1494
1205,139975,21,3149,1160,1497
1206,140060,19,3150,1158,1499
1207,140155,19,3154,1161,1497
1208,140257,20,3164,1171,1497
1209,140357,21,3164,1172,1496
1210,140472,18,3169,1179,1494
1211,140614,24,3169,1181,1492
1212,140712,20,3171,1183,1492
1213,140800,19,3177,1192,1489
1214,140891,19,3190,1205,1485
1215,140973,22,3197,1215,1482
1216,141070,21,3201,1217,1482
1217,141176,19,3204,1220,1482
1218,141289,20,3209,1225,1480
1219,141466,20,3211,1227,1480
1220,141549,18,3215,1230,1480
1221,141657,20,3216,1231,1480
1222,141775,20,3227,1242,1478
1223,141867,20,3229,1244,1475
1224,141963,20,3239,1254,1475
1225,142054,21,3238,1257,1471
1226,142141,21,3238,1257,1471
1227,142252,21,3244,1263,1471
1228,142351,21,3247,1266,1469
1229,142456,20,3256,1279,1464
1230,142544,21,3259,1282,1464
1231,142646,21,3269,1293,1463
1232,142724,21,3280,1304,1460
1233,142824,23,3288,1315,1454
1234,142933,21,3294,1322,1452
1235,143037,21,3305,1330,1451
1236,143205,21,3311,1336,1450
1237,143301,20,3326,1347,1449
1238,143394,20,3332,1353,1449
1239,143490,21,3333,1354,1448
1240,143585,21,3337,1360,1446
1241,143673,21,3342,1365,1445
1242,143758,21,3349,1372,1442
1243,143856,19,3355,1378,1433
1244,143963,21,3362,1385,1433
1245,144056,22,3385,1406,1433
1246,144152,20,3386,1407,1433
1247,144262,20,3389,1410,1432
1248,144343,22,3401,1420,1435
1249,144444,23,3417,1436,1433
1250,144540,20,3419,1428,1439
1251,144609,21,3422,1418,1452
1252,144697,22,3435,1424,1449
1253,144846,87,3446,1420,1451
1254,144952,24,3451,1414,1454
1255,145050,26,3456,1413,1457
1256,145139,22,3458,1407,1459
1257,145233,21,3460,1399,1462
1258,145345,22,3458,1390,1467
1259,145454,21,3462,1383,1472
1260,145537,23,3471,1377,1479
1261,145633,23,3479,1373,1479
1262,145716,22,3492,1382,1485
1263,145796,22,3481,1375,1478
1264,145902,22,3485,1357,1496
1265,145999,23,3491,1354,1503
1266,146116,23,3494,1347,1509
1267,146212,25,3500,1349,1509
1268,146302,22,3497,1340,1509
1269,146406,23,3499,1333,1523
1270,146504,23,3497,1327,1524
1271,146688,21,3516,1329,1546
1272,146763,22,3548,1354,1546
1273,146867,22,3551,1351,1547
1274,146955,23,3553,1349,1550
1275,147045,22,3552,1348,1549
1276,147139,22,3550,1339,1551
1277,147233,22,3554,1336,1554
1278,147341,23,3555,1334,1560
1279,147434,22,3559,1335,1561
1280,147535,23,3563,1333,1564
1281,147643,22,3566,1328,1567
1282,147729,23,3573,1332,1564
1283,147822,23,3577,1336,1562
1284,147926,24,3576,1322,1565
1285,148030,24,3578,1318,1571
1286,148122,23,3575,1315,1566
1287,148207,24,3579,1313,1571
1288,148295,25,3579,1313,1565
1289,148477,23,3589,1315,1561
1290,148550,22,3597,1318,1566
1291,148639,23,3599,1316,1567
1292,148737,26,3602,1315,1565
1293,148838,21,3617,1317,1575
1294,148945,24,3612,1313,1576
1295,149057,23,3614,1313,1580
1296,149163,23,3623,1317,1578
1297,149252,23,3619,1310,1579
1298,149347,24,3614,1302,1582
1299,149447,23,3621,1310,1581
1300,149551,25,3635,1321,1579
1301,149652,25,3644,1320,1578
1302,149754,25,3644,1319,1583
1303,149844,24,3644,1301,1603
1304,149941,25,3654,1312,1598
1305,150050,25,3658,1303,1611
1306,150167,24,3665,1281,1647
1307,150346,22,3677,1227,1731
1308,150477,24,3679,1221,1738
1309,150594,24,3678,1187,1784
1310,150711,23,3681,1154,1820
1311,150808,24,3687,1155,1829
1312,150917,25,3699,1117,1898
1313,151029,23,3715,1104,1928
1314,151123,24,3720,1095,1947
1315,151229,23,3724,1077,1967
1316,151356,24,3735,1062,2003
1317,151459,22,3735,1020,2053
1318,151597,28,3744,1011,2074
1319,151709,24,3743,992,2098
1320,151823,24,3746,999,2092
1321,151913,25,3757,1002,2104
1322,152013,23,3761,1006,2102
1323,152114,25,3774,999,2121
1324,152227,22,3775,996,2125
1325,152402,23,3784,1004,2125
1326,152514,23,3789,1000,2133
1327,152624,24,3791,983,2160
1328,152751,24,3805,991,2170
1329,152871,24,3814,967,2205
1330,152981,23,3826,952,2244
1331,153087,24,3827,944,2256
1332,153194,25,3831,936,2266
1333,153314,25,3830,937,2264
1334,153434,25,3834,922,2285
1335,153531,23,3834,910,2295
1336,153635,25,3837,897,2315
1337,153740,25,3838,885,2325
1338,153870,24,3837,869,2338
1339,153990,24,3840,852,2363
1340,154089,26,3843,839,2386
1341,154201,25,3846,842,2383
1342,154300,26,3862,854,2376
1343,154490,24,3864,833,2399
1344,154579,24,3872,824,2422
1345,154693,25,3872,814,2428
1346,154787,23,3896,838,2425
1347,154881,25,3908,845,2432
1348,154990,24,3913,838,2441
1349,155111,25,3911,823,2456
1350,155213,26,3915,815,2477
1351,155324,25,3913,807,2488
1352,155428,25,3914,795,2499
1353,155547,25,3917,783,2508
1354,155661,26,3924,782,2515
1355,155761,24,3923,777,2521
1356,155868,26,3929,771,2543
1357,155966,26,3935,771,2548
1358,156080,25,3949,771,2562
1359,156173,25,3961,779,2564
1360,156300,32,3963,778,2563
1361,157830,26,3972,684,2704
1362,157941,27,3976,688,2702
1363,158050,27,3984,687,2704
1364,158162,24,3988,685,2715
1365,158263,23,3992,690,2709
1366,158373,24,3992,693,2705
1367,158463,25,3990,693,2703
1368,158561,24,3992,702,2693
1369,158663,23,4005,716,2689
1370,158766,26,4012,725,2687
1371,158869,25,4013,728,2683
1372,158967,26,4014,729,2683
1373,159084,26,4014,730,2681
1374,159205,30,4013,731,2676
1375,159300,25,4013,733,2672
1376,159401,27,4014,734,2668
1377,159510,25,4024,744,2666
1378,159615,28,4027,753,2656
1379,159702,27,4029,755,2655
1380,159859,24,4030,750,2671
1381,159952,25,4040,759,2671
1382,160064,30,4039,748,2694
1383,160168,23,4050,742,2714
1384,160273,24,4054,745,2712
1385,160389,25,4050,744,2708
1386,160496,26,4064,757,2705
1387,160596,25,4064,750,2715
1388,160693,25,4067,750,2717
1389,160793,25,4075,759,2715
1390,160880,26,4104,778,2725
1391,160991,27,4103,760,2748
1392,161101,26,4104,750,2759
1393,161207,29,4117,761,2755
1394,161323,27,4129,769,2764
1395,161434,26,4135,773,2769
1396,161548,26,4140,776,2769
1397,161664,26,4143,760,2790
1398,161815,87,4146,753,2797
1399,161911,27,4148,747,2816
1400,162012,26,4153,752,2815
1401,162109,27,4155,755,2811
1402,162215,26,4158,753,2812
1403,162323,25,4157,744,2823
1404,162437,28,4161,738,2841
1405,162548,28,4166,735,2857
1406,162672,27,4178,739,2859
1407,162769,27,4182,744,2851
1408,162878,27,4192,736,2872
1409,162972,27,4198,719,2898
1410,163084,25,4207,728,2897
1411,163177,26,4214,738,2879
1412,163291,25,4222,729,2906
1413,163392,28,4220,720,2906
1414,163496,26,4221,713,2914
1415,163594,26,4222,712,2917
1416,163706,28,4223,697,2930
1417,163891,103,4220,697,2927
1418,164015,25,4231,705,2924
1419,164108,25,4237,712,2923
1420,164209,25,4238,708,2929
1421,164301,26,4249,714,2932
1422,164413,27,4251,716,2928
1423,164506,26,4251,715,2931
1424,164612,25,4251,703,2947
1425,164713,27,4255,707,2943
1426,164832,27,4252,700,2949
1427,164942,27,4261,697,2971
1428,165045,27,4267,701,2971
1429,165144,27,4272,698,2987
1430,165243,26,4279,703,2983
1431,165368,25,4277,699,2980
1432,165467,27,4272,695,2982
1433,165572,28,4286,703,2990
1434,165675,26,4296,710,2993
1435,165778,31,4304,714,2995
1436,165961,123,4310,715,3003
1437,166078,25,4317,700,3032
1438,166274,29,4315,688,3048
1439,166381,27,4318,690,3051
1440,166471,27,4315,692,3042
1441,166577,27,4315,691,3031
1442,166666,27,4316,691,3036
1443,166765,27,4326,701,3034
1444,166862,26,4333,702,3038
1445,166976,27,4332,704,3035
1446,167085,28,4338,712,3032
1447,167186,27,4335,710,3029
1448,167293,26,4336,711,3027
1449,167404,35,4349,719,3031
1450,167503,27,4358,728,3030
1451,167601,28,4364,733,3032
1452,167705,26,4363,734,3029
1453,167816,28,4366,731,3035
1454,167910,28,4375,735,3044
1455,168087,28,4389,746,3050
1456,168181,26,4396,753,3050
1457,168272,28,4398,745,3056
1458,168370,27,4403,750,3052
1459,168473,28,4399,745,3055
1460,168593,27,4395,742,3051
1461,168700,26,4396,740,3055
1462,168792,27,4396,738,3060
1463,168886,28,4406,747,3061
1464,168992,28,4407,747,3053
1465,169083,28,4407,747,3053
1466,169196,28,4414,754,3057
1467,169299,27,4426,764,3054
1468,169418,30,4425,763,3057
1469,169517,29,4428,761,3057
1470,169602,30,4440,769,3054
1471,169708,30,4445,775,3049
1472,169802,26,4448,777,3049
1473,169990,122,4454,786,3043
1474,170094,27,4467,794,3049
1475,170206,27,4466,785,3062
1476,170313,30,4471,789,3067
1477,170414,28,4464,785,3061
1478,170521,28,4470,788,3061
1479,170622,29,4489,801,3066
1480,170725,27,4487,800,3066
1481,170829,28,4489,802,3057
1482,170931,28,4490,803,3058
1483,171036,28,4497,813,3051
1484,171144,28,4504,818,3057
1485,171247,31,4506,825,3052
1486,171344,30,4506,823,3057
1487,171436,27,4509,825,3053
1488,171532,29,4506,822,3054
1489,171623,27,4517,831,3050
1490,171729,31,4522,832,3055
1491,171936,125,4533,837,3072
1492,172031,27,4537,844,3066
1493,172139,27,4544,845,3079
1494,172263,48,4544,848,3075
1495,172365,28,4563,863,3079
1496,172466,27,4559,864,3073
1497,172561,28,4581,882,3070
1498,172674,28,4586,889,3061
1499,172760,30,4601,904,3061
1500,172863,31,4610,912,3058
1501,172960,28,4610,912,3057
1502,173071,30,4610,911,3060
1503,173178,27,4617,923,3053
1504,173264,28,4623,928,3051
1505,173370,29,4629,932,3049
1506,173463,29,4625,933,3041
1507,173561,29,4635,944,3041
1508,173764,134,4635,940,3044
1509,173878,30,4648,947,3042
1510,173976,27,4655,950,3042
1511,174070,28,4657,949,3042
1512,174170,28,4659,952,3040
1513,174262,27,4663,955,3043
1514,174373,29,4665,956,3042
1515,174478,31,4668,957,3041
1516,174593,30,4674,963,3043
1517,174686,28,4674,967,3038
1518,174806,29,4686,975,3036
1519,174905,29,4695,985,3035
1520,174995,30,4703,989,3037
1521,175096,29,4707,992,3038
1522,175200,29,4714,999,3035
1523,175432,155,4718,1007,3026
1524,175529,28,4720,996,3051
1525,175626,34,4721,993,3051
1526,175726,31,4720,991,3052
1527,175830,30,4722,991,3062
1528,175932,30,4728,991,3069
1529,176043,30,4727,989,3070
1530,176153,30,4723,987,3069
1531,176258,29,4718,982,3069
1532,176352,31,4719,988,3056
1533,176446,30,4724,995,3049
1534,176564,29,4727,996,3052
1535,176646,31,4728,997,3053
1536,176743,31,4750,1018,3049
1537,176849,32,4745,1015,3043
1538,176959,31,4752,1021,3045
1539,177199,30,4752,1018,3051
1540,177298,30,4761,1027,3050
1541,177398,30,4764,1032,3046
1542,177514,31,4768,1033,3051
1543,177627,30,4763,1030,3050
1544,177746,31,4764,1028,3056
1545,177851,31,4779,1042,3054
1546,177962,30,4786,1049,3054
1547,178073,31,4795,1056,3053
1548,178174,32,4796,1056,3053
1549,178290,31,4798,1059,3047
1550,178393,29,4798,1059,3047
1551,178498,31,4810,1076,3039
1552,178601,30,4809,1074,3041
1553,178818,145,4821,1082,3034
1554,178925,31,4822,1080,3035
1555,179043,30,4821,1081,3032
1556,179140,29,4828,1089,3027
1557,179244,31,4832,1093,3026
1558,179361,31,4841,1096,3022
1559,179462,30,4841,1091,3029
1560,179568,31,4849,1101,3023
1561,179681,32,4859,1104,3026
1562,179784,32,4865,1109,3027
1563,179900,31,4861,1109,3023
1564,180005,31,4855,1105,3021
1565,180129,32,4855,1058,3095
1566,180255,31,4857,1032,3118
1567,180379,32,4852,1033,3112
1568,180593,32,4855,995,3168
1569,180709,30,4862,974,3205
1570,180823,30,4867,964,3224
1571,180938,32,4886,949,3259
1572,181052,30,4889,941,3273
1573,181179,34,4892,919,3305
1574,181304,31,4898,910,3328
1575,181425,32,4908,915,3342
1576,181532,31,4918,920,3343
1577,181649,31,4920,903,3359
1578,181767,32,4922,888,3375
1579,181868,31,4922,878,3386
1580,181998,35,4932,884,3390
1581,182139,32,4936,871,3413
1582,182336,31,4943,875,3413
1583,182446,31,4941,871,3412
1584,182551,31,4951,866,3430
1585,182670,30,4939,865,3424
1586,182799,32,4940,846,3450
1587,182906,31,4950,817,3505
1588,183013,34,4960,819,3507
1589,183134,32,4954,790,3527
1590,183235,30,4966,799,3526
1591,183350,31,4964,797,3524
1592,183479,32,4967,767,3566
1593,183587,33,4962,761,3574
1594,183672,31,4962,753,3586
1595,183778,32,4972,759,3589
1596,185349,1496,4979,691,3711
1597,185469,32,4979,653,3767
1598,185588,32,4983,637,3790
1599,185708,31,4984,614,3822
1600,185827,30,4983,600,3842
1601,185945,32,4984,594,3847
1602,186055,30,4989,586,3858
1603,186156,30,4992,577,3875
1604,186261,32,4992,568,3882
1605,186378,32,4996,569,3885
1606,186496,31,4993,569,3882
1607,186614,33,4996,573,3876
1608,186717,31,5013,591,3873
1609,186827,31,5015,594,3872
1610,186930,32,5017,599,3869
1611,187087,31,5016,600,3866
1612,187199,30,5024,612,3862
1613,187305,32,5030,620,3858
1614,187423,30,5036,627,3851
1615,187538,29,5038,629,3847
1616,187646,32,5040,634,3836
1617,187772,30,5038,635,3832
1618,187901,32,5044,639,3824
1619,187997,31,5042,623,3840
1620,188093,32,5057,621,3860
1621,188206,33,5067,620,3871
1622,188319,32,5070,622,3872
1623,188443,30,5071,611,3891
1624,188561,31,5087,621,3896
1625,188655,30,5087,625,3889
1626,188829,32,5086,618,3892
1627,188941,31,5092,623,3893
1628,189043,32,5097,627,3889
1629,189141,32,5098,626,3891
1630,189253,32,5102,630,3890
1631,189360,32,5107,625,3894
1632,189468,32,5122,631,3907
1633,189579,32,5122,622,3918
1634,189689,32,5126,624,3919
1635,189792,33,5128,619,3925
1636,189907,33,5129,618,3927
1637,190019,33,5131,621,3924
1638,190129,32,5134,611,3940
1639,190233,32,5138,614,3942
1640,190377,75,5140,604,3957
1641,190479,31,5142,598,3966
1642,190593,32,5138,587,3983
1643,190705,31,5140,592,3979
1644,190818,31,5141,594,3978
1645,190913,34,5149,597,3985
1646,191026,34,5161,601,4001
1647,191134,33,5165,589,4010
1648,191250,33,5163,588,4006
1649,191367,32,5169,596,4007
1650,191484,33,5173,584,4024
1651,191595,32,5179,584,4032
1652,191706,32,5181,584,4034
1653,191822,34,5187,590,4029
1654,191914,34,5193,593,4025
1655,192094,84,5194,588,4032
1656,192190,33,5207,599,4033
1657,192292,33,5204,596,4035
1658,192397,32,5211,603,4027
1659,192531,33,5212,590,4043
1660,192647,31,5210,580,4054
1661,192763,33,5213,583,4051
1662,192853,32,5223,589,4058
1663,192938,32,5234,600,4051
1664,193044,34,5229,596,4054
1665,193151,31,5238,603,4054
1666,193255,38,5240,598,4067
1667,193360,31,5237,588,4087
1668,193477,31,5240,597,4076
1669,193580,32,5241,600,4074
1670,193732,33,5251,605,4085
1671,193842,35,5264,611,4084
1672,193961,32,5267,611,4089
1673,194069,33,5266,600,4105
1674,194171,32,5286,615,4112
1675,194286,34,5289,615,4117
1676,194394,33,5289,613,4123
1677,194498,34,5291,615,4123
1678,194609,34,5295,612,4132
1679,194712,34,5296,611,4133
1680,194824,34,5296,611,4135
1681,194949,32,5301,619,4118
1682,195061,35,5302,617,4126
1683,195178,34,5317,629,4122
1684,195375,119,5318,630,4118
1685,195484,34,5321,629,4120
1686,195592,35,5322,629,4124
1687,195699,33,5314,625,4120
1688,195809,32,5318,629,4119
1689,195915,33,5328,639,4116
1690,196025,33,5326,641,4108
1691,196150,34,5331,644,4108
1692,196268,33,5329,633,4119
1693,196389,33,5332,634,4116
1694,196514,34,5330,624,4127
1695,196630,34,5329,619,4132
1696,196750,33,5329,618,4137
1697,196863,32,5327,615,4133
1698,196969,36,5329,615,4134
1699,197166,118,5343,626,4137
1700,197284,34,5343,621,4145
1701,197392,33,5358,627,4147
1702,197501,32,5356,628,4141
1703,197601,32,5359,631,4141
1704,197708,31,5366,637,4133
1705,197807,33,5371,642,4129
1706,197930,34,5371,628,4153
1707,198046,33,5369,631,4148
1708,198143,32,5367,629,4146
1709,198243,35,5368,630,4146
1710,198348,35,5369,624,4153
1711,198455,32,5381,631,4158
1712,198570,34,5381,631,4160
1713,198668,35,5382,630,4165
1714,198876,31,5381,628,4166
1715,198980,33,5380,625,4173
1716,199094,34,5399,634,4181
1717,199213,33,5400,633,4185
1718,199313,34,5407,636,4185
1719,199435,33,5411,637,4190
1720,199550,32,5432,653,4187
1721,199679,31,5442,661,4186
1722,199793,36,5441,657,4189
1723,199903,34,5435,647,4194
1724,200006,33,5435,648,4193
1725,200107,39,5446,659,4190
1726,200201,33,5449,661,4192
1727,200320,33,5451,658,4204
1728,200428,32,5450,650,4220
1729,200650,144,5452,650,4223
1730,200755,36,5452,649,4223
1731,200868,32,5451,648,4226
1732,200993,35,5449,646,4226
1733,201103,36,5451,651,4224
1734,201211,38,5450,650,4222
1735,201323,33,5448,647,4224
1736,201425,34,5470,670,4218
1737,201531,35,5471,671,4212
1738,201626,34,5479,682,4200
1739,201743,35,5476,680,4200
1740,201850,34,5478,679,4207
1741,201958,35,5483,683,4207
1742,202091,34,5486,684,4207
1743,202217,35,5484,676,4212
1744,202417,125,5489,678,4211
1745,202522,34,5490,678,4212
1746,202634,32,5492,680,4212
1747,202753,34,5490,682,4211
1748,202876,33,5491,683,4215
1749,203004,35,5493,678,4216
1750,203107,37,5504,683,4215
1751,203239,45,5512,688,4219
1752,203366,39,5512,690,4213
1753,203489,34,5517,691,4210
1754,203615,37,5531,705,4204
1755,203714,37,5537,711,4198
1756,203827,38,5539,713,4197
1757,203925,34,5540,713,4196
1758,204033,36,5542,714,4197
1759,204276,153,5541,713,4196
1760,204415,44,5548,717,4204
1761,204523,38,5553,722,4190
1762,204638,35,5567,732,4185
1763,204781,50,5566,729,4184
1764,204904,35,5575,736,4184
1765,205019,42,5577,738,4178
1766,205145,34,5581,739,4189
1767,205261,41,5592,744,4189
1768,205392,37,5589,741,4177
1769,205511,40,5596,742,4173
1770,205633,34,5594,742,4171
1771,205768,34,5599,747,4165
1772,205872,33,5607,751,4166
1773,205997,35,5606,749,4174
1774,206185,120,5613,758,4165
1775,206298,37,5621,765,4164
1776,206426,37,5622,765,4165
1777,206538,36,5625,761,4177
1778,206644,34,5628,764,4175
1779,206754,38,5620,763,4171
1780,206867,37,5617,763,4171
1781,206978,37,5629,772,4174
1782,207096,36,5636,777,4173
1783,207219,37,5635,772,4176
1784,207336,40,5635,771,4177
1785,207454,47,5640,782,4165
1786,207564,35,5646,789,4158
1787,207677,36,5650,790,4157
1788,207799,36,5651,791,4157
1789,207986,116,5659,797,4156
1790,208095,35,5676,812,4149
1791,208214,35,5691,826,4143
1792,208309,34,5698,824,4159
1793,208409,36,5713,838,4158
1794,208500,35,5712,838,4157
1795,208607,36,5718,839,4162
1796,208726,36,5720,838,4166
1797,208832,35,5734,852,4161
1798,208959,36,5735,851,4164
1799,209053,37,5744,860,4163
1800,209181,42,5742,856,4161
1801,209293,39,5738,856,4157
1802,209396,37,5757,875,4155
1803,209497,37,5752,869,4155
1804,209679,105,5751,864,4151
1805,209809,36,5759,871,4146
1806,209910,37,5770,879,4147
1807,210034,37,5789,893,4149
1808,210167,37,5793,887,4173
1809,210297,33,5795,868,4208
1810,210427,35,5803,849,4248
1811,210562,37,5803,832,4270
1812,210709,38,5811,813,4297
1813,210829,37,5820,813,4308
1814,210959,36,5815,791,4344
1815,211082,36,5815,790,4340
1816,211199,35,5827,800,4334
1817,211315,38,5828,804,4334
1818,211440,37,5832,796,4346
1819,211646,112,5833,789,4361
1820,211762,40,5838,785,4362
1821,211890,37,5837,786,4358
1822,212011,36,5839,771,4380
1823,212145,38,5841,753,4417
1824,212270,37,5858,770,4409
1825,212400,35,5860,752,4432
1826,212519,37,5853,746,4436
1827,212651,35,5851,719,4467
1828,212768,37,5871,714,4496
1829,212883,36,5873,691,4532
1830,213017,35,5887,703,4534
1831,213133,35,5888,687,4550
1832,213263,36,5886,668,4568
1833,213386,37,5889,657,4593
1834,213579,36,5890,649,4611
1835,213693,37,5889,643,4625
1836,213813,38,5890,635,4635
1837,213945,37,5891,625,4647
1838,214088,40,5895,629,4642
1839,214215,35,5904,639,4640
1840,214335,39,5905,640,4640
1841,214461,37,5906,641,4640
1842,214590,38,5908,643,4633
1843,214700,38,5909,644,4631
1844,214817,38,5927,663,4627
1845,214922,35,5927,666,4624
1846,215029,36,5933,676,4616
1847,215156,37,5935,685,4609
1848,215276,38,5941,693,4607
1849,215498,47,5944,689,4620
1850,215626,38,5946,691,4614
1851,215741,37,5956,680,4654
1852,215848,36,5957,673,4661
1853,215957,37,5970,683,4653
1854,216076,36,5972,681,4660
1855,216198,40,5981,678,4668
1856,216334,39,5989,681,4671
1857,216471,48,5994,676,4686
1858,216614,40,5992,679,4681
1859,216739,36,5990,660,4702
1860,216863,36,6003,651,4729
1861,216979,39,6009,636,4761
1862,217101,37,6017,634,4767
1863,217207,36,6017,631,4774
1864,217409,38,6022,628,4781
1865,217535,38,6023,620,4792
1866,217672,38,6018,619,4786
1867,217800,39,6017,608,4799
1868,217906,38,6018,598,4809
1869,218012,39,6018,591,4821
1870,218111,37,6018,579,4844
1871,218233,40,6021,575,4860
1872,218319,40,6033,575,4883
1873,218435,40,6051,583,4886
1874,218575,38,6061,586,4888
1875,218688,35,6060,586,4887
1876,218810,43,6069,595,4887
1877,218942,37,6073,593,4897
1878,219062,40,6074,596,4893
1879,219237,100,6081,593,4903
1880,219355,40,6085,599,4899
1881,219460,36,6091,603,4902
1882,219579,39,6101,602,4907
1883,219684,37,6102,593,4922
1884,219807,37,6111,600,4923
1885,219928,38,6116,601,4934
1886,220063,39,6125,610,4929
1887,220187,34,6127,603,4940
1888,228717,40,6128,373,5383
1889,233456,13,1300,293,690
1890,233552,9,1306,297,685
1891,233651,9,1306,297,685
1892,233728,9,1306,297,685
1893,233833,9,1314,306,682
1894,233949,11,1315,306,684
1895,234061,9,1310,302,692
1896,234169,8,1324,306,694
1897,234270,9,1336,315,693
1898,234372,10,1338,317,693
1899,234455,9,1343,321,687
1900,234552,9,1366,337,681
1901,234660,11,1382,348,688
1902,234741,10,1386,349,688
1903,234844,10,1383,351,682
1904,234940,10,1381,352,678
1905,235034,10,1386,353,676
1906,235134,11,1395,363,675
1907,235223,9,1404,371,675
1908,235306,10,1405,367,682
1909,235395,10,1413,377,673
1910,235501,10,1408,378,665
1911,235678,9,1416,383,670
1912,235752,9,1422,385,673
1913,235853,9,1422,385,673
1914,235958,9,1422,385,673
1915,236051,10,1424,386,676
1916,236137,10,1432,394,669
1917,236250,8,1439,397,669
1918,236363,10,1448,404,667
1919,236469,10,1455,408,671
1920,236550,10,1462,410,671
1921,236634,10,1459,409,664
1922,236719,10,1465,415,664
1923,236811,9,1464,417,661
1924,236894,9,1473,426,656
1925,236987,10,1480,435,653
1926,237068,10,1479,434,656
1927,237159,10,1483,436,655
1928,237247,9,1483,439,650
1929,237359,10,1486,442,650
1930,237454,10,1489,444,650
1931,237552,10,1485,443,647
1932,237639,11,1485,445,642
1933,237720,10,1487,447,642
1934,237818,10,1487,447,639
1935,237906,11,1490,447,643
1936,238006,10,1492,449,643
1937,238117,11,1499,454,648
1938,238206,11,1501,461,640
1939,238292,10,1523,479,636
1940,238381,11,1527,483,635
1941,238588,9,1531,486,636
1942,238672,10,1528,486,638
1943,238774,10,1540,497,634
1944,238866,9,1541,498,634
1945,238952,10,1557,509,635
1946,239044,10,1560,512,635
1947,239151,10,1574,520,638
1948,239256,11,1581,526,638
1949,239345,10,1584,529,638
1950,239435,11,1585,530,638
1951,239524,13,1586,531,634
1952,239604,10,1594,539,630
1953,239681,10,1595,540,628
1954,239774,10,1599,548,624
1955,239890,14,1595,546,626
1956,240007,12,1602,540,643
1957,240120,11,1607,526,668
1958,240228,10,1611,508,695
1959,240341,11,1616,510,699
1960,240439,11,1627,483,739
1961,240544,12,1642,477,761
1962,240647,12,1651,477,769
1963,240748,12,1661,487,768
1964,240856,10,1666,476,796
1965,240953,12,1689,489,807
1966,241057,10,1693,485,824
1967,241146,12,1702,476,849
1968,241246,11,1713,480,862
1969,241357,14,1718,483,861
1970,242868,11,1721,383,1042
1971,242976,11,1723,384,1042
1972,243076,14,1724,377,1054
1973,243178,11,1731,376,1061
1974,243263,12,1737,372,1071
1975,243362,11,1738,372,1075
1976,243467,13,1747,379,1074
1977,243568,12,1748,382,1072
1978,243668,12,1751,385,1072
1979,243777,14,1756,391,1071
1980,243879,14,1757,386,1077
1981,243984,12,1778,404,1085
1982,244081,12,1793,410,1096
1983,244172,12,1801,416,1103
1984,244276,13,1810,422,1110
1985,244371,12,1812,421,1116
1986,244469,12,1824,427,1128
1987,244566,13,1817,418,1132
1988,244658,14,1821,420,1131
1989,244763,13,1826,414,1142
1990,244857,13,1840,425,1145
1991,244965,13,1844,429,1141
1992,245076,12,1855,433,1153
1993,245167,13,1865,437,1161
1994,245275,12,1871,442,1157
1995,245384,14,1872,447,1152
1996,245540,72,1886,460,1146
1997,245636,14,1889,463,1146
1998,245733,12,1888,457,1156
1999,245840,12,1894,463,1155
2000,245928,12,1916,479,1152
2001,246028,12,1922,482,1153
2002,246114,13,1930,490,1152
2003,246220,13,1937,492,1154
2004,246302,13,1953,508,1148
2005,246400,13,1965,519,1149
2006,246486,14,1969,525,1147
2007,246582,13,1969,523,1145
2008,246682,13,1972,528,1138
2009,246788,14,1977,525,1147
2010,246902,13,1978,526,1144
2011,247006,14,1980,528,1146
2012,247106,13,1982,525,1150
2013,247213,13,1993,539,1146
2014,247301,14,1995,544,1142
2015,247386,14,1999,547,1142
2016,247478,13,2002,539,1158
2017,247592,14,2005,542,1154
2018,247696,14,2023,560,1153
2019,247793,14,2033,567,1156
2020,247889,13,2036,568,1157
2021,247986,14,2033,571,1151
2022,248149,79,2037,578,1145
2023,248225,13,2048,591,1142
2024,248315,15,2055,598,1141
2025,248402,14,2058,608,1135
2026,248480,15,2059,609,1132
2027,248565,13,2060,610,1132
2028,248654,14,2055,602,1140
2029,248763,13,2063,614,1134
2030,248881,13,2066,617,1131
2031,248963,13,2067,609,1144
2032,249041,14,2072,608,1153
2033,249133,13,2086,620,1151
2034,249226,16,2103,636,1151
2035,249310,14,2111,647,1146
2036,249391,15,2112,649,1143
2037,249480,14,2119,647,1160
2038,249582,14,2134,659,1163
2039,249688,14,2141,666,1162
2040,249768,15,2146,671,1162
2041,249872,15,2150,675,1161
2042,249973,15,2159,681,1161
2043,250063,15,2162,684,1160
2044,250147,15,2182,694,1167
2045,250227,15,2183,695,1162
2046,250307,16,2197,709,1159
2047,250410,14,2206,718,1158
2048,250617,117,2221,733,1158
2049,250704,15,2229,741,1158
2050,250803,14,2241,749,1158
2051,250903,14,2243,751,1158
2052,250994,14,2252,758,1155
2053,251109,15,2255,761,1155
2054,251219,15,2265,771,1155
2055,251322,14,2279,786,1152
2056,251429,14,2282,789,1152
2057,251501,14,2282,791,1149
2058,251596,15,2283,792,1149
2059,251688,15,2288,797,1145
2060,251776,15,2293,802,1144
2061,251863,15,2298,807,1140
2062,251971,16,2303,815,1137
2063,252057,16,2306,817,1137
2064,252157,16,2328,839,1137
2065,252253,16,2329,840,1137
2066,252368,15,2330,841,1137
2067,252465,16,2347,856,1134
2068,252568,15,2346,858,1129
2069,252650,18,2354,873,1122
2070,252745,17,2365,882,1120
2071,252824,16,2376,895,1117
2072,252926,16,2389,908,1116
2073,253111,118,2391,910,1116
2074,253204,14,2394,913,1116
2075,253289,16,2412,931,1116
2076,253380,16,2422,941,1116
2077,253471,15,2434,952,1115
2078,253569,16,2437,955,1115
2079,253661,16,2438,958,1112
2080,253759,17,2441,961,1111
2081,253854,16,2450,970,1110
2082,253944,16,2455,975,1110
2083,254040,16,2455,978,1107
2084,254145,16,2460,983,1107
2085,254234,17,2473,996,1106
2086,254330,17,2476,999,1106
2087,254417,16,2481,1004,1103
2088,254515,17,2477,1004,1099
2089,254619,17,2481,1011,1101
2090,254716,17,2492,1022,1100
2091,254795,16,2498,1028,1100
2092,254906,16,2502,1036,1093
2093,255011,16,2503,1040,1090
2094,255090,17,2505,1042,1090
2095,255188,16,2518,1054,1085
2096,255280,17,2525,1058,1083
2097,255474,16,2539,1072,1083
2098,255577,17,2542,1075,1081
2099,255667,16,2556,1089,1080
2100,255762,16,2558,1091,1079
2101,255862,17,2583,1116,1079
2102,255946,16,2596,1129,1079
2103,256042,17,2597,1133,1075
2104,256117,17,2598,1134,1074
2105,256222,17,2602,1138,1073
2106,256315,17,2613,1149,1072
2107,256406,17,2626,1162,1072
2108,256499,16,2648,1184,1071
2109,256581,17,2652,1188,1071
2110,256660,17,2658,1193,1074
2111,256760,17,2674,1209,1072
2112,256859,18,2677,1212,1072
2113,256954,18,2680,1215,1072
2114,257022,19,2681,1216,1072
2115,257104,18,2692,1227,1072
2116,257203,18,2702,1237,1072
2117,257298,19,2708,1243,1065
2118,257392,18,2708,1243,1065
2119,257498,18,2711,1246,1061
2120,257706,141,2719,1259,1056
2121,257796,17,2724,1264,1056
2122,257883,17,2727,1270,1053
2123,257982,17,2730,1273,1053
2124,258070,18,2741,1284,1053
2125,258163,17,2745,1288,1053
2126,258247,17,2750,1293,1052
2127,258337,18,2757,1300,1052
2128,258438,17,2767,1310,1052
2129,258542,16,2769,1313,1050
2130,258668,28,2765,1314,1045
2131,258764,18,2785,1332,1043
2132,258876,18,2779,1332,1037
2133,258973,18,2791,1344,1037
2134,259063,17,2799,1352,1037
2135,259163,18,2806,1359,1037
2136,259269,18,2811,1364,1036
2137,259381,18,2817,1372,1033
2138,259470,18,2830,1385,1033
2139,259578,19,2837,1392,1033
2140,259822,18,2838,1395,1030
2141,259943,23,2839,1400,1026
2142,260017,18,2851,1411,1025
2143,260107,17,2856,1415,1025
2144,260206,19,2856,1419,1021
2145,260295,18,2870,1433,1021
2146,260384,18,2872,1435,1020
2147,260484,18,2876,1439,1020
2148,260580,18,2881,1444,1020
2149,260686,18,2882,1446,1016
2150,260775,19,2901,1465,1013
2151,260873,19,2906,1470,1013
2152,260969,19,2913,1474,1014
2153,261066,18,2919,1480,1014
2154,261164,18,2919,1480,1014
2155,261273,19,2938,1499,1010
2156,261369,19,2939,1500,1010
2157,261470,19,2941,1502,1010
2158,261556,19,2954,1515,1009
2159,261808,167,2955,1516,1009
2160,261906,19,2965,1524,1006
2161,262016,19,2966,1525,1006
2162,262105,19,2969,1528,1006
2163,262188,19,2982,1541,1006
2164,262320,18,2984,1545,1001
2165,262406,19,2988,1549,1001
2166,262499,20,2992,1553,999
2167,262609,20,2996,1557,999
2168,262701,20,2998,1559,996
2169,262797,20,3001,1562,996
2170,262900,19,3002,1565,994
2171,263009,20,3007,1570,994
2172,263110,20,3020,1583,993
2173,263202,19,3024,1587,993
2174,263334,27,3031,1594,992
2175,263598,169,3036,1588,1001
2176,263703,20,3038,1561,1016
2177,263800,19,3039,1556,1019
2178,263894,20,3052,1558,1028
2179,263989,20,3075,1571,1032
2180,264085,20,3079,1567,1036
2181,264164,19,3082,1566,1042
2182,264269,19,3088,1548,1065
2183,264360,19,3098,1543,1075
2184,264450,20,3098,1534,1080
2185,264564,20,3102,1532,1081
2186,264657,20,3101,1519,1092
2187,264772,21,3121,1521,1092
2188,264871,20,3130,1524,1093
2189,264973,20,3144,1533,1094
2190,265060,21,3145,1530,1099
2191,265310,166,3151,1523,1101
2192,265406,20,3154,1494,1126
2193,265512,19,3161,1500,1126
2194,265617,20,3164,1500,1126
2195,265728,20,3167,1496,1127
2196,265835,22,3169,1476,1135
2197,265925,20,3181,1475,1146
2198,266021,19,3185,1477,1146
2199,266121,26,3191,1481,1146
2200,266214,23,3200,1478,1149
2201,266300,21,3207,1478,1148
2202,266384,21,3211,1476,1148
2203,266491,21,3215,1471,1156
2204,266579,22,3216,1462,1163
2205,266655,22,3218,1465,1164
2206,266749,21,3227,1463,1173
2207,266971,20,3227,1459,1176
2208,267050,21,3227,1451,1178
2209,267167,21,3230,1448,1185
2210,267262,20,3231,1442,1188
2211,267357,21,3244,1444,1192
2212,267438,20,3251,1445,1199
2213,267537,21,3254,1434,1205
2214,267633,22,3259,1431,1207
2215,267740,24,3264,1425,1213
2216,267844,24,3264,1420,1215
2217,267954,22,3264,1413,1217
2218,268047,21,3267,1403,1230
2219,268145,21,3275,1401,1240
2220,268235,23,3287,1411,1245
2221,268346,22,3295,1411,1251
2222,268573,124,3295,1400,1254
2223,268653,20,3302,1405,1255
2224,268749,22,3314,1409,1256
2225,268845,22,3312,1403,1254
2226,268940,24,3314,1393,1255
2227,269029,21,3319,1389,1264
2228,269120,22,3323,1380,1267
2229,269206,23,3335,1390,1268
2230,269305,22,3337,1387,1274
2231,269411,23,3338,1380,1277
2232,269508,21,3331,1372,1278
2233,269608,22,3338,1376,1282
2234,269719,22,3339,1369,1294
2235,269829,24,3351,1380,1293
2236,269924,25,3356,1374,1295
2237,270032,23,3356,1356,1319
2238,270239,22,3359,1274,1418
2239,270358,21,3361,1255,1439
2240,270466,22,3373,1231,1491
2241,270584,21,3376,1202,1526
2242,270707,22,3377,1186,1547
2243,270839,20,3375,1122,1619
2244,270952,21,3380,1093,1665
2245,271044,21,3385,1079,1692
2246,271152,23,3389,1071,1702
2247,271263,23,3390,1045,1730
2248,271371,23,3395,1045,1732
2249,271484,23,3395,1047,1726
2250,271584,23,3395,1051,1717
2251,271694,22,3406,1063,1713
2252,271796,24,3408,1068,1708
2253,271984,24,3420,1080,1708
2254,272097,22,3415,1080,1703
2255,272217,23,3412,1081,1699
2256,272340,25,3416,1085,1695
2257,272457,23,3429,1098,1688
2258,272558,22,3435,1105,1685
2259,272669,22,3434,1107,1680
2260,272768,22,3435,1113,1669
2261,272891,23,3434,1101,1681
2262,272999,22,3435,1066,1713
2263,273111,23,3436,1056,1733
2264,273214,21,3437,1040,1755
2265,273324,24,3457,1048,1768
2266,273436,23,3465,1035,1792
2267,273545,22,3471,1028,1799
2268,275074,1445,3481,868,2023
2269,275180,23,3484,828,2076
2270,275276,24,3493,820,2091
2271,275381,25,3508,815,2111
2272,275499,24,3516,817,2105
2273,275615,23,3517,815,2116
2274,275729,23,3520,786,2152
2275,275828,23,3536,800,2159
2276,275943,22,3536,788,2170
2277,276048,23,3539,766,2204
2278,276149,24,3549,771,2210
2279,276257,21,3561,759,2242
2280,276365,23,3574,762,2248
2281,276469,22,3575,755,2266
2282,276569,24,3580,760,2266
2283,276670,23,3590,743,2291
2284,276820,24,3589,725,2312
2285,276935,24,3592,720,2313
2286,277052,23,3594,712,2325
2287,277145,22,3600,720,2319
2288,277248,22,3599,700,2336
2289,277365,26,3598,684,2346
2290,277488,29,3598,674,2361
2291,277590,23,3612,682,2361
2292,277683,24,3617,671,2369
2293,277783,25,3620,664,2375
2294,277885,26,3625,668,2378
2295,278010,28,3632,668,2382
2296,278127,25,3637,670,2380
2297,278229,29,3640,672,2383
2298,278355,28,3670,693,2390
2299,278505,72,3671,671,2413
2300,278624,23,3675,662,2427
2301,278740,24,3675,664,2427
2302,278847,24,3683,657,2443
2303,278958,29,3680,653,2442
2304,279074,25,3698,666,2442
2305,279230,51,3699,665,2446
2306,279381,48,3701,660,2456
2307,279716,36,3719,659,2475
2308,279853,32,3716,654,2476
2309,279958,35,3727,660,2487
2310,280075,28,3732,660,2486
2311,280205,25,3742,673,2483
2312,280317,27,3744,674,2488
2313,280443,27,3746,650,2522
2314,280620,30,3753,655,2520
2315,280798,26,3753,639,2533
2316,280918,25,3769,643,2544
2317,281040,26,3772,647,2539
2318,281163,25,3774,648,2539
2319,281281,29,3777,645,2546
2320,281389,26,3774,643,2543
2321,281502,29,3784,645,2559
2322,281636,27,3790,635,2581
2323,281754,27,3787,635,2578
2324,281873,26,3785,627,2578
2325,281979,27,3786,607,2602
2326,282108,28,3812,625,2604
2327,282234,33,3819,626,2618
2328,282341,30,3820,628,2618
2329,282448,31,3821,621,2626
2330,282633,27,3824,614,2629
2331,282744,30,3838,622,2631
2332,282847,27,3837,622,2630
2333,282939,28,3846,631,2630
2334,283047,24,3848,633,2627
2335,283160,27,3846,631,2625
2336,283258,26,3852,633,2632
2337,283377,24,3853,633,2633
2338,283503,26,3850,631,2633
2339,283603,24,3852,628,2638
2340,283716,31,3861,634,2639
2341,283813,29,3864,638,2633
2342,283907,27,3865,641,2639
2343,284028,26,3883,655,2644
2344,284133,24,3882,656,2642
2345,284283,89,3888,659,2642
2346,284361,25,3907,668,2651
2347,284469,29,3912,675,2640
2348,284579,25,3917,680,2641
2349,284689,25,3914,673,2642
2350,284810,25,3920,677,2641
2351,284918,26,3909,675,2635
2352,285018,24,3923,689,2635
2353,285122,26,3936,704,2633
2354,285239,26,3941,707,2629
2355,285340,27,3941,706,2625
2356,285435,26,3948,713,2618
2357,285560,27,3957,719,2614
2358,285684,37,3961,705,2631
2359,285786,26,3964,710,2627
2360,285955,38,3962,707,2632
2361,286138,25,3969,704,2638
2362,286235,26,3974,704,2647
2363,286344,24,3977,705,2647
2364,286445,25,3990,717,2650
2365,286546,24,3998,722,2654
2366,286651,26,4010,730,2657
2367,286764,26,4013,733,2663
2368,286886,29,4012,731,2661
2369,286996,25,4017,735,2663
2370,287101,28,4016,732,2662
2371,287220,36,4026,744,2657
2372,287377,50,4029,740,2664
2373,287632,66,4037,739,2666
2374,287783,30,4035,738,2663
2375,287928,30,4036,741,2663
2376,288107,90,4034,741,2661
2377,288222,28,4037,744,2665
2378,288347,28,4048,754,2676
2379,288449,28,4052,753,2690
2380,288567,27,4054,753,2688
2381,288688,40,4067,769,2681
2382,288775,28,4076,770,2693
2383,288881,27,4081,775,2697
2384,288992,27,4079,771,2702
2385,289111,32,4087,778,2706
2386,289229,29,4087,774,2714
2387,289340,27,4094,775,2727
2388,289512,33,4102,783,2727
2389,289624,30,4103,783,2727
2390,289740,38,4103,773,2740
2391,289860,27,4107,776,2738
2392,290075,134,4112,770,2753
2393,290196,34,4112,765,2760
2394,290316,27,4120,772,2763
2395,290450,27,4122,775,2760
2396,290552,34,4122,770,2764
2397,290691,44,4127,773,2766
2398,290775,29,4127,772,2767
2399,290880,29,4129,774,2765
2400,291006,38,4141,785,2764
2401,291148,33,4143,783,2779
2402,291292,36,4148,785,2777
2403,291422,36,4146,784,2778
2404,291562,37,4154,778,2799
2405,291699,34,4154,777,2804
2406,291849,34,4161,784,2794
2407,291970,36,4181,798,2789
2408,292208,139,4181,795,2792
2409,292330,36,4182,789,2803
2410,292453,31,4179,784,2810
2411,292579,28,4184,786,2812
2412,292700,49,4192,786,2812
2413,292851,41,4209,800,2810
2414,292982,37,4209,797,2811
2415,293135,36,4203,795,2811
2416,293283,30,4204,794,2811
2417,293373,31,4218,803,2816
2418,293611,41,4223,806,2814
2419,293751,36,4221,806,2812
2420,293897,32,4232,816,2809
2421,294040,39,4229,810,2817
2422,294169,52,4227,810,2815
2423,294384,61,4226,804,2821
2424,294507,45,4226,800,2822
2425,294642,33,4233,804,2824
2426,294876,30,4244,817,2823
2427,294994,31,4245,818,2824
2428,295116,31,4240,820,2816
2429,295228,33,4242,822,2813
2430,295349,30,4244,827,2803
2431,295499,33,4244,829,2803
2432,295638,33,4245,826,2814
2433,295757,37,4261,840,2807
2434,295924,35,4270,848,2805
2435,296049,30,4272,849,2801
2436,296216,45,4286,859,2801
2437,296333,30,4295,872,2793
2438,296446,29,4306,883,2788
2439,296598,34,4308,886,2783
2440,296747,29,4318,893,2788
2441,296878,40,4311,887,2786
2442,297066,108,4325,897,2782
2443,297222,40,4323,889,2784
2444,297360,42,4326,889,2789
2445,297510,42,4326,887,2791
2446,297655,61,4327,888,2790
2447,297755,28,4326,886,2792
2448,297867,33,4327,885,2796
2449,298009,35,4325,878,2801
2450,298132,32,4330,881,2787
2451,298284,31,4335,879,2784
2452,298401,35,4335,877,2791
2453,298526,36,4336,877,2796
2454,298639,33,4345,885,2790
2455,298792,33,4349,882,2802
2456,298890,30,4348,882,2801
2457,299016,35,4348,884,2798
2458,299149,36,4353,889,2792
2459,299282,40,4357,897,2788
2460,299491,139,4359,898,2787
2461,299637,29,4355,890,2793
2462,299801,34,4354,891,2790
2463,299917,35,4357,895,2788
2464,300053,35,4356,887,2799
