tick,timestamp,query_runtime,trav_index_nodes,trav_vol_nodes,trav_unprod_nodes
0,546,18,6,6,0
1,820,2,16,16,0
2,1034,2,37,37,0
3,1359,4,46,46,0
4,1597,3,50,50,0
5,1833,2,58,58,0
6,2020,2,65,65,0
7,2205,1,72,72,0
8,2394,2,78,78,0
9,2551,2,96,96,0
10,2793,3,108,108,0
11,2984,1,126,126,0
12,3167,1,144,144,0
13,3325,2,164,164,0
14,3460,2,176,176,0
15,3598,2,187,187,0
16,3756,4,191,191,0
17,3911,4,198,198,0
18,4060,6,218,218,0
19,4278,3,221,221,0
20,4471,4,226,226,0
21,4667,4,242,242,0
22,4829,3,246,246,0
23,4969,3,268,268,0
24,5096,4,283,283,0
25,5224,3,290,290,0
26,5361,3,297,297,0
27,5492,3,299,299,0
28,5640,6,314,314,0
29,5796,3,330,330,0
30,5940,4,335,335,0
31,6062,2,358,358,0
32,6189,3,365,365,0
33,6343,3,370,370,0
34,6472,3,371,371,0
35,6583,3,378,378,0
36,6682,3,383,383,0
37,6817,5,387,387,0
38,6932,3,392,392,0
39,7082,5,395,395,0
40,7210,4,409,409,0
41,7320,5,412,412,0
42,7443,5,430,430,0
43,7572,5,443,443,0
44,7691,5,458,458,0
45,7896,4,469,469,0
46,7987,3,483,483,0
47,8090,3,493,493,0
48,8203,3,509,509,0
49,8329,3,516,516,0
50,8426,3,531,531,0
51,8550,4,537,537,0
52,8669,4,542,542,0
53,8790,5,550,550,0
54,8918,4,554,554,0
55,9029,3,564,564,0
56,9181,12,569,569,0
57,9290,6,578,578,0
58,9372,4,595,595,0
59,9460,4,608,608,0
60,9626,4,641,641,0
61,9741,5,652,652,0
62,9845,4,656,656,0
63,9943,5,658,658,0
64,10072,4,661,661,0
65,10170,4,664,664,0
66,10272,4,668,668,0
67,10376,4,683,683,0
68,10492,6,687,687,0
69,10573,5,691,691,0
70,10695,5,696,696,0
71,10798,5,700,700,0
72,10902,5,707,707,0
73,11008,6,722,722,0
74,11093,5,726,726,0
75,11200,5,742,742,0
76,11319,5,747,747,0
77,11427,5,752,752,0
78,11540,8,755,755,0
79,11658,12,766,766,0
80,11753,7,772,772,0
81,11886,7,782,782,0
82,11996,8,784,784,0
83,12108,8,788,788,0
84,12650,5,792,792,0
85,12741,8,794,794,0
86,12834,6,809,809,0
87,12921,6,827,827,0
88,13007,6,831,831,0
89,13092,6,837,837,0
90,13206,6,841,841,0
91,13289,6,852,852,0
92,13393,6,863,863,0
93,13486,6,866,866,0
94,13568,6,869,869,0
95,13643,7,884,884,0
96,13748,6,889,889,0
97,13852,6,905,905,0
98,13988,6,917,917,0
99,14086,7,933,933,0
100,14189,7,937,937,0
101,14286,7,951,951,0
102,14354,8,963,963,0
103,14457,7,969,969,0
104,14550,8,980,980,0
105,14649,7,995,995,0
106,14732,7,1001,1001,0
107,14816,7,1012,1012,0
108,14998,9,1016,1016,0
109,15090,7,1019,1019,0
110,15167,9,1039,1039,0
111,15265,7,1044,1044,0
112,15336,6,1049,1049,0
113,15435,7,1051,1051,0
114,15513,8,1052,1052,0
115,15614,7,1057,1057,0
116,15722,7,1061,1061,0
117,15808,7,1090,1090,0
118,15940,7,1103,1103,0
119,16050,8,1119,1119,0
120,16146,7,1121,1121,0
121,16258,10,1131,1131,0
122,16386,8,1133,1133,0
123,16485,8,1139,1139,0
124,16595,9,1146,1146,0
125,16694,8,1153,1153,0
126,16810,7,1157,1157,0
127,16906,8,1168,1168,0
128,16999,8,1173,1173,0
129,17099,9,1179,1179,0
130,17193,8,1186,1186,0
131,17291,9,1195,1195,0
132,17392,10,1205,1205,0
133,17498,15,1211,1211,0
134,17610,14,1236,1236,0
135,17717,11,1249,1249,0
136,17829,12,1252,1252,0
137,18012,81,1258,1258,0
138,18123,8,1262,1262,0
139,18245,11,1268,1268,0
140,18340,8,1278,1278,0
141,18455,10,1281,1281,0
142,18560,9,1285,1285,0
143,18678,10,1296,1296,0
144,18804,8,1298,1298,0
145,18902,12,1302,1302,0
146,19014,12,1309,1309,0
147,19120,18,1328,1328,0
148,19228,9,1333,1333,0
149,19345,14,1337,1337,0
150,19524,49,1343,1343,0
151,19723,14,1355,1355,0
152,19903,26,1385,1385,0
153,20036,22,1400,1400,0
154,20208,20,1406,1406,0
155,20333,18,1411,1411,0
156,20448,13,1420,1420,0
157,20575,11,1429,1429,0
158,20689,13,1434,1434,0
159,20773,10,1439,1439,0
160,20902,14,1445,1445,0
161,20992,10,1446,1446,0
162,21116,11,1450,1450,0
163,21252,13,1464,1464,0
164,21398,19,1472,1472,0
165,21541,14,1476,1476,0
166,21691,19,1479,1479,0
167,21828,19,1481,1481,0
168,21980,19,1494,1494,0
169,23038,16,1500,1500,0
170,23199,14,1505,1505,0
171,23303,17,1518,1518,0
172,23408,19,1524,1524,0
173,23546,14,1533,1533,0
174,23675,12,1534,1534,0
175,23806,20,1539,1539,0
176,23935,15,1548,1548,0
177,24070,16,1554,1554,0
178,24178,11,1555,1555,0
179,24289,17,1564,1564,0
180,24404,14,1568,1568,0
181,24533,14,1581,1581,0
182,24660,13,1589,1589,0
183,24784,14,1592,1592,0
184,24894,20,1622,1622,0
185,25014,12,1630,1630,0
186,25133,16,1635,1635,0
187,25266,11,1639,1639,0
188,25437,20,1651,1651,0
189,25556,14,1660,1660,0
190,25643,20,1661,1661,0
191,25772,14,1666,1666,0
192,25969,26,1670,1670,0
193,26114,13,1675,1675,0
194,26254,15,1678,1678,0
195,26397,23,1685,1685,0
196,26532,24,1691,1691,0
197,26646,18,1708,1708,0
198,26796,18,1710,1710,0
199,26905,13,1715,1715,0
200,27030,14,1718,1718,0
201,27195,29,1721,1721,0
202,27324,15,1727,1727,0
203,27555,25,1752,1752,0
204,27736,29,1753,1753,0
205,28019,19,1759,1759,0
206,28160,14,1765,1765,0
207,28296,13,1769,1769,0
208,28418,15,1779,1779,0
209,28529,15,1784,1784,0
210,28633,11,1784,1784,0
211,28740,14,1803,1803,0
212,28869,18,1820,1820,0
213,28974,14,1824,1824,0
214,29095,27,1832,1832,0
215,29204,15,1840,1840,0
216,29346,16,1846,1846,0
217,29474,18,1851,1851,0
218,29631,25,1855,1855,0
219,29728,21,1860,1860,0
220,29839,14,1865,1865,0
221,29959,19,1879,1879,0
222,30101,16,1891,1891,0
223,30278,21,1896,1850,23
224,30452,20,1901,1792,57
225,30587,17,1903,1773,70
226,30754,24,1907,1725,98
227,30885,16,1927,1716,114
228,31016,22,1930,1685,128
229,31149,14,1934,1646,154
230,31267,13,1939,1624,157
231,31398,24,1943,1620,161
232,31546,17,1951,1565,204
233,31675,20,1975,1563,220
234,31813,18,1980,1520,258
235,31921,15,1983,1501,269
236,32056,13,1991,1474,282
237,32184,24,2010,1469,293
238,32433,20,2016,1434,312
239,32565,16,2018,1401,341
240,32708,19,2027,1377,365
241,32845,24,2037,1365,384
242,32994,17,2042,1335,410
243,33140,16,2046,1313,422
244,33243,16,2054,1290,447
245,33375,21,2064,1277,466
246,33509,21,2069,1268,476
247,33632,13,2072,1258,478
248,33766,14,2078,1242,503
249,33894,15,2079,1196,548
250,34039,21,2087,1182,564
251,34168,20,2096,1186,568
252,34317,19,2103,1165,585
253,34439,16,2107,1161,586
254,34553,17,2108,1150,598
255,34688,20,2121,1138,616
256,34810,19,2131,1136,621
257,34951,20,2132,1122,649
258,35084,20,2139,1112,661
259,35220,15,2150,1090,693
260,35339,20,2152,1061,724
261,35489,18,2156,1044,741
262,35634,19,2159,1030,755
263,35777,23,2162,1031,757
264,35910,25,2178,1033,765
265,36063,16,2184,1024,771
266,36178,20,2202,1026,785
267,36281,16,2220,1013,806
268,36410,22,2232,1006,810
269,37716,19,2228,821,962
270,37832,19,2236,826,959
271,37953,21,2245,824,965
272,38061,18,2247,815,975
273,38189,20,2248,799,993
274,38307,15,2247,768,1013
275,38506,21,2250,755,1026
276,38682,25,2253,742,1038
277,38830,22,2262,737,1051
278,38992,21,2263,705,1080
279,39153,28,2270,714,1077
280,39303,27,2266,709,1080
281,39437,19,2286,719,1093
282,39558,24,2292,723,1085
283,39682,16,2304,734,1088
284,39875,27,2307,725,1104
285,40015,16,2309,720,1109
286,40156,22,2310,713,1115
287,40291,18,2319,694,1141
288,40419,18,2320,694,1144
289,40554,21,2324,685,1156
290,40696,26,2328,670,1177
291,40800,17,2334,668,1192
292,40932,21,2334,651,1212
293,41103,16,2335,647,1224
294,41245,21,2339,647,1235
295,41428,24,2344,635,1251
296,41576,22,2345,628,1253
297,41685,16,2348,627,1253
298,41826,15,2341,622,1261
299,42050,22,2335,613,1263
300,42171,20,2343,611,1272
301,42305,21,2349,617,1271
302,42431,17,2352,622,1268
303,42590,26,2364,634,1264
304,42721,16,2369,629,1265
305,42859,21,2368,631,1262
306,42988,18,2377,635,1269
307,43115,21,2381,634,1274
308,43245,21,2382,627,1283
309,43354,19,2389,633,1283
310,43483,18,2389,623,1291
311,43580,18,2397,626,1300
312,43727,28,2402,619,1312
313,43846,24,2405,617,1313
314,43970,20,2405,616,1314
315,44107,21,2408,615,1315
316,44249,20,2413,605,1335
317,44360,23,2418,610,1331
318,44506,27,2426,610,1340
319,44617,20,2424,609,1344
320,44761,18,2423,609,1341
321,44894,17,2430,619,1338
322,45020,23,2441,625,1339
323,46457,169,1120,545,124
324,46586,21,1134,548,135
325,46763,26,1170,549,161
326,47012,16,1175,537,172
327,47166,15,1189,547,172
328,47299,11,1194,538,185
329,47440,18,1189,538,184
330,47585,12,1193,535,188
331,47733,12,1201,530,206
332,47872,9,1208,527,216
333,47980,8,1208,525,217
334,48106,10,1215,525,220
335,48216,12,1219,523,228
336,48337,12,1226,524,226
337,48458,14,1235,521,235
338,48567,9,1240,525,233
339,48693,18,1240,522,237
340,48818,13,1248,517,245
341,48957,12,1261,522,255
342,49087,15,1271,523,255
343,49208,10,1279,528,255
344,49352,11,1283,532,252
345,49485,14,1293,537,254
346,49635,12,1297,540,251
347,49771,17,1311,553,247
348,49970,15,1331,567,242
349,50128,12,1348,574,253
350,50252,15,1348,573,256
351,50347,20,1354,572,266
352,50489,14,1356,574,256
353,50605,10,1363,578,257
354,50746,11,1367,578,263
355,50886,13,1375,580,269
356,50995,14,1380,583,269
357,51129,17,1384,587,266
358,51258,14,1395,595,270
359,51389,11,1396,595,281
360,51499,13,1408,603,285
361,51640,17,1418,609,285
362,51775,21,1435,624,287
363,52099,12,1438,625,292
364,52254,15,1446,632,291
365,52376,16,1454,640,291
366,52493,14,1459,644,291
367,52629,13,1475,659,290
368,52743,16,1481,665,286
369,52870,14,1485,668,286
370,53005,20,1488,663,283
371,53124,13,1499,668,286
372,53244,10,1507,668,287
373,53359,11,1512,670,289
374,53470,16,1515,672,292
375,53607,13,1522,676,296
376,53739,16,1527,679,301
377,53876,15,1534,686,301
378,53984,14,1544,696,304
379,54106,18,1544,694,307
380,54225,13,1546,691,313
381,54354,15,1549,693,318
382,54468,16,1553,691,319
383,54606,18,1564,699,317
384,54729,14,1561,696,321
385,54858,13,1565,695,325
386,54972,17,1565,697,321
387,55115,15,1562,695,318
388,55250,15,1569,695,324
389,55402,13,1570,695,324
390,55548,23,1572,696,326
391,55679,11,1577,699,329
392,55812,22,1597,714,334
393,55912,13,1621,734,330
394,56022,14,1622,734,330
395,56290,16,1624,735,331
396,56424,18,1625,733,331
397,56572,26,1637,745,333
398,56739,14,1650,753,337
399,56911,17,1655,754,337
400,57056,18,1666,758,341
401,57156,14,1664,756,339
402,57302,18,1671,762,339
403,57478,19,1674,765,339
404,57601,11,1686,779,335
405,57724,12,1689,781,336
406,57824,17,1695,787,332
407,57934,11,1704,795,325
408,58088,13,1724,809,326
409,58206,13,1729,806,336
410,58338,12,1732,809,333
411,58477,19,1744,816,340
412,58587,13,1746,817,340
413,58722,24,1756,826,338
414,58850,14,1758,824,345
415,58980,18,1765,823,351
416,59096,17,1783,842,352
417,59217,20,1786,844,357
418,59367,20,1784,841,361
419,59542,16,1785,845,358
420,59654,17,1800,857,365
421,59811,17,1799,851,368
422,59945,17,1802,853,371
423,60781,237,1430,734,148
424,60941,12,1448,694,227
425,61073,14,1463,700,244
426,61197,10,1465,701,248
427,61334,17,1469,674,292
428,61482,11,1478,651,336
429,61594,11,1490,650,356
430,61726,13,1494,636,384
431,61870,16,1499,621,407
432,61982,12,1507,625,409
433,62103,14,1520,632,418
434,62244,12,1527,636,419
435,62372,16,1535,644,419
436,62516,12,1550,639,437
437,62658,17,1554,625,463
438,62771,13,1554,614,478
439,62924,20,1575,605,514
440,63071,14,1579,603,520
441,63256,14,1592,600,537
442,63425,36,1605,604,545
443,63577,17,1617,609,551
444,63810,21,1645,622,566
445,63939,13,1651,613,586
446,64058,15,1651,602,605
447,64197,22,1659,607,610
448,64310,14,1665,590,641
449,64446,19,1677,591,654
450,64596,15,1685,591,667
451,64731,13,1701,599,678
452,64856,16,1706,589,702
453,64973,15,1706,585,706
454,65244,149,1716,583,725
455,65367,13,1716,572,741
456,65492,15,1719,558,761
457,65606,16,1732,568,768
458,65715,12,1738,573,763
459,65850,12,1739,572,764
460,66005,19,1744,569,775
461,66125,17,1756,581,773
462,66278,26,1761,580,788
463,66457,18,1776,576,813
464,66581,19,1781,581,813
465,66694,11,1782,582,813
466,66822,14,1784,587,806
467,66949,14,1787,590,800
468,67071,18,1789,592,798
469,67185,12,1792,595,798
470,67310,13,1801,607,795
471,67421,16,1805,611,795
472,67561,17,1809,613,795
473,67678,21,1818,625,788
474,67810,19,1826,628,794
475,67940,17,1833,632,794
476,68075,20,1838,620,814
477,68202,21,1853,635,813
478,68324,16,1860,644,810
479,68442,15,1864,638,820
480,68560,14,1872,635,830
481,68691,22,1875,637,830
482,68808,23,1889,646,834
483,68957,21,1895,649,842
484,69054,15,1897,650,843
485,71096,14,1904,576,953
486,71194,18,1911,584,950
487,71305,13,1927,593,961
488,71423,15,1943,608,959
489,71549,12,1955,611,969
490,71666,17,1959,611,966
491,71794,16,1965,612,972
492,71910,23,1967,618,965
493,72042,15,1974,620,969
494,72193,21,1984,628,973
495,72332,25,1989,634,965
496,72486,17,1991,633,972
497,72609,22,2001,636,985
498,72728,13,2004,631,996
499,72857,14,2015,638,998
500,72978,17,2030,642,1012
501,73100,22,2045,654,1019
502,73243,18,2052,659,1017
503,73391,21,2057,661,1022
504,73511,20,2060,665,1021
505,73626,15,2077,681,1019
506,73733,20,2089,693,1017
507,73857,20,2104,702,1024
508,73983,19,2105,702,1028
509,74096,21,2115,705,1035
510,74222,26,2119,708,1032
511,74343,23,2138,729,1033
512,74465,22,2140,733,1029
513,74682,18,2144,728,1038
514,74791,16,2146,730,1038
515,74912,20,2154,738,1038
516,75052,23,2167,739,1048
517,75546,160,1137,743,14
518,75645,11,1149,751,14
519,75752,11,1156,756,14
520,75890,13,1169,765,14
521,76035,11,1174,769,14
522,76156,10,1186,779,14
523,76272,13,1202,792,14
524,76415,13,1214,799,14
525,76527,9,1220,804,18
526,76670,9,1223,797,25
527,76782,12,1233,800,28
528,76886,12,1243,808,30
529,76995,10,1247,806,35
530,77121,18,1249,799,52
531,77239,16,1261,808,52
532,77366,15,1291,831,56
533,77537,15,1293,824,59
534,77656,14,1307,832,64
535,77780,9,1319,833,73
536,77908,10,1327,825,79
537,78017,19,1341,833,85
538,78154,28,1356,841,86
539,78271,17,1360,844,86
540,78414,20,1366,847,96
541,78580,10,1369,838,106
542,78808,9,1379,837,112
543,78907,12,1392,848,109
544,79037,12,1396,843,120
545,79162,9,1396,836,129
546,79279,10,1404,841,129
547,79393,10,1419,851,139
548,79515,16,1428,859,142
549,79640,14,1434,855,154
550,79769,13,1441,860,158
551,79898,11,1442,859,159
552,80028,13,1449,860,160
553,80138,22,1468,878,160
554,80255,12,1477,871,173
555,80390,14,1492,874,184
556,80516,19,1494,871,188
557,80630,18,1501,877,185
558,80742,15,1515,885,197
559,80883,13,1519,884,203
560,80997,14,1516,882,202
561,81110,23,1535,897,206
562,81229,14,1540,898,206
563,81349,16,1552,910,203
564,81455,14,1555,907,210
565,81559,13,1561,907,214
566,81686,16,1567,913,214
567,81790,16,1588,932,215
568,81907,16,1587,932,214
569,82046,19,1599,938,221
570,82175,14,1599,938,218
571,82299,21,1600,934,224
572,82410,17,1603,930,223
573,82649,11,1626,946,239
574,82759,14,1626,937,241
575,82870,14,1639,946,242
576,82980,13,1643,950,242
577,83077,16,1653,951,242
578,83189,12,1665,964,237
579,83288,15,1678,973,241
580,83379,11,1678,970,246
581,83511,28,1697,979,249
582,83634,17,1698,979,252
583,83734,16,1705,983,255
584,83833,14,1706,978,260
585,83931,19,1719,989,259
586,84038,12,1731,990,272
587,84161,17,1736,984,279
588,84262,16,1732,974,282
589,84372,13,1742,974,289
590,84494,19,1745,978,288
591,84587,17,1763,986,291
592,84707,17,1769,987,293
593,84826,14,1775,983,299
594,84936,13,1784,993,298
595,85071,23,1786,987,303
596,85168,17,1789,987,301
597,85265,15,1808,1005,300
598,85369,22,1807,994,312
599,85487,16,1810,997,311
600,85608,17,1820,998,311
601,85719,16,1825,993,311
602,85818,20,1843,1010,308
603,86100,14,1844,1004,318
604,86226,15,1855,1015,310
605,86361,15,1868,1023,311
606,86514,16,1871,1027,310
607,86605,15,1874,1028,310
608,86708,16,1879,1028,310
609,86834,16,1878,1022,313
610,86959,22,1893,1034,316
611,87131,25,1898,1033,325
612,87281,18,1897,1026,335
613,87395,19,1905,1022,335
614,87520,19,1907,1016,337
615,87617,17,1921,1031,334
616,87738,19,1929,1037,332
617,87849,15,1935,1040,332
618,87974,19,1938,1040,335
619,88093,17,1954,1055,336
620,88194,21,1954,1052,341
621,88307,17,1954,1053,339
622,88422,15,1956,1054,340
623,88572,20,1957,1055,340
624,88709,19,1972,1066,344
625,88816,15,1979,1072,344
626,88954,17,1984,1073,344
627,89058,17,1982,1076,338
628,89197,16,1984,1075,337
629,89535,214,1989,1069,350
630,89680,22,1990,1067,351
631,89810,25,1998,1072,355
632,89928,20,2000,1075,353
633,90028,13,2017,1081,361
634,90599,164,1669,1054,43
635,90734,11,1678,1062,43
636,90866,18,1686,1053,63
637,90981,14,1712,1071,69
638,91148,14,1730,1046,123
639,91284,12,1736,1016,168
640,91436,15,1740,991,203
641,91566,19,1763,979,249
642,91708,15,1768,965,269
643,91836,13,1779,961,284
644,91960,14,1791,961,297
645,92104,22,1808,974,299
646,92226,17,1815,978,304
647,92378,21,1825,978,309
648,92510,16,1830,943,357
649,92637,12,1835,911,391
650,92759,14,1842,896,420
651,92886,22,1853,895,437
652,92990,16,1874,901,449
653,93310,216,1878,887,470
654,93445,15,1888,879,488
655,93580,15,1890,877,492
656,93718,15,1897,881,494
657,93827,20,1909,862,526
658,93940,16,1924,867,538
659,94065,17,1931,855,573
660,94184,16,1948,862,588
661,94295,15,1963,873,592
662,94429,17,1968,860,618
663,94546,15,1979,864,624
664,94693,25,1983,861,631
665,94809,15,2003,878,632
666,94949,24,2007,870,645
667,95061,24,2013,860,665
668,95195,20,2018,864,669
669,95294,15,2020,862,675
670,95429,19,2037,873,684
671,95550,21,2041,868,690
672,95666,20,2056,864,708
673,95787,16,2068,873,709
674,95922,19,2071,868,717
675,96042,18,2078,875,714
676,96352,202,2093,874,745
677,96464,17,2096,843,780
678,96595,18,2107,837,801
679,96712,16,2118,834,813
680,96829,17,2131,844,822
681,96941,16,2136,840,839
682,97059,19,2139,835,844
683,97209,32,2137,823,851
684,97331,15,2143,821,860
685,97457,15,2139,812,874
686,97565,15,2144,813,873
687,97679,18,2144,815,871
688,97798,15,2157,822,874
689,97940,26,2162,807,900
690,98077,32,2165,794,920
691,98196,19,2169,793,916
692,98377,21,2170,794,917
693,98522,18,2177,780,940
694,98645,17,2182,781,938
695,98744,15,2182,777,942
696,98851,17,2191,775,949
697,98960,15,2201,778,960
698,99084,21,2208,773,973
699,99374,192,2223,788,972
700,99528,17,2225,791,971
701,99652,22,2226,792,971
702,99759,17,2230,796,971
703,99874,19,2243,809,971
704,99989,18,2247,813,968
705,100120,20,2259,825,968
706,100239,26,2276,842,968
707,100374,18,2282,847,966
708,100496,24,2285,850,966
709,100614,18,2295,860,966
710,100745,23,2304,871,961
711,100854,18,2306,873,959
712,100971,20,2317,884,954
713,101092,21,2323,886,955
714,101209,18,2333,894,958
715,101328,23,2333,883,965
716,101459,23,2336,880,969
717,101568,23,2342,881,973
718,101687,21,2356,893,975
719,101797,22,2360,887,987
720,101934,32,2362,882,989
721,102228,205,2366,885,987
722,102352,21,2374,882,999
723,102485,21,2381,881,1004
724,102601,16,2383,879,1015
725,102702,19,2391,860,1048
726,102817,16,2393,855,1054
727,102932,18,2393,848,1063
728,103057,21,2393,846,1064
729,103189,20,2400,851,1066
730,103301,16,2411,857,1070
731,103444,30,2424,856,1089
732,103584,24,2429,859,1089
733,103724,25,2436,862,1092
734,103855,18,2440,861,1093
735,103960,22,2442,844,1118
736,104090,22,2456,856,1118
737,104205,25,2464,860,1121
738,104328,19,2468,848,1134
739,104466,21,2472,831,1161
740,104603,29,2476,831,1164
741,104729,29,2485,838,1164
742,104865,22,2485,822,1177
743,106957,16,2491,759,1262
744,107260,18,1242,723,62
745,107367,9,1244,715,75
746,107499,19,1254,720,76
747,107600,9,1263,723,78
748,107693,11,1267,719,88
749,107804,12,1278,727,94
750,107913,9,1293,731,103
751,108037,14,1318,749,104
752,108158,11,1321,748,108
753,108278,15,1337,760,113
754,108403,13,1340,759,113
755,108512,10,1341,753,114
756,108632,17,1356,758,115
757,108743,14,1373,765,117
758,108842,14,1383,771,122
759,108958,10,1385,770,125
760,109072,13,1385,750,139
761,109256,15,1399,751,156
762,109458,15,1409,746,161
763,109583,18,1417,745,165
764,109686,11,1421,745,170
765,109811,14,1428,749,168
766,109930,10,1434,747,170
767,110133,10,1439,744,175
768,110281,14,1449,748,176
769,110412,17,1450,744,184
770,110499,12,1450,744,183
771,110618,16,1459,748,187
772,110723,15,1459,737,194
773,110818,11,1462,740,194
774,110938,13,1492,763,196
775,111045,17,1505,765,205
776,111211,15,1528,776,217
777,111346,24,1534,781,221
778,111574,16,1543,769,238
779,111681,15,1545,767,247
780,111821,15,1548,768,253
781,111931,16,1562,774,255
782,112066,17,1566,774,261
783,112212,13,1575,772,273
784,112339,14,1581,777,276
785,112440,12,1581,769,291
786,112562,17,1584,773,289
787,112672,13,1592,774,299
788,112778,21,1604,781,303
789,112911,14,1612,780,311
790,113040,21,1614,782,310
791,113169,17,1626,793,308
792,113297,16,1636,791,314
793,113506,15,1636,788,320
794,113628,15,1647,794,324
795,113722,12,1662,804,330
796,113814,13,1690,821,340
797,113917,11,1694,820,348
798,114008,12,1689,820,344
799,114133,17,1695,819,351
800,114254,14,1697,819,352
801,114366,20,1709,827,355
802,114483,12,1721,837,355
803,114613,13,1721,828,368
804,114733,18,1721,827,370
805,114843,15,1730,831,369
806,114980,15,1729,828,375
807,115102,16,1748,844,372
808,115220,14,1750,840,375
809,115345,15,1746,841,372
810,115472,20,1752,843,376
811,115616,22,1763,853,373
812,115750,15,1768,848,373
813,115912,21,1778,850,376
814,116002,22,1782,854,373
815,116162,19,1789,862,372
816,116288,24,1816,884,373
817,116407,12,1820,886,375
818,116657,144,1822,880,383
819,116778,13,1818,872,391
820,116899,17,1824,877,389
821,117045,15,1832,880,392
822,117178,20,1837,882,393
823,117314,14,1847,891,389
824,117449,15,1845,888,390
825,117556,12,1856,893,400
826,117677,15,1866,895,410
827,117794,16,1865,889,418
828,117913,15,1863,893,412
829,118014,17,1864,891,417
830,118136,15,1866,892,416
831,118248,19,1877,907,408
832,118359,15,1880,908,407
833,118448,13,1891,919,403
834,118558,17,1906,929,407
835,118712,19,1913,935,405
836,118823,20,1925,946,405
837,118955,15,1926,944,410
838,119043,14,1932,949,413
839,119162,18,1936,948,419
840,119280,13,1939,951,420
841,119406,18,1941,953,418
842,119663,153,1945,957,417
843,119782,15,1953,962,419
844,119886,12,1958,969,414
845,119992,16,1961,974,412
846,120528,76,1540,934,45
847,120673,13,1548,908,78
848,120826,14,1561,893,117
849,120979,13,1573,869,149
850,121113,14,1582,839,194
851,121251,14,1591,833,210
852,121388,12,1605,841,213
853,121504,13,1615,838,224
854,121641,14,1615,828,238
855,121775,15,1618,810,268
856,121897,17,1642,833,269
857,122042,18,1653,828,282
858,122176,16,1665,833,281
859,122314,16,1682,835,295
860,122451,12,1691,825,317
861,122581,16,1704,798,369
862,122719,22,1714,793,378
863,122840,13,1731,796,405
864,122973,17,1735,789,421
865,123282,188,1738,778,439
866,123393,19,1757,781,451
867,123532,17,1759,767,472
868,123664,20,1768,760,489
869,123790,24,1779,754,527
870,123930,13,1790,748,554
871,124096,17,1792,728,574
872,124247,23,1796,706,604
873,124381,18,1801,688,636
874,124516,18,1808,672,671
875,124647,17,1821,679,676
876,124780,16,1825,671,688
877,124905,16,1829,659,712
878,125029,18,1840,656,724
879,125137,22,1855,665,738
880,125291,14,1858,656,758
881,125410,17,1869,664,763
882,125536,20,1877,671,760
883,125666,17,1878,666,769
884,125802,20,1891,667,784
885,125932,15,1897,671,784
886,126063,18,1903,673,785
887,126197,18,1910,668,796
888,126306,17,1913,671,796
889,126447,18,1922,658,820
890,126730,15,1929,651,837
891,126866,22,1941,653,849
892,126985,13,1944,654,855
893,127112,22,1942,655,857
894,127235,17,1958,668,860
895,127383,18,1972,680,857
896,127517,16,1975,676,865
897,127636,15,1991,689,863
898,127774,27,1995,687,870
899,127907,23,1998,688,869
900,128021,16,2003,684,881
901,128146,20,2013,694,881
902,128287,21,2019,693,886
903,128414,16,2025,689,896
904,128548,17,2026,681,907
905,128675,14,2032,680,914
906,128827,18,2032,655,939
907,128975,25,2040,661,939
908,129090,19,2042,658,944
909,129261,37,2045,658,947
910,129482,96,2061,666,946
911,129649,19,2070,656,973
912,129937,15,2076,641,995
913,130039,14,2083,645,1001
914,130166,17,2080,643,1004
915,130282,23,2095,657,1006
916,130378,20,2107,664,1009
917,130507,16,2114,668,1010
918,130647,17,2120,662,1025
919,130770,16,2125,662,1035
920,130886,22,2129,658,1051
921,131020,14,2143,662,1065
922,131180,37,2148,658,1080
923,131309,17,2156,666,1076
924,131411,23,2181,687,1079
925,131515,20,2193,696,1083
926,131621,19,2195,693,1086
927,131756,22,2198,695,1090
928,131849,16,2212,709,1080
929,131973,20,2216,714,1075
930,132098,18,2228,726,1075
931,132240,23,2234,732,1074
932,132367,17,2247,745,1066
933,132500,22,2256,750,1070
934,132826,20,2254,742,1078
935,132925,18,2257,744,1080
936,133040,22,2263,747,1083
937,133140,24,2273,757,1083
938,133249,18,2295,767,1098
939,133375,28,2299,766,1106
940,133500,17,2302,769,1106
941,133631,17,2306,775,1103
942,133746,21,2316,772,1121
943,133851,20,2315,772,1121
944,133983,19,2322,779,1121
945,134116,20,2335,779,1127
946,134220,22,2340,784,1127
947,134327,21,2338,785,1124
948,134444,19,2342,775,1140
949,134558,18,2346,776,1141
950,134696,26,2346,769,1146
951,134826,26,2347,761,1147
952,134933,18,2347,761,1147
953,135059,21,2347,765,1142
954,135643,78,1225,780,2
955,135765,14,1247,799,2
956,135933,15,1249,801,2
957,136050,10,1266,818,2
958,136164,12,1271,821,2
959,136286,11,1272,822,2
960,136413,14,1286,832,2
961,136518,11,1311,855,2
962,136635,10,1324,868,2
963,136751,12,1333,877,2
964,136858,10,1334,878,2
965,136965,11,1336,879,4
966,137096,14,1341,884,4
967,137221,11,1349,890,12
968,137344,13,1362,898,20
969,137449,12,1366,885,36
970,137571,12,1367,882,43
971,137689,11,1378,893,43
972,137815,10,1384,888,48
973,137931,11,1405,898,58
974,138053,11,1407,895,61
975,138162,12,1414,894,69
976,138306,22,1420,895,69
977,138599,16,1435,889,86
978,138711,12,1442,893,91
979,138824,13,1451,897,89
980,138963,19,1456,890,94
981,139101,18,1464,896,97
982,139216,15,1486,917,96
983,139351,17,1487,918,95
984,139469,12,1490,922,93
985,139596,14,1506,928,103
986,139706,19,1509,926,109
987,139862,19,1518,922,115
988,139970,11,1529,922,119
989,140080,16,1543,933,122
990,140183,16,1562,943,126
991,140286,11,1564,943,129
992,140402,13,1569,932,142
993,140516,17,1569,932,142
994,140631,15,1580,940,147
995,140762,15,1584,936,154
996,140876,12,1597,943,163
997,141006,20,1606,948,162
998,141141,21,1611,941,163
999,141250,19,1613,941,165
1000,141379,16,1627,953,172
1001,143353,11,1626,877,252
1002,143447,12,1642,890,257
1003,143578,11,1649,894,262
1004,143706,14,1652,892,260
1005,143817,15,1675,912,263
1006,143944,12,1698,934,264
1007,144068,12,1702,929,268
1008,144191,13,1703,927,269
1009,144290,13,1704,925,271
1010,144429,15,1707,925,272
1011,144567,18,1704,923,272
1012,144694,21,1715,934,271
1013,144812,13,1715,937,267
1014,144910,15,1726,943,265
1015,145029,15,1739,948,273
1016,145115,12,1740,948,273
1017,145242,15,1745,945,275
1018,145377,15,1743,945,273
1019,145503,18,1761,956,279
1020,145651,20,1758,950,280
1021,145790,25,1759,939,290
1022,145914,19,1760,930,295
1023,146028,16,1765,936,294
1024,146183,15,1777,941,296
1025,146299,14,1783,946,297
1026,146403,18,1795,957,296
1027,146527,19,1799,962,292
1028,146639,15,1808,971,286
1029,146771,18,1825,983,286
1030,146968,24,1824,980,283
1031,147115,27,1824,980,279
1032,147304,16,1822,975,282
1033,147484,88,1847,994,281
1034,147656,20,1850,990,291
1035,147762,14,1851,985,300
1036,147876,17,1862,993,300
1037,148008,17,1866,995,302
1038,148125,17,1869,987,304
1039,148275,16,1873,987,310
1040,148404,21,1871,987,308
1041,148525,16,1901,1015,311
1042,148624,21,1901,1012,319
1043,148723,21,1914,1025,319
1044,148846,17,1915,1029,312
1045,148964,18,1924,1040,314
1046,149061,23,1934,1040,323
1047,149171,15,1943,1044,322
1048,149394,14,1948,1042,334
1049,149529,17,1954,1045,334
1050,149637,22,1959,1049,334
1051,149756,22,1963,1045,340
1052,149885,19,1974,1055,342
1053,150038,22,1973,1054,338
1054,150523,86,1648,1042,30
1055,150669,19,1654,1016,74
1056,150810,21,1665,991,110
1057,150967,17,1668,962,146
1058,151114,23,1679,934,193
1059,151244,23,1693,933,201
1060,151377,15,1709,914,235
1061,151491,14,1723,898,267
1062,151628,12,1730,883,288
1063,151750,15,1748,881,314
1064,151866,14,1758,872,338
1065,151993,24,1771,864,372
1066,152135,13,1783,863,388
1067,152257,21,1793,849,417
1068,152380,16,1794,844,425
1069,152605,11,1812,842,456
1070,152709,19,1828,829,494
1071,152828,12,1844,838,503
1072,152940,13,1851,837,518
1073,153071,15,1863,829,538
1074,153210,17,1873,836,534
1075,153337,15,1882,842,530
1076,153471,20,1892,828,560
1077,153610,24,1895,825,561
1078,153739,13,1902,820,574
1079,153877,15,1909,823,574
1080,154005,18,1915,820,577
1081,154115,17,1920,821,578
1082,154232,14,1931,812,610
1083,154366,16,1931,808,619
1084,154519,21,1940,799,645
1085,154621,13,1945,792,663
1086,154730,17,1952,777,687
1087,154848,18,1958,753,719
1088,154973,15,1972,763,721
1089,155095,24,1969,741,745
1090,155234,20,1980,741,754
1091,155346,20,1984,741,763
1092,155573,17,1993,732,790
1093,155708,13,1998,726,808
1094,155837,20,2015,731,819
1095,155960,22,2017,726,833
1096,156069,16,2014,706,864
1097,156211,20,2016,687,886
1098,156311,16,2027,696,891
1099,156430,18,2030,697,891
1100,156538,13,2034,701,889
1101,156667,14,2044,710,888
1102,156817,17,2045,695,903
1103,156942,16,2049,686,916
1104,157081,24,2054,686,917
1105,157199,19,2072,702,919
1106,157323,14,2080,708,916
1107,157431,16,2086,705,925
1108,157543,15,2086,695,942
1109,157659,22,2092,700,938
1110,157777,21,2106,712,936
1111,157911,16,2111,712,943
1112,158054,21,2115,706,955
1113,158188,19,2121,704,961
1114,158453,18,2132,696,983
1115,158566,23,2162,719,990
1116,158684,16,2174,720,1001
1117,158792,13,2173,719,998
1118,158885,15,2176,716,1007
1119,159007,27,2180,707,1025
1120,159118,14,2190,705,1042
1121,159282,28,2204,710,1057
1122,159439,20,2233,732,1065
1123,159549,20,2256,755,1065
1124,159668,17,2261,760,1065
1125,159790,21,2259,762,1062
1126,159892,18,2264,766,1067
1127,160025,16,2278,775,1065
1128,160144,19,2284,770,1079
1129,160265,20,2290,769,1086
1130,160384,18,2304,782,1081
1131,160526,17,2299,764,1095
1132,160647,20,2299,747,1118
1133,160765,22,2302,748,1120
1134,160889,21,2308,748,1128
1135,161015,26,2311,742,1136
1136,161276,171,2335,762,1140
1137,161402,18,2336,755,1142
1138,161531,19,2351,766,1136
1139,161658,19,2350,765,1136
1140,161791,29,2362,771,1145
1141,161922,20,2365,774,1144
1142,162027,15,2368,752,1174
1143,162149,21,2369,751,1174
1144,162255,18,2376,756,1174
1145,162361,24,2390,769,1177
1146,162485,20,2392,757,1185
1147,162605,18,2394,760,1182
1148,162692,20,2414,780,1173
1149,162808,22,2425,780,1183
1150,162931,21,2430,786,1178
1151,163058,19,2440,794,1180
1152,163178,21,2445,792,1191
1153,163291,18,2454,801,1188
1154,163399,20,2461,807,1193
1155,163518,17,2467,804,1201
1156,163628,23,2497,829,1205
1157,163753,21,2504,833,1208
1158,163875,22,2507,837,1202
1159,164221,21,2512,832,1206
1160,164344,23,2514,828,1222
1161,164448,17,2515,827,1227
1162,164582,24,2527,836,1230
1163,164714,23,2532,845,1223
1164,164831,26,2538,846,1229
1165,164952,15,2540,842,1235
1166,165091,15,2544,844,1237
1167,165446,28,1311,848,0
1168,165555,14,1316,844,2
1169,165661,10,1320,848,2
1170,165778,11,1325,852,2
1171,165899,12,1340,855,11
1172,166003,13,1347,859,14
1173,166114,14,1357,858,26
1174,166224,17,1369,861,38
1175,166332,11,1373,859,42
1176,166446,16,1392,871,37
1177,166555,13,1396,867,45
1178,166670,14,1401,862,53
1179,167035,13,1416,843,92
1180,167156,12,1441,846,106
1181,167267,9,1450,836,118
1182,167381,12,1455,834,132
1183,167480,14,1469,846,132
1184,167610,10,1475,838,143
1185,167696,10,1485,839,151
1186,167823,16,1501,845,160
1187,167942,10,1502,839,164
1188,168071,10,1506,832,175
1189,168203,11,1510,834,177
1190,168313,12,1526,845,183
1191,168418,13,1548,864,183
1192,168557,16,1556,871,183
1193,168692,21,1558,868,189
1194,168788,13,1558,864,194
1195,168897,19,1569,874,197
1196,169023,12,1575,875,207
1197,169150,12,1580,877,212
1198,169274,17,1591,874,228
1199,169430,16,1601,868,240
1200,169545,19,1610,872,240
1201,169656,13,1623,875,240
1202,169951,208,1627,876,242
1203,170080,18,1630,870,255
1204,170214,13,1630,872,253
1205,170329,12,1637,865,270
1206,170458,18,1644,852,287
1207,170583,15,1644,851,283
1208,170707,21,1652,846,299
1209,170824,12,1664,853,304
1210,170956,17,1670,861,300
1211,171063,11,1692,879,298
1212,171171,17,1700,884,300
1213,171287,15,1703,885,304
1214,171399,12,1718,898,297
1215,171502,16,1726,906,295
1216,171601,13,1735,914,291
1217,171711,18,1752,931,290
1218,171828,15,1761,940,290
1219,171970,24,1767,946,290
1220,172106,12,1765,948,286
1221,172220,18,1771,954,286
1222,172353,16,1776,959,286
1223,172475,16,1780,963,286
1224,172599,13,1785,966,285
1225,172883,15,1790,972,282
1226,173002,15,1793,975,280
1227,173109,12,1796,976,280
1228,173218,16,1804,982,279
1229,173313,14,1831,1005,280
1230,173410,14,1843,1018,279
1231,173517,16,1856,1031,278
1232,173623,19,1865,1036,282
1233,173728,16,1871,1034,289
1234,173854,18,1888,1042,299
1235,173975,14,1892,1041,300
1236,174084,16,1904,1047,307
1237,174207,15,1917,1056,307
1238,174336,14,1923,1056,312
1239,174459,17,1927,1059,312
1240,174542,19,1927,1057,312
1241,174666,17,1932,1057,320
1242,174777,19,1932,1054,327
1243,174892,14,1927,1053,322
1244,175012,20,1932,1050,328
1245,175127,14,1948,1065,328
1246,175238,16,1961,1071,339
1247,175516,35,1963,1069,348
1248,175632,15,1971,1071,349
1249,175732,17,1973,1069,355
1250,175866,16,1980,1066,356
1251,175979,14,1983,1062,362
1252,176100,17,1990,1066,362
1253,176233,21,1991,1064,367
1254,176358,14,2009,1070,371
1255,176466,21,2020,1074,373
1256,176584,18,2023,1075,376
1257,176708,18,2028,1079,376
1258,176858,24,2039,1080,380
1259,177006,30,2041,1078,385
1260,177147,16,2044,1072,387
1261,177272,15,2051,1080,383
1262,177388,25,2051,1079,383
1263,177571,21,2057,1079,391
1264,177716,24,2067,1085,391
1265,177839,19,2085,1089,406
1266,177966,19,2086,1087,406
1267,178102,15,2090,1087,410
1268,180948,19,2100,951,581
1269,181153,26,1668,927,186
1270,181281,16,1687,942,186
1271,181402,12,1707,926,225
1272,181520,19,1720,908,259
1273,181659,18,1724,877,301
1274,181799,21,1742,875,328
1275,181925,12,1749,868,344
1276,182051,13,1763,871,357
1277,182188,12,1769,857,385
1278,182325,18,1787,847,419
1279,182423,16,1788,843,422
1280,182552,16,1810,849,431
1281,182666,13,1822,822,468
1282,182769,15,1826,814,481
1283,182912,12,1831,804,500
1284,183037,17,1836,795,517
1285,183158,17,1839,781,546
1286,183338,69,1842,734,606
1287,183449,13,1853,731,619
1288,183578,18,1856,720,638
1289,183706,17,1856,719,642
1290,183815,17,1878,708,686
1291,183922,17,1898,726,686
1292,184034,14,1900,714,688
1293,184165,14,1912,715,685
1294,184288,18,1930,722,690
1295,184427,20,1934,711,709
1296,184549,24,1943,708,717
1297,184690,19,1947,699,737
1298,184835,18,1950,680,764
1299,184981,19,1961,674,785
1300,185124,40,1965,673,794
1301,185282,18,1992,700,791
1302,185406,16,1995,684,811
1303,185528,17,2001,683,823
1304,185676,18,2003,672,844
1305,185867,16,2006,667,856
1306,186012,28,2009,665,863
1307,186162,16,2017,666,871
1308,186358,16,2017,655,881
1309,186464,21,2020,651,884
1310,186580,14,2018,641,898
1311,186711,14,2022,638,904
1312,186815,23,2029,643,910
1313,186927,19,2039,645,922
1314,187043,13,2056,662,924
1315,187160,18,2058,657,936
1316,187296,22,2065,664,934
1317,187402,22,2078,671,945
1318,187542,19,2077,668,943
1319,187643,14,2079,660,962
1320,187771,19,2081,663,961
1321,187899,20,2085,660,972
1322,188021,19,2089,661,979
1323,188142,18,2096,668,977
1324,188261,17,2098,668,975
1325,188386,27,2107,677,973
1326,188536,25,2113,679,969
1327,188657,15,2138,700,967
1328,188783,21,2145,695,976
1329,188911,23,2149,682,993
1330,189109,13,2155,681,996
1331,189221,18,2171,687,1006
1332,189340,15,2173,687,1007
1333,189433,14,2183,691,1013
1334,189563,21,2190,696,1018
1335,189675,14,2201,691,1044
1336,189802,19,2207,686,1060
1337,189922,16,2222,679,1086
1338,190032,17,2226,669,1102
1339,190129,16,2236,676,1107
1340,190286,26,2238,671,1120
1341,190454,38,2239,664,1131
1342,190593,16,2241,655,1147
1343,190737,26,2253,658,1160
1344,190869,27,2269,671,1161
1345,191013,24,2281,680,1163
1346,191130,20,2277,679,1164
1347,191260,19,2292,693,1164
1348,191373,25,2290,691,1166
1349,191477,16,2297,692,1174
1350,191571,16,2295,692,1172
1351,191772,114,2307,704,1175
1352,191890,16,2314,705,1175
1353,192023,29,2319,708,1178
1354,192157,21,2319,699,1196
1355,192287,20,2326,702,1195
1356,192393,16,2328,704,1194
1357,192517,17,2337,713,1193
1358,192631,16,2339,714,1195
1359,192728,18,2345,708,1213
1360,192852,19,2344,706,1214
1361,192973,17,2346,707,1214
1362,193080,16,2358,719,1212
1363,193196,22,2362,720,1216
1364,193336,25,2377,734,1213
1365,193497,24,2383,728,1229
1366,193608,15,2385,727,1229
1367,193722,24,2388,729,1229
1368,193829,20,2394,734,1228
1369,193954,28,2408,748,1223
1370,194067,19,2411,751,1220
1371,194178,20,2421,759,1226
1372,194396,124,2431,769,1226
1373,194498,17,2444,775,1233
1374,194627,26,2448,773,1248
1375,194765,35,2456,780,1240
1376,194883,17,2460,771,1253
1377,195005,26,2468,779,1257
1378,195448,119,1214,779,7
1379,195540,12,1217,777,8
1380,195627,9,1234,776,23
1381,195725,10,1254,790,28
1382,195879,19,1257,783,38
1383,196019,13,1269,786,38
1384,196133,12,1279,789,43
1385,196251,9,1295,797,45
1386,196350,10,1296,795,48
1387,196462,15,1297,795,48
1388,196571,11,1299,788,52
1389,196672,14,1300,783,57
1390,196791,9,1306,785,57
1391,196923,13,1324,799,57
1392,197054,14,1330,799,61
1393,197197,12,1337,798,70
1394,197460,15,1354,806,71
1395,197590,14,1359,801,72
1396,197709,11,1360,803,69
1397,197830,10,1375,798,82
1398,197953,9,1387,804,87
1399,198066,19,1410,823,94
1400,198174,10,1417,826,102
1401,198322,12,1431,836,102
1402,198440,12,1433,836,104
1403,198575,17,1444,840,106
1404,198707,15,1455,843,112
1405,198832,16,1461,842,116
1406,198950,12,1467,844,118
1407,199084,11,1473,842,132
1408,199185,11,1476,839,137
1409,199296,12,1483,844,141
1410,199403,14,1507,857,164
1411,199531,11,1507,846,168
1412,199659,24,1509,844,169
1413,199779,14,1519,853,160
1414,199896,11,1539,869,160
1415,200017,11,1551,879,164
1416,200141,25,1556,879,168
1417,200240,17,1558,876,174
1418,200347,15,1574,881,185
1419,200671,18,1589,889,195
1420,200785,11,1590,886,201
1421,200902,20,1592,879,204
1422,201047,23,1593,873,215
1423,201161,13,1594,862,226
1424,201280,13,1596,863,226
1425,201412,13,1605,866,239
1426,201523,22,1609,869,241
1427,201632,11,1621,874,250
1428,201740,14,1635,883,250
1429,201890,14,1639,874,265
1430,201993,12,1643,872,268
1431,202093,13,1666,878,285
1432,202214,14,1668,880,285
1433,202369,12,1675,881,284
1434,202478,15,1685,884,290
1435,202593,12,1700,894,294
1436,202722,15,1700,891,297
1437,202836,16,1696,890,295
1438,202964,14,1699,888,297
1439,203093,16,1703,887,304
1440,203222,15,1703,886,307
1441,203361,20,1714,889,313
1442,203482,15,1719,890,313
1443,203763,16,1724,891,316
1444,203878,18,1730,894,321
1445,203992,17,1732,881,330
1446,204104,12,1742,888,335
1447,204203,15,1760,902,337
1448,204333,23,1761,903,336
1449,204449,30,1768,909,334
1450,204575,14,1776,917,334
1451,204697,18,1787,923,340
1452,204822,16,1790,922,341
1453,204958,18,1796,918,350
1454,205077,18,1796,917,353
1455,205206,17,1803,923,349
1456,205338,19,1805,922,351
1457,205447,14,1810,927,346
1458,205592,18,1815,932,340
1459,205726,17,1831,946,339
1460,205851,14,1842,958,340
1461,205989,18,1849,957,349
1462,206122,19,1847,957,349
1463,206280,20,1845,956,347
1464,206405,24,1864,972,349
1465,206580,16,1866,971,349
1466,206884,23,1869,967,356
1467,207007,14,1869,964,357
1468,207125,17,1871,962,357
1469,207259,12,1879,964,367
1470,207407,15,1895,969,372
1471,207541,20,1894,967,374
1472,207636,18,1903,977,372
1473,207751,16,1904,965,384
1474,207857,15,1904,961,390
1475,207988,23,1905,960,390
1476,208115,21,1907,955,397
1477,208232,16,1908,956,397
1478,208338,17,1925,973,393
1479,208481,23,1928,976,393
1480,208641,19,1931,979,393
1481,208757,17,1925,979,387
1482,208874,16,1941,988,385
1483,209003,17,1955,1001,384
1484,209136,16,1956,1003,383
1485,209242,15,1960,1007,381
1486,209369,14,1965,1012,381
1487,209490,22,1968,1015,378
1488,209762,188,1973,1020,377
1489,209901,16,1975,1022,375
1490,210040,25,1982,1029,375
1491,210309,82,1622,1030,15
1492,210438,14,1630,1037,15
1493,210574,11,1636,1043,15
1494,210711,13,1648,1053,15
1495,210841,15,1660,1063,15
1496,210969,13,1661,1064,15
1497,211119,16,1668,1037,55
1498,211252,14,1673,1029,70
1499,211377,15,1685,1011,98
1500,211517,18,1691,1006,109
1501,211655,15,1703,996,146
1502,211785,14,1711,967,190
1503,211920,15,1714,942,222
1504,212044,14,1736,962,222
1505,212173,18,1755,948,270
1506,212323,16,1760,919,317
1507,212467,20,1765,884,367
1508,212782,200,1789,899,374
1509,212896,16,1805,873,423
1510,213039,15,1807,848,457
1511,213168,12,1815,849,460
1512,213276,18,1817,839,473
1513,213394,19,1831,841,482
1514,213513,14,1838,848,483
1515,213642,13,1846,828,523
1516,213759,13,1843,815,544
1517,213869,13,1849,799,568
1518,213976,15,1852,801,568
1519,214102,15,1861,791,590
1520,214221,13,1874,774,625
1521,214340,17,1882,780,627
1522,214484,15,1889,781,629
1523,214600,14,1891,783,629
1524,214712,16,1908,794,634
1525,214826,13,1905,790,632
1526,214927,16,1906,781,643
1527,215026,15,1908,776,649
1528,215145,19,1912,776,657
1529,215261,14,1928,790,657
1530,215390,21,1935,789,668
1531,215657,21,1937,743,723
1532,215774,17,1953,757,722
1533,215907,16,1956,745,740
1534,216038,13,1966,739,759
1535,216159,18,1973,727,772
1536,216284,14,1974,727,777
1537,216417,16,1981,732,774
1538,216552,13,1984,727,777
1539,216688,14,1992,726,785
1540,216802,24,2006,736,788
1541,216912,20,2009,725,804
1542,217028,17,2017,722,821
1543,217149,23,2024,726,819
1544,217294,17,2030,723,847
1545,217407,14,2034,721,855
1546,217524,23,2053,723,868
1547,217643,17,2061,727,871
1548,217762,22,2063,714,883
1549,217871,22,2071,710,900
1550,218007,19,2075,709,904
1551,218159,20,2075,709,903
1552,220209,23,2074,626,1009
1553,220335,22,2080,627,1012
1554,220458,16,2079,618,1020
1555,220580,20,2088,624,1015
1556,220690,14,2099,629,1025
1557,220807,20,2095,627,1024
1558,220909,15,2105,634,1026
1559,221008,14,2106,626,1036
1560,221129,20,2108,627,1039
1561,221274,19,2109,609,1067
1562,221387,19,2119,613,1074
1563,221531,17,2121,605,1087
1564,221653,17,2130,610,1087
1565,221770,16,2152,633,1079
1566,221902,16,2154,633,1081
1567,222008,26,2151,631,1085
1568,222135,17,2155,630,1091
1569,222261,19,2160,621,1104
1570,222388,22,2165,615,1115
1571,222497,19,2167,613,1118
1572,222631,19,2182,623,1126
1573,222845,19,2182,620,1129
1574,223007,15,2177,617,1132
1575,223128,20,2183,623,1130
1576,223250,24,2197,633,1130
1577,223382,24,2202,631,1136
1578,223515,14,2208,632,1142
1579,223637,19,2216,628,1158
1580,223753,16,2229,638,1159
1581,223855,19,2241,647,1156
1582,223977,20,2238,641,1165
1583,224101,23,2242,640,1172
1584,224240,27,2253,646,1178
1585,224338,15,2257,649,1177
1586,224463,19,2269,658,1174
1587,224586,18,2275,660,1179
1588,224708,28,2280,665,1179
1589,224834,29,2285,661,1195
1590,224954,20,2298,673,1192
1591,225094,18,2312,681,1203
1592,225540,24,1123,681,17
1593,225675,14,1135,690,17
1594,225778,10,1140,682,30
1595,225885,9,1156,685,42
1596,226033,14,1166,690,48
1597,226147,14,1170,691,57
1598,226269,10,1177,693,65
1599,226388,11,1177,693,64
1600,226525,13,1188,693,66
1601,226630,9,1208,699,82
1602,226763,11,1229,692,105
1603,226898,9,1246,697,123
1604,227038,12,1251,697,125
1605,227135,17,1289,734,126
1606,227250,10,1317,757,131
1607,227361,15,1323,761,133
1608,227480,10,1324,760,135
1609,227592,14,1326,759,141
1610,227747,16,1327,736,166
1611,227866,12,1341,740,176
1612,228040,24,1346,735,185
1613,228179,16,1353,737,190
1614,228287,14,1361,739,195
1615,228436,15,1371,743,198
1616,228542,10,1396,766,198
1617,228772,13,1398,767,200
1618,228863,10,1399,766,198
1619,228952,11,1416,780,203
1620,229081,13,1416,777,206
1621,229177,12,1416,770,207
1622,229297,12,1424,775,211
1623,229430,13,1440,789,212
1624,229543,16,1456,796,216
1625,229639,14,1465,792,225
1626,229770,16,1466,794,224
1627,229911,14,1471,795,227
1628,230030,13,1486,804,229
1629,230136,13,1497,810,229
1630,230256,13,1502,815,228
1631,230389,11,1520,823,233
1632,230510,18,1521,824,232
1633,230628,12,1535,838,229
1634,230743,19,1544,837,235
1635,230855,11,1547,835,240
1636,230957,16,1568,854,239
1637,231076,16,1590,871,247
1638,231199,13,1594,869,252
1639,231336,13,1596,865,259
1640,231445,12,1606,865,262
1641,231549,13,1601,862,258
1642,231792,19,1603,856,273
1643,231947,12,1607,852,282
1644,232079,18,1609,853,282
1645,232172,12,1612,855,282
1646,232285,19,1620,860,285
1647,232393,18,1628,861,296
1648,232493,16,1630,861,297
1649,232610,14,1638,865,303
1650,232748,20,1641,861,310
1651,232869,13,1647,868,306
1652,232996,12,1656,872,311
1653,233137,13,1655,865,314
1654,233272,23,1667,869,328
1655,233370,15,1690,890,328
1656,233467,15,1693,892,329
1657,233569,15,1701,897,328
1658,233697,15,1705,901,326
1659,233811,17,1698,900,316
1660,233925,13,1708,906,320
1661,234028,19,1721,911,327
1662,234167,19,1734,914,337
1663,234324,19,1733,915,335
1664,234468,29,1736,920,331
1665,234623,17,1750,928,336
1666,234861,17,1755,923,342
1667,234979,14,1765,925,352
1668,235111,15,1778,930,360
1669,235228,17,1783,933,366
1670,235329,17,1797,946,360
1671,235428,13,1800,948,360
1672,235534,12,1808,953,360
1673,235677,28,1819,961,361
1674,235814,23,1822,961,361
1675,235929,18,1829,968,363
1676,236057,24,1831,961,372
1677,236231,19,1852,980,374
1678,236347,21,1854,978,377
1679,236543,26,1857,978,382
1680,236681,17,1868,985,381
1681,236806,25,1872,990,379
1682,236935,19,1877,999,375
1683,237062,20,1880,994,379
1684,237190,18,1880,992,383
1685,237313,21,1887,996,384
1686,237424,15,1886,996,382
1687,237569,16,1897,1003,385
1688,237703,15,1897,1004,384
1689,237992,180,1901,999,396
1690,238145,20,1903,998,395
1691,238271,26,1921,1008,398
1692,238373,13,1919,1004,402
1693,238479,20,1918,1003,402
1694,238576,16,1917,1004,401
1695,238678,18,1920,1005,403
1696,238812,14,1921,1000,406
1697,238925,16,1920,991,413
1698,239043,16,1936,1005,414
1699,239158,15,1936,1004,415
1700,239294,14,1939,1006,421
1701,239405,14,1939,997,423
1702,239531,26,1965,1020,427
1703,239646,19,1982,1031,430
1704,239732,14,1995,1044,430
1705,239861,27,1998,1043,433
1706,240011,21,2004,1043,440
1707,240282,24,1561,1009,48
1708,240424,14,1570,992,83
1709,240561,12,1572,973,111
1710,240710,17,1592,966,136
1711,240998,18,1609,930,186
1712,241110,16,1619,928,200
1713,241246,11,1623,912,229
1714,241374,11,1629,912,238
1715,241527,16,1635,894,268
1716,241689,18,1646,881,291
1717,241815,13,1654,875,306
1718,241945,11,1667,884,310
1719,242095,14,1677,873,322
1720,242251,11,1697,888,332
1721,242382,14,1703,860,367
1722,242494,12,1708,857,376
1723,242617,13,1713,845,401
1724,242740,15,1717,849,401
1725,242877,17,1729,856,409
1726,242999,14,1739,860,411
1727,243109,16,1764,862,439
1728,243242,14,1772,841,459
1729,243426,19,1774,821,485
1730,243552,17,1788,809,518
1731,243685,13,1801,817,524
1732,243813,15,1820,821,534
1733,243953,17,1825,815,551
1734,244082,15,1829,803,568
1735,244426,18,1830,788,586
1736,244580,29,1843,800,586
1737,244703,20,1850,781,617
1738,244838,15,1849,774,626
1739,244968,12,1857,771,638
1740,245086,22,1871,778,644
1741,245191,21,1883,787,650
1742,245315,16,1903,780,678
1743,245433,18,1919,783,687
1744,245578,17,1926,790,687
1745,245673,13,1934,791,701
1746,245830,27,1939,779,714
1747,246038,34,1933,763,730
1748,246210,15,1943,764,739
1749,246385,14,1949,758,756
1750,246505,19,1973,774,768
1751,246667,18,1976,769,769
1752,246783,17,1984,779,764
1753,246902,14,1989,782,763
1754,247048,39,2021,808,765
1755,247201,19,2020,801,770
1756,247501,189,2024,791,784
1757,247606,13,2035,789,801
1758,247734,14,2047,785,812
1759,247847,15,2071,805,815
1760,247953,20,2083,808,823
1761,248067,14,2087,800,836
1762,248178,15,2096,807,836
1763,248318,16,2097,800,845
1764,248427,14,2099,801,845
1765,248563,16,2112,813,842
1766,248664,18,2112,814,838
1767,248784,19,2116,818,836
1768,248908,16,2118,820,836
1769,249035,23,2121,823,836
1770,249163,15,2125,827,836
1771,249290,24,2128,830,836
1772,249423,21,2140,842,835
1773,249546,22,2144,844,835
1774,249682,19,2161,863,833
1775,249811,20,2164,866,828
1776,249945,18,2169,870,828
1777,250060,19,2180,881,826
1778,250348,18,2190,874,833
1779,250473,25,2209,885,840
1780,250625,19,2213,870,861
1781,250783,15,2233,888,860
1782,250925,27,2244,897,862
1783,251068,32,2258,905,869
1784,251213,28,2261,902,877
1785,251331,18,2278,904,895
1786,251465,21,2280,886,915
1787,251577,20,2285,880,930
1788,251682,16,2289,871,945
1789,251812,26,2293,870,946
1790,251951,23,2298,871,948
1791,252072,24,2301,841,993
1792,252196,18,2304,821,1020
1793,252327,16,2306,819,1024
1794,252445,27,2307,816,1033
1795,252559,22,2310,807,1043
1796,252679,21,2310,801,1053
1797,252810,17,2313,794,1061
1798,253103,22,2326,801,1063
1799,253254,25,2336,808,1071
1800,253383,17,2341,802,1086
1801,253538,17,2346,803,1091
1802,253714,31,2352,799,1102
1803,253837,17,2350,791,1108
1804,253979,16,2361,802,1106
1805,254103,19,2362,802,1106
1806,254212,18,2366,806,1106
1807,254348,24,2379,819,1106
1808,254473,20,2392,827,1115
1809,254567,23,2406,836,1114
1810,254714,21,2404,836,1115
1811,254828,17,2410,827,1133
1812,254963,25,2422,835,1134
1813,255069,15,2434,840,1137
1814,255386,22,1320,861,1
1815,255511,16,1326,862,8
1816,255777,14,1335,854,32
1817,255910,13,1348,851,42
1818,256045,12,1354,851,50
1819,256162,14,1360,845,68
1820,256286,16,1370,839,89
1821,256406,11,1374,841,97
1822,256520,16,1378,837,106
1823,256641,13,1391,823,134
1824,256761,13,1398,828,133
1825,256873,13,1409,837,134
1826,256980,12,1414,840,138
1827,257096,14,1424,846,139
1828,257187,13,1433,849,144
1829,257308,17,1438,850,145
1830,257432,11,1441,842,152
1831,257543,15,1446,840,161
1832,257652,12,1455,841,171
1833,257778,23,1470,836,185
1834,257882,16,1489,850,190
1835,257982,13,1490,842,198
1836,258099,19,1508,854,206
1837,258217,19,1509,841,223
1838,258358,17,1525,848,232
1839,258630,167,1532,843,241
1840,258738,10,1537,846,241
1841,258856,12,1537,842,247
1842,258973,17,1542,844,249
1843,259098,17,1562,849,266
1844,259233,14,1564,851,265
1845,259352,13,1562,847,268
1846,259478,13,1567,839,275
1847,259617,19,1571,838,280
1848,259745,17,1583,847,279
1849,259865,12,1593,852,281
1850,259995,12,1604,857,281
1851,260108,14,1614,865,283
1852,260224,14,1622,867,290
1853,260333,14,1626,859,298
1854,260468,18,1631,847,309
1855,260586,12,1639,847,319
1856,260698,16,1642,843,330
1857,260828,13,1645,843,331
1858,260934,16,1649,843,332
1859,261052,11,1649,840,333
1860,261188,12,1653,827,345
1861,261309,13,1664,829,350
1862,263371,16,1694,784,442
1863,263475,15,1697,787,440
1864,263582,12,1703,782,448
1865,263688,15,1719,792,447
1866,263798,11,1730,797,455
1867,263928,16,1738,802,456
1868,264038,13,1753,804,463
1869,264137,18,1764,810,465
1870,264251,19,1773,816,466
1871,264364,13,1775,814,471
1872,264478,17,1789,827,474
1873,264604,16,1791,828,472
1874,264725,19,1795,831,471
1875,264859,16,1799,830,475
1876,264987,15,1803,826,485
1877,265107,16,1805,819,498
1878,265227,24,1816,827,498
1879,265336,18,1817,828,498
1880,265446,17,1834,841,491
1881,265548,13,1842,849,488
1882,265659,24,1846,852,487
1883,265763,16,1853,861,485
1884,265909,22,1865,872,487
1885,266092,17,1867,871,490
1886,266224,17,1862,869,483
1887,266316,17,1892,895,483
1888,266411,20,1905,902,489
1889,266530,16,1906,900,492
1890,266651,15,1912,905,487
1891,266774,21,1938,924,486
1892,266898,20,1941,924,489
1893,267042,17,1940,921,493
1894,267185,19,1937,915,491
1895,267332,19,1940,916,489
1896,267444,18,1944,912,491
1897,267542,16,1947,916,490
1898,267640,15,1962,924,495
1899,267776,19,1961,927,490
1900,267901,21,1963,927,495
1901,268012,14,1981,941,499
1902,268124,22,1973,944,487
1903,268233,15,1978,950,486
1904,268361,20,1981,950,489
1905,268494,19,1986,952,491
1906,268727,123,1996,959,497
1907,268867,27,2002,967,491
1908,268979,16,2001,958,496
1909,269097,15,2025,979,494
1910,269219,21,2024,980,494
1911,269316,18,2026,980,494
1912,269441,14,2029,980,494
1913,269548,17,2038,988,493
1914,269667,17,2024,982,486
1915,269786,17,2036,989,484
1916,269916,34,2050,1002,484
1917,270089,23,2054,976,517
1918,270343,23,1578,949,76
1919,270485,12,1584,917,121
1920,270608,14,1590,893,166
1921,270734,16,1607,886,196
1922,270872,12,1621,876,223
1923,270998,15,1628,874,235
1924,271127,13,1652,883,244
1925,271285,13,1659,867,277
1926,271420,17,1665,852,298
1927,271558,20,1676,850,305
1928,271799,16,1684,798,377
1929,271902,15,1688,790,397
1930,272035,15,1694,791,407
1931,272177,20,1697,781,421
1932,272317,17,1711,782,429
1933,272450,21,1721,791,430
1934,272577,18,1726,763,468
1935,272702,15,1750,767,499
1936,272835,14,1756,757,517
1937,272949,18,1769,741,551
1938,273068,18,1784,752,556
1939,273197,13,1804,759,571
1940,273317,14,1821,764,587
1941,273438,12,1825,755,602
1942,273569,12,1826,751,604
1943,273721,18,1829,743,620
1944,273851,18,1844,754,618
1945,273978,22,1851,746,632
1946,274107,14,1856,748,635
1947,274263,23,1870,760,637
1948,274388,19,1888,772,639
1949,274571,19,1892,756,663
1950,274713,17,1900,762,668
1951,274944,21,1907,752,683
1952,275093,25,1913,728,720
1953,275214,15,1933,747,723
1954,275329,17,1938,739,739
1955,275426,14,1954,751,742
1956,275553,16,1959,741,751
1957,275679,25,1964,744,748
1958,275817,18,1967,743,755
1959,275957,22,1986,753,759
1960,276078,15,1992,745,768
1961,276197,21,2009,759,772
1962,276328,20,2015,765,772
1963,276434,18,2024,769,785
1964,276574,20,2028,750,813
1965,276697,16,2023,740,828
1966,276785,14,2032,748,828
1967,276910,20,2046,756,829
1968,277018,15,2050,758,829
1969,277138,16,2063,765,830
1970,277289,24,2067,747,858
1971,277447,30,2071,742,868
1972,277582,19,2073,737,880
1973,277824,22,2074,714,910
1974,277966,16,2074,714,911
1975,278063,14,2074,711,916
1976,278187,21,2078,712,921
1977,278319,18,2087,722,919
1978,278446,20,2090,720,922
1979,278602,16,2097,723,928
1980,278756,29,2103,708,950
1981,278878,18,2112,707,965
1982,279015,15,2124,712,968
1983,279153,14,2127,716,967
1984,279267,20,2149,732,973
1985,279379,14,2154,729,980
1986,279497,16,2169,743,979
1987,279638,16,2179,736,995
1988,279746,27,2185,738,996
1989,279858,24,2218,766,995
1990,279998,29,2223,767,1001
1991,280148,21,2225,758,1003
1992,280278,19,2229,762,1002
1993,280401,24,2234,767,1002
1994,280552,19,2250,781,1004
1995,280814,16,2255,769,1028
1996,280965,25,2257,767,1027
1997,281148,28,2260,766,1035
1998,281280,19,2262,764,1042
1999,281428,29,2264,760,1046
2000,281549,19,2278,763,1055
2001,281690,20,2279,765,1055
2002,281822,21,2279,756,1068
2003,281956,28,2288,764,1067
2004,282099,26,2296,759,1077
2005,282216,15,2295,756,1078
2006,282334,21,2298,756,1076
2007,282471,22,2302,759,1080
2008,282611,18,2309,747,1107
2009,282751,19,2307,745,1108
2010,282890,24,2308,742,1113
2011,283017,32,2311,745,1113
2012,283146,18,2314,747,1113
2013,283297,32,2321,750,1117
2014,283419,19,2325,748,1123
2015,283564,25,2328,744,1130
2016,283695,19,2329,727,1152
2017,283952,22,2348,728,1164
2018,284074,21,2356,733,1164
2019,284168,15,2365,741,1167
2020,284303,22,2372,743,1179
2021,284421,24,2386,749,1183
2022,284540,26,2389,752,1183
2023,284670,22,2391,737,1218
2024,284805,19,2399,734,1227
2025,284964,29,2403,732,1229
2026,285090,28,2405,728,1232
2027,286368,199,1179,666,74
2028,286496,13,1189,664,80
2029,286635,11,1193,665,79
2030,286771,17,1211,674,87
2031,286891,16,1212,666,96
2032,287014,14,1222,664,103
2033,287141,10,1230,668,109
2034,287279,16,1234,668,114
2035,287448,24,1239,666,124
2036,287767,17,1247,652,143
2037,287883,10,1256,648,151
2038,288015,12,1261,653,150
2039,288142,15,1264,650,155
2040,288263,10,1274,655,159
2041,288383,15,1280,660,158
2042,288517,12,1292,661,172
2043,288625,10,1311,677,167
2044,288720,10,1335,695,172
2045,288836,16,1336,700,165
2046,288944,11,1335,703,163
2047,289063,10,1344,705,163
2048,289150,10,1346,703,161
2049,289268,11,1368,723,157
2050,289386,15,1386,728,164
2051,289509,13,1389,727,169
2052,289619,11,1392,726,178
2053,289722,14,1406,728,185
2054,289840,14,1418,731,190
2055,289964,14,1427,733,199
2056,290114,17,1432,730,206
2057,290253,17,1444,743,207
2058,290366,11,1447,741,208
2059,290494,17,1451,741,212
2060,290610,20,1463,748,219
2061,290735,16,1470,755,219
2062,290832,16,1483,762,221
2063,291117,15,1486,745,238
2064,291216,11,1492,744,245
2065,291369,13,1494,738,249
2066,291512,14,1497,740,250
2067,291618,14,1504,754,239
2068,291749,16,1511,759,238
2069,291888,15,1518,766,238
2070,291987,16,1525,775,236
2071,292106,12,1527,779,230
2072,292242,12,1554,805,229
2073,292362,12,1552,807,225
2074,292484,16,1558,813,225
2075,292591,13,1566,821,225
2076,292739,14,1574,827,223
2077,292871,15,1575,828,223
2078,292981,14,1589,842,223
2079,293116,15,1600,849,223
2080,293226,17,1603,852,223
2081,293348,16,1609,858,222
2082,293464,12,1611,860,220
2083,293568,17,1625,872,223
2084,293691,15,1630,875,225
2085,293823,14,1627,871,224
2086,293966,20,1648,888,220
2087,294070,16,1646,876,229
2088,294351,16,1660,875,243
2089,294467,15,1670,883,244
2090,294565,11,1671,883,246
2091,294721,22,1672,876,250
2092,294829,15,1673,875,250
2093,294925,13,1672,871,253
2094,295031,13,1678,864,254
2095,295137,19,1687,872,257
2096,295269,18,1696,873,269
2097,295399,13,1704,876,271
2098,295511,13,1711,880,269
2099,295635,17,1719,882,273
2100,295749,15,1725,888,267
2101,295866,15,1741,898,265
2102,295986,15,1757,914,265
2103,296114,22,1761,914,264
2104,296220,13,1781,929,264
2105,296322,13,1781,921,279
2106,296464,16,1786,924,281
2107,296588,15,1788,917,287
2108,296717,23,1809,936,289
2109,296822,16,1815,944,287
2110,296945,18,1814,946,283
2111,297055,17,1832,962,286
2112,297183,19,1833,961,291
2113,297461,19,1839,956,296
2114,297580,18,1843,956,305
2115,297693,16,1862,975,300
2116,297792,21,1864,970,308
2117,297910,16,1876,979,306
2118,298014,20,1894,993,312
2119,298113,15,1902,1004,306
2120,298218,15,1908,1006,307
2121,298341,21,1912,1005,315
2122,298468,16,1919,1004,324
2123,298585,16,1917,996,328
2124,298713,18,1920,998,328
2125,298850,22,1932,1011,327
2126,299000,21,1940,1015,331
2127,299129,21,1943,1010,333
2128,299242,18,1948,1011,338
2129,299347,23,1957,1020,338
2130,299456,20,1986,1042,338
2131,299585,14,2006,1057,339
2132,299695,25,2009,1063,336
2133,299847,24,2010,1055,338
2134,299970,14,2011,1050,344
2135,300420,15,2010,983,427
