tick,timestamp,query_runtime,trav_index_nodes,trav_vol_nodes,trav_unprod_nodes
0,455,3,7,7,0
1,665,1,12,12,0
2,910,1,20,20,0
3,1120,1,21,21,0
4,1304,1,23,23,0
5,1502,1,33,33,0
6,1671,2,36,36,0
7,1848,1,42,42,0
8,2040,3,45,45,0
9,2183,2,53,53,0
10,2368,1,60,60,0
11,2538,3,67,67,0
12,2700,1,69,69,0
13,5091,1,73,73,0
14,5223,1,75,75,0
15,5359,2,81,81,0
16,5498,2,94,94,0
17,5632,1,97,97,0
18,5796,3,97,97,0
19,5957,2,100,100,0
20,6090,2,103,103,0
21,6226,1,103,103,0
22,6374,2,112,112,0
23,6500,1,114,114,0
24,6604,1,118,118,0
25,6710,2,128,128,0
26,6839,3,131,131,0
27,6975,2,134,134,0
28,7083,1,141,141,0
29,7197,2,145,145,0
30,7306,2,153,153,0
31,7485,3,156,156,0
32,7807,1,157,157,0
33,7926,1,163,163,0
34,8049,2,163,163,0
35,8139,2,180,180,0
36,8226,1,193,193,0
37,8333,1,195,195,0
38,8440,2,213,213,0
39,8581,4,217,217,0
40,8696,3,218,218,0
41,8786,2,222,222,0
42,8869,3,222,222,0
43,8988,5,225,225,0
44,9101,3,229,229,0
45,9208,2,230,230,0
46,9309,3,232,232,0
47,9416,3,241,241,0
48,9529,6,242,242,0
49,9629,4,252,252,0
50,9717,3,254,254,0
51,9877,2,256,256,0
52,9964,2,257,257,0
53,10043,3,263,263,0
54,10136,3,268,268,0
55,10236,2,271,271,0
56,10348,3,272,272,0
57,10441,3,277,277,0
58,10549,3,278,278,0
59,10620,3,286,286,0
60,10709,4,297,297,0
61,10810,5,297,297,0
62,10935,3,299,299,0
63,11005,2,306,306,0
64,11207,5,311,311,0
65,11304,3,315,315,0
66,11386,2,317,317,0
67,11459,2,318,318,0
68,11550,3,319,319,0
69,11653,2,325,325,0
70,11739,3,331,331,0
71,13182,1359,339,339,0
72,13297,3,349,349,0
73,13387,3,354,354,0
74,13463,3,367,367,0
75,13566,3,374,374,0
76,13672,3,374,374,0
77,13776,4,377,377,0
78,13855,3,386,386,0
79,13922,4,387,387,0
80,14047,4,387,387,0
81,14147,4,388,388,0
82,14276,4,389,389,0
83,14397,4,406,406,0
84,14480,3,416,416,0
85,14595,4,417,417,0
86,14688,4,426,426,0
87,14775,4,440,440,0
88,14875,4,443,443,0
89,15032,4,446,446,0
90,15164,34,448,448,0
91,15288,3,449,449,0
92,15377,5,450,450,0
93,15482,3,451,451,0
94,15566,3,451,451,0
95,15659,4,460,460,0
96,15749,4,464,464,0
97,15849,3,464,464,0
98,15942,4,478,478,0
99,16036,4,481,481,0
100,16130,4,489,489,0
101,16226,3,492,492,0
102,16336,4,493,493,0
103,16416,4,505,505,0
104,16518,4,513,513,0
105,16607,4,518,518,0
106,16716,4,538,538,0
107,16825,4,539,539,0
108,16939,5,542,542,0
109,17087,4,543,543,0
110,17166,4,543,543,0
111,17252,4,544,544,0
112,17336,5,546,546,0
113,17424,4,553,553,0
114,17528,6,553,553,0
115,17622,4,559,559,0
116,17721,5,563,563,0
117,17798,4,572,572,0
118,17887,5,573,573,0
119,17980,4,587,587,0
120,18080,5,594,594,0
121,18169,4,597,597,0
122,18248,4,603,603,0
123,18339,6,604,604,0
124,18431,5,611,611,0
125,18516,4,613,613,0
126,18594,5,613,613,0
127,18695,5,619,619,0
128,18841,5,619,619,0
129,18923,5,619,619,0
130,19029,5,620,620,0
131,19120,5,624,624,0
132,19211,4,629,629,0
133,19300,4,631,631,0
134,19386,5,640,640,0
135,19465,4,649,649,0
136,19547,4,652,652,0
137,19622,5,655,655,0
138,19707,5,657,657,0
139,19792,6,666,666,0
140,19867,5,668,668,0
141,19958,5,668,668,0
142,20057,5,671,671,0
143,20146,5,679,679,0
144,20254,6,685,685,0
145,20417,5,688,688,0
146,20508,9,689,689,0
147,20613,5,692,692,0
148,20732,8,702,702,0
149,20857,5,703,703,0
150,20963,7,703,703,0
151,21082,6,712,712,0
152,21171,5,715,715,0
153,21273,5,717,717,0
154,21364,5,739,739,0
155,21485,11,739,739,0
156,21628,18,740,740,0
157,21721,5,741,741,0
158,21814,5,741,741,0
159,21913,7,747,747,0
160,22001,6,752,752,0
161,22110,9,753,753,0
162,22225,6,755,755,0
163,22385,6,759,759,0
164,22479,6,766,766,0
165,22576,6,766,766,0
166,22685,10,769,769,0
167,22788,6,775,775,0
168,22865,6,783,783,0
169,22942,6,783,783,0
170,23048,7,787,787,0
171,23128,6,789,789,0
172,23219,7,798,798,0
173,23303,8,801,801,0
174,23404,5,801,801,0
175,23495,5,804,804,0
176,23584,8,812,812,0
177,23660,7,825,825,0
178,23784,6,828,828,0
179,23890,6,835,835,0
180,24021,6,837,837,0
181,24108,7,848,848,0
182,24208,6,857,857,0
183,24293,6,858,858,0
184,24431,8,863,863,0
185,24501,7,866,866,0
186,24603,6,866,866,0
187,24696,6,881,881,0
188,24790,7,885,885,0
189,24869,7,886,886,0
190,24947,7,887,887,0
191,25056,8,888,888,0
192,25149,7,893,893,0
193,25232,7,897,897,0
194,25325,8,899,899,0
195,25455,9,899,899,0
196,25550,8,907,907,0
197,25714,7,911,911,0
198,25803,7,911,911,0
199,25894,7,917,917,0
200,25967,7,923,923,0
201,26061,7,924,924,0
202,26135,7,924,924,0
203,26222,8,925,925,0
204,26312,7,926,926,0
205,26390,7,927,927,0
206,26484,7,932,932,0
207,26561,8,939,939,0
208,26640,7,952,952,0
209,26727,9,959,959,0
210,26800,7,960,960,0
211,26883,8,963,963,0
212,26959,7,970,970,0
213,27062,8,972,972,0
214,27193,8,981,981,0
215,27305,11,981,981,0
216,27404,8,982,982,0
217,27495,7,982,982,0
218,27572,7,984,984,0
219,27646,7,987,987,0
220,27734,8,987,987,0
221,27826,8,1002,1002,0
222,27908,8,1012,1012,0
223,28026,11,1015,1015,0
224,28131,11,1017,1017,0
225,28208,7,1025,1025,0
226,28315,8,1025,1025,0
227,28408,9,1025,1025,0
228,28535,8,1028,1028,0
229,28679,56,1038,1038,0
230,28772,8,1038,1038,0
231,28848,9,1041,1041,0
232,28946,11,1043,1043,0
233,29038,8,1045,1045,0
234,29124,8,1051,1051,0
235,29207,8,1053,1053,0
236,29302,8,1057,1057,0
237,29381,9,1057,1057,0
238,29487,9,1059,1059,0
239,29577,10,1066,1066,0
240,29687,8,1068,1068,0
241,29774,8,1071,1071,0
242,29854,9,1076,1076,0
243,29963,11,1076,1076,0
244,30084,9,1090,1090,0
245,30215,56,1101,1089,2
246,30305,10,1104,1081,3
247,30415,9,1106,1066,3
248,30520,9,1109,1053,7
249,30601,9,1108,1044,9
250,30670,9,1108,1031,17
251,30776,12,1115,1021,29
252,30887,9,1118,1019,29
253,30986,9,1119,1010,37
254,31071,8,1129,1014,39
255,31147,9,1130,1006,40
256,31232,8,1131,1001,42
257,31332,14,1134,997,46
258,31410,8,1139,992,54
259,31486,9,1139,988,54
260,31579,9,1140,981,57
261,31685,9,1143,971,68
262,31829,66,1149,956,77
263,31914,12,1155,955,79
264,32026,10,1161,955,84
265,32102,9,1179,967,90
266,32193,9,1185,963,99
267,32283,9,1192,967,101
268,32371,8,1202,972,105
269,32460,9,1205,971,107
270,32533,7,1209,961,118
271,32606,7,1215,959,121
272,32674,7,1221,956,124
273,32783,8,1221,949,131
274,32880,9,1226,950,131
275,32965,9,1229,953,131
276,33048,10,1237,961,131
277,33155,11,1244,969,130
278,33296,65,1246,971,130
279,33398,8,1250,975,130
280,33478,9,1255,981,129
281,33558,9,1266,992,128
282,33650,9,1267,993,128
283,33733,9,1269,995,128
284,33831,9,1271,997,128
285,33921,9,1278,1005,127
286,33997,9,1279,1006,127
287,34083,12,1284,1011,127
288,34162,9,1296,1024,125
289,34244,10,1301,1031,118
290,34339,10,1301,1031,118
291,34434,10,1305,1035,116
292,34531,10,1305,1038,113
293,34636,10,1311,1044,113
294,34701,10,1313,1046,113
295,34857,89,1315,1048,113
296,34934,10,1316,1049,113
297,35015,9,1316,1052,110
298,35094,9,1325,1052,113
299,35165,9,1327,1038,120
300,35234,9,1329,1038,120
301,35307,10,1336,1040,123
302,35390,10,1337,1036,126
303,35454,10,1337,1036,126
304,35525,9,1344,1038,125
305,35638,10,1346,1033,129
306,35707,9,1354,1036,134
307,35792,10,1357,1035,140
308,35882,10,1364,1039,140
309,35939,9,1372,1044,141
310,36003,10,1380,1051,143
311,36085,11,1398,1065,144
312,36178,10,1397,1062,145
313,36336,9,1400,1057,149
314,36418,11,1402,1051,151
315,36496,10,1409,1049,153
316,36568,11,1415,1050,157
317,36662,10,1417,1052,157
318,36753,10,1421,1057,156
319,36840,10,1425,1053,160
320,36941,11,1424,1051,161
321,37007,11,1426,1059,154
322,37084,11,1426,1054,159
323,37175,19,1426,1051,159
324,37242,11,1426,1051,159
325,37351,11,1433,1045,167
326,37444,10,1435,1040,172
327,37540,10,1430,1029,178
328,37643,10,1432,1031,178
329,37741,11,1440,1038,178
330,37830,11,1446,1025,196
331,38034,10,1453,984,243
332,38122,10,1463,980,255
333,38214,10,1465,947,296
334,38301,11,1469,938,308
335,38397,11,1483,948,309
336,38487,10,1490,937,315
337,38566,11,1500,923,337
338,38662,14,1501,918,341
339,38766,13,1499,916,341
340,38876,18,1500,891,362
341,38996,13,1506,881,384
342,39095,11,1506,878,386
343,39203,14,1506,861,405
344,39319,16,1504,843,422
345,39404,12,1505,835,431
346,39501,11,1512,819,452
347,39686,10,1515,803,472
348,39765,10,1520,788,489
349,39843,11,1521,785,493
350,39925,11,1534,790,499
351,40008,11,1536,783,510
352,40093,10,1537,782,512
353,40177,11,1541,786,512
354,40275,11,1556,790,519
355,40365,11,1557,762,549
356,40440,11,1559,745,569
357,40517,11,1571,737,592
358,40600,11,1574,733,600
359,40690,13,1583,728,614
360,40777,11,1586,725,622
361,40860,11,1588,728,620
362,40934,11,1600,731,627
363,41014,14,1606,728,636
364,41117,12,1607,731,634
365,41326,11,1607,715,651
366,41422,12,1613,717,654
367,41529,11,1610,701,668
368,41614,11,1612,694,679
369,41703,12,1620,697,682
370,41804,11,1621,690,692
371,41882,12,1628,699,691
372,41970,11,1632,704,689
373,42053,11,1637,710,688
374,42145,13,1652,725,688
375,42232,13,1655,728,688
376,42301,13,1658,731,688
377,42379,12,1662,735,688
378,42470,11,1668,742,683
379,42568,12,1664,744,677
380,42651,13,1683,763,677
381,42738,15,1683,763,677
382,42947,15,1694,774,677
383,43031,14,1691,775,673
384,43121,18,1689,775,671
385,43214,12,1680,773,664
386,43293,13,1693,774,671
387,43380,12,1694,767,682
388,43460,12,1706,776,684
389,43553,13,1705,773,684
390,43629,13,1724,786,687
391,43724,13,1738,797,687
392,43809,13,1740,799,688
393,43879,13,1742,797,687
394,43965,12,1751,789,712
395,44054,12,1757,791,714
396,44137,13,1766,794,719
397,44222,13,1769,797,719
398,44305,14,1768,798,717
399,44515,12,1768,788,725
400,44602,12,1770,778,741
401,44690,12,1771,779,739
402,44782,12,1776,782,740
403,44893,16,1788,790,741
404,45029,14,1792,795,738
405,45100,14,1799,783,760
406,45165,13,1808,792,760
407,45251,18,1810,786,762
408,45330,14,1809,779,766
409,45417,13,1822,793,763
410,45487,13,1820,772,789
411,45596,17,1819,765,798
412,45692,13,1819,765,798
413,45775,13,1824,766,800
414,45861,13,1823,767,796
415,46088,139,1826,742,833
416,46181,13,1826,742,833
417,46263,13,1830,736,842
418,46329,12,1845,737,850
419,46402,14,1853,741,854
420,46477,13,1858,746,854
421,46554,14,1872,760,853
422,46651,14,1872,759,854
423,46741,13,1873,757,855
424,46824,13,1875,744,870
425,46923,13,1875,736,879
426,47021,14,1877,737,877
427,47114,14,1878,737,881
428,47194,14,1879,732,888
429,47446,14,1889,723,908
430,47541,14,1896,716,922
431,47635,14,1899,717,922
432,47720,12,1898,712,930
433,47809,14,1900,704,942
434,47894,18,1907,708,945
435,47991,18,1911,709,948
436,48078,15,1913,708,952
437,48171,14,1915,705,958
438,48253,14,1915,692,976
439,48384,14,1924,700,979
440,48484,14,1922,694,984
441,51569,2992,1919,655,1010
442,51670,15,1921,596,1076
443,51764,15,1923,594,1078
444,51864,15,1917,590,1086
445,51975,15,1918,585,1095
446,52075,15,1918,580,1099
447,52178,15,1915,579,1097
448,52274,15,1916,571,1108
449,52365,15,1922,579,1104
450,52484,24,1923,566,1123
451,52576,16,1923,566,1122
452,52682,16,1923,566,1120
453,52787,14,1918,564,1119
454,52905,44,1920,564,1120
455,52989,15,1922,553,1130
456,53084,13,1916,542,1135
457,53157,13,1918,543,1138
458,53244,15,1918,539,1143
459,53311,14,1929,543,1147
460,53407,14,1926,540,1147
461,53496,13,1925,531,1158
462,53581,19,1924,528,1160
463,53682,15,1923,527,1160
464,53763,14,1919,527,1156
465,53851,13,1925,522,1166
466,53954,14,1926,524,1165
467,54088,52,1925,523,1165
468,54176,14,1924,522,1166
469,54249,13,1924,522,1166
470,54342,14,1925,509,1182
471,54431,13,1923,503,1185
472,54528,13,1923,502,1187
473,54622,23,1932,502,1186
474,54721,15,1937,504,1190
475,54807,14,1948,513,1191
476,54899,14,1950,509,1199
477,55002,16,1948,502,1203
478,55100,14,1948,499,1203
479,55179,14,1950,502,1205
480,55329,63,1956,506,1205
481,55416,14,1959,506,1208
482,55511,14,1960,505,1214
483,55588,14,1961,509,1212
484,55697,14,1970,517,1215
485,55782,13,1968,517,1213
486,55876,13,1967,517,1212
487,55969,15,1974,523,1212
488,56061,14,1984,531,1213
489,56161,15,1986,530,1216
490,56267,14,1986,528,1216
491,56373,15,1985,527,1215
492,56471,14,1982,526,1213
493,56624,74,1982,519,1224
494,56729,14,1984,520,1224
495,56818,14,1985,521,1223
496,56901,13,1984,521,1222
497,56980,14,1986,525,1217
498,57056,15,1985,527,1214
499,57149,14,1981,527,1210
500,57223,13,1980,527,1209
501,57328,18,1984,525,1213
502,57414,18,1985,521,1212
503,57504,14,1984,514,1219
504,57581,14,1984,514,1218
505,57662,13,1980,514,1215
506,57758,35,1992,525,1214
507,57895,14,1993,520,1216
508,57980,15,1993,519,1217
509,58059,14,1993,519,1217
510,58164,14,1994,518,1215
511,58255,15,1995,518,1213
512,58348,14,1997,522,1209
513,58438,14,1997,524,1207
514,58533,16,1998,524,1210
515,58620,14,2001,526,1212
516,58708,14,2010,538,1209
517,58807,16,2020,546,1209
518,58909,14,2019,542,1208
519,59004,15,2021,544,1208
520,59163,13,2017,543,1206
521,59263,14,2028,546,1209
522,59349,15,2028,542,1220
523,59435,15,2036,550,1220
524,59523,14,2035,552,1217
525,59593,14,2043,562,1212
526,59690,13,2046,564,1213
527,59770,15,2065,583,1209
528,59891,16,2070,585,1211
529,60003,16,2073,579,1223
530,60142,21,2079,586,1218
531,61101,105,861,577,8
532,61186,7,861,576,11
533,61277,12,869,584,11
534,61356,7,876,583,19
535,61448,10,878,583,22
536,61541,7,882,579,38
537,61626,7,884,573,53
538,61717,7,889,576,55
539,61817,10,889,576,55
540,61915,9,891,578,55
541,62028,9,894,578,55
542,62125,9,895,578,58
543,62209,7,911,591,58
544,62303,7,914,593,58
545,62397,8,932,608,58
546,62473,6,946,619,58
547,62553,8,952,621,59
548,62722,8,954,620,62
549,62820,8,958,617,69
550,62893,7,951,617,61
551,62982,7,963,629,61
552,63084,7,963,629,61
553,63184,7,968,633,62
554,63290,9,965,633,59
555,63387,9,965,633,59
556,63483,7,969,635,61
557,63552,7,978,638,69
558,63655,9,983,638,73
559,63731,8,986,640,73
560,63827,8,993,644,76
561,63914,8,996,642,82
562,64025,9,996,642,82
563,64117,8,1000,642,88
564,64210,8,1002,643,91
565,64287,9,1003,642,99
566,64390,15,1014,652,99
567,64693,8,1016,651,104
568,64819,17,1012,653,99
569,64913,9,1014,651,103
570,65006,8,1017,649,105
571,65421,8,1017,640,108
572,65512,8,1017,639,112
573,65582,7,1017,637,115
574,65658,8,1027,645,113
575,65726,8,1040,657,114
576,65800,9,1044,660,117
577,65902,9,1044,658,120
578,65985,8,1050,664,120
579,66069,8,1051,663,121
580,66155,9,1053,665,121
581,66242,9,1065,677,121
582,66326,8,1058,677,114
583,66399,9,1060,677,115
584,66487,8,1064,685,111
585,66582,9,1067,686,115
586,66778,8,1069,688,115
587,66855,8,1067,687,113
588,66946,9,1072,689,116
589,67041,8,1081,700,113
590,67145,8,1083,697,118
591,67233,9,1084,698,118
592,67318,8,1095,694,132
593,67426,9,1099,684,146
594,67511,8,1098,683,146
595,67603,8,1104,680,155
596,67706,8,1107,657,186
597,67783,9,1123,661,198
598,67882,8,1123,660,201
599,67966,9,1128,665,201
600,68060,9,1129,634,237
601,68148,8,1135,634,243
602,68245,9,1144,629,265
603,68346,11,1150,619,286
604,68429,9,1151,599,309
605,68640,9,1156,578,339
606,68728,10,1170,584,345
607,68816,9,1180,584,355
608,68897,9,1181,578,366
609,68988,9,1183,571,374
610,69081,10,1186,566,383
611,69169,9,1200,568,387
612,69251,8,1201,562,398
613,69358,9,1205,558,407
614,69444,9,1219,566,413
615,69548,9,1228,562,422
616,69630,9,1232,567,421
617,69722,10,1243,571,428
618,69807,10,1249,562,446
619,69893,9,1249,551,460
620,69978,9,1249,541,475
621,70076,11,1253,545,475
622,70174,10,1255,547,474
623,70268,9,1253,543,486
624,70538,191,1269,552,491
625,70658,13,1276,533,529
626,70750,10,1277,531,532
627,70823,10,1277,530,534
628,70909,11,1281,528,544
629,71005,12,1283,518,562
630,71107,9,1286,519,562
631,71207,9,1284,519,560
632,71300,10,1286,521,560
633,71378,11,1289,518,568
634,71465,10,1294,522,569
635,71565,10,1301,511,590
636,71642,10,1302,511,593
637,71764,10,1306,499,609
638,71863,10,1313,496,619
639,71948,10,1318,481,643
640,72032,11,1325,479,659
641,72127,11,1326,469,670
642,72216,10,1325,459,680
643,72462,154,1326,450,699
644,72556,9,1327,440,714
645,72629,11,1333,446,714
646,72721,10,1336,450,713
647,72799,10,1339,451,713
648,72885,10,1342,454,713
649,72978,10,1340,454,710
650,73075,10,1344,457,710
651,73164,10,1345,450,720
652,73255,10,1348,450,718
653,73355,10,1347,450,718
654,73434,10,1354,450,725
655,73522,10,1357,452,725
656,73616,10,1359,449,730
657,73700,10,1359,450,729
658,73800,9,1357,447,732
659,73875,10,1371,457,738
660,73959,11,1372,453,743
661,74068,13,1380,461,740
662,74337,9,1384,453,752
663,74424,10,1391,460,752
664,74517,11,1407,474,755
665,74603,10,1408,475,755
666,74686,9,1409,475,759
667,74765,14,1412,463,777
668,74863,11,1413,459,780
669,74952,10,1415,461,779
670,75102,14,1431,478,777
671,75199,12,1432,475,777
672,75283,11,1434,473,785
673,75368,14,1440,479,785
674,75481,11,1440,473,793
675,75573,12,1440,469,799
676,75653,12,1450,479,799
677,75903,16,1474,496,816
678,75993,13,1476,498,810
679,76085,13,1475,498,809
680,76166,12,1483,506,809
681,76245,11,1483,506,809
682,76346,12,1485,507,810
683,76420,11,1489,510,810
684,76507,11,1505,526,810
685,76603,11,1514,533,811
686,76681,11,1516,531,815
687,76791,10,1517,516,833
688,76887,10,1523,514,841
689,76972,12,1523,514,841
690,77069,12,1526,504,856
691,77166,11,1528,506,853
692,77399,11,1529,507,853
693,77496,11,1541,519,847
694,77591,17,1550,526,842
695,77691,14,1550,520,849
696,77840,21,1553,505,868
697,77924,11,1562,513,870
698,78012,11,1564,512,875
699,78096,14,1579,527,875
700,78182,11,1587,529,881
701,78251,11,1590,531,881
702,78345,13,1591,532,880
703,78430,12,1583,532,872
704,78513,11,1583,530,874
705,78601,12,1576,531,866
706,78867,12,1585,540,866
707,78958,12,1592,547,866
708,79055,13,1592,548,865
709,79151,12,1592,548,865
710,79232,12,1590,550,861
711,79321,12,1592,552,859
712,79408,14,1589,552,856
713,79500,11,1589,552,856
714,79592,12,1592,555,854
715,79660,12,1596,559,850
716,79751,11,1597,560,850
717,79829,11,1600,563,850
718,79926,11,1601,566,848
719,79999,12,1607,572,847
720,80421,11,1604,572,844
721,80520,13,1605,573,844
722,80629,15,1614,582,843
723,80714,13,1622,590,843
724,80823,13,1623,591,843
725,80924,13,1625,593,842
726,81013,12,1627,595,842
727,81101,12,1627,595,842
728,81193,13,1630,601,839
729,81283,13,1637,608,836
730,81379,13,1642,613,836
731,81465,13,1649,620,836
732,81563,21,1651,622,836
733,82059,14,1659,617,848
734,82148,14,1659,614,854
735,82231,12,1671,624,854
736,82318,13,1674,628,853
737,82410,12,1676,630,853
738,82485,13,1681,635,851
739,82562,15,1681,635,851
740,82639,12,1680,633,850
741,82732,13,1682,633,854
742,82827,13,1681,632,856
743,82915,12,1682,629,863
744,82989,12,1683,623,873
745,83064,13,1688,629,872
746,83151,13,1683,627,869
747,85828,13,1690,559,949
748,85908,13,1711,581,947
749,86009,18,1709,577,952
750,86098,14,1710,576,954
751,86182,14,1712,577,952
752,86282,12,1712,576,953
753,86371,14,1715,584,948
754,86465,14,1720,586,949
755,86558,16,1720,584,953
756,86652,14,1720,584,953
757,86729,14,1716,584,949
758,86807,14,1717,585,950
759,86897,15,1718,586,950
760,87036,39,1722,590,949
761,87115,13,1723,591,949
762,87197,14,1729,595,950
763,87282,14,1728,595,949
764,87369,13,1731,596,952
765,87468,14,1737,598,956
766,87551,12,1740,603,950
767,87636,13,1740,603,950
768,87741,13,1740,604,947
769,87826,13,1744,611,938
770,87900,13,1741,611,935
771,87994,13,1746,612,939
772,88093,14,1747,613,939
773,88197,15,1749,615,939
774,88323,12,1755,620,941
775,88420,13,1763,624,944
776,88497,12,1763,623,945
777,88570,14,1764,624,944
778,88669,17,1763,623,944
779,88746,14,1767,627,944
780,88830,13,1783,642,945
781,88923,13,1785,643,946
782,89010,17,1785,640,950
783,89103,13,1794,649,949
784,89203,14,1794,651,947
785,89286,13,1791,650,945
786,89385,13,1787,650,941
787,89545,81,1804,663,944
788,89633,14,1809,667,944
789,89725,13,1809,663,951
790,89818,13,1825,677,949
791,89919,15,1826,673,958
792,90066,11,1830,674,961
793,90443,104,876,678,3
794,90536,8,896,696,3
795,90651,13,909,709,3
796,90742,7,924,724,3
797,90812,8,935,734,3
798,90910,8,946,741,3
799,91060,70,949,739,5
800,91146,7,950,735,9
801,91238,7,950,722,18
802,91323,8,959,726,20
803,91398,7,960,724,24
804,91482,8,978,741,24
805,91583,8,983,740,28
806,91664,10,984,739,31
807,91747,8,985,740,31
808,91829,8,987,739,32
809,91921,8,991,740,32
810,92000,8,1007,744,38
811,92098,8,1006,735,41
812,92195,8,1009,734,44
813,92286,9,1011,732,49
814,92357,8,1015,732,53
815,92453,9,1029,745,53
816,92599,12,1037,748,54
817,92682,8,1046,757,54
818,92742,7,1054,762,57
819,92815,8,1058,758,63
820,92888,8,1060,756,65
821,92967,10,1061,754,65
822,93056,8,1064,752,70
823,93135,8,1064,751,71
824,93220,8,1069,756,71
825,93308,12,1070,752,79
826,93391,9,1076,758,79
827,93463,9,1079,758,84
828,93546,9,1090,753,92
829,93626,8,1118,776,88
830,93734,10,1124,777,95
831,93827,9,1129,778,98
832,93983,8,1128,775,100
833,94067,8,1129,771,105
834,94157,9,1135,772,106
835,94255,8,1135,773,104
836,94341,8,1135,769,109
837,94411,9,1141,772,111
838,94499,8,1144,776,110
839,94589,8,1148,780,110
840,94667,10,1147,781,108
841,94751,9,1148,773,108
842,94834,11,1153,779,107
843,94918,9,1159,783,109
844,95002,9,1158,785,106
845,95070,9,1162,788,109
846,95162,9,1172,798,109
847,95236,9,1172,798,109
848,95405,9,1178,803,109
849,95500,9,1182,803,114
850,95584,10,1200,820,115
851,95671,9,1201,821,115
852,95767,9,1202,820,116
853,95848,11,1206,819,119
854,95943,9,1213,823,122
855,96041,9,1215,825,122
856,96131,10,1223,833,122
857,96202,10,1229,835,127
858,96287,10,1237,838,134
859,96378,8,1240,838,135
860,96456,10,1247,844,135
861,96534,10,1271,865,135
862,96624,10,1274,863,139
863,96691,10,1274,862,139
864,96876,10,1274,860,140
865,96954,10,1274,854,146
866,97018,9,1288,866,146
867,97091,10,1296,873,146
868,97184,10,1299,873,147
869,97266,10,1310,877,153
870,97370,10,1313,858,184
871,97465,9,1311,848,196
872,97577,10,1311,813,235
873,97665,9,1316,795,259
874,97744,10,1323,786,274
875,97849,16,1327,784,282
876,97953,10,1340,770,312
877,98053,11,1341,764,322
878,98129,10,1347,741,361
879,98216,10,1349,738,364
880,98435,10,1351,730,371
881,98518,11,1366,739,379
882,98608,10,1378,754,376
883,98703,10,1388,761,379
884,98792,10,1394,761,382
885,98878,10,1397,759,387
886,98958,10,1406,761,400
887,99038,11,1419,758,416
888,99125,11,1425,752,430
889,99208,11,1426,742,449
890,99292,10,1429,730,464
891,99387,10,1432,725,472
892,99466,11,1441,731,472
893,99563,11,1443,720,490
894,99659,10,1444,719,491
895,99742,11,1447,719,493
896,99952,127,1450,712,504
897,100049,11,1451,703,513
898,100154,11,1450,689,532
899,100267,11,1452,672,551
900,100366,11,1449,654,573
901,100464,11,1450,657,568
902,100551,11,1453,657,571
903,100640,11,1452,657,569
904,100725,11,1455,660,565
905,100826,11,1457,662,565
906,100933,11,1458,659,569
907,101017,11,1461,654,579
908,101104,11,1465,654,583
909,101205,14,1463,651,585
910,101286,12,1468,656,583
911,101392,10,1474,661,584
912,101471,11,1486,674,590
913,101674,132,1490,669,594
914,101741,11,1491,669,594
915,101845,10,1491,663,604
916,101941,10,1491,668,597
917,102036,12,1492,659,607
918,102139,11,1489,657,606
919,102245,10,1497,665,606
920,102320,11,1506,656,623
921,102409,10,1514,664,622
922,102518,11,1516,664,622
923,102621,11,1516,654,633
924,102699,11,1517,653,638
925,102789,14,1521,654,644
926,102867,11,1525,649,655
927,102966,11,1528,644,664
928,103057,12,1536,649,667
929,103127,12,1528,642,668
930,103369,156,1534,637,684
931,103458,12,1539,642,684
932,103550,13,1547,648,686
933,103647,12,1549,635,705
934,103754,13,1546,634,702
935,103842,11,1550,623,720
936,103924,11,1552,623,724
937,104015,12,1555,618,733
938,104104,11,1557,613,743
939,104187,11,1562,614,744
940,104290,12,1566,618,741
941,104373,15,1568,619,740
942,104465,11,1565,619,736
943,104555,12,1576,622,742
944,104632,12,1576,618,747
945,104732,12,1576,612,751
946,104836,12,1578,604,767
947,104914,12,1582,606,772
948,105163,12,1589,597,786
949,105240,12,1597,587,810
950,105362,23,1598,585,815
951,105447,12,1602,583,821
952,105548,12,1612,583,833
953,105629,12,1615,588,830
954,105720,15,1619,586,835
955,105812,14,1627,594,833
956,105906,12,1632,599,832
957,106010,12,1632,595,836
958,106110,12,1630,590,840
959,106187,15,1644,603,832
960,106289,15,1652,611,832
961,106400,20,1659,600,852
962,106485,12,1660,601,852
963,106574,13,1666,596,865
964,106673,14,1667,596,867
965,106892,140,1669,591,876
966,106979,12,1672,583,888
967,107080,17,1676,581,892
968,107187,13,1678,573,903
969,107272,13,1683,578,902
970,107357,13,1683,580,900
971,107467,12,1694,583,908
972,107556,13,1701,590,907
973,107647,13,1704,590,910
974,107735,12,1706,594,908
975,107830,12,1709,601,903
976,107917,13,1709,601,903
977,108007,12,1713,602,904
978,108085,13,1723,610,905
979,108173,13,1722,606,909
980,108425,15,1731,601,924
981,108523,14,1741,603,931
982,108605,13,1741,602,932
983,108704,13,1751,612,930
984,108777,12,1758,618,929
985,108861,17,1756,618,927
986,108979,13,1769,627,934
987,109060,13,1778,633,939
988,109159,12,1779,635,937
989,109237,14,1779,637,935
990,109312,13,1780,640,934
991,109390,14,1788,648,934
992,109481,13,1797,657,934
993,109586,22,1798,658,934
994,109949,31,1799,654,941
995,110056,15,1799,648,949
996,110137,13,1807,656,949
997,110225,14,1805,656,947
998,110316,14,1809,660,947
999,110420,15,1808,657,948
1000,110569,24,1809,649,955
1001,110678,17,1818,655,958
1002,110764,15,1830,665,958
1003,110869,15,1830,663,960
1004,111011,18,1838,671,960
1005,111103,20,1845,667,969
1006,111217,19,1847,664,974
1007,111526,13,1847,656,983
1008,111626,20,1865,673,985
1009,111717,15,1865,673,985
1010,111828,18,1874,682,983
1011,111925,16,1862,682,971
1012,112127,136,1862,682,971
1013,112382,19,1861,675,976
1014,112464,15,1864,678,975
1015,112598,17,1872,683,976
1016,112757,30,1874,679,983
1017,112876,24,1872,679,982
1018,112988,14,1882,689,980
1019,113188,19,1893,697,984
1020,113663,16,1895,699,984
1021,113768,16,1897,707,978
1022,113861,16,1902,714,975
1023,113961,15,1905,717,975
1024,114057,19,1899,718,968
1025,114147,19,1916,735,968
1026,114277,16,1919,738,968
1027,114401,19,1918,738,967
1028,114487,18,1926,746,966
1029,114577,16,1928,748,966
1030,114683,18,1926,748,964
1031,114793,22,1926,748,964
1032,114930,18,1925,749,960
1033,118233,17,1930,683,1032
1034,118320,18,1936,689,1032
1035,118426,18,1933,688,1033
1036,118540,18,1927,686,1029
1037,118641,17,1931,690,1027
1038,118745,16,1933,691,1029
1039,118849,16,1940,696,1031
1040,118952,17,1942,696,1031
1041,119046,17,1948,702,1031
1042,119146,20,1955,707,1030
1043,119259,17,1959,710,1028
1044,119372,16,1961,712,1028
1045,119475,18,1957,712,1024
1046,119616,15,1968,723,1021
1047,119702,15,1969,722,1024
1048,119796,19,1979,730,1023
1049,119902,15,1979,716,1037
1050,119996,15,1980,716,1037
1051,120363,100,952,709,17
1052,120446,7,960,716,16
1053,120536,11,969,724,17
1054,120615,7,972,726,19
1055,120698,8,972,723,19
1056,120787,9,978,713,34
1057,120938,46,996,721,36
1058,121031,8,984,714,29
1059,121114,8,986,715,30
1060,121198,7,989,704,45
1061,121287,8,991,703,50
1062,121362,8,997,707,50
1063,121455,8,1005,708,59
1064,121529,9,1029,731,60
1065,121616,9,1040,738,54
1066,121712,8,1040,736,56
1067,121780,9,1041,735,57
1068,121878,9,1042,732,61
1069,121955,8,1042,731,61
1070,122057,9,1042,728,64
1071,122142,12,1044,718,75
1072,122229,9,1054,719,77
1073,122377,70,1065,728,79
1074,122449,9,1066,728,80
1075,122543,8,1066,727,81
1076,122621,8,1065,728,79
1077,122688,7,1077,736,82
1078,122787,8,1077,736,81
1079,122890,11,1079,733,83
1080,122983,10,1079,732,85
1081,123077,8,1082,724,103
1082,123165,10,1096,737,103
1083,123251,8,1096,734,102
1084,123339,9,1097,734,104
1085,123417,9,1099,735,108
1086,123506,10,1100,721,117
1087,123607,10,1099,719,118
1088,123699,9,1106,725,119
1089,123856,8,1105,722,120
1090,123962,22,1108,726,119
1091,124079,10,1111,715,122
1092,124166,9,1121,727,121
1093,124255,9,1127,730,123
1094,124345,11,1133,729,129
1095,124437,12,1144,740,129
1096,124530,10,1141,731,138
1097,124638,10,1145,732,137
1098,124757,13,1144,718,152
1099,124854,16,1146,717,153
1100,124994,11,1146,715,155
1101,125081,9,1153,718,160
1102,125164,11,1159,709,175
1103,125254,9,1173,719,176
1104,125405,88,1176,721,176
1105,125487,9,1183,722,183
1106,125571,10,1192,731,183
1107,125667,10,1195,733,185
1108,125750,10,1204,740,185
1109,125840,10,1211,746,186
1110,125931,9,1212,743,190
1111,126023,10,1211,743,189
1112,126107,11,1219,744,191
1113,126202,11,1228,750,192
1114,126324,10,1233,748,199
1115,126414,10,1233,744,204
1116,126509,15,1239,752,202
1117,126609,11,1240,752,203
1118,126689,11,1235,750,201
1119,126790,9,1242,757,201
1120,127292,12,1246,752,211
1121,127430,10,1243,736,226
1122,127534,10,1246,722,256
1123,127632,9,1246,710,269
1124,127761,19,1250,692,298
1125,127885,11,1253,673,319
1126,127977,12,1260,676,329
1127,128165,13,1262,647,371
1128,128284,16,1277,639,391
1129,128429,12,1274,637,388
1130,128540,11,1278,639,389
1131,128657,11,1279,636,387
1132,128793,12,1281,621,407
1133,128899,12,1295,619,424
1134,129134,11,1296,596,457
1135,129282,12,1294,582,468
1136,129401,10,1294,581,469
1137,129501,14,1305,586,475
1138,129610,11,1309,582,485
1139,129693,10,1313,588,482
1140,129799,11,1315,580,490
1141,129904,12,1313,581,487
1142,130007,9,1326,586,495
1143,130115,14,1326,584,498
1144,130228,11,1335,583,510
1145,130335,13,1338,580,518
1146,130433,12,1354,585,530
1147,130560,11,1353,585,529
1148,130674,11,1373,603,531
1149,130770,12,1391,615,538
1150,131011,13,1393,593,562
1151,131124,12,1394,579,578
1152,131213,12,1395,577,583
1153,131307,12,1401,577,591
1154,131405,13,1403,569,604
1155,131500,11,1405,570,604
1156,131623,11,1410,566,614
1157,131723,13,1415,559,624
1158,131813,11,1423,568,622
1159,131900,12,1420,551,643
1160,131988,11,1421,538,661
1161,132093,13,1424,536,666
1162,132187,11,1431,528,685
1163,132278,12,1431,527,689
1164,132361,11,1429,522,692
1165,132447,11,1425,521,689
1166,132646,10,1425,506,705
1167,132754,10,1427,489,724
1168,132851,11,1424,486,728
1169,132928,10,1432,488,734
1170,133015,11,1440,487,745
1171,133107,10,1441,483,752
1172,133196,11,1443,474,768
1173,133284,11,1443,474,768
1174,133373,11,1444,476,767
1175,133464,11,1453,479,771
1176,133549,10,1457,475,775
1177,133632,11,1469,483,781
1178,133721,11,1469,482,781
1179,133814,11,1463,467,796
1180,133901,11,1455,463,797
1181,133994,12,1459,468,792
1182,134196,124,1476,476,802
1183,134295,11,1478,476,801
1184,134408,11,1502,483,819
1185,134512,15,1509,480,836
1186,134626,15,1510,464,855
1187,134707,11,1527,466,861
1188,134807,14,1537,472,862
1189,134899,11,1540,472,868
1190,134994,11,1540,471,867
1191,135088,11,1540,472,864
1192,135167,12,1547,481,862
1193,135255,11,1547,474,881
1194,135343,12,1553,480,881
1195,135429,12,1553,479,886
1196,135525,13,1552,476,890
1197,135616,11,1547,463,903
1198,135843,126,1547,454,913
1199,135932,11,1550,456,914
1200,136028,12,1549,458,911
1201,136121,12,1549,453,917
1202,136216,12,1549,452,919
1203,136300,12,1550,453,919
1204,136394,13,1550,448,927
1205,136484,12,1552,449,927
1206,136579,14,1557,454,927
1207,136669,12,1555,453,926
1208,136755,15,1564,456,933
1209,136846,15,1579,471,930
1210,136950,12,1583,474,929
1211,137057,14,1584,470,933
1212,137147,13,1588,472,931
1213,137239,12,1583,472,926
1214,137322,13,1585,476,923
1215,137413,12,1587,477,924
1216,137627,12,1587,475,927
1217,137704,11,1600,488,926
1218,137800,12,1601,488,929
1219,137897,11,1603,472,953
1220,137981,12,1603,472,953
1221,138076,20,1601,471,956
1222,138183,12,1605,467,967
1223,138267,11,1608,472,965
1224,138365,13,1610,474,964
1225,138452,13,1612,476,964
1226,138537,12,1612,475,965
1227,138633,11,1616,478,965
1228,138721,13,1625,486,966
1229,138817,13,1629,484,974
1230,138910,13,1629,485,975
1231,139002,12,1637,494,974
1232,139095,15,1640,495,975
1233,139318,144,1647,498,986
1234,139407,11,1657,508,984
1235,139491,13,1658,499,990
1236,139561,12,1658,499,990
1237,139663,12,1661,504,987
1238,139752,12,1661,507,984
1239,139839,13,1674,523,980
1240,139932,13,1682,532,977
1241,140018,13,1686,534,979
1242,140105,13,1693,541,979
1243,140192,13,1689,533,982
1244,140275,16,1700,534,994
1245,140365,12,1702,535,994
1246,140452,12,1710,545,991
1247,140556,12,1708,538,994
1248,140654,14,1705,538,991
1249,140907,171,1705,533,996
1250,141002,12,1703,534,993
1251,141091,13,1708,529,1003
1252,141180,13,1701,529,996
1253,141265,12,1701,528,997
1254,141348,12,1707,534,992
1255,141433,12,1711,538,990
1256,141511,12,1712,541,985
1257,141608,12,1709,531,993
1258,141706,12,1709,529,993
1259,141801,12,1709,525,998
1260,141894,13,1711,523,1004
1261,141978,14,1720,531,1005
1262,142079,13,1738,549,1003
1263,142168,13,1739,550,999
1264,142264,13,1745,556,999
1265,142518,176,1758,569,997
1266,142604,12,1760,568,996
1267,142677,15,1760,568,996
1268,142764,11,1765,572,998
1269,142855,12,1772,579,997
1270,142959,13,1783,589,995
1271,143059,13,1786,591,995
1272,143153,14,1788,585,1006
1273,143236,14,1798,588,1011
1274,143316,14,1799,589,1009
1275,143396,13,1801,590,1009
1276,143487,13,1797,592,1003
1277,143574,12,1804,599,1001
1278,143659,13,1811,607,999
1279,143879,12,1822,609,1009
1280,143962,13,1823,612,1007
1281,144071,17,1828,617,1007
1282,144143,14,1828,617,1007
1283,144242,20,1827,615,1008
1284,144338,14,1832,615,1013
1285,144412,16,1828,612,1012
1286,144494,13,1839,624,1008
1287,144580,13,1842,626,1010
1288,144658,14,1851,632,1012
1289,144744,13,1863,643,1013
1290,144834,14,1876,652,1016
1291,144932,14,1877,647,1023
1292,145171,155,1879,649,1023
1293,145269,15,1878,650,1018
1294,145369,14,1879,651,1018
1295,145449,15,1884,658,1014
1296,145558,15,1885,659,1014
1297,145643,14,1890,664,1011
1298,145717,14,1888,667,1006
1299,145816,14,1889,668,1006
1300,145915,14,1889,669,1004
1301,146013,14,1896,676,1004
1302,146092,15,1908,688,1004
1303,146183,17,1905,689,999
1304,146271,14,1910,694,995
1305,146477,143,1918,702,995
1306,146562,15,1921,705,995
1307,146656,14,1922,706,995
1308,146752,15,1929,713,995
1309,146839,15,1932,716,995
1310,146932,14,1934,718,993
1311,147028,14,1939,723,993
1312,147113,14,1943,730,990
1313,147196,14,1945,731,990
1314,147298,16,1943,731,988
1315,147387,15,1944,732,988
1316,147489,15,1938,733,981
1317,147586,15,1938,733,981
1318,147838,14,1938,733,981
1319,147935,14,1938,733,981
1320,148028,14,1945,740,981
1321,148117,15,1945,740,981
1322,148214,15,1951,746,981
1323,148299,14,1951,743,981
1324,148385,15,1953,741,984
1325,148478,15,1952,741,983
1326,148567,14,1954,741,984
1327,148651,14,1959,744,987
1328,148743,14,1962,748,986
1329,148833,16,1972,756,987
1330,148907,15,1980,764,986
1331,149144,14,1992,771,987
1332,149245,19,1997,771,994
1333,149335,17,1997,770,997
1334,149420,15,1996,768,1002
1335,149515,15,1997,770,1001
1336,149625,14,1998,760,1009
1337,149714,15,2018,781,1002
1338,149807,15,2019,781,1001
1339,149894,16,2020,785,999
1340,149967,17,2021,786,998
1341,150060,14,2026,790,998
1342,152425,64,1028,708,76
1343,152534,11,1034,713,81
1344,152620,8,1035,713,82
1345,152720,9,1043,723,79
1346,152824,8,1045,724,80
1347,152923,9,1050,729,80
1348,153016,8,1058,733,80
1349,153110,8,1066,723,97
1350,153184,8,1069,720,93
1351,153282,8,1075,727,92
1352,153381,9,1086,734,92
1353,153465,11,1086,730,94
1354,153552,9,1092,736,92
1355,153637,10,1097,736,99
1356,153725,9,1099,730,106
1357,153848,48,1110,741,106
1358,153922,9,1128,759,106
1359,154006,8,1129,757,109
1360,154104,8,1129,754,115
1361,154189,9,1133,747,127
1362,154265,9,1141,754,127
1363,154354,8,1141,754,127
1364,154422,9,1147,758,130
1365,154507,9,1171,779,128
1366,154600,10,1173,781,128
1367,154706,9,1175,780,130
1368,154808,9,1175,780,130
1369,154892,12,1173,779,129
1370,154981,10,1176,778,134
1371,155100,11,1180,780,137
1372,155197,9,1191,790,138
1373,155266,10,1196,788,141
1374,155349,10,1199,781,151
1375,155493,11,1210,786,151
1376,155565,9,1210,786,151
1377,155661,10,1214,786,155
1378,155750,11,1213,781,158
1379,155851,10,1211,781,156
1380,155947,10,1217,786,156
1381,156036,10,1230,799,156
1382,156120,10,1238,808,153
1383,156193,10,1238,808,153
1384,156271,10,1239,807,153
1385,156359,10,1243,814,150
1386,156464,10,1245,813,153
1387,156546,11,1245,809,156
1388,156616,10,1246,806,159
1389,156695,10,1248,807,160
1390,156781,10,1246,803,162
1391,156948,14,1252,809,162
1392,157060,12,1262,818,162
1393,157172,10,1261,818,161
1394,157259,11,1263,820,161
1395,157348,10,1272,813,179
1396,157445,10,1278,812,186
1397,157549,11,1281,785,225
1398,157633,10,1299,796,239
1399,157723,10,1299,775,262
1400,157818,11,1299,767,276
1401,157923,12,1312,770,286
1402,158026,10,1320,766,299
1403,158128,11,1318,766,297
1404,158230,10,1324,767,304
1405,158385,68,1326,760,313
1406,158465,10,1328,752,323
1407,158569,11,1333,732,347
1408,158664,12,1339,727,358
1409,158750,10,1343,713,377
1410,158851,12,1350,706,391
1411,158943,10,1354,709,392
1412,159047,11,1352,705,398
1413,159136,11,1359,712,398
1414,159226,10,1362,703,410
1415,159327,11,1366,689,431
1416,159424,11,1377,694,437
1417,159515,11,1390,688,455
1418,159614,12,1400,689,462
1419,159714,11,1401,684,468
1420,159876,82,1407,676,480
1421,159962,10,1416,669,496
1422,160067,10,1419,654,515
1423,160154,11,1420,637,536
1424,160233,11,1424,641,533
1425,160327,14,1431,636,548
1426,160424,11,1437,633,559
1427,160512,11,1440,633,563
1428,160604,11,1447,632,574
1429,160709,11,1447,619,586
1430,160807,10,1452,619,590
1431,160901,10,1454,613,597
1432,160995,11,1458,617,597
1433,161090,12,1459,615,600
1434,161177,12,1460,611,604
1435,161367,102,1450,607,602
1436,161461,10,1454,596,615
1437,161559,11,1454,595,619
1438,161658,11,1454,595,619
1439,161766,11,1467,599,625
1440,161864,12,1470,587,637
1441,161963,13,1476,589,637
1442,162065,11,1476,590,642
1443,162153,11,1477,586,649
1444,162242,11,1495,599,654
1445,162335,13,1499,603,652
1446,162428,12,1510,610,659
1447,162511,12,1510,610,659
1448,162610,11,1513,611,659
1449,162699,13,1520,607,674
1450,162795,12,1520,594,684
1451,162964,11,1522,581,708
1452,163054,12,1527,583,711
1453,163139,11,1540,582,717
1454,163226,12,1538,585,711
1455,163309,11,1539,576,725
1456,163389,13,1551,569,741
1457,163475,12,1551,561,749
1458,163564,12,1551,559,751
1459,163657,12,1561,566,754
1460,163766,16,1567,564,761
1461,163865,12,1574,561,775
1462,163955,12,1574,562,774
1463,164044,12,1583,558,792
1464,164151,13,1590,560,796
1465,164248,12,1596,566,797
1466,164420,12,1603,558,817
1467,164507,11,1606,561,817
1468,164602,13,1609,562,820
1469,164694,11,1610,549,841
1470,164792,12,1611,547,844
1471,164883,12,1612,548,844
1472,164984,11,1616,548,848
1473,165081,13,1612,547,843
1474,165183,15,1609,536,853
1475,165281,13,1613,538,853
1476,165364,14,1611,531,862
1477,165460,13,1610,523,870
1478,165562,13,1611,518,877
1479,165630,13,1623,528,874
1480,165721,14,1624,531,874
1481,165809,12,1630,537,874
1482,166004,107,1631,536,871
1483,166071,12,1630,525,883
1484,166138,13,1627,526,877
1485,166233,12,1636,534,878
1486,166325,13,1635,537,874
1487,166424,12,1635,534,877
1488,166513,15,1635,533,879
1489,166626,14,1634,521,894
1490,166719,14,1640,526,895
1491,166808,12,1642,527,899
1492,166908,22,1647,523,912
1493,167002,15,1649,517,920
1494,167200,14,1650,507,936
1495,167281,14,1651,501,936
1496,167384,15,1649,501,934
1497,167481,16,1654,498,946
1498,167595,15,1653,499,942
1499,167800,13,1659,493,955
1500,167884,13,1660,495,954
1501,168008,15,1658,489,954
1502,168118,16,1662,491,955
1503,168214,13,1664,480,973
1504,168305,15,1665,468,987
1505,168403,14,1671,473,987
1506,168487,18,1669,469,989
1507,168570,13,1671,464,997
1508,168655,13,1673,465,1000
1509,168758,18,1671,472,991
1510,168859,14,1681,475,999
1511,168982,13,1681,466,1009
1512,169077,14,1686,473,1007
1513,169176,13,1688,469,1015
1514,169257,13,1696,477,1014
1515,169347,14,1699,480,1014
1516,169565,13,1708,485,1017
1517,169633,16,1723,493,1018
1518,169719,13,1725,494,1018
1519,169813,13,1721,490,1020
1520,169902,15,1729,497,1023
1521,170006,13,1739,500,1024
1522,170141,14,1740,501,1024
1523,170225,13,1757,518,1022
1524,170310,14,1765,526,1022
1525,170398,14,1766,526,1022
1526,170507,21,1763,528,1020
1527,170599,15,1764,526,1026
1528,170700,17,1762,526,1024
1529,170807,20,1783,546,1022
1530,170904,14,1795,558,1022
1531,171004,14,1805,567,1022
1532,171116,23,1814,571,1029
1533,171372,16,1822,579,1030
1534,171461,16,1822,579,1027
1535,171542,15,1821,572,1036
1536,171643,15,1826,580,1034
1537,171722,14,1834,578,1045
1538,171842,16,1837,581,1044
1539,171974,16,1835,568,1057
1540,172153,23,1836,569,1057
1541,172248,15,1829,567,1053
1542,172339,15,1833,567,1056
1543,172448,15,1832,567,1055
1544,172536,16,1846,584,1049
1545,172629,17,1853,589,1047
1546,172703,14,1858,595,1046
1547,172801,15,1850,594,1039
1548,172888,17,1863,605,1040
1549,172984,18,1877,612,1049
1550,173535,15,1878,604,1058
1551,173646,17,1877,601,1059
1552,173790,15,1875,600,1058
1553,173883,26,1868,600,1051
1554,174022,59,1868,600,1051
1555,174178,18,1877,608,1052
1556,174271,16,1878,607,1051
1557,174369,21,1879,604,1059
1558,174465,19,1882,606,1062
1559,174567,16,1887,612,1061
1560,174660,16,1898,617,1056
1561,174769,18,1893,619,1049
1562,174873,18,1889,618,1046
1563,174979,30,1890,620,1045
1564,175095,15,1881,619,1037
1565,175204,15,1884,622,1036
1566,175629,324,1885,621,1039
1567,175730,14,1898,628,1040
1568,175837,15,1893,621,1040
1569,175948,16,1892,621,1039
1570,176053,19,1891,617,1037
1571,176156,16,1897,614,1038
1572,176250,15,1902,619,1030
1573,176350,15,1902,619,1030
1574,176476,25,1902,619,1030
1575,176565,16,1903,616,1034
1576,176666,16,1902,612,1041
1577,176759,15,1902,612,1041
1578,176858,15,1905,614,1042
1579,176962,17,1908,616,1041
1580,177268,229,1910,609,1045
1581,177351,20,1922,617,1047
1582,177467,24,1922,616,1047
1583,177597,16,1934,628,1045
1584,177691,16,1937,630,1044
1585,177786,16,1939,632,1044
1586,177879,21,1941,634,1044
1587,177981,17,1940,631,1046
1588,178072,16,1947,635,1047
1589,178165,15,1947,633,1049
1590,178253,15,1950,638,1041
1591,178356,15,1954,637,1044
1592,178456,15,1953,636,1045
1593,178566,27,1956,634,1052
1594,178847,17,1956,639,1050
1595,178951,15,1956,637,1052
1596,179035,14,1956,637,1052
1597,179132,15,1959,641,1046
1598,179208,15,1959,637,1051
1599,179298,13,1956,637,1048
1600,179403,17,1957,642,1041
1601,179487,15,1957,642,1041
1602,179588,24,1956,643,1043
1603,179682,16,1963,649,1043
1604,179760,16,1972,658,1043
1605,179854,16,1971,657,1042
1606,179970,20,1974,660,1042
1607,180559,120,927,657,0
1608,180652,11,938,668,0
1609,180734,14,945,674,0
1610,180825,11,945,674,0
1611,180924,9,948,677,0
1612,181012,9,957,679,0
1613,181097,10,963,685,0
1614,181179,8,966,687,0
1615,181262,8,969,690,0
1616,181353,18,973,694,0
1617,181439,8,978,698,0
1618,181534,9,981,700,0
1619,181799,8,989,708,0
1620,181887,8,990,709,0
1621,181973,8,995,712,0
1622,182056,9,1004,720,0
1623,182134,8,1012,727,0
1624,182201,8,1012,727,0
1625,182281,7,1013,728,0
1626,182375,8,1015,729,0
1627,182476,10,1017,723,10
1628,182567,11,1026,728,13
1629,182669,8,1041,735,17
1630,182762,14,1044,733,22
1631,182851,10,1046,735,22
1632,182918,8,1046,735,22
1633,183006,8,1047,729,26
1634,183091,8,1047,721,35
1635,183203,10,1051,713,50
1636,186268,11,1054,655,103
1637,186341,8,1059,661,102
1638,186426,8,1060,662,101
1639,186520,8,1062,663,101
1640,186604,9,1070,672,100
1641,186686,9,1067,671,98
1642,186768,11,1070,672,99
1643,186854,11,1070,672,99
1644,186935,13,1070,674,97
1645,187018,9,1069,671,104
1646,187103,9,1069,670,104
1647,187184,10,1074,674,104
1648,187278,9,1074,658,126
1649,187412,13,1079,648,147
1650,187545,12,1080,632,167
1651,187647,8,1087,631,184
1652,187767,8,1096,608,226
1653,187895,10,1097,567,279
1654,187981,11,1099,566,282
1655,188069,9,1103,561,296
1656,188176,11,1107,551,313
1657,188278,9,1106,540,333
1658,188371,10,1109,543,333
1659,188464,9,1117,550,330
1660,188576,9,1124,537,355
1661,188677,10,1132,534,372
1662,188775,9,1137,529,379
1663,188869,9,1158,543,388
1664,188973,10,1157,535,394
1665,189095,10,1156,525,405
1666,189195,10,1163,524,413
1667,189341,61,1163,524,415
1668,189433,10,1165,526,415
1669,189516,11,1170,536,410
1670,189611,8,1172,537,411
1671,189708,10,1178,528,424
1672,189823,14,1179,528,427
1673,190006,16,1184,529,438
1674,190137,13,1184,527,436
1675,190236,13,1198,534,448
1676,190342,12,1198,526,457
1677,190457,10,1201,517,467
1678,190573,16,1202,514,477
1679,190668,12,1203,509,484
1680,190836,10,1207,508,492
1681,191081,24,1207,493,511
1682,191352,83,1206,485,519
1683,191445,10,1216,489,529
1684,192135,10,1223,450,575
1685,192231,12,1226,436,594
1686,192311,9,1234,444,594
1687,192408,9,1235,445,594
1688,192489,9,1236,445,594
1689,192578,13,1239,429,610
1690,192679,9,1248,429,615
1691,192767,9,1247,419,629
1692,192849,11,1255,425,633
1693,192944,13,1262,433,630
1694,193041,12,1282,445,638
1695,193118,11,1283,449,635
1696,193210,11,1282,445,636
1697,193314,17,1291,454,636
1698,193484,11,1297,453,645
1699,193558,9,1295,447,650
1700,193653,11,1296,442,659
1701,193737,10,1296,440,661
1702,193829,10,1300,435,673
1703,193925,10,1304,441,672
1704,193998,10,1312,449,670
1705,194103,11,1315,452,671
1706,194194,11,1318,456,670
1707,194282,11,1318,456,670
1708,194369,10,1315,456,667
1709,194465,11,1315,456,667
1710,194576,15,1315,456,667
1711,194663,15,1329,457,679
1712,194768,10,1332,459,681
1713,194956,106,1344,464,687
1714,195153,14,1354,466,695
1715,195260,14,1362,474,694
1716,195384,18,1364,476,693
1717,195511,17,1363,476,692
1718,195631,12,1367,476,693
1719,195747,14,1371,480,693
1720,195859,17,1376,482,695
1721,195973,14,1378,481,697
1722,196184,14,1386,470,719
1723,196291,12,1388,465,727
1724,196396,14,1391,469,726
1725,196485,13,1396,472,725
1726,196581,12,1406,484,723
1727,196684,12,1420,494,725
1728,196781,12,1420,485,739
1729,197015,13,1427,484,746
1730,197136,17,1430,486,749
1731,197246,12,1431,487,749
1732,197338,12,1438,495,748
1733,197408,12,1442,502,745
1734,197508,13,1440,505,740
1735,197605,12,1451,512,744
1736,197700,12,1452,513,744
1737,197787,12,1453,506,757
1738,197861,12,1456,502,765
1739,197964,13,1457,502,766
1740,198067,11,1457,499,767
1741,198170,11,1454,491,773
1742,198299,14,1451,486,771
1743,198394,12,1454,489,771
1744,198582,10,1457,492,771
1745,198667,11,1463,483,791
1746,198772,11,1463,480,793
1747,198855,12,1464,475,802
1748,198943,10,1462,466,810
1749,199038,11,1464,462,818
1750,199124,12,1462,456,823
1751,199222,13,1460,455,824
1752,199311,11,1469,464,824
1753,199408,14,1476,467,826
1754,199510,18,1474,467,824
1755,199609,14,1478,470,825
1756,199709,13,1478,469,828
1757,199805,11,1478,466,831
1758,199890,12,1481,470,828
1759,199987,12,1483,470,835
1760,200201,130,1486,473,835
1761,200300,12,1495,471,846
1762,200396,11,1493,474,841
1763,200488,12,1506,487,837
1764,200599,24,1509,489,838
1765,200696,11,1522,497,842
1766,200789,16,1527,503,839
1767,200876,13,1526,504,837
1768,200959,11,1526,504,837
1769,201042,12,1526,504,837
1770,201129,15,1531,510,836
1771,201219,13,1537,519,832
1772,201305,13,1534,519,829
1773,201398,13,1534,519,829
1774,201487,13,1544,529,828
1775,201591,13,1552,537,828
1776,201680,15,1554,533,834
1777,201927,16,1566,537,842
1778,202040,16,1567,533,851
1779,202151,13,1567,534,850
1780,202267,13,1581,546,851
1781,202359,13,1583,545,854
1782,202460,14,1582,543,854
1783,202550,13,1582,542,856
1784,202633,13,1586,541,861
1785,202713,13,1594,549,861
1786,202820,16,1594,543,868
1787,202922,13,1597,546,868
1788,203015,14,1606,552,866
1789,203190,22,1612,558,865
1790,203308,14,1612,561,862
1791,203392,13,1617,567,861
1792,203485,11,1615,568,858
1793,203575,12,1618,564,862
1794,203831,12,1619,562,867
1795,203911,13,1625,568,867
1796,204008,16,1632,574,867
1797,204095,13,1635,577,867
1798,204199,14,1640,580,867
1799,204280,14,1638,576,877
1800,204376,15,1639,577,875
1801,204476,14,1638,578,873
1802,204566,15,1643,575,885
1803,204668,14,1643,575,885
1804,204758,14,1645,574,896
1805,204845,13,1649,574,902
1806,204940,13,1654,579,901
1807,205018,13,1654,578,905
1808,205118,14,1655,575,905
1809,205226,14,1657,580,902
1810,205324,14,1661,583,901
1811,205574,173,1664,586,900
1812,205678,18,1663,587,897
1813,205781,14,1669,589,899
1814,205876,12,1674,593,899
1815,205968,13,1682,600,899
1816,206054,14,1686,604,899
1817,206157,17,1689,609,890
1818,206264,14,1697,613,894
1819,206360,13,1697,611,895
1820,206436,14,1702,605,901
1821,206536,14,1703,606,901
1822,206627,16,1708,609,904
1823,206718,13,1705,608,901
1824,206842,16,1708,612,900
1825,206966,13,1708,612,902
1826,207043,13,1717,621,901
1827,207127,18,1720,624,899
1828,207226,14,1725,629,899
1829,207489,14,1722,621,906
1830,207574,16,1729,624,910
1831,207668,15,1724,619,911
1832,207737,13,1725,620,910
1833,207829,13,1726,621,910
1834,207938,14,1730,622,911
1835,208040,18,1728,624,907
1836,208157,14,1731,627,907
1837,208243,17,1736,632,907
1838,208342,14,1736,631,911
1839,208437,13,1738,633,911
1840,208518,14,1754,648,912
1841,208596,15,1755,644,917
1842,208730,14,1759,649,916
1843,208828,14,1757,649,914
1844,208912,16,1773,658,923
1845,209003,13,1771,658,921
1846,209106,15,1773,657,923
1847,209384,16,1771,661,914
1848,209496,17,1771,662,912
1849,209580,15,1770,661,915
1850,209674,14,1769,660,912
1851,209763,13,1766,663,906
1852,209857,16,1770,657,910
1853,209972,15,1770,652,917
1854,210487,15,1764,651,911
1855,210725,19,879,652,27
1856,210845,10,894,664,28
1857,210947,9,895,664,30
1858,211030,9,907,671,32
1859,211123,10,914,674,32
1860,211421,8,919,671,36
1861,211505,8,919,669,38
1862,211601,7,919,668,38
1863,211690,9,918,669,36
1864,211791,12,922,673,36
1865,211859,6,927,678,36
1866,211957,9,925,676,33
1867,212042,10,927,677,33
1868,212129,8,927,677,33
1869,212209,8,932,678,39
1870,212305,10,932,676,39
1871,212391,9,936,678,40
1872,212496,8,941,680,41
1873,212587,9,946,684,41
1874,212692,9,948,679,47
1875,212803,10,949,678,51
1876,212907,10,960,685,55
1877,212997,9,962,681,59
1878,213291,212,983,692,65
1879,213399,9,989,704,59
1880,213479,8,987,704,57
1881,213576,10,999,716,57
1882,213667,8,1006,723,57
1883,213729,8,1008,725,57
1884,213840,7,1012,729,57
1885,213920,9,1020,737,57
1886,213991,8,1022,740,56
1887,214073,10,1028,746,56
1888,214158,9,1028,746,56
1889,214248,8,1027,746,55
1890,214374,19,1027,746,55
1891,214500,16,1029,748,55
1892,214601,9,1032,752,51
1893,214696,9,1040,761,50
1894,214993,235,1043,763,50
1895,215073,9,1057,774,50
1896,215165,9,1069,783,50
1897,215254,9,1082,795,47
1898,215343,10,1085,798,47
1899,215427,9,1090,803,47
1900,215518,11,1091,804,47
1901,215625,13,1097,810,47
1902,215733,10,1099,812,47
1903,215823,13,1100,813,47
1904,215923,10,1101,814,47
1905,216014,9,1115,828,47
1906,216102,10,1123,836,47
1907,216180,11,1136,849,47
1908,216266,10,1140,850,49
1909,216352,10,1144,852,51
1910,216658,14,1147,839,63
1911,216769,11,1157,847,64
1912,216869,14,1161,849,64
1913,216962,10,1164,844,67
1914,217048,10,1170,847,70
1915,217132,10,1171,844,72
1916,217211,9,1171,839,75
1917,217297,10,1171,837,74
1918,217398,9,1175,829,89
1919,217500,10,1184,824,105
1920,217602,10,1187,807,129
1921,217677,11,1200,806,145
1922,217776,10,1213,806,160
1923,217871,10,1218,799,177
1924,217978,19,1223,780,213
1925,218263,15,1231,755,241
1926,218354,13,1230,742,252
1927,218456,13,1236,728,274
1928,218549,11,1239,709,299
1929,218646,12,1246,690,324
1930,218742,11,1256,688,335
1931,218842,12,1257,680,343
1932,218943,12,1258,677,346
1933,219038,10,1258,658,371
1934,219141,10,1260,658,373
1935,219241,11,1265,642,399
1936,219343,14,1269,645,402
1937,219448,10,1277,642,413
1938,219540,11,1279,634,428
1939,219808,180,1283,636,428
1940,219896,10,1284,592,486
1941,220015,14,1289,594,493
1942,220115,10,1294,584,506
1943,220215,10,1286,585,497
1944,220315,10,1287,582,504
1945,220402,11,1292,577,511
1946,220526,16,1296,560,534
1947,220655,13,1298,559,537
1948,220751,12,1302,562,538
1949,220860,12,1304,564,538
1950,220960,11,1318,575,538
1951,221097,16,1323,577,541
1952,221194,12,1329,578,544
1953,221295,12,1341,590,544
1954,224397,14,1343,399,747
1955,224517,12,1351,407,746
1956,224596,11,1352,408,746
1957,224688,11,1363,418,744
1958,224785,11,1366,417,749
1959,224872,12,1367,420,745
1960,224973,13,1377,430,745
1961,225067,11,1380,431,747
1962,225177,13,1389,433,752
1963,225271,14,1394,434,755
1964,225373,11,1395,431,763
1965,225472,11,1395,431,763
1966,225573,15,1407,441,764
1967,225672,12,1411,449,760
1968,225789,53,1426,464,759
1969,225876,11,1427,460,766
1970,225961,11,1428,458,769
1971,226049,11,1441,471,768
1972,226138,11,1450,481,767
1973,226246,12,1453,484,767
1974,226347,10,1455,470,787
1975,226434,11,1459,470,791
1976,226532,12,1464,476,790
1977,226631,12,1464,477,789
1978,226701,12,1472,486,788
1979,226821,21,1471,481,795
1980,226915,11,1478,477,812
1981,226999,10,1473,478,806
1982,227156,74,1473,481,801
1983,227282,16,1478,483,804
1984,227355,12,1480,472,824
1985,227434,11,1481,474,815
1986,227531,11,1481,472,818
1987,227625,12,1481,470,818
1988,227712,12,1482,470,820
1989,227792,11,1488,477,820
1990,227902,12,1491,484,816
1991,228023,19,1503,496,817
1992,228105,15,1511,503,818
1993,228188,12,1511,502,823
1994,228263,12,1509,498,824
1995,228371,11,1508,498,823
1996,228514,70,1506,499,820
1997,228620,12,1507,496,824
1998,228713,13,1510,493,832
1999,228813,13,1512,492,834
2000,228900,12,1519,497,836
2001,228971,12,1519,497,836
2002,229078,13,1526,502,839
2003,229201,18,1535,500,853
2004,229280,13,1535,502,850
2005,229390,18,1538,506,849
2006,229500,17,1541,500,857
2007,229596,13,1546,508,854
2008,229673,12,1544,506,852
2009,229774,13,1544,503,855
2010,229944,14,1550,506,860
2011,230030,12,1552,505,863
2012,230124,13,1552,498,872
2013,230212,12,1555,501,870
2014,230317,18,1561,502,873
2015,230420,27,1568,504,878
2016,230546,12,1569,499,886
2017,230631,14,1576,506,884
2018,230711,13,1574,501,887
2019,230802,12,1583,502,896
2020,230884,11,1591,510,894
2021,230970,14,1603,522,894
2022,231047,16,1610,526,893
2023,231116,12,1610,526,893
2024,231283,12,1614,524,903
2025,231377,13,1632,541,900
2026,231457,15,1635,542,900
2027,231552,17,1637,537,909
2028,231656,15,1642,540,909
2029,231744,13,1640,541,906
2030,231839,12,1647,548,903
2031,231940,13,1648,549,903
2032,232033,14,1650,551,902
2033,232135,13,1652,553,902
2034,232219,14,1670,569,903
2035,232322,13,1677,575,901
2036,232403,13,1677,567,913
2037,232501,21,1678,564,917
2038,232693,15,1685,559,929
2039,232814,16,1686,556,933
2040,232911,14,1692,551,938
2041,233001,12,1692,550,939
2042,233084,13,1688,550,935
2043,233167,13,1695,552,943
2044,233258,14,1694,551,943
2045,233336,16,1698,557,939
2046,233428,14,1710,563,946
2047,233518,15,1717,571,945
2048,233642,13,1720,571,946
2049,233742,14,1711,571,937
2050,233823,15,1712,574,935
2051,234031,21,1712,571,939
2052,234134,15,1718,577,939
2053,234223,13,1716,578,934
2054,234304,13,1720,582,934
2055,234404,14,1714,582,928
2056,234477,13,1719,587,928
2057,234569,13,1720,583,933
2058,234687,13,1723,586,932
2059,234778,13,1727,582,943
2060,234866,13,1725,589,933
2061,234963,13,1724,577,944
2062,235037,13,1727,580,942
2063,235118,14,1731,584,941
2064,235238,19,1730,579,943
2065,235453,13,1732,576,942
2066,235544,14,1743,587,940
2067,235623,15,1745,586,943
2068,235725,16,1757,597,943
2069,235816,13,1765,603,945
2070,235903,13,1764,603,944
2071,235987,14,1768,606,943
2072,236076,13,1774,609,945
2073,236156,14,1780,614,948
2074,236235,13,1783,617,947
2075,236327,14,1782,616,947
2076,236466,23,1785,618,946
2077,236611,15,1791,622,949
2078,236870,162,1797,630,945
2079,236963,14,1799,631,945
2080,237056,16,1801,631,949
2081,237162,16,1805,634,948
2082,237253,13,1812,638,951
2083,237346,15,1812,639,949
2084,237427,14,1812,639,949
2085,237520,14,1812,638,950
2086,237613,13,1812,637,950
2087,237718,15,1811,632,954
2088,237863,22,1810,608,977
2089,237944,14,1821,619,966
2090,238006,14,1819,617,966
2091,238095,15,1819,615,966
2092,238189,14,1821,619,966
2093,238275,14,1830,626,970
2094,238496,15,1825,615,977
2095,238575,13,1825,615,977
2096,238668,15,1829,619,977
2097,238770,21,1829,619,966
2098,238897,16,1831,619,968
2099,238998,14,1834,626,963
2100,239136,16,1835,625,963
2101,239249,15,1835,625,963
2102,239338,15,1844,634,963
2103,239424,16,1844,632,964
2104,239511,15,1846,633,966
2105,239596,15,1849,633,969
2106,239696,15,1853,636,970
2107,239794,18,1868,648,975
2108,239894,28,1860,648,967
2109,240320,30,1862,650,966
2110,240735,118,899,649,2
2111,240816,8,902,652,2
2112,240946,13,902,650,2
2113,241042,7,903,649,3
2114,241132,9,910,651,6
2115,241199,8,912,652,6
2116,241337,7,913,653,6
2117,241439,8,921,656,8
2118,241516,9,922,652,13
2119,241616,11,925,650,16
2120,241727,8,926,641,24
2121,241856,32,932,641,25
2122,241946,10,945,646,31
2123,242070,8,946,644,31
2124,242146,9,948,636,41
2125,242234,9,953,634,46
2126,242514,13,958,627,62
2127,242607,9,958,624,64
2128,242706,8,963,628,68
2129,242804,9,972,631,71
2130,242900,9,973,632,71
2131,242980,8,977,636,71
2132,243075,12,988,642,77
2133,243149,9,997,651,76
2134,243241,10,998,652,76
2135,243333,9,1005,660,75
2136,243417,8,1007,662,75
2137,243501,9,1018,670,78
2138,243578,10,1019,673,74
2139,243671,9,1024,674,76
2140,243757,8,1025,674,80
2141,243900,9,1036,683,79
2142,244006,8,1038,682,81
2143,244137,13,1039,682,82
2144,244217,9,1043,682,85
2145,244301,9,1043,674,86
2146,244531,151,1045,674,87
2147,244639,9,1047,675,86
2148,244751,10,1052,673,86
2149,244831,9,1056,677,86
2150,244905,10,1056,677,86
2151,244980,13,1057,678,86
2152,245058,9,1057,675,89
2153,245152,10,1071,688,90
2154,245254,12,1070,689,88
2155,245343,11,1075,691,92
2156,245430,10,1083,696,95
2157,245504,10,1083,696,95
2158,245586,9,1088,699,96
2159,245674,11,1099,710,94
2160,245770,10,1108,716,96
2161,245841,9,1110,717,96
2162,245953,13,1113,719,96
2163,246030,10,1124,730,96
2164,246114,12,1124,730,96
2165,246210,10,1126,730,98
2166,246308,11,1131,732,99
2167,246409,10,1124,723,102
2168,246650,153,1126,725,102
2169,246738,8,1127,724,103
2170,246822,9,1127,724,103
2171,246913,10,1128,724,104
2172,246990,9,1133,729,103
2173,247065,8,1132,728,101
2174,247168,9,1132,729,100
2175,247259,10,1143,738,101
2176,247351,9,1147,718,136
2177,247452,9,1152,697,168
2178,247566,9,1150,685,178
2179,247667,9,1158,676,211
2180,247764,10,1161,677,213
2181,247849,9,1171,673,219
2182,247942,10,1175,671,236
2183,248042,10,1177,672,236
2184,248135,9,1181,676,236
2185,248255,14,1181,671,243
2186,248349,10,1183,674,242
2187,248451,10,1182,660,259
2188,248548,10,1184,644,276
2189,248648,11,1188,642,283
2190,248913,11,1193,606,340
2191,249017,11,1199,609,343
2192,249104,9,1191,597,342
2193,249200,9,1194,577,372
2194,249323,16,1201,563,389
2195,249435,10,1212,563,398
2196,249526,10,1216,566,403
2197,249616,11,1225,568,410
2198,249706,9,1235,578,409
2199,249803,10,1239,585,406
2200,249889,11,1241,568,430
2201,249994,11,1239,569,427
2202,250097,12,1239,558,434
2203,250181,12,1247,565,435
2204,250281,13,1255,564,449
2205,250389,14,1255,537,485
2206,250487,10,1256,530,493
2207,250577,11,1267,536,499
2208,250672,11,1274,540,501
2209,250753,10,1285,540,515
2210,250849,11,1285,539,517
2211,250953,12,1288,536,520
2212,251211,11,1288,514,553
2213,251301,13,1297,518,559
2214,251403,17,1303,518,569
2215,251514,10,1311,526,566
2216,251622,12,1312,527,563
2217,251713,11,1314,531,561
2218,251812,11,1313,531,560
2219,251895,10,1322,540,560
2220,251974,11,1327,545,560
2221,252119,13,1329,547,556
2222,252204,13,1333,551,556
2223,252316,15,1335,553,556
2224,252460,15,1337,555,556
2225,252579,11,1338,558,554
2226,252679,16,1340,560,554
2227,252797,15,1341,561,553
2228,252922,18,1350,570,553
2229,253091,58,1356,577,552
2230,253235,19,1361,583,551
2231,253407,14,1365,588,550
2232,253631,19,1383,605,550
2233,253945,206,1382,607,547
2234,254036,11,1381,607,546
2235,254221,16,1386,612,545
2236,254347,14,1392,619,543
2237,254443,13,1401,618,550
2238,254554,13,1401,613,556
2239,254657,12,1405,612,559
2240,254748,13,1413,607,570
2241,254851,14,1414,598,579
2242,254946,16,1425,602,588
2243,255051,16,1434,612,587
2244,255139,14,1434,603,598
2245,255271,20,1437,598,612
2246,255378,15,1433,594,613
2247,255489,18,1435,590,619
2248,255597,17,1437,590,626
2249,255686,14,1443,590,633
2250,255789,14,1446,591,635
2251,255889,12,1449,576,653
2252,255993,12,1444,576,650
2253,256094,12,1447,576,654
2254,256383,14,1452,579,658
2255,256495,14,1454,579,659
2256,256588,11,1456,574,659
2257,256676,13,1470,588,654
2258,256760,12,1479,597,654
2259,256868,15,1484,598,658
2260,256962,12,1484,593,664
2261,257052,14,1484,590,672
2262,257138,13,1496,602,670
2263,257238,13,1496,596,678
2264,257354,14,1498,598,672
2265,257444,13,1505,606,672
2266,257558,13,1504,600,677
2267,257657,15,1505,591,687
2268,257759,15,1514,596,694
2269,257852,13,1518,570,726
2270,257935,12,1520,563,734
2271,258033,13,1522,562,735
2272,258128,13,1526,564,735
2273,258399,175,1531,553,749
2274,258489,17,1531,549,759
2275,258593,11,1529,551,753
2276,258689,16,1529,549,755
2277,258790,15,1538,557,755
2278,258895,12,1540,552,768
2279,258986,13,1543,547,778
2280,259072,12,1554,552,786
2281,259174,15,1555,553,786
2282,259266,12,1557,553,791
2283,259353,15,1564,556,793
2284,259444,13,1568,549,804
2285,259550,13,1567,547,812
2286,259649,12,1568,548,812
2287,259745,13,1577,557,812
2288,259828,13,1577,550,824
2289,259960,17,1578,551,824
2290,260261,12,1579,548,828
2291,260367,12,1575,549,822
2292,260450,12,1581,554,822
2293,260543,13,1584,556,822
2294,260642,12,1586,547,833
2295,260739,14,1589,548,835
2296,260847,13,1590,548,837
2297,260941,12,1593,547,842
2298,261031,11,1593,541,843
2299,261109,14,1600,548,843
2300,261202,14,1596,549,838
2301,261328,15,1598,548,842
2302,261425,19,1608,553,847
2303,261520,12,1611,548,851
2304,261614,12,1614,549,852
2305,261714,16,1617,552,852
2306,262001,200,1626,552,863
2307,262091,12,1632,547,872
2308,262183,12,1651,567,871
2309,262269,15,1650,567,870
2310,262365,14,1648,564,871
2311,262456,15,1646,565,868
2312,262593,20,1648,567,868
2313,262690,15,1664,582,868
2314,262780,15,1661,569,879
2315,262881,14,1660,567,876
2316,262992,13,1665,566,878
2317,263081,15,1672,571,880
2318,263175,16,1673,574,877
2319,263279,14,1674,575,876
2320,263580,15,1678,575,880
2321,263681,16,1675,574,878
2322,263784,15,1684,580,882
2323,263883,14,1683,572,890
2324,263999,16,1683,572,890
2325,264118,14,1675,571,884
2326,264196,14,1681,575,887
2327,264301,13,1682,572,893
2328,264389,14,1685,575,895
2329,264489,13,1685,568,902
2330,264586,14,1689,570,901
2331,264660,16,1689,567,908
2332,264755,13,1691,566,913
2333,267580,19,1696,519,970
2334,267674,16,1700,526,967
2335,267762,14,1702,526,970
2336,267866,15,1710,534,969
2337,267960,18,1712,536,969
2338,268055,15,1712,535,970
2339,268166,15,1714,538,969
2340,268275,15,1714,544,963
2341,268361,14,1717,547,963
2342,268441,14,1718,548,963
2343,268528,13,1723,554,962
2344,268633,17,1730,563,956
2345,268784,20,1726,555,963
2346,268956,65,1725,554,963
2347,269055,14,1725,552,970
2348,269260,18,1726,553,969
2349,269352,14,1733,560,969
2350,269451,18,1740,567,969
2351,269534,15,1746,573,965
2352,269624,15,1751,576,965
2353,269721,16,1761,586,962
2354,269822,16,1762,583,969
2355,269914,19,1766,587,969
2356,270034,18,1768,588,970
2357,270840,49,814,590,15
2358,270914,7,832,604,20
2359,270986,7,841,612,20
2360,271081,9,844,611,22
2361,271174,8,844,606,28
2362,271290,14,852,611,30
2363,271370,8,852,610,31
2364,271453,8,859,614,31
2365,271537,8,859,613,31
2366,271632,7,865,616,33
2367,271729,10,876,627,33
2368,271840,12,890,639,34
2369,271931,8,890,635,35
2370,272019,8,889,633,36
2371,272108,9,898,637,37
2372,272260,9,900,630,44
2373,272372,11,908,637,44
2374,272482,12,908,637,44
2375,272587,8,916,640,47
2376,272671,7,918,640,49
2377,272754,9,922,640,52
2378,272850,7,928,641,55
2379,272951,9,935,647,56
2380,273029,10,936,650,54
2381,273116,8,936,650,54
2382,273223,10,936,647,57
2383,273303,8,940,651,56
2384,273388,8,946,652,60
2385,273492,8,955,658,65
2386,273606,9,960,661,66
2387,273694,10,972,670,68
2388,273832,8,972,669,69
2389,273909,10,973,667,75
2390,274005,8,977,669,74
2391,274089,9,987,674,76
2392,274168,8,992,669,84
2393,274264,12,994,668,87
2394,274338,10,997,671,87
2395,274419,8,1001,673,89
2396,274501,8,1002,674,89
2397,274589,9,1002,674,89
2398,274691,9,1002,674,89
2399,274794,10,1002,674,89
2400,274888,9,1017,688,90
2401,274987,13,1018,689,90
2402,275058,9,1030,701,90
2403,275140,8,1030,696,92
2404,275315,9,1031,692,94
2405,275407,8,1033,688,93
2406,275485,9,1034,690,92
2407,275586,9,1044,699,92
2408,275672,9,1058,712,93
2409,275762,9,1062,713,98
2410,275852,9,1062,713,96
2411,275952,11,1061,712,96
2412,276073,9,1070,717,100
2413,276165,10,1074,721,100
2414,276254,10,1079,724,100
2415,276336,9,1080,725,100
2416,276422,9,1084,729,100
2417,276501,10,1099,741,102
2418,276577,10,1102,744,102
2419,276666,10,1105,746,105
2420,276855,12,1104,746,103
2421,276941,10,1122,758,105
2422,277037,9,1125,760,106
2423,277150,12,1126,754,107
2424,277252,9,1136,759,111
2425,277363,11,1136,741,133
2426,277467,9,1136,717,156
2427,277580,11,1136,693,181
2428,277681,11,1139,685,191
2429,277785,11,1145,690,191
2430,277881,13,1153,683,209
2431,277982,10,1158,673,226
2432,278130,15,1158,656,243
2433,278231,10,1161,657,246
2434,278350,12,1167,656,255
2435,278551,10,1165,633,283
2436,278662,12,1162,617,301
2437,278767,10,1165,614,307
2438,278861,10,1166,611,307
2439,278949,11,1173,618,304
2440,279053,11,1174,611,312
2441,279177,15,1186,606,330
2442,279276,13,1187,603,337
2443,279382,11,1200,613,336
2444,279490,10,1204,609,346
2445,279616,13,1204,602,356
2446,279719,12,1209,592,375
2447,279815,10,1212,590,386
2448,279896,10,1211,583,402
2449,280070,97,1214,577,414
2450,280158,8,1224,576,428
2451,280274,12,1237,587,425
2452,280373,12,1242,579,447
2453,280465,10,1244,561,470
2454,280559,10,1248,560,479
2455,280659,11,1252,559,486
2456,280766,15,1266,574,484
2457,280863,9,1260,574,478
2458,280951,11,1262,567,489
2459,281042,10,1269,567,494
2460,281134,12,1267,568,491
2461,281236,14,1271,572,491
2462,281338,12,1276,574,493
2463,281442,11,1273,557,517
2464,281535,10,1272,547,530
2465,281703,12,1275,517,567
2466,281811,11,1283,517,576
2467,281913,10,1294,524,584
2468,282000,11,1303,533,584
2469,282094,12,1308,530,592
2470,282192,9,1316,530,602
2471,282285,11,1329,545,597
2472,282382,12,1327,546,592
2473,282459,10,1333,550,592
2474,282546,12,1339,556,589
2475,282632,13,1343,559,589
2476,282732,13,1350,567,588
2477,282820,12,1353,570,588
2478,282918,12,1357,567,594
2479,283004,13,1361,567,597
2480,283196,11,1369,577,592
2481,283299,13,1374,576,599
2482,283407,15,1379,565,618
2483,283504,12,1375,565,614
2484,283594,11,1377,562,618
2485,283682,15,1379,557,628
2486,283776,13,1385,563,628
2487,283863,12,1386,564,628
2488,283945,11,1394,572,626
2489,284044,12,1401,574,628
2490,284130,16,1408,581,628
2491,284222,11,1411,583,628
2492,284315,12,1415,586,628
2493,284419,17,1420,590,629
2494,284535,12,1429,582,648
2495,284627,13,1430,584,647
2496,284838,11,1432,573,663
2497,284918,11,1431,568,668
2498,285011,12,1431,566,670
2499,285098,11,1448,581,669
2500,285187,13,1450,583,669
2501,285279,14,1459,590,670
2502,285372,12,1462,578,681
2503,285473,15,1475,589,684
2504,285573,17,1485,600,683
2505,285683,14,1488,602,684
2506,285775,14,1496,584,711
2507,285856,13,1506,593,714
2508,285952,15,1506,591,716
2509,286046,18,1511,587,725
2510,286151,13,1514,589,727
2511,286232,14,1517,592,727
2512,286469,15,1517,590,729
2513,286585,13,1516,590,728
2514,286669,12,1518,584,735
2515,286765,16,1526,590,734
2516,286855,14,1529,584,747
2517,286960,18,1527,578,753
2518,287064,13,1528,579,753
2519,287156,15,1531,582,751
2520,287250,12,1537,578,760
2521,287341,15,1547,585,763
2522,287442,13,1547,585,763
2523,287531,13,1547,585,763
2524,287639,12,1549,585,767
2525,287737,16,1547,569,789
2526,287831,13,1554,567,796
2527,287946,20,1549,566,792
2528,288050,14,1550,559,801
2529,288259,15,1565,550,819
2530,288356,14,1566,552,818
2531,288457,12,1570,554,819
2532,288561,12,1567,546,828
2533,288702,15,1567,547,827
2534,288803,12,1572,551,827
2535,288888,12,1573,551,830
2536,288969,14,1573,542,842
2537,289046,14,1575,544,839
2538,289151,15,1575,539,845
2539,289250,15,1581,544,846
2540,289361,15,1584,547,846
2541,289460,13,1594,552,854
2542,289559,18,1594,550,856
2543,289670,14,1595,553,854
2544,289777,15,1587,549,852
2545,289858,13,1589,544,861
2546,290119,17,1593,539,870
2547,290266,14,1603,549,869
2548,290413,42,1603,526,896
2549,290513,14,1604,527,896
2550,290618,15,1602,527,897
2551,290717,13,1606,530,897
2552,290832,13,1617,540,900
2553,290920,14,1620,535,910
2554,291012,13,1617,535,904
2555,291113,16,1619,534,904
2556,291204,13,1625,538,906
2557,291286,14,1628,541,904
2558,291396,14,1632,542,907
2559,291497,13,1633,548,900
2560,291618,21,1629,548,895
2561,291709,14,1631,544,904
2562,291810,13,1630,544,903
2563,291904,14,1631,545,903
2564,292149,12,1637,546,903
2565,292258,13,1637,537,912
2566,292346,12,1640,540,912
2567,292447,12,1643,543,912
2568,292557,14,1650,550,911
2569,292674,12,1650,550,911
2570,292770,14,1656,553,914
2571,292863,13,1653,553,911
2572,292950,13,1656,556,911
2573,293030,12,1667,561,919
2574,293119,13,1669,563,919
2575,293214,15,1669,563,919
2576,293304,13,1679,573,919
2577,293401,15,1678,573,922
2578,293491,13,1688,583,922
2579,293578,13,1694,589,922
2580,293656,13,1695,590,921
2581,293736,13,1696,591,921
2582,293974,12,1700,587,927
2583,294071,14,1707,583,935
2584,294166,13,1714,590,932
2585,294244,14,1715,591,933
2586,294323,14,1725,601,933
2587,294409,14,1719,600,921
2588,294502,16,1717,600,919
2589,294589,13,1717,595,924
2590,294667,14,1725,600,927
2591,294772,12,1735,611,928
2592,294872,17,1741,611,933
2593,294976,14,1745,615,931
2594,295060,13,1751,618,931
2595,295166,13,1758,625,931
2596,295253,14,1759,629,928
2597,295339,14,1758,631,923
2598,295573,154,1753,635,914
2599,295658,13,1756,640,909
2600,295765,14,1760,644,908
2601,295852,13,1765,649,908
2602,295939,19,1774,658,906
2603,296026,14,1783,667,905
2604,296122,13,1786,670,905
2605,296202,13,1786,670,905
2606,296293,14,1787,673,903
2607,296418,14,1787,673,903
2608,296507,14,1787,674,902
2609,296584,14,1788,676,901
2610,296669,15,1800,688,900
2611,296746,14,1807,695,899
2612,296825,13,1806,697,894
2613,296918,13,1812,703,894
2614,297018,14,1816,707,894
2615,297223,14,1814,707,892
2616,297306,13,1816,711,890
2617,297401,15,1829,722,887
2618,297504,14,1829,722,887
2619,297592,15,1831,724,886
2620,297677,16,1841,733,886
2621,297765,14,1842,734,886
2622,297856,15,1843,731,888
2623,297945,16,1850,741,885
2624,298049,15,1846,746,876
2625,298120,14,1852,748,878
2626,298217,15,1856,752,876
2627,298309,15,1856,751,878
2628,298411,15,1866,760,879
2629,298497,15,1875,763,882
2630,298597,15,1875,762,882
2631,298842,15,1878,762,887
2632,298917,15,1886,769,887
2633,299006,15,1892,775,887
2634,299090,14,1892,774,889
2635,299164,14,1894,776,889
2636,299256,13,1895,776,889
2637,299346,14,1895,776,889
2638,299426,15,1897,775,895
2639,299513,16,1897,772,895
2640,299594,14,1907,779,898
2641,299688,14,1914,783,900
2642,299788,15,1915,781,900
2643,299876,15,1916,775,905
2644,299974,16,1925,785,904
2645,300648,13,1927,787,902
