tick,timestamp,query_runtime,trav_index_nodes,trav_vol_nodes,trav_unprod_nodes
0,593,3,6,6,0
1,936,1,14,14,0
2,1195,1,22,22,0
3,1427,2,31,31,0
4,1674,5,36,36,0
5,1875,3,50,50,0
6,2104,2,71,71,0
7,2328,5,85,85,0
8,2511,3,86,86,0
9,2686,2,90,90,0
10,2892,2,117,117,0
11,3113,2,118,118,0
12,3299,1,128,128,0
13,3467,2,135,135,0
14,3632,2,143,143,0
15,3787,2,156,156,0
16,3933,3,160,160,0
17,4122,2,166,166,0
18,4288,5,174,174,0
19,4480,2,182,182,0
20,4630,4,203,203,0
21,4778,4,219,219,0
22,4913,3,234,234,0
23,5116,2,239,239,0
24,5267,3,255,255,0
25,5431,6,273,273,0
26,5577,4,297,297,0
27,5702,4,313,313,0
28,5820,4,321,321,0
29,5924,3,323,323,0
30,6071,4,346,346,0
31,6203,4,351,351,0
32,6353,5,357,357,0
33,6482,5,360,360,0
34,6617,4,371,371,0
35,6758,4,380,380,0
36,6891,5,384,384,0
37,7018,6,390,390,0
38,7187,4,395,395,0
39,7340,4,400,400,0
40,7496,6,425,425,0
41,7677,3,441,441,0
42,7787,3,459,459,0
43,7876,4,460,460,0
44,7986,4,474,474,0
45,8099,4,508,508,0
46,8195,4,513,513,0
47,8327,4,518,518,0
48,8443,5,525,525,0
49,8570,4,530,530,0
50,8702,9,535,535,0
51,8828,5,548,548,0
52,8938,4,573,573,0
53,9086,6,583,583,0
54,9216,6,590,590,0
55,9385,7,592,592,0
56,9468,4,595,595,0
57,9553,3,595,595,0
58,9657,4,610,610,0
59,9756,4,613,613,0
60,9855,6,626,626,0
61,9969,5,630,630,0
62,10087,4,644,644,0
63,10168,5,645,645,0
64,10278,4,647,647,0
65,10377,4,658,658,0
66,10472,4,660,660,0
67,10592,5,667,667,0
68,10711,5,670,670,0
69,10807,4,685,685,0
70,10926,5,699,699,0
71,11008,6,711,711,0
72,11136,11,733,733,0
73,11257,6,737,737,0
74,11378,7,742,742,0
75,11485,9,753,753,0
76,12082,5,756,756,0
77,12205,4,764,764,0
78,12305,9,779,779,0
79,12408,5,781,781,0
80,12528,10,784,784,0
81,12644,6,790,790,0
82,12733,6,814,814,0
83,12817,6,818,818,0
84,12911,6,819,819,0
85,12985,6,827,827,0
86,13082,6,831,831,0
87,13190,5,838,838,0
88,13293,6,843,843,0
89,13403,6,847,847,0
90,13512,6,852,852,0
91,13622,7,856,856,0
92,13718,6,879,879,0
93,13823,6,902,902,0
94,13909,6,908,908,0
95,14002,8,909,909,0
96,14152,72,924,924,0
97,14264,7,931,931,0
98,14343,7,933,933,0
99,14446,6,938,938,0
100,14543,6,941,941,0
101,14636,8,951,951,0
102,14778,7,956,956,0
103,14883,6,961,961,0
104,14964,7,976,976,0
105,15057,6,981,981,0
106,15177,7,992,992,0
107,15272,7,996,996,0
108,15363,7,998,998,0
109,15475,6,1014,1014,0
110,15588,7,1023,1023,0
111,15679,7,1024,1024,0
112,15766,8,1026,1026,0
113,15881,11,1032,1032,0
114,15976,6,1038,1038,0
115,16058,6,1040,1040,0
116,16163,7,1043,1043,0
117,16267,8,1048,1048,0
118,16391,13,1052,1052,0
119,16483,17,1069,1069,0
120,16613,12,1076,1076,0
121,16731,11,1077,1077,0
122,16849,12,1082,1082,0
123,17037,23,1086,1086,0
124,17131,8,1099,1099,0
125,17230,7,1107,1107,0
126,17337,9,1121,1121,0
127,17442,7,1124,1124,0
128,17563,8,1132,1132,0
129,17645,7,1140,1140,0
130,17739,8,1144,1144,0
131,17841,8,1150,1150,0
132,17925,7,1160,1160,0
133,18029,7,1162,1162,0
134,18145,9,1168,1168,0
135,18267,9,1170,1170,0
136,18391,8,1174,1174,0
137,18487,9,1182,1182,0
138,18571,8,1184,1184,0
139,18676,10,1192,1192,0
140,18756,8,1222,1222,0
141,18862,9,1226,1226,0
142,18944,9,1237,1237,0
143,19035,7,1239,1239,0
144,19120,9,1252,1252,0
145,19194,8,1255,1255,0
146,19267,9,1278,1278,0
147,19413,10,1286,1286,0
148,19524,13,1289,1289,0
149,19659,14,1296,1296,0
150,19788,13,1302,1302,0
151,20587,8,1304,1304,0
152,20689,9,1318,1318,0
153,20777,11,1331,1331,0
154,20869,11,1336,1336,0
155,20957,9,1347,1347,0
156,21046,8,1360,1360,0
157,21129,8,1364,1364,0
158,21212,10,1372,1372,0
159,21314,10,1374,1374,0
160,21413,10,1380,1380,0
161,21510,10,1381,1381,0
162,21600,10,1383,1383,0
163,21697,15,1388,1388,0
164,21776,10,1394,1394,0
165,21864,9,1400,1400,0
166,21969,10,1410,1410,0
167,22072,9,1417,1417,0
168,22159,10,1421,1421,0
169,22230,10,1423,1423,0
170,22330,11,1426,1426,0
171,22411,10,1432,1432,0
172,22518,10,1432,1432,0
173,22616,11,1438,1438,0
174,22717,13,1440,1440,0
175,22808,10,1455,1455,0
176,22915,13,1457,1457,0
177,23037,14,1459,1459,0
178,23131,18,1470,1470,0
179,23218,17,1483,1483,0
180,23320,14,1485,1485,0
181,23420,13,1488,1488,0
182,23543,21,1497,1497,0
183,23688,23,1510,1510,0
184,23907,13,1519,1519,0
185,23986,10,1531,1531,0
186,24096,12,1532,1532,0
187,24202,21,1543,1543,0
188,24317,14,1547,1547,0
189,24435,11,1551,1551,0
190,24531,11,1565,1565,0
191,24634,12,1570,1570,0
192,24725,11,1570,1570,0
193,24816,11,1575,1575,0
194,24908,11,1585,1585,0
195,25024,12,1590,1590,0
196,25118,11,1603,1603,0
197,25212,11,1609,1609,0
198,25285,11,1623,1623,0
199,25394,13,1631,1631,0
200,25487,11,1661,1661,0
201,25585,11,1676,1676,0
202,25671,15,1680,1680,0
203,25748,11,1692,1692,0
204,25848,12,1700,1700,0
205,25954,13,1705,1705,0
206,26034,11,1708,1708,0
207,26126,13,1717,1717,0
208,26219,12,1722,1722,0
209,26316,13,1728,1728,0
210,26424,14,1735,1735,0
211,26532,13,1738,1738,0
212,26636,14,1751,1751,0
213,26706,13,1759,1759,0
214,26787,14,1760,1760,0
215,27040,19,1776,1776,0
216,27140,13,1783,1783,0
217,27247,15,1792,1792,0
218,27355,14,1800,1800,0
219,27467,12,1802,1802,0
220,27559,12,1813,1813,0
221,27660,12,1819,1819,0
222,27759,14,1827,1827,0
223,27848,12,1851,1851,0
224,27959,14,1871,1871,0
225,28078,11,1884,1884,0
226,28164,14,1901,1901,0
227,28242,12,1908,1908,0
228,28314,14,1921,1921,0
229,28395,13,1923,1923,0
230,28505,12,1937,1937,0
231,28584,13,1941,1941,0
232,28677,13,1944,1944,0
233,28766,14,1948,1948,0
234,28859,13,1953,1953,0
235,28947,14,1955,1955,0
236,29066,15,1960,1960,0
237,29176,14,1964,1964,0
238,29267,14,1972,1972,0
239,29351,14,1991,1991,0
240,29442,14,2008,2008,0
241,29526,14,2015,2015,0
242,29622,16,2018,2018,0
243,29725,15,2022,2022,0
244,29812,15,2025,2025,0
245,29930,16,2029,2029,0
246,30018,15,2036,2036,0
247,30311,21,2042,2000,11
248,30434,19,2046,1977,25
249,30539,13,2046,1932,52
250,30654,15,2056,1918,60
251,30764,15,2072,1908,69
252,30867,15,2082,1913,69
253,30981,14,2091,1891,86
254,31153,21,2009,1859,13
255,31280,16,2032,1852,23
256,31421,22,2040,1809,64
257,31570,21,2051,1766,102
258,31692,16,2074,1762,119
259,31773,14,2077,1738,144
260,31883,14,2078,1706,168
261,32001,19,2081,1696,170
262,32192,76,1916,1650,36
263,32309,12,1920,1630,52
264,32422,13,1929,1625,54
265,32553,14,1935,1608,69
266,32659,15,1940,1591,78
267,32772,16,1947,1591,82
268,32892,15,1951,1568,92
269,32994,15,1959,1560,99
270,33162,61,1871,1547,11
271,33258,13,1878,1537,25
272,33364,14,1884,1520,34
273,33443,13,1900,1525,36
274,33542,14,1908,1511,52
275,33657,15,1919,1498,67
276,34899,1132,1924,1381,147
277,35124,76,1680,1221,23
278,35253,20,1673,1225,4
279,35334,13,1708,1247,11
280,35433,15,1710,1233,22
281,35534,12,1721,1240,23
282,35632,12,1727,1235,26
283,35732,12,1735,1239,28
284,35835,12,1743,1233,37
285,35955,12,1747,1220,48
286,36068,14,1752,1218,59
287,36178,15,1705,1215,15
288,36313,21,1722,1221,19
289,36438,12,1724,1212,26
290,36541,12,1738,1207,40
291,36647,13,1741,1200,43
292,36752,13,1759,1198,60
293,36838,12,1785,1217,65
294,36955,13,1792,1218,81
295,37109,44,1707,1198,12
296,37204,14,1711,1195,18
297,37309,13,1725,1190,37
298,37424,16,1740,1199,39
299,37537,12,1754,1209,42
300,37645,13,1770,1218,49
301,37755,15,1777,1216,57
302,37854,12,1784,1196,83
303,37952,13,1786,1194,85
304,38127,52,1695,1167,22
305,38240,13,1698,1161,29
306,38446,12,1706,1142,53
307,38541,11,1737,1163,60
308,38641,13,1747,1171,60
309,38765,16,1758,1165,74
310,38853,14,1766,1162,84
311,38959,13,1769,1143,96
312,39045,14,1777,1145,101
313,39151,20,1688,1137,18
314,39238,11,1689,1126,35
315,39350,13,1692,1126,37
316,39440,12,1703,1113,59
317,39529,13,1706,1104,71
318,39623,11,1717,1109,73
319,39725,12,1731,1117,80
320,39822,11,1733,1111,93
321,39942,11,1747,1118,101
322,40049,18,1757,1114,114
323,40143,22,1657,1093,29
324,40239,14,1660,1086,40
325,40323,11,1664,1081,45
326,40413,19,1667,1057,64
327,40511,14,1674,1055,66
328,40616,13,1678,1030,100
329,40710,13,1680,1028,101
330,40823,12,1685,1016,113
331,40903,13,1698,1015,133
332,41037,22,1709,1008,153
333,41203,53,1563,998,18
334,41297,12,1588,1009,27
335,41381,11,1590,1006,31
336,41464,11,1597,1008,33
337,41562,15,1607,1006,48
338,41789,12,1612,1011,48
339,41882,10,1617,1016,48
340,41984,14,1630,1026,48
341,42080,17,1587,1023,3
342,42200,13,1602,1028,10
343,42323,16,1610,1022,20
344,42447,11,1625,1026,29
345,42533,15,1644,1033,38
346,42615,10,1649,1021,49
347,42709,13,1662,1011,72
348,42795,11,1665,1002,81
349,42874,14,1669,990,103
350,42978,11,1670,980,111
351,43194,49,1566,973,17
352,43280,12,1578,973,32
353,43404,21,1580,959,47
354,43512,16,1585,953,62
355,43656,13,1593,957,69
356,43771,16,1597,947,88
357,43922,13,1611,953,97
358,44015,14,1638,969,106
359,44159,38,1545,976,7
360,44277,12,1565,979,19
361,44376,11,1569,976,29
362,44469,13,1575,967,46
363,44548,12,1584,965,58
364,44659,13,1590,962,69
365,44771,15,1594,959,70
366,44889,12,1602,957,77
367,44988,12,1605,956,79
368,45348,52,1535,946,24
369,45425,10,1551,946,41
370,45516,13,1561,947,46
371,45603,11,1577,954,47
372,45690,13,1591,963,54
373,45796,13,1595,953,66
374,45885,12,1599,950,71
375,45983,11,1602,948,78
376,46122,22,1537,949,15
377,46224,15,1553,958,17
378,46320,12,1576,972,20
379,46406,12,1589,979,23
380,46503,13,1596,984,23
381,46596,12,1606,990,25
382,46693,15,1612,989,31
383,46786,12,1614,982,45
384,46885,13,1617,980,48
385,46977,11,1637,992,55
386,47115,50,1591,1004,0
387,47207,12,1597,1003,5
388,47302,16,1616,1008,12
389,47402,18,1639,1023,18
390,47505,12,1639,1020,20
391,47625,12,1642,1019,23
392,47705,12,1649,1012,33
393,47840,14,1655,1016,37
394,47951,16,1667,1017,47
395,48044,12,1676,1017,54
396,48160,22,1631,1019,11
397,48264,12,1651,1029,17
398,48386,13,1655,1021,23
399,48492,14,1661,1017,25
400,48680,17,1671,999,52
401,48767,12,1686,1006,49
402,48859,12,1696,1007,60
403,48971,13,1720,1024,67
404,49118,44,1658,1025,5
405,49220,12,1662,1027,6
406,49333,16,1668,1026,8
407,49443,14,1673,1028,10
408,49553,16,1688,1036,11
409,49644,11,1688,1032,14
410,49733,13,1691,1029,20
411,49843,15,1694,1028,25
412,49932,14,1694,1028,25
413,50061,17,1684,1042,0
414,50144,13,1688,1046,0
415,50232,12,1703,1059,0
416,50326,13,1709,1064,0
417,50428,13,1727,1079,0
418,50525,13,1732,1083,0
419,50619,14,1745,1091,8
420,50730,14,1754,1082,35
421,50850,20,1763,1076,47
422,50966,16,1766,1067,61
423,51124,47,1714,1075,3
424,51234,12,1726,1071,25
425,51340,12,1735,1074,30
426,51443,21,1744,1076,32
427,51575,17,1749,1075,46
428,51687,13,1751,1071,45
429,51794,13,1753,1069,53
430,52012,11,1760,1065,60
431,52132,45,1701,1053,11
432,52243,15,1706,1048,23
433,52372,12,1718,1047,38
434,52483,17,1724,1049,42
435,52575,13,1727,1052,42
436,52652,14,1731,1051,44
437,52743,12,1744,1058,51
438,52853,14,1764,1069,58
439,52949,13,1766,1057,65
440,53051,15,1771,1055,72
441,53146,13,1703,1059,0
442,53231,12,1728,1080,8
443,53337,15,1748,1096,13
444,53438,16,1755,1099,20
445,53527,13,1785,1123,27
446,53657,13,1799,1125,31
447,53753,13,1807,1133,31
448,53840,17,1816,1141,31
449,53932,14,1818,1141,31
450,54032,13,1829,1141,43
451,54144,31,1790,1145,0
452,54223,14,1801,1151,6
453,54321,17,1806,1151,12
454,54411,14,1819,1158,14
455,54504,13,1832,1156,32
456,54591,16,1837,1158,35
457,54687,16,1838,1154,42
458,54795,19,1838,1144,55
459,54906,14,1844,1144,62
460,56389,33,1715,1074,14
461,56480,16,1718,1077,15
462,56548,14,1720,1077,19
463,56657,13,1731,1082,21
464,56754,12,1743,1092,23
465,56857,12,1751,1091,33
466,56948,14,1754,1094,33
467,57043,9,1771,1105,33
468,57135,16,1754,1112,4
469,57235,13,1757,1110,6
470,57337,13,1765,1110,9
471,57434,13,1781,1120,11
472,57534,12,1782,1115,23
473,57631,14,1798,1127,25
474,57708,15,1806,1134,25
475,57802,14,1814,1137,28
476,57889,15,1819,1140,28
477,57971,13,1827,1145,31
478,58094,35,1800,1143,5
479,58165,14,1819,1159,7
480,58261,15,1832,1169,7
481,58354,15,1836,1172,12
482,58453,15,1840,1168,23
483,58541,15,1850,1178,23
484,58647,17,1852,1174,28
485,58756,15,1859,1176,33
486,58857,15,1866,1176,35
487,59008,14,1868,1177,36
488,59093,17,1837,1182,0
489,59186,13,1845,1186,4
490,59268,13,1859,1192,10
491,59344,13,1869,1193,13
492,59425,13,1871,1182,27
493,59522,14,1872,1180,29
494,59606,16,1880,1182,23
495,59713,14,1882,1180,24
496,59800,14,1886,1183,24
497,59906,16,1898,1187,30
498,59976,13,1904,1192,30
499,60139,52,1862,1180,14
500,60249,14,1868,1185,14
501,60357,14,1886,1188,30
502,60466,14,1894,1163,69
503,60575,16,1900,1141,105
504,60676,16,1917,1146,122
505,60790,19,1939,1150,143
506,60902,17,1947,1126,182
507,61013,15,1954,1121,200
508,61218,32,1763,1108,27
509,61339,13,1770,1093,61
510,61430,15,1783,1103,61
511,61535,12,1800,1112,75
512,61636,14,1805,1097,97
513,61753,14,1809,1095,108
514,61848,15,1827,1096,127
515,62021,13,1831,1062,176
516,62205,54,1659,1033,40
517,62314,15,1675,1029,60
518,62439,12,1676,989,112
519,62544,13,1678,962,145
520,62640,12,1686,951,162
521,62740,12,1694,939,190
522,62831,13,1698,940,197
523,62938,13,1707,930,223
524,63038,8,1706,930,223
525,63177,17,1490,928,10
526,63275,11,1500,928,15
527,63374,12,1516,937,21
528,63482,11,1522,941,23
529,63576,11,1532,943,30
530,63688,11,1543,950,32
531,63787,12,1552,954,33
532,63889,12,1568,967,33
533,64000,11,1576,975,33
534,64105,16,1550,982,0
535,64191,13,1565,995,0
536,64284,12,1588,1017,0
537,64357,12,1589,1018,0
538,64454,13,1600,1029,0
539,64562,13,1610,1038,0
540,64667,14,1618,1043,0
541,64759,12,1624,1048,0
542,64874,12,1639,1057,0
543,65039,9,1642,1045,12
544,65130,17,1639,1054,0
545,65210,11,1661,1074,3
546,65312,11,1667,1076,16
547,65415,11,1686,1076,37
548,65509,11,1700,1084,42
549,65612,11,1712,1083,51
550,65721,13,1720,1071,69
551,65802,13,1727,1075,74
552,65918,12,1734,1067,94
553,66011,14,1740,1060,113
554,66162,55,1642,1069,3
555,66255,13,1655,1061,17
556,66337,14,1673,1069,28
557,66451,13,1677,1063,35
558,66550,13,1684,1043,57
559,66646,14,1699,1053,58
560,66739,14,1702,1049,65
561,66827,12,1710,1048,82
562,66927,13,1712,1048,84
563,67030,13,1726,1045,96
564,67198,65,1633,1043,2
565,67298,13,1645,1033,29
566,67390,13,1655,1035,33
567,67493,14,1660,1029,38
568,67597,13,1666,1033,40
569,67688,13,1669,1025,51
570,67794,12,1680,1027,71
571,67896,14,1693,1029,82
572,68148,55,1612,1020,5
573,68252,11,1614,1002,39
574,68362,11,1627,1000,55
575,68468,11,1640,1012,61
576,68564,11,1645,1006,73
577,68646,12,1649,1003,81
578,68750,13,1652,998,91
579,68849,11,1654,997,102
580,68943,14,1656,994,103
581,69101,42,1565,1000,6
582,69192,13,1569,999,12
583,69310,14,1585,991,34
584,69405,12,1592,980,54
585,69507,12,1597,979,71
586,69611,14,1604,981,77
587,69712,14,1613,970,92
588,69803,12,1626,980,98
589,69894,12,1642,973,122
590,69988,12,1650,961,145
591,70141,57,1515,955,9
592,70234,11,1531,969,10
593,70328,12,1546,982,14
594,70425,12,1550,979,14
595,70529,12,1561,976,27
596,70629,12,1564,968,39
597,70735,13,1576,963,62
598,70964,11,1588,960,78
599,71083,30,1516,966,0
600,71170,11,1520,968,0
601,71266,12,1526,971,3
602,71357,12,1540,982,4
603,71456,12,1549,974,24
604,71547,13,1556,973,34
605,71640,14,1563,976,39
606,71744,12,1577,985,42
607,71847,11,1591,986,56
608,71954,12,1599,992,57
609,72090,19,1545,993,0
610,72162,13,1557,1004,1
611,72267,13,1563,1008,3
612,72376,12,1572,1004,24
613,72472,14,1573,994,41
614,72556,12,1577,993,47
615,72661,14,1585,997,49
616,72749,13,1588,996,54
617,72823,13,1595,1001,60
618,72918,13,1610,1013,64
619,73006,12,1620,1000,81
620,73136,45,1539,1000,0
621,73240,11,1544,1000,4
622,73337,12,1548,1000,6
623,73423,12,1554,997,24
624,73660,11,1559,967,65
625,73748,13,1567,965,75
626,73836,12,1573,966,75
627,73945,13,1581,972,77
628,74044,10,1596,970,91
629,74141,19,1517,966,19
630,74241,12,1522,966,26
631,74333,11,1538,971,33
632,74435,11,1543,972,37
633,74539,11,1543,968,44
634,74633,12,1550,962,49
635,74728,14,1554,953,59
636,74829,12,1566,951,74
637,74918,12,1570,947,80
638,75010,14,1580,952,91
639,75161,45,1502,957,1
640,75262,12,1516,969,1
641,75345,11,1520,973,1
642,75437,12,1521,971,7
643,75530,13,1529,970,18
644,75630,15,1543,964,34
645,75744,15,1548,964,38
646,75859,14,1554,964,44
647,75949,12,1565,967,49
648,76150,133,1587,985,52
649,76279,49,1540,981,6
650,76365,15,1544,973,15
651,76454,11,1549,972,24
652,76548,11,1566,988,25
653,76627,15,1568,989,25
654,76726,12,1576,996,25
655,76831,12,1580,991,33
656,76922,12,1588,993,37
657,77050,12,1598,996,47
658,77149,17,1554,998,1
659,77255,12,1566,998,16
660,77350,12,1576,1006,16
661,77455,11,1583,1001,28
662,77530,13,1606,1022,30
663,77624,13,1614,1024,33
664,77718,12,1616,1025,33
665,77819,14,1631,1033,40
666,77914,15,1650,1047,49
667,78018,14,1654,1046,55
668,78153,58,1615,1060,0
669,78258,14,1623,1059,4
670,78345,12,1626,1061,4
671,78434,12,1636,1061,15
672,78529,13,1645,1061,26
673,78758,12,1649,1057,29
674,78844,12,1657,1058,37
675,78943,11,1670,1062,43
676,79028,12,1676,1064,51
677,79165,52,1635,1063,4
678,79246,12,1638,1057,17
679,79339,11,1656,1068,19
680,79433,13,1658,1062,30
681,79529,12,1671,1072,32
682,79619,12,1680,1070,42
683,79711,12,1686,1069,46
684,79810,13,1693,1069,61
685,79915,12,1703,1070,74
686,80017,14,1728,1084,75
687,80166,51,1660,1089,2
688,80255,12,1662,1087,3
689,80346,14,1674,1087,16
690,80446,11,1682,1088,25
691,80542,13,1698,1099,28
692,80631,13,1707,1107,30
693,80887,181,1718,1101,42
694,80981,11,1725,1099,47
695,81132,52,1684,1101,2
696,81215,14,1694,1107,6
697,81299,13,1699,1105,15
698,81396,15,1711,1105,20
699,81494,13,1724,1113,20
700,81581,15,1750,1130,27
701,81690,12,1754,1122,45
702,81778,13,1766,1129,50
703,81873,13,1786,1142,50
704,81966,12,1800,1154,50
705,82103,53,1758,1163,0
706,82188,13,1780,1184,0
707,82278,14,1792,1177,19
708,82365,13,1795,1179,22
709,82469,14,1809,1185,26
710,82556,14,1818,1188,29
711,82657,14,1825,1186,38
712,82749,14,1839,1193,43
713,82831,14,1859,1201,52
714,83089,12,1868,1197,60
715,83190,18,1824,1202,9
716,83295,12,1829,1204,13
717,83391,14,1859,1229,16
718,83476,16,1862,1231,19
719,83561,13,1874,1240,23
720,83650,15,1884,1246,24
721,83731,14,1899,1258,28
722,83831,14,1910,1258,31
723,83926,14,1921,1266,34
724,84006,15,1941,1280,39
725,84123,18,1902,1281,0
726,84208,14,1911,1286,2
727,84308,15,1914,1281,2
728,84416,14,1920,1283,5
729,84523,15,1924,1285,5
730,84605,17,1931,1290,6
731,84696,15,1938,1292,9
732,84793,15,1939,1293,9
733,86502,17,1906,1274,2
734,86600,15,1924,1285,10
735,86685,14,1933,1283,17
736,86773,15,1937,1278,25
737,86853,14,1954,1291,27
738,86939,14,1956,1285,35
739,87032,14,1962,1276,47
740,87159,47,1935,1289,3
741,87257,14,1943,1286,8
742,87361,13,1949,1290,10
743,87462,14,1951,1282,25
744,87562,17,1965,1292,29
745,87660,15,1969,1277,47
746,87755,15,1975,1283,47
747,87848,14,1976,1270,59
748,87922,13,1981,1271,60
749,88010,14,1984,1270,64
750,88204,61,1922,1262,12
751,88291,16,1935,1271,12
752,88372,14,1941,1272,15
753,88466,14,1951,1274,19
754,88549,13,1950,1260,21
755,88634,14,1958,1266,22
756,88726,15,1973,1278,25
757,88825,18,1980,1278,33
758,88941,14,1987,1280,37
759,89031,18,1994,1286,36
760,89161,40,1959,1278,8
761,89247,14,1966,1278,15
762,89346,14,1968,1276,19
763,89445,17,1974,1280,20
764,89540,16,1975,1276,25
765,89644,14,1990,1288,31
766,89748,15,2004,1297,36
767,89841,20,2023,1307,48
768,89953,19,2031,1313,49
769,90166,63,1968,1294,15
770,90258,14,1974,1263,62
771,90368,15,1980,1238,106
772,90473,14,1986,1220,136
773,90579,14,1999,1204,179
774,90671,14,2012,1196,201
775,90771,15,2023,1172,240
776,90864,14,2033,1170,250
777,90964,16,2049,1151,292
778,91059,12,2053,1137,318
779,91198,30,1751,1141,7
780,91327,17,1754,1126,36
781,91426,14,1763,1123,47
782,91523,14,1768,1095,88
783,91635,13,1783,1107,89
784,91749,14,1790,1100,111
785,91842,13,1796,1102,111
786,92001,13,1802,1101,125
787,92161,48,1676,1092,12
788,92263,12,1686,1082,29
789,92364,12,1699,1076,44
790,92501,17,1709,1071,59
791,92599,12,1712,1061,79
792,92694,13,1717,1056,91
793,92782,14,1724,1049,109
794,92875,14,1737,1035,131
795,92963,13,1746,1026,158
796,93145,64,1575,999,12
797,93247,12,1580,974,47
798,93327,12,1590,977,66
799,93419,11,1600,980,74
800,93510,11,1614,976,92
801,93623,15,1624,978,100
802,93732,15,1639,972,123
803,93825,13,1653,968,141
804,93923,13,1663,964,156
805,94013,12,1665,956,168
806,94242,15,1501,962,4
807,94327,11,1511,961,6
808,94423,12,1518,933,52
809,94520,11,1530,928,72
810,94604,12,1546,938,82
811,94699,12,1562,944,85
812,94804,11,1576,939,98
813,94913,15,1594,950,99
814,94990,12,1601,957,99
815,95116,22,1491,932,20
816,95205,11,1502,933,31
817,95297,13,1508,925,48
818,95392,12,1515,922,60
819,95479,11,1530,923,75
820,95562,11,1544,932,82
821,95658,12,1550,931,87
822,95755,12,1558,927,96
823,95852,12,1571,923,114
824,95948,11,1573,925,112
825,96038,10,1578,909,127
826,96266,38,1459,902,23
827,96360,10,1463,902,25
828,96451,11,1475,907,32
829,96545,13,1494,913,44
830,96632,12,1500,914,48
831,96738,12,1513,924,63
832,96816,12,1525,931,69
833,96907,11,1527,928,74
834,97011,13,1534,927,84
835,97160,55,1461,935,4
836,97261,11,1473,935,12
837,97360,11,1498,955,17
838,97448,12,1511,949,35
839,97543,12,1521,937,57
840,97639,12,1543,941,71
841,97728,12,1560,955,72
842,97803,12,1573,967,73
843,97887,11,1576,962,81
844,97979,13,1580,965,82
845,98076,19,1503,970,0
846,98176,14,1520,986,0
847,98262,11,1532,991,4
848,98487,15,1538,977,31
849,98568,11,1548,979,34
850,98658,12,1575,1000,34
851,98753,11,1593,1006,43
852,98865,12,1601,1004,47
853,98962,11,1604,1001,50
854,99097,51,1565,1012,0
855,99199,12,1570,1012,2
856,99295,13,1580,1003,18
857,99400,11,1583,990,36
858,99503,12,1604,1002,47
859,99596,14,1611,1001,54
860,99699,14,1620,985,76
861,99805,13,1648,1013,76
862,99909,13,1653,1012,85
863,100005,13,1667,1023,93
864,100149,54,1587,1027,4
865,100237,14,1607,1032,21
866,100338,12,1615,1035,22
867,100431,13,1631,1038,38
868,100521,13,1635,1033,43
869,100731,12,1636,1015,63
870,100840,22,1647,1021,67
871,100965,16,1651,1024,68
872,101117,51,1592,1031,4
873,101210,13,1607,1037,10
874,101298,14,1615,1034,19
875,101400,13,1619,1026,33
876,101497,12,1624,1020,44
877,101609,12,1632,1019,53
878,101686,12,1642,1028,54
879,101811,12,1650,1024,59
880,101911,12,1654,1021,67
881,102032,13,1662,1022,68
882,102219,69,1599,1017,13
883,102314,13,1617,1028,17
884,102422,13,1626,1022,26
885,102506,13,1633,1014,41
886,102595,14,1642,1019,51
887,102685,13,1649,1020,51
888,102779,14,1670,1029,60
889,102895,13,1681,1026,73
890,102989,13,1690,1029,82
891,103246,30,1619,1029,10
892,103328,12,1637,1043,13
893,103424,13,1641,1043,24
894,103509,11,1663,1046,46
895,103610,12,1670,1052,46
896,103703,12,1678,1046,54
897,103806,14,1689,1051,58
898,103896,12,1697,1057,58
899,103976,14,1700,1049,68
900,104102,40,1636,1033,18
901,104187,13,1638,1031,23
902,104279,12,1642,1027,31
903,104374,13,1657,1026,45
904,104477,13,1684,1043,50
905,104570,11,1688,1035,60
906,104661,14,1696,1037,71
907,104767,13,1701,1033,80
908,104871,14,1715,1042,82
909,104948,13,1728,1047,94
910,105044,10,1744,1055,103
911,105158,20,1663,1070,6
912,105357,124,1678,1073,19
913,105456,11,1695,1086,21
914,105548,11,1711,1094,30
915,105654,12,1732,1104,33
916,105740,12,1740,1111,33
917,105836,14,1748,1112,38
918,105941,13,1761,1115,50
919,106040,10,1765,1118,50
920,106135,17,1726,1125,0
921,106227,12,1747,1143,1
922,106320,13,1758,1151,5
923,106432,12,1765,1155,5
924,106532,15,1784,1169,6
925,106621,14,1791,1172,12
926,106723,14,1803,1180,18
927,106817,14,1807,1176,27
928,106920,13,1810,1179,27
929,107040,14,1815,1171,40
930,107160,21,1779,1174,1
931,107241,13,1781,1168,9
932,107333,14,1790,1163,24
933,107416,14,1800,1173,24
934,107506,13,1805,1170,26
935,107713,139,1806,1168,32
936,107805,12,1814,1153,51
937,107901,16,1830,1162,55
938,108021,16,1847,1171,70
939,108271,81,1779,1168,6
940,108364,14,1793,1168,13
941,108474,16,1798,1169,18
942,108575,17,1802,1167,22
943,108670,14,1809,1174,22
944,108758,13,1818,1183,22
945,108868,14,1827,1184,36
946,108970,14,1843,1195,34
947,109072,18,1796,1184,0
948,109170,15,1799,1186,2
949,109279,15,1817,1193,10
950,109384,14,1833,1204,15
951,109496,14,1838,1201,28
952,109589,15,1857,1213,35
953,109700,17,1857,1211,35
954,109797,14,1859,1209,40
955,109899,15,1865,1210,41
956,110011,15,1875,1208,52
957,110245,142,1837,1217,6
958,110328,14,1841,1214,14
959,110429,12,1853,1225,14
960,110522,13,1863,1231,16
961,110630,13,1865,1225,20
962,110739,14,1879,1226,24
963,110831,14,1884,1230,24
964,110931,14,1893,1230,28
965,111025,14,1908,1239,28
966,111168,44,1883,1241,1
967,111271,18,1888,1240,12
968,111363,15,1904,1241,25
969,111478,15,1926,1259,34
970,111576,16,1928,1258,38
971,111683,16,1950,1276,44
972,111787,17,1953,1273,47
973,111869,15,1955,1264,56
974,111959,15,1967,1273,58
975,112124,66,1912,1278,3
976,112237,16,1920,1281,6
977,112332,16,1926,1283,8
978,112461,22,1940,1286,15
979,112560,19,1949,1295,15
980,112847,20,1966,1299,24
981,112938,13,1977,1304,25
982,113182,166,1992,1317,25
983,113319,57,1968,1310,7
984,113426,15,1976,1305,18
985,113535,17,1979,1299,29
986,113620,15,1984,1298,32
987,113730,15,1991,1297,42
988,113832,15,2000,1297,51
989,113924,15,2007,1294,60
990,114023,16,2013,1300,58
991,114174,53,1966,1300,4
992,114267,16,1966,1288,15
993,114380,30,1985,1305,16
994,114501,19,1996,1298,27
995,114611,19,2005,1303,30
996,114709,20,2014,1303,40
997,114796,18,2016,1297,47
998,114917,17,2027,1308,45
999,115036,26,2033,1314,45
1000,115161,39,1991,1317,0
1001,117051,20,1994,1280,45
1002,117200,38,1950,1279,0
1003,117283,15,1961,1289,1
1004,117379,17,1966,1291,1
1005,117481,13,1971,1286,14
1006,117585,14,1974,1279,18
1007,117701,20,1987,1285,24
1008,117815,14,1993,1287,28
1009,117897,12,2008,1297,34
1010,118001,15,2015,1299,36
1011,118118,20,1989,1304,0
1012,118198,14,2006,1313,4
1013,118293,14,2014,1321,4
1014,118395,19,2021,1324,8
1015,118486,15,2025,1325,11
1016,118585,17,2031,1330,13
1017,118667,17,2043,1337,14
1018,118754,15,2046,1331,23
1019,118849,17,2057,1334,30
1020,118951,19,2080,1355,32
1021,119031,18,2092,1366,32
1022,119193,100,2068,1373,0
1023,119290,16,2074,1372,8
1024,119387,13,2086,1380,11
1025,119499,15,2096,1387,13
1026,119587,17,2100,1387,18
1027,119695,14,2107,1391,21
1028,119790,15,2121,1401,21
1029,119876,15,2127,1404,23
1030,119980,16,2142,1413,26
1031,120121,44,2124,1383,43
1032,120243,16,2129,1365,83
1033,120366,16,2146,1338,141
1034,120493,15,2154,1299,197
1035,120633,24,2171,1310,210
1036,120758,20,2177,1296,239
1037,120872,19,2187,1298,246
1038,120976,16,2194,1286,273
1039,121163,70,1901,1250,21
1040,121274,15,1911,1241,39
1041,121373,14,1929,1242,58
1042,121481,16,1933,1219,90
1043,121642,74,1947,1212,113
1044,121741,14,1965,1184,172
1045,121848,14,1976,1191,174
1046,121969,15,1985,1190,185
1047,122236,52,1803,1180,19
1048,122335,12,1808,1167,36
1049,122435,12,1825,1154,82
1050,122540,12,1844,1169,83
1051,122637,14,1847,1169,85
1052,122736,14,1851,1138,130
1053,122817,13,1854,1130,149
1054,122916,13,1863,1117,173
1055,123018,13,1869,1109,185
1056,123198,73,1680,1105,1
1057,123301,12,1689,1077,45
1058,123397,14,1691,1064,65
1059,123501,13,1698,1064,72
1060,123589,14,1718,1051,103
1061,123690,12,1725,1043,117
1062,123804,12,1728,1043,126
1063,123919,14,1748,1047,147
1064,124032,13,1758,1041,164
1065,124393,76,1611,1003,57
1066,124543,12,1618,987,85
1067,124627,12,1633,968,124
1068,124731,12,1647,964,137
1069,124840,14,1651,959,146
1070,124941,12,1661,943,180
1071,125052,14,1679,956,184
1072,125191,22,1502,943,20
1073,125289,13,1520,953,31
1074,125402,12,1537,953,49
1075,125539,16,1540,935,74
1076,125673,12,1555,925,96
1077,125763,12,1561,907,121
1078,125857,13,1565,909,123
1079,125964,14,1587,911,143
1080,126125,56,1463,927,0
1081,126206,13,1471,918,16
1082,126311,11,1479,918,19
1083,126404,11,1484,918,22
1084,126503,11,1489,902,45
1085,126602,13,1489,890,63
1086,126724,12,1500,888,75
1087,126816,13,1516,889,87
1088,126937,13,1534,886,104
1089,127192,59,1417,875,3
1090,127299,11,1428,866,28
1091,127386,11,1434,864,31
1092,127482,12,1437,852,44
1093,127601,10,1436,837,67
1094,127688,11,1456,853,72
1095,127771,10,1482,874,75
1096,127878,15,1491,867,93
1097,127990,12,1496,867,99
1098,128133,16,1404,872,4
1099,128262,13,1422,870,25
1100,128347,11,1428,875,30
1101,128453,12,1433,874,32
1102,128553,11,1437,869,46
1103,128648,12,1440,865,53
1104,128735,10,1445,861,64
1105,128839,12,1458,868,68
1106,128945,12,1467,870,75
1107,129110,50,1405,879,0
1108,129233,10,1414,869,22
1109,129355,12,1422,859,39
1110,129466,13,1434,860,47
1111,129559,11,1439,863,47
1112,129648,11,1446,860,56
1113,129741,12,1468,866,74
1114,129936,11,1471,845,100
1115,130040,10,1474,844,105
1116,130147,16,1377,842,2
1117,130250,10,1389,847,11
1118,130348,10,1403,855,18
1119,130423,15,1417,859,30
1120,130530,10,1449,875,48
1121,130609,10,1464,890,48
1122,130715,12,1473,897,52
1123,130812,13,1490,907,61
1124,130900,11,1493,904,70
1125,130993,12,1497,903,74
1126,131114,18,1422,900,2
1127,131221,14,1440,910,9
1128,131312,10,1452,905,34
1129,131401,13,1478,921,39
1130,131488,11,1481,922,41
1131,131594,11,1497,924,54
1132,131688,14,1499,925,55
1133,131782,12,1503,926,56
1134,131868,11,1515,929,63
1135,131964,14,1525,928,76
1136,132088,18,1454,920,10
1137,132189,13,1462,911,23
1138,132290,13,1470,916,27
1139,132375,12,1471,912,32
1140,132621,11,1480,905,42
1141,132721,10,1498,917,54
1142,132817,11,1508,918,66
1143,132912,13,1539,934,79
1144,133002,11,1557,941,89
1145,133142,48,1472,944,3
1146,133246,14,1484,948,7
1147,133379,11,1488,931,32
1148,133470,13,1495,934,34
1149,133566,13,1499,932,37
1150,133686,15,1509,932,46
1151,133794,14,1515,932,55
1152,133889,12,1517,927,65
1153,134006,12,1525,931,69
1154,134168,54,1469,942,1
1155,134247,11,1477,931,22
1156,134346,12,1486,931,22
1157,134436,11,1489,931,28
1158,134514,11,1495,934,30
1159,134605,13,1502,941,30
1160,134697,13,1515,951,32
1161,134796,12,1529,943,54
1162,134903,14,1549,945,67
1163,134999,13,1555,946,72
1164,135290,56,1482,943,12
1165,135380,12,1493,951,12
1166,135482,13,1500,955,22
1167,135572,11,1516,960,27
1168,135659,10,1529,967,31
1169,135755,13,1533,965,35
1170,135837,13,1558,981,42
1171,135916,12,1562,969,62
1172,136015,11,1564,967,67
1173,136145,33,1495,964,3
1174,136238,12,1506,970,8
1175,136341,11,1517,970,23
1176,136447,12,1524,969,32
1177,136562,14,1529,970,33
1178,136649,12,1543,981,34
1179,136737,12,1552,985,43
1180,136828,13,1553,982,45
1181,136913,11,1558,983,48
1182,137017,13,1571,995,48
1183,137171,33,1529,989,12
1184,137250,14,1535,990,17
1185,137351,13,1537,987,17
1186,137454,12,1550,990,23
1187,137555,14,1556,991,28
1188,137836,12,1575,1000,30
1189,137943,13,1589,1010,35
1190,138045,11,1593,1011,39
1191,138133,14,1564,1017,2
1192,138230,11,1567,1020,2
1193,138325,12,1572,1024,2
1194,138417,13,1585,1030,10
1195,138489,10,1590,1032,10
1196,138594,12,1596,1033,16
1197,138700,11,1605,1033,19
1198,138790,14,1620,1041,26
1199,138876,12,1633,1049,33
1200,138975,13,1645,1049,47
1201,139123,46,1610,1051,11
1202,139213,12,1616,1056,11
1203,139303,11,1626,1064,15
1204,139403,17,1639,1070,18
1205,139501,14,1648,1063,32
1206,139600,13,1655,1065,37
1207,139691,13,1658,1062,49
1208,139801,13,1660,1060,49
1209,140110,47,1607,1053,12
1210,140216,11,1612,1058,12
1211,140311,11,1618,1059,17
1212,140389,13,1622,1061,20
1213,140489,12,1628,1055,28
1214,140569,12,1630,1055,31
1215,140667,13,1643,1064,34
1216,140755,11,1645,1063,35
1217,140848,11,1649,1061,39
1218,140927,13,1662,1073,40
1219,141023,14,1674,1074,53
1220,141158,39,1631,1079,0
1221,141254,12,1641,1085,0
1222,141346,12,1651,1095,0
1223,141459,12,1660,1093,10
1224,141573,12,1666,1094,18
1225,141676,12,1668,1091,20
1226,141760,13,1681,1102,20
1227,141842,12,1698,1110,25
1228,141932,14,1702,1111,26
1229,142208,9,1706,1109,33
1230,142307,19,1691,1119,5
1231,142401,13,1694,1114,11
1232,142475,12,1704,1121,8
1233,142572,12,1707,1119,13
1234,142671,13,1711,1123,13
1235,142786,16,1720,1130,13
1236,142896,13,1724,1128,20
1237,142985,13,1739,1138,24
1238,143107,37,1729,1145,0
1239,143214,12,1737,1152,1
1240,143286,12,1760,1175,1
1241,143379,12,1768,1173,1
1242,143463,13,1789,1190,4
1243,143551,13,1806,1206,6
1244,143638,14,1823,1218,13
1245,143714,14,1823,1214,17
1246,143805,12,1836,1221,19
1247,143918,14,1844,1216,29
1248,144158,148,1850,1218,34
1249,144298,38,1815,1210,5
1250,144387,15,1834,1222,12
1251,144489,13,1838,1217,19
1252,144581,13,1843,1220,23
1253,144673,12,1846,1220,28
1254,144762,13,1848,1218,30
1255,144843,12,1865,1228,35
1256,144946,14,1873,1236,35
1257,145036,11,1873,1232,40
1258,145138,18,1840,1231,8
1259,145245,13,1843,1232,12
1260,145351,12,1860,1249,12
1261,145455,14,1863,1252,12
1262,145525,15,1867,1256,12
1263,145604,13,1889,1277,12
1264,145688,14,1898,1286,12
1265,145783,14,1910,1298,12
1266,145870,15,1923,1311,12
1267,145954,16,1923,1311,12
1268,147658,15,1898,1278,7
1269,147765,13,1899,1271,12
1270,147863,13,1901,1271,18
1271,147959,13,1905,1268,26
1272,148034,11,1915,1275,29
1273,148139,17,1893,1276,11
1274,148236,15,1896,1277,12
1275,148323,13,1899,1272,18
1276,148403,13,1900,1270,19
1277,148487,14,1905,1274,23
1278,148576,13,1910,1277,24
1279,148647,13,1921,1286,25
1280,148736,15,1925,1288,29
1281,148838,14,1928,1288,31
1282,148938,15,1936,1294,31
1283,149035,13,1954,1307,36
1284,149159,19,1935,1317,0
1285,149279,16,1940,1320,0
1286,149438,19,1948,1315,13
1287,149538,31,1951,1310,18
1288,149658,12,1954,1307,20
1289,149731,13,1967,1316,22
1290,149823,15,1978,1324,22
1291,149891,14,1989,1330,23
1292,149969,15,2007,1341,27
1293,150121,24,1967,1333,0
1294,150243,13,1974,1322,33
1295,150355,14,1991,1292,90
1296,150465,14,1998,1275,114
1297,150577,14,2008,1276,120
1298,150673,13,2014,1279,123
1299,150776,16,2022,1250,164
1300,150879,15,2023,1237,179
1301,150986,16,2032,1224,208
1302,151147,45,1817,1219,0
1303,151255,15,1827,1209,24
1304,151420,12,1850,1197,59
1305,151517,13,1860,1195,71
1306,151609,14,1867,1187,87
1307,151717,13,1873,1183,93
1308,151817,14,1885,1170,118
1309,151911,12,1888,1153,142
1310,152012,13,1888,1132,169
1311,152184,55,1714,1131,0
1312,152286,15,1721,1134,5
1313,152365,12,1729,1127,31
1314,152467,13,1733,1124,39
1315,152562,12,1743,1102,76
1316,152660,12,1748,1093,89
1317,152749,13,1760,1078,115
1318,152855,13,1775,1078,134
1319,152953,13,1792,1095,137
1320,153046,11,1806,1088,160
1321,153183,19,1649,1085,3
1322,153273,14,1661,1082,19
1323,153432,76,1679,1069,58
1324,153524,11,1683,1072,58
1325,153631,13,1688,1070,68
1326,153737,12,1694,1065,78
1327,153845,13,1710,1058,101
1328,153940,12,1714,1056,107
1329,154041,9,1715,1042,123
1330,154144,18,1606,1055,0
1331,154248,12,1612,1040,23
1332,154340,12,1616,1037,27
1333,154439,14,1628,1036,44
1334,154534,12,1636,1026,62
1335,154623,12,1640,1018,73
1336,154718,15,1652,1014,86
1337,154831,13,1659,973,142
1338,154951,14,1666,980,142
1339,155040,9,1675,972,156
1340,155157,16,1532,976,8
1341,155243,11,1533,958,32
1342,155333,12,1536,958,35
1343,155498,77,1545,958,47
1344,155589,11,1567,976,51
1345,155685,12,1576,966,72
1346,155773,12,1588,968,73
1347,155879,14,1604,965,96
1348,155962,12,1609,958,108
1349,156118,48,1497,958,3
1350,156235,12,1501,960,5
1351,156343,12,1502,940,28
1352,156437,11,1524,955,34
1353,156529,11,1529,942,53
1354,156642,13,1540,941,59
1355,156733,14,1545,942,62
1356,156840,13,1555,946,67
1357,156949,11,1564,947,72
1358,157045,10,1582,959,74
1359,157140,20,1514,957,6
1360,157248,15,1520,959,9
1361,157363,11,1529,959,16
1362,157448,12,1541,958,30
1363,157532,12,1556,967,33
1364,157699,11,1561,954,55
1365,157782,11,1567,950,69
1366,157881,10,1575,954,72
1367,157969,11,1583,959,74
1368,158131,58,1522,965,4
1369,158220,13,1542,981,5
1370,158324,11,1551,978,21
1371,158415,12,1554,980,24
1372,158536,16,1564,977,35
1373,158666,13,1571,967,53
1374,158757,11,1577,960,61
1375,158845,12,1591,969,62
1376,158934,13,1596,957,81
1377,159024,12,1605,964,82
1378,159151,46,1524,962,3
1379,159243,11,1527,954,19
1380,159348,12,1530,941,40
1381,159446,11,1546,946,50
1382,159543,11,1547,930,67
1383,159642,13,1552,929,71
1384,159856,103,1560,922,85
1385,159957,10,1569,921,100
1386,160035,9,1581,917,110
1387,160222,54,1477,903,26
1388,160315,13,1499,924,27
1389,160428,10,1511,935,27
1390,160505,11,1517,933,40
1391,160593,10,1526,934,44
1392,160690,11,1534,928,60
1393,160778,11,1544,935,60
1394,160869,11,1571,957,63
1395,160969,13,1571,950,70
1396,161131,31,1510,939,21
1397,161235,11,1515,926,40
1398,161328,11,1520,924,46
1399,161411,12,1543,934,48
1400,161519,13,1555,939,53
1401,161601,14,1575,951,53
1402,161701,10,1584,954,57
1403,161792,12,1599,963,64
1404,161891,12,1604,961,70
1405,161998,14,1616,967,76
1406,162320,81,1517,947,7
1407,162451,16,1530,956,10
1408,162540,11,1535,961,10
1409,162621,11,1561,978,11
1410,162713,12,1570,980,18
1411,162821,12,1577,985,23
1412,162912,12,1581,984,26
1413,163028,17,1585,978,35
1414,163163,43,1565,987,5
1415,163273,14,1574,982,17
1416,163368,16,1580,983,24
1417,163470,16,1591,988,31
1418,163575,15,1607,996,38
1419,163678,13,1630,1012,43
1420,163766,12,1643,1022,46
1421,163862,12,1653,1023,54
1422,163959,13,1660,1024,59
1423,164046,10,1664,1010,78
1424,164158,20,1596,1002,17
1425,164246,13,1600,997,29
1426,164471,12,1606,994,39
1427,164555,13,1608,991,43
1428,164661,19,1623,997,47
1429,164771,13,1632,1001,50
1430,164869,13,1636,999,56
1431,164934,12,1672,1019,69
1432,165017,11,1681,1022,74
1433,165175,54,1617,1029,0
1434,165261,11,1620,1032,0
1435,165365,13,1639,1049,4
1436,165472,17,1653,1048,16
1437,165572,16,1676,1060,33
1438,165675,14,1684,1060,47
1439,165780,12,1689,1057,52
1440,165876,15,1695,1059,52
1441,165972,13,1711,1072,55
1442,166150,62,1674,1077,12
1443,166255,15,1678,1076,16
1444,166341,12,1683,1073,23
1445,166427,14,1698,1085,26
1446,166523,14,1704,1089,32
1447,166625,15,1719,1104,30
1448,166864,135,1728,1104,34
1449,166941,12,1737,1105,42
1450,167032,15,1746,1101,57
1451,167149,19,1701,1100,10
1452,167252,14,1717,1114,10
1453,167351,13,1728,1115,16
1454,167445,13,1742,1116,22
1455,167536,14,1755,1118,24
1456,167628,13,1761,1119,26
1457,167730,13,1768,1124,26
1458,167843,14,1775,1126,29
1459,167951,12,1785,1128,40
1460,168021,12,1789,1126,44
1461,168127,34,1740,1114,8
1462,168216,17,1745,1117,9
1463,168320,13,1753,1111,20
1464,168428,13,1762,1104,32
1465,168539,15,1773,1111,34
1466,168647,14,1778,1110,43
1467,168749,16,1787,1109,50
1468,168851,17,1789,1109,54
1469,168940,16,1812,1120,63
1470,169294,56,1764,1122,8
1471,169384,13,1774,1125,17
1472,169502,12,1781,1113,36
1473,169596,13,1802,1122,45
1474,169705,16,1806,1114,62
1475,169797,13,1815,1117,68
1476,169881,14,1820,1113,78
1477,169957,13,1843,1136,78
1478,170084,17,1773,1139,4
1479,170177,13,1783,1132,22
1480,170257,13,1796,1141,25
1481,170356,13,1820,1158,28
1482,170438,14,1835,1167,37
1483,170529,14,1848,1178,37
1484,170642,14,1857,1180,43
1485,170742,14,1862,1179,47
1486,170846,15,1872,1184,51
1487,170938,14,1882,1187,59
1488,171040,10,1893,1193,65
1489,171149,19,1835,1190,4
1490,171239,16,1847,1197,8
1491,171327,16,1853,1201,8
1492,171532,17,1870,1195,40
1493,171643,15,1873,1195,40
1494,171736,12,1877,1186,58
1495,171825,12,1880,1185,62
1496,171909,13,1890,1190,72
1497,172004,14,1895,1179,88
1498,172171,70,1808,1181,0
1499,172255,12,1822,1191,1
1500,172353,14,1831,1191,3
1501,172452,15,1834,1189,7
1502,172552,13,1839,1188,15
1503,172645,14,1840,1184,18
1504,172742,16,1846,1186,22
1505,172826,16,1859,1194,28
1506,172920,13,1862,1191,35
1507,173036,18,1871,1190,41
1508,173187,67,1836,1193,1
1509,173276,15,1844,1198,1
1510,173374,14,1848,1199,3
1511,173456,14,1861,1208,3
1512,173540,14,1886,1225,6
1513,173741,126,1897,1234,6
1514,173834,13,1898,1222,19
1515,173937,13,1906,1223,22
1516,174030,14,1906,1215,31
1517,174156,47,1879,1218,0
1518,174246,13,1892,1221,8
1519,174344,14,1909,1232,11
1520,174454,17,1914,1229,14
1521,174556,15,1929,1240,14
1522,174653,14,1943,1250,17
1523,174761,14,1945,1251,24
1524,174873,14,1951,1249,25
1525,174959,14,1958,1246,34
1526,175053,11,1981,1264,39
1527,175138,23,1944,1259,9
1528,175225,17,1946,1260,9
1529,175307,16,1955,1261,17
1530,175404,17,1958,1262,24
1531,175492,14,1963,1260,34
1532,175584,15,1971,1261,38
1533,175694,14,1972,1257,43
1534,175799,15,1977,1260,45
1535,176023,132,1984,1258,49
1536,176145,32,1945,1261,4
1537,176244,13,1953,1268,4
1538,176322,15,1979,1292,4
1539,176435,15,1993,1305,4
1540,176529,13,2000,1312,4
1541,176625,13,2007,1318,4
1542,176705,14,2016,1324,4
1543,176780,16,2028,1336,4
1544,176874,14,2037,1345,4
1545,176976,16,2054,1359,4
1546,177072,20,2051,1360,0
1547,177163,15,2053,1362,0
1548,177253,14,2068,1377,0
1549,177344,15,2074,1383,0
1550,177422,15,2085,1393,0
1551,177500,15,2086,1394,0
1552,177589,15,2092,1397,2
1553,177699,18,2098,1391,13
1554,177782,17,2099,1387,18
1555,177887,15,2099,1378,26
1556,177999,15,2102,1372,37
1557,178263,180,2069,1366,8
1558,178353,15,2084,1378,9
1559,178458,22,2100,1388,16
1560,178542,16,2105,1386,26
1561,178637,17,2119,1395,29
1562,178726,17,2133,1398,38
1563,178825,16,2138,1393,46
1564,178927,15,2148,1398,50
1565,179011,15,2152,1396,56
1566,179146,40,2098,1392,7
1567,179239,15,2106,1395,11
1568,179331,15,2112,1398,15
1569,179426,15,2125,1409,18
1570,179545,16,2130,1410,18
1571,179661,17,2134,1406,26
1572,179751,17,2141,1408,30
1573,179848,16,2143,1408,32
1574,179934,16,2153,1409,36
1575,180023,20,2173,1415,52
1576,180153,39,2127,1400,25
1577,180271,15,2134,1382,62
1578,180518,149,2150,1383,76
1579,180638,17,2160,1310,178
1580,180747,15,2167,1291,200
1581,180876,16,2185,1265,239
1582,181007,16,2195,1244,282
1583,181249,101,1916,1235,20
1584,181379,14,1927,1230,40
1585,181487,15,1937,1223,60
1586,181593,13,1942,1213,76
1587,181699,13,1952,1205,93
1588,181801,16,1964,1179,130
1589,181915,21,1981,1185,138
1590,182051,13,1993,1175,158
1591,182196,23,1840,1154,21
1592,182290,12,1866,1147,66
1593,182380,13,1875,1154,72
1594,182487,18,1888,1152,90
1595,182598,13,1890,1133,120
1596,182711,13,1899,1134,126
1597,182836,14,1910,1132,141
1598,182944,14,1913,1123,156
1599,184661,17,1923,927,421
1600,184885,45,1489,905,14
1601,184971,12,1494,897,23
1602,185093,28,1477,902,1
1603,185193,10,1485,902,6
1604,185292,12,1488,901,12
1605,185379,10,1497,883,43
1606,185475,11,1502,874,53
1607,185576,11,1511,861,76
1608,185676,10,1519,858,90
1609,185804,12,1545,877,95
1610,185922,12,1554,868,116
1611,186033,17,1557,867,122
1612,186194,58,1441,846,27
1613,186286,11,1451,844,42
1614,186365,11,1462,840,54
1615,186455,11,1470,835,67
1616,186558,12,1479,831,84
1617,186648,12,1494,837,86
1618,186745,12,1503,840,95
1619,186852,13,1512,828,123
1620,186964,11,1523,825,135
1621,187106,67,1530,816,150
1622,187213,12,1410,822,15
1623,187307,10,1420,827,20
1624,187405,11,1423,816,28
1625,187493,11,1424,812,31
1626,187582,11,1438,812,45
1627,187671,11,1446,819,47
1628,187763,11,1448,807,60
1629,187860,11,1459,814,62
1630,187958,11,1479,818,81
1631,188114,52,1392,813,1
1632,188210,10,1408,820,6
1633,188308,11,1428,831,18
1634,188437,13,1431,813,48
1635,188564,10,1442,818,50
1636,188650,11,1455,825,57
1637,188731,11,1458,825,59
1638,188840,12,1467,820,75
1639,188919,12,1491,840,76
1640,189028,15,1504,839,91
1641,189138,15,1413,826,13
1642,189235,10,1416,825,21
1643,189329,11,1425,830,21
1644,189423,13,1431,818,49
1645,189514,10,1430,818,49
1646,189735,10,1446,822,55
1647,189847,11,1459,830,59
1648,189964,11,1463,828,69
1649,190106,37,1394,832,0
1650,190194,12,1399,824,17
1651,190265,9,1400,819,27
1652,190362,12,1411,819,42
1653,190435,10,1414,817,44
1654,190521,12,1420,818,50
1655,190598,11,1437,831,51
1656,190699,11,1441,833,57
1657,190776,11,1452,840,61
1658,190892,11,1459,843,67
1659,190989,12,1465,843,77
1660,191115,35,1385,831,9
1661,191202,10,1396,833,15
1662,191297,14,1402,826,33
1663,191399,11,1413,828,40
1664,191478,10,1415,828,41
1665,191586,11,1428,833,46
1666,191679,13,1437,837,49
1667,191777,13,1464,846,57
1668,191856,13,1486,858,74
1669,191956,12,1499,857,84
1670,192112,57,1418,860,0
1671,192310,10,1427,861,7
1672,192394,10,1443,866,18
1673,192479,10,1446,861,24
1674,192568,10,1449,860,25
1675,192656,10,1460,860,42
1676,192751,10,1470,861,43
1677,192862,12,1474,859,49
1678,192944,12,1481,852,69
1679,193026,13,1502,867,70
1680,193148,34,1439,868,7
1681,193239,11,1466,886,13
1682,193313,13,1477,891,16
1683,193418,11,1485,897,20
1684,193510,10,1491,897,24
1685,193612,10,1498,893,38
1686,193705,11,1510,895,44
1687,193789,12,1518,903,42
1688,193895,11,1524,901,45
1689,193998,13,1538,903,56
1690,194109,19,1497,901,18
1691,194197,13,1508,905,25
1692,194284,12,1518,906,37
1693,194371,13,1530,917,37
1694,194458,11,1533,920,37
1695,194559,13,1543,923,40
1696,194726,102,1543,919,46
1697,194836,12,1560,916,55
1698,194926,13,1584,939,56
1699,195035,19,1591,936,69
1700,195162,48,1530,923,27
1701,195241,13,1539,927,28
1702,195340,12,1545,919,44
1703,195430,11,1559,927,53
1704,195494,11,1567,932,59
1705,195595,13,1573,935,64
1706,195680,12,1590,945,69
1707,195759,11,1618,967,69
1708,195850,12,1641,985,74
1709,195960,12,1653,982,78
1710,196114,53,1580,978,3
1711,196200,13,1581,974,6
1712,196282,12,1593,976,24
1713,196395,16,1606,974,36
1714,196479,12,1612,979,40
1715,196570,12,1618,982,49
1716,196675,14,1624,979,57
1717,196760,13,1628,981,60
1718,196853,13,1630,983,60
1719,196941,11,1635,986,65
1720,197035,21,1643,991,68
1721,197304,186,1604,1000,25
1722,197406,12,1616,990,45
1723,197496,11,1630,1000,49
1724,197586,12,1646,1013,50
1725,197679,13,1650,1012,52
1726,197776,12,1670,1020,56
1727,197846,12,1674,1023,58
1728,197950,12,1678,1025,62
1729,198042,13,1691,1026,74
1730,198152,17,1631,1036,3
1731,198266,13,1638,1037,9
1732,198365,12,1648,1035,17
1733,198448,15,1655,1038,17
1734,198537,11,1658,1041,17
1735,198632,13,1665,1042,26
1736,198737,13,1672,1047,26
1737,198836,13,1680,1053,26
1738,198935,12,1691,1060,30
1739,199023,13,1699,1064,30
1740,199137,40,1671,1066,0
1741,199234,12,1686,1077,3
1742,199323,15,1724,1111,6
1743,199424,16,1734,1113,21
1744,199525,15,1742,1115,26
1745,199618,14,1744,1110,34
1746,199841,12,1760,1098,61
1747,199936,12,1775,1107,71
1748,200015,12,1787,1117,71
1749,200191,40,1717,1111,9
1750,200277,15,1729,1117,18
1751,200374,14,1738,1124,20
1752,200457,12,1744,1124,26
1753,200587,13,1747,1118,34
1754,200674,13,1747,1113,42
1755,200774,13,1751,1113,45
1756,200860,14,1753,1105,58
1757,200951,12,1758,1109,60
1758,201050,11,1763,1113,57
1759,201132,15,1716,1115,9
1760,201238,12,1723,1119,9
1761,201340,16,1726,1111,20
1762,201430,13,1745,1129,20
1763,201527,13,1750,1132,20
1764,201618,13,1756,1130,24
1765,201709,14,1772,1137,29
1766,201793,13,1793,1152,33
1767,201877,16,1800,1159,33
1768,201982,13,1806,1160,42
1769,202225,34,1762,1152,7
1770,202321,14,1767,1139,26
1771,202406,14,1772,1138,33
1772,202498,12,1774,1129,44
1773,202576,13,1780,1125,57
1774,202671,12,1782,1119,60
1775,202750,13,1786,1120,65
1776,202820,13,1787,1117,68
1777,202897,14,1803,1124,75
1778,202985,13,1808,1130,77
1779,203138,60,1736,1137,2
1780,203221,13,1750,1150,2
1781,203307,13,1757,1152,10
1782,203413,14,1767,1154,15
1783,203512,14,1772,1143,36
1784,203604,12,1785,1143,49
1785,203699,12,1788,1144,49
1786,203802,14,1796,1146,49
1787,203897,13,1807,1154,50
1788,203975,14,1824,1170,50
1789,204098,17,1779,1173,3
1790,204182,13,1789,1183,3
1791,204259,14,1803,1196,3
1792,204332,13,1810,1202,3
1793,204544,12,1827,1201,22
1794,204626,13,1837,1207,30
1795,204729,13,1842,1201,37
1796,204826,14,1850,1204,40
1797,204928,12,1867,1217,46
1798,205022,14,1881,1226,50
1799,205142,38,1845,1237,4
1800,205223,14,1845,1234,8
1801,205310,13,1853,1241,11
1802,205393,12,1866,1242,20
1803,205493,14,1880,1255,20
1804,205581,14,1885,1251,27
1805,205679,14,1894,1254,29
1806,205758,14,1904,1263,29
1807,205869,15,1910,1263,34
1808,205975,18,1923,1274,36
1809,206073,12,1928,1277,39
1810,206221,52,1896,1268,14
1811,206308,15,1898,1272,11
1812,206402,14,1913,1276,18
1813,206497,15,1926,1285,20
1814,206595,14,1929,1283,28
1815,206691,15,1940,1289,38
1816,206894,14,1956,1303,44
1817,206996,13,1959,1302,47
1818,207097,31,1935,1321,2
1819,207200,14,1945,1320,6
1820,207286,13,1958,1325,13
1821,207393,14,1966,1329,15
1822,207471,14,1970,1331,15
1823,207568,16,1986,1343,12
1824,207679,15,1995,1346,18
1825,207773,14,2000,1342,25
1826,207872,15,2024,1365,25
1827,207961,14,2030,1364,32
1828,208078,18,1995,1360,0
1829,208162,14,2009,1373,0
1830,208256,15,2016,1380,0
1831,208364,15,2021,1383,3
1832,208467,14,2024,1381,9
1833,208555,13,2027,1379,17
1834,208640,16,2036,1384,22
1835,208737,16,2036,1377,28
1836,208842,15,2048,1384,28
1837,208957,16,2056,1384,30
1838,209194,18,2024,1378,4
1839,209288,14,2027,1371,11
1840,209370,15,2042,1380,18
1841,209457,14,2047,1381,20
1842,209549,14,2052,1383,22
1843,209668,17,2059,1386,23
1844,209767,13,2066,1391,26
1845,209855,16,2067,1391,28
1846,209943,16,2073,1394,28
1847,210087,36,2043,1375,23
1848,210187,14,2062,1390,26
1849,210299,19,2073,1363,73
1850,210399,15,2081,1360,86
1851,210508,15,2101,1377,86
1852,210631,16,2106,1354,116
1853,210722,15,2109,1332,152
1854,210830,17,2117,1311,187
1855,210952,19,2125,1296,217
1856,211109,20,1902,1274,12
1857,211223,14,1904,1266,20
1858,211322,13,1917,1253,45
1859,211535,13,1919,1218,92
1860,211627,14,1938,1230,95
1861,211734,14,1942,1213,129
1862,211839,16,1957,1202,154
1863,211956,17,1972,1192,183
1864,212154,67,1796,1195,1
1865,212266,15,1806,1203,3
1866,212374,13,1818,1198,16
1867,212477,13,1838,1195,51
1868,212571,15,1848,1184,72
1869,212664,13,1854,1176,97
1870,212769,14,1868,1178,113
1871,212870,15,1878,1170,130
1872,212960,15,1883,1168,141
1873,213131,66,1716,1144,0
1874,213235,12,1727,1155,0
1875,213325,15,1740,1168,0
1876,213416,12,1743,1171,0
1877,213528,16,1758,1183,0
1878,213635,12,1767,1192,0
1879,213727,14,1779,1201,0
1880,213819,13,1790,1211,0
1881,213926,15,1801,1222,0
1882,214155,15,1817,1236,0
1883,214251,13,1830,1247,0
1884,214327,13,1834,1250,0
1885,214434,13,1853,1267,0
1886,214541,13,1855,1269,0
1887,214647,15,1878,1290,0
1888,214737,14,1892,1293,9
1889,214833,14,1897,1283,19
1890,214926,14,1910,1295,22
1891,215031,15,1916,1283,34
1892,215148,18,1886,1277,13
1893,215256,14,1891,1273,18
1894,215347,14,1899,1260,43
1895,215445,15,1915,1251,69
1896,215554,14,1928,1248,87
1897,215662,15,1955,1266,96
1898,215749,15,1964,1249,122
1899,215860,14,1966,1220,158
1900,215959,14,1973,1221,156
1901,216057,14,1984,1221,166
1902,216172,20,1828,1215,17
1903,216272,14,1831,1214,23
1904,217872,1508,1847,998,268
1905,218098,97,1591,1003,5
1906,218208,13,1596,998,10
1907,218299,13,1603,987,24
1908,218403,12,1617,994,25
1909,218506,11,1620,981,40
1910,218598,12,1645,995,50
1911,218696,14,1657,989,69
1912,218808,12,1666,991,77
1913,218906,12,1670,991,79
1914,218992,13,1672,988,84
1915,219196,82,1600,990,3
1916,219292,12,1608,968,33
1917,219383,14,1624,972,47
1918,219478,12,1626,959,70
1919,219572,14,1629,949,87
1920,219671,14,1635,951,90
1921,219754,12,1651,964,92
1922,219855,13,1656,968,95
1923,219944,13,1675,977,107
1924,220030,14,1679,976,114
1925,220146,18,1575,980,8
1926,220306,80,1580,975,17
1927,220412,11,1600,987,21
1928,220497,11,1616,1001,20
1929,220586,11,1623,995,36
1930,220662,12,1639,998,45
1931,220738,12,1649,999,55
1932,220840,13,1660,995,77
1933,220936,17,1666,992,86
1934,221041,11,1670,993,86
1935,221149,16,1590,990,13
1936,221242,12,1604,988,32
1937,221347,12,1608,976,47
1938,221436,12,1622,977,56
1939,221537,15,1625,976,61
1940,221629,12,1633,981,65
1941,221726,13,1633,970,77
1942,221826,13,1647,969,106
1943,221913,12,1647,961,118
1944,222010,13,1661,970,128
1945,222145,56,1537,968,5
1946,222241,12,1547,976,5
1947,222353,14,1557,965,27
1948,222459,12,1564,964,35
1949,222541,13,1575,960,53
1950,222649,12,1580,961,53
1951,222844,15,1584,954,63
1952,222964,15,1595,957,77
1953,223103,53,1534,971,2
1954,223196,12,1541,960,24
1955,223283,13,1546,955,33
1956,223365,12,1564,963,48
1957,223462,11,1572,966,51
1958,223553,13,1578,961,61
1959,223642,11,1584,961,65
1960,223731,12,1587,958,74
1961,223823,12,1596,958,78
1962,223896,12,1605,953,82
1963,223978,14,1625,965,90
1964,224136,23,1538,952,14
1965,224250,11,1552,962,18
1966,224354,12,1561,961,34
1967,224433,12,1573,966,38
1968,224528,12,1593,977,42
1969,224630,14,1610,983,57
1970,224723,14,1624,994,57
1971,224809,12,1630,992,63
1972,224919,13,1635,991,66
1973,225003,13,1640,990,80
1974,225142,48,1567,993,3
1975,225308,11,1586,1008,11
1976,225404,11,1591,1010,15
1977,225490,12,1594,1010,18
1978,225591,13,1608,1018,26
1979,225681,14,1619,1017,36
1980,225770,13,1632,1026,37
1981,225861,11,1644,1034,44
1982,225966,13,1657,1038,51
1983,226049,10,1661,1038,54
1984,226141,20,1618,1042,2
1985,226238,13,1621,1039,9
1986,226333,12,1628,1042,13
1987,226418,13,1639,1046,18
1988,226530,11,1644,1031,51
1989,226624,12,1645,1024,58
1990,226715,13,1658,1029,63
1991,226814,13,1665,1029,73
1992,226898,12,1668,1031,73
1993,226989,14,1672,1033,74
1994,227130,63,1598,1031,0
1995,227221,13,1613,1046,0
1996,227312,12,1623,1055,0
1997,227423,13,1634,1054,10
1998,227527,13,1637,1051,19
1999,227693,11,1640,1042,33
2000,227793,11,1647,1048,33
2001,227880,11,1657,1049,44
2002,227968,11,1662,1038,60
2003,228040,9,1678,1040,69
2004,228150,20,1621,1043,7
2005,228246,12,1625,1044,11
2006,228340,12,1640,1050,18
2007,228418,12,1651,1060,18
2008,228520,11,1656,1054,19
2009,228615,11,1679,1072,22
2010,228710,12,1687,1076,26
2011,228796,12,1694,1081,28
2012,228911,17,1705,1073,39
2013,229023,14,1716,1078,52
2014,229190,56,1671,1076,9
2015,229283,14,1676,1077,12
2016,229380,13,1686,1081,19
2017,229463,16,1696,1086,23
2018,229557,13,1713,1096,23
2019,229654,20,1721,1103,25
2020,229778,13,1723,1105,24
2021,229862,13,1725,1104,25
2022,229960,14,1740,1112,30
2023,230227,24,1705,1106,6
2024,230338,20,1707,1096,17
2025,230446,12,1711,1089,34
2026,230526,12,1714,1086,39
2027,230631,17,1720,1084,48
2028,230727,17,1735,1096,49
2029,230839,15,1747,1100,51
2030,230942,14,1758,1102,55
2031,231040,10,1759,1107,50
2032,231143,22,1716,1106,11
2033,231240,13,1738,1117,17
2034,231339,13,1752,1128,17
2035,231436,13,1765,1133,24
2036,231560,13,1766,1122,38
2037,231671,14,1775,1126,40
2038,231761,13,1781,1114,61
2039,231871,14,1796,1119,69
2040,231966,13,1801,1108,95
2041,232076,17,1711,1112,0
2042,232173,14,1721,1120,0
2043,232272,13,1727,1123,3
2044,232366,14,1746,1137,7
2045,232466,13,1749,1137,10
2046,232683,126,1754,1128,12
2047,232777,12,1779,1136,27
2048,232896,12,1788,1144,29
2049,232994,14,1790,1140,36
2050,233108,18,1758,1144,0
2051,233195,13,1766,1146,5
2052,233299,16,1776,1152,10
2053,233392,14,1778,1153,11
2054,233480,15,1788,1157,18
2055,233572,14,1791,1158,20
2056,233657,13,1808,1167,26
2057,233747,14,1816,1168,36
2058,233849,15,1836,1176,44
2059,233942,13,1844,1179,47
2060,234101,53,1864,1209,30
2061,234225,40,1814,1192,3
2062,234306,15,1823,1198,4
2063,234410,15,1830,1199,10
2064,234522,17,1835,1204,10
2065,234616,14,1844,1203,15
2066,234710,16,1845,1195,26
2067,234805,17,1857,1203,30
2068,234928,22,1862,1202,37
2069,235179,151,1873,1205,43
2070,235335,67,1834,1190,26
2071,235447,15,1840,1190,36
2072,235531,14,1852,1199,37
2073,235624,13,1862,1198,45
2074,235717,13,1873,1204,46
2075,235814,14,1878,1203,49
2076,235907,13,1884,1203,54
2077,236009,15,1890,1205,55
2078,236126,19,1848,1214,4
2079,236240,16,1857,1211,11
2080,236346,14,1880,1231,13
2081,236449,21,1898,1244,19
2082,236571,14,1912,1247,20
2083,236676,15,1919,1248,27
2084,236826,15,1924,1249,33
2085,236923,13,1927,1247,38
2086,237028,16,1953,1262,48
2087,237178,58,1917,1262,15
2088,237273,14,1928,1263,25
2089,237366,18,1933,1258,28
2090,237460,16,1940,1258,31
2091,237578,16,1951,1263,34
2092,237875,16,1962,1243,54
2093,238012,15,1984,1244,75
2094,238165,55,1912,1239,0
2095,238260,18,1927,1252,1
2096,238354,23,1938,1253,14
2097,238463,15,1945,1253,22
2098,238578,15,1950,1256,23
2099,238679,15,1957,1260,25
2100,238781,15,1965,1266,27
2101,238879,15,1968,1257,35
2102,238993,17,1996,1273,35
2103,239116,23,1958,1271,0
2104,239223,16,1964,1271,1
2105,239320,16,1977,1271,7
2106,239419,25,1981,1271,12
2107,239520,14,1989,1264,23
2108,239629,17,1997,1269,24
2109,239753,20,2004,1269,34
2110,239926,19,2012,1270,44
2111,240071,22,2019,1257,65
2112,240222,24,1958,1226,50
2113,240583,54,1979,1135,186
2114,240718,16,1985,1104,231
2115,240843,33,2000,1095,256
2116,240973,14,2006,1076,290
2117,241156,48,1716,1061,12
2118,241276,13,1726,1052,26
2119,241372,12,1729,1040,50
2120,241482,13,1741,1046,54
2121,241579,13,1749,1052,55
2122,241676,14,1763,1051,78
2123,241787,14,1767,1032,105
2124,241889,13,1789,1040,122
2125,241989,13,1810,1030,163
2126,242131,18,1640,1012,12
2127,242240,12,1660,1006,45
2128,242356,19,1673,1002,57
2129,242467,14,1684,999,70
2130,242609,13,1689,983,101
2131,242700,13,1705,980,127
2132,242812,13,1718,983,138
2133,242908,13,1731,973,157
2134,243023,19,1733,970,162
2135,243313,56,1583,964,22
2136,243415,11,1590,961,36
2137,243509,12,1594,950,51
2138,243599,12,1613,966,58
2139,243706,12,1618,963,65
2140,243815,11,1624,952,83
2141,243921,11,1643,957,101
2142,244016,13,1651,963,101
2143,244177,49,1561,962,13
2144,244278,15,1571,950,35
2145,244398,15,1581,955,40
2146,244481,12,1590,948,65
2147,244587,12,1595,942,74
2148,244684,12,1604,945,77
2149,244795,12,1614,948,83
2150,244890,12,1622,941,97
2151,245016,15,1625,941,100
2152,245181,63,1537,938,24
2153,245287,13,1553,933,48
2154,245405,13,1567,928,69
2155,245490,14,1588,931,87
2156,245614,12,1592,911,113
2157,245710,12,1599,901,130
2158,245886,11,1609,900,137
2159,245982,12,1613,890,152
2160,246115,15,1471,899,7
2161,246198,12,1473,899,13
2162,246296,11,1488,904,27
2163,246374,11,1494,900,40
2164,246461,11,1496,902,40
2165,246579,16,1508,910,40
2166,246669,11,1519,921,40
2167,246789,15,1527,928,40
2168,246888,13,1529,931,37
2169,246965,13,1547,949,37
2170,247045,9,1565,970,33
2171,247141,13,1531,968,0
2172,247253,13,1539,975,0
2173,247354,12,1547,983,0
2174,247457,12,1552,987,0
2175,247549,12,1553,988,0
2176,247654,12,1569,1002,0
2177,247752,12,1585,1016,0
2178,247854,13,1591,1021,0
2179,247972,13,1599,1021,11
2180,248101,24,1598,1026,0
2181,248178,13,1611,1020,22
2182,249675,1410,1619,932,129
2183,250131,16,1474,869,59
2184,250244,15,1429,873,10
2185,250359,11,1437,877,11
2186,250441,10,1439,876,16
2187,250528,11,1447,882,16
2188,250637,11,1464,883,35
2189,250725,14,1476,890,44
2190,250831,11,1502,908,49
2191,250951,12,1516,899,71
2192,251044,9,1521,901,75
2193,251150,16,1451,903,3
2194,251243,11,1456,903,5
2195,251325,11,1460,879,38
2196,251441,12,1476,890,41
2197,251537,13,1500,894,58
2198,251632,16,1512,901,65
2199,251723,11,1519,899,68
2200,251822,12,1530,905,73
2201,251925,12,1534,899,76
2202,252012,14,1538,898,85
2203,252177,53,1457,906,0
2204,252362,98,1463,902,15
2205,252483,12,1473,900,22
2206,252596,14,1478,897,32
2207,252688,12,1482,898,44
2208,252793,14,1487,903,44
2209,252923,11,1493,888,62
2210,253008,12,1495,888,65
2211,253118,15,1441,897,0
2212,253214,13,1446,892,10
2213,253324,12,1468,905,19
2214,253428,12,1478,906,37
2215,253522,11,1483,905,46
2216,253616,11,1489,908,48
2217,253722,12,1501,915,48
2218,253807,12,1507,919,51
2219,253894,12,1512,914,63
2220,253975,11,1532,930,69
2221,254119,46,1464,933,0
2222,254232,12,1482,932,18
2223,254312,11,1487,936,18
2224,254416,12,1490,931,33
2225,254524,14,1519,949,49
2226,254635,12,1530,953,51
2227,254736,12,1552,967,61
2228,254817,12,1558,960,76
2229,254911,13,1572,964,81
2230,255121,34,1500,960,8
2231,255206,12,1506,966,8
2232,255310,11,1521,976,13
2233,255391,11,1545,979,36
2234,255480,11,1555,984,41
2235,255571,11,1575,992,49
2236,255663,11,1590,1004,53
2237,255764,17,1602,1014,53
2238,255869,16,1604,1015,56
2239,255970,13,1627,1013,76
2240,256125,55,1568,1028,0
2241,256222,13,1577,1025,8
2242,256332,12,1587,1022,25
2243,256451,12,1602,1015,60
2244,256536,13,1609,1014,66
2245,256640,13,1619,1014,71
2246,256739,12,1644,1029,80
2247,256854,12,1651,1029,80
2248,256938,15,1659,1026,83
2249,257039,11,1676,1034,85
2250,257161,21,1610,1050,0
2251,257253,13,1613,1046,4
2252,257353,15,1617,1043,8
2253,257466,13,1622,1038,21
2254,257660,13,1624,1034,31
2255,257750,11,1635,1037,42
2256,257853,13,1641,1018,72
2257,257941,13,1652,1023,75
2258,258030,12,1661,1030,75
2259,258157,49,1589,1024,10
2260,258250,11,1592,1023,10
2261,258354,13,1603,1030,15
2262,258453,11,1619,1033,19
2263,258556,12,1622,1032,26
2264,258656,15,1625,1025,31
2265,258810,23,1633,1025,38
2266,258932,16,1637,1024,46
2267,259017,12,1643,1014,58
2268,259214,78,1585,1009,3
2269,259326,11,1593,1008,9
2270,259426,12,1613,1020,10
2271,259561,12,1621,1014,20
2272,259682,12,1635,1020,25
2273,259772,12,1647,1030,28
2274,259857,13,1647,1024,34
2275,259969,13,1652,1022,40
2276,260113,55,1624,1031,0
2277,260216,14,1634,1040,1
2278,260450,12,1645,1037,15
2279,260566,11,1661,1042,23
2280,260644,12,1668,1048,23
2281,260734,13,1672,1049,25
2282,260820,12,1676,1049,28
2283,260927,13,1688,1053,33
2284,261018,12,1691,1059,29
2285,261174,54,1665,1060,9
2286,261284,14,1676,1062,14
2287,261393,12,1692,1074,17
2288,261535,15,1694,1068,23
2289,261631,13,1708,1074,28
2290,261719,14,1712,1076,30
2291,261828,14,1726,1082,37
2292,261941,16,1734,1083,42
2293,262040,10,1740,1083,48
2294,262169,21,1702,1085,7
2295,262278,12,1707,1079,13
2296,262381,12,1710,1072,22
2297,262478,12,1713,1065,37
2298,262569,13,1719,1061,42
2299,262644,14,1719,1061,42
2300,262742,13,1727,1067,42
2301,262832,14,1740,1071,56
2302,263045,127,1750,1068,76
2303,263195,34,1682,1070,6
2304,263304,12,1691,1071,17
2305,263393,13,1699,1071,19
2306,263498,13,1708,1077,21
2307,263584,12,1723,1088,23
2308,263680,14,1727,1090,24
2309,263778,12,1732,1085,36
2310,263888,13,1742,1089,40
2311,263988,13,1748,1088,43
2312,264111,15,1708,1090,0
2313,264211,26,1722,1092,11
2314,264327,14,1735,1093,12
2315,264433,12,1745,1097,16
2316,264540,13,1757,1105,19
2317,264634,13,1772,1116,27
2318,264731,13,1777,1114,36
2319,264823,13,1784,1114,36
2320,264923,14,1793,1123,36
2321,265035,11,1792,1122,36
2322,265173,42,1766,1132,0
2323,265281,14,1782,1139,10
2324,265534,13,1809,1157,15
2325,265621,13,1826,1168,23
2326,265715,13,1837,1166,32
2327,265804,16,1852,1172,43
2328,265885,13,1873,1189,46
2329,265965,16,1884,1195,49
2330,266103,50,1843,1201,1
2331,266189,14,1857,1211,9
2332,266280,14,1875,1221,13
2333,266375,13,1887,1229,17
2334,266463,15,1914,1255,17
2335,266549,15,1927,1258,29
2336,266645,14,1930,1257,32
2337,266742,15,1938,1261,33
2338,266856,13,1946,1267,33
2339,266924,15,1952,1264,44
2340,267009,15,1964,1265,49
2341,267150,48,1920,1267,4
2342,267240,14,1922,1265,6
2343,267355,14,1929,1258,17
2344,267457,16,1949,1267,28
2345,267552,15,1949,1266,30
2346,267792,14,1952,1266,32
2347,267872,13,1971,1279,35
2348,267974,14,1974,1274,40
2349,268133,49,1939,1278,3
2350,268234,14,1949,1279,7
2351,268329,14,1958,1288,7
2352,268412,13,1965,1289,11
2353,268506,16,1977,1293,19
2354,268608,15,1993,1308,20
2355,268691,15,1998,1308,25
2356,268782,14,2021,1324,33
2357,268871,15,2024,1321,40
2358,268967,16,2030,1316,61
2359,269117,55,1989,1327,3
2360,269234,15,2006,1331,10
2361,269337,15,2010,1331,11
2362,269448,19,2015,1333,11
2363,269702,168,2018,1324,22
2364,269790,14,2024,1323,31
2365,269887,13,2037,1330,37
2366,269992,13,2040,1319,52
2367,270152,53,1985,1305,14
2368,270258,14,2003,1297,47
2369,270357,15,2013,1288,68
2370,270454,16,2015,1290,68
2371,270570,14,2026,1299,70
2372,270669,14,2040,1271,119
2373,270808,14,2052,1266,144
2374,270907,16,2078,1290,145
2375,271000,15,2097,1297,161
2376,271165,52,1943,1298,1
2377,271262,14,1958,1287,28
2378,271359,13,1959,1284,28
2379,271455,14,1962,1262,68
2380,271554,14,1971,1246,101
2381,271791,13,1980,1245,113
2382,271913,15,1995,1235,141
2383,271998,15,2006,1232,160
2384,272149,58,1855,1227,16
2385,272239,12,1873,1231,27
2386,272336,13,1876,1220,46
2387,272439,14,1884,1210,62
2388,272537,13,1898,1219,66
2389,272616,14,1915,1217,91
2390,272716,14,1938,1224,106
2391,272802,15,1952,1202,144
2392,272913,15,1956,1200,146
2393,273020,14,1958,1168,186
2394,273216,66,1779,1173,0
2395,273325,14,1790,1177,7
2396,273435,14,1793,1136,53
2397,273535,13,1797,1123,88
2398,273756,12,1813,1117,108
2399,273861,16,1818,1110,122
2400,273953,13,1820,1107,130
2401,274048,12,1825,1104,139
2402,274176,21,1695,1095,19
2403,274295,13,1698,1069,56
2404,274386,13,1706,1055,79
2405,274495,12,1714,1055,85
2406,274587,14,1720,1059,87
2407,274690,13,1733,1054,109
2408,274774,13,1740,1046,126
2409,274878,13,1742,1036,142
2410,274976,12,1759,1041,152
2411,275133,43,1612,1046,0
2412,275233,13,1626,1048,9
2413,275345,13,1639,1054,15
2414,275445,14,1655,1044,51
2415,275660,119,1667,1029,87
2416,275755,13,1669,1007,112
2417,275860,12,1677,1013,112
2418,275945,12,1681,1004,128
2419,276062,20,1686,996,142
2420,276165,17,1568,1006,13
2421,276265,11,1577,1008,25
2422,276355,13,1587,1014,27
2423,276447,12,1601,1019,33
2424,276536,11,1612,1020,44
2425,276628,11,1620,997,73
2426,276725,12,1623,989,84
2427,276829,12,1637,1002,84
2428,276928,12,1644,1009,84
2429,277020,12,1649,1010,92
2430,277119,17,1570,1015,7
2431,277223,13,1588,1020,23
2432,277319,13,1606,1033,27
2433,277399,13,1629,1042,46
2434,277502,13,1634,1038,56
2435,277676,12,1651,1037,73
2436,277777,14,1653,1029,87
2437,277900,14,1675,1027,111
2438,277990,12,1684,1025,117
2439,278110,17,1577,1023,12
2440,278207,11,1590,1021,28
2441,278293,12,1598,1021,32
2442,278394,12,1609,1031,32
2443,278487,12,1614,1034,31
2444,278593,14,1618,1037,31
2445,278690,12,1622,1040,31
2446,278780,13,1628,1046,31
2447,278875,14,1640,1056,31
2448,278978,14,1647,1063,31
2449,279098,25,1617,1064,0
2450,279195,13,1621,1067,0
2451,279295,13,1628,1074,0
2452,279389,13,1646,1090,0
2453,279557,84,1652,1096,0
2454,279641,12,1662,1106,0
2455,279733,13,1672,1113,1
2456,279822,13,1678,1117,1
2457,279937,12,1683,1122,1
2458,280040,10,1694,1133,1
2459,280125,12,1690,1126,5
2460,280223,13,1702,1121,31
2461,280317,13,1709,1100,56
2462,280420,13,1714,1100,63
2463,280524,13,1720,1100,66
2464,280596,14,1726,1104,66
2465,280695,12,1728,1088,90
2466,280789,14,1735,1087,99
2467,280897,19,1743,1076,110
2468,280976,12,1752,1077,115
2469,281122,45,1618,1064,0
2470,281213,12,1623,1058,17
2471,281299,12,1626,1060,17
2472,281392,13,1630,1054,29
2473,281563,12,1636,1053,34
2474,281653,13,1641,1050,39
2475,281752,14,1649,1051,45
2476,281852,11,1662,1053,52
2477,281948,14,1668,1050,57
2478,282038,9,1680,1060,58
2479,282136,21,1633,1053,22
2480,282238,15,1645,1060,22
2481,282330,13,1656,1067,22
2482,282425,14,1667,1076,25
2483,282505,13,1669,1074,33
2484,282630,13,1681,1068,54
2485,282745,13,1685,1063,64
2486,282865,13,1695,1065,75
2487,282962,13,1710,1067,86
2488,283049,11,1714,1063,90
2489,283150,18,1649,1075,5
2490,283247,12,1660,1074,13
2491,283357,12,1662,1069,16
2492,283443,13,1678,1078,27
2493,284974,1441,1694,970,155
2494,285118,17,1538,949,25
2495,285222,18,1518,949,2
2496,285312,12,1534,960,6
2497,285387,12,1540,962,6
2498,285482,12,1541,962,10
2499,285570,12,1565,970,15
2500,285653,12,1570,971,22
2501,285747,11,1573,967,29
2502,285836,13,1583,973,32
2503,285941,12,1589,975,37
2504,286032,10,1589,971,42
2505,286175,51,1560,973,9
2506,286265,15,1567,979,11
2507,286378,11,1567,972,22
2508,286456,11,1571,962,33
2509,286555,13,1582,967,38
2510,286633,12,1596,968,43
2511,286742,12,1607,966,57
2512,286823,13,1633,986,61
2513,286952,11,1636,985,70
2514,287048,10,1642,985,79
2515,287164,18,1580,997,5
2516,287254,12,1585,994,16
2517,287340,12,1600,996,30
2518,287427,12,1603,980,49
2519,287506,11,1606,981,50
2520,287593,12,1610,980,50
2521,287681,13,1628,993,50
2522,287761,12,1638,1000,52
2523,287859,13,1646,1002,58
2524,287936,12,1648,1003,58
2525,288023,12,1663,1012,63
2526,288144,16,1610,1017,5
2527,288229,13,1626,1029,10
2528,288338,12,1631,1029,17
2529,288431,12,1643,1037,20
2530,288533,13,1648,1035,26
2531,288639,15,1652,1031,26
2532,288739,13,1659,1037,27
2533,288887,12,1673,1046,30
2534,288994,12,1678,1043,36
2535,289135,45,1644,1033,9
2536,289248,13,1649,1032,11
2537,289322,12,1661,1037,18
2538,289408,12,1665,1035,20
2539,289502,12,1665,1034,21
2540,289592,13,1681,1042,28
2541,289685,13,1682,1039,32
2542,289772,12,1692,1042,34
2543,289870,13,1709,1055,36
2544,289985,14,1716,1042,51
2545,290152,69,1677,1053,0
2546,290241,13,1693,1060,9
2547,290327,13,1697,1064,9
2548,290422,13,1721,1081,13
2549,290518,13,1740,1095,13
2550,290615,13,1742,1094,17
2551,290704,13,1752,1099,18
2552,290797,12,1760,1102,18
2553,290896,14,1773,1109,29
2554,291118,36,1746,1112,0
2555,291210,12,1750,1112,3
2556,291307,12,1760,1119,3
2557,291423,12,1769,1120,4
2558,291505,13,1773,1121,8
2559,291598,13,1780,1126,8
2560,291688,14,1780,1124,12
2561,291770,13,1800,1129,23
2562,291857,14,1803,1128,32
2563,291954,14,1825,1134,42
2564,292098,41,1785,1125,0
2565,292181,13,1786,1123,1
2566,292290,14,1794,1125,7
2567,292390,14,1798,1122,15
2568,292493,13,1808,1124,19
2569,292603,14,1814,1125,20
2570,292714,14,1815,1119,29
2571,292801,12,1818,1120,30
2572,292895,14,1828,1121,33
2573,293128,163,1840,1129,35
2574,293277,53,1809,1131,4
2575,293377,13,1818,1124,16
2576,293464,13,1830,1131,21
2577,293558,13,1850,1149,23
2578,293659,13,1859,1149,33
2579,293757,13,1863,1147,38
2580,293859,14,1872,1153,43
2581,293939,15,1874,1145,48
2582,294046,15,1888,1150,52
2583,294180,54,1840,1144,18
2584,294253,14,1853,1152,21
2585,294346,15,1856,1150,24
2586,294432,14,1869,1156,38
2587,294513,14,1880,1160,40
2588,294605,14,1882,1157,42
2589,294702,14,1885,1160,42
2590,294798,14,1889,1161,43
2591,294921,14,1897,1164,51
2592,295019,15,1910,1172,59
2593,295124,20,1856,1169,5
2594,295329,14,1864,1168,11
2595,295433,14,1870,1173,11
2596,295531,14,1886,1187,11
2597,295621,13,1887,1185,15
2598,295735,13,1895,1185,23
2599,295854,13,1898,1171,48
2600,295944,16,1911,1182,51
2601,296051,16,1923,1193,51
2602,296170,20,1878,1191,10
2603,296251,16,1878,1187,11
2604,296346,13,1891,1192,21
2605,296434,17,1902,1199,27
2606,296519,14,1913,1205,32
2607,296615,15,1916,1205,34
2608,296705,16,1917,1204,37
2609,296820,15,1931,1205,45
2610,296906,14,1942,1216,45
2611,297009,14,1952,1215,55
2612,297140,34,1897,1212,4
2613,297232,15,1918,1227,9
2614,297324,14,1921,1227,14
2615,297524,13,1943,1235,28
2616,297635,14,1955,1234,38
2617,297727,14,1963,1241,38
2618,297811,14,1973,1249,41
2619,297912,15,1990,1254,49
2620,298015,14,1996,1250,61
2621,298171,56,1946,1254,7
2622,298274,16,1952,1253,10
2623,298373,15,1963,1258,17
2624,298462,14,1969,1262,19
2625,298562,15,1983,1275,22
2626,298653,15,1988,1276,30
2627,298759,15,1991,1276,30
2628,298858,15,1995,1275,32
2629,298950,16,2009,1284,37
2630,299034,14,2034,1301,40
2631,299172,47,2001,1297,12
2632,299262,18,2009,1300,15
2633,299349,16,2013,1305,13
2634,299456,15,2023,1307,17
2635,299560,15,2025,1307,21
2636,299668,16,2041,1323,21
2637,299853,16,2049,1324,24
2638,299986,25,2053,1318,30
2639,300166,60,2014,1282,43
