tick,timestamp,query_runtime,trav_index_nodes,trav_vol_nodes,trav_unprod_nodes
0,486,6,6,6,0
1,746,1,10,10,0
2,962,1,12,12,0
3,1149,1,20,20,0
4,1284,1,33,33,0
5,1464,6,41,41,0
6,1639,1,44,44,0
7,1834,2,54,54,0
8,5311,2,54,54,0
9,5462,2,56,56,0
10,5615,2,64,64,0
11,5777,1,70,70,0
12,5912,1,71,71,0
13,6029,2,81,81,0
14,6157,1,82,82,0
15,6305,2,93,93,0
16,6474,1,96,96,0
17,6610,2,98,98,0
18,6734,1,101,101,0
19,6862,2,109,109,0
20,6984,1,114,114,0
21,7109,2,119,119,0
22,7230,2,128,128,0
23,7356,3,136,136,0
24,7504,2,147,147,0
25,7635,8,152,152,0
26,7727,2,153,153,0
27,8239,2,170,170,0
28,8346,2,171,171,0
29,8461,2,182,182,0
30,8597,3,189,189,0
31,8727,2,193,193,0
32,8815,2,198,198,0
33,8925,3,205,205,0
34,9040,3,205,205,0
35,9148,7,206,206,0
36,9296,3,208,208,0
37,9401,3,214,214,0
38,9527,2,222,222,0
39,9638,4,233,233,0
40,9771,3,234,234,0
41,9916,8,235,235,0
42,10050,3,254,254,0
43,10179,3,257,257,0
44,10275,3,272,272,0
45,10383,11,274,274,0
46,10507,3,276,276,0
47,10715,3,277,277,0
48,10801,3,280,280,0
49,10887,2,282,282,0
50,10967,2,282,282,0
51,11085,6,284,284,0
52,11204,3,290,290,0
53,11284,3,292,292,0
54,11398,2,292,292,0
55,11496,3,293,293,0
56,11589,3,293,293,0
57,11696,3,295,295,0
58,11800,2,303,303,0
59,11893,3,316,316,0
60,12004,2,317,317,0
61,12096,3,319,319,0
62,12198,3,321,321,0
63,12279,4,331,331,0
64,12376,3,332,332,0
65,12591,131,332,332,0
66,12696,3,338,338,0
67,12804,3,340,340,0
68,12901,3,342,342,0
69,13000,2,356,356,0
70,13093,2,359,359,0
71,13167,3,362,362,0
72,13280,4,370,370,0
73,13367,4,371,371,0
74,13470,5,372,372,0
75,13564,3,374,374,0
76,13654,3,383,383,0
77,13768,3,386,386,0
78,13866,3,390,390,0
79,13959,3,408,408,0
80,14070,8,412,412,0
81,14185,4,415,415,0
82,14313,3,422,422,0
83,14410,3,424,424,0
84,14653,160,424,424,0
85,14772,3,424,424,0
86,14861,3,438,438,0
87,14940,5,453,453,0
88,15032,3,455,455,0
89,15120,4,464,464,0
90,15229,4,465,465,0
91,15342,3,467,467,0
92,15438,4,469,469,0
93,15528,22,488,488,0
94,15620,5,504,504,0
95,15712,4,512,512,0
96,15812,6,514,514,0
97,15903,5,516,516,0
98,16027,4,518,518,0
99,16114,6,525,525,0
100,16206,4,526,526,0
101,16305,5,532,532,0
102,16505,122,532,532,0
103,16599,4,543,543,0
104,16669,4,547,547,0
105,16769,4,547,547,0
106,16858,4,550,550,0
107,16940,4,554,554,0
108,17079,5,556,556,0
109,17191,5,556,556,0
110,17300,4,557,557,0
111,17384,4,574,574,0
112,17453,5,588,588,0
113,17547,4,595,595,0
114,17622,4,596,596,0
115,17700,4,601,601,0
116,17801,5,612,612,0
117,17897,4,615,615,0
118,17983,5,621,621,0
119,18063,5,622,622,0
120,18157,4,630,630,0
121,20226,5,630,630,0
122,20316,5,630,630,0
123,20415,5,630,630,0
124,20509,5,635,635,0
125,20606,6,647,647,0
126,20697,6,656,656,0
127,20780,5,671,671,0
128,20868,5,677,677,0
129,20965,6,680,680,0
130,21060,6,692,692,0
131,21152,6,698,698,0
132,21265,7,698,698,0
133,21354,6,708,708,0
134,21474,7,723,723,0
135,21588,6,731,731,0
136,21675,5,748,748,0
137,21773,8,750,750,0
138,21899,7,756,756,0
139,22004,6,756,756,0
140,22109,6,757,757,0
141,22203,5,759,759,0
142,22291,6,764,764,0
143,22385,5,774,774,0
144,22489,6,776,776,0
145,22613,6,782,782,0
146,22714,7,789,789,0
147,22837,6,793,793,0
148,22947,5,801,801,0
149,23012,6,813,813,0
150,23102,6,822,822,0
151,23199,6,841,841,0
152,23273,6,855,855,0
153,23359,7,856,856,0
154,23458,6,859,859,0
155,23673,5,861,861,0
156,23786,7,861,861,0
157,23875,7,864,864,0
158,23983,6,869,869,0
159,24077,7,870,870,0
160,24168,7,871,871,0
161,24269,6,878,878,0
162,24369,6,884,884,0
163,24468,10,885,885,0
164,24561,8,885,885,0
165,24662,9,890,890,0
166,24779,6,892,892,0
167,24878,6,904,904,0
168,24984,7,904,904,0
169,25095,15,913,913,0
170,25191,8,915,915,0
171,25398,7,925,925,0
172,25504,6,926,926,0
173,25608,8,933,933,0
174,25717,7,940,940,0
175,25805,7,941,941,0
176,25901,8,944,944,0
177,25987,7,963,963,0
178,26083,8,968,968,0
179,26191,7,975,975,0
180,26280,8,977,977,0
181,26377,8,981,981,0
182,26461,8,985,985,0
183,26574,9,986,986,0
184,26675,12,986,986,0
185,26767,9,995,995,0
186,26875,8,997,997,0
187,27133,151,999,999,0
188,27233,8,1000,1000,0
189,27319,8,1009,1009,0
190,27421,9,1010,1010,0
191,27527,14,1012,1012,0
192,27635,8,1013,1013,0
193,27744,8,1013,1013,0
194,27853,9,1025,1025,0
195,27947,9,1029,1029,0
196,28035,9,1038,1038,0
197,28131,9,1043,1043,0
198,28231,8,1044,1044,0
199,28327,8,1052,1052,0
200,28415,7,1056,1056,0
201,28500,8,1056,1056,0
202,28588,7,1058,1058,0
203,28829,10,1063,1063,0
204,28927,8,1064,1064,0
205,29019,10,1076,1076,0
206,29116,8,1078,1078,0
207,29209,9,1081,1081,0
208,29370,9,1081,1081,0
209,29483,9,1083,1083,0
210,29591,12,1086,1086,0
211,29721,10,1089,1089,0
212,29837,8,1096,1096,0
213,29915,9,1103,1103,0
214,29998,9,1108,1108,0
215,30102,9,1110,1110,0
216,30202,15,1122,1112,0
217,30286,10,1122,1108,2
218,30391,9,1126,1105,3
219,30523,9,1128,1079,11
220,30649,11,1129,1050,29
221,30769,13,1133,1033,38
222,30872,9,1135,1022,39
223,30965,9,1140,1017,46
224,31046,11,1143,1017,48
225,31117,9,1153,1002,68
226,31213,8,1160,990,80
227,31308,12,1162,974,99
228,31393,10,1166,969,107
229,31490,9,1166,958,115
230,31576,9,1169,939,134
231,31659,9,1172,939,135
232,31744,10,1174,935,139
233,31842,9,1178,935,143
234,31969,9,1178,923,154
235,32068,9,1181,926,154
236,32169,9,1187,932,153
237,32273,9,1192,937,153
238,32381,8,1201,946,153
239,32470,9,1210,955,153
240,32543,7,1218,964,152
241,32674,13,1079,977,0
242,32777,9,1086,984,0
243,32881,8,1091,989,0
244,33009,8,1091,989,0
245,33102,9,1093,991,0
246,33195,8,1095,993,0
247,33325,9,1096,994,0
248,33403,9,1097,995,0
249,33482,9,1104,1002,0
250,33618,9,1112,1010,0
251,33706,8,1116,1014,0
252,33783,9,1128,1026,0
253,33873,8,1128,1026,0
254,33947,8,1133,1031,0
255,34045,8,1148,1046,0
256,34147,12,1154,1052,0
257,34232,9,1165,1063,0
258,34309,9,1183,1081,0
259,34380,9,1187,1085,0
260,34467,9,1193,1091,0
261,34554,11,1200,1098,0
262,34650,10,1201,1099,0
263,34726,10,1204,1102,0
264,34806,9,1206,1103,0
265,34886,9,1213,1110,0
266,34969,9,1213,1110,0
267,35130,12,1227,1124,0
268,35213,8,1229,1126,0
269,35317,8,1231,1119,9
270,35416,9,1232,1100,22
271,35507,11,1234,1089,35
272,35595,9,1240,1081,44
273,35681,10,1253,1078,53
274,35756,10,1263,1080,55
275,35836,10,1266,1073,62
276,35906,10,1272,1073,66
277,35992,9,1282,1065,85
278,36075,9,1290,1066,91
279,36165,10,1297,1066,94
280,36260,9,1298,1045,108
281,36349,10,1299,1026,124
282,36446,10,1300,1001,151
283,36534,10,1303,990,165
284,36701,11,1305,967,187
285,36782,9,1305,960,191
286,36853,9,1316,968,195
287,36950,8,1319,968,196
288,37063,12,1317,954,201
289,37145,13,1318,946,208
290,37227,13,1318,946,208
291,37309,10,1319,935,220
292,37438,10,1319,930,223
293,37536,11,1320,918,233
294,37874,79,1091,901,14
295,37962,8,1101,911,14
296,38050,9,1102,912,14
297,38139,9,1110,920,14
298,38231,9,1118,928,14
299,38317,9,1130,931,23
300,38480,12,1134,924,34
301,38563,8,1143,921,38
302,38628,8,1147,916,47
303,38720,8,1150,911,47
304,38803,8,1155,909,54
305,38898,9,1157,902,63
306,38997,9,1161,904,64
307,39094,9,1162,893,76
308,39174,8,1175,902,78
309,39261,9,1177,901,82
310,39340,9,1180,894,91
311,39443,12,1185,887,103
312,39508,10,1202,903,104
313,39609,9,1204,904,105
314,39694,9,1205,903,107
315,39786,9,1208,906,107
316,39876,10,1218,915,109
317,39974,11,1222,907,118
318,40217,50,1105,886,22
319,40329,8,1107,877,31
320,40432,9,1109,873,38
321,40535,12,1111,873,40
322,40620,8,1122,881,41
323,40708,11,1122,877,44
324,40789,9,1127,881,45
325,40849,8,1127,878,48
326,40936,9,1132,878,51
327,41025,9,1132,868,59
328,41102,8,1139,866,66
329,41195,9,1136,864,65
330,41282,9,1147,867,69
331,41386,9,1156,855,86
332,41459,8,1158,850,94
333,41582,9,1161,839,104
334,41663,8,1178,844,110
335,41738,10,1179,840,113
336,42002,171,1189,826,141
337,42105,10,1192,823,145
338,42205,12,1196,826,143
339,42303,9,1203,833,141
340,42405,8,1210,840,136
341,42521,15,1210,838,137
342,42706,54,1074,838,0
343,42801,12,1082,834,8
344,42885,8,1095,838,17
345,42966,9,1097,842,14
346,43060,10,1103,839,18
347,43164,9,1106,835,31
348,43259,9,1107,832,33
349,43354,8,1109,810,53
350,43440,9,1119,814,56
351,43530,9,1127,799,78
352,43629,10,1128,796,83
353,43719,9,1139,801,88
354,43938,8,1139,793,99
355,44009,8,1146,799,100
356,44093,8,1158,809,103
357,44194,12,1169,817,105
358,44262,7,1169,817,105
359,44354,8,1176,823,106
360,44451,10,1177,803,130
361,44537,10,1187,812,131
362,44639,13,1187,812,131
363,44739,9,1190,803,140
364,44831,9,1194,805,141
365,44913,10,1196,800,146
366,45008,10,1199,802,146
367,45148,16,1062,804,6
368,45250,9,1064,792,21
369,45330,8,1071,793,32
370,45412,10,1072,791,36
371,45485,10,1073,787,40
372,45567,9,1080,791,40
373,45924,9,1089,778,57
374,46006,8,1108,796,58
375,46098,8,1119,807,58
376,46181,10,1120,805,58
377,46284,9,1118,802,59
378,46368,9,1125,807,59
379,46445,9,1127,809,59
380,46532,8,1128,810,59
381,46618,8,1134,815,59
382,46694,9,1138,815,64
383,46800,12,1143,814,69
384,46880,9,1144,811,74
385,46985,10,1146,807,82
386,47077,9,1147,800,93
387,47155,11,1150,790,107
388,47255,11,1152,787,111
389,47340,9,1152,785,113
390,47432,9,1153,785,114
391,47722,47,1038,784,2
392,47813,8,1038,780,7
393,47903,8,1041,776,14
394,47961,8,1050,785,14
395,48043,10,1070,802,14
396,48138,8,1072,798,21
397,48239,8,1085,811,18
398,48333,9,1087,813,18
399,48437,9,1088,814,18
400,48515,8,1102,827,18
401,48588,9,1108,833,18
402,48671,9,1110,835,18
403,48744,8,1121,846,18
404,48826,9,1131,856,18
405,48919,10,1134,859,18
406,48990,9,1134,859,18
407,49052,9,1149,870,18
408,49283,8,1158,879,18
409,49353,8,1165,886,18
410,49434,8,1176,897,18
411,49520,12,1177,898,18
412,49592,9,1177,898,18
413,49669,11,1190,911,18
414,49748,8,1190,911,18
415,49828,9,1194,915,17
416,49931,9,1195,916,16
417,50019,13,1207,928,16
418,50116,25,1196,933,0
419,50217,9,1196,931,0
420,50288,13,1209,940,0
421,50376,10,1223,941,8
422,50470,8,1227,942,11
423,50884,10,1235,933,25
424,51001,9,1246,935,33
425,51102,9,1251,940,33
426,51201,10,1253,936,37
427,51289,13,1259,933,47
428,51381,10,1270,943,50
429,51495,11,1276,945,54
430,51606,10,1270,919,78
431,51720,10,1270,903,94
432,51825,11,1277,907,98
433,51918,10,1288,903,113
434,52016,10,1301,903,129
435,52110,10,1309,908,132
436,52752,51,1105,811,41
437,53282,12,1109,781,88
438,53411,15,1112,761,115
439,53528,12,1122,757,132
440,53635,12,1125,760,132
441,53758,8,1134,740,161
442,53866,14,1144,741,169
443,53977,10,1147,742,171
444,54073,10,1148,741,174
445,54166,12,1157,732,188
446,54336,11,1160,718,209
447,54428,12,1172,729,210
448,54553,10,1178,708,241
449,54683,9,1178,710,240
450,54796,12,1182,694,260
451,54882,11,1198,698,269
452,55503,57,881,641,3
453,55603,8,885,643,6
454,55692,11,896,646,17
455,55796,8,907,644,32
456,55885,8,907,641,35
457,55976,10,906,638,38
458,56068,9,916,637,50
459,56150,7,916,625,52
460,56235,8,920,619,63
461,56313,8,930,624,70
462,56408,9,950,635,80
463,56488,8,961,646,80
464,56586,8,971,651,87
465,56672,9,992,648,111
466,56760,9,993,642,120
467,57021,163,993,626,141
468,57125,13,996,628,142
469,57220,8,1001,622,155
470,57320,13,1006,620,163
471,57419,10,1005,619,165
472,57543,9,1005,614,168
473,57671,17,841,604,11
474,57756,8,850,604,20
475,57849,7,860,603,31
476,57933,8,864,593,48
477,58023,11,893,607,75
478,58127,9,895,607,78
479,58231,8,902,607,86
480,58319,7,906,609,88
481,58408,11,917,618,90
482,58497,8,922,620,93
483,61206,2637,922,526,191
484,61382,47,714,505,12
485,61458,6,720,505,22
486,61547,6,737,516,26
487,61637,7,744,520,30
488,61726,7,747,517,37
489,61820,8,750,514,43
490,61926,7,755,519,43
491,62023,9,755,511,51
492,62110,6,769,505,75
493,62189,8,790,523,77
494,62272,8,790,510,88
495,62371,14,795,515,88
496,62459,7,809,524,92
497,62587,11,709,520,0
498,62683,7,712,509,16
499,62818,6,721,511,20
500,62917,9,726,511,26
501,62999,6,731,515,27
502,63076,6,737,519,28
503,63158,6,741,514,42
504,63257,6,744,517,42
505,63346,6,746,513,48
506,63438,10,752,510,58
507,63533,6,753,507,63
508,63619,7,757,511,63
509,63708,8,760,508,70
510,63800,7,762,507,73
511,63898,6,766,504,80
512,63989,6,769,502,85
513,64070,6,771,502,86
514,64154,7,772,503,86
515,64300,58,773,504,86
516,64433,6,783,511,91
517,64504,6,787,513,93
518,64578,6,807,527,94
519,64652,6,809,525,98
520,64750,6,812,523,107
521,64843,7,819,522,116
522,64934,7,820,518,122
523,65013,6,823,520,125
524,65140,35,703,525,0
525,65231,6,703,522,2
526,65292,5,705,523,3
527,65372,6,710,520,14
528,65451,6,710,520,14
529,65575,8,717,523,18
530,65666,6,723,526,19
531,65752,6,733,530,28
532,65902,69,743,538,31
533,65988,6,763,552,39
534,66077,7,768,552,43
535,66165,6,769,552,44
536,66246,8,777,555,49
537,66340,6,777,557,47
538,66427,8,780,559,48
539,66522,7,781,559,51
540,66604,10,786,564,51
541,66686,6,788,566,51
542,66782,6,794,571,51
543,66857,7,794,567,55
544,66960,7,798,570,56
545,67028,6,804,567,65
546,67126,6,805,554,81
547,67221,8,819,568,81
548,67289,7,832,579,83
549,67420,7,841,586,83
550,67502,6,850,595,82
551,67606,9,783,608,0
552,67679,7,791,616,0
553,67762,7,807,630,0
554,67847,7,811,634,0
555,67928,8,811,634,0
556,68005,6,817,639,1
557,68087,7,829,644,6
558,68179,7,831,644,8
559,68261,6,837,649,10
560,68364,7,851,656,19
561,68447,8,859,664,17
562,68528,7,862,665,21
563,68609,7,863,666,21
564,68682,7,867,669,22
565,68769,7,872,671,25
566,68930,7,874,659,42
567,69016,7,880,662,44
568,69093,7,884,665,45
569,69185,7,892,664,52
570,69264,7,903,675,52
571,69354,7,905,674,55
572,69448,7,912,671,64
573,69545,10,929,684,67
574,69624,10,943,694,69
575,69723,10,943,691,71
576,69804,10,950,694,74
577,69877,8,955,696,74
578,69962,7,955,685,86
579,70082,11,870,687,0
580,70157,8,877,694,0
581,70237,8,888,701,0
582,70311,8,888,701,0
583,70477,7,893,702,5
584,70558,7,903,712,5
585,70650,11,911,715,8
586,70765,7,913,709,14
587,70865,10,916,710,15
588,70967,8,920,716,12
589,71073,11,923,717,13
590,71159,9,926,718,13
591,71242,10,934,719,21
592,71329,8,943,724,21
593,71412,8,945,724,24
594,71487,7,945,724,24
595,71581,9,951,728,25
596,71683,8,951,722,30
597,71782,10,955,724,31
598,71882,8,956,724,31
599,71971,8,966,731,31
600,72226,8,974,738,32
601,72293,8,977,738,35
602,72369,8,978,736,43
603,72452,7,978,727,54
604,72540,6,984,733,54
605,72620,11,938,741,0
606,72705,7,940,742,0
607,72791,7,945,743,4
608,72883,7,951,745,7
609,72983,8,961,748,14
610,73066,8,961,744,16
611,73145,8,968,751,16
612,73228,8,969,748,22
613,73296,8,981,758,24
614,73381,8,981,754,28
615,73480,9,980,752,29
616,73563,8,980,750,31
617,73634,8,982,751,32
618,73822,7,986,750,37
619,73916,9,991,754,37
620,73993,8,991,752,39
621,74078,8,992,752,40
622,74162,8,992,750,42
623,74268,9,999,755,44
624,74366,8,1001,753,48
625,74453,9,1005,749,53
626,74538,8,1007,751,53
627,74633,8,1008,750,54
628,74733,8,1009,750,57
629,74817,10,1025,762,62
630,74910,8,1025,762,60
631,74981,9,1032,759,64
632,75109,40,971,761,1
633,75191,8,971,757,2
634,75274,8,981,763,2
635,75495,7,993,774,3
636,75586,8,1003,781,3
637,75660,9,1008,786,3
638,75744,10,1008,786,3
639,75833,11,1011,789,3
640,75951,9,1014,792,3
641,76057,17,1015,791,6
642,76166,8,1015,791,6
643,76248,14,1021,797,6
644,76329,10,1038,811,8
645,76420,13,1038,808,12
646,76505,9,1045,806,24
647,76598,9,1046,803,24
648,76684,10,1044,802,22
649,76769,9,1045,802,22
650,76848,8,1050,799,27
651,76929,10,1071,819,28
652,77027,9,1072,813,32
653,77242,128,1072,808,36
654,77330,8,1084,819,38
655,77428,8,1089,824,36
656,77505,9,1097,831,37
657,77620,16,1061,832,0
658,77719,11,1064,832,3
659,77820,10,1066,833,3
660,77932,11,1071,837,5
661,78006,10,1088,853,9
662,78107,10,1091,852,10
663,78199,9,1094,855,10
664,78284,9,1096,855,16
665,78375,14,1102,861,16
666,78515,12,1105,862,16
667,78598,14,1113,867,19
668,78710,14,1114,865,24
669,78816,9,1116,862,27
670,78948,12,1116,856,30
671,79221,13,1119,854,34
672,79296,10,1126,856,39
673,79384,8,1128,858,39
674,79466,10,1130,859,41
675,79539,10,1128,849,44
676,79617,10,1129,849,47
677,79692,10,1136,856,45
678,79794,9,1135,853,49
679,79883,11,1152,865,48
680,79979,9,1153,864,50
681,80097,45,1104,862,0
682,80177,9,1113,862,8
683,80333,12,1118,857,16
684,80432,10,1119,848,18
685,80516,10,1120,847,21
686,80620,9,1123,850,20
687,80706,9,1128,855,20
688,80798,10,1133,860,20
689,81055,9,1145,868,21
690,81137,8,1150,871,22
691,81223,11,1153,871,25
692,81311,12,1153,869,28
693,81411,12,1153,865,33
694,81525,9,1155,858,42
695,81637,12,1156,841,67
696,81720,9,1162,846,69
697,81816,9,1166,841,90
698,81916,9,1167,824,118
699,82022,9,1171,813,136
700,82115,9,1176,806,144
701,82206,9,1185,800,159
702,82293,10,1191,806,159
703,82388,12,1201,816,159
704,82466,10,1212,829,155
705,82641,57,1064,836,0
706,83080,10,1066,829,9
707,83181,8,1076,837,9
708,83253,9,1087,824,32
709,83342,8,1098,815,54
710,83422,8,1099,806,63
711,83513,9,1109,808,82
712,83616,8,1109,781,108
713,83708,9,1117,786,110
714,83803,9,1121,782,118
715,83904,9,1130,767,148
716,83990,8,1130,758,160
717,84068,9,1132,744,179
718,84161,10,1140,742,185
719,84269,8,1143,731,203
720,84362,8,1145,729,207
721,84446,9,1150,716,225
722,84683,9,1151,701,248
723,84768,10,1151,697,252
724,84862,10,1151,697,252
725,84966,13,1161,700,257
726,85161,70,908,704,0
727,85249,7,914,710,0
728,85349,9,921,717,0
729,85441,8,928,710,15
730,85520,7,936,715,15
731,85607,7,940,713,21
732,85693,7,946,718,22
733,85778,7,958,720,32
734,85893,9,962,719,35
735,85983,10,965,720,37
736,86067,8,970,711,51
737,86140,9,978,716,53
738,86460,8,986,702,77
739,86560,9,987,691,87
740,86670,8,989,681,100
741,86757,8,995,685,102
742,86850,8,1006,673,126
743,86942,8,1008,675,125
744,87016,9,1011,678,125
745,87106,8,1012,669,135
746,87200,8,1015,671,135
747,87284,7,1016,663,145
748,87364,9,1038,685,145
749,87450,8,1044,681,160
750,87547,7,1044,675,168
751,87750,26,884,662,11
752,88228,402,889,652,31
753,88323,9,892,632,60
754,88406,7,892,625,69
755,88489,9,902,634,71
756,88567,6,911,633,81
757,88652,7,917,639,81
758,88740,8,917,639,81
759,88839,11,919,640,80
760,88940,10,922,643,80
761,89026,7,926,647,80
762,89132,10,932,653,80
763,89229,9,937,658,80
764,89326,9,940,661,80
765,89410,9,943,664,80
766,89491,8,953,673,80
767,89566,8,967,685,80
768,89665,9,985,703,80
769,90055,320,996,714,80
770,90222,55,920,718,0
771,90300,8,923,721,0
772,90400,8,928,726,0
773,90488,8,928,726,0
774,90579,8,934,731,0
775,90681,11,937,734,0
776,90766,9,950,747,0
777,90849,11,953,750,0
778,90946,11,958,754,0
779,91037,10,966,762,0
780,91139,9,972,768,0
781,91286,11,975,770,1
782,91389,14,976,771,1
783,91487,9,977,768,3
784,91947,388,977,734,33
785,92016,9,979,713,55
786,92097,11,985,717,57
787,92183,9,990,710,74
788,92391,11,991,686,95
789,92495,10,993,677,118
790,92674,40,870,666,8
791,92765,9,888,677,13
792,92864,8,889,671,19
793,92967,9,889,657,36
794,93051,8,889,653,41
795,93139,8,888,652,42
796,93231,9,904,659,51
797,93331,7,908,653,60
798,93417,8,911,649,67
799,93514,10,916,646,76
800,93930,8,926,626,103
801,94036,8,927,621,108
802,94122,8,936,626,112
803,94197,8,938,622,115
804,94290,8,942,619,116
805,94394,9,946,615,122
806,94494,8,952,618,125
807,94589,8,953,611,133
808,94667,7,964,608,152
809,94752,8,965,601,166
810,94827,8,967,603,166
811,94920,8,974,607,170
812,94994,9,981,613,170
813,95179,72,823,616,5
814,95271,7,828,618,7
815,98081,44,710,513,0
816,98152,6,713,511,7
817,98241,10,726,517,14
818,98326,6,728,514,23
819,98394,6,733,517,26
820,98474,6,736,517,29
821,98581,6,745,521,32
822,98656,6,760,535,34
823,98766,6,766,534,38
824,98860,6,767,535,38
825,98952,6,779,540,45
826,99050,8,784,542,45
827,99172,6,787,539,50
828,99251,8,789,541,48
829,99344,7,801,542,59
830,99410,7,810,551,58
831,99532,9,818,556,59
832,99619,7,818,556,59
833,99702,7,833,567,61
834,99773,7,840,573,63
835,99856,7,850,580,67
836,99945,7,851,583,65
837,100020,8,864,593,70
838,100135,41,801,593,7
839,100235,6,805,594,10
840,100316,7,806,592,14
841,100407,7,809,594,16
842,100489,7,809,593,18
843,100578,7,811,591,21
844,100681,7,822,602,21
845,100772,7,826,608,19
846,100858,7,830,607,21
847,100969,6,834,611,21
848,101054,6,840,614,25
849,101143,7,843,612,25
850,101221,8,847,613,28
851,101311,7,850,613,31
852,101403,9,854,616,32
853,101507,7,859,619,34
854,101591,7,869,629,34
855,101670,7,870,622,43
856,101775,8,876,628,43
857,101861,9,875,627,43
858,101946,8,880,629,46
859,102039,9,883,630,47
860,102124,7,892,639,47
861,102206,8,894,640,48
862,102284,8,894,638,50
863,102446,8,897,635,56
864,102518,7,899,632,58
865,102650,40,847,636,1
866,102739,7,858,638,5
867,102832,8,868,645,6
868,102902,7,869,645,7
869,103002,7,873,647,7
870,103085,7,877,648,10
871,103190,8,878,642,17
872,103278,8,880,641,20
873,103361,8,892,652,20
874,103452,8,894,653,20
875,103542,7,899,657,20
876,103639,8,903,661,20
877,103760,8,911,667,20
878,103966,103,913,666,23
879,104069,10,929,675,30
880,104153,8,932,678,30
881,104229,8,943,687,30
882,104300,8,943,685,32
883,104368,8,950,679,46
884,104443,9,953,681,47
885,104538,8,956,683,48
886,104616,9,960,686,48
887,104699,8,962,685,48
888,104768,9,963,684,51
889,104860,8,967,675,58
890,104939,9,969,670,69
891,105018,8,972,672,70
892,105184,52,905,672,3
893,105282,9,906,672,4
894,105433,8,910,676,4
895,105527,8,912,674,6
896,105604,7,925,680,11
897,105688,6,935,684,15
898,105779,8,940,688,15
899,105870,8,949,696,16
900,105951,8,958,702,18
901,106052,8,958,703,17
902,106129,9,964,708,18
903,106198,8,964,707,18
904,106311,8,965,703,19
905,106391,8,967,701,20
906,106461,8,970,704,20
907,106544,9,979,702,25
908,106631,7,979,701,25
909,106698,8,980,699,30
910,106777,9,989,707,31
911,106937,9,992,702,43
912,107062,21,1000,710,43
913,107176,7,1001,710,45
914,107265,9,1002,710,48
915,107352,13,1005,713,48
916,107446,9,1008,715,48
917,107569,31,1007,713,48
918,107676,13,965,716,5
919,107761,10,969,713,9
920,107842,9,972,716,9
921,107935,9,974,711,12
922,108021,7,977,714,12
923,108117,12,980,717,12
924,108198,8,984,719,15
925,108271,11,988,723,15
926,108477,119,1007,744,12
927,108582,9,1009,746,12
928,108671,7,1017,752,14
929,108770,11,1017,737,29
930,108836,9,1026,746,29
931,108938,19,1029,746,34
932,109026,8,1034,749,36
933,109108,9,1042,757,36
934,109214,9,1048,763,36
935,109396,10,1050,760,34
936,109467,9,1061,769,35
937,109556,9,1063,768,38
938,109645,8,1070,775,38
939,109738,8,1072,773,41
940,109837,10,1086,786,43
941,109929,11,1090,788,46
942,110021,16,1091,787,50
943,110484,46,1051,793,7
944,110568,9,1059,794,11
945,110644,8,1059,792,13
946,110737,13,1068,797,16
947,110883,26,1068,793,20
948,111087,16,1069,788,23
949,111188,11,1078,785,28
950,111653,26,1081,731,90
951,111774,12,1082,702,126
952,111906,15,1085,682,148
953,112029,16,1085,654,177
954,112143,10,1087,651,183
955,112277,12,1096,641,203
956,112391,10,1106,637,223
957,112489,11,1116,635,250
958,112896,72,867,635,1
959,113025,7,872,640,1
960,113124,8,883,647,3
961,113234,11,887,642,12
962,113376,14,891,629,39
963,113509,9,899,623,58
964,113593,7,908,630,64
965,113692,8,909,616,79
966,113796,8,917,624,79
967,113893,8,925,628,81
968,114002,10,928,629,83
969,114103,9,928,623,90
970,114185,9,944,637,92
971,114304,8,949,613,128
972,114408,9,950,601,146
973,114510,9,952,597,150
974,114645,12,955,599,150
975,114967,237,957,592,166
976,115159,45,788,586,8
977,115250,7,796,586,17
978,115355,7,799,585,21
979,115459,9,799,579,29
980,115556,10,801,566,47
981,115678,8,806,554,63
982,115795,10,810,544,84
983,115894,10,819,545,92
984,115999,7,830,547,101
985,116111,9,833,537,114
986,116204,8,834,538,114
987,116342,8,852,549,114
988,116450,8,856,552,114
989,116613,16,856,537,135
990,116740,7,855,535,137
991,116840,11,866,543,138
992,116947,12,872,547,140
993,117223,10,879,550,143
994,117318,7,889,559,144
995,117401,7,898,559,152
996,117516,8,898,551,163
997,117703,51,748,562,0
998,117798,8,752,563,3
999,117907,6,759,566,10
1000,117994,6,772,578,10
1001,118136,15,782,588,10
1002,118264,12,793,598,13
1003,118364,8,797,591,27
1004,118453,7,803,580,40
1005,118524,7,803,575,45
1006,118695,16,810,571,55
1007,118865,10,820,570,75
1008,118978,8,825,566,83
1009,119066,8,827,559,92
1010,119145,8,833,565,91
1011,119217,8,836,547,111
1012,119506,10,837,537,121
1013,119619,7,838,532,125
1014,119708,9,860,553,126
1015,119794,7,864,552,134
1016,119895,8,872,559,134
1017,119986,9,878,565,134
1018,120149,56,754,573,2
1019,120231,7,758,576,3
1020,120321,7,759,575,5
1021,120429,7,771,576,16
1022,120502,6,772,574,21
1023,120582,7,776,568,25
1024,120671,7,781,566,34
1025,120758,8,786,571,34
1026,120837,6,794,571,43
1027,120923,7,796,573,43
1028,121000,7,794,567,48
1029,121088,7,800,573,48
1030,121371,190,801,555,72
1031,121455,6,813,566,73
1032,121537,7,824,571,79
1033,121621,7,833,579,80
1034,121722,7,835,581,80
1035,121821,9,839,585,80
1036,121928,8,839,585,80
1037,121999,7,842,587,81
1038,122075,6,850,588,90
1039,122165,6,851,582,97
1040,122240,7,852,583,97
1041,122318,8,860,591,97
1042,122406,7,864,594,98
1043,122487,6,871,600,95
1044,122648,49,792,616,0
1045,122741,7,795,612,7
1046,122830,6,797,609,9
1047,122926,12,803,614,10
1048,123237,11,804,603,24
1049,123328,6,807,603,25
1050,123424,8,811,604,29
1051,123509,7,823,614,31
1052,123595,7,832,620,34
1053,123683,8,845,633,34
1054,123760,7,851,639,34
1055,123847,7,859,647,34
1056,123920,7,859,647,34
1057,123989,8,884,668,35
1058,124070,7,888,658,50
1059,124146,8,891,660,50
1060,124238,7,890,661,48
1061,124338,7,900,661,59
1062,124426,9,901,658,65
1063,124518,8,909,663,68
1064,124594,8,910,661,71
1065,124691,7,910,657,75
1066,124988,210,912,648,84
1067,125145,63,819,627,17
1068,125231,8,822,619,27
1069,125321,8,829,620,32
1070,125406,9,839,630,32
1071,125508,8,850,640,32
1072,125613,7,862,651,32
1073,125691,11,864,653,32
1074,125788,7,877,666,32
1075,125889,7,885,673,32
1076,125983,7,890,678,32
1077,126082,12,898,686,32
1078,126179,8,906,694,32
1079,126266,8,906,694,32
1080,126357,8,909,697,32
1081,126444,9,934,720,32
1082,126718,8,944,728,32
1083,126812,8,957,741,32
1084,126906,8,961,745,32
1085,126999,10,963,747,32
1086,127089,8,965,749,32
1087,127191,8,966,750,32
1088,127278,8,969,753,32
1089,127364,8,971,755,32
1090,127451,9,971,755,32
1091,127541,11,977,761,32
1092,127640,17,949,765,0
1093,127747,11,949,765,0
1094,127844,7,950,766,0
1095,127927,8,961,777,0
1096,128031,8,961,773,5
1097,128304,181,965,768,14
1098,128381,7,959,767,7
1099,128472,8,959,754,21
1100,128567,10,963,754,24
1101,128667,10,975,764,26
1102,128747,8,977,763,28
1103,128822,9,978,755,34
1104,128903,8,991,765,39
1105,128984,8,989,754,48
1106,129063,8,991,752,53
1107,129161,15,1004,759,60
1108,129260,9,1007,761,61
1109,129342,8,1001,759,58
1110,129429,9,1004,755,66
1111,129508,8,1006,757,65
1112,129588,8,1008,753,72
1113,129672,14,1013,758,72
1114,129919,10,1014,756,73
1115,130003,9,1020,761,73
1116,130137,42,953,761,0
1117,130219,9,968,769,6
1118,130315,8,979,773,13
1119,130398,8,979,771,16
1120,130486,9,982,773,16
1121,130570,9,990,775,22
1122,130641,8,999,780,28
1123,130723,10,999,781,24
1124,130818,8,1007,787,27
1125,130890,8,1015,795,27
1126,130979,10,1025,804,28
1127,131068,9,1033,807,34
1128,131158,10,1034,807,34
1129,131427,12,1040,800,45
1130,131502,9,1040,791,55
1131,131598,9,1051,794,59
1132,131687,13,1053,792,64
1133,131754,9,1054,785,74
1134,131846,9,1050,780,75
1135,131918,9,1053,783,75
1136,132008,10,1067,795,77
1137,132089,9,1077,797,85
1138,132190,10,1091,802,94
1139,132277,10,1100,803,98
1140,132375,9,1103,800,102
1141,132461,9,1106,802,106
1142,132631,76,995,791,1
1143,132708,9,1013,803,4
1144,132951,7,1016,795,13
1145,133025,8,1020,797,14
1146,133117,10,1020,797,14
1147,133211,7,1021,794,17
1148,133300,9,1021,792,18
1149,133377,9,1023,793,19
1150,133468,9,1029,791,28
1151,133566,10,1042,792,42
1152,133679,12,1056,800,48
1153,133778,8,1070,811,51
1154,133890,9,1069,810,50
1155,134010,12,1070,811,50
1156,134109,8,1071,808,52
1157,134207,13,1077,811,58
1158,134303,9,1080,813,59
1159,137029,2633,1081,752,110
1160,137185,12,945,723,7
1161,137268,7,949,724,10
1162,137344,7,967,737,12
1163,137440,7,970,739,13
1164,137532,9,973,742,13
1165,137625,13,974,755,0
1166,137720,8,976,754,2
1167,137813,7,983,761,2
1168,137890,10,983,761,2
1169,137979,8,996,771,3
1170,138069,8,997,770,3
1171,138166,10,999,765,10
1172,138284,18,1000,761,11
1173,138373,8,1003,756,19
1174,138485,8,1009,762,19
1175,138574,7,1015,768,19
1176,138651,8,1017,766,21
1177,138729,8,1026,774,21
1178,138813,8,1037,784,21
1179,138897,9,1050,789,27
1180,138988,9,1053,788,33
1181,139057,8,1056,790,34
1182,139143,9,1057,787,38
1183,139231,9,1057,781,46
1184,139324,8,1058,781,49
1185,139428,10,1058,782,48
1186,139520,9,1070,790,53
1187,139601,9,1070,785,54
1188,139688,8,1070,779,58
1189,139778,10,1073,772,66
1190,139905,9,1074,766,74
1191,139990,8,1086,777,73
1192,140089,12,1022,786,0
1193,140180,8,1026,790,0
1194,140282,9,1049,811,0
1195,140361,10,1049,811,0
1196,140442,8,1057,816,2
1197,140533,9,1062,820,3
1198,140630,9,1072,830,3
1199,140717,9,1075,832,3
1200,140805,9,1088,843,3
1201,140899,9,1094,849,3
1202,140986,8,1097,842,12
1203,141061,10,1105,845,18
1204,141145,11,1127,866,18
1205,141306,8,1137,872,23
1206,141384,8,1139,874,23
1207,141482,9,1139,874,23
1208,141578,9,1149,884,23
1209,141682,9,1152,886,23
1210,141782,9,1157,876,39
1211,141888,9,1157,871,47
1212,141982,9,1160,846,81
1213,142073,10,1172,841,99
1214,142162,9,1177,839,106
1215,142266,9,1186,820,140
1216,142359,9,1190,814,159
1217,142457,10,1191,810,170
1218,142537,6,1201,813,176
1219,142728,81,1028,816,0
1220,142818,8,1032,820,0
1221,142915,9,1040,818,12
1222,143019,8,1043,801,31
1223,143112,8,1045,794,40
1224,143197,9,1045,786,47
1225,143280,8,1063,797,55
1226,143358,9,1067,801,55
1227,143457,12,1072,770,92
1228,143563,9,1075,771,92
1229,143649,10,1081,774,96
1230,143735,8,1081,761,109
1231,143824,8,1082,750,121
1232,143921,8,1086,740,135
1233,143988,8,1094,742,141
1234,144109,9,1098,728,159
1235,144272,8,1106,725,172
1236,144354,11,1120,738,172
1237,144437,10,1121,737,173
1238,144509,11,1124,736,177
1239,144579,9,1137,740,188
1240,144666,9,1137,740,188
1241,144751,9,1148,745,196
1242,144822,9,1156,753,196
1243,144918,9,1158,755,196
1244,145014,9,1166,759,199
1245,145179,43,971,752,11
1246,145268,8,973,743,24
1247,145369,9,982,727,51
1248,145463,7,984,728,51
1249,145647,117,998,721,71
1250,145728,8,998,696,97
1251,145807,8,1015,712,97
1252,145889,8,1015,709,100
1253,145977,8,1020,698,118
1254,146073,8,1023,682,142
1255,146165,14,1033,666,168
1256,146261,10,1038,656,184
1257,146342,8,1039,656,184
1258,146444,10,1052,660,194
1259,146538,9,1052,657,198
1260,146622,9,1052,657,198
1261,146726,8,1055,659,200
1262,146821,8,1056,659,201
1263,146901,9,1057,649,211
1264,146980,10,1076,667,213
1265,147053,10,1083,674,213
1266,147242,113,1085,676,213
1267,147330,8,1089,671,224
1268,147426,10,1092,671,227
1269,147504,9,1103,682,226
1270,147678,48,878,683,0
1271,147757,10,885,674,17
1272,147857,9,885,671,21
1273,147934,7,891,669,27
1274,148017,7,897,667,38
1275,148097,8,916,685,38
1276,148179,8,923,692,38
1277,148262,7,928,696,39
1278,148373,8,928,694,40
1279,148452,8,938,698,47
1280,148546,8,939,696,54
1281,148636,9,945,696,60
1282,148827,7,948,689,71
1283,148900,10,952,687,72
1284,148994,8,956,687,78
1285,149080,8,959,685,86
1286,149167,8,970,695,86
1287,149258,8,974,693,94
1288,149349,8,978,697,94
1289,149440,9,979,698,94
1290,149522,9,980,690,101
1291,149591,8,982,684,110
1292,149688,9,987,687,112
1293,149765,8,988,663,137
1294,149848,9,991,661,145
1295,149927,10,994,649,161
1296,150039,9,999,643,174
1297,150159,14,833,651,0
1298,150246,8,839,648,8
1299,150440,7,845,635,23
1300,150534,7,848,638,23
1301,150629,7,850,632,33
1302,150707,7,854,632,37
1303,150796,7,861,638,38
1304,150888,7,861,636,41
1305,150992,8,865,628,53
1306,151076,13,877,635,55
1307,151179,8,878,632,59
1308,151279,13,880,635,58
1309,151390,9,879,636,56
1310,151491,11,879,638,54
1311,151576,10,885,641,57
1312,151662,9,895,648,60
1313,151739,7,910,662,61
1314,151840,7,911,656,70
1315,151930,7,919,657,77
1316,152023,7,918,643,88
1317,152286,151,919,642,90
1318,152383,7,921,617,111
1319,152463,8,924,611,124
1320,152677,8,931,598,146
1321,152792,14,826,609,27
1322,152884,8,831,604,29
1323,152976,7,835,607,30
1324,153068,9,841,613,30
1325,153171,9,851,621,30
1326,153275,8,856,614,41
1327,153362,8,873,627,42
1328,153453,7,879,630,43
1329,153537,8,888,638,44
1330,153623,7,896,645,44
1331,153704,8,900,641,47
1332,153793,8,902,640,51
1333,153868,8,911,649,51
1334,153959,8,915,653,51
1335,154179,151,922,656,55
1336,154263,7,928,657,59
1337,154330,7,928,655,60
1338,154406,9,931,658,61
1339,154480,7,937,662,62
1340,154548,7,940,658,69
1341,154616,7,945,661,69
1342,154709,7,950,661,73
1343,154785,8,954,665,73
1344,154858,8,952,665,71
1345,154935,9,958,670,70
1346,155028,8,962,670,72
1347,155160,41,899,675,4
1348,155246,8,902,668,10
1349,155329,8,906,657,25
1350,155398,8,910,662,24
1351,155482,8,919,669,26
1352,155573,7,920,666,32
1353,155653,10,933,669,36
1354,155893,8,943,661,46
1355,155976,8,954,666,52
1356,156073,8,960,670,55
1357,156155,8,978,685,58
1358,156231,8,985,688,62
1359,156322,14,988,681,73
1360,156398,8,995,677,81
1361,156473,8,997,678,83
1362,156564,8,996,679,80
1363,156630,7,1001,684,80
1364,156724,8,1007,690,80
1365,156817,8,1010,694,79
1366,156914,9,1011,691,88
1367,156993,8,1011,691,88
1368,157077,9,1024,703,91
1369,157190,9,1036,714,92
1370,157265,8,1039,715,96
1371,157343,10,1047,718,102
1372,157441,8,1055,726,102
1373,157737,50,939,709,5
1374,157806,7,951,712,13
1375,157892,7,951,706,20
1376,157974,7,955,709,20
1377,158058,7,966,719,22
1378,158148,8,972,721,28
1379,158240,8,978,726,26
1380,158344,8,987,732,29
1381,158438,7,988,734,28
1382,158512,8,993,736,31
1383,158599,8,1000,737,33
1384,158675,8,1000,731,33
1385,158756,8,1010,724,49
1386,158851,8,1014,727,50
1387,158932,8,1015,726,54
1388,159006,8,1028,733,57
1389,159081,9,1028,732,57
1390,159170,9,1031,730,61
1391,159446,16,1032,715,90
1392,159548,8,1037,717,91
1393,159641,9,1041,718,91
1394,159731,8,1041,716,93
1395,159797,9,1046,721,93
1396,159875,9,1046,721,93
1397,159958,8,1048,721,97
1398,160046,13,1061,730,101
1399,160152,12,968,730,8
1400,160240,8,974,734,10
1401,160331,7,977,729,18
1402,160408,7,980,731,19
1403,160504,13,979,731,17
1404,160594,8,983,730,24
1405,160680,8,984,730,25
1406,160927,8,983,718,35
1407,161011,8,990,721,39
1408,161079,8,1002,732,40
1409,161145,7,1014,744,40
1410,161208,8,1021,745,48
1411,161287,8,1033,755,48
1412,161360,8,1057,775,48
1413,161451,8,1061,779,48
1414,161561,8,1064,780,49
1415,161643,9,1076,789,53
1416,161731,9,1080,787,60
1417,161823,9,1083,782,66
1418,161910,8,1095,792,69
1419,162007,8,1106,795,78
1420,162148,9,1116,800,83
1421,162221,9,1122,802,86
1422,162467,8,1127,800,94
1423,162540,8,1128,798,95
1424,162636,11,1043,808,0
1425,162714,8,1048,810,2
1426,162792,8,1049,811,2
1427,162881,9,1050,809,5
1428,162963,8,1065,822,6
1429,163041,9,1070,823,9
1430,163141,12,1071,817,16
1431,163238,8,1078,822,20
1432,163314,9,1097,840,21
1433,163402,9,1098,839,23
1434,163490,8,1110,846,27
1435,163573,9,1111,845,30
1436,163675,8,1123,858,29
1437,163917,9,1135,865,35
1438,163995,10,1141,870,36
1439,164085,9,1153,880,36
1440,164160,9,1165,890,36
1441,164247,9,1165,883,43
1442,164339,9,1171,888,45
1443,164445,10,1176,887,52
1444,164523,10,1186,897,52
1445,164605,10,1209,919,52
1446,164681,10,1214,924,52
1447,164761,10,1218,928,52
1448,164841,10,1222,931,51
1449,164937,10,1229,938,51
1450,165034,10,1229,938,51
1451,165301,189,1183,943,0
1452,165391,9,1187,946,0
1453,165490,8,1196,953,0
1454,165568,9,1196,953,0
1455,165662,10,1200,957,0
1456,165743,9,1208,963,0
1457,165809,9,1211,966,0
1458,165892,10,1211,966,0
1459,165969,10,1214,968,0
1460,166057,10,1219,973,0
1461,166141,10,1221,975,0
1462,166216,9,1233,985,0
1463,166287,10,1249,999,0
1464,166377,10,1249,999,0
1465,166464,10,1252,1002,0
1466,166714,172,1266,1016,0
1467,166812,10,1272,1022,0
1468,166905,10,1277,1027,0
1469,167009,11,1279,1029,0
1470,167084,9,1293,1035,0
1471,167163,10,1314,1050,4
1472,167251,15,1324,1057,5
1473,167333,10,1325,1050,9
1474,167410,11,1326,1048,12
1475,167477,10,1330,1051,12
1476,167568,14,1317,1051,0
1477,167652,11,1317,1047,4
1478,167757,11,1327,1053,5
1479,167840,11,1337,1061,5
1480,168072,144,1351,1071,11
1481,168157,10,1354,1063,25
1482,168242,11,1365,1071,26
1483,168325,11,1375,1077,30
1484,168425,10,1378,1071,36
1485,168513,12,1383,1070,43
1486,168600,11,1397,1084,43
1487,168684,11,1403,1086,49
1488,168777,15,1404,1081,53
1489,168893,13,1408,1077,57
1490,168995,14,1410,1070,62
1491,169070,12,1419,1079,62
1492,169153,11,1421,1077,67
1493,169255,11,1426,1070,81
1494,169373,11,1433,1074,84
1495,169652,12,1433,1070,87
1496,169719,11,1433,1069,88
1497,169809,12,1432,1066,93
1498,169896,10,1433,1065,95
1499,169969,11,1431,1062,95
1500,170117,60,1335,1057,4
1501,170185,10,1348,1062,14
1502,170272,10,1353,1057,24
1503,170356,10,1360,1063,25
1504,170461,10,1372,1070,30
1505,170565,10,1374,1064,41
1506,170635,11,1377,1064,41
1507,170718,11,1390,1073,43
1508,170804,10,1390,1068,45
1509,171056,11,1391,1056,57
1510,171114,11,1395,1057,60
1511,171201,10,1401,1052,64
1512,171275,12,1404,1054,65
1513,171354,11,1406,1055,67
1514,171430,12,1406,1038,86
1515,171524,11,1405,1025,92
1516,171634,11,1406,1011,106
1517,171747,11,1408,999,122
1518,171844,10,1416,985,147
1519,171945,15,1419,984,156
1520,172030,12,1418,964,178
1521,172128,11,1420,958,188
1522,172229,11,1430,945,206
1523,172339,16,1434,938,218
1524,172673,12,1443,897,272
1525,172821,16,1174,887,17
1526,172927,12,1189,879,38
1527,173028,10,1197,871,54
1528,173115,10,1199,848,70
1529,173204,10,1209,847,83
1530,173289,10,1221,845,96
1531,173380,9,1226,846,102
1532,173471,11,1234,850,104
1533,173584,11,1239,829,136
1534,173668,12,1251,826,158
1535,173752,10,1254,816,174
1536,173837,9,1256,809,183
1537,173929,10,1278,815,201
1538,174194,189,1280,795,224
1539,174273,10,1295,801,233
1540,174369,12,1299,800,238
1541,174459,10,1300,790,249
1542,174541,10,1304,793,250
1543,174621,10,1309,796,252
1544,174707,9,1311,783,269
1545,174808,11,1313,765,290
1546,174897,10,1316,767,291
1547,174993,11,1316,764,294
1548,175344,77,1024,729,48
1549,175457,11,1031,716,69
1550,175552,9,1036,716,73
1551,175852,9,1042,699,96
1552,175926,9,1044,695,103
1553,176007,8,1050,694,114
1554,176093,8,1051,681,137
1555,176187,9,1060,681,144
1556,176275,8,1065,684,144
1557,176374,8,1069,666,170
1558,176503,14,1070,661,175
1559,176594,9,1083,661,187
1560,176677,10,1091,664,190
1561,176772,10,1092,660,194
1562,176845,10,1101,663,199
1563,176941,10,1104,662,204
1564,177022,9,1105,654,215
1565,177119,10,1111,647,222
1566,177226,10,1124,652,228
1567,177478,10,1129,651,235
1568,177728,85,897,640,12
1569,177831,9,910,641,16
1570,177908,7,921,641,27
1571,177995,9,922,630,44
1572,178094,11,926,632,46
1573,178184,8,931,628,60
1574,178269,8,932,627,64
1575,178354,9,944,629,73
1576,178446,9,949,624,81
1577,178537,9,955,619,94
1578,178633,9,959,610,105
1579,178724,8,959,608,109
1580,178827,8,973,621,109
1581,181968,66,695,464,29
1582,182036,6,718,478,38
1583,182107,7,730,486,40
1584,182191,7,737,493,40
1585,182281,7,750,505,40
1586,182371,7,759,503,45
1587,182450,7,766,505,48
1588,182521,7,768,504,48
1589,182623,28,722,504,3
1590,182702,6,744,526,3
1591,182802,12,757,535,9
1592,182894,8,762,540,9
1593,182976,6,770,548,9
1594,183045,8,783,556,13
1595,183178,7,785,554,16
1596,183264,6,787,555,17
1597,183376,12,791,556,17
1598,183461,11,798,550,28
1599,183569,7,802,551,30
1600,183674,8,808,555,33
1601,183765,8,815,561,34
1602,183857,9,817,560,39
1603,183953,8,826,567,41
1604,184063,9,831,571,42
1605,184166,8,840,578,41
1606,184261,8,844,577,47
1607,184351,8,845,567,58
1608,184432,7,846,559,60
1609,184517,9,847,554,73
1610,184625,7,851,546,84
1611,184765,49,852,538,90
1612,184853,8,854,535,97
1613,184934,7,857,535,100
1614,185001,8,860,535,101
1615,185153,66,775,542,12
1616,185236,7,775,538,17
1617,185317,6,777,529,29
1618,185421,7,787,532,36
1619,185506,7,796,538,38
1620,185585,6,811,552,38
1621,185676,7,812,548,43
1622,185770,8,811,547,43
1623,185855,7,815,550,43
1624,185940,7,815,545,47
1625,186027,7,821,550,47
1626,186109,7,821,539,64
1627,186255,7,834,550,68
1628,186350,7,838,542,83
1629,186437,7,845,547,84
1630,186516,8,863,557,96
1631,186602,8,873,561,103
1632,186683,7,883,559,110
1633,186763,7,903,580,109
1634,186840,8,918,592,109
1635,186926,8,916,590,109
1636,186992,8,928,602,109
1637,187083,8,933,605,107
1638,187187,9,936,607,109
1639,187279,8,939,607,112
1640,187377,9,940,608,112
1641,187476,8,940,604,118
1642,187696,64,833,615,0
1643,187776,7,840,618,2
1644,187863,7,853,623,15
1645,187938,7,853,619,19
1646,188021,7,853,615,21
1647,188084,7,855,614,22
1648,188169,7,865,615,35
1649,188259,8,878,628,35
1650,188347,8,887,636,36
1651,188429,7,891,639,42
1652,188502,9,896,644,42
1653,188597,7,901,648,43
1654,188671,7,901,645,44
1655,188775,8,901,640,52
1656,188877,7,902,631,63
1657,188968,7,918,641,64
1658,189135,8,926,640,77
1659,189223,8,928,639,81
1660,189298,11,929,638,79
1661,189375,8,937,646,79
1662,189457,9,942,651,79
1663,189538,8,947,647,90
1664,189611,8,955,650,91
1665,189691,8,962,648,98
1666,189778,8,960,648,96
1667,189865,8,960,646,100
1668,189933,9,966,649,100
1669,190016,8,974,651,104
1670,190147,48,875,650,5
1671,190229,8,882,652,4
1672,190290,7,884,651,8
1673,190454,89,884,638,18
1674,190536,7,890,639,20
1675,190623,7,891,639,21
1676,190684,7,896,642,21
1677,190759,8,900,646,21
1678,190851,7,910,651,21
1679,190939,8,907,654,15
1680,191036,7,909,651,20
1681,191117,8,923,661,23
1682,191194,8,931,666,26
1683,191271,8,930,665,26
1684,191352,7,938,669,30
1685,191432,7,942,671,32
1686,191508,10,949,677,29
1687,191589,8,960,685,32
1688,191677,8,964,686,32
1689,191749,8,971,683,37
1690,191918,8,986,696,40
1691,191989,8,987,696,40
1692,192063,8,989,695,43
1693,192151,8,989,695,43
1694,192251,8,990,696,43
1695,192356,10,990,696,43
1696,192439,8,991,693,50
1697,192530,11,1009,708,51
1698,192642,42,976,719,9
1699,192733,8,980,713,22
1700,192813,8,980,711,24
1701,192910,7,979,707,27
1702,193004,8,981,706,30
1703,193072,8,979,701,38
1704,193164,8,981,701,42
1705,193343,7,986,697,48
1706,193425,8,995,704,48
1707,193514,10,998,700,56
1708,193598,8,1012,712,59
1709,193682,10,1014,719,53
1710,193771,8,1016,722,52
1711,193846,9,1033,739,52
1712,193922,9,1034,739,54
1713,194001,8,1034,733,63
1714,194077,9,1039,733,67
1715,194162,10,1042,734,69
1716,194259,10,1050,739,72
1717,194349,8,1055,742,76
1718,194429,9,1064,748,84
1719,194505,9,1064,749,82
1720,194700,120,1064,745,84
1721,194792,12,1065,737,99
1722,194870,9,1065,735,101
1723,194952,8,1076,742,105
1724,195033,10,1077,740,105
1725,195151,43,978,746,0
1726,195221,8,981,749,0
1727,195305,8,985,751,0
1728,195388,9,988,750,0
1729,195479,9,997,759,0
1730,195557,9,1002,759,1
1731,195657,8,1009,764,6
1732,195740,8,1012,762,7
1733,195829,9,1030,777,7
1734,195913,10,1034,777,9
1735,196000,9,1050,787,11
1736,196219,9,1052,780,18
1737,196307,10,1053,781,18
1738,196405,10,1058,785,18
1739,196467,8,1065,792,18
1740,196546,8,1070,792,21
1741,196620,9,1072,794,21
1742,196701,8,1081,803,21
1743,196789,8,1082,804,21
1744,196862,9,1091,811,21
1745,196931,9,1089,811,19
1746,197033,8,1094,813,22
1747,197119,12,1102,814,31
1748,197203,11,1102,812,35
1749,197295,9,1107,814,39
1750,197378,9,1110,817,39
1751,197464,9,1116,822,40
1752,197706,150,1079,820,3
1753,197790,9,1081,821,4
1754,197875,9,1084,822,6
1755,197960,8,1085,822,7
1756,198039,8,1088,825,7
1757,198132,8,1092,825,14
1758,198252,12,1095,819,23
1759,198344,8,1104,822,29
1760,198432,10,1111,825,34
1761,198506,9,1111,824,34
1762,198600,9,1116,828,35
1763,198686,9,1122,834,35
1764,198780,9,1124,831,42
1765,198866,12,1131,838,42
1766,198956,11,1135,838,51
1767,199052,11,1138,837,55
1768,199136,9,1140,838,55
1769,199220,9,1147,842,57
1770,199479,184,1152,843,61
1771,199580,14,1168,856,61
1772,199656,10,1180,868,61
1773,199732,9,1180,868,61
1774,199795,9,1184,871,62
1775,199875,9,1189,876,62
1776,199965,10,1191,878,62
1777,200097,46,1130,879,0
1778,200174,9,1134,881,2
1779,200248,8,1141,888,2
1780,200330,10,1148,891,9
1781,200423,10,1159,898,13
1782,200491,12,1167,903,17
1783,200567,10,1182,912,24
1784,200645,10,1194,924,23
1785,200756,10,1206,932,23
1786,200840,10,1206,928,27
1787,201068,10,1209,929,27
1788,201144,10,1209,923,36
1789,201230,9,1209,920,35
1790,201315,10,1211,922,35
1791,201402,10,1213,922,35
1792,201501,10,1221,925,40
1793,201597,9,1224,923,47
1794,201690,9,1226,883,92
1795,201787,9,1223,875,98
1796,201874,9,1244,886,109
1797,201947,10,1262,895,118
1798,202041,11,1277,888,141
1799,202132,11,1293,891,154
1800,202228,10,1294,879,173
1801,202321,11,1295,862,196
1802,202414,10,1297,849,204
1803,202697,9,1304,854,204
1804,202865,55,1103,830,32
1805,202951,9,1109,811,59
1806,203052,9,1118,806,70
1807,203146,8,1118,782,98
1808,203238,10,1121,763,128
1809,203333,9,1123,746,159
1810,203420,10,1127,741,171
1811,203511,9,1131,753,158
1812,203592,9,1138,750,167
1813,203696,9,1141,734,190
1814,203787,9,1145,735,192
1815,203879,10,1154,736,201
1816,203969,9,1155,725,216
1817,204059,10,1161,730,217
1818,204332,173,1162,724,226
1819,204403,9,1164,710,246
1820,204493,9,1167,712,246
1821,204568,10,1166,704,255
1822,204659,9,1175,700,273
1823,204754,10,1186,708,274
1824,204843,10,1189,704,281
1825,204927,11,1192,693,294
1826,205007,9,1198,699,294
1827,205184,44,905,701,0
1828,205266,8,906,701,1
1829,205357,8,919,709,1
1830,205455,8,920,709,2
1831,205548,8,929,714,4
1832,205843,8,942,712,16
1833,205910,8,949,710,26
1834,206007,8,955,700,43
1835,206088,8,956,679,65
1836,206171,9,965,685,65
1837,206254,7,965,673,79
1838,206348,8,966,656,97
1839,206436,7,970,656,102
1840,206516,8,977,663,102
1841,206620,9,977,657,110
1842,206707,12,991,667,116
1843,206809,10,994,656,130
1844,206909,8,993,649,136
1845,206997,8,993,641,148
1846,207077,9,995,642,149
1847,207165,8,995,638,153
1848,207418,179,1000,637,160
1849,207501,10,1014,651,160
1850,207667,56,864,661,0
1851,207777,7,868,655,10
1852,207884,11,894,668,21
1853,207978,8,896,657,33
1854,208053,8,896,654,36
1855,208138,8,899,639,59
1856,208237,7,899,628,70
1857,208332,8,907,630,73
1858,208436,10,916,622,89
1859,208554,8,918,618,92
1860,208653,9,922,619,95
1861,208743,8,923,612,106
1862,208848,10,923,603,115
1863,209106,9,923,602,117
1864,209210,8,925,604,117
1865,209297,7,932,611,116
1866,209389,9,942,621,116
1867,209486,9,944,623,116
1868,209572,9,945,624,116
1869,209655,8,947,627,115
1870,209734,7,957,637,115
1871,209816,9,971,651,115
1872,209900,11,974,653,115
1873,209996,8,975,654,115
1874,210145,36,875,668,0
1875,210249,8,886,679,0
1876,210340,8,887,680,0
1877,210427,9,897,687,0
1878,210662,8,900,690,0
1879,210730,8,903,693,0
1880,210817,8,910,700,0
1881,210913,8,911,701,0
1882,211014,8,921,711,0
1883,211122,10,926,715,0
1884,211210,8,930,719,0
1885,211298,8,931,720,0
1886,211399,12,942,728,0
1887,211499,8,944,730,0
1888,211563,8,960,745,0
1889,211643,8,961,746,0
1890,211723,9,974,759,0
1891,211799,9,979,763,0
1892,211896,9,979,763,0
1893,211989,8,984,768,0
1894,212215,11,993,756,21
1895,212284,9,1001,751,36
1896,212359,8,1000,743,42
1897,212436,9,1003,739,49
1898,212542,18,1009,739,49
1899,212694,45,968,729,21
1900,212778,9,969,723,27
1901,212854,9,968,718,30
1902,212945,8,969,717,32
1903,213040,9,983,727,37
1904,213131,8,986,730,37
1905,213199,9,990,733,37
1906,213291,10,992,720,55
1907,213370,11,1003,724,63
1908,213447,9,1003,723,65
1909,213672,10,1007,714,78
1910,213755,8,1010,715,80
1911,213832,7,1015,713,89
1912,213929,9,1020,714,92
1913,214029,8,1025,719,91
1914,214114,12,1029,711,104
1915,214199,9,1047,724,109
1916,214291,9,1049,722,113
1917,214381,10,1053,721,117
1918,214461,10,1066,725,127
1919,214563,9,1070,722,136
1920,214649,10,1079,729,138
1921,214738,9,1082,727,141
1922,214826,10,1093,733,145
1923,214913,9,1095,725,158
1924,214990,10,1097,724,159
1925,215325,35,945,724,8
1926,215399,8,957,732,14
1927,215477,7,965,738,20
1928,215569,8,970,739,22
1929,215650,8,983,749,23
1930,215723,9,997,754,33
1931,215807,9,999,740,51
1932,215889,9,1003,742,52
1933,215980,8,1007,735,61
1934,216076,9,1021,729,77
1935,216158,9,1031,724,94
1936,216248,8,1036,729,94
1937,216339,9,1044,730,101
1938,216422,9,1055,737,102
1939,216492,8,1068,747,102
1940,216573,9,1073,753,101
1941,216842,9,1081,741,117
1942,216915,9,1081,734,132
1943,216996,8,1086,737,136
1944,217074,11,1105,747,143
1945,217160,9,1120,760,145
1946,217246,13,1126,763,146
1947,217335,9,1135,769,150
1948,217429,9,1144,772,156
1949,217521,11,1153,777,159
1950,217689,50,1004,789,0
1951,217768,9,1007,792,0
1952,217843,9,1009,793,3
1953,217915,9,1017,795,10
1954,217999,9,1025,799,14
1955,218247,173,1035,787,34
1956,218340,8,1033,781,34
1957,218430,8,1031,777,33
1958,218521,9,1032,777,35
1959,218606,9,1035,780,35
1960,218689,8,1037,780,37
1961,218783,9,1039,780,40
1962,218871,8,1039,776,44
1963,218940,8,1060,796,45
1964,219039,9,1067,800,45
1965,219131,10,1069,800,45
1966,219218,9,1071,799,48
1967,219304,8,1081,806,48
1968,219377,8,1087,812,46
1969,219458,8,1093,818,45
1970,219561,8,1092,819,44
1971,221770,56,955,724,13
1972,221852,8,975,741,16
1973,221930,10,985,751,16
1974,222010,8,991,756,17
1975,222090,8,1004,767,17
1976,222188,11,1005,767,20
1977,222271,10,1005,766,22
1978,222399,8,1006,758,29
1979,222470,8,1016,765,32
1980,222560,12,985,767,0
1981,222641,8,996,776,1
1982,222718,10,1000,777,2
1983,222831,13,1006,779,6
1984,222937,9,1011,776,11
1985,223048,9,1023,771,30
1986,223115,8,1026,768,42
1987,223188,8,1028,766,42
1988,223253,8,1037,775,40
1989,223342,11,1038,765,51
1990,223448,7,1038,765,49
1991,223521,8,1042,763,52
1992,223611,8,1043,762,55
1993,223703,10,1056,772,56
1994,223804,9,1057,770,59
1995,223898,11,1059,763,70
1996,223976,8,1063,768,68
1997,224080,9,1068,769,70
1998,224186,8,1074,765,83
1999,224252,9,1082,773,83
2000,224379,55,1084,773,85
2001,224460,11,1085,772,87
2002,224538,10,1083,772,85
2003,224629,8,1091,780,85
2004,224711,9,1093,782,85
2005,224782,9,1093,776,88
2006,224862,9,1101,782,91
2007,224932,10,1103,776,100
2008,225009,12,1112,780,101
2009,225173,52,1012,770,14
2010,225271,8,1017,770,17
2011,225370,9,1022,771,20
2012,225445,8,1025,767,27
2013,225525,11,1027,765,31
2014,225599,10,1031,767,31
2015,225739,8,1043,773,34
2016,225818,8,1053,781,34
2017,225900,8,1063,790,35
2018,225999,8,1065,785,41
2019,226070,10,1079,799,41
2020,226147,9,1088,808,41
2021,226240,11,1091,806,47
2022,226327,15,1101,813,51
2023,226437,12,1104,816,51
2024,226559,18,1106,812,55
2025,226679,10,1111,815,56
2026,226758,8,1112,813,60
2027,226839,8,1112,812,65
2028,226924,11,1125,825,65
2029,227018,10,1129,822,65
2030,227105,11,1131,823,66
2031,227355,11,1133,820,67
2032,227505,30,1144,825,72
2033,227633,21,1080,832,0
2034,227711,8,1081,833,0
2035,227798,11,1095,831,18
2036,227891,10,1100,832,20
2037,227974,10,1102,832,22
2038,228057,10,1105,831,26
2039,228134,10,1119,842,27
2040,228218,9,1120,841,28
2041,228300,10,1137,854,30
2042,228505,12,1141,853,31
2043,228582,10,1142,853,31
2044,228692,10,1153,855,36
2045,228980,11,1154,838,54
2046,229084,9,1168,850,56
2047,229171,9,1173,854,59
2048,229257,10,1177,856,59
2049,229346,10,1185,864,59
2050,229420,12,1191,868,59
2051,229489,10,1197,874,59
2052,229575,10,1197,866,66
2053,229659,10,1206,876,65
2054,229733,9,1214,883,66
2055,229826,10,1216,882,71
2056,229908,10,1218,883,71
2057,229991,13,1227,891,71
2058,230150,56,1155,885,4
2059,230342,9,1164,883,10
2060,230436,13,1164,881,12
2061,230546,14,1167,883,12
2062,230625,11,1167,880,16
2063,230741,9,1165,873,14
2064,230837,12,1169,874,16
2065,230925,11,1172,877,16
2066,231026,9,1179,882,18
2067,231104,10,1181,879,23
2068,231194,9,1185,882,25
2069,231276,10,1191,883,29
2070,231359,9,1194,879,29
2071,231459,10,1207,877,48
2072,231567,13,1207,850,87
2073,231668,10,1207,823,119
2074,231884,10,1209,794,164
2075,231980,10,1208,776,187
2076,232081,12,1215,775,195
2077,232178,10,1223,769,212
2078,232265,9,1231,768,226
2079,232359,10,1232,757,234
2080,232437,9,1240,763,234
2081,232520,10,1252,754,261
2082,232716,61,1003,766,0
2083,232816,13,1007,754,18
2084,232914,8,1017,751,33
2085,232985,9,1025,744,47
2086,233083,8,1031,733,64
2087,233293,137,1031,707,91
2088,233395,11,1038,703,101
2089,233478,9,1041,701,107
2090,233575,8,1055,700,120
2091,233656,8,1057,695,128
2092,233763,9,1058,694,130
2093,233861,10,1066,702,130
2094,233950,10,1066,693,139
2095,234028,9,1070,697,139
2096,234111,9,1074,676,165
2097,234261,25,1080,682,165
2098,234345,8,1082,684,164
2099,234409,9,1087,685,168
2100,234491,8,1092,682,173
2101,234576,10,1097,682,175
2102,234669,10,1099,682,180
2103,234766,8,1103,680,188
2104,234981,9,1108,664,210
2105,235148,62,895,656,8
2106,235238,8,899,649,19
2107,235327,8,899,647,25
2108,235419,8,909,648,31
2109,235508,7,925,655,41
2110,235594,9,930,652,51
2111,235684,8,935,656,51
2112,235778,8,938,659,51
2113,235854,8,940,661,51
2114,235950,10,945,650,60
2115,236031,8,947,646,70
2116,236119,9,958,635,92
2117,236220,9,970,627,122
2118,236306,8,974,628,123
2119,236528,11,981,632,128
2120,236616,8,992,636,132
2121,236712,8,990,633,133
2122,236793,8,1008,643,137
2123,236877,8,1010,635,149
2124,236965,9,1017,635,151
2125,237055,9,1022,637,155
2126,237153,9,1021,627,164
2127,237232,8,1025,629,167
2128,237319,9,1028,632,167
2129,237395,9,1032,636,167
2130,237488,9,1038,636,177
2131,237631,41,866,636,5
2132,237712,7,875,633,17
2133,237792,8,877,634,17
2134,237890,11,877,628,23
2135,237992,9,877,622,29
2136,238238,7,884,612,56
2137,238321,7,891,616,59
2138,238386,8,897,616,61
2139,238500,14,897,610,65
2140,238592,9,905,610,73
2141,238680,8,909,597,90
2142,238760,9,913,594,98
2143,238858,8,925,605,98
2144,238936,8,934,614,98
2145,239022,7,940,620,98
2146,239130,14,945,625,98
2147,239221,11,948,626,100
2148,239310,9,952,614,118
2149,239400,8,955,599,140
2150,239491,9,957,604,140
2151,239581,7,959,604,142
2152,239675,8,961,603,146
2153,239904,7,963,595,152
2154,239973,8,968,599,153
2155,240127,51,834,614,3
2156,240207,8,843,617,9
2157,240283,8,850,624,9
2158,240375,8,855,627,10
2159,240452,9,865,631,19
2160,240541,8,867,636,16
2161,240635,9,878,644,20
2162,240701,7,884,650,18
2163,240805,8,887,650,20
2164,240916,13,895,643,38
2165,241011,9,905,653,38
2166,241116,11,920,664,39
2167,241185,9,929,665,43
2168,241261,8,939,668,46
2169,241364,12,939,657,57
2170,241574,12,945,647,75
2171,241908,218,948,644,82
2172,242012,7,950,635,93
2173,242122,11,957,641,94
2174,242212,9,960,644,94
2175,242293,8,963,637,105
2176,242367,9,972,642,109
2177,242456,9,976,644,115
2178,242547,9,983,644,124
2179,242654,14,861,638,8
2180,242746,7,862,639,8
2181,242817,8,878,652,8
2182,242914,14,886,644,26
2183,243004,8,887,640,34
2184,243080,8,888,639,42
2185,243180,7,890,629,53
2186,243277,8,892,626,59
2187,243354,8,890,632,51
2188,243433,8,894,631,57
2189,243520,8,907,639,62
2190,243757,172,907,639,62
2191,243838,7,909,638,65
2192,243921,8,909,623,80
2193,244008,8,912,619,89
2194,244073,9,929,628,97
2195,244161,8,940,634,100
2196,244264,8,940,634,99
2197,244358,8,945,632,104
2198,244463,8,948,628,112
2199,244560,7,951,631,112
2200,244628,8,960,640,109
2201,244714,8,961,639,115
2202,244832,9,966,642,124
2203,244916,9,967,639,126
2204,245004,10,972,642,126
2205,245175,47,853,649,0
2206,245438,8,860,654,2
2207,245515,8,871,659,8
2208,245611,7,875,661,8
2209,245702,8,885,662,19
2210,245778,8,889,660,25
2211,245857,11,899,662,32
2212,245959,8,902,661,34
2213,246054,11,906,659,36
2214,246148,8,916,669,38
2215,246250,9,928,673,47
2216,246340,10,938,682,47
2217,246426,8,947,685,57
2218,246502,8,948,681,64
2219,246622,11,953,682,65
2220,246710,8,953,682,65
2221,246797,8,963,688,72
2222,246864,9,969,694,72
2223,247129,8,979,703,72
2224,247210,8,997,719,71
2225,247276,9,1011,729,70
2226,247362,8,1012,726,77
2227,247450,10,1017,728,80
2228,247545,14,1018,726,83
2229,247651,16,937,725,5
2230,247745,10,943,722,15
2231,247839,8,946,725,15
2232,247928,8,951,723,18
2233,248024,9,956,728,18
2234,248116,10,973,742,22
2235,248197,11,975,744,22
2236,248282,9,979,747,23
2237,248377,9,992,759,26
2238,248621,8,992,751,36
2239,248708,8,995,751,39
2240,248786,9,996,750,41
2241,248867,8,997,749,45
2242,248969,11,1003,753,44
2243,249072,8,1004,747,52
2244,249169,10,1009,743,62
2245,249252,9,1016,746,64
2246,249341,8,1021,749,66
2247,249419,9,1024,744,74
2248,249497,8,1032,749,78
2249,249589,8,1032,744,84
2250,249672,9,1038,746,87
2251,249758,9,1049,759,85
2252,249840,9,1055,765,84
2253,249921,9,1059,769,84
2254,250252,61,977,771,0
2255,250333,10,982,776,0
2256,250429,11,992,786,0
2257,250503,8,1004,798,0
2258,250572,8,1015,809,0
2259,250643,10,1015,809,0
2260,250731,8,1020,814,0
2261,250821,9,1025,819,0
2262,250892,8,1032,826,0
2263,250978,9,1037,831,0
2264,251058,10,1044,837,0
2265,251126,9,1048,841,0
2266,251197,9,1051,844,0
2267,251303,10,1057,850,0
2268,251570,8,1058,851,0
2269,251675,11,1059,852,0
2270,251750,9,1074,867,0
2271,251825,9,1087,873,4
2272,251905,9,1091,873,7
2273,251996,9,1092,872,10
2274,252095,8,1101,878,15
2275,252180,9,1102,877,15
2276,252263,8,1105,875,21
2277,252347,9,1113,882,20
2278,252431,11,1114,883,20
2279,252516,9,1125,887,27
2280,252638,41,1102,889,3
2281,252718,10,1115,899,5
2282,252808,10,1129,911,5
2283,253032,10,1134,901,19
2284,253129,10,1135,902,20
2285,253214,10,1140,906,20
2286,253294,9,1143,907,22
2287,253394,9,1160,924,21
2288,253465,12,1163,919,26
2289,253555,11,1165,918,30
2290,253638,10,1173,916,35
2291,253708,9,1179,921,37
2292,253783,10,1189,928,41
2293,253880,10,1196,933,43
2294,253978,10,1204,936,47
2295,254060,10,1215,944,47
2296,254143,11,1236,959,54
2297,254228,10,1253,964,63
2298,254447,10,1262,962,72
2299,254517,10,1263,951,82
2300,254616,12,1264,950,84
2301,254706,10,1265,951,83
2302,254789,11,1273,957,85
2303,254881,10,1278,954,86
2304,254973,10,1278,951,88
2305,255138,54,1194,954,1
2306,255226,10,1198,955,5
2307,255309,9,1201,957,6
2308,255400,12,1206,961,7
2309,255490,12,1208,959,13
2310,255573,12,1214,953,27
2311,255660,11,1221,956,29
2312,258189,47,1125,873,17
2313,258252,9,1136,883,20
2314,258340,8,1140,885,21
2315,258409,10,1144,889,21
2316,258493,10,1148,892,21
2317,258575,13,1151,891,24
2318,258657,11,1152,892,24
2319,258741,12,1159,896,30
2320,258818,10,1161,893,30
2321,258874,11,1169,900,30
2322,258951,10,1173,904,30
2323,259040,10,1176,907,31
2324,259142,11,1177,904,32
2325,259237,10,1185,909,34
2326,259379,60,1197,908,42
2327,259470,10,1203,901,51
2328,259557,11,1209,905,53
2329,259642,12,1209,900,56
2330,259731,9,1213,899,59
2331,259818,10,1219,899,60
2332,259892,9,1221,901,60
2333,259989,11,1226,906,60
2334,260121,46,1167,904,3
2335,260194,9,1167,903,4
2336,260284,12,1170,906,4
2337,260386,13,1178,909,7
2338,260493,13,1198,926,11
2339,260592,11,1206,934,11
2340,260686,13,1212,928,21
2341,260767,10,1212,927,22
2342,260916,12,1213,928,22
2343,261007,11,1220,931,22
2344,261096,9,1224,934,23
2345,261181,10,1222,935,20
2346,261270,13,1234,943,23
2347,261447,17,1238,944,24
2348,261547,10,1244,936,38
2349,261659,10,1245,897,81
2350,261766,12,1253,897,89
2351,261861,12,1259,883,111
2352,261966,11,1270,863,147
2353,262057,11,1276,857,164
2354,262162,12,1285,850,182
2355,262265,11,1289,844,195
2356,262354,11,1290,831,211
2357,262533,14,1291,806,239
2358,262751,87,1058,808,6
2359,262854,8,1058,806,8
2360,262959,12,1064,792,31
2361,263049,9,1065,780,42
2362,263137,10,1067,771,53
2363,263229,12,1074,769,64
2364,263339,9,1079,767,71
2365,263439,8,1082,759,83
2366,263555,10,1090,761,88
2367,263638,11,1106,772,95
2368,263734,10,1109,772,97
2369,263826,13,1110,757,116
2370,263990,8,1114,755,124
2371,264091,9,1116,741,143
2372,264184,9,1121,733,151
2373,264264,9,1130,740,153
2374,264358,15,1139,746,158
2375,264452,10,1144,744,165
2376,264551,12,1146,741,169
2377,264671,11,1151,734,180
2378,264776,11,1160,742,181
2379,264882,9,1163,738,188
2380,264979,11,1164,737,190
2381,265186,77,972,734,3
2382,265282,11,989,732,26
2383,265369,9,995,735,31
2384,265541,101,999,723,47
2385,265657,8,1000,716,55
2386,265744,9,1005,706,70
2387,265834,9,1005,706,70
2388,265928,9,1012,710,73
2389,266029,8,1015,705,82
2390,266112,9,1017,708,81
2391,266197,10,1030,712,81
2392,266292,9,1034,710,84
2393,266393,8,1043,717,87
2394,266474,8,1045,715,90
2395,266570,9,1046,705,99
2396,266677,18,1048,699,108
2397,266774,9,1051,694,117
2398,266874,9,1053,687,123
2399,266954,9,1059,689,128
2400,267132,87,1065,684,142
2401,267220,10,1072,684,146
2402,267315,9,1091,694,160
2403,267414,9,1101,699,160
2404,267513,12,1108,698,171
2405,267648,13,950,701,9
2406,267746,8,951,685,31
2407,267814,8,953,684,32
2408,267891,8,960,679,41
2409,267989,9,961,663,61
2410,268084,9,973,674,61
2411,268173,8,980,678,61
2412,268266,9,993,684,67
2413,268364,8,995,684,67
2414,268431,8,995,682,71
2415,268534,11,1004,687,84
2416,268718,8,1014,673,106
2417,268832,10,1020,678,106
2418,268931,9,1021,679,106
2419,269023,9,1031,683,111
2420,269100,10,1034,684,119
2421,269178,10,1046,687,125
2422,269275,11,1053,691,127
2423,269370,11,1055,693,127
2424,269444,10,1064,692,143
2425,269548,11,1066,694,143
2426,269642,10,1068,687,152
2427,269727,11,1082,690,163
2428,269832,10,1088,696,163
2429,269927,9,1091,698,163
2430,270057,11,1096,684,191
2431,270372,69,919,670,29
2432,270480,11,921,660,46
2433,270576,8,923,649,61
2434,270675,8,924,648,63
2435,270756,11,939,645,82
2436,270840,12,951,648,91
2437,270910,9,959,646,101
2438,271005,9,968,646,110
2439,271114,13,969,642,116
2440,271204,9,974,642,123
2441,271312,14,986,649,120
2442,271406,9,994,647,132
2443,271488,9,997,640,143
2444,271579,8,1006,649,143
2445,271689,9,1009,646,150
2446,271787,8,1018,654,150
2447,271890,12,1018,654,150
2448,271983,10,1020,651,154
2449,272188,8,1027,644,172
2450,272297,9,1031,645,174
2451,272400,9,1036,649,175
2452,272488,9,1039,628,202
2453,272671,64,839,628,1
2454,272756,8,849,630,11
2455,272840,7,858,636,13
2456,272931,7,871,641,17
2457,273001,8,874,641,23
2458,273094,9,875,642,23
2459,273184,8,874,641,24
2460,273267,7,872,636,30
2461,273347,12,876,637,31
2462,273437,8,894,649,33
2463,273526,8,895,650,34
2464,273608,8,895,646,39
2465,273705,8,897,648,39
2466,273903,7,910,647,50
2467,273983,10,910,645,51
2468,274052,8,911,645,52
2469,274126,8,919,651,57
2470,274204,8,918,652,55
2471,274272,8,926,659,57
2472,274359,7,929,651,67
2473,274444,8,938,654,75
2474,274535,7,947,663,76
2475,274624,9,975,686,80
2476,274705,8,982,688,86
2477,274781,8,984,689,88
2478,274873,8,988,688,94
2479,274958,8,991,684,99
2480,275027,10,992,683,101
2481,275171,16,893,679,8
2482,275253,9,909,695,8
2483,275342,9,911,697,8
2484,275441,8,911,697,8
2485,275675,153,916,692,17
2486,275774,7,915,685,18
2487,275872,7,922,684,29
2488,275966,7,922,682,31
2489,276067,11,923,680,35
2490,276154,7,931,683,38
2491,276234,8,943,680,55
2492,276315,11,947,677,63
2493,276399,8,948,670,72
2494,276477,8,974,692,73
2495,276567,8,982,699,72
2496,276650,8,1002,719,72
2497,276735,9,1012,722,78
2498,276808,8,1011,722,77
2499,276912,9,1014,723,78
2500,277018,9,1024,733,78
2501,277110,10,1027,730,81
2502,277174,10,1042,741,83
2503,277257,10,1046,737,93
2504,277345,9,1053,742,97
2505,277645,51,950,732,3
2506,277733,8,954,730,11
2507,277824,8,957,728,15
2508,277911,10,972,733,29
2509,277994,9,973,708,48
2510,278084,8,975,705,49
2511,278183,8,975,696,57
2512,278268,8,990,706,60
2513,278356,8,992,696,75
2514,278427,9,1005,709,75
2515,278508,9,1016,720,75
2516,278600,9,1023,724,77
2517,278698,8,1030,727,82
2518,278782,9,1032,721,88
2519,278864,9,1036,722,92
2520,278946,8,1039,720,99
2521,279023,10,1051,731,100
2522,279107,11,1066,745,100
2523,279374,9,1067,738,108
2524,279446,8,1067,737,109
2525,279542,9,1068,733,121
2526,279621,8,1066,723,131
2527,279691,9,1081,738,125
2528,279787,8,1083,739,125
2529,279875,9,1084,739,128
2530,279965,9,1092,745,130
2531,280038,8,1106,758,130
2532,280195,56,977,759,0
2533,280278,9,982,762,1
2534,280360,9,987,760,9
2535,280423,8,995,761,19
2536,280515,13,997,763,19
2537,280594,9,1004,766,19
2538,280685,12,1004,765,20
2539,280773,11,1012,768,26
2540,281062,217,1015,763,34
2541,281139,8,1029,774,35
2542,281246,10,1034,779,35
2543,281348,9,1038,783,35
2544,281436,9,1038,782,37
2545,281526,9,1040,784,37
2546,281608,10,1045,787,39
2547,281693,8,1050,790,41
2548,281806,9,1054,792,41
2549,281901,9,1055,792,43
2550,281982,9,1059,792,46
2551,282078,10,1063,795,48
2552,282164,8,1063,792,51
2553,282249,9,1063,792,51
2554,282328,11,1073,801,50
2555,282401,9,1075,800,51
2556,282679,43,1024,798,0
2557,282744,9,1039,813,0
2558,282819,9,1040,812,2
2559,282915,10,1043,815,2
2560,282996,9,1048,820,2
2561,283080,9,1049,814,10
2562,283152,9,1053,816,12
2563,283222,9,1054,817,12
2564,283297,9,1074,831,15
2565,283375,10,1074,829,16
2566,283451,9,1083,836,17
2567,283536,9,1091,846,15
2568,283624,9,1092,845,15
2569,283702,8,1096,844,15
2570,283781,10,1104,852,15
2571,284052,12,1110,848,19
2572,284145,9,1110,847,19
2573,284240,10,1112,849,19
2574,284326,9,1116,853,19
2575,284413,10,1128,865,19
2576,284488,10,1148,885,19
2577,284564,10,1159,889,27
2578,284655,10,1169,898,27
2579,284739,10,1177,900,31
2580,284820,13,1184,907,31
2581,284915,13,1192,914,33
2582,285021,10,1194,907,42
2583,285132,29,1154,905,4
2584,285233,9,1160,908,6
2585,285502,10,1169,905,14
2586,285584,10,1181,912,14
2587,285661,10,1191,919,14
2588,285738,10,1191,918,15
2589,285815,10,1199,926,15
2590,285898,10,1201,928,15
2591,285984,11,1204,931,15
2592,286073,10,1204,931,15
2593,286161,10,1207,934,15
2594,286250,10,1225,952,15
2595,286328,10,1234,961,15
2596,286408,9,1251,977,15
2597,286516,11,1258,984,15
2598,286616,10,1263,989,15
2599,286708,11,1264,990,15
2600,286939,10,1268,994,15
2601,287015,10,1273,999,15
2602,287083,10,1282,1008,15
2603,287155,10,1283,1009,15
2604,287251,11,1284,1010,15
2605,287330,11,1302,1028,15
2606,287424,13,1312,1038,15
2607,287529,11,1322,1048,15
2608,287639,29,1307,1048,0
2609,287716,10,1311,1052,0
2610,287815,10,1314,1055,0
2611,287910,10,1323,1064,0
2612,287992,11,1332,1073,0
2613,288236,151,1334,1075,0
2614,288302,11,1334,1064,6
2615,288368,10,1337,1057,18
2616,288455,12,1339,1058,20
2617,288569,16,1342,1057,22
2618,288665,12,1346,1050,33
2619,288734,10,1363,1061,40
2620,288815,14,1375,1070,43
2621,288897,11,1381,1070,45
2622,289008,12,1385,1067,51
2623,289097,11,1385,1064,52
2624,289189,11,1392,1069,54
2625,289286,10,1402,1073,54
2626,289368,14,1404,1071,58
2627,289478,18,1405,1068,63
2628,291891,76,1193,905,34
2629,291980,9,1195,899,42
2630,292076,11,1202,903,45
2631,292186,13,1206,895,58
2632,292282,10,1210,891,69
2633,292365,10,1217,896,71
2634,292454,10,1225,891,81
2635,292607,46,1147,894,0
2636,292683,9,1170,898,20
2637,292769,10,1175,896,30
2638,292883,10,1180,887,46
2639,292982,10,1191,879,67
2640,293111,12,1204,873,86
2641,293208,10,1212,874,93
2642,293294,10,1213,873,96
2643,293393,10,1223,866,113
2644,293484,9,1225,856,122
2645,293580,10,1228,850,134
2646,293675,10,1236,854,144
2647,293778,10,1237,838,169
2648,293878,10,1241,840,170
2649,293965,10,1243,833,178
2650,294081,11,1248,829,186
2651,294172,12,1252,823,199
2652,294264,11,1254,809,219
2653,294342,11,1254,804,223
2654,294424,11,1268,817,226
2655,294554,11,1268,797,246
2656,294649,12,1273,802,246
2657,294751,13,1277,794,256
2658,294851,12,1281,788,269
2659,294922,11,1281,788,269
2660,295002,12,1286,793,268
2661,295240,119,1016,792,1
2662,295324,8,1016,783,9
2663,295408,9,1021,781,18
2664,295495,9,1027,787,18
2665,295595,9,1035,795,18
2666,295674,15,1035,787,26
2667,295756,9,1044,786,39
2668,295978,11,1047,779,43
2669,296091,8,1060,775,57
2670,296183,9,1068,771,71
2671,296273,9,1077,776,74
2672,296361,9,1078,774,77
2673,296467,10,1084,770,89
2674,296544,12,1096,774,96
2675,296632,11,1105,771,109
2676,296726,10,1109,773,110
2677,296810,10,1118,766,126
2678,296907,9,1119,755,137
2679,296969,10,1129,763,133
2680,297056,9,1136,769,133
2681,297143,10,1146,779,133
2682,297223,11,1160,784,141
2683,297317,12,1170,779,157
2684,297486,12,1169,761,171
2685,297681,61,995,747,18
2686,297768,9,999,742,28
2687,297850,9,999,732,40
2688,297951,8,1017,743,50
2689,298030,10,1019,735,59
2690,298110,8,1019,734,60
2691,298193,10,1032,732,78
2692,298270,9,1032,722,91
2693,298363,11,1040,718,103
2694,298453,10,1057,735,102
2695,298534,9,1058,734,104
2696,298642,10,1063,740,103
2697,298809,84,1069,732,115
2698,298906,9,1070,727,120
2699,299002,10,1074,722,133
2700,299093,10,1078,718,141
2701,299170,9,1083,718,145
2702,299262,10,1084,712,152
2703,299359,13,1084,688,179
2704,299442,9,1085,682,186
2705,299538,9,1095,679,202
2706,299626,8,1095,678,203
2707,299712,9,1100,676,209
2708,299790,9,1109,685,209
2709,299891,9,1117,688,213
2710,300007,9,1118,687,215
