tick,timestamp,query_runtime,trav_index_nodes,trav_vol_nodes,trav_unprod_nodes
0,536,2,6,6,0
1,834,1,20,20,0
2,1092,3,27,27,0
3,1342,2,33,33,0
4,1569,4,35,35,0
5,1877,3,41,41,0
6,2083,2,44,44,0
7,2230,5,55,55,0
8,2394,2,65,65,0
9,2552,2,69,69,0
10,2707,1,69,69,0
11,2879,4,78,78,0
12,3071,2,82,82,0
13,9185,2,94,94,0
14,9306,1,100,100,0
15,9464,1,101,101,0
16,9620,1,106,106,0
17,9779,2,107,107,0
18,9931,2,118,118,0
19,10094,2,125,125,0
20,10269,3,130,130,0
21,10424,2,132,132,0
22,10544,1,145,145,0
23,10673,2,153,153,0
24,10798,2,166,166,0
25,10935,2,167,167,0
26,11047,2,167,167,0
27,11166,3,167,167,0
28,11293,2,176,176,0
29,11435,3,182,182,0
30,11553,2,185,185,0
31,11686,5,188,188,0
32,12701,2,190,190,0
33,12860,2,201,201,0
34,12990,2,204,204,0
35,13116,2,204,204,0
36,13245,2,210,210,0
37,13369,2,213,213,0
38,13504,3,214,214,0
39,13609,2,216,216,0
40,13739,3,219,219,0
41,13867,3,223,223,0
42,13983,2,225,225,0
43,14065,2,228,228,0
44,14165,2,232,232,0
45,14256,3,237,237,0
46,14359,2,239,239,0
47,14470,3,244,244,0
48,14564,2,244,244,0
49,14666,2,255,255,0
50,14755,3,258,258,0
51,14879,2,268,268,0
52,16708,2,269,269,0
53,16831,3,271,271,0
54,16924,2,271,271,0
55,17028,2,283,283,0
56,17134,2,284,284,0
57,17235,3,286,286,0
58,17335,4,291,291,0
59,17441,2,293,293,0
60,17561,3,294,294,0
61,17636,3,299,299,0
62,17738,2,301,301,0
63,17850,2,301,301,0
64,17968,3,303,303,0
65,18078,4,305,305,0
66,18162,2,306,306,0
67,18237,2,317,317,0
68,18337,2,318,318,0
69,18429,3,333,333,0
70,18529,3,334,334,0
71,18670,3,334,334,0
72,18769,3,335,335,0
73,18873,3,336,336,0
74,18961,3,343,343,0
75,19061,4,346,346,0
76,19141,2,352,352,0
77,19258,3,352,352,0
78,19342,3,361,361,0
79,19426,3,365,365,0
80,19536,3,372,372,0
81,19625,3,373,373,0
82,19723,4,377,377,0
83,19814,3,378,378,0
84,19917,2,379,379,0
85,20020,3,393,393,0
86,20125,3,396,396,0
87,20229,4,404,404,0
88,20339,4,413,413,0
89,20434,3,413,413,0
90,20857,3,421,421,0
91,20954,3,422,422,0
92,21048,3,429,429,0
93,21129,3,432,432,0
94,21228,3,434,434,0
95,21325,3,434,434,0
96,21414,3,437,437,0
97,21527,4,443,443,0
98,21634,4,454,454,0
99,21693,4,457,457,0
100,21786,4,458,458,0
101,21878,4,462,462,0
102,21971,3,468,468,0
103,22065,4,480,480,0
104,22153,4,481,481,0
105,22228,4,484,484,0
106,22323,4,494,494,0
107,22419,3,494,494,0
108,22540,5,498,498,0
109,22972,4,503,503,0
110,23078,4,507,507,0
111,23182,5,511,511,0
112,23284,4,512,512,0
113,23389,4,514,514,0
114,23475,7,524,524,0
115,23565,4,536,536,0
116,23651,4,543,543,0
117,23744,5,551,551,0
118,23829,3,554,554,0
119,23913,4,555,555,0
120,24006,4,558,558,0
121,24149,7,568,568,0
122,24252,5,579,579,0
123,24334,6,588,588,0
124,24552,5,593,593,0
125,24662,6,598,598,0
126,24770,5,598,598,0
127,25195,4,601,601,0
128,25285,12,614,614,0
129,25365,6,622,622,0
130,25439,4,622,622,0
131,25514,4,623,623,0
132,25614,5,625,625,0
133,25703,4,627,627,0
134,25765,4,631,631,0
135,25856,5,631,631,0
136,25954,5,633,633,0
137,26046,5,636,636,0
138,26146,5,638,638,0
139,26241,5,646,646,0
140,26324,5,660,660,0
141,26404,6,660,660,0
142,26491,5,670,670,0
143,26595,6,683,683,0
144,26667,6,688,688,0
145,27036,4,690,690,0
146,27121,5,694,694,0
147,27223,5,695,695,0
148,27315,4,696,696,0
149,27396,5,709,709,0
150,27486,5,711,711,0
151,27594,5,719,719,0
152,27709,5,722,722,0
153,27786,5,733,733,0
154,27863,6,737,737,0
155,27946,5,739,739,0
156,28025,5,740,740,0
157,28118,6,745,745,0
158,28207,5,746,746,0
159,28297,5,747,747,0
160,28397,5,749,749,0
161,28495,6,761,761,0
162,28606,7,767,767,0
163,28956,6,768,768,0
164,29060,6,772,772,0
165,29163,6,779,779,0
166,29234,6,779,779,0
167,29343,6,784,784,0
168,29443,6,793,793,0
169,29533,6,794,794,0
170,29612,6,794,794,0
171,29706,6,803,803,0
172,29819,7,804,804,0
173,29911,5,807,807,0
174,30018,6,808,808,0
175,30113,7,812,812,0
176,30219,9,813,805,2
177,30314,8,823,805,2
178,30395,8,828,798,11
179,30478,6,854,816,8
180,30792,6,855,785,28
181,30881,6,853,774,34
182,30971,7,856,768,39
183,31046,6,864,761,47
184,31123,7,872,765,47
185,31221,8,880,768,51
186,31326,6,887,769,54
187,31427,9,894,772,54
188,31499,8,896,767,57
189,31588,6,903,766,59
190,31686,7,912,771,61
191,31775,7,912,767,62
192,31886,7,917,769,64
193,31995,6,925,770,67
194,32089,7,929,769,74
195,32171,7,932,759,84
196,32257,6,930,757,83
197,32631,7,931,734,94
198,32729,6,925,728,92
199,32805,6,925,725,92
200,32880,7,925,721,95
201,33012,6,924,713,103
202,33101,7,924,707,105
203,33258,7,924,706,106
204,33345,8,922,706,104
205,33428,6,925,710,103
206,33513,6,928,713,102
207,33576,8,928,716,99
208,33647,7,931,723,95
209,33713,7,938,730,95
210,33808,7,944,736,95
211,33909,7,946,738,95
212,33989,7,962,754,95
213,36253,6,969,761,95
214,36365,7,970,763,94
215,36508,7,971,764,94
216,36653,7,980,774,93
217,36754,7,993,787,93
218,36853,7,999,794,91
219,36948,10,1005,800,91
220,37016,8,1027,822,91
221,37113,8,1033,828,91
222,37224,7,1035,830,91
223,37306,8,1055,850,91
224,37412,7,1059,854,91
225,37524,11,1060,857,89
226,37617,8,1068,867,86
227,37717,8,1073,872,86
228,37813,8,1079,879,85
229,37941,7,1086,886,85
230,38041,7,1088,888,85
231,38198,7,1088,888,85
232,38312,8,1090,890,85
233,38410,7,1088,890,83
234,38504,8,1098,900,83
235,38608,10,1101,903,83
236,38689,7,1102,904,83
237,38785,8,1110,912,83
238,38872,7,1111,913,83
239,38964,7,1112,914,83
240,39056,9,1142,944,83
241,39153,11,1142,944,83
242,39265,8,1149,916,114
243,39361,8,1149,900,123
244,39456,8,1152,897,125
245,39666,8,1156,864,157
246,39761,8,1154,850,167
247,39849,7,1155,837,180
248,39945,8,1158,822,197
249,40036,10,1167,813,216
250,40320,85,951,781,15
251,40425,7,954,777,17
252,40518,8,963,773,30
253,40622,10,973,781,32
254,40724,12,980,764,54
255,40824,10,981,753,68
256,40928,8,985,737,81
257,41053,11,996,731,96
258,41117,7,1003,736,97
259,41189,8,1002,734,98
260,41345,7,1000,719,115
261,41480,11,1008,717,124
262,41621,8,1015,712,134
263,41700,8,1018,713,136
264,41796,8,1019,713,138
265,41905,8,1025,719,138
266,42022,10,1029,723,137
267,42129,9,1037,734,134
268,42235,11,1045,744,132
269,42341,9,1046,746,131
270,42450,7,1050,749,131
271,42576,10,1053,752,131
272,42687,13,1058,750,142
273,42797,7,1060,751,143
274,42887,8,1064,747,149
275,42973,8,1066,738,157
276,43084,14,1069,740,158
277,43263,8,1068,737,158
278,43399,11,1069,710,186
279,43506,8,1073,689,209
280,43599,15,1091,703,212
281,43696,7,1098,701,218
282,43766,7,1102,694,228
283,43852,8,1103,671,264
284,43952,8,1103,648,284
285,44031,8,1106,641,291
286,44106,8,1115,647,297
287,44184,9,1123,647,306
288,44270,9,1125,636,321
289,44399,8,1124,633,322
290,44504,8,1136,634,331
291,44601,8,1139,634,331
292,44683,9,1141,623,342
293,44771,9,1140,621,347
294,44841,8,1149,623,347
295,44920,9,1151,623,351
296,45111,8,1156,628,351
297,45197,9,1155,629,349
298,45291,8,1164,638,349
299,45368,8,1168,642,349
300,45445,8,1173,647,349
301,45534,8,1174,648,349
302,45615,9,1189,663,349
303,45690,9,1193,667,349
304,45772,8,1198,672,348
305,45848,9,1196,672,346
306,45945,8,1198,674,346
307,46018,9,1200,676,346
308,46104,9,1200,676,346
309,46193,8,1212,688,346
310,46278,9,1212,688,346
311,46355,8,1214,690,345
312,46436,9,1226,701,345
313,46528,10,1224,702,341
314,46710,8,1229,707,341
315,46812,9,1229,685,363
316,46900,9,1233,676,375
317,46985,9,1237,676,377
318,47082,9,1247,668,390
319,47160,9,1251,662,394
320,47242,9,1258,665,395
321,47310,9,1268,674,394
322,47409,9,1268,667,399
323,47510,9,1275,673,398
324,47619,9,1282,684,394
325,47757,9,1289,684,401
326,47848,10,1291,673,409
327,47935,9,1292,667,417
328,48022,9,1302,672,421
329,48101,10,1311,677,424
330,48195,10,1309,666,437
331,48293,10,1309,668,435
332,48362,10,1317,672,437
333,48443,10,1325,671,438
334,48649,9,1326,657,446
335,48733,9,1328,653,451
336,48844,10,1335,657,452
337,48940,9,1336,655,456
338,49045,9,1337,652,459
339,49160,11,1344,642,478
340,49257,16,1346,637,487
341,49350,9,1344,628,496
342,49430,9,1344,620,505
343,49537,14,1345,624,502
344,49637,10,1347,623,504
345,49722,10,1351,627,503
346,49823,11,1354,617,516
347,49905,11,1365,628,516
348,49993,11,1364,627,517
349,50399,49,847,609,19
350,50592,8,866,626,19
351,50686,7,876,634,19
352,50757,7,884,642,19
353,50836,6,896,643,37
354,50932,6,915,654,49
355,51012,7,925,660,54
356,51101,6,927,659,56
357,51191,7,935,658,58
358,51276,7,937,655,63
359,51355,6,943,653,71
360,51423,6,947,653,74
361,51525,7,964,654,87
362,51616,8,964,650,87
363,51701,7,965,650,87
364,51785,7,967,651,87
365,51866,8,973,657,87
366,51955,8,1001,680,92
367,52040,8,1012,689,93
368,52134,8,1013,680,102
369,52237,8,1016,678,109
370,52320,8,1022,679,118
371,52413,8,1025,679,120
372,52508,8,1030,681,121
373,52765,8,1034,683,123
374,52861,8,1038,688,121
375,52951,7,1039,687,128
376,53062,10,1038,680,134
377,53150,7,1039,674,148
378,53232,8,1043,673,150
379,53311,7,1057,679,158
380,53396,7,1055,671,163
381,53502,7,1062,671,172
382,53580,8,1065,674,172
383,53672,9,1068,675,174
384,53742,7,1069,671,180
385,53832,9,1071,663,193
386,53935,10,1086,674,195
387,54069,10,1087,673,198
388,54179,8,1083,671,197
389,54269,8,1084,669,201
390,54343,11,1095,679,201
391,54435,8,1101,684,204
392,54517,9,1108,687,206
393,54608,12,1113,688,209
394,54706,8,1117,691,212
395,54967,8,1119,684,220
396,55045,7,1121,686,220
397,55139,7,1125,689,220
398,55216,8,1129,693,219
399,55303,8,1130,696,217
400,55398,8,1131,691,223
401,55474,10,1133,692,224
402,55575,10,1133,689,227
403,55689,9,1138,693,228
404,55763,8,1136,691,229
405,55845,8,1148,703,229
406,55914,9,1149,702,231
407,56020,8,1154,703,235
408,56100,8,1167,714,238
409,56196,8,1174,713,243
410,56268,9,1183,724,241
411,56375,9,1189,725,246
412,56466,8,1196,729,249
413,56551,9,1198,731,249
414,56628,9,1205,737,249
415,56835,8,1214,738,255
416,56910,9,1214,738,255
417,56981,9,1218,742,254
418,57062,9,1218,742,254
419,57160,9,1217,739,256
420,57311,10,1215,730,264
421,57391,9,1222,735,266
422,57480,11,1228,738,269
423,57594,9,1228,735,272
424,57675,9,1231,730,276
425,57743,10,1235,735,272
426,57825,9,1236,734,274
427,57915,9,1236,732,276
428,57998,9,1246,742,274
429,58081,9,1246,742,274
430,58167,9,1251,745,275
431,58256,9,1256,749,273
432,58383,9,1266,753,273
433,58486,9,1266,752,274
434,58571,10,1280,765,274
435,58789,10,1281,766,274
436,58884,9,1283,768,274
437,58968,10,1289,772,276
438,59054,9,1299,782,276
439,59133,9,1300,777,276
440,59201,9,1306,782,276
441,59284,13,1313,789,277
442,59359,10,1313,790,275
443,59457,9,1317,793,276
444,59545,9,1318,792,276
445,59632,9,1325,797,275
446,59724,9,1326,795,280
447,59803,10,1336,806,278
448,59880,10,1335,806,281
449,59968,10,1342,811,282
450,60326,61,1050,798,2
451,60403,10,1052,800,2
452,60519,7,1059,807,2
453,60615,9,1063,809,2
454,60687,7,1063,809,2
455,60763,7,1070,813,8
456,60840,7,1073,814,8
457,60928,9,1075,816,8
458,61015,8,1090,828,9
459,61106,8,1092,830,9
460,61194,8,1097,833,13
461,61287,8,1100,836,13
462,61366,8,1110,843,17
463,61467,8,1110,837,21
464,61859,8,1110,832,27
465,61937,10,1111,831,27
466,62018,8,1116,834,28
467,62095,7,1119,833,30
468,62162,7,1126,839,30
469,62239,9,1135,842,31
470,62306,8,1140,841,37
471,62386,8,1145,845,37
472,62467,9,1150,848,37
473,62545,10,1153,851,37
474,62658,8,1156,854,37
475,62734,8,1163,861,37
476,62815,8,1183,881,37
477,62892,8,1195,889,39
478,62965,9,1203,895,41
479,63057,10,1206,898,41
480,63771,9,1210,875,66
481,63859,11,1226,890,67
482,63938,9,1229,893,67
483,64027,9,1229,892,68
484,64112,9,1241,903,69
485,64194,12,1245,906,68
486,64286,10,1252,914,67
487,64382,12,1253,915,67
488,64462,10,1262,924,67
489,64530,9,1262,924,67
490,64615,11,1265,927,67
491,64691,10,1266,928,67
492,64790,13,1267,929,67
493,64874,10,1270,931,67
494,64962,10,1277,935,67
495,68905,11,1279,592,454
496,69038,10,1285,595,455
497,69187,12,1289,573,480
498,69310,11,1299,563,521
499,69474,11,1300,546,544
500,69576,10,1305,545,552
501,69676,11,1306,536,563
502,69774,11,1308,514,589
503,69875,11,1312,505,603
504,69976,11,1313,501,610
505,70240,11,690,489,0
506,70332,6,697,496,0
507,70431,6,709,505,2
508,70513,6,719,510,7
509,70637,5,723,511,8
510,70730,8,730,514,8
511,70814,6,735,517,12
512,70905,6,745,526,9
513,70991,6,749,523,16
514,71078,9,759,528,22
515,71186,6,765,522,33
516,71305,6,766,519,39
517,71411,7,777,522,47
518,71489,6,792,534,49
519,71574,6,799,535,51
520,71679,6,816,547,55
521,71775,6,816,544,60
522,71867,6,816,536,72
523,71958,7,816,534,75
524,72038,6,828,535,88
525,72148,7,837,538,95
526,72294,6,847,548,94
527,72395,7,851,552,94
528,72481,7,860,561,93
529,72550,6,873,572,93
530,72647,7,876,574,97
531,72720,6,882,576,102
532,72808,8,903,577,120
533,72883,7,908,570,131
534,72963,6,915,566,140
535,73043,6,915,558,151
536,73144,7,916,552,160
537,73218,6,916,552,160
538,73317,7,920,548,167
539,73398,7,930,557,168
540,73483,7,937,551,184
541,73571,7,945,561,182
542,73655,7,947,561,188
543,73728,9,954,567,186
544,73859,7,961,573,186
545,73934,6,961,551,209
546,74013,7,962,549,208
547,74091,7,963,544,222
548,74227,8,964,533,231
549,74303,8,967,529,240
550,74391,7,978,528,256
551,74463,7,980,522,266
552,74544,8,984,516,274
553,74642,9,984,514,277
554,74737,9,990,512,292
555,74807,8,1002,524,292
556,74886,7,1006,518,300
557,74979,7,1009,515,306
558,75072,10,1009,515,306
559,75164,7,1013,519,306
560,75237,7,1021,524,309
561,75319,8,1019,512,318
562,75461,9,1024,514,317
563,75535,8,1031,524,314
564,75620,7,1044,535,313
565,75710,8,1049,537,313
566,75803,11,1051,530,324
567,75901,8,1057,525,334
568,75988,9,1059,524,335
569,76070,8,1059,524,335
570,76173,9,1065,525,341
571,76265,8,1076,535,341
572,76350,8,1078,534,352
573,76425,8,1080,534,356
574,76523,8,1083,535,361
575,76611,8,1096,537,374
576,76694,8,1103,543,374
577,76772,11,1106,544,374
578,76849,8,1118,555,375
579,76923,9,1118,546,384
580,77075,8,1125,547,389
581,77166,8,1126,545,395
582,77237,9,1140,558,394
583,77313,8,1152,572,390
584,77392,9,1152,571,392
585,77483,8,1153,566,399
586,77561,8,1162,576,398
587,77648,11,1162,575,400
588,77726,8,1164,569,409
589,77801,10,1165,570,409
590,77887,8,1167,563,416
591,77976,8,1170,560,423
592,78050,8,1170,558,425
593,78161,8,1169,559,423
594,78274,11,1170,557,427
595,78363,9,1173,560,427
596,78448,9,1173,549,446
597,78603,85,1173,548,450
598,78692,8,1173,547,452
599,78769,8,1176,548,450
600,78849,9,1184,556,450
601,78923,8,1181,556,446
602,79010,11,1180,556,445
603,79094,9,1187,555,452
604,79177,9,1187,554,453
605,79252,8,1190,560,447
606,79324,8,1194,564,447
607,79414,8,1194,562,449
608,79497,9,1194,558,454
609,79562,8,1196,559,457
610,79659,10,1214,577,457
611,79751,9,1219,575,464
612,79845,11,1220,576,464
613,79921,10,1232,584,468
614,80011,10,1233,585,468
615,80327,171,768,587,0
616,80405,6,768,587,0
617,80468,7,768,581,6
618,80546,6,777,590,6
619,80644,6,779,588,11
620,80716,5,792,601,11
621,80775,7,801,605,12
622,80862,6,806,604,19
623,80946,6,808,604,19
624,81029,6,809,599,22
625,81108,6,809,595,27
626,81192,6,815,592,35
627,81269,7,824,600,35
628,81347,6,825,592,47
629,81426,6,826,592,47
630,81506,10,835,596,50
631,81584,9,839,591,58
632,81684,7,844,595,57
633,81753,6,851,600,59
634,81847,6,851,598,59
635,81939,7,854,600,60
636,82136,122,862,603,65
637,82212,6,877,606,73
638,82292,7,889,615,77
639,82374,6,891,612,80
640,82458,6,900,615,87
641,82536,6,904,619,87
642,82630,9,903,618,87
643,82715,7,917,631,86
644,82798,7,923,636,87
645,82899,6,928,640,86
646,82979,7,930,641,90
647,83068,7,926,642,85
648,83154,7,930,639,92
649,83248,7,932,640,92
650,83327,7,930,640,90
651,83421,7,932,639,94
652,83506,7,936,636,100
653,83601,8,946,644,103
654,83686,7,955,652,104
655,83769,7,962,656,104
656,83860,9,971,662,105
657,83956,7,982,673,106
658,84210,6,983,659,124
659,84313,6,986,661,128
660,84421,8,993,666,128
661,84515,7,998,665,134
662,84599,8,1001,659,142
663,84704,11,1001,658,143
664,84784,8,1015,670,144
665,84879,8,1023,679,143
666,84953,10,1032,688,143
667,85017,7,1033,682,143
668,85103,8,1044,693,142
669,85192,8,1045,692,144
670,85267,8,1048,690,149
671,85359,8,1055,696,149
672,85452,8,1057,698,149
673,85542,9,1058,699,149
674,85632,10,1065,705,150
675,85720,10,1073,712,150
676,85802,8,1075,712,152
677,85874,9,1092,729,152
678,85943,8,1093,727,157
679,86389,380,1095,716,168
680,86472,9,1095,716,168
681,86555,8,1101,719,169
682,86668,9,1111,730,168
683,86748,8,1118,736,169
684,86822,9,1132,750,169
685,86898,9,1141,751,178
686,87000,9,1139,749,178
687,87075,8,1139,750,176
688,87160,8,1140,737,190
689,87237,9,1141,735,192
690,87322,9,1144,738,191
691,87398,9,1142,738,189
692,87474,8,1146,741,191
693,87547,8,1159,753,191
694,87618,10,1158,751,192
695,87715,9,1171,763,194
696,87791,9,1172,764,194
697,87863,9,1174,764,193
698,87945,9,1176,765,194
699,88030,8,1178,766,193
700,88273,9,1179,763,198
701,88360,8,1181,765,198
702,88425,8,1183,771,194
703,88511,10,1179,769,194
704,88597,8,1179,767,197
705,88702,8,1172,768,187
706,88769,8,1172,769,186
707,88858,9,1172,767,188
708,88983,10,1178,771,188
709,89065,8,1187,777,188
710,89147,9,1184,776,186
711,89224,10,1185,775,191
712,89315,9,1191,780,191
713,89399,8,1197,786,191
714,89496,8,1197,784,193
715,89598,9,1196,783,192
716,89684,9,1202,789,191
717,89747,10,1208,794,190
718,89839,9,1210,791,190
719,89915,10,1217,798,189
720,90372,78,1038,803,7
721,90437,8,1061,821,14
722,90522,8,1072,828,15
723,90607,8,1073,811,33
724,90682,8,1087,822,36
725,90767,8,1096,828,30
726,90842,8,1098,828,32
727,90916,9,1100,828,32
728,90997,8,1107,834,33
729,91079,9,1113,836,35
730,91173,9,1115,831,35
731,91266,8,1124,830,43
732,91342,8,1133,839,41
733,91452,9,1142,846,43
734,91708,164,1146,848,44
735,91786,8,1148,851,43
736,91866,8,1150,851,45
737,91940,9,1155,855,47
738,92033,8,1156,856,47
739,92099,8,1160,854,48
740,92185,9,1171,863,50
741,92274,8,1176,864,53
742,92360,8,1178,864,55
743,92439,10,1181,865,54
744,92511,8,1184,868,54
745,92592,10,1190,871,56
746,92691,9,1193,870,57
747,92789,9,1195,867,59
748,92894,9,1201,870,62
749,92984,9,1202,871,64
750,93292,198,1205,869,69
751,93388,8,1209,873,69
752,93484,9,1211,875,69
753,93556,9,1216,880,69
754,93623,9,1219,882,69
755,93703,9,1221,884,69
756,93785,9,1221,880,69
757,93843,8,1224,883,69
758,93927,9,1230,888,70
759,93992,9,1230,886,73
760,94071,10,1235,890,73
761,94155,10,1238,891,75
762,94241,10,1241,887,80
763,94329,9,1245,884,90
764,94398,8,1251,881,97
765,94462,8,1252,882,97
766,95082,535,1251,870,106
767,95208,14,1258,871,114
768,95375,9,1251,872,106
769,95466,9,1255,876,106
770,95563,9,1261,882,106
771,95651,9,1262,884,105
772,95734,9,1267,891,102
773,95822,10,1289,914,101
774,95911,10,1301,926,101
775,96005,9,1304,929,99
776,96107,8,1310,934,99
777,96246,11,1313,937,99
778,96332,9,1312,939,96
779,96453,18,1318,945,96
780,96538,11,1328,955,96
781,97215,9,1332,959,96
782,97321,11,1335,962,96
783,97413,23,1339,965,96
784,97534,10,1342,968,96
785,97617,10,1344,974,91
786,97698,10,1350,980,91
787,97794,10,1359,987,91
788,97887,10,1357,987,89
789,97981,10,1359,990,88
790,98073,10,1355,991,83
791,98178,10,1358,994,83
792,98274,10,1359,995,83
793,98371,10,1360,996,83
794,98464,10,1361,999,81
795,98556,10,1361,999,81
796,101841,55,875,608,66
797,101937,8,888,603,87
798,102031,7,893,589,106
799,102125,7,894,579,115
800,102222,8,893,580,113
801,102321,7,899,570,134
802,102420,7,906,569,142
803,102538,7,908,559,160
804,102630,7,916,561,167
805,102724,8,916,552,176
806,102792,7,923,555,177
807,102862,9,923,550,184
808,102966,8,935,558,186
809,103083,6,937,552,196
810,103155,7,942,543,218
811,103252,6,948,548,218
812,103337,7,953,550,232
813,103429,7,960,554,236
814,103519,6,969,556,243
815,103594,8,975,554,244
816,103686,8,978,558,243
817,103782,8,981,561,243
818,103852,8,984,562,245
819,103936,8,1000,578,243
820,104014,9,1009,585,244
821,104106,8,1018,592,245
822,104196,7,1022,588,253
823,104295,7,1019,578,263
824,104389,8,1028,575,280
825,104509,7,1038,576,288
826,104593,8,1038,561,307
827,104677,7,1040,562,308
828,104768,8,1042,564,308
829,104854,7,1045,568,307
830,104950,7,1056,577,308
831,105043,8,1065,584,308
832,105126,8,1070,585,312
833,105218,11,1087,594,322
834,105286,8,1095,602,322
835,105368,8,1096,604,320
836,105452,8,1097,605,320
837,105541,8,1114,614,328
838,105614,10,1117,605,343
839,105709,9,1121,597,354
840,105797,10,1121,596,355
841,105937,8,1127,588,376
842,106030,8,1132,582,387
843,106110,9,1141,587,391
844,106187,8,1143,578,403
845,106247,8,1151,583,405
846,106320,11,1151,580,409
847,106391,8,1151,571,417
848,106485,8,1152,564,426
849,106576,8,1163,566,435
850,106680,9,1170,567,442
851,106762,9,1173,564,445
852,106830,9,1175,564,446
853,106933,10,1178,562,451
854,107027,9,1181,564,452
855,107115,13,1182,555,460
856,107268,8,1189,559,461
857,107359,9,1188,550,469
858,107431,8,1189,544,474
859,107523,9,1191,530,490
860,107605,11,1191,528,496
861,107737,10,1193,523,505
862,107821,9,1195,524,506
863,107907,9,1213,540,505
864,107988,9,1221,541,512
865,108143,9,1225,544,514
866,108231,10,1225,545,514
867,108316,8,1237,556,508
868,108417,9,1245,561,510
869,108525,9,1246,555,515
870,108600,12,1250,558,514
871,108765,9,1255,545,526
872,108853,9,1255,536,538
873,108940,8,1256,536,539
874,109018,8,1254,529,547
875,109091,8,1259,532,545
876,109181,10,1263,535,550
877,109260,9,1266,541,547
878,109338,8,1263,543,542
879,109427,9,1265,543,544
880,109505,9,1268,542,551
881,109605,9,1270,540,558
882,109691,9,1271,541,558
883,109775,10,1272,532,571
884,109860,11,1275,530,574
885,109948,10,1280,533,574
886,110096,77,1279,534,572
887,110330,73,707,534,0
888,110405,5,714,534,4
889,110477,6,716,534,4
890,110559,6,717,533,6
891,110638,6,728,532,17
892,110743,7,735,537,18
893,110835,6,741,534,24
894,110922,5,754,541,30
895,111002,5,759,545,31
896,111091,6,759,537,39
897,111164,6,761,539,39
898,111233,7,782,558,41
899,111324,6,799,568,46
900,111409,6,800,567,48
901,111670,6,802,557,72
902,111745,7,807,560,74
903,111829,6,817,566,75
904,111939,20,818,565,77
905,112019,7,821,555,87
906,112091,6,841,572,87
907,112173,7,852,583,87
908,112269,7,853,581,90
909,112349,7,867,594,90
910,112422,7,885,602,93
911,112500,7,893,604,93
912,112581,7,896,604,95
913,112659,7,905,610,99
914,112753,6,902,605,101
915,112838,8,914,615,101
916,112989,8,921,612,113
917,113086,8,937,625,112
918,113232,7,938,618,117
919,113318,6,942,614,119
920,113391,7,942,614,119
921,113478,7,951,621,120
922,113560,7,952,619,121
923,113637,7,969,630,124
924,113718,7,971,629,125
925,113796,8,977,635,125
926,113884,10,983,639,122
927,114018,8,987,636,123
928,114093,8,986,636,122
929,114186,8,996,646,122
930,114298,8,1012,659,123
931,114414,8,1016,660,122
932,114494,8,1028,665,128
933,114673,97,1042,672,137
934,114754,7,1049,668,148
935,114823,7,1063,679,150
936,114880,7,1063,679,150
937,114966,8,1066,681,151
938,115061,8,1075,679,158
939,115145,8,1080,682,161
940,115220,8,1081,674,170
941,115309,8,1090,685,168
942,115389,9,1096,689,170
943,115494,13,1101,692,171
944,115609,10,1115,695,182
945,115762,13,1125,701,186
946,115859,9,1130,699,191
947,115937,9,1146,710,195
948,116009,9,1149,708,198
949,116114,18,1149,708,198
950,116294,101,1153,712,197
951,116378,8,1158,717,197
952,116447,8,1157,716,197
953,116515,8,1163,714,199
954,116611,9,1162,714,197
955,116703,8,1162,711,197
956,116784,9,1170,710,212
957,116859,9,1172,711,213
958,116947,9,1176,708,220
959,117021,8,1187,711,226
960,117108,9,1188,712,226
961,117199,9,1192,711,234
962,117268,9,1200,716,239
963,117344,9,1203,719,238
964,117432,9,1205,720,238
965,117511,9,1215,728,240
966,117599,10,1220,731,243
967,117800,8,1231,738,249
968,117879,8,1230,739,247
969,117956,9,1231,738,249
970,118040,9,1228,732,254
971,118119,9,1237,741,254
972,118186,9,1250,754,252
973,118273,9,1252,747,256
974,118353,9,1253,748,256
975,118440,10,1260,755,256
976,118534,9,1262,755,258
977,118611,9,1259,753,258
978,118704,9,1261,752,264
979,118778,10,1269,760,263
980,118853,9,1270,760,264
981,118949,10,1272,756,269
982,119027,10,1283,766,270
983,119104,10,1283,764,273
984,119318,12,1287,763,279
985,119388,9,1287,762,281
986,119471,9,1287,762,281
987,119539,9,1295,771,279
988,119627,10,1309,781,283
989,119710,10,1318,790,281
990,119797,9,1320,792,280
991,119866,9,1327,799,280
992,119946,10,1337,803,284
993,120024,10,1352,816,284
994,120227,53,1071,818,0
995,120323,14,1081,828,0
996,120419,8,1086,833,0
997,120503,9,1095,837,13
998,120569,9,1099,839,13
999,120636,8,1131,856,24
1000,120822,8,1134,849,38
1001,120913,10,1138,850,38
1002,121001,8,1142,851,41
1003,121081,8,1144,848,43
1004,121148,8,1145,846,46
1005,121223,8,1148,847,50
1006,121307,8,1155,851,53
1007,121432,8,1155,846,55
1008,121512,9,1158,842,60
1009,121586,9,1160,844,60
1010,121653,8,1160,844,60
1011,121738,9,1165,849,60
1012,121822,8,1179,861,60
1013,121898,8,1181,860,59
1014,121963,9,1189,865,62
1015,122039,10,1191,866,63
1016,122123,9,1190,863,65
1017,122200,9,1192,862,71
1018,122275,9,1193,859,73
1019,122493,9,1200,862,81
1020,122573,9,1199,862,80
1021,122682,9,1202,865,80
1022,122771,10,1198,862,77
1023,122840,8,1203,864,79
1024,122925,9,1203,858,84
1025,123007,9,1210,861,87
1026,123100,12,1211,859,91
1027,123179,8,1223,871,91
1028,123262,10,1224,872,91
1029,123360,9,1226,874,92
1030,123466,18,1225,873,92
1031,123561,10,1225,871,95
1032,123661,10,1244,889,95
1033,123736,10,1243,890,92
1034,123810,10,1252,899,92
1035,123873,9,1256,903,92
1036,123944,9,1263,910,90
1037,124183,9,1266,911,94
1038,124253,9,1266,910,95
1039,124321,10,1276,921,94
1040,124400,9,1275,919,94
1041,124482,8,1282,922,98
1042,124574,11,1292,930,98
1043,124636,9,1306,944,97
1044,124714,10,1307,945,97
1045,124803,10,1314,952,97
1046,124884,10,1316,954,97
1047,124980,10,1321,960,96
1048,125080,10,1324,962,96
1049,125168,10,1332,946,126
1050,125266,11,1343,952,133
1051,125367,9,1342,949,135
1052,125459,10,1351,953,139
1053,125544,12,1358,946,153
1054,125645,13,1361,932,174
1055,125859,10,1364,907,202
1056,125941,10,1365,898,214
1057,126038,10,1370,896,218
1058,126137,10,1383,877,251
1059,126242,10,1384,870,253
1060,126344,9,1390,877,252
1061,126434,11,1388,864,272
1062,126523,10,1394,855,288
1063,126611,14,1396,846,300
1064,126710,10,1402,852,300
1065,126810,10,1405,854,300
1066,126898,10,1404,855,298
1067,126986,11,1416,867,298
1068,127086,10,1426,877,298
1069,127196,15,1452,903,298
1070,127282,11,1460,895,315
1071,127383,12,1460,886,335
1072,127727,13,1460,838,396
1073,127830,10,1461,827,411
1074,127931,11,1462,816,427
1075,128018,11,1469,809,443
1076,128094,11,1469,800,450
1077,128186,10,1474,797,458
1078,128292,11,1476,778,491
1079,128399,11,1477,778,491
1080,128477,11,1484,785,491
1081,128572,9,1487,788,491
1082,128665,11,1489,790,491
1083,128768,10,1489,790,491
1084,128851,12,1490,793,489
1085,128941,12,1494,797,489
1086,129514,487,1507,809,489
1087,129608,11,1522,824,489
1088,129693,11,1529,831,489
1089,129801,15,1536,838,489
1090,129895,10,1547,849,488
1091,129986,10,1556,858,488
1092,130233,84,1076,866,0
1093,130333,8,1077,867,0
1094,130436,9,1092,881,0
1095,130527,9,1095,884,0
1096,130617,9,1107,896,0
1097,130741,10,1112,901,0
1098,130855,13,1116,905,0
1099,131406,8,1127,915,1
1100,131473,8,1130,918,1
1101,131574,9,1135,923,1
1102,131685,8,1140,928,1
1103,131770,10,1142,920,12
1104,131846,8,1149,927,12
1105,131936,9,1163,931,19
1106,132030,8,1174,934,28
1107,132127,9,1179,928,31
1108,132217,9,1179,920,39
1109,132465,9,1187,894,77
1110,132562,9,1192,872,110
1111,132691,9,1192,870,110
1112,132775,10,1202,863,120
1113,132874,10,1204,859,124
1114,135715,2750,1207,628,377
1115,135802,9,1208,599,417
1116,135888,9,1219,610,417
1117,135990,10,1219,608,419
1118,136078,10,1221,610,419
1119,136163,9,1222,610,420
1120,136253,9,1226,614,420
1121,136349,10,1228,616,420
1122,136453,12,1228,616,420
1123,136539,10,1238,625,419
1124,136637,10,1249,629,421
1125,136728,9,1249,629,418
1126,136824,12,1260,637,422
1127,136925,11,1262,628,434
1128,137012,11,1263,619,445
1129,137129,9,1273,628,441
1130,137207,9,1280,632,443
1131,137302,8,1280,632,443
1132,137404,9,1280,631,443
1133,137482,9,1285,633,445
1134,137568,9,1287,635,445
1135,137658,13,1290,633,451
1136,137735,10,1293,633,453
1137,137819,10,1297,635,457
1138,137917,10,1297,632,460
1139,138016,9,1302,637,457
1140,138092,10,1307,642,457
1141,138172,10,1308,644,455
1142,138253,10,1319,655,453
1143,138338,10,1325,658,456
1144,138483,9,1332,657,465
1145,138562,9,1336,661,465
1146,138647,10,1345,653,483
1147,138725,10,1354,662,483
1148,138810,9,1353,661,483
1149,138898,10,1355,662,484
1150,138992,10,1358,656,495
1151,139089,9,1367,667,493
1152,139193,10,1369,657,505
1153,139300,10,1370,654,509
1154,139395,10,1383,659,503
1155,139483,10,1382,656,506
1156,139569,11,1389,656,514
1157,139660,12,1393,659,518
1158,139745,10,1396,652,531
1159,139851,10,1396,646,534
1160,139933,10,1400,646,540
1161,140019,10,1406,652,540
1162,140512,86,895,645,33
1163,140580,7,900,632,53
1164,140660,10,906,635,56
1165,140746,8,909,638,56
1166,140841,7,917,642,58
1167,140920,8,932,642,77
1168,140999,9,936,633,88
1169,141083,7,947,644,88
1170,141164,8,948,643,90
1171,141254,8,952,645,93
1172,141387,7,954,634,108
1173,141461,7,955,621,120
1174,141560,7,957,623,120
1175,141664,8,963,629,118
1176,141750,7,971,633,122
1177,141804,7,985,635,133
1178,141872,9,992,635,136
1179,141952,10,992,632,138
1180,142039,7,993,619,157
1181,142118,8,995,621,157
1182,142194,7,992,620,155
1183,142270,9,1005,624,162
1184,142345,7,1015,627,166
1185,142428,8,1027,633,171
1186,142519,8,1040,645,172
1187,142591,8,1042,646,172
1188,142755,8,1044,647,173
1189,142838,8,1050,648,177
1190,142935,8,1053,649,178
1191,143010,10,1065,659,181
1192,143094,8,1069,659,184
1193,143176,8,1075,665,184
1194,143269,8,1077,657,193
1195,143355,9,1080,660,193
1196,143434,8,1084,657,198
1197,143502,8,1085,657,200
1198,143588,8,1095,662,205
1199,143666,8,1110,669,210
1200,143753,9,1122,676,217
1201,143827,9,1132,675,225
1202,143916,8,1137,677,226
1203,144117,92,1145,668,242
1204,144200,9,1142,663,244
1205,144282,9,1153,668,248
1206,144365,9,1154,667,250
1207,144456,9,1172,680,252
1208,144539,8,1173,678,253
1209,144632,8,1174,679,253
1210,144717,9,1177,681,252
1211,144802,8,1176,678,254
1212,144887,10,1177,680,253
1213,144981,9,1174,678,252
1214,145055,9,1174,675,257
1215,145126,10,1173,673,257
1216,145222,9,1177,677,254
1217,145330,9,1177,671,261
1218,145405,11,1174,667,260
1219,145564,8,1174,662,268
1220,145648,8,1180,667,269
1221,145727,8,1180,670,266
1222,145811,8,1180,671,264
1223,145905,9,1180,674,261
1224,146004,11,1184,671,273
1225,146077,9,1194,681,270
1226,146158,9,1196,683,270
1227,146227,9,1205,690,272
1228,146306,8,1204,691,270
1229,146397,9,1204,691,270
1230,146483,9,1206,687,270
1231,146595,12,1217,689,279
1232,146735,16,1220,695,277
1233,146813,10,1218,688,283
1234,146905,9,1219,689,283
1235,147076,100,1224,693,285
1236,147147,8,1225,691,287
1237,147229,8,1225,690,287
1238,147316,9,1226,688,288
1239,147406,10,1227,687,288
1240,147500,9,1240,691,298
1241,147582,9,1241,686,304
1242,147687,9,1241,686,304
1243,147768,9,1242,685,306
1244,147838,9,1242,680,308
1245,147915,10,1243,681,308
1246,147997,9,1240,679,307
1247,148072,9,1242,672,314
1248,148155,9,1240,666,318
1249,148237,11,1240,665,319
1250,148314,9,1240,664,319
1251,148395,9,1244,665,323
1252,148582,8,1244,659,332
1253,148664,10,1249,663,333
1254,148736,10,1247,663,329
1255,148840,9,1249,664,329
1256,148924,12,1257,666,336
1257,149009,9,1260,666,341
1258,149090,10,1262,668,340
1259,149156,9,1262,665,343
1260,149249,9,1263,667,342
1261,149346,9,1263,667,342
1262,149431,9,1264,667,342
1263,149514,9,1271,672,343
1264,149588,10,1275,674,346
1265,149682,9,1276,674,347
1266,149770,9,1288,683,346
1267,149849,11,1291,684,349
1268,149928,11,1316,706,350
1269,150022,11,1318,707,350
1270,150272,12,965,696,10
1271,150356,7,966,695,14
1272,150426,8,974,699,17
1273,150510,8,978,700,17
1274,150588,7,991,712,18
1275,150658,8,995,713,18
1276,150748,7,1003,721,18
1277,150832,8,1003,721,18
1278,150916,8,1006,723,18
1279,150996,7,1012,727,18
1280,151076,8,1015,730,18
1281,151175,8,1026,737,19
1282,151255,9,1031,737,25
1283,151350,9,1034,735,31
1284,151455,8,1042,740,33
1285,151522,10,1041,737,34
1286,151604,8,1053,744,41
1287,151798,8,1065,750,48
1288,151872,8,1067,744,49
1289,151976,8,1074,751,51
1290,152082,7,1074,750,52
1291,152172,8,1076,749,54
1292,152247,9,1089,761,55
1293,152332,8,1092,763,58
1294,152415,8,1094,765,58
1295,152512,8,1097,768,58
1296,152581,8,1098,769,58
1297,152677,8,1099,769,59
1298,152758,9,1105,773,60
1299,152844,9,1107,774,61
1300,152930,9,1119,777,72
1301,153004,10,1125,782,72
1302,153101,8,1127,777,75
1303,153196,9,1132,781,76
1304,153274,9,1141,789,76
1305,153369,21,1152,797,79
1306,153598,161,1160,801,83
1307,153693,8,1155,795,81
1308,153793,9,1156,790,87
1309,153860,8,1180,813,88
1310,153938,10,1180,805,96
1311,154019,8,1179,804,95
1312,154100,10,1192,818,94
1313,154180,8,1189,820,89
1314,154256,10,1191,822,89
1315,154334,9,1191,819,92
1316,154426,11,1200,831,89
1317,154502,9,1197,831,86
1318,154569,9,1201,836,85
1319,154640,8,1205,837,88
1320,154712,10,1210,834,88
1321,154807,10,1213,835,90
1322,154879,9,1231,846,92
1323,154971,9,1231,844,93
1324,155055,10,1232,843,95
1325,155336,9,1234,796,150
1326,155426,9,1237,781,171
1327,155525,11,1246,772,191
1328,155613,9,1256,768,209
1329,155708,10,1257,739,244
1330,155803,9,1258,741,240
1331,155888,9,1250,726,249
1332,155994,9,1253,726,253
1333,156095,9,1261,708,271
1334,156175,9,1261,699,280
1335,156275,9,1266,695,290
1336,156378,11,1266,688,296
1337,156486,10,1272,677,313
1338,156614,40,1274,672,325
1339,156710,10,1282,665,343
1340,156810,10,1293,655,358
1341,156955,15,1299,646,378
1342,157264,9,1299,616,417
1343,157358,9,1299,605,432
1344,157451,10,1307,611,434
1345,157543,10,1313,617,434
1346,157648,9,1324,628,431
1347,157734,10,1336,639,431
1348,157813,9,1341,639,437
1349,157902,10,1340,642,436
1350,157986,10,1354,656,439
1351,158069,12,1359,649,458
1352,158147,10,1358,641,466
1353,158246,10,1358,629,484
1354,158345,10,1359,609,508
1355,158441,10,1359,597,523
1356,158532,10,1362,596,531
1357,158637,10,1363,589,539
1358,158853,10,1372,567,576
1359,158947,10,1379,570,579
1360,159040,9,1381,563,588
1361,159124,10,1384,566,588
1362,159206,10,1389,571,588
1363,159280,10,1398,580,588
1364,159375,8,1400,582,587
1365,159457,10,1402,584,587
1366,159550,10,1414,595,588
1367,159633,10,1424,599,600
1368,159719,9,1429,596,607
1369,159799,11,1435,588,623
1370,159903,10,1441,583,634
1371,159977,11,1457,598,627
1372,160369,45,841,584,33
1373,160444,7,851,592,33
1374,160532,7,863,595,43
1375,160609,6,876,604,47
1376,160710,7,879,605,48
1377,160792,7,895,614,52
1378,160871,7,904,622,52
1379,160954,8,910,625,54
1380,161036,7,912,627,54
1381,161125,6,916,631,54
1382,161204,8,919,634,54
1383,161296,7,922,636,54
1384,161375,7,935,649,52
1385,161462,8,944,645,61
1386,161532,7,945,646,61
1387,161768,7,946,621,97
1388,161851,8,963,633,100
1389,161943,7,968,633,106
1390,162034,8,968,632,107
1391,162122,7,969,628,114
1392,162207,7,977,632,112
1393,162287,7,977,632,112
1394,162377,8,979,634,112
1395,162477,7,988,641,116
1396,162575,7,994,640,121
1397,162644,7,1002,646,122
1398,162743,11,1004,648,122
1399,162806,8,1021,654,133
1400,162887,8,1022,651,136
1401,162966,8,1032,650,147
1402,163203,167,1053,671,147
1403,163287,8,1054,672,147
1404,163365,8,1061,678,147
1405,163454,8,1062,680,146
1406,163539,8,1062,681,144
1407,163620,8,1062,681,144
1408,163702,9,1076,695,141
1409,163782,8,1082,701,141
1410,163853,8,1090,709,141
1411,163920,8,1099,717,141
1412,164008,8,1103,721,141
1413,164077,8,1113,731,141
1414,164161,8,1124,742,141
1415,164251,9,1133,751,141
1416,164342,9,1135,753,141
1417,164422,8,1138,757,140
1418,166743,9,1145,704,195
1419,166827,8,1152,710,196
1420,166908,8,1153,710,197
1421,167003,9,1162,710,202
1422,167078,10,1168,714,206
1423,167205,11,1169,712,208
1424,167296,9,1168,708,208
1425,167377,11,1166,697,217
1426,167467,9,1172,701,217
1427,167546,9,1173,701,218
1428,167640,9,1174,692,233
1429,167729,9,1183,699,236
1430,167816,10,1183,690,247
1431,167930,12,1183,687,253
1432,168036,9,1183,682,258
1433,168152,42,1186,675,267
1434,168240,9,1189,672,272
1435,168316,9,1198,681,272
1436,168404,8,1198,678,272
1437,168483,10,1204,683,272
1438,168562,8,1204,683,272
1439,168648,8,1208,679,281
1440,168727,9,1215,679,290
1441,168805,9,1216,679,291
1442,168894,8,1227,686,293
1443,169010,24,1235,690,300
1444,169117,9,1235,688,304
1445,169180,9,1250,703,304
1446,169265,9,1251,703,305
1447,169341,9,1261,713,305
1448,169422,10,1263,713,307
1449,169554,8,1263,705,310
1450,169641,9,1265,704,313
1451,169726,9,1266,702,315
1452,169801,9,1256,702,305
1453,169888,9,1257,701,308
1454,169978,10,1257,699,307
1455,170155,45,956,705,0
1456,170234,8,960,709,0
1457,170316,7,971,720,0
1458,170407,8,977,723,5
1459,170501,8,982,725,5
1460,170591,7,983,725,6
1461,170681,8,985,716,20
1462,170759,8,987,716,24
1463,170880,8,1001,714,42
1464,170981,7,1003,709,43
1465,171074,11,1005,699,53
1466,171156,7,1012,699,59
1467,171247,7,1013,699,59
1468,171338,8,1015,699,63
1469,171425,9,1019,698,65
1470,171506,10,1020,687,76
1471,171585,8,1029,692,78
1472,171675,8,1028,686,82
1473,171771,8,1029,679,101
1474,171852,8,1036,686,101
1475,171929,9,1049,695,102
1476,172012,8,1052,697,102
1477,172087,8,1055,696,105
1478,172173,8,1059,689,119
1479,172332,8,1058,678,131
1480,172417,8,1068,685,132
1481,172525,8,1068,686,131
1482,172609,8,1070,687,131
1483,172690,9,1088,697,139
1484,172778,8,1101,708,142
1485,172868,8,1100,708,141
1486,172950,11,1117,723,144
1487,173032,9,1124,724,149
1488,173116,8,1126,718,157
1489,173206,9,1129,723,152
1490,173286,9,1131,720,156
1491,173365,9,1137,723,156
1492,173460,9,1145,726,159
1493,173553,10,1147,728,158
1494,173701,9,1147,715,169
1495,173796,10,1148,716,169
1496,173895,8,1148,716,169
1497,173964,9,1149,716,168
1498,174034,9,1157,723,168
1499,174104,8,1158,724,168
1500,174184,9,1159,724,169
1501,174274,9,1166,730,168
1502,174366,9,1166,727,171
1503,174445,10,1172,730,173
1504,174526,10,1186,740,177
1505,174610,8,1191,743,176
1506,174688,8,1186,738,176
1507,174761,9,1186,741,173
1508,174874,9,1187,739,175
1509,175045,9,1186,735,179
1510,175138,9,1188,733,186
1511,175226,9,1201,748,184
1512,175314,9,1205,742,197
1513,175392,9,1208,746,193
1514,175486,9,1212,750,193
1515,175577,8,1215,746,199
1516,175663,9,1214,740,205
1517,175740,9,1216,737,208
1518,175828,10,1219,741,206
1519,175907,9,1227,746,211
1520,175991,9,1227,746,210
1521,176064,10,1227,746,210
1522,176177,9,1225,747,207
1523,176274,12,1234,751,207
1524,176462,10,1235,742,216
1525,176543,9,1245,751,213
1526,176626,9,1248,751,217
1527,176707,9,1248,751,217
1528,176796,9,1248,752,216
1529,176880,9,1257,759,218
1530,176969,10,1259,761,218
1531,177056,9,1259,761,218
1532,177138,9,1257,761,216
1533,177212,11,1257,755,224
1534,177301,9,1257,749,232
1535,177390,11,1259,745,235
1536,177488,16,1260,744,238
1537,177666,10,1262,744,240
1538,177755,9,1265,743,244
1539,177918,11,1274,752,244
1540,178007,9,1279,760,241
1541,178078,8,1282,765,239
1542,178160,8,1290,771,241
1543,178236,9,1293,773,241
1544,178321,10,1295,772,244
1545,178409,9,1300,777,244
1546,178511,9,1304,782,243
1547,178581,10,1305,783,243
1548,178664,10,1303,779,242
1549,178747,10,1304,779,243
1550,178827,10,1304,779,242
1551,178913,10,1304,773,248
1552,178991,10,1304,770,252
1553,179063,10,1310,776,249
1554,179144,10,1311,776,252
1555,179314,9,1311,769,255
1556,179385,9,1317,774,255
1557,179469,10,1316,766,262
1558,179556,9,1321,772,259
1559,179644,10,1322,772,261
1560,179725,10,1323,768,266
1561,179815,10,1323,767,269
1562,179903,11,1328,771,269
1563,179983,10,1329,771,271
1564,180207,9,1330,771,270
1565,180316,16,1063,772,2
1566,180403,10,1071,776,5
1567,180483,8,1073,769,14
1568,180595,9,1073,764,16
1569,180672,8,1082,770,16
1570,180841,8,1092,777,19
1571,180932,8,1101,781,19
1572,181025,8,1103,781,21
1573,181110,8,1105,780,24
1574,181190,9,1107,777,29
1575,181268,8,1111,779,30
1576,181352,10,1118,782,36
1577,181424,8,1124,783,41
1578,181511,11,1126,780,50
1579,181600,9,1142,790,58
1580,181669,9,1155,803,58
1581,181751,10,1156,804,58
1582,181834,8,1166,813,59
1583,181914,9,1168,814,59
1584,181998,10,1174,814,64
1585,182086,10,1178,813,69
1586,182163,9,1183,805,87
1587,182383,140,1192,813,87
1588,182464,9,1192,811,89
1589,182540,9,1204,822,88
1590,182647,9,1204,819,91
1591,182738,9,1208,821,93
1592,182811,9,1213,824,95
1593,182906,10,1217,825,97
1594,182998,9,1219,824,100
1595,183060,9,1221,821,107
1596,183156,9,1225,822,110
1597,183261,8,1239,823,123
1598,183328,9,1244,826,124
1599,183423,10,1238,823,121
1600,183509,9,1240,826,120
1601,183582,9,1248,834,119
1602,183692,14,1246,829,121
1603,183793,10,1255,832,126
1604,183871,10,1259,825,137
1605,184069,118,1256,819,142
1606,184143,9,1260,820,145
1607,184223,10,1260,820,145
1608,184295,9,1263,820,148
1609,184382,10,1265,822,148
1610,184473,9,1266,818,149
1611,184572,9,1277,828,146
1612,184632,9,1284,832,147
1613,184734,9,1287,832,150
1614,184806,12,1291,836,150
1615,184894,9,1291,835,150
1616,184970,9,1305,849,150
1617,185043,10,1305,845,155
1618,185136,11,1309,817,193
1619,185225,9,1317,826,189
1620,185364,9,1318,829,187
1621,185452,10,1326,828,197
1622,185561,15,1326,823,211
1623,185832,10,1332,798,254
1624,185910,10,1338,799,261
1625,186011,9,1340,768,305
1626,186110,9,1348,768,313
1627,186209,9,1350,750,337
1628,186297,9,1349,746,337
1629,186387,10,1351,729,365
1630,186487,12,1352,721,375
1631,186579,10,1351,717,379
1632,186678,10,1359,713,391
1633,186768,10,1359,707,399
1634,186871,10,1363,698,412
1635,186958,11,1366,693,420
1636,187045,10,1374,699,420
1637,187125,11,1372,699,418
1638,187215,9,1375,702,418
1639,187312,11,1377,685,441
1640,187405,12,1386,669,465
1641,187639,10,1387,635,504
1642,187740,10,1388,628,518
1643,187824,10,1384,620,527
1644,187998,13,1393,620,542
1645,188102,10,1395,611,553
1646,188187,10,1398,598,571
1647,188278,10,1401,598,574
1648,188365,11,1402,598,575
1649,188448,11,1408,596,584
1650,188546,10,1406,585,596
1651,188624,11,1414,587,602
1652,188715,10,1417,590,600
1653,188798,11,1423,596,599
1654,188880,11,1423,592,602
1655,188989,13,1424,590,613
1656,189081,11,1429,573,640
1657,189330,156,1432,561,653
1658,189427,10,1440,555,670
1659,189507,11,1452,556,681
1660,189582,11,1468,571,682
1661,189681,11,1470,572,686
1662,189772,11,1474,566,697
1663,189863,11,1482,577,694
1664,189942,11,1488,587,690
1665,190049,28,1487,574,707
1666,190639,56,792,559,39
1667,190728,6,794,553,51
1668,190815,7,804,557,57
1669,190913,7,818,566,57
1670,190988,6,828,572,59
1671,191282,6,843,581,64
1672,191365,7,844,581,66
1673,191447,6,851,574,84
1674,191520,7,865,588,84
1675,191606,6,874,597,84
1676,191705,7,874,597,84
1677,191798,7,875,593,91
1678,191890,10,874,594,87
1679,191976,7,887,601,92
1680,192063,7,894,599,101
1681,192139,7,897,596,109
1682,192198,7,900,590,117
1683,192260,7,900,580,130
1684,192348,7,910,587,133
1685,192443,7,914,589,135
1686,192534,9,914,575,153
1687,192779,6,918,571,167
1688,192866,7,918,566,173
1689,192943,7,920,565,176
1690,193019,8,922,560,182
1691,193099,7,924,561,185
1692,193172,7,933,572,183
1693,193310,11,935,561,200
1694,193387,7,946,557,211
1695,193478,8,954,562,212
1696,193566,8,964,563,218
1697,193659,8,977,572,220
1698,193749,8,984,581,218
1699,193845,8,997,597,214
1700,193994,8,1014,604,227
1701,194144,13,1014,603,228
1702,194262,10,1012,597,230
1703,194533,9,1018,597,239
1704,194615,8,1022,601,239
1705,194747,11,1028,607,239
1706,194827,8,1032,612,238
1707,194915,8,1037,617,238
1708,195003,7,1035,620,233
1709,195090,8,1033,626,225
1710,195181,8,1035,630,221
1711,195293,8,1037,632,221
1712,195381,8,1039,636,218
1713,195473,8,1042,639,218
1714,195562,9,1043,643,215
1715,195640,8,1044,644,215
1716,195724,8,1048,647,215
1717,195807,8,1052,650,214
1718,195883,8,1062,660,214
1719,196121,7,1065,663,214
1720,196210,8,1066,664,214
1721,196295,9,1077,674,212
1722,196395,8,1079,676,212
1723,196473,8,1082,679,212
1724,196552,8,1087,684,212
1725,196629,8,1096,693,212
1726,196721,8,1098,690,217
1727,196784,8,1101,692,217
1728,196868,9,1101,687,222
1729,196955,9,1106,691,222
1730,197031,9,1105,683,230
1731,197102,9,1112,686,233
1732,197192,9,1120,690,233
1733,197286,9,1121,690,234
1734,199880,2510,1126,600,349
1735,199986,9,1129,586,364
1736,200263,78,769,583,7
1737,200331,6,769,580,12
1738,200436,6,772,573,19
1739,200538,6,780,572,27
1740,200622,7,784,571,31
1741,200706,7,796,575,37
1742,200791,7,799,579,36
1743,200863,7,805,585,36
1744,200938,6,807,586,37
1745,201027,8,817,589,41
1746,201123,7,820,590,42
1747,201222,7,822,592,42
1748,201336,44,823,593,42
1749,201412,6,823,591,44
1750,201495,6,834,591,55
1751,201583,8,836,591,58
1752,201662,6,838,589,63
1753,201748,6,839,583,71
1754,201821,7,843,585,73
1755,201902,7,862,603,74
1756,201990,7,866,609,70
1757,202056,7,865,609,69
1758,202136,7,870,612,71
1759,202207,7,872,613,73
1760,202312,7,873,610,77
1761,202387,7,886,618,80
1762,202488,7,889,621,80
1763,202579,7,888,620,79
1764,202649,8,907,634,80
1765,202785,7,919,642,81
1766,202863,8,919,641,82
1767,202954,8,916,643,77
1768,203033,7,918,629,92
1769,203094,8,923,633,93
1770,203179,7,927,624,105
1771,203275,7,930,627,105
1772,203339,7,933,627,108
1773,203434,7,939,628,113
1774,203506,8,939,628,113
1775,203578,7,946,635,113
1776,203667,7,948,638,112
1777,203760,7,957,639,116
1778,203840,7,962,644,116
1779,203921,8,969,649,116
1780,203987,8,971,646,121
1781,204128,69,973,643,125
1782,204200,7,985,650,129
1783,204288,8,986,649,129
1784,204376,8,988,645,135
1785,204453,8,988,640,138
1786,204546,8,994,642,138
1787,204634,8,998,647,130
1788,204716,8,1007,651,138
1789,204789,8,1018,650,151
1790,204873,8,1018,641,165
1791,204941,8,1027,649,162
1792,205010,8,1027,649,162
1793,205103,7,1028,646,168
1794,205182,7,1035,648,171
1795,205255,8,1037,646,174
1796,205341,8,1048,655,176
1797,205480,61,1057,653,187
1798,205576,8,1059,656,184
1799,205665,8,1059,648,189
1800,205754,8,1068,648,199
1801,205845,9,1062,640,201
1802,205934,9,1070,644,203
1803,206008,8,1067,642,203
1804,206097,10,1069,641,207
1805,206183,9,1071,643,206
1806,206275,9,1070,642,206
1807,206353,8,1084,656,206
1808,206434,8,1101,668,206
1809,206523,9,1102,665,210
1810,206608,9,1105,666,213
1811,206697,12,1100,663,211
1812,206775,8,1101,664,211
1813,206915,9,1108,669,208
1814,206989,9,1125,683,208
1815,207073,9,1125,680,210
1816,207169,8,1127,681,215
1817,207260,8,1128,681,218
1818,207345,9,1130,678,223
1819,207422,9,1136,683,223
1820,207491,9,1138,685,223
1821,207573,10,1150,689,227
1822,207660,9,1153,689,230
1823,207762,10,1154,692,229
1824,207862,9,1154,692,230
1825,207946,9,1155,690,233
1826,208030,9,1156,688,241
1827,208119,10,1163,695,241
1828,208301,8,1166,695,244
1829,208393,9,1169,698,244
1830,208484,8,1169,694,247
1831,208593,10,1176,696,254
1832,208681,9,1178,697,256
1833,208774,9,1188,707,256
1834,208856,9,1190,709,256
1835,208943,10,1187,705,257
1836,209032,9,1190,705,259
1837,209115,10,1191,707,258
1838,209203,10,1192,706,260
1839,209286,10,1200,714,260
1840,209377,10,1206,716,260
1841,209450,10,1212,722,260
1842,209556,10,1219,729,260
1843,209714,10,1227,736,255
1844,209790,10,1228,735,257
1845,209867,9,1233,737,257
1846,209953,9,1233,737,256
1847,210041,15,1233,738,255
1848,210169,12,983,741,0
1849,210252,7,988,741,3
1850,210330,8,989,742,3
1851,210405,9,993,744,4
1852,210487,8,1000,740,14
1853,210589,8,1002,740,16
1854,210688,8,1012,743,17
1855,210781,8,1021,751,17
1856,210878,8,1024,752,19
1857,211036,7,1031,752,27
1858,211098,7,1045,766,27
1859,211177,9,1046,768,26
1860,211263,9,1050,772,26
1861,211349,7,1050,773,26
1862,211432,8,1062,784,27
1863,211533,12,1072,787,31
1864,211595,8,1080,794,32
1865,211678,8,1082,790,43
1866,211769,9,1093,795,47
1867,211846,8,1101,800,47
1868,211928,9,1102,798,50
1869,212002,8,1105,795,56
1870,212088,9,1107,793,61
1871,212170,10,1109,794,62
1872,212248,9,1114,795,65
1873,212346,8,1126,801,65
1874,212527,99,1128,794,77
1875,212622,8,1133,797,77
1876,212702,9,1142,806,77
1877,212786,8,1142,804,78
1878,212852,8,1142,803,79
1879,212951,9,1149,808,81
1880,213050,10,1157,815,83
1881,213137,9,1157,812,89
1882,213214,9,1160,815,89
1883,213305,9,1160,811,90
1884,213375,8,1174,821,94
1885,213446,10,1189,837,93
1886,213533,9,1192,840,91
1887,213631,12,1211,859,91
1888,213707,10,1215,857,93
1889,213801,9,1220,860,95
1890,213892,10,1234,872,97
1891,214081,10,1234,872,97
1892,214177,9,1234,870,99
1893,214268,9,1236,872,99
1894,214334,9,1247,877,100
1895,214411,9,1248,876,104
1896,214501,9,1257,880,110
1897,214581,9,1260,880,115
1898,214689,10,1263,882,116
1899,214762,10,1276,891,120
1900,214853,9,1273,884,125
1901,214941,10,1282,893,125
1902,215030,9,1281,896,120
1903,215140,10,1282,871,144
1904,215242,10,1286,866,153
1905,215354,10,1286,851,171
1906,215447,9,1295,846,187
1907,215548,9,1303,853,185
1908,215783,10,1316,861,193
1909,215872,9,1322,865,195
1910,215959,10,1334,859,216
1911,216066,9,1337,850,228
1912,216157,10,1341,834,255
1913,216252,10,1342,818,282
1914,216347,10,1350,807,298
1915,216450,10,1361,815,299
1916,216537,9,1369,823,301
1917,216646,10,1373,827,301
1918,216814,38,1389,834,316
1919,216913,11,1398,815,342
1920,217002,10,1398,811,346
1921,217095,10,1404,816,346
1922,217190,11,1408,802,368
1923,217278,10,1410,799,374
1924,217379,11,1411,778,398
1925,217605,10,1416,782,398
1926,217692,10,1423,785,402
1927,217785,11,1422,776,415
1928,217885,11,1424,777,416
1929,217961,11,1426,778,418
1930,218049,11,1429,763,438
1931,218139,11,1430,764,438
1932,218244,11,1430,744,457
1933,218333,10,1430,744,456
1934,218424,11,1438,743,463
1935,218503,10,1443,731,482
1936,218594,13,1448,729,493
1937,218683,10,1447,725,498
1938,218787,11,1455,725,514
1939,218878,13,1460,718,530
1940,218968,11,1454,703,544
1941,219063,10,1452,688,558
1942,219268,140,1465,703,557
1943,219344,12,1475,710,553
1944,219426,10,1480,708,563
1945,219525,11,1482,707,564
1946,219609,11,1495,715,570
1947,219684,11,1498,709,579
1948,219776,11,1505,702,594
1949,219859,11,1515,697,615
1950,219945,16,1519,702,614
1951,220029,10,1518,696,619
1952,220532,94,918,697,18
1953,220615,8,920,686,33
1954,220699,7,926,690,33
1955,220775,6,932,687,40
1956,220871,8,938,688,46
1957,220959,7,946,692,49
1958,221177,8,961,707,49
1959,221270,8,968,714,49
1960,221345,8,980,718,64
1961,221427,7,983,711,76
1962,221520,8,988,713,75
1963,221611,7,996,707,87
1964,221691,8,998,708,87
1965,221778,8,999,698,97
1966,221863,8,1007,697,110
1967,221947,8,1010,685,129
1968,222052,8,1010,658,157
1969,222146,8,1018,656,174
1970,222229,8,1034,657,184
1971,222337,8,1034,652,189
1972,222415,9,1044,661,190
1973,222490,8,1056,672,190
1974,222567,8,1054,663,195
1975,222807,7,1063,668,204
1976,222891,9,1063,659,214
1977,222985,8,1064,654,221
1978,223073,11,1071,649,233
1979,223155,9,1077,646,237
1980,223247,8,1087,653,240
1981,223343,8,1094,648,251
1982,223439,8,1096,651,250
1983,223521,9,1098,648,256
1984,223599,9,1104,643,264
1985,223675,8,1113,637,274
1986,223767,9,1121,639,275
1987,223850,9,1131,633,287
1988,223940,9,1137,640,286
1989,224028,8,1139,642,286
1990,224127,9,1141,637,288
1991,224190,9,1149,644,288
1992,224428,165,1150,641,293
1993,224516,8,1168,655,294
1994,224614,9,1170,656,295
1995,224720,8,1171,654,298
1996,224807,9,1174,656,302
1997,224895,9,1193,661,317
1998,224975,10,1205,669,322
1999,225070,9,1205,660,330
2000,225164,8,1203,663,325
2001,225242,10,1205,663,327
2002,225326,9,1207,666,326
2003,225409,9,1215,673,326
2004,225494,11,1230,677,342
2005,225588,9,1237,678,349
2006,225672,10,1233,677,345
2007,225935,8,1232,666,355
2008,226026,9,1239,677,351
2009,226111,10,1247,684,351
2010,226212,8,1245,678,354
2011,226286,9,1250,678,358
2012,226370,10,1252,677,361
2013,226446,9,1259,685,360
2014,226525,10,1256,685,357
2015,226608,9,1257,677,365
2016,226686,12,1273,693,365
2017,226763,9,1271,696,359
2018,226842,10,1272,696,359
2019,226946,9,1269,685,368
2020,227033,9,1271,683,372
2021,227139,10,1272,681,376
2022,227404,9,1275,664,397
2023,227482,9,1281,670,396
2024,227562,10,1292,681,395
2025,227659,10,1299,689,394
2026,227744,10,1305,698,391
2027,227817,10,1310,702,391
2028,227897,10,1311,703,391
2029,227986,10,1312,704,391
2030,228072,10,1313,705,391
2031,228150,10,1317,709,391
2032,228232,10,1320,712,391
2033,228346,10,1329,721,391
2034,228447,10,1330,722,391
2035,228522,10,1330,722,391
2036,228749,10,1331,723,391
2037,228860,14,1332,724,391
2038,228979,11,1345,736,391
2039,229062,10,1348,745,382
2040,229152,12,1353,750,382
2041,229241,10,1354,751,382
2042,229337,10,1355,753,381
2043,229419,9,1356,755,380
2044,229505,10,1362,761,380
2045,229606,11,1366,766,379
2046,229689,10,1364,766,377
2047,229792,10,1364,766,377
2048,229876,10,1372,774,377
2049,229957,10,1387,788,377
2050,232525,9,1395,647,531
2051,233367,80,959,612,129
2052,233465,9,976,625,131
2053,233546,7,977,623,130
2054,233658,8,981,622,135
2055,233760,8,983,616,138
2056,233848,7,990,616,139
2057,233931,8,993,616,143
2058,234026,9,996,619,142
2059,234115,8,996,619,143
2060,234214,8,1010,615,151
2061,234332,40,1012,612,158
2062,234422,7,1012,609,165
2063,234502,7,1011,607,167
2064,234593,7,1016,608,168
2065,234679,8,1025,610,169
2066,234775,10,1030,615,168
2067,234872,8,1041,626,168
2068,234952,8,1049,632,171
2069,235028,8,1050,629,175
2070,235123,8,1050,628,175
2071,235193,8,1053,633,173
2072,235274,8,1055,633,175
2073,235365,8,1057,625,178
2074,235443,9,1058,626,178
2075,235534,8,1060,627,179
2076,235610,8,1060,626,186
2077,235738,8,1062,624,185
2078,235810,8,1068,631,183
2079,235890,8,1068,623,192
2080,235978,8,1064,609,202
2081,236051,9,1071,616,202
2082,236131,8,1081,622,203
2083,236210,8,1086,624,204
2084,236301,8,1096,634,204
2085,236380,8,1099,636,208
2086,236474,9,1101,636,207
2087,236560,11,1105,640,206
2088,236647,9,1110,648,203
2089,236727,8,1115,652,205
2090,236814,9,1115,645,212
2091,236901,9,1121,651,210
2092,236968,9,1138,669,209
2093,237108,8,1151,669,224
2094,237208,8,1152,669,224
2095,237301,8,1153,667,226
2096,237385,9,1153,667,226
2097,237465,9,1156,669,225
2098,237542,9,1159,672,225
2099,237640,8,1161,659,241
2100,237720,9,1167,666,240
2101,237795,10,1170,668,241
2102,237877,10,1173,674,238
2103,237952,9,1174,674,238
2104,238028,9,1170,672,235
2105,238115,9,1178,678,236
2106,238213,9,1187,686,235
2107,238299,9,1188,684,235
2108,238441,9,1194,689,235
2109,238518,9,1194,689,235
2110,238603,9,1195,687,238
2111,238710,11,1195,687,238
2112,238780,9,1195,687,239
2113,238861,8,1205,697,239
2114,238946,12,1211,701,237
2115,239080,9,1215,698,241
2116,239171,9,1217,695,251
2117,239259,8,1221,697,253
2118,239358,12,1226,699,253
2119,239428,9,1237,709,255
2120,239537,11,1238,709,257
2121,239627,9,1238,708,259
2122,239727,10,1240,710,258
2123,239908,9,1244,709,263
2124,239992,10,1243,709,259
2125,240137,15,984,709,0
2126,240228,8,984,705,5
2127,240307,7,994,714,5
2128,240388,7,994,711,7
2129,240455,8,1000,714,10
2130,240514,8,1012,724,10
2131,240581,8,1021,726,18
2132,240664,8,1022,728,16
2133,240755,13,1030,726,27
2134,240869,8,1031,722,32
2135,240948,9,1048,735,35
2136,241029,8,1052,739,34
2137,241106,10,1051,741,31
2138,241269,8,1054,740,37
2139,241359,8,1058,744,37
2140,241443,8,1059,744,38
2141,241513,8,1064,746,41
2142,241632,20,1065,746,42
2143,241748,8,1070,745,49
2144,241831,8,1072,747,49
2145,241946,8,1080,750,53
2146,242031,9,1085,751,54
2147,242103,9,1093,757,57
2148,242201,8,1099,758,62
2149,242280,8,1105,762,62
2150,242360,9,1106,762,64
2151,242434,9,1106,750,74
2152,242529,9,1114,758,74
2153,242603,9,1116,760,74
2154,242761,8,1116,757,75
2155,242849,14,1120,757,75
2156,242937,8,1123,758,77
2157,243038,11,1133,766,79
2158,243131,8,1145,766,87
2159,243214,9,1147,767,88
2160,243296,9,1156,774,89
2161,243388,9,1160,776,88
2162,243472,11,1168,780,92
2163,243555,9,1177,786,95
2164,243626,10,1185,792,95
2165,243708,8,1187,791,97
2166,243797,9,1189,791,99
2167,243888,10,1198,798,100
2168,243971,9,1202,795,105
2169,244049,10,1205,794,109
2170,244216,8,1205,792,110
2171,244295,9,1207,793,113
2172,244380,13,1212,796,115
2173,244468,9,1214,793,122
2174,244553,9,1216,792,125
2175,244631,10,1223,795,131
2176,244713,9,1233,805,129
2177,244788,9,1235,803,134
2178,244873,9,1233,806,129
2179,245007,9,1233,809,126
2180,245108,10,1236,779,167
2181,245210,10,1240,778,176
2182,245308,9,1242,767,196
2183,245424,10,1241,742,232
2184,245531,10,1254,742,244
2185,245620,9,1257,737,252
2186,245811,9,1255,736,249
2187,245906,9,1261,732,264
2188,245990,9,1263,714,287
2189,246105,11,1267,701,305
2190,246197,9,1270,690,313
2191,246311,9,1272,685,320
2192,246396,9,1276,686,325
2193,246476,9,1282,685,341
2194,246575,10,1284,684,344
2195,246686,10,1290,679,359
2196,246863,11,1290,671,368
2197,246963,13,1298,669,378
2198,247058,10,1299,668,384
2199,247143,9,1308,667,394
2200,247235,10,1313,664,398
2201,247337,9,1315,649,416
2202,247543,122,1315,641,424
2203,247646,10,1316,632,441
2204,247766,16,1328,637,440
2205,247863,11,1331,632,447
2206,247959,10,1333,621,465
2207,248046,11,1326,609,473
2208,248162,23,1329,605,478
2209,248265,11,1345,620,478
2210,248346,10,1355,618,489
2211,248433,11,1356,604,512
2212,248519,10,1366,609,513
2213,248614,11,1375,611,522
2214,248710,12,1384,608,534
2215,248810,10,1382,600,542
2216,248902,11,1388,604,544
2217,249005,10,1389,606,544
2218,249077,10,1389,597,560
2219,249161,12,1383,591,564
2220,249471,10,1382,572,589
2221,249543,9,1382,570,591
2222,249641,10,1390,574,598
2223,249736,13,1391,563,613
2224,249826,13,1397,557,631
2225,249913,9,1398,558,631
2226,249981,16,1415,573,634
2227,250278,106,783,575,0
2228,250369,6,783,575,0
2229,250480,7,789,581,0
2230,250565,6,800,591,3
2231,250644,7,805,588,12
2232,250730,6,813,585,22
2233,250827,7,814,580,32
2234,250909,6,830,583,51
2235,250994,7,833,578,61
2236,251206,6,833,568,69
2237,251299,7,840,570,76
2238,251391,6,844,571,85
2239,251489,7,840,567,86
2240,251556,6,844,557,107
2241,251636,7,848,547,123
2242,251717,7,861,557,126
2243,251809,7,867,560,127
2244,251875,6,880,574,126
2245,251955,7,886,580,126
2246,252027,6,897,590,125
2247,252119,7,914,606,126
2248,252200,7,927,614,132
2249,252281,8,930,617,132
2250,252372,7,932,615,137
2251,252455,7,933,608,148
2252,252573,8,933,608,148
2253,252661,7,938,605,158
2254,252751,8,936,606,155
2255,252820,7,941,604,162
2256,253050,7,946,585,185
2257,253126,7,948,583,188
2258,253200,7,951,580,191
2259,253284,7,957,576,202
2260,253379,8,968,581,208
2261,253464,8,975,577,222
2262,253564,8,975,572,225
2263,253677,7,977,564,234
2264,253760,7,976,555,245
2265,253842,8,991,567,249
2266,253922,11,998,571,252
2267,254010,8,1005,578,252
2268,254102,8,1008,571,255
2269,254181,8,1014,573,257
2270,254250,9,1032,589,253
2271,254332,8,1033,590,253
2272,254413,8,1035,592,253
2273,254489,8,1039,589,261
2274,254567,8,1039,588,262
2275,254926,264,1037,582,265
2276,255028,8,1037,575,273
2277,255120,8,1044,568,290
2278,255198,11,1058,581,290
2279,255292,12,1067,589,291
2280,255387,8,1072,582,304
2281,255476,10,1079,582,311
2282,255575,9,1080,583,311
2283,255736,17,1080,574,319
2284,255907,11,1095,589,319
2285,256023,8,1100,592,321
2286,256093,9,1102,590,322
2287,256198,9,1102,590,324
2288,256296,9,1111,595,327
2289,256375,9,1111,595,327
2290,256456,8,1111,591,331
2291,256703,7,1113,588,336
2292,256789,9,1115,585,341
2293,256873,8,1122,589,344
2294,256955,9,1126,580,358
2295,257044,9,1130,578,365
2296,257131,9,1128,575,365
2297,257226,15,1129,576,365
2298,257330,9,1132,577,363
2299,257415,9,1138,582,364
2300,257493,9,1140,582,366
2301,257577,8,1142,576,373
2302,257660,9,1152,586,373
2303,257740,8,1156,586,377
2304,257835,9,1153,576,383
2305,257933,9,1162,583,381
2306,258184,168,1164,580,389
2307,258261,9,1169,587,387
2308,258358,9,1174,585,395
2309,258464,10,1182,583,408
2310,258550,9,1186,585,410
2311,258654,9,1192,589,414
2312,258735,11,1200,598,413
2313,258822,13,1203,592,420
2314,258909,9,1208,599,418
2315,259002,9,1211,596,421
2316,259092,9,1210,594,423
2317,259175,9,1222,604,423
2318,259270,9,1220,600,426
2319,259359,10,1224,604,425
2320,259445,12,1221,603,425
2321,259691,13,1231,600,437
2322,259788,9,1231,600,437
2323,259893,10,1234,602,437
2324,260004,9,1240,601,442
2325,260252,102,807,610,0
2326,260332,7,807,610,0
2327,260440,7,808,611,0
2328,260519,7,811,613,0
2329,260607,7,817,619,0
2330,260684,7,829,631,0
2331,260770,7,831,633,0
2332,260856,7,838,640,0
2333,260946,8,844,646,0
2334,261174,6,854,655,0
2335,261253,8,861,660,0
2336,261340,6,861,660,0
2337,261421,6,866,665,0
2338,261498,6,873,672,0
2339,261587,7,885,684,0
2340,261669,8,892,691,0
2341,261746,8,893,692,0
2342,261821,7,899,696,0
2343,261908,7,909,704,0
2344,261994,8,925,719,0
2345,262071,7,927,721,0
2346,262159,7,928,722,0
2347,262247,7,931,725,0
2348,262325,8,935,729,0
2349,262409,8,942,736,0
2350,264605,2127,948,735,3
2351,264699,8,952,694,50
2352,264780,8,960,699,49
2353,264857,8,962,701,49
2354,264941,8,975,713,52
2355,265024,7,977,712,55
2356,265117,8,977,708,59
2357,265207,8,984,712,61
2358,265296,8,989,710,66
2359,265382,8,993,712,66
2360,265470,8,999,715,67
2361,265560,9,999,710,74
2362,265645,9,999,709,74
2363,265744,9,1007,717,74
2364,265822,8,1023,725,79
2365,265905,8,1037,739,79
2366,266007,8,1034,738,77
2367,266081,8,1055,751,79
2368,266167,7,1056,747,82
2369,266253,8,1061,746,85
2370,266344,8,1072,757,85
2371,266423,8,1073,757,86
2372,266512,8,1074,758,86
2373,266608,8,1079,762,87
2374,266680,8,1081,761,95
2375,266760,8,1086,758,106
2376,266843,9,1091,760,113
2377,266941,8,1091,757,115
2378,267008,9,1099,764,118
2379,267091,9,1118,782,118
2380,267178,10,1124,787,118
2381,267305,47,1125,786,119
2382,267405,8,1126,785,120
2383,267479,9,1127,783,122
2384,267577,9,1128,777,129
2385,267675,9,1127,771,134
2386,267757,9,1130,772,136
2387,267839,9,1132,771,140
2388,267926,9,1134,772,140
2389,268014,7,1143,766,160
2390,268101,9,1141,763,161
2391,268173,8,1139,761,163
2392,268247,10,1149,768,166
2393,268325,9,1156,775,164
2394,268400,9,1163,777,172
2395,268482,8,1172,785,169
2396,268626,8,1174,781,175
2397,268706,9,1178,783,175
2398,268782,9,1185,790,175
2399,268863,9,1188,787,178
2400,268955,9,1187,786,177
2401,269037,9,1190,785,177
2402,269127,9,1189,783,178
2403,269227,11,1189,781,180
2404,269311,10,1188,779,180
2405,269405,10,1191,782,180
2406,269494,9,1195,784,183
2407,269582,9,1196,782,185
2408,269691,10,1198,783,188
2409,269784,10,1200,785,188
2410,269877,9,1198,783,187
2411,270196,89,1010,766,5
2412,270286,8,1020,770,8
2413,270382,8,1031,780,9
2414,270474,9,1031,778,10
2415,270564,9,1031,774,10
2416,270632,8,1032,774,11
2417,270714,8,1046,781,16
2418,270799,9,1051,786,16
2419,270877,9,1067,802,16
2420,270967,8,1070,798,26
2421,271044,9,1084,812,26
2422,271133,9,1087,813,28
2423,271226,9,1091,815,29
2424,271310,9,1090,811,29
2425,271483,8,1093,811,30
2426,271570,9,1107,822,33
2427,271674,10,1117,829,33
2428,271764,9,1127,838,35
2429,271850,8,1127,832,44
2430,271929,10,1134,837,46
2431,272001,9,1148,848,48
2432,272074,9,1151,848,45
2433,272134,9,1162,855,51
2434,272214,9,1161,851,53
2435,272289,12,1159,851,51
2436,272385,9,1160,848,56
2437,272469,10,1161,849,56
2438,272563,9,1167,852,56
2439,272647,9,1169,852,56
2440,272838,9,1171,853,56
2441,272936,11,1182,864,56
2442,273036,9,1190,871,57
2443,273115,12,1192,871,58
2444,273198,9,1196,870,63
2445,273287,10,1198,872,63
2446,273361,10,1206,880,63
2447,273457,9,1214,886,62
2448,273540,9,1213,885,62
2449,273632,10,1214,891,55
2450,273722,9,1222,890,63
2451,273818,12,1228,895,59
2452,273899,10,1228,887,70
2453,273999,9,1227,885,73
2454,274095,11,1238,888,74
2455,274272,9,1250,900,72
2456,274354,10,1252,898,76
2457,274427,9,1255,898,72
2458,274505,11,1261,900,76
2459,274588,10,1264,901,77
2460,274686,10,1269,895,89
2461,274772,10,1280,904,91
2462,274858,10,1282,906,91
2463,274937,10,1291,910,97
2464,275030,10,1292,909,97
2465,275136,10,1293,891,115
2466,275228,10,1295,881,129
2467,275345,12,1304,873,143
2468,275447,11,1311,863,162
2469,275543,10,1319,847,192
2470,275737,106,1321,815,229
2471,275828,9,1324,816,229
2472,275931,10,1325,805,242
2473,276031,10,1324,788,260
2474,276110,10,1327,773,275
2475,276212,9,1326,754,293
2476,276304,9,1325,749,293
2477,276406,10,1332,742,319
2478,276524,13,1340,739,331
2479,276598,9,1351,737,347
2480,276745,29,1349,719,366
2481,276839,12,1355,718,374
2482,276952,11,1361,711,386
2483,277061,10,1373,719,391
2484,277158,10,1383,710,410
2485,277249,11,1383,692,428
2486,277508,10,1385,669,453
2487,277600,10,1387,666,457
2488,277756,10,1395,639,497
2489,277847,10,1397,629,507
2490,277919,10,1408,633,515
2491,278019,11,1423,640,523
2492,278107,11,1428,636,538
2493,278199,11,1425,639,532
2494,278294,11,1433,636,549
2495,278384,12,1443,634,561
2496,278485,11,1442,633,561
2497,278569,11,1451,632,570
2498,278666,11,1450,631,567
2499,278772,11,1454,629,570
2500,278880,10,1454,627,577
2501,278977,13,1466,637,580
2502,279173,11,1472,631,603
2503,279262,15,1476,634,604
2504,279351,11,1483,641,604
2505,279443,11,1492,641,613
2506,279540,11,1496,627,638
2507,279622,10,1499,624,644
2508,279711,11,1500,613,657
2509,279797,11,1496,611,656
2510,279880,11,1496,597,669
2511,279974,11,1496,585,683
2512,280312,92,814,583,8
2513,280399,11,818,576,19
2514,280479,7,826,584,19
2515,280577,8,837,590,24
2516,280660,7,839,586,32
2517,280853,7,851,586,47
2518,280948,7,856,588,50
2519,281035,7,860,581,59
2520,281113,6,860,579,62
2521,281205,7,864,584,61
2522,281287,7,864,583,62
2523,281395,6,870,584,64
2524,281483,7,871,578,71
2525,281569,7,883,582,80
2526,281662,7,882,582,79
2527,281744,7,884,584,79
2528,281830,7,892,584,92
2529,281920,8,894,575,109
2530,282013,7,897,575,112
2531,282100,8,902,569,124
2532,282194,7,905,571,127
2533,282292,9,911,570,134
2534,282369,7,915,565,143
2535,282463,7,915,560,148
2536,282564,8,919,564,149
2537,282774,7,929,567,153
2538,282866,8,937,572,160
2539,282948,7,944,579,160
2540,283039,7,946,572,169
2541,283125,8,957,575,178
2542,283213,7,962,581,177
2543,283280,7,969,588,174
2544,283368,7,972,588,177
2545,283460,8,975,582,193
2546,283558,9,988,591,194
2547,283641,8,1013,611,196
2548,283734,10,1014,607,207
2549,283818,8,1020,611,209
2550,283909,8,1028,616,209
2551,284000,8,1034,619,208
2552,284074,10,1043,627,208
2553,284152,8,1054,637,207
2554,284234,12,1058,639,210
2555,284341,9,1058,641,208
2556,284432,9,1055,641,205
2557,284660,150,1058,630,224
2558,284768,8,1061,634,223
2559,284856,8,1064,637,223
2560,284930,8,1066,639,223
2561,285018,8,1070,635,220
2562,285109,10,1070,636,218
2563,285187,9,1073,638,219
2564,285270,9,1081,640,225
2565,285399,9,1081,635,231
2566,285492,9,1087,636,230
2567,285588,9,1091,637,231
2568,285676,9,1096,635,238
2569,285765,9,1099,630,247
2570,285873,10,1100,629,251
2571,285961,9,1099,628,251
2572,286049,9,1101,615,267
2573,286125,9,1110,616,272
2574,286207,9,1115,622,272
2575,286465,9,1116,611,287
2576,286555,8,1120,618,284
2577,286622,9,1120,618,284
2578,286714,8,1125,615,291
2579,286801,9,1138,621,295
2580,286891,9,1137,621,294
2581,286999,8,1143,627,294
2582,287100,8,1143,623,294
2583,287193,9,1143,622,295
2584,287278,10,1143,621,297
2585,287383,10,1158,626,310
2586,287471,10,1161,622,318
2587,287529,8,1167,628,318
2588,287616,12,1168,617,330
2589,287702,9,1168,616,333
2590,287799,9,1171,616,336
2591,287889,10,1172,614,339
2592,288137,8,1170,597,352
2593,288220,8,1176,604,349
2594,288305,10,1175,599,356
2595,288403,13,1173,603,350
2596,288471,10,1180,608,350
2597,288532,9,1180,599,359
2598,288609,9,1187,606,359
2599,288700,11,1201,616,364
2600,288787,9,1211,621,369
2601,288867,9,1212,617,370
2602,288959,9,1212,609,378
2603,289051,9,1219,610,388
2604,289136,10,1219,614,383
2605,289228,10,1215,615,378
2606,289311,9,1215,610,382
2607,289569,9,1223,618,382
2608,289655,9,1233,629,380
2609,289751,10,1239,632,383
2610,289828,10,1243,631,385
2611,289912,10,1240,626,392
2612,290012,9,1240,627,390
2613,290397,62,865,630,12
2614,290481,7,871,633,17
2615,290586,8,875,630,24
2616,290722,11,879,627,35
2617,290897,7,887,625,47
2618,290989,8,893,626,50
2619,291065,8,897,625,55
2620,291303,7,898,612,60
2621,291390,7,900,604,69
2622,291470,7,902,604,71
2623,291573,7,905,607,71
2624,291648,7,909,610,73
2625,291735,12,918,617,73
2626,291823,8,924,622,73
2627,291908,8,930,629,70
2628,292010,8,934,626,75
2629,292089,7,949,634,84
2630,292177,9,954,632,89
2631,292269,8,967,638,92
2632,292358,7,975,643,91
2633,292421,8,978,645,92
2634,292496,7,978,640,96
2635,292618,8,980,642,96
2636,292808,7,990,652,96
2637,292893,8,1001,662,96
2638,292984,8,1000,662,95
2639,293065,9,1008,670,95
2640,293158,8,1010,673,94
2641,293254,11,1012,675,94
2642,293326,8,1025,688,93
2643,293412,9,1032,698,82
2644,293509,9,1036,702,82
2645,293579,9,1038,704,82
2646,293681,9,1039,705,82
2647,293773,10,1046,711,82
2648,293839,8,1046,711,82
2649,293908,8,1056,721,82
2650,293985,8,1057,722,82
2651,294057,9,1061,729,79
2652,296175,7,1063,676,124
2653,296261,11,1063,666,135
2654,296353,9,1065,666,137
2655,296435,8,1066,665,139
2656,296521,8,1068,662,145
2657,296598,9,1070,664,145
2658,296717,9,1069,664,144
2659,296805,10,1077,666,150
2660,296886,10,1084,674,149
2661,296965,9,1085,675,149
2662,297058,8,1091,681,148
2663,297150,9,1096,682,151
2664,297242,10,1102,685,151
2665,297340,9,1104,686,151
2666,297430,10,1107,688,151
2667,297519,9,1108,689,151
2668,297634,9,1113,693,152
2669,297708,8,1115,695,152
2670,297801,9,1114,694,153
2671,297894,9,1115,687,162
2672,297974,9,1116,690,160
2673,298071,9,1118,692,160
2674,298158,9,1119,688,165
2675,298233,8,1127,691,169
2676,298314,10,1130,691,175
2677,298396,9,1129,693,170
2678,298494,11,1132,693,170
2679,298577,8,1138,698,174
2680,298669,9,1138,698,175
2681,298745,10,1145,705,176
2682,298834,9,1147,703,183
2683,298906,10,1148,698,189
2684,298990,10,1152,702,192
2685,299126,8,1154,687,209
2686,299212,10,1161,693,206
2687,299283,8,1163,694,206
2688,299359,9,1173,700,209
2689,299451,9,1173,698,210
2690,299540,9,1173,698,210
2691,299619,9,1179,704,210
2692,299730,9,1180,704,209
2693,299838,10,1178,701,207
2694,299919,10,1185,707,207
2695,299997,9,1188,710,207
2696,300201,65,985,714,0
