tick,timestamp,query_runtime,trav_index_nodes,trav_vol_nodes,trav_unprod_nodes
0,408,2,7,7,0
1,636,1,9,9,0
2,825,2,20,20,0
3,1047,1,24,24,0
4,1206,2,33,33,0
5,1376,2,46,46,0
6,1568,2,48,48,0
7,1732,2,52,52,0
8,1908,3,54,54,0
9,2096,2,56,56,0
10,4135,2,58,58,0
11,4297,2,67,67,0
12,4439,2,70,70,0
13,4589,1,71,71,0
14,4722,2,80,80,0
15,4835,1,81,81,0
16,4941,2,100,100,0
17,5070,1,104,104,0
18,5271,3,110,110,0
19,5377,2,113,113,0
20,5497,3,114,114,0
21,5619,2,126,126,0
22,5748,3,134,134,0
23,5848,2,145,145,0
24,5979,3,147,147,0
25,6112,2,149,149,0
26,6199,3,150,150,0
27,6300,2,153,153,0
28,6414,2,168,168,0
29,6530,2,170,170,0
30,6648,3,173,173,0
31,6766,3,179,179,0
32,6869,2,183,183,0
33,6963,4,190,190,0
34,7066,2,191,191,0
35,7148,3,191,191,0
36,7272,2,192,192,0
37,7387,3,197,197,0
38,7494,4,199,199,0
39,7607,2,201,201,0
40,7728,3,203,203,0
41,7812,3,212,212,0
42,7911,3,219,219,0
43,8036,3,226,226,0
44,8106,2,231,231,0
45,8193,3,232,232,0
46,8273,5,234,234,0
47,8355,3,243,243,0
48,8600,149,243,243,0
49,8715,3,244,244,0
50,8837,2,247,247,0
51,8917,3,254,254,0
52,9058,6,265,265,0
53,9245,3,266,266,0
54,9387,4,277,277,0
55,9485,11,288,288,0
56,9594,4,291,291,0
57,9712,5,299,299,0
58,9829,3,303,303,0
59,9937,4,313,313,0
60,10038,4,319,319,0
61,10202,5,319,319,0
62,10291,4,320,320,0
63,10384,4,322,322,0
64,10500,22,326,326,0
65,10595,7,331,331,0
66,10682,5,335,335,0
67,10864,85,336,336,0
68,10963,4,337,337,0
69,11094,3,337,337,0
70,11200,4,343,343,0
71,11278,4,352,352,0
72,11392,4,353,353,0
73,11498,5,368,368,0
74,11591,4,370,370,0
75,11684,4,377,377,0
76,11778,6,387,387,0
77,11869,4,388,388,0
78,11965,7,398,398,0
79,12060,6,402,402,0
80,12153,6,410,410,0
81,12224,5,419,419,0
82,12318,5,420,420,0
83,12413,6,430,430,0
84,12494,5,430,430,0
85,12655,4,433,433,0
86,12759,5,447,447,0
87,12844,5,462,462,0
88,12924,6,472,472,0
89,13004,5,472,472,0
90,13124,6,487,487,0
91,13232,6,488,488,0
92,13315,5,489,489,0
93,13409,6,489,489,0
94,13494,5,499,499,0
95,13578,6,507,507,0
96,13708,5,507,507,0
97,13825,6,514,514,0
98,13929,6,519,519,0
99,14024,6,520,520,0
100,14105,6,533,533,0
101,14198,6,536,536,0
102,14299,7,537,537,0
103,14473,6,540,540,0
104,14588,5,544,544,0
105,14681,7,545,545,0
106,14780,5,545,545,0
107,14873,5,545,545,0
108,14971,6,547,547,0
109,15041,6,547,547,0
110,15131,6,556,556,0
111,15211,6,559,559,0
112,15305,7,561,561,0
113,15403,6,571,571,0
114,15499,7,576,576,0
115,15604,8,578,578,0
116,15711,8,589,589,0
117,15793,7,597,597,0
118,15882,6,599,599,0
119,16009,70,612,612,0
120,16105,6,615,615,0
121,16183,6,623,623,0
122,16276,6,631,631,0
123,16372,6,639,639,0
124,16457,6,645,645,0
125,16543,6,646,646,0
126,16623,7,650,650,0
127,16708,8,658,658,0
128,16814,7,662,662,0
129,16907,8,662,662,0
130,16994,8,665,665,0
131,17092,8,669,669,0
132,17167,7,670,670,0
133,17254,7,670,670,0
134,17343,9,678,678,0
135,17431,9,681,681,0
136,17592,6,682,682,0
137,17691,7,687,687,0
138,17774,6,690,690,0
139,17881,8,695,695,0
140,17964,10,697,697,0
141,18050,8,711,711,0
142,18138,9,720,720,0
143,18237,8,722,722,0
144,18319,8,724,724,0
145,18397,8,736,736,0
146,18476,9,745,745,0
147,18555,9,758,758,0
148,18653,8,764,764,0
149,18751,10,764,764,0
150,18852,15,767,767,0
151,18972,11,776,776,0
152,19195,10,777,777,0
153,19295,8,787,787,0
154,19387,8,787,787,0
155,19469,13,789,789,0
156,19561,8,791,791,0
157,19665,9,791,791,0
158,19763,9,793,793,0
159,19844,10,796,796,0
160,19925,9,796,796,0
161,20005,10,802,802,0
162,20089,10,810,810,0
163,20188,9,812,812,0
164,20286,9,816,816,0
165,20380,9,828,828,0
166,20512,13,830,830,0
167,20665,8,836,836,0
168,20740,9,841,841,0
169,20834,9,845,845,0
170,20919,9,850,850,0
171,21015,9,850,850,0
172,21091,8,866,866,0
173,21240,13,867,867,0
174,21322,10,872,872,0
175,21420,11,875,875,0
176,21511,11,876,876,0
177,21590,10,879,879,0
178,21701,10,884,884,0
179,21793,10,886,886,0
180,21894,10,889,889,0
181,22001,10,890,890,0
182,22105,11,895,895,0
183,22265,9,895,895,0
184,22355,10,903,903,0
185,22477,11,903,903,0
186,22588,11,904,904,0
187,22692,10,920,920,0
188,22812,10,920,920,0
189,22920,10,925,925,0
190,23020,10,932,932,0
191,23115,12,932,932,0
192,23239,9,934,934,0
193,23340,10,955,955,0
194,23425,10,957,957,0
195,23529,10,965,965,0
196,23633,10,971,971,0
197,23746,10,972,972,0
198,23925,11,975,975,0
199,24012,12,979,979,0
200,24112,10,982,982,0
201,24190,10,985,985,0
202,24284,10,986,986,0
203,24367,11,992,992,0
204,24460,12,1008,1008,0
205,24572,9,1011,1011,0
206,24680,10,1013,1013,0
207,24786,11,1019,1019,0
208,24890,11,1040,1040,0
209,24958,13,1041,1041,0
210,25068,11,1042,1042,0
211,25179,10,1042,1042,0
212,25289,11,1046,1046,0
213,25476,91,1047,1047,0
214,25579,12,1051,1051,0
215,25668,11,1055,1055,0
216,25775,11,1056,1056,0
217,25857,11,1058,1058,0
218,25946,10,1061,1061,0
219,26046,12,1062,1062,0
220,26160,31,1067,1067,0
221,26254,11,1072,1072,0
222,26335,11,1074,1074,0
223,26434,11,1091,1091,0
224,26532,12,1093,1093,0
225,26630,11,1103,1103,0
226,26723,12,1105,1105,0
227,26812,12,1110,1110,0
228,26923,12,1113,1113,0
229,27030,15,1123,1123,0
230,27207,11,1124,1124,0
231,27296,12,1145,1145,0
232,27411,12,1147,1147,0
233,27520,12,1155,1155,0
234,27604,14,1164,1164,0
235,27699,13,1164,1164,0
236,27811,12,1171,1171,0
237,27908,12,1173,1173,0
238,28022,17,1176,1176,0
239,28124,13,1182,1182,0
240,28205,13,1191,1191,0
241,28305,12,1192,1192,0
242,28413,12,1193,1193,0
243,28511,19,1200,1200,0
244,28619,12,1201,1201,0
245,28786,11,1210,1210,0
246,28873,12,1210,1210,0
247,28979,23,1215,1215,0
248,29084,12,1217,1217,0
249,29183,13,1226,1226,0
250,29256,12,1232,1232,0
251,29346,14,1241,1241,0
252,29437,12,1247,1247,0
253,29544,14,1250,1250,0
254,29651,14,1254,1254,0
255,29741,16,1254,1254,0
256,29851,13,1256,1256,0
257,29953,15,1264,1264,0
258,30062,14,1265,1265,0
259,30165,16,1271,1252,1
260,30265,15,1280,1241,4
261,30451,13,1285,1226,9
262,30552,12,1299,1211,14
263,30632,13,1301,1209,13
264,30712,12,1307,1188,15
265,30808,12,1300,1174,16
266,30884,14,1307,1172,18
267,30992,13,1316,1177,19
268,31082,13,1321,1166,23
269,31173,14,1323,1163,24
270,31259,14,1328,1151,26
271,31346,14,1328,1124,31
272,31431,15,1334,1114,33
273,31524,15,1335,1107,35
274,31618,15,1337,1097,36
275,31715,13,1351,1098,38
276,31814,14,1361,1094,38
277,32012,13,1365,1074,44
278,32120,14,1375,1063,46
279,32206,16,1378,1062,47
280,32316,14,1380,1057,47
281,32411,15,1392,1069,47
282,32497,15,1397,1074,47
283,32593,18,1410,1087,47
284,32720,22,1412,1090,46
285,32826,14,1414,1093,45
286,32927,15,1415,1094,45
287,33023,19,1414,1094,44
288,33160,18,1420,1100,44
289,33277,15,1416,1100,41
290,33372,19,1418,1102,41
291,33608,155,1421,1107,40
292,33695,22,1421,1107,40
293,33827,20,1424,1111,39
294,33926,18,1425,1112,39
295,34015,22,1427,1114,38
296,34119,20,1433,1117,39
297,34208,14,1440,1119,41
298,34309,17,1443,1108,47
299,34395,16,1444,1094,48
300,34481,15,1444,1087,49
301,34567,22,1455,1080,53
302,34661,16,1460,1066,56
303,34767,24,1468,1061,57
304,34903,26,1468,1047,60
305,35000,16,1476,1050,60
306,35108,18,1487,1045,62
307,35424,18,1486,1016,64
308,35541,15,1485,999,67
309,35659,15,1492,986,69
310,35752,14,1492,974,71
311,35853,16,1495,969,75
312,35958,15,1500,942,79
313,36048,16,1502,927,83
314,36137,16,1505,905,87
315,36228,15,1517,914,88
316,36316,16,1519,897,90
317,36404,14,1518,890,90
318,36516,24,1519,886,91
319,36618,18,1537,898,93
320,36757,26,1538,888,97
321,37029,185,1537,877,98
322,37131,16,1541,865,102
323,37229,15,1540,857,103
324,37315,18,1543,855,106
325,37417,16,1545,847,109
326,37529,18,1550,837,113
327,37634,16,1551,834,117
328,37764,46,1553,813,126
329,37865,17,1554,802,128
330,37942,17,1558,799,128
331,38047,18,1559,782,132
332,38158,18,1567,788,132
333,38270,24,1565,785,133
334,38383,24,1585,801,134
335,38496,18,1582,797,135
336,38638,19,1584,797,136
337,38960,21,1587,768,145
338,39136,37,1592,760,148
339,39233,18,1596,763,148
340,39328,19,1597,760,148
341,39433,20,1601,752,150
342,39544,21,1610,759,149
343,39645,19,1620,756,152
344,39768,16,1621,754,154
345,39865,18,1624,755,156
346,39961,17,1631,755,157
347,40066,17,1633,752,160
348,40919,91,1000,717,14
349,41020,15,1014,721,16
350,41128,21,1017,720,17
351,41224,21,1025,725,18
352,41333,18,1031,728,19
353,41450,13,1034,729,19
354,41554,17,1034,719,22
355,41649,17,1038,719,23
356,41745,12,1041,720,25
357,41883,12,1042,713,28
358,41953,11,1044,715,28
359,42038,12,1050,724,27
360,42340,217,1054,699,31
361,42431,10,1059,693,34
362,42531,11,1064,695,36
363,42622,12,1075,699,38
364,42701,12,1078,693,42
365,42794,12,1083,696,43
366,42888,13,1086,694,46
367,42997,11,1099,706,47
368,43099,13,1102,705,49
369,43191,13,1105,710,49
370,43262,13,1106,711,49
371,43354,11,1113,706,49
372,43441,11,1121,711,49
373,43526,12,1119,708,50
374,43611,15,1123,705,52
375,43868,11,1127,705,55
376,43963,14,1132,705,57
377,44049,11,1132,698,59
378,44149,12,1130,698,58
379,44233,12,1139,701,61
380,44319,11,1139,702,60
381,44399,11,1137,702,59
382,44490,12,1138,700,59
383,44589,11,1137,700,59
384,44665,13,1142,700,60
385,44760,11,1147,700,62
386,44845,12,1148,697,63
387,44936,12,1149,692,66
388,45032,13,1149,691,67
389,45291,16,1149,677,70
390,45386,15,1152,683,70
391,45499,13,1154,676,70
392,45596,13,1157,676,70
393,45678,12,1159,672,72
394,45767,11,1161,674,72
395,45859,12,1155,676,70
396,45955,13,1155,674,71
397,46056,12,1154,673,71
398,46134,12,1165,684,71
399,46204,12,1161,682,72
400,46281,11,1162,683,72
401,46376,13,1162,678,74
402,46459,13,1162,677,75
403,46641,15,1169,669,78
404,46737,13,1172,672,78
405,46819,12,1171,669,77
406,46905,12,1173,670,77
407,47006,16,1170,670,75
408,47112,13,1168,669,74
409,47193,13,1174,674,73
410,47289,13,1184,680,73
411,47386,13,1188,682,73
412,47473,11,1187,680,73
413,47563,13,1204,697,73
414,47633,13,1203,695,73
415,47722,14,1210,700,73
416,47827,20,1212,695,75
417,48040,14,1214,691,77
418,48123,13,1213,690,77
419,48210,12,1219,691,79
420,48308,15,1216,684,80
421,48406,13,1220,683,81
422,48499,15,1220,681,83
423,48585,13,1222,679,86
424,48695,15,1230,685,86
425,48797,12,1233,687,87
426,48868,12,1229,687,85
427,48949,13,1244,698,85
428,49047,17,1241,687,87
429,49141,13,1243,689,87
430,49236,12,1242,686,87
431,49469,13,1253,694,90
432,49549,12,1254,694,91
433,49643,13,1263,702,91
434,49726,13,1267,710,90
435,49824,12,1274,713,92
436,49894,13,1281,720,92
437,49983,14,1287,726,91
438,50063,13,1290,729,91
439,50158,13,1293,730,92
440,50265,12,1301,735,93
441,50362,14,1296,730,93
442,50457,13,1296,730,93
443,50544,14,1308,739,94
444,50645,13,1309,739,95
445,50857,149,1317,739,98
446,50940,12,1318,737,100
447,51041,12,1318,734,102
448,51129,12,1318,727,103
449,51215,15,1319,728,103
450,51310,16,1329,737,104
451,51425,14,1333,736,106
452,51503,18,1345,746,106
453,51588,13,1351,753,105
454,51675,14,1354,756,105
455,51753,13,1356,755,106
456,51831,13,1359,757,107
457,51912,13,1369,754,110
458,52011,14,1370,747,112
459,52105,14,1373,734,116
460,52364,13,1375,707,120
461,52448,13,1377,679,124
462,52549,12,1381,665,125
463,52651,13,1386,656,128
464,52741,14,1395,666,127
465,52826,14,1398,663,127
466,52928,17,1401,654,129
467,53027,17,1407,660,129
468,53127,16,1412,665,128
469,53235,16,1421,669,129
470,53344,15,1424,670,129
471,53446,14,1425,669,130
472,53566,17,1434,668,132
473,53688,21,1436,655,134
474,53961,13,1440,628,140
475,54045,13,1446,625,141
476,54144,13,1443,622,142
477,54228,14,1458,622,145
478,54344,14,1458,615,145
479,54446,16,1458,606,148
480,54527,15,1468,609,150
481,54640,14,1467,608,149
482,54732,15,1477,616,151
483,54813,18,1479,618,151
484,54890,15,1483,619,152
485,55012,16,1484,615,152
486,55303,226,1503,592,159
487,55380,14,1502,586,160
488,55473,14,1505,590,160
489,55554,15,1521,596,162
490,55641,15,1521,581,165
491,55741,15,1522,577,165
492,55824,15,1529,575,168
493,55903,15,1538,578,169
494,55997,15,1545,575,173
495,56081,16,1559,580,174
496,56171,15,1560,573,177
497,56258,15,1570,578,177
498,56367,20,1574,577,177
499,58744,15,1574,430,218
500,58839,14,1576,432,218
501,58930,15,1583,430,220
502,59021,17,1584,428,219
503,59104,16,1589,420,221
504,59191,16,1587,414,220
505,59287,15,1591,417,221
506,59363,16,1588,422,219
507,59451,15,1594,421,220
508,59550,16,1601,424,221
509,59643,15,1603,426,221
510,59728,16,1603,418,222
511,59865,16,1604,408,224
512,59959,16,1604,408,224
513,60053,18,1613,416,225
514,61486,77,618,379,14
515,61585,7,620,380,15
516,61667,9,635,385,16
517,61746,7,647,397,16
518,61835,10,649,399,16
519,61942,7,657,406,16
520,62019,8,659,405,18
521,62098,8,667,411,19
522,62185,8,674,417,20
523,62265,6,677,420,20
524,62362,7,679,422,20
525,62459,12,687,428,21
526,62533,8,692,433,21
527,62612,8,693,431,22
528,62696,7,695,432,23
529,62786,7,702,439,23
530,62864,8,706,440,25
531,62957,8,706,438,26
532,63042,9,709,433,28
533,63135,9,716,439,27
534,63220,8,716,436,28
535,63350,8,728,448,28
536,63439,8,728,446,29
537,63532,10,731,448,29
538,63614,9,739,454,29
539,63701,9,740,455,29
540,63784,9,747,462,29
541,63881,8,751,464,28
542,63966,8,753,463,30
543,64057,9,756,466,30
544,64125,9,762,467,31
545,64201,7,765,461,32
546,64282,8,767,454,34
547,64354,9,770,455,35
548,64442,10,784,467,36
549,64544,18,786,463,37
550,64627,9,786,463,37
551,64776,8,786,456,39
552,64862,8,791,463,39
553,64950,8,796,468,39
554,65047,9,796,468,39
555,65127,8,800,472,39
556,65204,9,804,476,39
557,65287,9,805,477,39
558,65368,8,805,477,39
559,65445,8,807,478,40
560,65518,9,813,484,40
561,65607,10,821,492,40
562,65689,9,821,491,41
563,65782,10,824,496,40
564,65877,9,832,502,41
565,65971,11,842,508,42
566,66122,8,843,501,45
567,66214,9,852,506,47
568,66290,9,869,523,47
569,66376,10,869,517,48
570,66471,11,871,519,48
571,66548,9,875,523,48
572,66662,9,882,530,48
573,66754,9,892,543,47
574,66845,10,895,545,48
575,66922,9,896,546,47
576,67002,9,903,553,47
577,67106,11,905,554,48
578,67193,10,908,556,49
579,67256,11,916,563,50
580,67337,10,921,568,50
581,67484,82,927,572,50
582,67578,10,933,563,53
583,67670,22,943,568,55
584,67761,10,950,575,55
585,67840,10,952,577,54
586,67926,10,952,577,54
587,68004,11,953,579,53
588,68099,13,955,581,53
589,68199,14,968,594,53
590,68299,14,974,599,53
591,68382,11,988,608,55
592,68450,11,992,609,56
593,68553,11,996,613,56
594,68627,11,997,613,57
595,68719,18,1000,616,57
596,68831,13,1006,622,57
597,68999,10,1011,623,59
598,69078,11,1022,634,59
599,69168,13,1026,637,59
600,69262,14,1030,640,60
601,69347,11,1030,639,61
602,69436,10,1030,640,60
603,69519,11,1032,638,62
604,69591,10,1032,638,62
605,69682,12,1034,640,62
606,69766,12,1038,644,62
607,69843,11,1039,645,62
608,69927,12,1041,637,63
609,70024,13,1050,648,62
610,70108,14,1050,646,64
611,70199,11,1057,653,63
612,70398,14,1060,656,62
613,70490,11,1067,663,62
614,70580,12,1065,663,61
615,70659,11,1068,666,61
616,70733,11,1068,666,61
617,70838,14,1079,673,63
618,70924,12,1086,680,63
619,71027,11,1086,677,64
620,71109,12,1091,673,67
621,71189,12,1095,671,69
622,71265,11,1095,678,68
623,71355,11,1095,673,68
624,71449,12,1096,671,68
625,71540,12,1097,664,69
626,71646,14,1106,668,68
627,71937,32,1107,653,71
628,72017,12,1113,657,72
629,72104,13,1113,649,74
630,72187,13,1113,649,74
631,72267,13,1113,649,74
632,72366,12,1116,650,74
633,72448,15,1115,647,75
634,72535,13,1118,647,76
635,72622,11,1115,627,78
636,72707,12,1116,627,79
637,72785,11,1120,627,82
638,72878,11,1120,624,82
639,72964,12,1128,628,83
640,73061,13,1130,630,83
641,73148,12,1135,634,84
642,73372,12,1135,630,87
643,73453,12,1147,638,90
644,73540,12,1151,642,90
645,73607,12,1150,641,90
646,73687,12,1152,639,92
647,73765,13,1153,642,91
648,73852,12,1157,649,89
649,73940,15,1164,648,89
650,74062,13,1166,641,92
651,74171,12,1167,634,95
652,74274,13,1174,638,95
653,74359,13,1175,633,97
654,74431,13,1175,632,97
655,74516,13,1173,632,95
656,74610,13,1177,634,96
657,74697,15,1177,635,95
658,74882,11,1178,632,98
659,74960,13,1181,638,97
660,75045,16,1186,640,98
661,75144,12,1197,650,98
662,75246,12,1198,651,98
663,75333,13,1201,651,99
664,75429,15,1210,663,98
665,75525,15,1211,655,100
666,75616,14,1212,654,101
667,75709,15,1214,652,102
668,75808,14,1215,651,103
669,75897,12,1219,654,103
670,75986,13,1225,652,104
671,76081,17,1234,658,106
672,76173,13,1243,662,106
673,76272,13,1259,679,104
674,76532,12,1262,675,107
675,76622,13,1272,685,107
676,76705,13,1283,696,107
677,76798,14,1281,691,107
678,76878,14,1287,694,107
679,76959,13,1287,694,107
680,77059,14,1294,701,107
681,77162,22,1294,701,107
682,77250,14,1297,696,108
683,77335,14,1299,696,109
684,77414,13,1305,698,108
685,77491,14,1313,701,110
686,77573,14,1315,703,110
687,77681,14,1320,705,110
688,77925,161,1320,696,112
689,78015,13,1321,702,111
690,78100,13,1321,700,112
691,78181,18,1322,702,112
692,78250,14,1326,703,113
693,78333,13,1327,697,114
694,78414,13,1334,703,114
695,78487,14,1342,706,116
696,78575,13,1340,703,116
697,78651,14,1361,724,116
698,78737,14,1369,733,115
699,78821,15,1374,736,116
700,78902,14,1376,738,116
701,79001,15,1377,738,117
702,79091,15,1380,740,118
703,79191,16,1380,738,119
704,79484,13,1384,737,121
705,79575,14,1394,743,124
706,79656,14,1394,743,124
707,79735,16,1394,743,124
708,79808,14,1394,739,126
709,79894,14,1393,739,125
710,79983,16,1393,739,125
711,80226,105,1022,748,1
712,80315,11,1026,749,2
713,80376,11,1026,746,3
714,80456,12,1033,745,5
715,80526,12,1043,750,6
716,80603,12,1045,750,6
717,80825,163,1046,748,7
718,80905,11,1048,749,7
719,80989,12,1057,755,8
720,81072,11,1071,766,9
721,81147,11,1076,767,11
722,81243,12,1085,773,12
723,81327,11,1093,780,13
724,81439,11,1096,778,15
725,81523,12,1109,787,17
726,81607,12,1113,791,17
727,81693,12,1111,788,19
728,81800,12,1112,782,20
729,81870,11,1120,790,20
730,81978,13,1122,770,23
731,82079,12,1123,743,28
732,82180,13,1125,719,33
733,82493,11,1141,672,43
734,82582,10,1147,677,43
735,82669,11,1147,665,45
736,82763,12,1151,661,47
737,82852,13,1158,665,49
738,82938,12,1163,669,49
739,83023,12,1173,670,51
740,83108,14,1176,673,51
741,83202,12,1180,672,53
742,83304,14,1181,673,53
743,83397,12,1182,670,56
744,83495,12,1187,661,58
745,83597,13,1196,670,58
746,83911,225,1198,665,59
747,84000,12,1200,656,63
748,84090,12,1200,646,64
749,84189,15,1202,626,69
750,84272,16,1211,625,71
751,84352,13,1218,623,73
752,84465,13,1221,615,78
753,84559,15,1234,625,80
754,84667,13,1237,619,83
755,84761,18,1244,614,86
756,84855,15,1260,630,86
757,84941,14,1260,620,88
758,85035,17,1261,606,92
759,85122,14,1260,605,91
760,85675,13,1267,565,100
761,85762,14,1290,581,102
762,85846,14,1294,573,103
763,85959,15,1303,572,105
764,86058,14,1305,565,106
765,86165,14,1311,569,107
766,86265,15,1314,559,108
767,86367,17,1315,559,109
768,86460,16,1314,556,109
769,86556,16,1314,557,108
770,86667,17,1317,561,107
771,86760,15,1318,568,106
772,86851,16,1333,583,106
773,87169,245,1333,583,106
774,87302,24,1338,588,105
775,87401,14,1341,591,105
776,87497,16,1348,598,105
777,87594,20,1363,613,105
778,87704,19,1364,614,105
779,87784,15,1366,616,105
780,87892,17,1371,621,105
781,87993,16,1372,622,105
782,88085,15,1376,626,104
783,88173,15,1378,628,104
784,88268,14,1379,631,103
785,88354,14,1390,642,103
786,88603,14,1391,643,103
787,88699,15,1395,644,104
788,88800,17,1401,635,106
789,88901,15,1402,633,108
790,88984,15,1403,628,112
791,89074,14,1402,620,115
792,89166,14,1411,621,116
793,89253,15,1418,620,117
794,89325,15,1426,627,118
795,89417,14,1429,629,118
796,89507,15,1430,626,120
797,89590,15,1439,628,120
798,89701,15,1450,633,120
799,89959,14,1450,622,124
800,90037,15,1453,620,125
801,90118,14,1460,621,125
802,90213,14,1466,629,123
803,90289,16,1468,631,123
804,90382,15,1469,632,123
805,90473,16,1473,637,122
806,90550,15,1478,640,123
807,90641,16,1479,641,123
808,90726,15,1487,649,123
809,90816,16,1492,653,123
810,90902,15,1492,653,123
811,91001,16,1490,653,122
812,91213,15,1495,658,122
813,91308,13,1495,655,123
814,91395,16,1500,659,124
815,91481,15,1500,660,124
816,91579,14,1510,672,123
817,91669,15,1519,677,123
818,91759,17,1533,686,123
819,91845,18,1545,680,128
820,91958,18,1548,675,130
821,92041,16,1551,675,131
822,92132,16,1555,668,132
823,92218,17,1557,669,133
824,92317,16,1558,668,134
825,92568,181,1558,671,133
826,92654,15,1557,664,136
827,92744,16,1565,655,139
828,92829,16,1570,650,140
829,92936,28,1575,648,141
830,93032,15,1576,644,145
831,93131,15,1579,640,147
832,93210,16,1590,645,148
833,93294,17,1593,647,149
834,93378,18,1597,648,150
835,93473,15,1596,643,151
836,93558,16,1594,642,151
837,93656,17,1596,632,154
838,93924,195,1603,633,155
839,94035,16,1604,612,161
840,94119,16,1618,619,163
841,94193,16,1626,623,164
842,94280,17,1637,622,168
843,94362,16,1639,623,168
844,94452,17,1639,625,168
845,94545,16,1634,623,167
846,94619,17,1638,627,166
847,94710,17,1639,627,166
848,94801,16,1636,617,167
849,94903,20,1634,613,168
850,94990,16,1638,614,169
851,95262,196,1639,600,173
852,95343,15,1639,596,174
853,95436,23,1639,584,177
854,95535,18,1647,590,178
855,95628,17,1648,581,181
856,95724,18,1648,575,184
857,95837,17,1657,585,183
858,95941,17,1658,584,185
859,96065,29,1666,595,184
860,96200,25,1669,598,184
861,96342,19,1679,606,186
862,96429,18,1692,609,188
863,96529,17,1691,605,187
864,96774,17,1700,606,188
865,96872,17,1701,605,189
866,96967,17,1701,597,190
867,97049,17,1711,600,194
868,97170,20,1714,592,197
869,97266,17,1716,593,198
870,97350,17,1717,588,200
871,97446,17,1724,592,201
872,97531,17,1728,595,202
873,97610,17,1726,594,201
874,97711,22,1731,597,203
875,97805,18,1732,592,204
876,98057,176,1739,597,206
877,98128,17,1756,614,205
878,98227,18,1758,611,206
879,98318,17,1758,610,207
880,98411,19,1754,611,206
881,98497,19,1764,621,206
882,98575,19,1760,620,204
883,98668,19,1760,620,204
884,98758,17,1762,621,205
885,98845,19,1761,619,204
886,98916,19,1769,619,205
887,98995,18,1768,620,204
888,99248,179,1767,617,205
889,99317,18,1770,619,206
890,99402,18,1772,620,207
891,99501,18,1773,618,208
892,99602,19,1780,624,208
893,99691,17,1781,622,209
894,99776,18,1798,627,210
895,99868,17,1799,628,210
896,99948,18,1801,629,210
897,100023,19,1804,625,211
898,100336,87,880,619,3
899,100539,10,883,622,3
900,100622,9,894,633,3
901,100695,10,905,641,4
902,100766,10,906,642,4
903,100851,10,907,643,4
904,100928,10,907,631,6
905,101013,10,918,641,7
906,101094,10,924,633,9
907,101183,9,944,650,10
908,101260,11,947,652,11
909,101339,10,949,653,12
910,101417,11,959,658,12
911,101494,11,970,671,11
912,101586,12,982,680,12
913,101674,11,984,680,13
914,101916,165,983,686,12
915,101996,9,985,687,13
916,102070,10,988,689,14
917,102144,11,989,690,14
918,102229,10,990,688,16
919,102320,10,992,688,18
920,102407,10,993,685,20
921,102502,11,999,675,22
922,102585,10,1002,673,24
923,102667,10,1004,674,25
924,102755,11,1020,685,27
925,102846,11,1019,681,28
926,102926,11,1022,681,30
927,103028,12,1026,678,31
928,103120,12,1039,686,34
929,103204,13,1039,686,34
930,103454,10,1045,685,35
931,103525,10,1050,689,35
932,103610,11,1052,690,35
933,103686,12,1054,691,36
934,103775,10,1052,686,36
935,103855,12,1056,690,36
936,103934,11,1062,691,38
937,104001,13,1062,691,38
938,104092,11,1063,692,38
939,104183,14,1078,697,40
940,104254,13,1080,695,41
941,104337,11,1088,702,41
942,104416,12,1102,710,41
943,104485,12,1102,710,41
944,104560,12,1103,711,41
945,104638,12,1111,718,42
946,106833,11,1113,679,63
947,106910,12,1113,679,63
948,106990,12,1118,686,62
949,107056,11,1124,691,61
950,107152,11,1132,699,61
951,107221,12,1137,700,61
952,107307,12,1145,707,62
953,107389,12,1139,707,61
954,107459,12,1143,709,61
955,107543,12,1146,712,61
956,107631,12,1160,716,65
957,107719,13,1170,727,64
958,107799,12,1173,730,64
959,107905,14,1179,736,64
960,107992,13,1177,737,63
961,108079,14,1180,735,64
962,108223,11,1184,732,64
963,108304,12,1182,732,64
964,108385,12,1195,734,66
965,108463,13,1196,739,67
966,108544,13,1193,736,68
967,108627,13,1190,748,67
968,108713,13,1201,754,65
969,108800,12,1201,753,65
970,108883,13,1202,749,66
971,108977,12,1212,755,66
972,109069,13,1215,758,64
973,109160,13,1219,760,65
974,109247,13,1218,760,64
975,109334,14,1221,763,64
976,109410,13,1222,764,64
977,109555,72,1223,762,66
978,109630,12,1239,777,65
979,109708,13,1239,777,65
980,109784,13,1243,784,64
981,109861,13,1247,778,67
982,109945,14,1250,777,70
983,110015,14,1267,793,71
984,110094,14,1276,802,71
985,110177,14,1295,820,71
986,110265,14,1298,821,72
987,110353,14,1301,820,73
988,110436,13,1302,816,74
989,110509,14,1303,811,77
990,110597,14,1304,810,78
991,110748,13,1306,812,78
992,110825,13,1309,818,76
993,110894,13,1316,825,76
994,110985,14,1315,825,75
995,111049,14,1332,842,75
996,111130,14,1333,843,76
997,111223,15,1332,840,76
998,111301,14,1332,835,78
999,111385,14,1336,838,78
1000,111478,14,1344,845,79
1001,111580,14,1348,849,79
1002,111655,15,1353,854,79
1003,111752,14,1354,851,79
1004,111928,13,1360,842,83
1005,112024,13,1365,823,86
1006,112119,14,1370,818,88
1007,112223,14,1370,800,90
1008,112313,14,1377,804,91
1009,112410,14,1390,817,91
1010,112495,14,1387,817,88
1011,112606,15,1386,799,91
1012,112699,17,1390,778,95
1013,112790,15,1391,777,96
1014,112879,14,1396,754,100
1015,112977,15,1397,737,102
1016,113123,73,1401,727,104
1017,113227,14,1404,690,109
1018,113333,14,1404,674,112
1019,113429,14,1412,671,115
1020,113527,14,1413,659,116
1021,113608,14,1424,662,118
1022,113707,15,1423,654,118
1023,113798,16,1429,660,118
1024,113896,15,1438,669,118
1025,113984,15,1438,667,119
1026,114064,15,1460,685,121
1027,114150,15,1461,682,122
1028,114233,14,1465,678,124
1029,114382,87,1468,678,125
1030,114468,14,1471,665,127
1031,114550,14,1472,665,128
1032,114635,16,1491,682,129
1033,114726,19,1503,692,131
1034,114820,18,1518,701,134
1035,114934,16,1522,703,134
1036,115022,18,1520,700,134
1037,115108,17,1523,703,134
1038,115199,16,1524,694,136
1039,115287,17,1532,705,135
1040,115373,16,1524,705,133
1041,115455,15,1533,714,133
1042,115640,15,1536,717,133
1043,115720,16,1539,716,133
1044,115809,15,1540,707,136
1045,115900,16,1545,703,139
1046,115995,16,1555,707,141
1047,116100,16,1555,692,147
1048,116206,16,1561,680,150
1049,116302,16,1563,667,151
1050,116389,15,1563,663,152
1051,116485,16,1562,663,151
1052,116564,16,1560,656,152
1053,116649,16,1561,656,152
1054,116846,15,1564,641,155
1055,116933,16,1566,633,157
1056,117008,16,1574,641,157
1057,117103,16,1580,647,156
1058,117219,18,1580,640,157
1059,117310,18,1585,636,157
1060,117405,17,1586,633,158
1061,117488,17,1587,628,160
1062,117578,16,1585,622,160
1063,117665,16,1581,609,161
1064,117762,17,1584,607,162
1065,117849,16,1586,607,163
1066,117935,16,1584,599,165
1067,118118,15,1591,591,168
1068,118211,19,1595,596,167
1069,118311,17,1599,601,167
1070,118396,17,1599,601,167
1071,118490,17,1605,600,169
1072,118586,16,1610,604,169
1073,118687,17,1612,593,171
1074,118766,17,1613,591,173
1075,118855,17,1614,591,173
1076,118942,17,1618,593,173
1077,119042,17,1628,588,174
1078,119126,18,1636,596,174
1079,119342,138,1636,588,176
1080,119454,16,1639,576,178
1081,119558,17,1648,578,179
1082,119654,18,1647,572,179
1083,119749,17,1646,571,180
1084,119842,16,1646,573,179
1085,119936,16,1646,573,179
1086,120023,20,1647,559,180
1087,120306,86,798,560,1
1088,120391,9,801,561,2
1089,120457,9,815,575,2
1090,120536,9,821,566,4
1091,120741,9,830,571,5
1092,120810,9,838,562,8
1093,120890,9,841,560,10
1094,120978,9,843,553,11
1095,121061,9,852,556,13
1096,121138,9,856,557,13
1097,121221,11,865,565,13
1098,121322,10,865,557,16
1099,121418,10,866,550,17
1100,121494,10,865,553,16
1101,121581,9,876,561,16
1102,121649,11,885,570,16
1103,121734,10,886,570,17
1104,121837,9,889,556,20
1105,121926,10,890,556,21
1106,122027,10,891,553,23
1107,122115,12,888,549,24
1108,122357,11,897,556,26
1109,122452,10,907,565,26
1110,122542,10,907,565,26
1111,122621,10,912,561,28
1112,122704,13,914,562,29
1113,122787,9,932,575,30
1114,122869,12,934,575,31
1115,122946,9,943,584,30
1116,123040,11,954,594,30
1117,123148,10,958,579,34
1118,123239,13,960,576,34
1119,123318,11,962,577,34
1120,123398,11,964,575,36
1121,123489,10,970,576,38
1122,123570,11,973,578,39
1123,123658,10,982,583,42
1124,123754,11,992,593,42
1125,123964,142,1007,605,42
1126,124051,10,1016,614,42
1127,124138,10,1020,616,43
1128,124224,13,1022,617,44
1129,124326,11,1024,615,46
1130,124406,11,1023,615,45
1131,124472,10,1028,614,47
1132,124563,12,1030,612,49
1133,124648,11,1039,624,48
1134,124759,11,1040,624,49
1135,124842,11,1043,623,51
1136,124925,11,1049,621,52
1137,125011,12,1049,621,52
1138,125098,12,1061,630,52
1139,125177,12,1069,638,52
1140,125254,13,1079,648,52
1141,125340,13,1078,647,52
1142,125598,11,1079,637,55
1143,125663,11,1084,642,55
1144,125744,12,1088,645,56
1145,125826,11,1097,654,56
1146,125911,11,1101,653,59
1147,125996,13,1106,657,59
1148,126069,12,1112,663,59
1149,126161,12,1131,671,60
1150,126253,12,1135,669,62
1151,126336,12,1139,673,62
1152,126418,13,1149,681,64
1153,126507,12,1148,681,64
1154,126573,12,1151,682,64
1155,126664,13,1152,683,64
1156,126764,14,1153,683,65
1157,126841,12,1162,690,66
1158,127060,154,1168,694,68
1159,127127,12,1169,688,72
1160,127210,12,1175,691,73
1161,127304,11,1178,691,76
1162,127397,12,1178,691,76
1163,127490,13,1188,701,76
1164,127560,13,1193,702,76
1165,127648,12,1202,707,77
1166,127737,14,1201,696,78
1167,127838,13,1203,694,78
1168,127944,18,1205,697,78
1169,128026,12,1205,698,77
1170,128101,13,1214,704,79
1171,128178,13,1219,708,79
1172,128274,13,1227,715,80
1173,128364,14,1227,715,80
1174,128446,14,1231,716,83
1175,128694,11,1233,698,89
1176,128764,13,1243,698,91
1177,128845,14,1244,698,92
1178,128925,12,1246,700,92
1179,129022,18,1248,700,94
1180,129103,14,1253,705,94
1181,129191,13,1257,709,93
1182,129286,12,1262,714,93
1183,129376,13,1267,720,92
1184,129462,13,1267,720,92
1185,129554,13,1266,715,93
1186,129642,15,1265,715,93
1187,129735,14,1265,713,94
1188,129821,13,1268,716,94
1189,130072,13,1268,715,94
1190,130154,14,1283,730,94
1191,130243,14,1280,725,96
1192,130322,13,1282,726,96
1193,130401,13,1289,731,97
1194,130483,14,1291,733,97
1195,130564,15,1304,746,97
1196,130646,14,1309,748,97
1197,130742,18,1313,747,98
1198,130833,14,1313,742,101
1199,130921,14,1322,748,101
1200,131007,15,1323,742,103
1201,131088,14,1327,740,105
1202,131340,191,1326,741,105
1203,131430,14,1328,727,110
1204,131519,14,1333,730,111
1205,131601,15,1337,731,112
1206,131697,15,1339,730,113
1207,131783,13,1340,730,114
1208,131871,14,1339,730,113
1209,131957,14,1343,725,115
1210,132040,14,1355,729,115
1211,132127,14,1353,725,115
1212,132209,17,1366,737,116
1213,132298,15,1377,747,117
1214,132396,14,1372,746,117
1215,132479,14,1371,744,117
1216,132713,13,1372,732,120
1217,132813,14,1369,730,120
1218,132900,15,1369,729,120
1219,132998,14,1367,729,118
1220,133095,15,1373,729,118
1221,133180,14,1373,730,118
1222,133278,16,1384,737,120
1223,133362,14,1379,739,118
1224,133450,15,1385,744,117
1225,133535,14,1391,749,117
1226,133626,15,1394,751,117
1227,133700,16,1397,750,117
1228,133959,175,1401,753,118
1229,134049,14,1407,756,121
1230,134143,15,1408,755,122
1231,134228,14,1409,755,123
1232,134301,14,1414,763,122
1233,134385,14,1412,760,122
1234,134481,16,1414,757,124
1235,134573,15,1410,749,125
1236,134658,14,1414,750,126
1237,134747,15,1425,760,126
1238,134835,15,1425,760,126
1239,134912,16,1428,763,126
1240,135012,16,1427,763,125
1241,135234,148,1432,771,124
1242,135317,14,1435,774,124
1243,135409,15,1436,776,123
1244,135505,14,1443,783,123
1245,135579,16,1453,793,123
1246,135655,15,1456,796,122
1247,135743,17,1458,798,122
1248,135834,16,1472,812,122
1249,135919,16,1475,816,121
1250,136020,15,1482,824,120
1251,136103,16,1481,825,119
1252,136201,16,1484,828,119
1253,136297,15,1491,836,118
1254,136550,15,1492,841,116
1255,136631,15,1493,842,115
1256,136704,15,1493,846,113
1257,136803,16,1496,849,113
1258,136895,16,1498,843,113
1259,136978,15,1504,841,115
1260,137069,15,1507,842,116
1261,137155,15,1504,837,116
1262,137227,15,1506,839,116
1263,137315,16,1510,842,116
1264,137394,16,1510,840,118
1265,137460,16,1510,837,119
1266,137546,16,1513,837,120
1267,137788,166,1514,834,122
1268,137858,16,1521,838,123
1269,137960,15,1526,840,124
1270,138057,25,1526,837,125
1271,138130,16,1531,843,123
1272,138208,17,1536,848,123
1273,138289,15,1539,844,125
1274,138369,16,1540,840,126
1275,138450,16,1540,838,127
1276,138534,16,1546,842,127
1277,138637,16,1552,846,126
1278,138719,16,1567,863,125
1279,138810,16,1568,844,127
1280,139051,173,1568,842,129
1281,139153,17,1571,838,131
1282,139234,17,1576,841,132
1283,139319,17,1577,842,132
1284,139413,17,1578,842,133
1285,139512,16,1577,839,135
1286,139603,17,1583,845,135
1287,139706,19,1583,847,134
1288,139809,18,1596,854,135
1289,139886,18,1600,858,135
1290,139980,18,1601,857,137
1291,140574,85,1156,839,10
1292,140651,13,1161,840,13
1293,140731,13,1171,848,13
1294,140822,12,1172,848,13
1295,140896,13,1181,849,15
1296,140973,13,1192,856,15
1297,141052,14,1200,864,15
1298,141135,25,1205,868,16
1299,141222,15,1206,858,21
1300,141313,18,1225,876,20
1301,141406,15,1231,877,23
1302,141488,14,1236,879,24
1303,141571,16,1237,872,25
1304,141817,12,1238,869,27
1305,141910,12,1259,884,28
1306,141999,13,1267,879,30
1307,142091,13,1270,859,34
1308,142172,13,1280,860,38
1309,142275,16,1279,834,41
1310,142356,12,1283,816,45
1311,142454,13,1284,794,50
1312,142552,13,1288,786,53
1313,142647,13,1289,778,56
1314,142752,14,1297,774,58
1315,142839,14,1304,784,57
1316,142951,18,1313,781,60
1317,143260,14,1317,767,65
1318,143341,13,1331,752,70
1319,143437,14,1338,735,75
1320,143538,14,1338,716,77
1321,143625,13,1343,714,77
1322,143709,13,1356,708,80
1323,143804,15,1358,702,81
1324,143900,15,1364,707,82
1325,143980,14,1364,706,83
1326,144083,14,1365,694,86
1327,144172,15,1368,686,90
1328,144277,17,1370,671,94
1329,144535,167,1371,666,96
1330,144623,14,1378,663,98
1331,144707,12,1383,661,99
1332,144791,14,1384,651,101
1333,144876,13,1387,652,102
1334,144974,14,1389,655,101
1335,145054,13,1398,664,101
1336,145143,14,1412,671,102
1337,145234,14,1420,673,102
1338,145323,18,1420,657,105
1339,145432,15,1424,660,106
1340,145512,14,1429,665,106
1341,145613,15,1432,661,106
1342,145914,216,1434,660,107
1343,146011,14,1445,650,112
1344,146092,13,1448,650,113
1345,146185,15,1453,647,114
1346,146284,15,1462,654,114
1347,146377,15,1472,661,114
1348,146469,16,1476,657,116
1349,146554,15,1479,659,117
1350,146648,17,1490,660,118
1351,146748,16,1492,661,119
1352,146847,16,1498,667,119
1353,146932,16,1503,674,119
1354,147030,16,1502,674,119
1355,147347,207,1504,660,122
1356,147459,15,1512,667,122
1357,147542,16,1515,666,123
1358,147634,16,1512,663,123
1359,147736,16,1519,670,123
1360,147818,15,1538,679,125
1361,147905,16,1562,701,126
1362,147993,16,1571,704,127
1363,148085,19,1570,707,126
1364,148186,21,1576,711,127
1365,148299,16,1577,705,130
1366,148389,19,1586,710,131
1367,148480,19,1602,726,131
1368,150571,2035,1613,636,159
1369,150673,17,1616,626,162
1370,150757,18,1611,626,159
1371,150857,17,1615,631,158
1372,150941,17,1615,629,158
1373,151038,17,1623,626,161
1374,151137,18,1630,629,163
1375,151243,17,1633,618,167
1376,151334,17,1633,616,167
1377,151426,17,1636,622,165
1378,151522,18,1647,632,164
1379,151601,19,1662,640,165
1380,151705,20,1662,640,165
1381,151834,15,1665,638,165
1382,151924,16,1664,628,165
1383,152014,17,1665,620,166
1384,152102,19,1675,623,168
1385,152182,16,1677,624,169
1386,152274,19,1677,624,169
1387,152356,17,1680,627,169
1388,152448,18,1685,623,170
1389,152535,16,1675,616,171
1390,152628,17,1675,605,174
1391,152711,17,1679,604,176
1392,152785,18,1679,603,177
1393,152949,17,1682,591,179
1394,153055,17,1684,592,180
1395,153138,17,1684,588,181
1396,153224,18,1685,586,181
1397,153309,17,1692,589,184
1398,153404,19,1696,591,186
1399,153493,17,1691,574,186
1400,153588,18,1702,581,188
1401,153679,17,1700,576,187
1402,153763,18,1701,575,187
1403,153843,18,1719,590,186
1404,153934,18,1721,593,184
1405,154083,17,1714,588,185
1406,154177,17,1723,595,185
1407,154257,18,1722,596,184
1408,154343,19,1722,596,184
1409,154429,17,1728,591,185
1410,154520,17,1731,594,184
1411,154609,18,1733,587,185
1412,154700,20,1732,586,185
1413,154797,18,1745,595,187
1414,154889,20,1744,591,188
1415,154992,20,1764,596,191
1416,155148,74,1771,603,191
1417,155255,30,1780,605,194
1418,155360,18,1778,603,195
1419,155456,19,1789,613,194
1420,155543,20,1797,621,194
1421,155643,18,1805,617,195
1422,155728,18,1808,617,196
1423,155827,19,1811,613,199
1424,155930,19,1810,597,201
1425,156020,24,1821,599,203
1426,156126,20,1820,596,204
1427,156213,23,1829,605,204
1428,156358,23,1835,599,208
1429,156456,21,1839,603,208
1430,156554,20,1846,608,208
1431,156655,20,1841,608,207
1432,156762,27,1841,608,209
1433,156865,22,1841,608,209
1434,156973,25,1841,601,210
1435,157104,36,1844,606,209
1436,157313,27,1847,603,211
1437,157436,22,1850,598,213
1438,157530,21,1845,603,212
1439,157718,21,1847,602,213
1440,157822,28,1859,611,214
1441,157915,23,1857,611,212
1442,158009,22,1857,607,214
1443,158115,23,1858,608,214
1444,158220,21,1858,607,214
1445,158317,22,1866,615,214
1446,158410,22,1860,607,214
1447,158503,18,1870,615,214
1448,158596,18,1872,616,215
1449,158697,20,1869,617,212
1450,158865,93,1872,621,211
1451,158948,18,1874,623,211
1452,159048,19,1880,624,211
1453,159136,20,1888,629,211
1454,159223,19,1890,621,212
1455,159330,19,1890,621,212
1456,159436,19,1891,619,214
1457,159524,19,1892,617,217
1458,159607,20,1896,618,218
1459,159706,21,1895,615,218
1460,159809,19,1895,613,218
1461,159993,108,1901,619,217
1462,160089,26,1906,623,218
1463,161248,131,893,612,12
1464,161344,10,895,614,12
1465,161430,10,896,614,13
1466,161528,16,896,615,12
1467,161631,10,901,615,14
1468,161725,11,902,615,15
1469,161922,114,907,615,16
1470,162006,9,910,616,17
1471,162095,10,920,612,18
1472,162195,10,925,611,20
1473,162285,11,939,625,20
1474,162371,12,939,623,22
1475,162460,10,936,619,21
1476,162546,10,943,626,21
1477,162632,10,945,628,21
1478,162715,11,949,631,22
1479,162811,11,950,630,24
1480,162872,11,952,631,24
1481,162957,12,963,640,23
1482,163059,11,966,638,25
1483,163150,11,967,634,27
1484,163252,11,968,628,30
1485,163444,10,968,622,30
1486,163530,11,979,629,33
1487,163618,10,979,630,33
1488,163687,12,979,629,33
1489,163764,11,989,634,34
1490,163848,10,990,635,34
1491,163933,11,996,641,32
1492,164019,11,1006,645,33
1493,164089,11,1017,652,34
1494,164173,11,1032,666,35
1495,164276,12,1035,669,35
1496,164348,11,1035,664,37
1497,164425,11,1038,666,38
1498,164520,11,1043,671,37
1499,164623,12,1045,669,37
1500,164822,11,1047,663,39
1501,164899,11,1049,665,39
1502,164976,11,1053,669,39
1503,165057,11,1058,669,39
1504,165129,12,1074,685,39
1505,165198,12,1079,692,38
1506,165292,13,1085,697,38
1507,165371,13,1088,699,38
1508,165461,11,1089,696,39
1509,165547,11,1093,698,40
1510,165622,12,1095,696,41
1511,165715,14,1108,707,41
1512,165798,12,1108,705,42
1513,165894,15,1124,711,44
1514,165990,13,1125,707,47
1515,166071,12,1125,706,47
1516,166263,11,1132,712,48
1517,166338,12,1146,724,50
1518,166437,14,1151,728,50
1519,166518,12,1164,737,50
1520,166608,12,1170,741,51
1521,166687,12,1171,741,52
1522,166762,12,1185,755,52
1523,166840,15,1194,760,54
1524,166921,13,1199,762,55
1525,166993,12,1201,759,55
1526,167089,12,1212,764,56
1527,167169,15,1221,773,56
1528,167251,15,1219,765,57
1529,167338,13,1226,772,57
1530,167427,13,1229,772,58
1531,167633,13,1234,767,60
1532,167702,13,1235,768,60
1533,167793,14,1240,771,60
1534,167865,13,1240,771,60
1535,167952,16,1248,774,62
1536,168039,14,1250,776,62
1537,168136,13,1256,779,62
1538,168238,15,1263,786,62
1539,168342,16,1265,787,63
1540,168429,14,1275,797,63
1541,168508,14,1275,793,62
1542,168582,14,1289,805,62
1543,168666,15,1296,812,62
1544,168764,15,1309,823,62
1545,168852,14,1316,827,63
1546,168935,14,1317,828,63
1547,169160,14,1335,846,63
1548,169246,13,1335,846,63
1549,169330,14,1346,854,63
1550,169425,15,1358,864,64
1551,169528,13,1358,864,64
1552,169608,15,1371,872,66
1553,169697,15,1371,870,66
1554,169779,16,1372,869,66
1555,169857,15,1376,873,66
1556,169953,15,1370,868,65
1557,170049,14,1371,866,66
1558,170141,17,1376,871,66
1559,170230,15,1377,873,65
1560,170310,14,1381,877,64
1561,170406,14,1384,880,64
1562,170635,14,1380,871,65
1563,170736,14,1380,865,66
1564,170830,14,1379,859,67
1565,170915,14,1381,860,67
1566,170993,14,1382,858,68
1567,171080,14,1380,854,68
1568,171179,17,1381,853,68
1569,171267,17,1384,854,67
1570,171372,18,1384,850,68
1571,171467,15,1386,851,69
1572,171559,16,1387,842,72
1573,171647,16,1387,839,72
1574,171730,14,1387,839,72
1575,171840,14,1380,839,69
1576,172081,160,1380,828,71
1577,172175,14,1378,804,75
1578,172267,13,1384,800,75
1579,172368,15,1392,798,76
1580,172457,15,1401,794,78
1581,172555,14,1407,781,81
1582,172642,15,1410,762,84
1583,172745,15,1408,735,88
1584,172834,14,1418,741,90
1585,172913,15,1418,723,92
1586,173022,15,1418,708,94
1587,173123,14,1421,712,92
1588,173215,17,1427,713,93
1589,173301,15,1431,710,95
1590,173391,16,1432,700,98
1591,173626,174,1439,707,98
1592,173715,14,1442,683,102
1593,173801,15,1454,695,102
1594,173896,15,1458,685,106
1595,173990,15,1460,676,108
1596,174104,17,1461,676,109
1597,174200,15,1462,666,112
1598,174304,15,1466,663,113
1599,174410,18,1468,656,114
1600,174499,16,1474,663,113
1601,174580,16,1474,662,113
1602,174675,15,1477,647,116
1603,174770,15,1478,652,115
1604,175022,168,1479,633,119
1605,175117,15,1482,605,125
1606,175222,16,1482,587,128
1607,175324,20,1492,590,130
1608,175426,21,1491,588,131
1609,175499,15,1494,587,133
1610,175582,15,1497,586,134
1611,175676,17,1504,591,136
1612,175758,15,1512,599,136
1613,175844,17,1524,617,135
1614,175944,16,1527,615,135
1615,176037,15,1540,601,139
1616,176124,16,1540,588,142
1617,176374,178,1546,582,146
1618,176474,18,1556,572,149
1619,176578,17,1557,570,150
1620,176661,16,1567,581,149
1621,176749,17,1571,571,152
1622,176850,16,1563,570,151
1623,176946,17,1564,571,151
1624,177029,17,1565,560,153
1625,177111,18,1578,568,154
1626,177213,18,1582,571,154
1627,177297,16,1588,577,154
1628,177385,17,1597,583,155
1629,177629,171,1595,572,157
1630,177725,16,1597,565,160
1631,177818,17,1601,556,162
1632,177907,21,1606,560,161
1633,178003,18,1604,561,161
1634,178097,18,1601,555,160
1635,178187,18,1601,553,162
1636,178290,18,1604,554,164
1637,178388,16,1601,551,166
1638,178475,18,1601,538,169
1639,178587,17,1604,531,170
1640,178676,17,1604,531,170
1641,178920,174,1608,535,170
1642,179008,18,1608,535,170
1643,179092,16,1607,538,169
1644,179178,17,1609,540,169
1645,179269,18,1612,545,167
1646,179348,18,1613,546,167
1647,179433,16,1613,550,166
1648,179518,17,1615,552,166
1649,179626,17,1627,564,166
1650,179716,17,1622,565,164
1651,179802,18,1630,574,163
1652,179887,17,1631,575,163
1653,180114,150,1634,578,163
1654,180441,98,824,598,0
1655,180522,9,824,598,0
1656,180606,10,832,604,0
1657,180702,13,832,603,1
1658,180778,10,844,608,2
1659,180861,9,849,599,4
1660,180941,9,863,609,6
1661,181028,10,865,609,7
1662,181106,10,870,609,8
1663,181196,10,872,609,9
1664,181287,10,879,604,11
1665,181532,9,893,610,14
1666,181612,9,905,621,15
1667,181715,10,915,607,20
1668,181785,11,915,604,20
1669,181859,16,917,601,22
1670,181941,10,917,595,24
1671,182024,10,923,598,25
1672,182098,10,926,601,25
1673,182183,10,934,603,26
1674,182265,11,933,604,26
1675,182361,10,935,603,27
1676,182456,10,937,604,28
1677,182536,10,952,613,30
1678,182620,14,962,623,30
1679,182729,13,969,630,30
1680,182979,10,976,624,33
1681,183051,10,978,626,33
1682,183129,12,985,631,33
1683,183214,11,985,624,36
1684,183299,11,988,625,37
1685,183392,11,987,617,39
1686,183480,11,998,626,41
1687,183565,11,1004,631,42
1688,183662,12,1002,631,41
1689,183762,12,1004,626,42
1690,183833,11,1004,620,44
1691,183906,11,1002,629,42
1692,184020,12,1005,632,42
1693,184105,12,1008,633,44
1694,184349,10,1011,623,48
1695,184441,11,1021,627,49
1696,184517,11,1026,624,49
1697,184611,12,1045,638,49
1698,184706,11,1047,639,50
1699,184786,13,1056,641,51
1700,184870,12,1058,641,51
1701,184959,12,1058,641,51
1702,185061,12,1059,636,54
1703,185165,13,1065,643,53
1704,185261,11,1065,638,54
1705,185350,11,1070,629,59
1706,185442,12,1073,630,60
1707,185524,12,1073,630,60
1708,185744,156,1074,624,63
1709,185822,18,1076,625,64
1710,185899,12,1079,616,67
1711,185985,11,1083,612,69
1712,186063,12,1084,608,69
1713,186154,11,1085,607,70
1714,186247,13,1090,609,72
1715,186337,12,1093,612,72
1716,186440,12,1093,608,73
1717,186528,15,1104,611,75
1718,186615,15,1111,605,76
1719,186714,13,1119,603,77
1720,186809,13,1124,611,78
1721,186919,13,1128,613,78
1722,187179,192,1137,618,79
1723,187273,12,1136,616,79
1724,187354,12,1136,611,79
1725,187461,11,1137,612,78
1726,187553,12,1144,617,77
1727,187645,18,1154,625,78
1728,187742,13,1167,636,79
1729,187829,14,1176,644,80
1730,187916,15,1179,650,80
1731,188013,14,1179,645,81
1732,188103,12,1171,642,79
1733,188195,13,1172,643,79
1734,188287,16,1177,640,80
1735,188381,13,1174,638,81
1736,188610,12,1185,638,86
1737,188698,13,1191,642,87
1738,188779,12,1192,643,87
1739,188871,14,1198,649,87
1740,188962,16,1199,650,87
1741,189039,13,1198,648,88
1742,189131,12,1207,656,89
1743,189207,14,1214,659,91
1744,189294,13,1215,657,92
1745,189383,13,1228,669,92
1746,189469,14,1231,670,93
1747,189552,13,1237,675,94
1748,189654,12,1240,672,96
1749,189744,14,1241,672,97
1750,189990,13,1248,676,98
1751,190087,13,1251,682,97
1752,190168,14,1253,685,95
1753,190259,15,1256,688,95
1754,190354,15,1258,690,95
1755,190445,14,1273,705,95
1756,190540,15,1276,710,94
1757,190627,15,1289,722,94
1758,190711,14,1285,722,93
1759,190799,15,1286,723,93
1760,190892,14,1287,724,93
1761,190980,15,1290,727,93
1762,191082,19,1293,731,91
1763,191330,14,1295,723,93
1764,191412,13,1295,715,93
1765,191495,13,1306,721,92
1766,191578,14,1308,718,93
1767,191673,13,1309,717,93
1768,191771,14,1315,718,95
1769,191859,14,1318,721,95
1770,191942,13,1318,721,95
1771,192036,17,1318,719,95
1772,192129,15,1318,719,95
1773,192222,18,1325,722,97
1774,192323,14,1334,732,97
1775,192408,20,1336,733,98
1776,194511,14,1335,620,135
1777,194601,14,1338,618,136
1778,194683,13,1342,620,137
1779,194776,15,1343,622,136
1780,194850,14,1347,621,136
1781,194938,14,1351,623,136
1782,195012,14,1364,637,136
1783,195100,15,1366,638,135
1784,195177,16,1368,640,135
1785,195270,15,1378,648,136
1786,195361,15,1371,645,136
1787,195442,16,1379,652,135
1788,195543,14,1385,658,135
1789,195634,16,1387,661,134
1790,195765,15,1390,663,135
1791,195852,15,1388,664,134
1792,195934,14,1397,674,132
1793,196018,15,1396,675,131
1794,196096,16,1399,678,131
1795,196182,14,1399,678,131
1796,196268,15,1407,685,130
1797,196352,14,1416,694,131
1798,196436,14,1417,696,130
1799,196527,16,1422,695,133
1800,196608,15,1424,699,132
1801,196692,15,1425,702,131
1802,196774,16,1436,707,133
1803,196924,15,1433,706,133
1804,197020,16,1441,716,131
1805,197095,15,1445,717,132
1806,197182,15,1444,718,132
1807,197257,16,1450,723,132
1808,197347,16,1457,729,132
1809,197443,16,1459,730,132
1810,197528,16,1469,741,131
1811,197615,15,1468,741,130
1812,197715,16,1467,741,129
1813,197812,16,1469,734,131
1814,197895,16,1473,737,132
1815,197981,16,1480,741,132
1816,198129,18,1481,739,133
1817,198260,17,1484,738,136
1818,198341,17,1494,749,135
1819,198420,15,1504,752,136
1820,198523,17,1504,754,134
1821,198614,16,1509,758,134
1822,198709,18,1507,754,134
1823,198790,17,1512,759,135
1824,198888,16,1516,764,133
1825,198973,17,1517,766,132
1826,199056,16,1518,767,132
1827,199158,16,1519,765,132
1828,199318,16,1520,768,131
1829,199412,18,1520,766,131
1830,199490,16,1520,763,132
1831,199574,16,1523,762,135
1832,199661,16,1530,770,134
1833,199748,16,1525,770,132
1834,199824,16,1524,770,131
1835,199910,16,1524,769,131
1836,199983,17,1530,775,131
1837,200218,94,1079,770,4
1838,200379,94,1073,767,4
1839,200473,11,1079,766,7
1840,200559,12,1079,766,7
1841,200638,13,1093,780,7
1842,200721,13,1099,783,8
1843,200806,12,1112,793,9
1844,200872,13,1112,793,9
1845,200960,12,1120,798,10
1846,201039,14,1123,801,10
1847,201128,12,1128,806,10
1848,201202,13,1128,806,10
1849,201316,14,1128,804,10
1850,201406,13,1132,806,12
1851,201490,13,1144,808,14
1852,201622,75,1145,795,16
1853,201712,13,1148,794,17
1854,201811,12,1152,792,19
1855,201894,13,1153,793,19
1856,201989,12,1154,791,20
1857,202080,12,1165,802,19
1858,202169,12,1175,795,22
1859,202256,13,1176,769,27
1860,202366,13,1184,751,31
1861,202464,13,1190,740,33
1862,202547,13,1192,720,39
1863,202641,12,1201,707,42
1864,202733,13,1215,705,46
1865,202836,13,1216,685,52
1866,203032,13,1217,659,56
1867,203115,12,1216,654,58
1868,203207,16,1218,648,60
1869,203309,13,1216,653,59
1870,203390,13,1220,652,59
1871,203484,14,1223,645,61
1872,203561,13,1235,657,61
1873,203653,14,1238,645,63
1874,203758,14,1240,635,65
1875,203854,12,1240,632,68
1876,203950,13,1248,630,71
1877,204042,13,1248,616,74
1878,204232,114,1258,616,75
1879,204326,13,1257,601,77
1880,204418,15,1260,604,77
1881,204515,13,1260,595,79
1882,204607,15,1263,598,79
1883,204705,14,1269,601,82
1884,204798,13,1270,595,83
1885,204883,14,1277,591,85
1886,204964,13,1283,596,85
1887,205051,15,1284,599,84
1888,205153,14,1284,587,86
1889,205243,14,1284,583,87
1890,205342,14,1295,574,92
1891,205419,14,1305,584,92
1892,205632,15,1316,581,97
1893,205727,13,1320,573,99
1894,205815,14,1326,579,99
1895,205904,14,1333,584,100
1896,205990,14,1333,576,101
1897,206094,14,1335,571,102
1898,206182,16,1349,575,104
1899,206284,14,1354,580,104
1900,206375,14,1348,580,103
1901,206456,17,1349,579,103
1902,206575,13,1353,583,103
1903,206661,15,1356,586,103
1904,206744,14,1356,581,104
1905,206946,125,1353,565,104
1906,207040,13,1356,560,107
1907,207134,14,1360,561,107
1908,207226,15,1365,558,108
1909,207320,15,1366,552,110
1910,207398,14,1374,540,113
1911,207476,14,1382,540,113
1912,207557,15,1384,542,113
1913,207655,14,1396,554,113
1914,207746,15,1398,556,113
1915,207842,15,1400,558,112
1916,207939,15,1401,549,114
1917,208023,15,1409,548,115
1918,208114,15,1406,548,114
1919,208218,16,1411,549,117
1920,208422,14,1408,542,120
1921,208520,14,1411,542,120
1922,208653,33,1415,545,121
1923,208790,30,1424,554,121
1924,208904,15,1432,562,121
1925,209009,17,1438,565,123
1926,209089,15,1444,566,123
1927,209176,17,1445,560,126
1928,209273,18,1447,561,127
1929,209369,21,1448,561,128
1930,209449,14,1459,572,127
1931,209542,15,1466,579,127
1932,209628,16,1470,579,128
1933,209727,16,1472,575,131
1934,209929,15,1486,565,136
1935,210046,15,1501,576,136
1936,210125,16,1515,588,136
1937,210212,17,1517,590,136
1938,210292,16,1534,607,136
1939,210374,17,1542,614,134
1940,210457,15,1545,616,135
1941,210538,16,1545,609,136
1942,210626,16,1553,615,137
1943,210705,19,1558,618,138
1944,210788,16,1558,618,138
1945,210881,18,1559,606,141
1946,210966,17,1560,605,142
1947,211063,16,1561,597,143
1948,211296,157,1575,598,148
1949,211379,17,1575,587,151
1950,211468,16,1577,589,151
1951,211552,16,1576,589,150
1952,211642,16,1577,584,151
1953,211760,21,1575,570,154
1954,211849,16,1574,566,155
1955,211940,15,1575,566,156
1956,212029,16,1575,563,157
1957,212119,16,1581,561,159
1958,212218,17,1582,551,163
1959,212323,17,1583,550,164
1960,212423,16,1591,547,166
1961,212503,17,1603,550,166
1962,212737,163,1607,550,168
1963,212841,16,1608,549,169
1964,212921,16,1615,560,167
1965,213012,17,1626,572,166
1966,213105,17,1625,569,167
1967,213195,18,1628,564,169
1968,213296,18,1635,568,170
1969,213387,18,1635,563,171
1970,213474,17,1633,562,170
1971,213585,17,1634,563,170
1972,213679,18,1639,568,170
1973,213763,19,1640,557,173
1974,213868,18,1635,556,172
1975,213954,22,1638,558,173
1976,214193,168,1637,554,174
1977,214279,17,1642,555,174
1978,214360,17,1642,555,174
1979,214451,16,1646,555,175
1980,214560,16,1644,554,173
1981,214654,17,1640,544,175
1982,214755,25,1645,548,175
1983,214857,16,1642,547,174
1984,214981,17,1641,544,176
1985,215073,17,1643,533,179
1986,215158,17,1649,536,181
1987,215242,17,1651,546,180
1988,215339,17,1653,541,181
1989,215435,18,1653,539,181
1990,215696,168,1653,536,183
1991,215793,16,1652,533,182
1992,215896,19,1663,544,181
1993,215999,18,1661,535,182
1994,216087,18,1660,529,182
1995,216178,16,1663,523,184
1996,216269,18,1666,522,186
1997,216357,20,1679,535,186
1998,216439,18,1680,533,187
1999,216539,17,1681,536,186
2000,216629,17,1685,540,186
2001,216707,20,1687,537,188
2002,216948,176,1691,537,189
2003,217043,18,1700,544,190
2004,217130,18,1705,549,190
2005,217221,18,1702,547,191
2006,217315,18,1702,543,191
2007,217403,18,1702,538,195
2008,217525,18,1710,539,195
2009,217630,18,1717,544,196
2010,217720,20,1725,549,198
2011,217806,18,1735,557,199
2012,217905,20,1733,558,198
2013,218006,20,1737,561,198
2014,218399,241,1737,558,198
2015,218508,19,1738,555,199
2016,218600,18,1743,560,198
2017,218688,19,1754,565,200
2018,218785,18,1751,556,200
2019,218889,18,1753,551,203
2020,218974,20,1751,551,202
2021,219068,17,1752,552,202
2022,219151,18,1750,551,202
2023,219231,19,1750,551,202
2024,219325,19,1750,547,203
2025,219420,18,1750,546,204
2026,219689,19,1753,527,208
2027,219780,18,1764,536,209
2028,219860,18,1764,541,207
2029,219956,18,1773,550,207
2030,220050,18,1773,549,207
2031,220374,101,806,555,3
2032,220456,10,819,563,4
2033,220540,10,823,564,5
2034,220629,10,829,568,6
2035,220721,12,838,574,7
2036,220976,9,842,570,11
2037,221056,9,845,571,11
2038,221157,9,848,571,12
2039,221229,10,851,574,12
2040,221303,10,864,587,12
2041,221384,10,882,594,13
2042,221463,10,890,593,15
2043,221538,10,890,591,16
2044,221623,10,895,594,17
2045,221716,10,895,592,19
2046,221806,9,896,589,21
2047,221898,9,898,590,21
2048,221996,9,901,592,22
2049,222089,10,902,592,23
2050,222181,10,903,591,24
2051,222412,9,907,593,26
2052,222495,9,909,594,26
2053,222578,10,909,594,26
2054,222653,10,911,596,26
2055,222745,12,919,604,26
2056,222836,11,925,608,26
2057,222916,11,926,609,26
2058,223009,10,927,610,26
2059,223087,10,938,620,25
2060,223163,11,938,620,25
2061,223234,12,941,623,25
2062,223331,11,947,629,25
2063,223428,11,945,629,24
2064,223496,11,968,652,24
2065,223739,11,989,673,24
2066,223824,10,991,675,24
2067,223909,11,993,677,24
2068,224002,11,996,680,24
2069,224074,11,1006,689,24
2070,224163,10,1018,700,24
2071,224254,12,1026,708,24
2072,224333,12,1029,712,23
2073,224401,12,1035,718,23
2074,224486,12,1039,721,23
2075,224569,11,1047,727,24
2076,224662,11,1051,727,26
2077,224742,12,1051,726,27
2078,224841,12,1051,726,27
2079,225119,11,1051,719,29
2080,225185,11,1065,731,29
2081,225266,12,1069,734,29
2082,225352,11,1069,729,30
2083,225436,13,1076,732,32
2084,225534,11,1077,727,35
2085,225619,12,1085,731,35
2086,225709,14,1082,731,34
2087,225802,11,1087,733,36
2088,225896,13,1095,738,38
2089,225980,12,1108,749,37
2090,226053,13,1113,754,38
2091,226150,13,1117,758,38
2092,226241,14,1123,762,39
2093,226494,12,1130,764,42
2094,226565,12,1137,771,42
2095,226648,12,1143,776,42
2096,226740,12,1145,773,44
2097,226839,17,1146,773,44
2098,226930,13,1151,774,46
2099,227012,13,1156,778,47
2100,227084,12,1157,779,47
2101,227169,13,1165,786,47
2102,227261,14,1166,783,49
2103,227336,16,1167,779,50
2104,227437,19,1168,778,50
2105,227522,14,1179,785,50
2106,227617,13,1178,786,49
2107,227845,11,1180,785,52
2108,227928,12,1180,784,53
2109,228011,13,1186,788,54
2110,228099,15,1186,788,54
2111,228188,13,1189,785,56
2112,228283,13,1198,793,56
2113,228349,13,1206,799,55
2114,228430,13,1211,801,57
2115,228520,12,1216,806,55
2116,228595,14,1217,807,55
2117,228689,13,1217,805,57
2118,228770,13,1215,803,58
2119,228867,12,1219,803,60
2120,229119,178,1216,800,61
2121,229197,14,1218,789,63
2122,229296,12,1225,797,62
2123,229377,13,1220,791,64
2124,229455,15,1226,797,64
2125,229531,13,1227,795,65
2126,229610,13,1233,801,65
2127,229696,14,1239,805,66
2128,229795,14,1239,801,67
2129,229876,13,1240,801,68
2130,229961,13,1243,804,68
2131,230049,13,1245,806,68
2132,230140,13,1249,811,67
2133,230223,13,1254,815,66
2134,230468,13,1260,813,68
2135,230535,13,1260,805,70
2136,230608,13,1263,806,72
2137,230684,13,1271,809,74
2138,230779,14,1276,811,76
2139,230870,15,1277,815,75
2140,230934,14,1283,815,77
2141,231030,13,1280,818,76
2142,231113,13,1281,818,76
2143,231202,15,1283,820,75
2144,231273,15,1284,819,76
2145,231368,14,1284,817,76
2146,231455,15,1288,819,77
2147,231698,164,1290,813,79
2148,231785,13,1291,807,81
2149,231875,14,1296,808,83
2150,231971,13,1294,779,89
2151,232075,14,1293,763,93
2152,232172,14,1291,736,96
2153,232277,14,1296,719,100
2154,232374,14,1305,713,101
2155,232467,14,1306,707,100
2156,232554,13,1310,706,103
2157,232655,14,1308,694,104
2158,232744,14,1309,688,104
2159,232849,14,1312,672,107
2160,232953,14,1321,677,107
2161,233216,13,1321,650,113
2162,233321,14,1323,632,117
2163,233418,15,1326,635,117
2164,233509,14,1339,636,120
2165,233595,14,1340,631,121
2166,233683,14,1347,618,126
2167,233777,13,1348,614,128
2168,233873,14,1349,604,131
2169,233959,14,1350,605,131
2170,234044,14,1369,622,133
2171,234125,14,1377,619,136
2172,234218,16,1380,623,135
2173,234315,15,1390,633,135
2174,234552,17,1390,622,139
2175,234643,14,1394,610,141
2176,234741,14,1401,599,143
2177,234846,15,1400,599,141
2178,234932,14,1419,613,141
2179,235033,16,1425,612,143
2180,235135,18,1429,607,145
2181,235234,18,1429,597,147
2182,235335,15,1434,592,148
2183,235425,15,1439,596,149
2184,235523,15,1444,594,150
2185,235630,17,1453,603,150
2186,235732,16,1456,592,153
2187,237853,16,1463,436,193
2188,237955,15,1468,442,192
2189,238047,16,1487,457,194
2190,238144,16,1485,456,193
2191,238235,16,1483,448,192
2192,238324,16,1492,456,192
2193,238408,17,1504,466,193
2194,238502,16,1506,462,194
2195,238602,15,1508,462,195
2196,238696,17,1506,463,194
2197,238785,16,1509,460,194
2198,238893,16,1501,458,193
2199,238995,16,1507,458,195
2200,239125,15,1505,446,196
2201,239215,18,1505,445,196
2202,239307,15,1505,445,196
2203,239397,15,1518,458,196
2204,239485,16,1520,461,195
2205,239571,15,1524,464,196
2206,239646,15,1536,475,196
2207,239742,16,1537,471,195
2208,239850,16,1536,472,193
2209,239941,16,1535,464,195
2210,240045,19,1539,471,193
2211,240744,58,714,440,15
2212,240828,8,714,433,18
2213,240909,9,719,436,19
2214,240992,9,722,439,19
2215,241071,9,738,453,19
2216,241162,10,738,450,20
2217,241247,10,741,452,20
2218,241341,9,742,449,22
2219,241423,9,742,448,23
2220,241503,9,748,447,25
2221,241593,9,749,444,26
2222,241665,9,755,452,26
2223,241755,9,758,452,28
2224,241901,9,760,441,31
2225,241997,9,755,437,32
2226,242079,9,762,441,33
2227,242170,9,769,447,34
2228,242255,8,770,447,35
2229,242372,9,771,444,37
2230,242459,10,778,442,39
2231,242558,9,775,437,40
2232,242642,9,785,446,40
2233,242723,10,787,449,39
2234,242801,8,788,450,39
2235,242887,10,791,448,41
2236,242964,9,796,452,42
2237,243055,9,800,452,44
2238,243138,9,807,458,45
2239,243234,10,811,457,46
2240,243393,8,810,457,45
2241,243486,9,813,457,46
2242,243589,10,821,464,47
2243,243675,10,827,466,47
2244,243753,10,845,481,49
2245,243850,11,860,495,49
2246,243930,10,869,498,51
2247,244008,12,881,510,51
2248,244090,10,886,515,49
2249,244191,10,890,518,48
2250,244270,10,900,527,48
2251,244340,11,901,525,49
2252,244424,11,901,524,50
2253,244509,10,911,531,49
2254,244603,12,913,529,51
2255,244833,9,914,517,53
2256,244909,10,918,523,52
2257,244997,10,927,521,53
2258,245076,10,927,520,53
2259,245142,11,936,523,54
2260,245223,11,938,524,55
2261,245324,10,938,524,56
2262,245412,11,945,523,57
2263,245509,14,950,525,56
2264,245595,10,952,532,55
2265,245675,12,966,545,55
2266,245763,12,969,546,56
2267,245851,12,977,554,56
2268,245935,13,977,554,56
2269,246105,11,979,552,59
2270,246196,13,988,556,61
2271,246279,21,992,555,64
2272,246334,12,993,549,65
2273,246414,12,1000,551,67
2274,246490,10,1001,540,69
2275,246566,11,999,533,69
2276,246663,12,1005,538,68
2277,246754,14,1006,539,68
2278,246826,11,1014,547,68
2279,246914,11,1014,547,68
2280,246993,11,1007,548,67
2281,247089,12,1033,571,67
2282,247176,12,1035,566,67
2283,247352,96,1040,568,69
2284,247447,12,1050,573,73
2285,247547,11,1053,574,74
2286,247629,11,1053,577,73
2287,247715,12,1057,579,74
2288,247801,11,1064,586,74
2289,247899,12,1065,590,73
2290,247982,12,1073,595,74
2291,248080,11,1078,595,75
2292,248172,13,1080,597,75
2293,248293,14,1082,599,75
2294,248389,13,1076,601,73
2295,248488,13,1085,605,75
2296,248607,16,1091,603,76
2297,248833,122,1093,601,77
2298,248920,12,1097,602,79
2299,249017,12,1099,596,81
2300,249094,11,1102,599,81
2301,249194,11,1105,601,81
2302,249280,13,1107,604,80
2303,249364,14,1115,611,80
2304,249460,13,1117,612,80
2305,249544,13,1127,621,81
2306,249644,13,1135,631,80
2307,249742,14,1138,632,82
2308,249823,14,1139,633,82
2309,249911,13,1142,635,83
2310,249986,14,1137,634,84
2311,250172,116,1143,640,83
2312,250249,11,1148,644,83
2313,250323,13,1156,651,84
2314,250398,12,1164,659,84
2315,250493,13,1171,665,85
2316,250579,12,1176,666,87
2317,250661,13,1179,667,88
2318,250765,14,1179,667,88
2319,250850,13,1180,668,88
2320,250937,13,1186,674,88
2321,251017,13,1193,674,91
2322,251094,13,1197,674,92
2323,251183,13,1206,682,92
2324,251276,13,1209,685,92
2325,251361,14,1205,674,92
2326,251569,12,1205,664,95
2327,251644,21,1205,659,98
2328,251740,19,1212,669,95
2329,251825,13,1218,672,95
2330,251904,22,1218,671,96
2331,252009,15,1222,669,98
2332,252097,14,1224,669,99
2333,252172,15,1233,677,99
2334,252263,15,1233,673,100
2335,252359,13,1245,685,100
2336,252455,14,1245,687,100
2337,252553,21,1253,690,102
2338,252629,13,1252,691,101
2339,252717,13,1254,690,102
2340,252796,14,1259,695,102
2341,253002,13,1260,694,104
2342,253088,14,1259,693,104
2343,253161,14,1265,691,104
2344,253252,15,1271,695,105
2345,253337,15,1272,689,108
2346,253422,14,1274,690,108
2347,253532,15,1276,685,109
2348,253627,14,1279,688,109
2349,253723,14,1283,690,111
2350,253803,13,1292,694,114
2351,253881,14,1293,695,116
2352,253961,14,1298,701,115
2353,254065,15,1299,703,115
2354,254156,14,1302,707,115
2355,254223,16,1306,712,114
2356,254441,13,1307,707,116
2357,254529,14,1309,710,115
2358,254611,13,1313,713,116
2359,254688,16,1319,719,116
2360,254769,14,1322,715,117
2361,254861,14,1340,730,119
2362,254951,14,1344,728,122
2363,255050,14,1350,734,122
2364,255122,16,1357,741,122
2365,255209,16,1352,742,121
2366,255284,15,1365,757,120
2367,255380,15,1365,762,120
2368,255470,15,1379,775,120
2369,255567,14,1379,772,121
2370,255650,14,1381,763,123
2371,255867,13,1384,764,124
2372,255946,15,1402,778,125
2373,256026,16,1406,777,126
2374,256110,15,1406,780,125
2375,256212,14,1404,777,124
2376,256295,14,1416,791,122
2377,256369,15,1433,804,122
2378,256440,15,1440,811,122
2379,256516,15,1452,823,122
2380,256612,15,1454,822,124
2381,256693,17,1461,825,126
2382,256785,16,1461,825,126
2383,256876,17,1461,822,125
2384,256983,16,1464,820,126
2385,257086,16,1471,826,127
2386,257343,16,1470,823,128
2387,257415,15,1465,819,127
2388,257504,15,1477,829,128
2389,257594,15,1486,838,127
2390,257688,16,1484,837,128
2391,257766,15,1484,837,128
2392,257850,17,1496,846,128
2393,257944,17,1496,844,129
2394,258036,17,1505,851,130
2395,258140,16,1510,848,130
2396,258241,16,1511,846,130
2397,258334,16,1510,846,129
2398,258415,15,1518,855,128
2399,258508,16,1516,855,127
2400,258588,16,1518,855,128
2401,258826,14,1521,836,134
2402,258907,15,1525,840,134
2403,258992,15,1527,839,135
2404,259084,15,1532,844,135
2405,259171,16,1532,846,134
2406,259282,23,1535,850,133
2407,259352,15,1539,853,133
2408,259437,16,1547,856,132
2409,259517,16,1548,856,133
2410,259604,16,1548,855,134
2411,259692,17,1548,855,134
2412,259774,17,1548,854,134
2413,259844,18,1559,859,137
2414,260076,14,1558,855,137
2415,260227,21,1152,854,2
2416,260299,12,1152,852,4
2417,260386,16,1159,856,4
2418,260484,13,1161,856,5
2419,260563,13,1168,862,5
2420,260656,13,1169,863,5
2421,260749,15,1171,863,7
2422,260842,13,1178,858,8
2423,260931,13,1182,858,8
2424,261014,12,1182,849,10
2425,261102,13,1191,858,10
2426,261188,14,1191,856,11
2427,261420,12,1200,861,12
2428,261490,13,1201,861,13
2429,261586,14,1204,862,14
2430,261670,13,1212,870,14
2431,261753,15,1230,888,14
2432,261841,15,1236,891,13
2433,261928,13,1234,886,12
2434,262028,14,1240,869,17
2435,262138,13,1242,837,24
2436,262235,15,1252,835,26
2437,262329,17,1255,824,29
2438,262425,13,1257,820,32
2439,262516,14,1261,809,35
2440,262769,14,1260,790,42
2441,262890,13,1260,768,46
2442,262983,14,1263,763,49
2443,263088,18,1274,774,49
2444,263172,13,1278,779,48
2445,263261,15,1291,770,51
2446,263356,13,1301,764,53
2447,263446,14,1311,771,55
2448,263545,13,1313,761,56
2449,263658,13,1314,742,60
2450,263757,14,1315,725,63
2451,263857,13,1316,703,68
2452,264148,189,1319,698,72
2453,264253,18,1324,684,75
2454,264348,16,1324,677,77
2455,264442,15,1327,680,77
2456,264541,15,1335,679,79
2457,264634,13,1335,666,81
2458,264727,15,1344,667,82
2459,264819,16,1346,654,84
2460,264899,14,1348,656,84
2461,264994,15,1351,640,87
2462,265089,14,1351,628,89
2463,265203,20,1352,617,91
2464,265317,20,1366,606,94
2465,265552,14,1370,596,98
2466,265644,14,1378,592,99
2467,265735,14,1373,578,100
2468,265830,15,1377,575,102
2469,265917,16,1381,579,102
2470,266020,14,1381,579,102
2471,266108,14,1397,594,102
2472,266212,18,1406,603,102
2473,266298,16,1409,606,102
2474,266391,15,1417,614,102
2475,266477,15,1418,620,101
2476,266566,16,1418,620,101
2477,266792,145,1420,622,101
2478,266882,14,1420,622,101
2479,266966,14,1426,628,101
2480,267052,15,1435,638,100
2481,267153,15,1445,648,100
2482,267239,15,1449,652,100
2483,267328,16,1449,653,99
2484,267413,16,1453,657,99
2485,267513,18,1453,657,99
2486,267605,16,1455,659,99
2487,267711,16,1457,661,99
2488,267795,16,1461,665,99
2489,267874,16,1460,666,98
2490,267959,16,1470,673,99
2491,268165,15,1485,676,103
2492,268246,15,1485,667,105
2493,268349,16,1486,671,105
2494,268440,15,1485,670,105
2495,268516,15,1486,665,106
2496,268596,16,1481,665,104
2497,268696,15,1488,662,108
2498,268770,17,1500,663,110
2499,268892,16,1499,654,109
2500,268985,16,1499,654,109
2501,269070,16,1504,657,110
2502,269157,17,1512,658,111
2503,269230,16,1505,648,112
2504,269466,162,1504,636,115
2505,269553,15,1511,642,117
2506,269637,15,1512,643,117
2507,269734,14,1516,647,117
2508,269821,15,1518,633,121
2509,269898,17,1533,646,122
2510,270002,17,1537,642,124
2511,270104,16,1535,629,125
2512,270190,17,1543,637,124
2513,270290,16,1554,648,124
2514,270374,16,1557,651,124
2515,270459,16,1560,655,123
2516,270525,16,1563,658,123
2517,270609,16,1563,658,123
2518,270715,16,1567,660,124
2519,270931,15,1567,642,128
2520,271017,16,1569,640,129
2521,271130,17,1577,625,136
2522,271220,16,1574,615,137
2523,271306,17,1574,600,140
2524,271390,18,1580,608,139
2525,271474,17,1586,606,140
2526,271559,17,1595,609,142
2527,271652,17,1601,609,145
2528,271740,17,1598,593,147
2529,271833,19,1608,598,148
2530,271926,16,1618,608,148
2531,272025,17,1626,615,149
2532,272120,17,1631,614,149
2533,272345,158,1645,608,156
2534,272449,18,1648,613,155
2535,272533,17,1652,615,155
2536,272618,18,1654,611,158
2537,272712,19,1662,616,159
2538,272791,17,1665,612,161
2539,272879,18,1669,608,162
2540,272966,18,1673,606,165
2541,273054,18,1671,604,166
2542,273144,17,1665,605,164
2543,273232,18,1671,608,165
2544,273324,18,1671,607,165
2545,273426,18,1680,611,166
2546,273525,19,1692,623,167
2547,273641,18,1694,627,166
2548,273869,153,1705,634,167
2549,273969,18,1705,633,168
2550,274082,18,1709,626,171
2551,274186,22,1712,614,174
2552,274281,25,1727,631,173
2553,274377,18,1735,632,177
2554,274472,18,1736,628,178
2555,274579,18,1743,628,181
2556,274685,18,1743,628,181
2557,274781,19,1751,637,179
2558,274881,20,1756,639,181
2559,274980,18,1766,647,181
2560,275071,20,1769,650,181
2561,275170,20,1779,659,182
2562,275266,21,1783,665,181
2563,277478,19,1784,561,212
2564,277571,19,1791,566,213
2565,277670,18,1793,564,214
2566,277764,20,1805,574,214
2567,277855,19,1806,571,215
2568,277960,21,1811,575,215
2569,278066,19,1810,569,216
2570,278156,19,1814,570,218
2571,278263,19,1826,574,220
2572,278367,25,1828,576,220
2573,278485,22,1837,586,219
2574,278629,21,1832,586,217
2575,278747,21,1835,584,218
2576,278854,22,1834,586,216
2577,278959,22,1836,586,216
2578,279064,27,1839,581,218
2579,279249,28,1838,577,218
2580,279376,21,1843,584,217
2581,279488,20,1839,584,215
2582,279583,21,1841,587,214
2583,279675,25,1848,593,215
2584,279798,36,1850,594,215
2585,279927,29,1852,595,215
2586,280039,24,1860,602,215
2587,281278,121,851,566,15
2588,281376,10,851,566,15
2589,281455,10,866,581,15
2590,281528,10,866,581,15
2591,281680,9,875,585,16
2592,281752,9,876,582,16
2593,281842,11,885,591,16
2594,281912,11,893,599,16
2595,281990,10,893,594,16
2596,282085,10,902,603,16
2597,282178,13,906,606,16
2598,282260,11,908,606,18
2599,282334,10,914,611,18
2600,282426,10,917,611,19
2601,282495,11,918,612,19
2602,282580,11,932,620,21
2603,282674,11,933,616,22
2604,282745,11,933,616,22
2605,282820,11,936,617,22
2606,282904,10,946,627,22
2607,282990,11,947,627,23
2608,283085,11,948,626,24
2609,283277,104,951,628,24
2610,283362,11,965,633,27
2611,283439,10,966,634,27
2612,283520,11,967,630,30
2613,283588,12,976,637,31
2614,283676,12,981,639,32
2615,283773,12,989,641,34
2616,283864,11,989,641,34
2617,283947,11,994,637,35
2618,284027,11,999,638,36
2619,284106,11,1000,638,37
2620,284195,13,1000,636,38
2621,284268,13,1028,661,40
2622,284358,11,1036,669,40
2623,284436,12,1041,674,40
2624,284518,12,1046,670,43
2625,284602,12,1043,667,43
2626,284679,14,1043,666,44
2627,284863,107,1046,664,47
2628,284943,11,1048,663,49
2629,285022,12,1058,672,49
2630,285097,12,1058,669,50
2631,285177,12,1061,672,50
2632,285250,12,1081,690,51
2633,285333,12,1085,692,52
2634,285407,13,1100,705,53
2635,285495,13,1104,697,54
2636,285587,12,1106,686,57
2637,285685,12,1105,684,57
2638,285769,13,1114,692,57
2639,285865,13,1117,695,57
2640,285962,12,1130,708,57
2641,286063,13,1133,708,59
2642,286139,14,1134,706,60
2643,286231,13,1136,708,60
2644,286314,14,1140,709,61
2645,286483,12,1137,706,60
2646,286574,17,1142,709,60
2647,286675,16,1153,718,60
2648,286781,12,1151,717,60
2649,286893,12,1153,720,59
2650,286981,14,1155,722,59
2651,287088,14,1152,721,59
2652,287182,13,1155,723,60
2653,287277,14,1155,724,59
2654,287355,13,1163,732,59
2655,287433,13,1165,734,59
2656,287527,14,1164,733,61
2657,287602,13,1164,732,61
2658,287702,16,1164,732,61
2659,287793,13,1165,733,61
2660,287878,13,1170,736,61
2661,287964,13,1171,735,62
2662,288149,13,1172,735,63
2663,288237,13,1174,727,67
2664,288321,14,1183,736,67
2665,288397,13,1196,749,67
2666,288493,16,1196,745,69
2667,288571,12,1199,748,69
2668,288657,13,1200,753,69
2669,288741,13,1207,760,68
2670,288826,13,1203,760,67
2671,288911,14,1215,768,69
2672,288994,13,1216,770,67
2673,289094,14,1222,776,67
2674,289191,20,1218,775,67
2675,289280,16,1220,773,68
2676,289383,12,1222,765,69
2677,289466,13,1224,766,69
2678,289559,14,1226,767,69
2679,289738,13,1235,775,69
2680,289821,14,1240,780,69
2681,289924,14,1250,790,69
2682,290009,15,1257,797,69
2683,290092,14,1255,794,69
2684,290190,14,1256,793,70
2685,290274,15,1256,793,70
2686,290353,14,1258,796,69
2687,290442,13,1263,801,69
2688,290530,13,1265,802,70
2689,290615,15,1271,806,70
2690,290696,15,1270,805,70
2691,290778,14,1273,804,71
2692,290861,14,1275,806,71
2693,290948,14,1287,816,73
2694,291042,13,1293,819,74
2695,291127,14,1296,817,76
2696,291329,14,1298,818,77
2697,291408,14,1311,831,77
2698,291497,19,1312,832,77
2699,291597,15,1321,832,79
2700,291692,16,1330,839,80
2701,291761,15,1328,837,81
2702,291844,14,1338,846,80
2703,291933,14,1344,844,81
2704,292036,14,1345,821,84
2705,292140,15,1352,801,88
2706,292242,15,1353,773,93
2707,292338,14,1356,772,93
2708,292426,14,1366,763,97
2709,292516,15,1381,769,99
2710,292617,16,1386,763,101
2711,292719,15,1394,771,101
2712,292967,131,1393,751,104
2713,293069,14,1393,738,106
2714,293166,14,1390,726,106
2715,293256,15,1396,725,106
2716,293361,14,1400,717,108
2717,293447,14,1401,717,109
2718,293540,14,1411,726,110
2719,293627,15,1425,732,110
2720,293726,14,1434,737,111
2721,293810,15,1442,731,114
2722,293907,15,1451,728,117
2723,294000,16,1456,718,119
2724,294101,16,1461,724,118
2725,294196,17,1470,732,118
2726,294303,16,1472,734,118
2727,294382,16,1479,735,118
2728,294465,15,1481,726,119
2729,294696,16,1483,705,124
2730,294790,14,1484,689,126
2731,294882,16,1494,682,129
2732,294958,15,1501,687,129
2733,295058,17,1503,684,131
2734,295146,16,1520,688,132
2735,295263,16,1527,683,134
2736,295370,20,1530,683,134
2737,295460,16,1538,690,134
2738,295550,16,1544,691,135
2739,295645,17,1542,687,136
2740,295739,16,1544,680,139
2741,295831,17,1545,673,140
2742,295913,17,1552,673,142
2743,296014,16,1552,669,144
2744,296095,16,1557,659,146
2745,296194,17,1566,668,146
2746,296425,158,1568,653,149
2747,296525,16,1571,655,149
2748,296609,19,1573,659,149
2749,296705,17,1582,662,150
2750,296808,16,1585,667,149
2751,296907,17,1586,656,151
2752,297002,16,1589,661,150
2753,297095,16,1594,666,149
2754,297175,17,1596,649,153
2755,297276,17,1602,648,153
2756,297352,18,1609,648,155
2757,297443,16,1612,648,156
2758,297527,17,1612,634,159
2759,297625,17,1609,630,158
2760,297721,17,1609,618,159
2761,297810,17,1611,613,160
2762,297907,16,1615,606,162
2763,298219,18,1618,608,162
2764,298301,19,1625,613,162
2765,298423,20,1627,610,164
2766,298509,18,1631,611,165
2767,298601,18,1634,613,166
2768,298693,18,1634,601,168
2769,298792,17,1636,603,168
2770,298883,22,1643,608,168
2771,298982,18,1650,605,171
2772,299073,18,1653,599,172
2773,299160,20,1653,599,172
2774,299246,19,1653,596,173
2775,299324,21,1658,596,174
2776,299430,25,1659,599,172
2777,299663,167,1667,604,174
2778,299756,17,1669,592,178
2779,299847,17,1669,590,179
2780,299943,17,1674,594,180
2781,300062,14,1674,593,180
