tick,timestamp,query_runtime,trav_index_nodes,trav_vol_nodes,trav_unprod_nodes
0,495,3,5,5,0
1,723,2,20,20,0
2,946,1,21,21,0
3,1162,2,24,24,0
4,1426,2,30,30,0
5,4432,1,34,34,0
6,4651,3,36,36,0
7,4820,4,44,44,0
8,5093,3,48,48,0
9,5312,2,52,52,0
10,5500,2,57,57,0
11,5690,2,59,59,0
12,5849,2,64,64,0
13,6004,0,67,67,0
14,6143,1,89,89,0
15,6300,2,97,97,0
16,6452,1,100,100,0
17,6639,1,109,109,0
18,6742,2,129,129,0
19,6895,3,131,131,0
20,7040,3,137,137,0
21,7171,4,137,137,0
22,7311,1,142,142,0
23,7813,4,144,144,0
24,7983,7,150,150,0
25,8150,2,153,153,0
26,8261,3,169,169,0
27,8374,3,175,175,0
28,8511,2,177,177,0
29,8663,2,178,178,0
30,8788,2,180,180,0
31,8950,4,183,183,0
32,9111,3,186,186,0
33,9246,5,191,191,0
34,9371,4,195,195,0
35,9493,3,203,203,0
36,9581,4,210,210,0
37,9704,3,213,213,0
38,9818,3,215,215,0
39,9944,3,216,216,0
40,10050,2,227,227,0
41,10264,5,229,229,0
42,10395,5,231,231,0
43,10503,2,232,232,0
44,10594,3,233,233,0
45,10682,2,235,235,0
46,10783,3,250,250,0
47,10881,3,250,250,0
48,10993,3,258,258,0
49,11100,2,261,261,0
50,11184,2,270,270,0
51,11288,2,270,270,0
52,11369,2,281,281,0
53,11474,3,286,286,0
54,11567,3,301,301,0
55,11666,2,301,301,0
56,11747,2,302,302,0
57,11843,3,307,307,0
58,11945,3,328,328,0
59,12037,2,338,338,0
60,12241,3,343,343,0
61,12343,3,345,345,0
62,12416,3,352,352,0
63,12514,2,355,355,0
64,12635,3,359,359,0
65,12734,3,376,376,0
66,12831,5,381,381,0
67,12945,4,382,382,0
68,13062,3,386,386,0
69,13138,3,387,387,0
70,13206,4,388,388,0
71,13298,4,400,400,0
72,13396,3,400,400,0
73,13529,4,408,408,0
74,13626,3,408,408,0
75,13721,3,413,413,0
76,13821,4,414,414,0
77,13918,3,415,415,0
78,14018,3,417,417,0
79,14216,3,425,425,0
80,14305,3,425,425,0
81,14402,3,428,428,0
82,14463,3,437,437,0
83,14545,3,437,437,0
84,14614,3,453,453,0
85,14713,3,453,453,0
86,14801,4,453,453,0
87,14892,5,455,455,0
88,14993,4,460,460,0
89,15119,3,461,461,0
90,15194,4,466,466,0
91,15286,3,467,467,0
92,15389,4,467,467,0
93,15479,4,467,467,0
94,15550,4,467,467,0
95,15636,4,474,474,0
96,15739,4,474,474,0
97,15836,4,478,478,0
98,16033,8,484,484,0
99,16138,8,486,486,0
100,16251,3,486,486,0
101,16346,4,495,495,0
102,16428,4,505,505,0
103,16523,5,508,508,0
104,16611,4,508,508,0
105,16676,4,516,516,0
106,16750,3,520,520,0
107,16826,4,521,521,0
108,16915,4,526,526,0
109,17006,4,529,529,0
110,17086,4,531,531,0
111,17162,4,534,534,0
112,17248,4,535,535,0
113,17367,6,544,544,0
114,17468,7,552,552,0
115,17534,5,552,552,0
116,17770,5,554,554,0
117,17860,4,563,563,0
118,17951,5,564,564,0
119,18033,3,564,564,0
120,18151,4,571,571,0
121,18253,4,575,575,0
122,18345,5,575,575,0
123,18440,5,577,577,0
124,18540,5,578,578,0
125,18630,4,587,587,0
126,18726,4,606,606,0
127,18817,5,607,607,0
128,18892,5,613,613,0
129,18974,5,619,619,0
130,19069,4,627,627,0
131,19155,5,633,633,0
132,19238,4,634,634,0
133,19453,127,634,634,0
134,19536,4,637,637,0
135,19616,5,638,638,0
136,19706,4,640,640,0
137,19816,5,642,642,0
138,19912,6,647,647,0
139,20003,5,648,648,0
140,20099,5,651,651,0
141,20191,5,653,653,0
142,20287,7,654,654,0
143,20397,5,655,655,0
144,20503,5,660,660,0
145,20603,5,667,667,0
146,20713,5,677,677,0
147,20858,9,682,682,0
148,20946,7,691,691,0
149,21053,5,691,691,0
150,23103,5,694,694,0
151,23191,5,703,703,0
152,23289,5,707,707,0
153,23405,5,707,707,0
154,23498,5,712,712,0
155,23607,6,712,712,0
156,23712,5,719,719,0
157,23804,5,723,723,0
158,23910,8,725,725,0
159,24007,5,725,725,0
160,24098,6,732,732,0
161,24203,8,742,742,0
162,24306,6,746,746,0
163,24388,6,750,750,0
164,24482,6,759,759,0
165,24610,6,761,761,0
166,24731,29,761,761,0
167,24813,6,775,775,0
168,24908,6,779,779,0
169,25013,6,794,794,0
170,25125,10,800,800,0
171,25204,6,811,811,0
172,25306,7,819,819,0
173,25416,6,830,830,0
174,25510,7,839,839,0
175,25600,9,840,840,0
176,25697,7,843,843,0
177,25781,7,852,852,0
178,25881,7,855,855,0
179,25974,8,865,865,0
180,26061,5,874,874,0
181,26152,7,880,880,0
182,26245,7,885,885,0
183,26447,7,885,885,0
184,26553,8,891,891,0
185,26631,7,900,900,0
186,26729,6,900,900,0
187,26810,6,909,909,0
188,26899,6,914,914,0
189,26998,11,920,920,0
190,27100,6,921,921,0
191,27193,7,922,922,0
192,27264,6,924,924,0
193,27351,8,933,933,0
194,27432,7,937,937,0
195,27527,7,950,950,0
196,27639,8,954,954,0
197,27742,8,959,959,0
198,27838,8,962,962,0
199,27990,8,962,962,0
200,28077,6,968,968,0
201,28166,7,968,968,0
202,28246,8,972,972,0
203,28335,9,976,976,0
204,28430,7,980,980,0
205,28520,8,990,990,0
206,28604,7,994,994,0
207,28665,7,1005,1005,0
208,28776,7,1008,1008,0
209,28875,10,1009,1009,0
210,28959,8,1015,1015,0
211,29041,20,1023,1023,0
212,29141,7,1024,1024,0
213,29241,8,1026,1026,0
214,29317,8,1026,1026,0
215,29399,9,1035,1035,0
216,29541,8,1053,1053,0
217,29633,9,1054,1054,0
218,29730,8,1062,1062,0
219,29815,9,1070,1070,0
220,29930,10,1070,1070,0
221,30042,6,1072,1072,0
222,30145,14,1073,1065,1
223,30220,10,1073,1053,7
224,30316,10,1080,1039,16
225,30404,11,1087,1034,24
226,30495,8,1087,1026,28
227,30587,10,1088,1012,40
228,30697,9,1092,993,56
229,30795,8,1093,987,61
230,30894,9,1094,978,64
231,30979,8,1094,967,72
232,31193,47,1013,931,15
233,31328,11,1014,918,19
234,31412,9,1030,926,27
235,31498,9,1037,907,51
236,31625,29,1038,904,55
237,31726,9,1039,905,55
238,31814,8,1043,909,55
239,31929,7,1046,912,55
240,32023,9,1047,913,55
241,32124,14,1002,923,0
242,32234,8,1011,932,0
243,32349,12,1025,946,0
244,32458,8,1032,953,0
245,32554,10,1036,957,0
246,32660,14,1039,960,0
247,32740,11,1059,980,0
248,32831,9,1062,983,0
249,33017,10,1070,991,0
250,33100,7,1071,992,0
251,33192,8,1072,993,0
252,33279,8,1075,996,0
253,33367,8,1082,1003,0
254,33471,8,1083,1004,0
255,33586,10,1088,1009,0
256,33676,8,1095,1016,0
257,33767,9,1104,1025,0
258,33852,9,1107,1028,0
259,33940,12,1108,1029,0
260,34025,9,1115,1036,0
261,34102,8,1120,1041,0
262,34190,10,1120,1041,0
263,34273,8,1128,1049,0
264,34364,11,1130,1051,0
265,34448,9,1134,1041,8
266,34627,100,1142,1034,17
267,34733,11,1150,1019,30
268,34835,10,1152,1017,30
269,34922,9,1162,1012,40
270,35014,9,1163,1003,50
271,35140,23,1115,991,10
272,35229,8,1116,987,10
273,35332,8,1119,980,18
274,35437,9,1120,977,20
275,35522,12,1125,979,23
276,35610,7,1129,978,24
277,35697,8,1131,970,33
278,35776,8,1132,970,33
279,35858,8,1146,975,42
280,35945,9,1153,966,55
281,36027,10,1163,972,59
282,36128,29,1115,977,2
283,36341,112,1120,969,13
284,36431,10,1130,958,37
285,36516,9,1137,954,48
286,36576,8,1136,952,46
287,36661,8,1142,945,57
288,36744,9,1151,948,63
289,36822,8,1153,947,65
290,36938,9,1158,941,73
291,37027,9,1168,933,87
292,37269,45,1088,902,35
293,37354,11,1097,895,50
294,37454,8,1100,892,58
295,37541,9,1102,894,58
296,37614,9,1107,899,58
297,37722,9,1113,904,58
298,37825,9,1113,892,68
299,37898,9,1114,892,69
300,37993,12,1124,897,72
301,38274,41,1046,883,6
302,38362,8,1045,871,17
303,38468,9,1057,869,31
304,38560,9,1060,861,39
305,38648,8,1070,861,42
306,38738,9,1073,858,47
307,38826,9,1079,866,43
308,38913,9,1085,859,50
309,39012,9,1089,860,51
310,39139,42,1048,860,1
311,39198,7,1050,860,2
312,39294,11,1056,864,4
313,39388,10,1056,860,11
314,39496,8,1058,858,16
315,39615,12,1067,861,23
316,39704,9,1069,860,31
317,39778,9,1071,858,34
318,39872,9,1071,853,36
319,39954,9,1073,852,37
320,40238,39,1009,832,0
321,40331,8,1012,826,3
322,40425,8,1022,832,6
323,40530,11,1024,828,11
324,40650,15,1028,818,26
325,40751,7,1030,814,28
326,40845,7,1035,813,32
327,40915,8,1036,803,42
328,41010,8,1036,795,45
329,41123,15,986,771,12
330,41221,8,990,769,17
331,41301,7,1000,776,19
332,41383,9,1008,782,20
333,41482,8,1009,777,21
334,41573,11,1013,772,31
335,41705,35,1038,783,45
336,41799,10,1040,778,48
337,41893,8,1045,778,50
338,42198,11,983,765,0
339,42295,9,986,765,5
340,42396,10,991,767,9
341,42487,7,995,761,20
342,42553,10,1020,776,22
343,42641,7,1020,767,25
344,42726,7,1039,786,25
345,42817,8,1045,788,36
346,42906,9,1047,778,48
347,42995,10,1060,778,52
348,43125,33,1013,765,17
349,43201,9,1015,764,20
350,43288,11,1019,767,20
351,43374,9,1027,774,20
352,43460,9,1032,777,22
353,43538,9,1039,783,22
354,43622,9,1044,787,24
355,43698,9,1052,788,28
356,43794,9,1052,788,28
357,44091,21,1002,765,0
358,44185,7,1002,765,0
359,44285,28,1028,779,4
360,44367,9,1030,771,18
361,44423,8,1036,776,18
362,44514,8,1042,772,28
363,44613,9,1043,769,35
364,44686,8,1043,769,35
365,44774,10,1049,770,38
366,44843,8,1049,770,38
367,44934,8,1051,772,38
368,45015,9,1063,777,41
369,45168,31,1025,776,1
370,45257,7,1031,781,1
371,45345,8,1032,780,2
372,45443,9,1034,778,6
373,45509,7,1040,783,6
374,45625,11,1043,779,9
375,45694,9,1046,776,9
376,45953,9,1063,785,20
377,46079,23,1053,794,0
378,46162,10,1063,802,5
379,46239,8,1069,804,9
380,46316,10,1074,803,15
381,46409,9,1085,811,18
382,46503,9,1093,816,20
383,46570,8,1089,811,18
384,46648,13,1096,816,20
385,46707,8,1095,815,22
386,46798,8,1097,816,23
387,46886,9,1105,821,23
388,46967,10,1115,825,26
389,47110,61,1095,831,0
390,47482,286,1097,827,5
391,47594,8,1108,820,26
392,47691,8,1108,820,26
393,47782,8,1114,823,30
394,47886,20,1117,823,30
395,47991,8,1119,818,37
396,48110,30,1087,821,3
397,48187,8,1098,825,6
398,48268,8,1102,819,14
399,48349,8,1109,825,15
400,48427,10,1121,833,22
401,48494,8,1121,828,22
402,48566,9,1132,832,29
403,48645,8,1136,831,30
404,48737,8,1139,827,36
405,49088,271,1154,830,48
406,49184,17,1101,819,5
407,49256,8,1110,826,6
408,49328,9,1119,831,7
409,49408,10,1122,834,7
410,49499,8,1126,836,7
411,49576,8,1134,841,11
412,49667,10,1135,840,13
413,49761,9,1145,836,27
414,49861,9,1149,838,27
415,49946,9,1157,835,48
416,50035,7,1163,832,57
417,50162,14,1118,829,17
418,50319,10,1122,825,24
419,50411,9,1134,811,53
420,50768,9,1142,762,122
421,50869,9,1148,760,123
422,50960,8,1151,749,137
423,51084,11,1005,742,2
424,51169,8,1016,751,2
425,51244,7,1017,752,2
426,51343,8,1018,753,2
427,51438,8,1020,755,2
428,51526,8,1029,764,2
429,51615,9,1030,765,2
430,51717,15,1036,771,2
431,51826,7,1045,780,2
432,51947,9,1049,784,2
433,52057,19,1049,786,0
434,52142,8,1059,794,0
435,52600,8,1065,800,0
436,52684,8,1077,812,0
437,52763,8,1094,829,0
438,52865,9,1094,829,0
439,52956,9,1097,832,0
440,53043,7,1106,839,0
441,53128,8,1111,834,11
442,53216,9,1134,841,29
443,53317,9,1139,841,41
444,53409,9,1142,833,54
445,53523,12,1144,820,72
446,53652,10,1143,813,76
447,53753,10,1144,807,83
448,53837,9,1154,809,91
449,53925,8,1154,780,123
450,54199,37,1019,764,1
451,54276,8,1023,759,12
452,54363,8,1033,755,31
453,54452,9,1036,750,39
454,54537,9,1040,746,54
455,54634,9,1042,746,57
456,54725,8,1052,748,65
457,54792,7,1063,746,79
458,54877,10,1066,741,83
459,54966,9,1069,740,87
460,55129,37,1081,739,98
461,55222,29,1004,742,18
462,55313,9,1012,747,21
463,55433,9,1013,726,45
464,55687,10,1023,724,56
465,55767,9,1035,731,57
466,55844,8,1040,729,65
467,55922,10,1060,736,87
468,56014,8,1072,734,98
469,56125,25,975,735,0
470,56197,8,977,736,2
471,56292,8,987,735,14
472,56372,8,1004,752,14
473,56459,9,1009,754,18
474,56542,8,1026,765,24
475,56620,9,1026,763,27
476,56696,10,1026,762,28
477,56801,9,1026,758,35
478,56890,13,1030,754,45
479,56975,11,1032,753,54
480,57267,199,982,749,8
481,57378,9,985,739,20
482,57470,11,985,738,22
483,57548,7,993,736,30
484,57633,9,996,738,31
485,57718,8,1002,724,53
486,57826,8,1002,708,72
487,57909,9,1011,717,72
488,57991,7,1022,718,80
489,58090,13,954,728,4
490,58182,8,963,737,4
491,58268,8,965,734,8
492,58358,10,973,739,12
493,58477,9,978,738,15
494,58570,9,980,739,18
495,58654,8,982,732,26
496,58750,8,985,727,34
497,58995,7,998,720,63
498,59091,35,948,730,0
499,59170,8,953,731,6
500,59230,7,956,733,7
501,59309,8,960,734,7
502,59399,7,968,734,15
503,59496,7,981,746,15
504,59595,8,993,756,19
505,59678,8,993,755,20
506,59761,8,998,758,22
507,59830,8,1007,757,32
508,59926,12,1007,749,42
509,60008,9,1012,750,45
510,60119,34,979,762,0
511,60220,8,981,758,8
512,60304,10,990,750,28
513,60563,8,1003,746,45
514,60642,8,1004,746,49
515,60719,9,1005,743,52
516,60811,8,1008,745,53
517,60901,7,1013,748,57
518,61004,8,1023,752,65
519,61103,11,963,755,0
520,61181,8,980,772,0
521,61260,7,981,770,3
522,61348,8,988,776,4
523,61429,8,989,777,4
524,61511,8,1002,788,4
525,61590,7,1004,778,22
526,61677,10,1005,778,23
527,61749,8,1006,775,23
528,61847,8,1013,782,23
529,62322,389,1015,761,47
530,62449,12,959,737,20
531,62532,8,964,739,21
532,62638,8,968,740,26
533,62718,10,972,741,26
534,62806,10,980,742,29
535,62890,10,989,751,29
536,62994,8,990,752,29
537,63124,32,966,753,2
538,63194,9,972,753,11
539,63269,10,977,758,11
540,63351,8,977,754,17
541,63437,8,997,767,19
542,63540,8,999,766,19
543,63632,9,1001,767,19
544,63874,165,1007,767,24
545,63972,7,1009,764,29
546,64043,8,1018,768,36
547,64142,8,990,772,4
548,64219,9,997,766,15
549,64293,9,1000,762,23
550,64371,8,1001,763,22
551,64446,8,1001,759,26
552,64536,9,1010,768,26
553,64634,11,1015,773,26
554,64729,10,1025,779,29
555,64811,11,1026,773,37
556,64889,9,1027,772,40
557,64968,11,1033,772,44
558,65040,6,1033,772,47
559,65138,12,985,770,0
560,68188,8,902,674,0
561,68290,9,909,679,3
562,68369,9,928,697,4
563,68433,7,929,697,5
564,68516,8,929,694,8
565,68601,8,932,697,8
566,68682,8,932,699,6
567,68773,11,933,695,8
568,68858,9,934,691,10
569,68953,9,938,693,14
570,69067,29,943,684,32
571,69171,25,925,678,22
572,69266,9,941,690,25
573,69351,8,945,692,26
574,69466,7,952,697,26
575,69553,9,958,699,27
576,69637,9,966,704,28
577,69758,9,967,704,31
578,69855,11,977,710,36
579,69934,10,980,712,36
580,70063,11,959,726,0
581,70154,9,963,729,0
582,70241,8,968,734,0
583,70316,9,968,733,3
584,70416,9,984,748,3
585,70542,8,986,745,6
586,70648,11,990,750,3
587,70728,7,994,742,12
588,70803,9,1008,750,16
589,70890,13,1011,739,25
590,71024,9,1020,743,29
591,71139,29,995,739,10
592,71232,9,999,735,16
593,71310,7,1004,737,20
594,71392,8,1014,740,25
595,71498,8,1020,743,25
596,71566,7,1029,752,25
597,71670,9,1031,741,35
598,71753,8,1050,754,39
599,71852,8,1055,757,38
600,71935,9,1064,764,38
601,72019,10,1067,767,38
602,72105,34,1034,772,0
603,72186,9,1034,764,8
604,72280,11,1043,757,23
605,72406,8,1048,759,32
606,72480,7,1071,775,41
607,72574,11,1071,772,44
608,72658,8,1076,770,51
609,72738,10,1081,770,56
610,72835,8,1092,780,56
611,72927,9,1093,780,57
612,73014,12,1095,776,62
613,73159,38,1031,769,1
614,73248,11,1036,767,7
615,73326,9,1040,768,12
616,73408,10,1043,767,16
617,73532,12,1049,770,19
618,73609,11,1059,777,29
619,73688,10,1063,771,35
620,73826,11,1077,782,36
621,73912,8,1079,783,35
622,73993,9,1083,787,35
623,74109,32,1049,788,0
624,74222,8,1063,794,8
625,74283,9,1067,798,8
626,74359,9,1084,813,10
627,74442,11,1086,814,10
628,74522,12,1091,813,18
629,74612,8,1096,817,19
630,74687,9,1101,820,23
631,74781,8,1108,819,29
632,74888,20,1109,811,36
633,74971,9,1112,813,36
634,75065,11,1078,813,0
635,75246,8,1086,814,11
636,75316,9,1088,814,12
637,75425,9,1091,815,14
638,75490,8,1094,814,17
639,75599,9,1097,810,25
640,75690,10,1102,812,29
641,75777,11,1103,813,29
642,75876,10,1106,813,35
643,75970,9,1110,815,36
644,76072,20,1083,820,0
645,76154,9,1084,815,8
646,76243,10,1092,822,8
647,76333,10,1092,821,8
648,76450,9,1095,817,15
649,76640,104,1097,814,20
650,76729,8,1101,814,24
651,76817,8,1111,822,25
652,76886,8,1114,809,37
653,76971,9,1120,806,46
654,77074,26,1086,811,4
655,77153,10,1105,829,7
656,77234,9,1117,840,13
657,77309,9,1119,842,13
658,77393,12,1119,842,13
659,77471,9,1130,853,13
660,77546,8,1137,859,14
661,77640,11,1153,872,20
662,77724,9,1166,885,20
663,77804,9,1171,887,22
664,77883,9,1169,888,18
665,78075,19,1159,894,3
666,78145,9,1167,899,3
667,78219,9,1174,906,3
668,78301,9,1174,904,5
669,78385,9,1175,903,7
670,78454,10,1175,903,7
671,78550,9,1179,906,7
672,78620,9,1186,908,8
673,78706,9,1196,916,10
674,78789,11,1196,915,12
675,78877,9,1213,931,13
676,78967,9,1214,932,13
677,79077,23,1213,944,0
678,79162,9,1213,941,3
679,79232,10,1216,942,3
680,79431,9,1219,942,6
681,79523,9,1227,940,16
682,79611,10,1237,944,8
683,79697,10,1237,934,20
684,79790,9,1240,921,43
685,79895,10,1242,892,82
686,79989,9,1246,878,100
687,80162,44,1127,851,7
688,80259,9,1135,850,22
689,80357,9,1137,835,45
690,80457,9,1141,835,52
691,80558,10,1147,840,52
692,80645,10,1166,859,50
693,80747,9,1168,861,50
694,80825,11,1186,860,65
695,81082,145,1188,837,98
696,81186,13,1096,834,10
697,81295,14,1098,825,25
698,81406,9,1102,814,46
699,81481,9,1104,800,66
700,81584,10,1112,796,77
701,81678,11,1132,811,82
702,81768,9,1133,804,90
703,81850,9,1140,801,100
704,81935,8,1143,775,128
705,82040,7,1146,765,143
706,82142,16,1013,756,24
707,82223,8,1019,762,24
708,82304,8,1020,763,24
709,82406,12,1023,767,23
710,82500,8,1032,776,23
711,82708,134,1035,754,54
712,82801,8,1040,754,57
713,82892,10,1045,754,60
714,82987,9,1049,750,69
715,83090,17,983,745,11
716,83168,7,983,731,30
717,83261,8,990,736,31
718,83356,8,997,740,34
719,83444,11,1007,748,36
720,83540,8,1018,740,60
721,83640,11,1031,740,73
722,83728,8,1034,728,94
723,83820,9,1034,718,107
724,83902,8,1042,725,108
725,83989,10,1050,721,116
726,84089,29,935,722,0
727,84169,8,941,724,1
728,84258,8,953,718,22
729,84482,8,961,701,53
730,84565,8,961,695,61
731,84655,7,968,694,68
732,84761,8,978,701,71
733,84847,8,989,699,80
734,84933,8,991,701,80
735,85029,12,994,695,87
736,85154,39,916,702,0
737,85229,6,920,699,7
738,85308,8,930,692,24
739,85385,8,942,704,24
740,85482,8,950,699,38
741,85580,8,949,699,37
742,85647,8,950,699,38
743,85724,7,955,702,38
744,85823,9,959,699,46
745,85907,8,964,700,47
746,85999,8,976,702,59
747,86259,23,912,699,0
748,86331,9,919,690,16
749,86417,7,923,691,17
750,86496,8,926,692,18
751,86588,9,941,704,19
752,86683,8,948,704,26
753,86757,8,948,704,26
754,86828,7,953,701,36
755,86906,9,956,700,40
756,87018,8,956,693,48
757,87159,37,909,694,0
758,87234,7,910,695,0
759,87331,7,912,695,3
760,87416,8,913,694,5
761,87504,7,920,697,9
762,87590,13,924,699,12
763,87700,7,927,697,20
764,87792,8,930,698,22
765,88069,10,934,673,50
766,88179,13,894,680,3
767,88264,10,898,670,20
768,88354,8,901,671,23
769,88440,7,916,676,34
770,88513,9,917,675,34
771,88602,8,925,681,38
772,88687,7,926,683,37
773,88775,8,929,678,46
774,88862,8,940,687,46
775,88941,7,948,695,46
776,89038,6,956,697,54
777,89133,13,919,704,12
778,89208,8,923,706,16
779,89313,8,931,701,29
780,89402,8,933,700,32
781,89494,9,939,696,34
782,89565,8,952,707,34
783,89646,8,953,705,35
784,89946,8,955,694,52
785,90040,7,956,687,62
786,90126,15,905,684,18
787,90207,8,913,689,22
788,90287,7,913,678,33
789,90368,7,925,676,50
790,90462,7,930,681,50
791,90536,7,939,689,51
792,90623,9,953,697,53
793,90716,7,959,690,57
794,90808,9,960,690,60
795,90897,8,965,691,63
796,90988,8,981,698,73
797,91101,38,913,700,6
798,91173,8,923,700,16
799,91253,9,926,701,19
800,91522,7,930,693,30
801,91611,7,931,691,33
802,91712,7,937,688,38
803,91790,8,941,691,38
804,91872,8,943,686,44
805,91968,8,946,684,48
806,92056,10,900,686,0
807,92139,9,902,688,0
808,92220,8,906,692,0
809,92297,8,916,701,0
810,92387,8,922,707,0
811,92474,7,922,694,14
812,92565,9,934,703,18
813,92653,11,946,708,25
814,92742,8,956,714,28
815,92843,10,970,721,36
816,93167,29,913,700,3
817,93258,8,916,703,3
818,93337,8,925,708,5
819,93404,8,932,714,6
820,93490,9,935,715,10
821,93572,8,935,706,21
822,93659,8,938,704,25
823,93742,10,949,701,36
824,93830,9,961,713,36
825,93904,8,971,723,36
826,93977,7,978,719,44
827,94117,34,935,707,8
828,94197,13,936,700,9
829,94309,10,940,701,14
830,94391,8,942,701,15
831,94718,8,959,704,28
832,94795,8,966,711,28
833,94875,9,967,710,31
834,94957,7,969,710,33
835,95029,8,973,714,33
836,95119,33,943,716,1
837,95205,8,944,706,11
838,95292,7,950,712,11
839,95404,7,951,713,11
840,95492,8,957,718,11
841,95573,8,966,727,10
842,95654,9,974,735,10
843,95742,7,975,736,10
844,95839,9,981,742,10
845,95914,8,981,742,10
846,95996,8,984,743,10
847,96402,19,989,758,0
848,96506,10,989,758,0
849,96603,9,996,765,0
850,96702,11,1002,771,0
851,96782,8,1003,772,0
852,96869,8,1005,774,0
853,96946,9,1008,776,0
854,97034,10,1018,786,0
855,97125,10,1019,787,0
856,97223,10,1021,789,0
857,97309,9,1032,800,0
858,97401,8,1039,807,0
859,97492,9,1043,811,0
860,97584,9,1043,811,0
861,97998,329,1046,814,0
862,98100,7,1062,830,0
863,98179,10,1069,836,1
864,98263,8,1069,825,10
865,98343,12,1078,825,23
866,98427,10,1083,826,27
867,98506,9,1085,825,30
868,98593,9,1090,822,39
869,98669,9,1097,828,40
870,98765,11,1106,829,47
871,98848,13,1108,830,53
872,98945,11,1118,838,56
873,99044,18,1123,839,60
874,99146,15,1074,847,3
875,99236,8,1079,847,6
876,99666,9,1083,827,30
877,99745,11,1096,839,32
878,99840,13,1101,842,33
879,99905,9,1102,836,41
880,100002,9,1105,834,47
881,100119,39,1064,838,1
882,100205,8,1067,835,6
883,100300,11,1067,834,7
884,100381,8,1067,824,10
885,100477,9,1080,834,14
886,100560,13,1084,819,30
887,100653,13,1100,829,36
888,100744,10,1101,828,40
889,100835,9,1109,829,46
890,100916,10,1116,834,48
891,101174,178,1116,833,50
892,101293,43,1063,822,6
893,101374,10,1079,827,15
894,101477,10,1086,832,17
895,101567,10,1094,832,22
896,101639,9,1100,829,37
897,101715,11,1099,824,42
898,101798,10,1099,824,42
899,101868,10,1100,824,43
900,101943,9,1110,829,43
901,102036,9,1124,842,43
902,102114,12,1096,855,2
903,102190,9,1102,859,3
904,102266,9,1116,872,3
905,102354,10,1119,868,11
906,102584,10,1136,875,20
907,102681,12,1137,871,28
908,102764,9,1137,868,32
909,102842,10,1156,881,38
910,102929,10,1157,880,42
911,103018,9,1161,883,42
912,103148,36,1126,877,8
913,103236,9,1129,879,9
914,103327,9,1132,881,10
915,103399,9,1147,888,18
916,103473,9,1147,886,20
917,103560,10,1158,896,21
918,103644,11,1164,899,21
919,103734,10,1181,914,22
920,103824,11,1194,923,22
921,104078,169,1202,923,32
922,104220,41,1180,929,0
923,104310,11,1185,929,4
924,104398,10,1191,932,5
925,104487,9,1201,936,11
926,104583,10,1209,940,13
927,104689,9,1218,949,11
928,104780,10,1220,946,14
929,104859,9,1222,946,16
930,104940,10,1231,952,16
931,105024,13,1239,960,18
932,105178,40,1225,956,8
933,105285,9,1229,960,8
934,105376,13,1229,957,8
935,105462,10,1237,963,8
936,105722,9,1243,968,9
937,105800,9,1254,974,13
938,105883,10,1261,978,16
939,105992,13,1272,984,20
940,106100,18,1248,980,0
941,106184,11,1253,979,5
942,106279,11,1254,977,10
943,106366,11,1254,976,11
944,106457,10,1255,975,13
945,106536,10,1258,976,14
946,106620,10,1259,977,14
947,106702,14,1264,979,18
948,106774,12,1266,980,19
949,106869,10,1267,978,19
950,106961,11,1275,984,20
951,107236,201,1283,991,22
952,107312,13,1263,980,21
953,107400,10,1263,979,22
954,107487,12,1269,976,31
955,107570,10,1277,978,32
956,107658,10,1277,975,35
957,107735,9,1283,976,41
958,107826,12,1283,972,45
959,107916,10,1284,972,45
960,108008,9,1288,975,45
961,108128,44,1251,983,0
962,108215,11,1254,984,2
963,108309,10,1260,985,7
964,108390,11,1275,996,8
965,108478,12,1275,990,14
966,108562,12,1278,989,18
967,108913,10,1281,979,27
968,109006,10,1284,981,28
969,109127,32,1260,980,5
970,109213,11,1264,980,8
971,109298,11,1266,980,10
972,109398,10,1271,985,10
973,109468,12,1271,983,10
974,109554,11,1272,976,19
975,109640,11,1278,982,19
976,109734,10,1283,971,37
977,109836,12,1284,932,91
978,109931,10,1288,927,105
979,110032,12,1294,915,130
980,113331,60,788,584,3
981,113447,12,792,578,14
982,113524,9,796,573,23
983,113623,7,806,569,37
984,113712,7,807,551,62
985,113819,7,807,547,76
986,113915,8,812,532,98
987,114028,12,822,531,106
988,114189,25,719,519,17
989,114281,7,737,521,30
990,114407,8,743,524,30
991,114529,9,750,510,50
992,114690,6,752,504,61
993,114835,7,760,509,61
994,114919,5,760,504,66
995,115006,6,770,511,68
996,115130,13,707,504,10
997,115251,7,713,503,16
998,115389,6,726,508,23
999,115513,13,726,500,32
1000,115824,15,735,500,41
1001,115924,7,736,492,52
1002,116034,17,736,475,74
1003,116168,32,664,477,0
1004,116237,6,670,479,4
1005,116336,6,670,476,7
1006,116433,7,689,487,17
1007,116528,7,694,485,20
1008,116625,8,703,484,32
1009,116774,6,704,481,36
1010,116869,6,707,480,39
1011,116957,6,720,490,39
1012,117065,18,685,493,1
1013,117139,6,689,488,12
1014,117219,5,690,487,14
1015,117305,7,691,469,33
1016,117388,5,694,453,55
1017,117473,6,697,445,70
1018,117558,6,700,445,73
1019,117666,6,704,438,86
1020,117754,7,718,448,86
1021,117836,6,732,457,91
1022,117943,7,735,461,90
1023,118018,7,735,461,90
1024,118240,86,651,455,13
1025,118334,5,657,442,37
1026,118415,6,668,452,37
1027,118511,6,673,457,37
1028,118581,6,678,460,39
1029,118675,7,682,457,45
1030,118757,6,682,453,48
1031,118852,6,698,464,49
1032,118943,7,700,462,52
1033,119029,9,707,470,52
1034,119134,12,660,470,2
1035,119235,6,664,468,9
1036,119354,5,670,473,10
1037,119440,7,673,467,20
1038,119533,6,674,463,25
1039,119620,6,677,466,25
1040,119697,6,694,482,27
1041,119812,9,695,483,27
1042,119964,6,702,490,27
1043,120070,28,689,502,0
1044,120151,6,696,507,2
1045,120247,8,704,512,3
1046,120329,6,718,513,21
1047,120426,6,720,514,23
1048,120525,6,723,517,23
1049,120614,7,729,521,25
1050,120693,7,737,521,33
1051,120773,7,739,514,44
1052,120880,8,748,522,46
1053,120965,7,750,516,57
1054,121077,32,697,521,0
1055,121142,6,724,539,8
1056,121227,7,730,536,18
1057,121305,6,738,540,22
1058,121474,6,743,541,28
1059,121557,6,747,542,30
1060,121638,6,756,543,38
1061,121721,6,763,544,42
1062,121804,7,770,551,42
1063,121896,7,777,555,44
1064,121983,7,787,551,56
1065,122095,38,731,548,3
1066,122177,8,731,541,10
1067,122255,8,741,543,14
1068,122348,8,743,535,25
1069,122447,7,743,524,39
1070,122541,6,744,522,41
1071,122627,7,746,520,48
1072,122721,7,747,510,58
1073,122819,7,756,518,58
1074,122996,7,776,521,71
1075,123091,12,712,526,0
1076,123168,6,712,526,0
1077,123254,5,713,523,3
1078,123343,6,720,527,9
1079,123447,8,725,519,25
1080,123546,9,728,520,25
1081,123622,8,736,526,26
1082,123719,7,738,528,26
1083,123809,7,740,527,30
1084,123893,6,749,531,37
1085,123987,7,752,534,36
1086,124139,28,718,528,9
1087,124221,6,721,529,11
1088,124302,6,723,521,19
1089,124513,132,727,520,23
1090,124587,6,727,520,23
1091,124666,6,740,533,23
1092,124752,6,751,538,30
1093,124846,7,763,546,34
1094,124919,6,766,546,37
1095,125023,15,772,537,44
1096,125150,32,736,539,6
1097,125225,7,744,547,6
1098,125320,7,755,553,9
1099,125386,6,774,571,9
1100,125478,8,779,570,16
1101,125547,7,788,578,16
1102,125605,7,792,583,15
1103,125679,9,793,576,20
1104,125781,9,793,573,24
1105,125866,7,805,578,33
1106,126112,21,778,585,0
1107,126193,7,783,590,0
1108,126257,6,791,598,0
1109,126348,7,796,602,0
1110,126443,8,797,601,2
1111,126538,6,803,603,4
1112,126614,6,808,608,4
1113,126688,6,809,600,14
1114,126770,7,823,612,17
1115,126849,6,827,612,19
1116,126925,7,828,611,22
1117,127006,8,828,612,20
1118,127111,26,809,613,0
1119,127233,16,813,613,5
1120,127331,7,820,610,14
1121,127408,8,822,610,17
1122,127649,8,823,606,28
1123,127744,7,830,613,28
1124,127816,8,835,617,28
1125,127886,7,834,619,25
1126,127979,9,835,620,25
1127,128095,26,812,621,1
1128,128182,7,811,618,1
1129,128274,7,820,626,2
1130,128363,8,822,626,2
1131,128452,9,826,627,8
1132,128517,7,832,633,8
1133,128605,6,841,634,15
1134,128678,8,849,639,18
1135,128786,7,850,637,22
1136,128886,10,857,642,22
1137,128969,7,858,639,26
1138,129246,194,841,639,8
1139,129329,7,847,644,10
1140,129404,7,866,663,10
1141,129492,7,866,663,10
1142,129577,8,875,672,10
1143,129669,8,884,675,11
1144,129737,9,892,680,18
1145,129819,7,895,681,19
1146,129896,10,904,686,20
1147,129992,7,913,694,22
1148,130108,29,900,702,1
1149,130185,7,902,704,1
1150,130284,11,918,714,2
1151,130353,8,918,714,2
1152,130412,8,921,716,3
1153,130489,8,932,720,12
1154,130576,8,938,722,13
1155,130823,9,951,727,18
1156,130900,10,974,745,20
1157,130975,9,974,744,21
1158,131086,30,958,748,0
1159,131172,8,960,750,0
1160,131268,8,971,758,0
1161,131361,9,978,764,1
1162,131439,9,985,769,1
1163,131505,8,985,768,1
1164,131596,8,993,771,6
1165,131688,9,995,772,10
1166,131778,9,996,771,12
1167,131869,8,998,769,17
1168,131958,8,1001,771,18
1169,132078,26,996,779,3
1170,132171,9,1005,779,13
1171,132256,9,1006,778,15
1172,132514,9,1006,768,29
1173,132610,8,1014,775,30
1174,132673,8,1025,785,31
1175,132734,7,1027,787,31
1176,132816,9,1032,792,31
1177,132901,9,1053,807,34
1178,132985,11,1061,815,34
1179,133096,34,1032,819,0
1180,133188,8,1038,825,0
1181,133270,10,1058,839,2
1182,133349,9,1063,836,11
1183,133455,10,1065,836,13
1184,133554,12,1073,839,19
1185,133630,11,1074,840,19
1186,133712,10,1079,843,19
1187,133816,9,1084,842,25
1188,133903,8,1087,842,28
1189,134168,32,1060,841,0
1190,134250,11,1060,838,3
1191,134351,8,1062,836,5
1192,134446,10,1064,834,8
1193,134532,9,1066,828,13
1194,134620,8,1071,830,17
1195,134719,8,1080,832,26
1196,134810,11,1083,829,32
1197,134923,11,1095,837,33
1198,135016,8,1094,838,31
1199,135154,40,1063,837,3
1200,135238,12,1070,844,3
1201,135328,11,1071,841,7
1202,135447,23,1076,840,15
1203,135584,21,1082,837,26
1204,135714,20,1102,857,26
1205,135978,9,1109,844,38
1206,136088,41,1079,850,2
1207,136173,9,1084,850,13
1208,136240,10,1093,859,13
1209,136324,10,1097,862,14
1210,136409,9,1113,875,18
1211,136496,10,1113,875,18
1212,136569,9,1117,879,18
1213,136655,9,1119,881,16
1214,136739,9,1127,882,21
1215,136831,11,1126,882,19
1216,136918,12,1131,883,23
1217,136987,13,1139,889,26
1218,137100,16,1124,900,0
1219,137181,12,1126,902,0
1220,137269,11,1141,916,1
1221,137530,11,1154,915,14
1222,137614,8,1154,914,15
1223,137689,8,1154,914,15
1224,137783,10,1159,919,15
1225,137880,10,1171,927,21
1226,137964,12,1181,937,21
1227,138044,10,1185,942,19
1228,138129,11,1176,937,13
1229,138226,9,1181,938,14
1230,138304,10,1195,946,17
1231,138408,9,1196,940,22
1232,138506,10,1196,937,25
1233,138602,10,1199,938,25
1234,138682,10,1201,940,25
1235,138948,203,1201,939,27
1236,139027,10,1206,934,35
1237,139159,33,1171,932,0
1238,139244,12,1173,930,3
1239,139307,9,1178,933,6
1240,139388,9,1186,941,6
1241,139468,9,1188,938,12
1242,139565,12,1191,933,21
1243,139647,12,1199,937,21
1244,139732,12,1215,951,23
1245,139836,10,1218,948,31
1246,139923,9,1226,929,64
1247,140033,14,1232,924,78
1248,140143,14,1179,949,0
1249,140423,9,1182,951,0
1250,140520,9,1189,958,0
1251,140632,19,1190,959,0
1252,140736,9,1203,972,0
1253,140822,9,1211,980,0
1254,140930,10,1218,987,0
1255,141031,12,1233,1000,0
1256,141125,10,1235,1002,0
1257,141227,11,1239,1006,0
1258,141322,11,1246,1013,0
1259,141426,10,1259,1026,0
1260,141525,10,1259,1026,0
1261,141614,10,1262,1029,0
1262,141701,10,1264,1031,0
1263,141971,183,1264,1031,0
1264,142075,13,1268,1035,0
1265,142165,10,1270,1037,0
1266,142267,12,1273,1040,0
1267,142368,10,1278,1045,0
1268,142451,9,1285,1052,0
1269,142540,10,1285,1052,0
1270,142638,11,1287,1054,0
1271,142725,9,1296,1063,0
1272,142810,11,1308,1075,0
1273,142901,11,1311,1078,0
1274,143001,11,1319,1086,0
1275,143111,10,1323,1090,0
1276,143222,13,1325,1083,10
1277,143476,10,1333,1077,24
1278,143582,12,1340,1082,25
1279,143682,10,1342,1068,47
1280,143777,11,1348,1065,56
1281,143863,11,1357,1063,70
1282,143952,10,1368,1059,84
1283,144090,33,1274,1047,0
1284,144183,10,1286,1050,9
1285,144281,10,1287,1037,18
1286,144383,13,1295,1018,46
1287,144477,9,1294,1013,53
1288,144564,14,1301,1017,56
1289,144644,10,1302,1013,63
1290,144731,11,1308,1001,84
1291,144980,10,1314,981,112
1292,145111,39,1188,971,0
1293,145203,10,1199,973,9
1294,145299,9,1201,952,34
1295,145401,13,1201,946,43
1296,145489,9,1213,935,70
1297,145585,9,1215,934,73
1298,145668,10,1231,951,72
1299,145747,9,1235,953,72
1300,145833,10,1248,952,81
1301,145923,10,1264,963,82
1302,146042,10,1270,952,102
1303,146172,16,1176,945,13
1304,146425,162,1177,911,49
1305,146508,9,1181,898,67
1306,146618,11,1187,886,84
1307,146713,10,1196,890,88
1308,146813,11,1197,883,98
1309,146896,10,1199,867,118
1310,146989,10,1207,868,121
1311,147142,54,1091,847,22
1312,147227,12,1102,856,23
1313,147314,10,1109,857,25
1314,147408,9,1112,832,54
1315,147500,12,1116,835,56
1316,147585,10,1120,833,62
1317,147695,10,1120,822,69
1318,147777,9,1133,815,89
1319,148037,6,1137,812,101
1320,148148,17,1036,812,0
1321,148241,8,1046,815,10
1322,148327,9,1047,812,16
1323,148408,9,1049,800,30
1324,148504,8,1052,789,39
1325,148586,9,1054,786,47
1326,148662,9,1054,783,49
1327,148771,9,1058,773,65
1328,148855,8,1060,755,85
1329,148938,9,1060,740,103
1330,149025,9,1076,757,101
1331,149140,14,976,746,24
1332,149224,9,986,735,49
1333,149308,9,995,742,49
1334,149567,9,998,734,54
1335,149659,8,1001,722,71
1336,149767,9,1001,717,75
1337,149853,11,1005,719,76
1338,149921,8,1006,719,78
1339,150022,9,1008,711,89
1340,150167,40,931,720,2
1341,150271,7,932,701,23
1342,150357,8,935,691,39
1343,150434,8,940,686,51
1344,150524,8,948,691,52
1345,150620,8,952,690,58
1346,150705,10,970,701,62
1347,150789,11,981,705,67
1348,150899,9,987,711,67
1349,151185,202,989,712,67
1350,151335,57,899,663,18
1351,151428,7,908,672,18
1352,151523,7,910,669,23
1353,151625,8,915,669,28
1354,151709,7,931,676,42
1355,151805,7,949,689,48
1356,151885,7,950,684,51
1357,151958,8,952,675,62
1358,152026,9,954,672,67
1359,152141,34,886,671,0
1360,152229,8,893,675,0
1361,152319,9,899,674,7
1362,152408,8,900,661,20
1363,152499,9,900,655,27
1364,152753,7,916,655,45
1365,152852,7,922,660,45
1366,152942,7,923,661,45
1367,153035,5,926,661,46
1368,153133,14,885,654,12
1369,153221,8,889,657,13
1370,153301,7,907,675,13
1371,153390,8,914,665,30
1372,153485,8,921,659,43
1373,153565,11,929,666,45
1374,153635,8,930,663,51
1375,153718,9,942,664,62
1376,153811,17,947,661,72
1377,153886,9,952,655,84
1378,153963,8,962,663,86
1379,156612,2556,879,568,111
1380,156706,12,776,567,8
1381,156795,6,779,569,9
1382,156886,6,788,571,12
1383,156968,6,796,578,12
1384,157061,23,790,584,0
1385,157153,8,794,585,2
1386,157243,11,795,583,5
1387,157332,8,805,583,16
1388,157415,9,810,584,19
1389,157504,7,821,592,19
1390,157589,7,834,606,18
1391,157693,8,836,603,24
1392,157791,8,865,630,25
1393,157861,8,874,637,27
1394,157980,8,877,632,34
1395,158070,28,852,638,1
1396,158147,8,856,642,1
1397,158219,7,860,644,2
1398,158308,8,863,632,17
1399,158380,7,883,646,20
1400,158462,8,888,646,24
1401,158585,8,895,645,30
1402,158653,7,903,653,30
1403,158749,7,906,656,30
1404,158850,8,918,668,30
1405,158955,8,923,668,33
1406,159039,6,925,666,34
1407,159115,11,905,679,1
1408,159185,8,917,691,1
1409,159255,9,935,709,1
1410,159396,8,938,708,4
1411,159475,7,944,713,4
1412,159540,8,954,722,5
1413,159641,7,956,716,13
1414,159735,8,958,715,16
1415,159835,11,958,713,18
1416,159924,8,965,720,18
1417,160007,9,967,720,19
1418,160121,37,949,721,0
1419,160197,8,950,713,8
1420,160285,10,952,714,8
1421,160366,9,952,712,11
1422,160457,8,954,711,13
1423,160543,8,958,709,18
1424,160657,8,962,712,18
1425,160806,8,968,718,18
1426,160896,8,981,726,26
1427,160966,8,981,725,26
1428,161083,29,963,729,4
1429,161157,9,966,732,4
1430,161237,9,972,737,5
1431,161344,8,973,736,6
1432,161438,8,976,732,11
1433,161521,10,986,741,12
1434,161590,8,987,738,13
1435,161676,8,996,747,13
1436,161759,8,1000,747,21
1437,161851,8,1003,746,27
1438,161924,8,1006,742,30
1439,162001,8,1005,740,29
1440,162208,34,975,728,12
1441,162301,7,986,725,19
1442,162382,8,992,731,19
1443,162474,7,1004,740,19
1444,162562,12,1005,738,22
1445,162646,9,1008,740,22
1446,162736,10,1018,745,28
1447,162804,9,1019,744,30
1448,162869,11,1022,746,31
1449,162947,10,1025,749,30
1450,163032,14,1029,750,32
1451,163165,14,998,748,3
1452,163247,9,999,742,10
1453,163339,8,1000,742,10
1454,163414,8,1003,743,12
1455,163595,8,1004,736,20
1456,163669,8,1010,736,24
1457,163757,10,1016,734,39
1458,163835,8,1033,751,39
1459,163909,9,1042,759,40
1460,163971,8,1056,770,43
1461,164095,38,1022,778,0
1462,164187,10,1027,779,3
1463,164275,9,1028,774,8
1464,164359,8,1029,766,17
1465,164449,9,1036,769,17
1466,164521,10,1039,766,23
1467,164590,10,1045,772,23
1468,164683,9,1049,769,34
1469,164777,13,1055,769,41
1470,164962,8,1058,769,46
1471,165075,14,1015,772,0
1472,165164,8,1030,779,1
1473,165249,10,1034,772,10
1474,165335,9,1041,776,13
1475,165416,9,1045,775,16
1476,165497,9,1063,793,16
1477,165582,9,1074,802,18
1478,165675,9,1080,806,18
1479,165768,11,1089,813,20
1480,165857,10,1100,822,20
1481,165966,10,1101,823,20
1482,166072,29,1083,825,0
1483,166172,11,1086,826,2
1484,166360,9,1094,824,14
1485,166459,9,1094,823,17
1486,166534,9,1098,823,20
1487,166615,8,1107,827,27
1488,166711,9,1108,826,28
1489,166785,10,1129,844,33
1490,166875,9,1136,849,34
1491,166967,9,1148,860,35
1492,167091,40,1118,865,0
1493,167172,8,1118,864,0
1494,167260,9,1118,864,0
1495,167345,9,1120,866,0
1496,167429,9,1122,868,0
1497,167506,10,1127,868,2
1498,167587,11,1135,868,10
1499,167752,11,1153,880,14
1500,167838,12,1155,881,14
1501,167934,11,1167,882,23
1502,167990,9,1163,875,28
1503,168095,26,1149,891,0
1504,168191,8,1154,893,3
1505,168273,9,1158,894,7
1506,168370,12,1161,895,11
1507,168473,10,1164,888,21
1508,168558,13,1166,885,25
1509,168637,10,1169,884,27
1510,168707,9,1169,884,27
1511,168800,11,1175,888,27
1512,168884,12,1177,890,27
1513,168969,14,1185,894,31
1514,169184,32,1153,893,0
1515,169262,9,1156,895,3
1516,169349,13,1166,904,4
1517,169443,9,1168,903,7
1518,169536,8,1170,905,7
1519,169626,9,1172,905,10
1520,169711,10,1177,901,19
1521,169812,9,1180,881,45
1522,169917,10,1186,864,68
1523,170018,12,1192,859,81
1524,170161,41,1112,833,31
1525,170264,10,1122,830,45
1526,170367,10,1125,833,45
1527,170471,11,1127,815,65
1528,170708,14,1135,799,99
1529,170798,9,1143,804,105
1530,170896,9,1140,789,119
1531,170982,10,1168,803,134
1532,171153,43,1034,789,16
1533,171248,8,1039,790,20
1534,171336,9,1044,793,22
1535,171425,9,1048,781,41
1536,171504,9,1064,788,55
1537,171601,8,1073,790,64
1538,171697,8,1078,781,81
1539,171797,10,1080,748,120
1540,171890,11,1090,757,120
1541,171991,9,1097,761,129
1542,172261,153,971,746,13
1543,172359,9,972,735,26
1544,172445,7,975,729,35
1545,172534,9,979,721,50
1546,172611,8,981,723,50
1547,172707,9,983,703,76
1548,172801,8,992,703,91
1549,172887,9,1001,701,103
1550,172986,10,1007,701,110
1551,173124,34,896,698,2
1552,173216,10,909,693,19
1553,173320,10,911,695,19
1554,173411,8,916,700,19
1555,173507,8,917,701,19
1556,173594,8,922,697,31
1557,173699,8,924,697,34
1558,173786,9,937,706,38
1559,173871,8,950,703,55
1560,174161,12,889,700,0
1561,174266,7,894,695,9
1562,174343,8,911,707,11
1563,174434,7,920,705,19
1564,174502,8,943,722,20
1565,174585,9,954,726,27
1566,174678,9,962,722,41
1567,174762,7,963,717,48
1568,174850,8,967,721,48
1569,174941,9,974,729,47
1570,175039,6,976,725,53
1571,175133,13,923,723,1
1572,175222,9,933,725,7
1573,175311,8,943,734,8
1574,175405,10,946,720,25
1575,175506,9,950,722,25
1576,175595,8,952,715,38
1577,175870,9,955,693,65
1578,175959,7,956,682,77
1579,176073,15,884,687,0
1580,176154,7,887,690,0
1581,176258,8,899,695,6
1582,176341,7,906,702,6
1583,176443,13,907,703,6
1584,176556,13,912,700,20
1585,176652,8,915,698,23
1586,176739,8,916,690,27
1587,176819,10,918,691,27
1588,176906,11,920,681,40
1589,176991,9,930,688,43
1590,177088,11,884,679,8
1591,177177,8,895,690,8
1592,177274,10,895,681,21
1593,177374,9,900,681,25
1594,177461,8,902,682,26
1595,177747,8,904,671,43
1596,177849,7,911,678,43
1597,177942,9,915,682,43
1598,178016,8,919,674,59
1599,178140,35,856,671,1
1600,178224,9,859,666,10
1601,178294,7,868,675,10
1602,178388,8,871,673,14
1603,178476,10,892,693,15
1604,178556,8,893,685,25
1605,178653,8,895,682,30
1606,178745,8,904,687,34
1607,178832,9,907,689,35
1608,178935,8,909,683,36
1609,179040,6,916,686,37
1610,179131,14,886,684,4
1611,179218,10,894,689,7
1612,179533,10,904,673,27
1613,179612,8,907,671,33
1614,179703,7,909,668,40
1615,179788,8,911,668,40
1616,179859,8,926,673,50
1617,179945,7,940,684,49
1618,180028,8,946,686,53
1619,180176,21,897,686,5
1620,180255,8,897,683,8
1621,180345,9,898,674,18
1622,180429,9,903,678,19
1623,180529,8,907,675,28
1624,180613,8,920,677,34
1625,180713,7,920,672,42
1626,180818,9,929,673,46
1627,180905,8,939,678,47
1628,181194,10,882,668,0
1629,181287,7,882,664,4
1630,181370,10,889,671,4
1631,181450,7,891,670,6
1632,181550,9,897,673,11
1633,181635,9,897,672,12
1634,181726,8,902,667,24
1635,181807,8,908,662,31
1636,181902,8,922,670,36
1637,181986,8,922,668,37
1638,182098,44,903,686,6
1639,182179,8,905,686,7
1640,182256,10,919,698,9
1641,182337,8,931,702,21
1642,182426,8,934,701,25
1643,182708,8,935,693,31
1644,182798,9,946,701,34
1645,182873,7,952,702,40
1646,182951,8,955,705,40
1647,183028,8,971,714,50
1648,183137,32,934,715,16
1649,183229,8,936,709,27
1650,183318,10,942,711,29
1651,183391,9,959,718,39
1652,183464,8,962,720,39
1653,183529,9,973,730,39
1654,183619,10,979,733,41
1655,183723,15,984,729,51
1656,183829,15,994,728,59
1657,183937,9,1001,729,69
1658,184280,26,925,726,0
1659,184360,8,930,731,0
1660,184457,9,941,742,0
1661,184548,8,947,748,0
1662,184642,8,949,750,0
1663,184728,10,953,754,0
1664,184815,8,969,769,0
1665,184908,8,969,769,0
1666,185035,7,972,771,0
1667,185126,8,978,777,0
1668,185216,10,983,782,0
1669,185324,9,983,782,0
1670,185410,8,984,783,0
1671,185508,9,989,788,0
1672,185629,8,992,791,0
1673,185859,9,999,798,0
1674,185937,11,1004,800,0
1675,186036,8,1008,804,0
1676,186113,8,1020,815,0
1677,186204,10,1021,816,0
1678,186298,8,1036,831,0
1679,186393,9,1040,835,0
1680,186466,9,1043,838,0
1681,186566,11,1048,842,0
1682,186647,9,1051,844,0
1683,186799,9,1052,839,7
1684,186866,10,1053,836,12
1685,186952,9,1055,827,19
1686,187034,7,1056,828,19
1687,187124,16,1040,827,3
1688,187374,166,1044,814,18
1689,187458,12,1047,813,22
1690,187553,8,1056,820,23
1691,187641,9,1070,830,24
1692,187726,9,1075,827,30
1693,187816,9,1080,817,46
1694,187900,10,1083,809,55
1695,187991,10,1088,812,55
1696,188102,25,1037,813,2
1697,188211,10,1041,811,8
1698,188301,9,1051,818,10
1699,188398,9,1061,826,12
1700,188490,13,1070,829,18
1701,188592,11,1078,831,23
1702,188697,23,1088,835,27
1703,188989,10,1089,827,39
1704,189083,31,1050,825,0
1705,189189,9,1068,839,1
1706,189284,9,1077,849,0
1707,189370,9,1094,866,0
1708,189465,10,1100,861,11
1709,189563,10,1098,859,11
1710,189658,10,1098,856,14
1711,189746,9,1102,860,14
1712,189831,9,1107,862,17
1713,189914,9,1112,859,22
1714,190048,7,1119,870,18
1715,190189,13,1099,867,1
1716,190283,10,1100,858,11
1717,190366,9,1107,864,12
1718,190785,10,1114,859,20
1719,190870,11,1114,854,22
1720,190939,10,1123,861,24
1721,191042,8,1125,862,26
1722,191141,10,1106,865,4
1723,191233,10,1111,870,4
1724,191327,9,1112,868,8
1725,191414,10,1115,865,14
1726,191507,10,1113,861,15
1727,191583,12,1120,868,15
1728,191680,11,1126,872,16
1729,191777,12,1128,868,21
1730,191868,10,1134,870,24
1731,191967,11,1138,872,26
1732,192104,56,1112,872,0
1733,192393,10,1116,857,20
1734,192478,9,1116,852,27
1735,192563,9,1121,851,30
1736,192660,9,1125,855,29
1737,192749,10,1125,843,33
1738,192825,10,1134,852,33
1739,192926,11,1144,859,32
1740,193035,14,1145,856,36
1741,193154,18,1114,859,2
1742,193246,11,1114,855,5
1743,193337,9,1114,848,10
1744,193404,10,1128,855,16
1745,193506,12,1131,857,18
1746,193595,9,1133,859,18
1747,193887,201,1134,854,24
1748,193966,9,1150,852,37
1749,194038,13,1150,851,37
1750,194122,14,1119,857,0
1751,194224,9,1119,839,16
1752,194311,11,1127,844,18
1753,194391,9,1129,841,18
1754,194483,9,1136,839,26
1755,194560,10,1140,842,26
1756,194638,11,1142,841,28
1757,194733,12,1141,838,29
1758,194823,10,1149,844,30
1759,194914,9,1159,853,32
1760,194998,10,1161,854,32
1761,195143,32,1132,843,11
1762,195402,11,1149,851,17
1763,195488,12,1153,853,17
1764,195569,9,1156,854,22
1765,195661,9,1164,860,23
1766,195753,13,1164,857,25
1767,195840,10,1170,861,27
1768,195941,12,1172,859,29
1769,196097,42,1141,856,3
1770,196182,9,1159,867,8
1771,196280,11,1160,867,9
1772,196372,10,1163,870,9
1773,196491,15,1163,868,11
1774,196613,15,1164,861,20
1775,196733,11,1183,875,23
1776,197156,311,1184,870,30
1777,197289,44,1151,863,5
1778,197368,10,1158,867,9
1779,197445,9,1160,861,11
1780,197519,10,1178,878,11
1781,197616,9,1182,879,11
1782,197703,10,1183,880,11
1783,197792,10,1190,884,13
1784,197875,10,1191,878,18
1785,197975,11,1193,878,20
1786,198081,35,1177,882,0
1787,198160,15,1184,886,6
1788,198237,10,1188,889,7
1789,198319,10,1189,890,7
1790,200911,52,945,670,10
1791,201022,15,942,647,34
1792,201149,29,915,652,1
1793,201267,9,923,658,5
1794,201366,8,927,654,15
1795,201462,8,938,660,22
1796,201564,17,942,652,43
1797,201648,8,955,655,59
1798,201736,9,959,645,72
1799,201831,8,963,640,85
1800,201921,9,977,644,95
1801,202014,8,984,639,106
1802,202176,17,875,626,15
1803,202272,7,881,629,15
1804,202369,9,888,633,18
1805,202457,8,891,627,27
1806,202538,8,900,625,41
1807,202639,8,903,621,48
1808,202744,10,904,613,58
1809,202837,7,907,595,80
1810,202929,8,910,585,97
1811,203023,8,912,585,97
1812,203154,27,829,587,15
1813,203246,7,830,584,20
1814,203344,7,832,586,20
1815,203434,7,840,581,35
1816,203533,7,847,580,43
1817,203611,7,855,579,53
1818,203748,8,871,582,66
1819,203844,7,883,583,70
1820,203921,7,887,586,73
1821,203997,7,889,585,85
1822,204119,11,807,587,0
1823,204202,7,813,591,0
1824,204323,7,816,582,12
1825,204409,7,824,579,20
1826,204496,8,836,582,26
1827,204571,11,844,581,36
1828,204652,8,844,570,44
1829,204733,8,847,568,52
1830,204819,8,857,566,69
1831,204908,8,857,566,69
1832,204987,8,859,562,72
1833,205192,12,790,555,10
1834,205289,8,798,556,17
1835,205376,7,801,557,19
1836,205455,8,814,565,20
1837,205557,7,819,554,44
1838,205650,8,826,545,60
1839,205751,8,832,550,60
1840,205838,9,837,555,60
1841,205931,8,850,555,71
1842,206026,8,852,553,74
1843,206144,16,784,544,17
1844,206238,8,798,543,36
1845,206339,8,799,532,54
1846,206440,7,797,531,54
1847,206529,8,800,534,54
1848,206624,7,797,539,46
1849,206765,7,806,545,46
1850,206847,7,814,550,48
1851,206933,8,831,562,50
1852,207009,7,836,564,53
1853,207151,40,782,556,7
1854,207240,9,787,553,13
1855,207326,7,786,547,24
1856,207437,9,792,547,29
1857,207526,7,806,555,39
1858,207620,7,815,564,39
1859,207711,7,821,568,40
1860,207810,12,822,566,45
1861,207897,7,832,573,49
1862,207990,9,834,569,57
1863,208211,130,777,567,3
1864,208285,7,787,576,4
1865,208366,7,794,580,8
1866,208454,7,808,575,28
1867,208551,7,813,579,28
1868,208639,7,816,576,35
1869,208736,6,822,573,43
1870,208806,7,840,571,61
1871,208900,7,855,578,70
1872,208994,11,861,573,83
1873,209148,42,780,571,2
1874,209232,7,789,571,12
1875,209317,7,792,571,14
1876,209419,8,793,572,14
1877,209491,8,808,587,14
1878,209591,8,818,593,14
1879,209786,7,844,612,21
1880,209877,7,851,606,34
1881,209950,8,858,607,34
1882,210107,40,824,605,3
1883,210220,6,825,602,5
1884,210310,10,829,596,17
1885,210403,8,831,595,20
1886,210472,8,837,600,21
1887,210553,8,850,606,25
1888,210656,8,852,605,27
1889,210728,8,873,625,28
1890,210810,9,877,626,28
1891,210893,8,878,623,32
1892,210970,8,882,624,35
1893,211077,31,847,624,0
1894,211274,9,854,616,18
1895,211369,7,855,612,26
1896,211457,8,871,626,28
1897,211542,7,871,624,29
1898,211619,8,873,626,29
1899,211700,7,874,626,30
1900,211797,7,889,632,41
1901,211884,8,896,638,42
1902,211960,9,902,643,43
1903,212043,5,903,645,42
1904,212137,9,867,650,1
1905,212223,8,870,649,6
1906,212316,8,875,644,16
1907,212403,8,879,646,17
1908,212490,10,886,651,19
1909,212703,8,888,650,21
1910,212769,9,893,653,23
1911,212855,10,893,643,37
1912,212956,7,897,643,41
1913,213043,6,898,638,47
1914,213127,9,852,630,13
1915,213212,8,856,632,16
1916,213294,8,859,635,16
1917,213391,11,865,638,21
1918,213485,8,872,637,30
1919,213566,8,875,639,30
1920,213642,7,883,640,40
1921,213735,8,896,651,41
1922,213852,13,896,650,42
1923,213939,9,906,655,44
1924,214031,6,908,657,44
1925,214260,11,869,661,0
1926,214339,6,880,667,1
1927,214417,8,880,663,6
1928,214489,7,889,667,10
1929,214582,8,894,670,10
1930,214665,8,898,673,10
1931,214758,8,899,665,12
1932,214841,8,904,669,16
1933,214939,9,908,660,34
1934,215024,9,918,667,35
1935,215164,39,887,658,6
1936,215235,8,888,657,8
1937,215327,8,899,660,16
1938,215412,8,913,672,17
1939,215495,10,915,663,20
1940,215570,9,915,660,20
1941,215789,127,917,662,20
1942,215865,7,917,662,20
1943,215959,8,919,659,28
1944,216035,8,919,659,28
1945,216151,17,897,664,1
1946,216255,9,910,673,8
1947,216345,8,913,674,9
1948,216429,8,915,672,13
1949,216511,8,917,670,14
1950,216591,8,918,670,14
1951,216664,8,927,678,16
1952,216749,8,933,677,19
1953,216827,11,936,671,28
1954,216912,9,936,671,28
1955,217000,8,938,669,33
1956,217108,14,907,667,2
1957,217189,8,908,664,6
1958,217425,168,912,666,7
1959,217512,8,920,672,12
1960,217607,10,920,669,15
1961,217697,14,920,669,17
1962,217787,8,922,671,17
1963,217868,9,924,671,18
1964,217968,9,933,679,19
1965,218086,30,921,680,4
1966,218177,8,921,679,5
1967,218262,8,939,691,6
1968,218363,8,942,694,6
1969,218449,9,945,695,19
1970,218531,9,955,702,19
1971,218639,9,960,704,23
1972,218723,9,960,703,24
1973,218820,9,966,709,24
1974,218905,9,966,709,24
1975,219188,6,982,724,26
1976,219274,8,961,722,5
1977,219362,10,973,730,7
1978,219449,9,975,725,14
1979,219552,8,977,726,16
1980,219638,9,981,726,19
1981,219730,9,983,724,23
1982,219812,11,994,728,27
1983,219885,9,1009,743,27
1984,219977,10,1016,740,34
1985,220105,38,982,739,2
1986,220191,9,988,743,4
1987,220256,11,988,737,12
1988,220338,8,996,738,21
1989,220435,8,1008,748,22
1990,220530,9,1012,752,22
1991,220720,11,1013,753,22
1992,220995,185,1016,755,22
1993,221130,22,997,753,5
1994,221218,9,1003,753,5
1995,221313,8,1003,750,5
1996,221404,10,1006,745,15
1997,221510,9,1009,742,21
1998,221594,9,1011,742,22
1999,221676,11,1022,751,25
2000,221750,9,1028,756,25
2001,221839,10,1032,757,30
2002,221921,10,1047,772,30
2003,222011,10,1056,773,32
2004,222150,40,1037,782,3
2005,222262,17,1044,789,3
2006,222365,9,1044,784,9
2007,222443,10,1044,783,10
2008,222530,10,1050,788,12
2009,222800,214,1057,789,18
2010,222886,9,1060,789,21
2011,222974,12,1062,789,23
2012,223117,36,1047,797,1
2013,223211,10,1052,802,1
2014,223296,10,1074,819,5
2015,223369,10,1076,820,6
2016,223465,10,1079,823,6
2017,223521,8,1083,827,6
2018,223602,11,1084,828,6
2019,223685,10,1086,825,7
2020,223766,10,1088,827,7
2021,223833,8,1089,828,7
2022,223913,11,1099,830,9
2023,223998,10,1103,830,13
2024,224314,26,1110,848,2
2025,224404,9,1121,858,3
2026,224483,10,1126,863,3
2027,224583,8,1126,858,8
2028,224667,9,1130,859,11
2029,224742,10,1145,873,12
2030,224831,9,1146,868,18
2031,224928,11,1146,862,25
2032,225010,10,1145,862,24
2033,225129,35,1124,861,5
2034,225214,12,1130,861,7
2035,225311,12,1132,863,7
2036,225403,11,1144,874,7
2037,225489,11,1147,873,9
2038,225582,9,1149,873,13
2039,225855,11,1158,872,25
2040,225949,10,1159,873,25
2041,226034,9,1159,871,28
2042,226134,16,1131,869,0
2043,226226,12,1136,864,8
2044,226298,13,1142,866,16
2045,226384,10,1145,868,19
2046,226484,10,1146,860,28
2047,226586,10,1147,861,28
2048,226682,10,1150,859,33
2049,226774,9,1156,858,38
2050,226859,13,1157,858,39
2051,226959,16,1160,861,39
2052,227230,201,1174,875,39
2053,227334,13,1153,888,9
2054,227431,12,1161,890,14
2055,227522,9,1170,899,14
2056,227603,13,1175,899,14
2057,227692,10,1179,896,21
2058,227780,10,1183,897,23
2059,227846,10,1185,895,27
2060,227930,11,1196,902,30
2061,228017,10,1198,900,33
2062,228154,37,1174,908,1
2063,228229,12,1174,907,3
2064,228330,10,1176,908,4
2065,228466,12,1183,912,4
2066,228731,10,1183,912,4
2067,228825,9,1184,913,4
2068,228898,9,1186,914,4
2069,228976,10,1191,919,4
2070,229087,15,1189,921,0
2071,229168,10,1192,924,0
2072,229248,10,1193,925,0
2073,229334,9,1198,930,0
2074,229422,11,1200,932,0
2075,229533,13,1201,933,0
2076,229628,12,1207,939,0
2077,229733,16,1211,943,0
2078,229833,11,1211,943,0
2079,229928,11,1214,946,0
2080,230209,191,1219,951,0
2081,230292,10,1232,964,0
2082,230381,10,1238,970,0
2083,230479,14,1249,981,0
2084,230589,10,1254,986,0
2085,230699,10,1255,987,0
2086,230807,10,1263,995,0
2087,230897,11,1275,1000,7
2088,230972,11,1283,991,26
2089,231110,27,1261,992,6
2090,231205,13,1264,984,26
2091,231312,10,1274,971,47
2092,231419,11,1279,963,58
2093,231512,10,1287,931,109
2094,231783,10,1292,891,152
2095,231901,9,1295,871,177
2096,231997,10,1302,868,185
2097,232163,61,1109,855,6
2098,232241,9,1125,867,11
2099,232332,9,1126,856,24
2100,232416,9,1147,868,35
2101,232511,10,1148,853,48
2102,232605,15,1151,850,48
2103,232686,11,1153,843,59
2104,232769,10,1165,839,76
2105,232853,10,1165,832,91
2106,232941,10,1174,824,104
2107,233187,167,1180,810,122
2108,233331,14,1062,784,40
2109,233427,11,1062,767,58
2110,233506,10,1064,758,66
2111,233584,9,1067,757,73
2112,233686,9,1070,763,69
2113,233785,9,1073,751,93
2114,233883,10,1084,750,112
2115,233978,11,1085,750,113
2116,234123,28,980,747,9
2117,234214,12,983,736,27
2118,234320,8,986,732,35
2119,234407,8,988,726,39
2120,234510,10,1001,730,48
2121,234605,9,1012,725,58
2122,234849,8,1014,706,83
2123,234939,9,1026,712,90
2124,235017,10,1053,729,97
2125,235169,52,962,734,3
2126,235251,9,964,729,13
2127,235343,8,968,727,17
2128,235434,9,968,726,19
2129,235555,9,972,717,33
2130,235628,9,980,715,42
2131,235717,11,985,710,58
2132,235817,10,993,711,64
2133,235910,12,996,696,85
2134,235992,10,998,693,92
2135,236138,51,904,690,1
2136,236236,7,917,693,11
2137,236478,163,924,685,26
2138,236576,11,929,671,45
2139,236654,7,933,661,59
2140,236721,8,933,661,59
2141,236807,10,943,667,67
2142,236885,8,948,672,67
2143,236970,8,951,665,82
2144,237120,45,857,653,0
2145,237209,8,862,655,2
2146,237291,8,869,651,18
2147,237375,9,881,662,18
2148,237460,8,885,665,19
2149,237552,8,887,659,26
2150,237637,9,892,657,33
2151,237746,10,893,650,40
2152,237849,7,894,634,57
2153,237955,10,907,634,68
2154,238201,25,830,627,0
2155,238290,8,850,633,9
2156,238369,8,853,633,11
2157,238448,7,854,631,13
2158,238529,9,866,642,14
2159,238618,7,867,639,21
2160,238711,8,880,647,26
2161,238810,8,893,640,46
2162,238905,12,894,640,47
2163,238990,12,910,653,50
2164,239152,52,857,647,3
2165,239242,8,874,660,6
2166,239335,8,879,659,9
2167,239438,8,877,658,8
2168,239530,11,887,663,10
2169,239621,8,897,670,15
2170,239703,9,911,683,17
2171,239804,8,916,679,28
2172,240150,45,853,653,0
2173,240247,8,857,653,0
2174,240331,8,859,654,0
2175,240434,7,864,655,7
2176,240512,10,864,655,7
2177,240600,7,869,658,8
2178,240695,9,874,659,10
2179,240783,7,891,663,17
2180,240866,8,898,668,21
2181,240949,8,897,665,20
2182,241036,5,906,676,19
2183,241118,9,895,683,0
2184,241193,8,925,711,0
2185,241288,8,927,704,11
2186,241372,9,928,703,14
2187,241452,8,943,712,19
2188,241536,8,948,707,32
2189,241788,177,976,710,57
2190,241869,9,986,711,64
2191,241954,8,998,721,65
2192,242124,49,937,720,4
2193,242209,7,938,719,6
2194,242294,9,949,728,8
2195,242385,8,949,726,10
2196,242476,8,951,720,24
2197,242549,7,953,722,24
2198,242628,8,962,731,24
2199,242710,10,968,733,24
2200,242783,8,981,746,24
2201,242867,10,988,751,25
2202,242953,8,997,760,25
2203,243070,30,978,764,0
2204,243158,9,980,764,1
2205,243245,8,980,764,1
2206,243331,11,993,773,6
2207,243429,9,998,771,14
2208,243718,12,1007,769,19
2209,243816,8,1008,760,27
2210,243912,12,1027,772,33
2211,244000,9,1032,774,37
2212,244090,21,994,770,5
2213,244162,8,996,772,5
2214,244252,8,996,771,5
2215,244334,9,1012,777,14
2216,244424,9,1016,778,18
2217,244509,10,1022,778,19
2218,244589,10,1025,780,20
2219,244684,9,1032,785,20
2220,244772,10,1039,791,20
2221,244862,10,1039,788,23
2222,244955,9,1044,791,25
2223,245048,8,1051,788,37
2224,245118,10,1020,781,16
2225,245207,9,1033,794,16
2226,247977,9,921,704,3
2227,248054,8,921,704,1
2228,248151,10,926,710,0
2229,248232,8,936,708,9
2230,248312,8,948,711,20
2231,248404,8,949,709,26
2232,248479,9,959,713,30
2233,248555,9,961,713,32
2234,248634,8,965,715,34
2235,248713,8,967,716,35
2236,248810,9,990,734,36
2237,248908,9,996,739,36
2238,249007,9,1001,741,43
2239,249191,55,963,745,0
2240,249296,9,972,749,8
2241,249414,8,984,754,13
2242,249495,9,984,749,15
2243,249598,9,987,746,19
2244,249684,10,992,746,25
2245,249779,11,996,747,26
2246,249871,9,1000,751,26
2247,249948,9,1006,751,33
2248,250034,9,1007,748,38
2249,250170,40,973,746,11
2250,250260,9,974,740,23
2251,250350,11,984,744,30
2252,250451,9,991,750,31
2253,250529,10,997,754,31
2254,250608,9,1013,758,40
2255,250720,8,1013,756,40
2256,250803,8,1017,760,40
2257,250945,55,1018,761,40
2258,251036,7,1022,759,46
2259,251133,17,987,766,2
2260,251220,8,1003,774,5
2261,251321,8,1004,773,7
2262,251381,8,1004,771,9
2263,251475,10,1006,769,15
2264,251542,10,1010,770,18
2265,251646,8,1017,770,31
2266,251740,10,1024,773,36
2267,251825,10,1025,770,47
2268,251927,10,1019,769,42
2269,252011,9,1020,769,45
2270,252113,27,985,779,0
2271,252194,11,988,782,0
2272,252345,8,999,781,14
2273,252421,8,1002,783,14
2274,252526,8,1005,781,16
2275,252614,9,1005,778,20
2276,252700,8,1009,782,16
2277,252794,9,1014,787,16
2278,252891,9,1019,786,22
2279,252970,9,1022,787,24
2280,253093,38,1003,781,11
2281,253177,8,1010,787,11
2282,253257,10,1010,787,11
2283,253339,10,1021,798,11
2284,253446,11,1036,810,11
2285,253531,12,1044,815,12
2286,253642,10,1045,816,12
2287,253829,9,1055,823,16
2288,253903,9,1065,833,16
2289,253991,11,1066,830,18
2290,254112,31,1049,831,0
2291,254199,10,1051,833,0
2292,254290,11,1052,834,0
2293,254378,9,1059,839,4
2294,254484,9,1069,846,4
2295,254576,10,1075,845,8
2296,254665,9,1086,853,10
2297,254758,10,1093,859,11
2298,254829,10,1101,859,15
2299,254916,9,1111,867,17
2300,255004,8,1115,871,17
2301,255195,22,1095,852,17
2302,255294,9,1095,848,20
2303,255393,10,1095,848,20
2304,255492,17,1099,849,21
2305,255554,8,1100,844,28
2306,255664,10,1102,838,33
2307,255744,10,1106,842,33
2308,255854,9,1120,844,38
2309,255950,11,1135,857,40
2310,256028,10,1143,862,44
2311,256195,36,1100,852,7
2312,256284,11,1100,848,11
2313,256361,9,1102,849,12
2314,256454,9,1106,850,15
2315,256650,10,1108,848,20
2316,256713,10,1111,845,28
2317,256815,11,1112,839,30
2318,256890,10,1127,854,30
2319,256967,9,1137,862,30
2320,257111,42,1108,863,0
2321,257208,9,1113,868,0
2322,257307,9,1119,870,3
2323,257392,11,1137,885,6
2324,257518,13,1140,883,10
2325,257640,10,1141,883,11
2326,257735,11,1142,884,12
2327,257832,11,1145,883,16
2328,257963,13,1146,879,20
2329,258320,16,1146,879,22
2330,258431,11,1120,866,7
2331,258538,10,1122,868,7
2332,258746,12,1126,865,13
2333,258856,24,1128,864,13
2334,258960,12,1129,862,16
2335,259045,8,1142,874,14
2336,259147,13,1126,875,0
2337,259229,10,1133,881,2
2338,259319,11,1143,888,5
2339,259417,10,1145,889,5
2340,259506,11,1146,887,8
2341,259600,10,1150,889,8
2342,259695,11,1154,887,16
2343,259787,12,1158,876,30
2344,260019,10,1162,818,88
2345,260176,18,1070,816,0
2346,260283,9,1071,806,20
2347,260387,10,1072,785,49
2348,260483,10,1072,779,58
2349,260569,9,1074,758,85
2350,260665,10,1079,748,102
2351,260765,9,1080,737,114
2352,260872,8,1087,726,128
2353,260976,9,1090,718,138
2354,261129,13,947,713,3
2355,261259,11,960,699,34
2356,261348,11,971,703,41
2357,261446,9,977,677,75
2358,261656,8,986,671,90
2359,261764,10,987,669,93
2360,261862,12,1002,684,93
2361,261967,11,1006,680,100
2362,262121,45,907,682,0
2363,262215,11,911,680,14
2364,262378,13,920,666,42
2365,262509,11,923,653,51
2366,262614,9,934,657,59
2367,262715,10,934,645,72
2368,262807,10,937,639,82
2369,262906,9,938,612,113
2370,263009,11,941,615,113
2371,263177,47,846,631,0
2372,263396,135,859,642,1
2373,263480,8,860,618,30
2374,263597,7,865,609,40
2375,263688,8,871,603,52
2376,263770,8,871,590,68
2377,263845,8,871,587,71
2378,263927,9,876,589,73
2379,264025,9,882,586,79
2380,264170,49,807,586,4
2381,264251,8,812,576,22
2382,264342,8,820,580,24
2383,264440,8,824,579,30
2384,264534,11,825,577,40
2385,264635,9,834,573,56
2386,264743,8,845,584,55
2387,264823,9,857,596,55
2388,264918,8,861,592,65
2389,265011,8,872,597,74
2390,265273,36,814,611,2
2391,265370,8,818,614,3
2392,265460,7,825,613,11
2393,265547,9,831,609,20
2394,265626,7,839,608,29
2395,265714,7,851,611,38
2396,265792,7,852,605,44
2397,265911,7,853,602,46
2398,266007,9,862,608,49
2399,266136,44,816,609,1
2400,266231,10,826,612,12
2401,266314,9,831,608,22
2402,266411,8,831,608,22
2403,266494,9,843,619,22
2404,266569,8,848,613,32
2405,266678,9,849,609,38
2406,266781,9,853,603,51
2407,267026,8,859,603,57
2408,267146,21,803,602,2
2409,267249,8,804,589,20
2410,267326,8,804,586,23
2411,267411,7,806,576,36
2412,267498,7,808,566,48
2413,267594,12,810,565,51
2414,267684,12,816,564,58
2415,267776,8,819,567,58
2416,267853,7,819,567,58
2417,267938,7,829,573,59
2418,268009,8,839,570,71
2419,268169,60,772,573,0
2420,268260,8,779,577,4
2421,268362,13,787,579,11
2422,268466,9,788,579,12
2423,268553,7,791,572,22
2424,268657,8,793,569,28
2425,268920,8,805,551,60
2426,268994,8,826,566,75
2427,269112,16,759,571,3
2428,269201,7,760,569,7
2429,269284,7,771,577,7
2430,269386,8,775,570,18
2431,269490,8,798,585,26
2432,269559,8,798,579,29
2433,269647,8,799,578,31
2434,269728,8,800,576,34
2435,269805,7,803,573,41
2436,269899,7,805,574,41
2437,269993,9,807,575,41
2438,270129,38,769,571,6
2439,270217,8,784,585,8
2440,270297,9,796,593,8
2441,270389,7,797,585,22
2442,270477,8,813,589,28
2443,270579,8,825,593,38
2444,270856,6,837,591,55
2445,270943,8,854,603,60
2446,271077,31,787,595,2
2447,271174,7,799,602,4
2448,271257,8,812,606,13
2449,271353,7,820,601,23
2450,271441,8,826,606,23
2451,271524,7,829,604,27
2452,271613,7,832,586,57
2453,271694,8,845,599,57
2454,271782,11,846,600,57
2455,271893,10,848,598,60
2456,271982,8,852,599,63
2457,272108,42,789,596,6
2458,272190,6,795,599,8
2459,272498,205,802,589,23
2460,272582,9,814,586,37
2461,272665,9,823,591,44
2462,272741,7,828,589,55
2463,272825,8,830,584,64
2464,272916,8,833,579,72
2465,272999,9,838,583,73
2466,273157,46,761,568,9
2467,273243,7,761,559,19
2468,273332,9,767,563,21
2469,273402,6,769,564,22
2470,273508,7,774,569,22
2471,273583,8,784,579,22
2472,273667,8,791,586,22
2473,273755,8,805,600,22
2474,273843,8,806,600,23
2475,273918,9,810,597,32
2476,274205,210,818,594,33
2477,274305,12,802,601,11
2478,274396,9,810,607,11
2479,274479,8,819,612,12
2480,274552,10,829,616,18
2481,274637,9,833,613,23
2482,274727,8,842,620,26
2483,274802,8,868,644,26
2484,274891,8,871,646,26
2485,274954,9,871,646,26
2486,275077,29,850,645,7
2487,275171,7,860,654,7
2488,275272,8,862,655,7
2489,275361,8,867,660,7
2490,275456,8,874,666,7
2491,275766,8,878,670,7
2492,275841,8,878,670,7
2493,275910,9,879,671,7
2494,275993,8,881,672,7
2495,276110,16,880,678,0
2496,276207,8,880,678,0
2497,276284,8,888,685,0
2498,276377,8,897,694,0
2499,276447,7,901,698,0
2500,276543,9,909,706,0
2501,276627,7,915,712,0
2502,276711,9,920,717,0
2503,276815,9,928,725,0
2504,276916,10,931,726,0
2505,277006,8,936,731,0
2506,277251,184,938,733,0
2507,277335,8,943,736,0
2508,277416,8,946,739,0
2509,277500,10,953,745,0
2510,277592,11,958,750,0
2511,277679,9,969,761,0
2512,277776,9,969,761,0
2513,277862,9,984,776,0
2514,277963,9,987,777,0
2515,278074,12,989,777,2
2516,278165,10,990,776,4
2517,278232,8,998,783,5
2518,278312,11,1005,788,5
2519,278395,8,1007,785,10
2520,278489,9,1006,782,13
2521,278572,9,1006,775,19
2522,278835,11,1013,766,32
2523,278916,10,1013,765,35
2524,279019,9,1016,763,38
2525,279149,52,977,762,0
2526,279242,10,986,761,10
2527,279324,9,989,759,15
2528,279418,8,990,749,26
2529,279504,9,1001,755,31
2530,279587,9,1010,760,33
2531,279682,12,1023,772,35
2532,279773,9,1028,772,42
2533,279863,9,1033,777,41
2534,279962,10,1039,782,41
2535,280037,6,1047,790,41
2536,280287,16,1008,786,7
2537,280385,10,1017,791,12
2538,280460,9,1025,795,17
2539,280546,10,1026,786,18
2540,280628,10,1027,787,18
2541,280706,10,1033,792,19
2542,280795,9,1045,804,19
2543,280884,13,1050,804,23
2544,280975,10,1052,806,23
2545,281117,46,1027,799,3
2546,281200,12,1028,789,13
2547,281279,11,1039,794,21
2548,281358,9,1040,797,19
2549,281427,10,1043,799,20
2550,283997,2491,1056,777,53
2551,284130,11,938,718,0
2552,284222,7,941,720,1
2553,284284,9,951,727,5
2554,284359,9,953,726,8
2555,284445,8,951,722,10
2556,284528,8,964,733,12
2557,284610,9,964,731,13
2558,284701,8,965,731,15
2559,284790,9,966,732,14
2560,284861,9,967,731,16
2561,284964,10,970,727,28
2562,285033,9,972,727,27
2563,285156,19,961,736,6
2564,285263,8,963,738,6
2565,285360,8,965,733,13
2566,285435,8,965,725,21
2567,285506,9,984,743,22
2568,285588,8,990,747,26
2569,285668,9,991,746,28
2570,285762,9,1001,745,39
2571,285854,9,1006,745,43
2572,285930,9,1014,750,46
2573,286014,9,1014,749,47
2574,286126,27,975,756,1
2575,286219,11,987,766,1
2576,286294,9,990,768,2
2577,286398,10,990,765,4
2578,286494,11,991,764,4
2579,286635,7,996,769,4
2580,286710,9,1004,775,4
2581,286782,9,1007,777,4
2582,286850,10,1008,778,4
2583,286919,9,1014,780,7
2584,287004,9,1016,781,8
2585,287126,34,1013,782,1
2586,287234,17,1019,785,1
2587,287324,9,1024,780,11
2588,287408,9,1026,782,11
2589,287492,9,1036,792,11
2590,287583,11,1038,792,12
2591,287680,10,1041,791,18
2592,287770,10,1050,800,18
2593,287844,10,1052,798,23
2594,287995,67,1059,805,23
2595,288084,10,1038,807,0
2596,288162,8,1040,809,0
2597,288266,17,1042,811,0
2598,288356,9,1043,811,1
2599,288438,8,1045,812,1
2600,288529,10,1047,808,7
2601,288614,10,1049,809,8
2602,288700,11,1058,818,8
2603,288795,10,1074,831,10
2604,288882,12,1076,833,10
2605,288966,12,1077,833,12
2606,289074,24,1068,835,1
2607,289175,10,1071,834,3
2608,289259,9,1080,842,3
2609,289428,9,1087,837,14
2610,289512,9,1099,849,14
2611,289601,11,1100,849,17
2612,289687,9,1100,842,21
2613,289775,9,1105,830,45
2614,289869,8,1110,824,56
2615,289966,11,1121,834,56
2616,290101,24,1063,827,6
2617,290212,9,1070,831,9
2618,290297,9,1076,827,19
2619,290396,10,1081,812,42
2620,290495,9,1082,795,60
2621,290587,10,1092,795,73
2622,290683,9,1094,784,95
2623,290857,87,1101,754,143
2624,290943,10,1113,746,166
2625,291043,9,1125,739,187
2626,291198,21,940,719,24
2627,291284,8,944,715,35
2628,291381,15,953,692,65
2629,291491,8,954,687,70
2630,291587,8,966,699,70
2631,291687,11,974,705,70
2632,291766,9,977,707,71
2633,291848,9,986,698,88
2634,291943,10,988,691,97
2635,292028,10,993,682,111
2636,292146,13,891,689,3
2637,292321,85,893,688,5
2638,292415,7,895,682,15
2639,292520,8,899,680,27
2640,292615,9,908,680,33
2641,292722,9,910,679,34
2642,292824,8,912,680,35
2643,292913,9,925,690,35
2644,293006,8,931,686,50
2645,293144,44,883,681,9
2646,293242,8,896,679,20
2647,293327,8,898,672,28
2648,293413,10,909,683,28
2649,293525,8,911,680,32
2650,293638,10,916,683,41
2651,293716,8,925,691,43
2652,293908,8,928,680,52
2653,293993,8,930,680,54
2654,294103,32,883,687,0
2655,294185,10,894,690,7
2656,294290,7,895,687,14
2657,294390,9,898,686,18
2658,294492,11,908,694,18
2659,294581,9,909,687,27
2660,294667,8,921,692,33
2661,294774,10,924,669,62
2662,294845,9,924,660,71
2663,294933,9,936,665,79
2664,295022,9,947,669,86
2665,295168,48,863,671,0
2666,295264,8,867,675,0
2667,295455,111,874,649,36
2668,295565,15,879,647,38
2669,295644,7,880,645,41
2670,295728,8,883,646,41
2671,295823,7,896,657,44
2672,295908,9,894,651,48
2673,295995,8,902,656,51
2674,296142,46,849,644,15
2675,296235,8,857,647,20
2676,296331,8,880,660,31
2677,296425,8,889,655,41
2678,296501,8,892,651,49
2679,296597,16,903,660,50
2680,296671,9,909,657,59
2681,296750,8,919,650,71
2682,296831,8,927,638,89
2683,296925,9,931,642,89
2684,297194,53,844,636,10
2685,297279,8,847,636,12
2686,297366,8,852,639,16
2687,297434,8,856,642,17
2688,297515,9,859,637,25
2689,297601,8,867,638,33
2690,297695,8,895,659,43
2691,297781,9,906,664,49
2692,297864,9,908,660,52
2693,297958,8,915,656,57
2694,298115,56,848,647,0
2695,298220,10,850,647,2
2696,298315,8,854,649,3
2697,298404,8,856,648,7
2698,298486,8,862,653,7
2699,298559,8,871,649,21
2700,298808,8,879,634,42
2701,298900,8,882,637,42
2702,298989,7,886,640,42
2703,299101,39,855,649,10
2704,299190,7,856,647,15
2705,299277,7,857,643,21
2706,299369,10,859,641,23
2707,299470,7,862,638,26
2708,299566,10,867,640,30
2709,299658,8,875,645,32
2710,299756,9,885,655,32
2711,299828,8,888,657,35
2712,299918,10,894,661,38
2713,299999,9,894,651,50
2714,300124,23,848,652,3
