tick,timestamp,query_runtime,trav_index_nodes,trav_vol_nodes,trav_unprod_nodes
0,515,3,6,6,0
1,780,2,11,11,0
2,956,1,14,14,0
3,1127,1,23,23,0
4,3580,1,26,26,0
5,3775,2,37,37,0
6,3944,3,41,41,0
7,4104,3,54,54,0
8,4289,5,54,54,0
9,4395,2,67,67,0
10,4553,2,73,73,0
11,4685,2,75,75,0
12,4798,2,83,83,0
13,4920,1,84,84,0
14,5054,2,94,94,0
15,5188,1,101,101,0
16,5323,2,116,116,0
17,5446,2,122,122,0
18,5614,2,123,123,0
19,6161,2,132,132,0
20,6269,2,133,133,0
21,6392,2,140,140,0
22,6485,2,142,142,0
23,6604,1,143,143,0
24,6720,2,148,148,0
25,6869,1,160,160,0
26,6972,2,175,175,0
27,7089,2,184,184,0
28,7216,2,193,193,0
29,7334,2,205,205,0
30,7433,2,208,208,0
31,7529,4,209,209,0
32,7655,2,226,226,0
33,7723,2,227,227,0
34,7813,2,232,232,0
35,7912,3,233,233,0
36,8019,2,241,241,0
37,8095,2,252,252,0
38,8212,2,253,253,0
39,8378,2,253,253,0
40,8469,3,261,261,0
41,8537,3,268,268,0
42,8602,4,271,271,0
43,8699,4,276,276,0
44,8795,2,279,279,0
45,8882,3,280,280,0
46,8980,3,280,280,0
47,9082,3,281,281,0
48,9177,2,287,287,0
49,9253,2,287,287,0
50,9348,3,288,288,0
51,9465,2,298,298,0
52,9596,2,299,299,0
53,9659,3,299,299,0
54,9724,2,301,301,0
55,9808,3,302,302,0
56,9888,3,307,307,0
57,9993,3,311,311,0
58,10153,3,311,311,0
59,10245,2,321,321,0
60,10331,4,321,321,0
61,10416,4,325,325,0
62,10508,3,336,336,0
63,10660,3,340,340,0
64,10797,3,341,341,0
65,10877,3,348,348,0
66,10967,3,350,350,0
67,11096,3,354,354,0
68,11188,3,355,355,0
69,11282,3,356,356,0
70,11400,3,374,374,0
71,11489,4,388,388,0
72,11571,4,389,389,0
73,11649,3,390,390,0
74,11735,3,396,396,0
75,11827,4,401,401,0
76,11955,4,404,404,0
77,12092,3,406,406,0
78,12185,4,411,411,0
79,12282,3,414,414,0
80,12377,3,415,415,0
81,12469,3,417,417,0
82,12580,3,419,419,0
83,12667,3,428,428,0
84,12752,4,428,428,0
85,12850,4,430,430,0
86,12944,4,441,441,0
87,13018,4,443,443,0
88,13119,6,443,443,0
89,13224,4,444,444,0
90,13325,6,445,445,0
91,13396,4,455,455,0
92,13472,3,472,472,0
93,13566,3,474,474,0
94,13677,4,477,477,0
95,13834,4,477,477,0
96,13925,3,480,480,0
97,14009,4,493,493,0
98,14097,5,498,498,0
99,14179,3,499,499,0
100,14283,4,499,499,0
101,14384,4,501,501,0
102,14447,4,502,502,0
103,14519,4,503,503,0
104,14616,4,506,506,0
105,14697,4,515,515,0
106,14785,4,517,517,0
107,14874,4,517,517,0
108,14973,4,519,519,0
109,15067,4,519,519,0
110,15154,4,523,523,0
111,15251,4,530,530,0
112,15374,12,532,532,0
113,15601,4,541,541,0
114,15677,6,541,541,0
115,15776,6,542,542,0
116,15852,4,542,542,0
117,15965,4,542,542,0
118,16049,4,556,556,0
119,16146,6,559,559,0
120,16233,4,564,564,0
121,16321,4,567,567,0
122,16430,5,573,573,0
123,16520,5,583,583,0
124,16602,4,585,585,0
125,16711,5,586,586,0
126,16833,5,588,588,0
127,16911,5,591,591,0
128,17001,5,601,601,0
129,17086,4,601,601,0
130,17174,5,614,614,0
131,17263,5,619,619,0
132,17462,5,623,623,0
133,17544,4,641,641,0
134,17623,5,646,646,0
135,17707,5,652,652,0
136,17807,5,653,653,0
137,17904,5,666,666,0
138,17994,5,674,674,0
139,18074,5,686,686,0
140,18146,5,694,694,0
141,18231,6,700,700,0
142,18320,6,702,702,0
143,18442,5,704,704,0
144,18527,6,705,705,0
145,18621,6,712,712,0
146,18707,5,714,714,0
147,18792,5,716,716,0
148,18861,5,723,723,0
149,18953,5,726,726,0
150,20726,5,726,726,0
151,20819,5,727,727,0
152,20909,5,736,736,0
153,20998,5,741,741,0
154,21083,5,743,743,0
155,21169,6,746,746,0
156,21244,7,756,756,0
157,21325,6,759,759,0
158,21400,6,760,760,0
159,21532,10,764,764,0
160,21610,6,773,773,0
161,21692,6,775,775,0
162,21803,8,781,781,0
163,21909,8,781,781,0
164,21999,6,783,783,0
165,22092,6,786,786,0
166,22187,6,802,802,0
167,22304,5,803,803,0
168,22391,6,807,807,0
169,22479,6,811,811,0
170,22588,6,814,814,0
171,22710,8,816,816,0
172,22823,10,816,816,0
173,22933,6,825,825,0
174,23039,6,825,825,0
175,23155,7,830,830,0
176,23261,6,836,836,0
177,23366,6,837,837,0
178,23465,7,845,845,0
179,23564,7,852,852,0
180,23704,7,859,859,0
181,23804,9,863,863,0
182,23904,8,873,873,0
183,24148,6,873,873,0
184,24283,8,878,878,0
185,24382,7,881,881,0
186,24465,6,883,883,0
187,24548,6,883,883,0
188,24639,7,897,897,0
189,24741,8,902,902,0
190,24834,7,907,907,0
191,24929,7,911,911,0
192,25024,7,915,915,0
193,25101,8,920,920,0
194,25197,6,920,920,0
195,25275,7,921,921,0
196,25378,12,921,921,0
197,25473,7,928,928,0
198,25559,7,928,928,0
199,25708,55,933,933,0
200,25795,7,939,939,0
201,25916,8,950,950,0
202,26009,7,950,950,0
203,26107,8,954,954,0
204,26223,7,963,963,0
205,26301,7,974,974,0
206,26393,8,981,981,0
207,26479,8,988,988,0
208,26588,8,988,988,0
209,26677,7,991,991,0
210,26763,7,995,995,0
211,26846,7,996,996,0
212,27006,9,1004,1004,0
213,27075,8,1004,1004,0
214,27140,7,1005,1005,0
215,27234,10,1018,1018,0
216,27338,8,1018,1018,0
217,27494,7,1022,1022,0
218,27564,7,1023,1023,0
219,27660,9,1032,1032,0
220,27765,7,1034,1034,0
221,27849,7,1041,1041,0
222,27929,8,1049,1049,0
223,28011,8,1056,1056,0
224,28080,7,1061,1061,0
225,28155,7,1069,1069,0
226,28238,8,1073,1073,0
227,28321,9,1089,1089,0
228,28405,8,1092,1092,0
229,28494,9,1097,1097,0
230,28566,8,1105,1105,0
231,28655,9,1108,1108,0
232,28741,9,1112,1112,0
233,28830,8,1113,1113,0
234,28976,8,1121,1121,0
235,29057,10,1127,1127,0
236,29144,8,1132,1132,0
237,29237,8,1133,1133,0
238,29325,8,1136,1136,0
239,29403,8,1141,1141,0
240,29492,9,1154,1154,0
241,29563,9,1157,1157,0
242,29647,8,1158,1158,0
243,29734,9,1164,1164,0
244,29808,8,1168,1168,0
245,29879,9,1185,1185,0
246,29954,9,1190,1190,0
247,30051,12,1196,1196,0
248,30179,13,1213,1203,1
249,30274,16,1224,1208,1
250,30351,11,1233,1202,10
251,30437,10,1235,1194,11
252,30605,9,1236,1160,32
253,30703,9,1238,1145,43
254,30787,12,1238,1123,56
255,30873,9,1246,1111,69
256,30958,9,1246,1079,97
257,31035,9,1253,1078,101
258,31120,9,1253,1059,111
259,31211,9,1253,1059,111
260,31311,8,1259,1065,111
261,31387,9,1267,1073,111
262,31475,9,1269,1075,111
263,31550,10,1270,1076,111
264,31649,9,1274,1080,111
265,31735,10,1279,1085,111
266,31813,9,1285,1091,111
267,31905,9,1286,1092,111
268,32003,10,1291,1097,111
269,32170,92,1292,1098,111
270,32251,12,1294,1100,111
271,32319,9,1303,1109,111
272,32421,9,1304,1110,111
273,32512,10,1304,1110,111
274,32583,9,1321,1127,111
275,32663,10,1322,1128,111
276,32754,10,1321,1128,110
277,32835,10,1326,1133,110
278,32925,10,1330,1137,110
279,33013,10,1331,1138,110
280,33108,9,1330,1138,109
281,33199,11,1348,1156,109
282,33281,10,1349,1157,109
283,33366,9,1349,1157,109
284,33489,10,1351,1136,126
285,33589,9,1357,1134,129
286,33765,106,1358,1128,131
287,33853,9,1362,1123,136
288,33926,9,1363,1114,144
289,33995,9,1363,1098,158
290,34075,10,1363,1086,166
291,34167,10,1368,1070,182
292,34242,9,1379,1069,190
293,34331,10,1383,1049,210
294,34411,10,1385,1049,210
295,34501,9,1389,1042,215
296,34593,11,1387,1025,226
297,34698,10,1388,1017,232
298,34779,10,1388,993,255
299,34854,10,1393,986,266
300,34939,10,1403,978,280
301,35017,10,1405,972,287
302,35100,10,1406,962,298
303,35181,9,1409,956,302
304,35385,130,1417,955,309
305,35499,9,1417,951,308
306,35589,10,1427,941,321
307,35705,11,1429,927,332
308,35789,13,1431,929,332
309,35875,10,1432,935,327
310,35953,10,1441,944,327
311,36027,10,1443,947,326
312,36102,11,1443,948,325
313,36178,11,1445,949,326
314,36268,14,1453,952,329
315,36349,11,1456,946,332
316,36443,10,1453,945,328
317,36527,11,1460,944,338
318,36617,11,1459,931,349
319,36696,11,1465,932,353
320,36771,10,1472,934,355
321,36868,15,1480,938,356
322,37074,12,1481,919,372
323,37191,13,1483,901,388
324,37276,11,1492,909,389
325,37335,10,1496,913,389
326,37417,10,1497,908,392
327,37504,11,1498,899,400
328,37581,10,1506,899,409
329,37675,10,1506,898,410
330,37760,12,1517,902,415
331,37844,10,1520,900,420
332,37930,11,1526,902,417
333,38010,11,1542,903,432
334,38095,10,1551,908,434
335,38185,14,1556,904,443
336,38259,11,1565,910,442
337,38365,11,1564,913,438
338,38459,11,1565,898,445
339,38657,14,1569,892,453
340,38729,18,1573,888,460
341,38831,11,1570,883,460
342,38919,11,1570,872,471
343,39018,12,1575,869,476
344,39103,12,1579,869,478
345,39179,14,1595,883,480
346,39288,12,1593,878,482
347,39370,12,1601,878,488
348,39466,11,1601,867,497
349,39582,11,1603,859,509
350,39649,12,1604,863,506
351,39728,12,1609,855,517
352,39811,12,1608,847,527
353,39895,12,1619,858,527
354,39979,12,1635,858,539
355,40336,29,1105,855,10
356,40402,9,1106,856,10
357,40480,8,1108,852,17
358,40558,8,1109,851,19
359,40663,9,1123,847,37
360,40738,7,1127,841,44
361,40828,8,1128,837,48
362,40909,8,1129,832,58
363,40999,8,1131,827,56
364,41102,8,1131,819,65
365,41174,8,1155,833,75
366,41255,8,1159,831,81
367,41342,9,1161,831,80
368,41437,9,1162,825,90
369,41541,9,1165,822,91
370,41646,21,1166,821,92
371,41746,9,1177,831,95
372,41834,9,1208,852,106
373,41929,9,1209,849,107
374,42195,9,1223,856,110
375,42286,9,1229,861,110
376,42360,10,1229,858,111
377,42446,9,1230,854,116
378,42525,12,1236,858,118
379,42598,9,1236,854,125
380,42695,9,1236,853,127
381,42793,9,1246,848,141
382,42889,9,1249,845,149
383,42985,11,1271,857,155
384,43086,10,1269,854,156
385,43155,10,1278,863,156
386,43230,9,1292,876,155
387,43314,10,1299,873,160
388,43402,9,1300,863,166
389,43502,9,1299,854,170
390,43751,15,1300,833,184
391,43848,10,1301,835,183
392,43932,14,1307,838,186
393,44030,9,1311,841,185
394,44144,9,1322,844,189
395,44216,10,1321,826,207
396,44327,9,1323,823,220
397,44421,10,1327,819,228
398,44508,9,1329,820,229
399,44583,10,1348,839,229
400,44700,9,1360,849,232
401,44769,8,1366,856,231
402,44885,11,1367,846,246
403,44988,10,1369,846,246
404,45072,10,1385,861,241
405,45418,10,1384,835,262
406,45513,11,1382,824,271
407,45609,12,1393,835,270
408,45684,10,1404,848,268
409,45774,11,1414,851,272
410,45851,11,1428,866,270
411,45926,10,1437,871,273
412,46004,11,1436,871,272
413,46095,11,1443,871,272
414,46169,11,1449,876,273
415,46245,10,1450,877,273
416,46320,11,1454,881,273
417,46401,11,1460,886,273
418,46491,10,1468,883,290
419,46578,10,1466,883,288
420,46936,9,1468,878,296
421,47015,10,1475,884,298
422,47100,10,1476,887,296
423,47183,9,1468,886,289
424,47267,10,1468,878,296
425,47351,10,1464,879,291
426,47433,11,1466,888,284
427,47518,11,1469,887,290
428,47603,11,1470,892,287
429,47679,11,1471,893,287
430,47765,10,1475,894,290
431,47857,10,1482,889,290
432,47949,11,1486,892,291
433,48056,13,1490,891,293
434,48398,11,1498,890,303
435,48495,11,1493,885,303
436,48562,13,1493,886,302
437,48644,11,1491,888,297
438,48721,11,1504,900,298
439,48806,12,1500,900,290
440,48888,11,1502,902,290
441,48971,15,1516,918,288
442,49095,42,1505,918,277
443,49176,14,1503,918,275
444,49271,12,1504,919,275
445,49369,11,1508,923,275
446,49471,13,1508,923,275
447,49557,11,1504,923,271
448,49900,258,1510,929,271
449,49981,10,1515,933,271
450,50065,11,1515,933,271
451,50161,10,1518,936,271
452,50231,10,1520,938,271
453,50304,11,1525,942,271
454,50392,15,1535,952,271
455,50464,11,1547,965,270
456,50527,11,1549,967,270
457,50622,13,1551,969,270
458,50709,12,1558,977,270
459,50784,11,1567,985,270
460,50873,12,1572,989,271
461,50940,11,1572,989,271
462,51033,12,1575,992,271
463,51394,11,1578,983,287
464,51480,11,1578,981,291
465,51564,13,1581,984,291
466,51654,12,1575,973,298
467,51742,12,1584,980,301
468,51849,12,1584,977,301
469,51951,12,1583,976,301
470,52035,11,1572,971,297
471,52128,12,1571,974,288
472,52209,11,1584,979,287
473,52280,13,1595,990,287
474,52381,11,1596,983,293
475,52461,11,1599,983,296
476,52547,12,1598,981,295
477,52736,10,1600,950,331
478,52826,12,1603,923,365
479,52933,11,1613,918,378
480,53031,11,1604,899,389
481,53122,11,1609,898,401
482,53216,12,1611,892,412
483,53305,12,1613,871,439
484,53399,11,1615,855,459
485,53490,12,1615,840,481
486,53584,11,1626,851,481
487,53680,12,1642,862,485
488,53779,12,1642,835,517
489,53845,11,1642,836,516
490,53949,12,1647,832,525
491,54137,14,1653,834,523
492,54233,12,1658,829,536
493,54334,12,1662,823,549
494,54429,12,1666,814,569
495,54515,12,1667,817,567
496,54591,13,1669,798,593
497,54666,13,1676,791,607
498,54764,12,1677,790,605
499,54845,12,1678,785,611
500,54944,13,1679,765,634
501,55040,13,1678,757,643
502,55124,13,1679,750,654
503,55217,13,1681,732,675
504,55319,13,1695,730,693
505,55572,162,1698,706,722
506,55661,13,1705,698,735
507,55749,12,1719,706,743
508,55850,15,1733,717,742
509,55963,12,1741,718,747
510,56072,13,1745,706,763
511,56184,13,1745,705,764
512,56273,13,1757,708,773
513,56355,19,1757,699,783
514,56456,13,1758,689,790
515,56554,13,1770,689,804
516,56660,13,1769,675,819
517,56766,13,1780,685,819
518,56851,13,1792,695,822
519,56959,13,1794,696,823
520,57200,13,1801,693,832
521,57313,17,1800,689,834
522,57413,14,1795,677,839
523,57500,12,1803,684,840
524,57606,13,1808,683,840
525,57699,14,1809,677,848
526,57794,13,1819,687,847
527,57885,14,1822,680,861
528,57973,14,1820,678,870
529,58066,16,1819,651,898
530,58183,14,1820,644,916
531,58270,13,1821,638,926
532,58361,14,1834,640,937
533,58438,15,1851,657,937
534,58526,19,1846,651,939
535,58745,139,1847,643,949
536,58843,19,1848,643,950
537,58949,13,1855,650,950
538,59049,13,1853,636,965
539,59133,13,1857,639,968
540,59216,13,1859,641,968
541,59315,13,1858,634,977
542,59396,13,1860,636,977
543,59494,14,1860,632,981
544,59583,13,1862,633,978
545,59679,13,1863,629,987
546,59757,13,1863,630,986
547,59835,13,1865,636,986
548,59918,14,1866,636,988
549,60004,13,1865,630,991
550,60219,13,1868,612,1014
551,60318,13,1869,613,1014
552,60406,13,1873,616,1014
553,60499,14,1870,611,1016
554,60588,13,1871,612,1016
555,60670,13,1872,612,1016
556,60764,14,1870,605,1022
557,60860,14,1873,602,1036
558,60956,14,1875,604,1036
559,61046,13,1878,602,1033
560,61141,13,1880,604,1033
561,61243,15,1887,604,1037
562,61336,14,1886,604,1036
563,61424,14,1884,607,1031
564,61657,155,1893,615,1035
565,61749,13,1906,619,1044
566,61831,13,1913,618,1051
567,61914,18,1912,619,1049
568,62000,13,1910,615,1056
569,62091,12,1910,611,1060
570,62176,12,1905,611,1055
571,62257,14,1914,622,1053
572,62331,13,1914,622,1053
573,62425,12,1914,619,1053
574,62520,16,1921,626,1053
575,62603,13,1920,621,1058
576,62696,13,1920,621,1058
577,62784,13,1917,602,1081
578,62867,13,1917,591,1092
579,63101,150,1931,598,1097
580,63195,14,1931,587,1112
581,63271,14,1929,586,1111
582,63371,15,1927,578,1118
583,63455,14,1932,583,1117
584,63538,13,1932,582,1120
585,63656,18,1935,571,1137
586,63744,14,1943,579,1137
587,63816,14,1944,576,1144
588,63916,19,1942,573,1142
589,64003,14,1946,579,1147
590,64088,14,1952,587,1144
591,64169,14,1945,580,1145
592,64261,14,1951,579,1156
593,66701,22,1959,508,1245
594,66790,15,1952,503,1240
595,66892,15,1958,510,1237
596,66982,16,1966,517,1238
597,67082,15,1972,523,1235
598,67171,16,1972,515,1247
599,67248,17,1971,512,1247
600,67349,16,1976,517,1245
601,67455,14,1975,513,1248
602,67545,15,1973,508,1251
603,67643,17,1976,511,1250
604,67732,15,1987,522,1249
605,67860,52,1987,522,1249
606,67957,14,1988,520,1249
607,68039,14,1988,520,1249
608,68125,14,1996,526,1250
609,68208,14,2014,548,1242
610,68304,13,2015,542,1250
611,68391,14,2013,541,1248
612,68484,15,2019,549,1241
613,68562,15,2021,543,1249
614,68649,15,2029,552,1246
615,68741,14,2031,551,1251
616,68821,14,2046,562,1249
617,68921,18,2062,576,1251
618,69048,14,2064,576,1253
619,69133,15,2063,574,1254
620,69223,15,2057,571,1254
621,69322,15,2061,574,1255
622,69400,16,2078,585,1262
623,69491,15,2079,586,1262
624,69577,15,2076,587,1261
625,69667,17,2073,582,1258
626,69756,15,2073,576,1269
627,69850,15,2070,570,1278
628,69937,16,2076,576,1278
629,70028,15,2078,578,1278
630,70127,14,2081,580,1278
631,70262,16,2081,580,1278
632,70350,15,2087,588,1276
633,70446,15,2087,589,1275
634,70536,16,2091,591,1276
635,70604,16,2092,592,1276
636,70690,14,2093,589,1274
637,70770,16,2095,588,1275
638,70864,17,2102,587,1282
639,70956,15,2112,596,1283
640,71043,16,2113,597,1285
641,71141,16,2114,598,1282
642,71223,14,2113,597,1282
643,71368,71,2112,584,1290
644,71445,15,2116,586,1290
645,71545,16,2121,582,1292
646,71633,15,2132,593,1290
647,71717,16,2133,595,1288
648,71804,16,2134,587,1297
649,71895,16,2135,586,1298
650,71985,17,2142,592,1295
651,72079,15,2156,606,1294
652,72170,17,2164,614,1292
653,72252,16,2165,612,1292
654,72335,16,2174,617,1293
655,72436,20,2174,616,1294
656,72590,16,2170,609,1297
657,72688,15,2169,595,1314
658,72771,16,2169,591,1314
659,72860,16,2167,588,1314
660,72956,15,2163,579,1326
661,73061,18,2163,573,1331
662,73142,15,2171,579,1334
663,73228,17,2173,581,1334
664,73304,16,2178,586,1334
665,73405,16,2175,585,1332
666,73503,16,2178,591,1329
667,73584,16,2167,589,1320
668,73740,91,2168,590,1320
669,73843,17,2169,589,1324
670,73927,20,2176,594,1329
671,74013,16,2173,595,1324
672,74109,16,2170,598,1322
673,74198,16,2170,598,1322
674,74280,15,2174,606,1314
675,74384,16,2174,602,1320
676,74471,17,2187,610,1322
677,74571,21,2193,611,1327
678,74668,16,2194,607,1332
679,74758,17,2199,610,1331
680,74839,16,2205,616,1331
681,75013,25,2215,620,1338
682,75112,15,2220,625,1335
683,75200,16,2215,635,1319
684,75291,16,2219,639,1316
685,75383,22,2225,645,1316
686,75526,26,2225,646,1316
687,75630,16,2222,645,1314
688,75741,16,2223,641,1320
689,75829,16,2240,657,1318
690,75917,18,2242,658,1320
691,76006,16,2243,656,1326
692,76094,16,2240,653,1326
693,76311,136,2242,654,1326
694,76410,17,2240,648,1331
695,76497,17,2242,650,1331
696,76589,18,2242,651,1330
697,76689,16,2249,658,1329
698,76793,17,2259,668,1327
699,76884,15,2254,671,1319
700,76989,16,2256,673,1318
701,77062,16,2260,676,1318
702,77142,16,2260,674,1321
703,77218,16,2259,674,1320
704,77300,17,2259,674,1320
705,77390,17,2261,675,1322
706,77563,99,2261,674,1324
707,77692,21,2266,670,1336
708,77787,17,2280,684,1335
709,77882,16,2278,681,1336
710,77987,17,2287,690,1336
711,78085,16,2286,687,1338
712,78185,18,2299,703,1335
713,78291,17,2300,704,1335
714,78379,17,2302,706,1334
715,78473,17,2308,711,1334
716,78579,17,2310,708,1340
717,78668,17,2327,717,1336
718,78764,16,2327,711,1340
719,78946,108,2336,708,1355
720,79041,16,2336,709,1353
721,79121,16,2334,710,1349
722,79211,17,2343,720,1348
723,79313,18,2343,719,1349
724,79412,17,2351,716,1363
725,79501,17,2352,718,1362
726,79587,18,2354,720,1362
727,79674,17,2354,717,1365
728,79773,17,2351,719,1360
729,79855,15,2352,720,1360
730,79947,17,2354,722,1360
731,80037,19,2351,719,1360
732,80495,89,988,707,13
733,80549,8,988,707,13
734,80614,8,994,711,13
735,80699,7,997,712,15
736,80777,8,1005,720,15
737,80871,19,1008,720,20
738,80959,7,1012,724,20
739,81048,8,1020,731,21
740,81138,8,1022,733,21
741,81215,8,1025,736,21
742,81298,9,1028,739,21
743,81372,9,1053,762,21
744,81455,9,1057,759,30
745,81542,8,1061,759,32
746,81605,9,1075,773,32
747,81780,107,1082,777,33
748,81843,8,1085,776,35
749,81903,8,1086,777,35
750,81997,8,1083,775,34
751,82081,8,1087,778,35
752,82143,9,1095,778,38
753,82243,8,1100,773,48
754,82328,9,1111,782,48
755,82412,9,1117,786,49
756,82480,9,1127,793,55
757,82571,11,1134,779,74
758,82666,11,1135,753,101
759,82767,8,1135,746,108
760,82871,12,1140,732,132
761,82991,8,1148,707,178
762,83096,10,1154,691,204
763,83197,10,1161,685,223
764,83284,9,1166,686,229
765,83501,132,1176,672,252
766,83592,9,1195,650,294
767,83699,11,1196,645,301
768,83781,10,1202,628,328
769,83870,11,1209,624,339
770,83961,10,1219,622,354
771,84050,9,1219,622,354
772,84136,9,1219,615,362
773,84229,9,1237,626,368
774,84336,9,1236,613,386
775,84465,13,1237,579,425
776,84548,9,1239,563,443
777,84667,11,1243,564,445
778,84760,10,1248,568,445
779,84857,11,1248,559,460
780,84944,9,1249,550,474
781,85027,9,1268,562,481
782,85118,10,1273,565,482
783,85339,144,1284,574,482
784,85415,9,1293,567,501
785,85510,10,1297,571,501
786,85586,10,1302,575,502
787,85677,8,1307,579,504
788,85766,10,1317,586,510
789,85836,12,1318,582,516
790,85940,9,1321,569,536
791,86043,10,1322,562,546
792,86124,9,1335,568,555
793,86206,10,1348,580,556
794,86284,9,1351,582,557
795,86363,9,1354,575,570
796,86450,9,1352,578,564
797,86527,10,1352,577,565
798,86606,10,1365,588,563
799,86688,9,1374,595,564
800,86783,9,1371,590,574
801,87051,10,1378,579,598
802,87132,11,1387,589,597
803,87223,10,1391,584,610
804,87310,10,1389,583,611
805,87395,10,1392,568,628
806,87481,11,1398,568,641
807,87564,11,1407,575,643
808,87653,10,1411,577,644
809,87756,10,1414,559,665
810,87860,10,1424,562,668
811,87949,11,1429,566,667
812,88037,11,1442,577,667
813,88106,11,1447,572,675
814,88200,11,1453,575,676
815,88303,12,1460,576,682
816,88396,12,1459,569,693
817,88474,11,1460,570,693
818,88750,11,1462,564,701
819,88834,10,1462,564,701
820,88939,10,1461,563,701
821,89024,11,1477,578,705
822,89112,11,1479,580,705
823,89202,11,1484,585,705
824,89293,10,1484,580,710
825,89382,11,1486,590,701
826,89456,11,1487,590,702
827,89542,11,1488,585,706
828,89624,10,1488,585,706
829,89702,10,1499,594,706
830,89783,12,1501,596,704
831,89869,10,1511,592,714
832,89964,11,1509,591,718
833,90046,11,1515,600,715
834,90133,11,1512,600,712
835,90406,10,1513,590,735
836,90492,12,1517,594,735
837,90634,45,1527,602,742
838,90740,11,1526,587,755
839,90819,12,1528,583,755
840,90915,11,1533,587,757
841,90996,11,1540,591,759
842,91066,12,1546,596,760
843,91145,12,1554,594,773
844,91230,11,1558,590,778
845,91313,11,1564,596,772
846,91398,11,1562,596,770
847,91477,12,1563,587,780
848,91564,15,1570,594,779
849,91824,182,1571,595,779
850,91911,11,1571,584,793
851,92041,11,1574,579,800
852,92134,11,1584,587,802
853,92211,11,1584,587,802
854,92312,11,1584,587,802
855,92402,11,1591,595,800
856,92477,11,1592,594,802
857,92559,11,1592,588,811
858,92627,12,1598,591,820
859,92715,12,1598,588,827
860,92805,11,1601,589,825
861,92902,12,1607,580,839
862,92996,12,1615,585,842
863,93360,244,1620,590,841
864,93453,12,1628,597,839
865,93534,12,1629,592,848
866,93619,13,1638,601,848
867,93711,12,1631,598,845
868,93798,11,1628,598,842
869,93890,13,1619,597,834
870,93970,11,1625,597,841
871,94055,11,1628,597,841
872,94143,12,1635,603,839
873,94240,12,1631,603,836
874,94320,13,1633,605,834
875,94429,13,1633,605,834
876,94517,12,1645,617,831
877,94858,12,1646,621,828
878,94944,12,1652,628,826
879,95033,15,1652,631,822
880,95128,11,1651,631,821
881,95222,12,1662,642,821
882,95309,12,1669,646,821
883,95389,12,1673,652,819
884,95475,12,1683,663,817
885,95565,12,1687,667,817
886,95654,12,1691,676,812
887,95741,12,1693,678,812
888,95821,12,1714,699,810
889,95921,16,1718,703,810
890,96012,12,1719,704,810
891,96341,12,1722,707,808
892,96425,13,1729,714,808
893,96528,12,1725,714,804
894,96610,12,1727,716,804
895,96703,13,1734,723,804
896,96804,16,1734,711,812
897,96891,13,1737,696,831
898,96976,13,1736,694,824
899,97071,12,1736,693,825
900,97148,14,1748,704,824
901,97245,13,1751,707,824
902,97334,14,1751,708,823
903,97422,13,1756,701,833
904,97507,12,1761,708,833
905,97727,12,1766,713,833
906,97806,12,1774,719,834
907,97890,12,1788,733,834
908,98001,14,1792,734,839
909,98087,13,1794,734,843
910,98181,12,1798,738,843
911,98267,15,1799,736,852
912,98352,14,1817,742,867
913,98430,14,1817,738,873
914,98521,14,1819,740,872
915,98599,14,1819,729,884
916,98699,14,1817,728,884
917,98784,13,1818,721,892
918,99010,14,1819,715,898
919,99120,14,1819,713,900
920,99192,13,1819,714,899
921,99281,14,1820,714,907
922,99359,14,1826,720,907
923,99450,14,1825,720,909
924,99539,14,1824,719,910
925,99623,13,1821,718,908
926,99698,14,1826,721,907
927,99790,13,1835,730,907
928,99873,15,1835,726,914
929,99954,14,1835,726,914
930,100049,18,1837,726,916
931,100290,168,1833,726,912
932,100384,13,1831,721,913
933,100483,13,1831,705,936
934,100552,13,1838,712,936
935,100625,13,1841,716,935
936,100707,13,1843,718,933
937,100793,14,1844,718,934
938,100882,15,1851,725,934
939,100980,14,1859,727,938
940,101066,14,1861,721,946
941,101145,15,1860,722,944
942,101245,16,1859,716,951
943,101329,13,1860,716,952
944,101411,12,1869,726,949
945,101742,250,1874,725,951
946,101849,14,1876,727,948
947,101939,14,1880,730,951
948,102017,16,1886,732,951
949,102097,13,1888,731,958
950,102192,14,1886,729,958
951,102274,14,1888,729,960
952,102349,14,1888,729,960
953,102461,17,1885,725,964
954,102552,15,1888,728,964
955,102637,15,1900,740,960
956,102727,13,1906,747,959
957,102801,13,1905,747,958
958,103057,161,1905,743,959
959,103149,14,1910,738,955
960,103244,14,1914,742,955
961,103320,14,1923,748,954
962,103416,13,1923,747,954
963,103497,14,1923,744,955
964,103570,14,1929,748,954
965,103669,14,1935,754,954
966,103766,14,1942,758,958
967,103858,14,1944,759,959
968,103953,16,1955,766,959
969,104026,15,1951,766,955
970,104112,14,1957,771,953
971,104485,318,1970,775,959
972,104601,15,1973,766,965
973,104700,16,1988,781,965
974,104780,15,1990,782,961
975,104871,14,1995,777,972
976,104961,14,1995,779,970
977,105036,15,1995,779,970
978,105114,15,1995,780,969
979,105193,16,2001,787,968
980,105267,15,2004,785,970
981,105351,15,2003,785,969
982,105444,16,2013,794,971
983,105540,20,2013,794,971
984,105772,155,2019,799,972
985,105869,19,2025,803,973
986,105983,18,2026,800,973
987,106064,16,2028,802,970
988,106162,15,2029,802,970
989,106230,14,2029,802,970
990,106327,18,2029,802,970
991,106416,15,2030,801,970
992,106508,14,2038,808,971
993,106595,16,2044,810,977
994,106670,15,2053,819,977
995,106760,14,2054,819,979
996,106858,15,2055,820,979
997,107154,237,2066,824,989
998,107246,16,2066,824,989
999,107330,15,2067,818,996
1000,107412,15,2067,815,999
1001,107504,16,2070,818,998
1002,107585,15,2079,824,998
1003,107685,17,2082,824,1003
1004,107766,16,2083,820,1008
1005,107858,14,2084,821,1008
1006,107958,16,2084,822,1007
1007,108043,15,2083,823,1004
1008,108121,15,2083,822,1004
1009,108202,16,2104,837,1009
1010,108512,240,2104,835,1011
1011,108597,16,2106,836,1013
1012,108687,18,2114,835,1022
1013,108806,15,2121,842,1017
1014,108895,16,2119,842,1015
1015,108988,16,2112,842,1008
1016,109069,16,2110,842,1006
1017,109168,15,2114,839,1005
1018,109264,15,2115,836,1008
1019,109354,15,2118,837,1014
1020,109433,15,2122,839,1019
1021,109523,18,2123,839,1020
1022,109613,15,2124,840,1020
1023,112017,2328,2127,799,1053
1024,112114,21,2132,777,1072
1025,112210,18,2131,773,1074
1026,112291,17,2133,772,1076
1027,112381,16,2134,772,1078
1028,112468,17,2140,780,1075
1029,112557,17,2138,773,1079
1030,112667,17,2137,743,1118
1031,112784,26,2142,712,1154
1032,112893,18,2146,693,1184
1033,113003,16,2144,678,1200
1034,113090,15,2151,669,1216
1035,113193,19,2153,645,1242
1036,113312,44,2161,634,1259
1037,113419,15,2152,631,1249
1038,113526,15,2150,632,1246
1039,113617,16,2149,621,1261
1040,113715,15,2154,613,1274
1041,113807,16,2156,602,1290
1042,113905,17,2157,586,1311
1043,113985,15,2168,587,1329
1044,114090,16,2173,572,1353
1045,114196,16,2173,569,1353
1046,114298,15,2184,564,1369
1047,114389,17,2183,562,1371
1048,114500,15,2188,556,1383
1049,114639,65,2187,555,1389
1050,114753,16,2193,558,1395
1051,114840,16,2193,552,1401
1052,114945,17,2192,551,1403
1053,115025,15,2196,540,1423
1054,115133,16,2196,541,1425
1055,115233,16,2201,526,1447
1056,115325,17,2199,528,1441
1057,115428,16,2203,516,1466
1058,115525,17,2209,516,1473
1059,115629,17,2215,515,1482
1060,115722,17,2234,529,1488
1061,115816,16,2236,519,1505
1062,115957,19,2229,509,1509
1063,116066,18,2239,500,1532
1064,116155,16,2243,507,1529
1065,116235,16,2251,515,1529
1066,116341,16,2252,507,1531
1067,116444,17,2251,503,1534
1068,116524,15,2261,513,1533
1069,116628,16,2260,511,1532
1070,116719,18,2260,499,1532
1071,116821,17,2261,499,1533
1072,116915,17,2269,506,1534
1073,117081,96,2278,515,1533
1074,117159,16,2277,509,1539
1075,117251,16,2284,500,1555
1076,117341,17,2284,497,1559
1077,117439,19,2282,490,1565
1078,117535,18,2282,491,1564
1079,117624,18,2290,498,1571
1080,117712,17,2289,490,1578
1081,117800,17,2295,498,1573
1082,117899,20,2308,505,1581
1083,118001,17,2316,514,1576
1084,118093,20,2314,503,1587
1085,118273,99,2308,505,1580
1086,118364,16,2324,518,1577
1087,118469,20,2330,523,1574
1088,118567,18,2332,523,1574
1089,118643,16,2337,528,1569
1090,118748,18,2333,529,1562
1091,118864,16,2334,520,1575
1092,118966,21,2340,516,1586
1093,119105,20,2340,513,1589
1094,119243,19,2341,499,1605
1095,119327,17,2345,501,1609
1096,119429,17,2365,519,1610
1097,119601,92,2365,519,1610
1098,119691,16,2362,515,1615
1099,119786,17,2360,500,1627
1100,119871,16,2376,501,1641
1101,119965,18,2393,516,1641
1102,120045,16,2398,520,1642
1103,120490,104,761,495,38
1104,120575,6,761,495,38
1105,120641,6,761,495,38
1106,120711,6,767,488,54
1107,120788,6,772,482,63
1108,120931,6,781,483,71
1109,121011,6,786,480,79
1110,121084,6,786,478,81
1111,121169,6,796,483,83
1112,121241,6,804,491,83
1113,121316,6,806,491,85
1114,121402,6,808,490,87
1115,121485,7,809,481,99
1116,121587,12,813,478,109
1117,121659,6,813,477,111
1118,121733,6,816,479,111
1119,121806,6,828,491,111
1120,121873,6,829,492,111
1121,121964,10,830,482,122
1122,122053,6,831,483,122
1123,122128,6,833,485,122
1124,122211,7,838,485,129
1125,122375,6,847,480,141
1126,122465,7,852,484,143
1127,122546,6,852,483,149
1128,122612,7,855,484,150
1129,122712,7,860,487,152
1130,122801,7,862,483,162
1131,122884,7,866,487,162
1132,122957,7,871,489,164
1133,123050,7,874,487,164
1134,123140,7,875,485,167
1135,123210,8,874,485,166
1136,123301,7,886,497,165
1137,123374,10,892,503,165
1138,123446,7,905,504,180
1139,123545,8,907,505,183
1140,123634,8,907,506,183
1141,123711,7,910,501,190
1142,123793,7,913,503,192
1143,123974,7,913,498,193
1144,124057,7,922,495,206
1145,124138,7,922,494,209
1146,124209,7,926,491,217
1147,124284,7,932,494,216
1148,124373,8,932,486,223
1149,124449,8,931,485,223
1150,124516,7,930,485,222
1151,124588,8,948,499,227
1152,124666,8,951,502,227
1153,124733,8,972,523,227
1154,124819,9,974,525,227
1155,124896,7,974,524,228
1156,124979,8,977,525,236
1157,125071,7,977,519,245
1158,125176,11,980,517,254
1159,125368,106,988,516,265
1160,125459,8,993,514,270
1161,125527,7,1000,518,271
1162,125621,7,1007,519,277
1163,125698,7,1012,524,277
1164,125789,8,1013,525,277
1165,125875,8,1034,541,285
1166,125948,9,1036,539,289
1167,126024,8,1039,542,289
1168,126106,8,1040,542,290
1169,126182,8,1040,542,290
1170,126276,9,1050,552,290
1171,126374,10,1057,559,290
1172,126464,9,1065,565,292
1173,126565,10,1067,564,295
1174,126653,8,1067,564,294
1175,126734,9,1068,565,294
1176,126811,8,1069,563,297
1177,126983,8,1081,581,291
1178,127053,8,1083,581,291
1179,127131,9,1087,584,291
1180,127202,8,1086,585,289
1181,127290,8,1089,587,288
1182,127382,13,1090,588,288
1183,127448,11,1095,593,280
1184,127540,10,1102,599,280
1185,127625,8,1102,599,280
1186,127713,9,1115,612,279
1187,127795,9,1125,619,287
1188,127870,9,1129,623,287
1189,127940,9,1129,623,287
1190,128023,9,1126,618,291
1191,128104,9,1127,619,288
1192,128189,9,1127,617,288
1193,128265,9,1136,626,285
1194,128342,8,1141,626,285
1195,128540,8,1144,628,285
1196,128627,10,1167,650,286
1197,128705,9,1167,651,285
1198,128797,9,1176,656,290
1199,128879,10,1184,662,287
1200,128955,8,1186,664,287
1201,129049,9,1186,663,288
1202,129141,9,1187,665,287
1203,129229,9,1190,663,291
1204,129315,9,1195,667,294
1205,129394,10,1193,667,292
1206,129465,10,1205,678,291
1207,129559,10,1208,681,291
1208,129654,10,1218,691,289
1209,129755,9,1217,691,287
1210,129833,9,1214,690,285
1211,129924,10,1219,695,285
1212,130124,9,1221,690,298
1213,130200,9,1228,697,298
1214,130279,9,1232,700,298
1215,130362,9,1232,699,298
1216,130437,9,1234,700,298
1217,130526,9,1241,707,304
1218,130594,8,1241,705,306
1219,130676,9,1246,709,306
1220,130769,9,1247,706,313
1221,130857,9,1239,703,308
1222,130965,10,1236,698,311
1223,131051,10,1239,699,314
1224,131134,9,1243,703,314
1225,131217,10,1245,697,329
1226,131288,9,1256,705,331
1227,131368,10,1256,705,331
1228,131436,10,1265,708,336
1229,131523,11,1271,715,335
1230,131739,9,1274,718,335
1231,131845,9,1278,721,336
1232,131913,10,1280,716,343
1233,131992,9,1280,714,345
1234,132074,10,1281,715,345
1235,132156,10,1290,722,345
1236,132257,12,1293,722,346
1237,132338,10,1296,724,347
1238,132422,11,1298,727,345
1239,132511,11,1310,737,349
1240,132598,11,1314,742,348
1241,132681,10,1320,747,348
1242,132759,10,1330,756,351
1243,132855,10,1330,749,352
1244,132934,10,1328,747,353
1245,133023,11,1327,748,351
1246,133118,11,1332,751,354
1247,133339,10,1338,752,361
1248,133419,11,1356,768,360
1249,133510,11,1358,770,360
1250,133602,10,1361,775,358
1251,133681,10,1375,788,357
1252,133777,11,1384,798,356
1253,133851,10,1394,808,356
1254,133930,10,1395,809,356
1255,134028,10,1398,811,357
1256,134112,12,1398,810,358
1257,134190,10,1398,810,358
1258,134286,10,1407,822,355
1259,134375,10,1405,823,352
1260,134454,11,1405,823,352
1261,134546,14,1406,824,352
1262,134659,10,1407,824,354
1263,134891,162,1415,824,366
1264,134965,10,1415,821,369
1265,135074,12,1419,822,375
1266,135150,13,1419,823,374
1267,135223,11,1421,825,372
1268,135306,11,1427,832,371
1269,135391,11,1431,833,374
1270,135472,10,1431,833,374
1271,135558,11,1439,843,372
1272,135638,11,1439,841,374
1273,135734,14,1447,849,374
1274,135829,12,1450,852,374
1275,135922,11,1449,852,373
1276,136008,11,1447,851,373
1277,136083,11,1460,860,373
1278,136317,11,1463,859,374
1279,136406,10,1467,861,377
1280,136492,11,1470,864,377
1281,136565,11,1473,866,373
1282,136635,11,1480,872,373
1283,136707,13,1485,874,376
1284,136783,12,1485,872,378
1285,136859,11,1490,870,387
1286,136952,12,1487,870,384
1287,137023,11,1499,882,384
1288,137102,11,1510,893,383
1289,137185,14,1517,899,383
1290,137288,12,1518,897,383
1291,137369,11,1529,906,383
1292,137594,150,1540,916,378
1293,137663,12,1547,922,380
1294,137731,11,1552,926,381
1295,137821,12,1553,928,382
1296,137904,12,1555,923,382
1297,137988,11,1557,925,382
1298,138074,16,1561,927,382
1299,138157,12,1560,929,379
1300,138235,12,1573,942,379
1301,138315,12,1584,953,379
1302,138395,11,1607,976,379
1303,138463,12,1621,990,379
1304,138551,12,1624,993,379
1305,138630,13,1628,996,379
1306,138718,12,1628,995,380
1307,138961,11,1626,994,379
1308,139050,12,1629,997,379
1309,139136,11,1632,1000,379
1310,139213,13,1632,997,381
1311,139282,12,1630,995,379
1312,139375,12,1632,992,384
1313,139454,12,1637,997,384
1314,139533,11,1640,999,385
1315,139615,12,1647,1007,384
1316,139696,12,1652,1012,384
1317,139773,13,1652,1012,384
1318,139880,13,1652,1012,384
1319,139943,12,1652,1012,384
1320,140168,158,1652,1015,381
1321,140254,11,1654,1017,381
1322,140322,14,1654,1017,381
1323,140420,13,1650,1017,377
1324,140505,13,1650,1017,377
1325,140572,12,1646,1019,371
1326,140635,13,1650,1022,371
1327,140713,12,1651,1023,370
1328,140794,12,1654,1027,367
1329,140886,23,1660,1031,367
1330,140953,13,1660,1031,367
1331,141025,12,1657,1031,364
1332,141118,12,1658,1032,364
1333,141209,13,1658,1032,364
1334,141433,144,1659,1033,364
1335,141525,11,1660,1036,362
1336,141613,12,1660,1036,362
1337,141688,13,1668,1044,362
1338,141763,13,1676,1052,362
1339,141852,13,1692,1066,361
1340,141941,22,1685,1067,352
1341,142019,13,1688,1070,352
1342,142105,13,1691,1073,347
1343,142188,12,1692,1070,355
1344,142266,13,1692,1066,353
1345,142349,13,1700,1070,359
1346,142436,13,1702,1071,359
1347,142522,12,1702,1071,359
1348,142773,13,1705,1024,416
1349,142876,11,1709,1016,435
1350,143002,33,1718,1001,457
1351,143102,21,1718,987,466
1352,143190,14,1727,982,482
1353,143278,13,1724,971,496
1354,143378,13,1730,969,505
1355,143476,13,1738,964,523
1356,143559,14,1743,950,545
1357,143645,13,1744,919,583
1358,143726,14,1771,937,589
1359,143822,13,1772,937,590
1360,143915,14,1776,927,607
1361,144010,14,1778,904,638
1362,144265,14,1777,873,674
1363,144346,14,1780,874,677
1364,144442,13,1783,860,695
1365,144562,19,1796,862,706
1366,144667,34,1808,861,720
1367,144776,14,1811,864,720
1368,144859,13,1822,868,727
1369,144951,13,1823,863,738
1370,145038,13,1824,856,747
1371,145127,14,1833,854,757
1372,145222,13,1837,856,759
1373,145329,14,1846,864,761
1374,145421,13,1846,859,766
1375,145521,13,1856,858,780
1376,145755,14,1861,855,784
1377,145835,14,1878,871,784
1378,145905,15,1880,874,783
1379,145992,15,1884,877,786
1380,146086,17,1886,873,793
1381,146180,14,1895,876,800
1382,146261,14,1892,868,805
1383,146355,14,1893,861,812
1384,146447,13,1893,848,826
1385,146555,15,1896,839,841
1386,146641,14,1900,843,840
1387,146726,14,1899,843,839
1388,146805,13,1900,833,851
1389,146896,14,1904,830,859
1390,147158,16,1907,814,878
1391,147248,13,1909,802,892
1392,147326,13,1924,813,895
1393,147428,13,1923,813,894
1394,147516,14,1921,805,899
1395,147639,14,1918,788,917
1396,147723,14,1927,791,923
1397,147811,14,1924,796,915
1398,147897,15,1934,806,913
1399,147982,14,1936,803,918
1400,148078,14,1939,793,931
1401,148163,14,1938,782,942
1402,148260,14,1939,787,936
1403,148529,14,1938,765,962
1404,148625,15,1943,769,962
1405,148722,13,1950,774,965
1406,148811,15,1956,764,981
1407,148906,14,1958,767,980
1408,149015,15,1960,768,981
1409,149100,15,1970,778,981
1410,149170,14,1979,784,988
1411,149266,14,1983,787,992
1412,149360,14,1986,789,993
1413,149442,14,1996,799,993
1414,149536,15,2004,801,999
1415,149633,16,2004,800,999
1416,149860,14,2004,790,1009
1417,149967,16,2006,786,1017
1418,150044,15,2010,790,1016
1419,150132,14,2017,793,1024
1420,150215,15,2027,803,1024
1421,150317,14,2027,804,1021
1422,150397,15,2029,796,1035
1423,150506,14,2030,797,1035
1424,150593,15,2031,798,1036
1425,150693,15,2039,796,1043
1426,150777,15,2044,800,1042
1427,150880,16,2045,792,1051
1428,151115,168,2056,802,1051
1429,151198,14,2067,788,1074
1430,151300,17,2078,794,1078
1431,151389,16,2079,784,1087
1432,151490,17,2081,786,1086
1433,151566,16,2087,780,1100
1434,151652,14,2081,773,1096
1435,151752,15,2086,771,1102
1436,151840,15,2087,767,1104
1437,151932,16,2087,767,1104
1438,152024,18,2088,761,1109
1439,152117,15,2091,752,1125
1440,152214,18,2099,760,1125
1441,152472,15,2098,750,1136
1442,152579,16,2103,755,1135
1443,152659,15,2103,753,1137
1444,152749,16,2111,758,1139
1445,152839,16,2116,760,1138
1446,152941,15,2117,746,1154
1447,153026,15,2118,743,1157
1448,153102,14,2119,741,1161
1449,153193,15,2116,739,1159
1450,153281,16,2118,737,1165
1451,153374,19,2116,729,1171
1452,153455,15,2116,721,1182
1453,155639,2103,2117,708,1190
1454,155741,15,2115,585,1316
1455,155836,20,2117,576,1327
1456,155917,15,2120,579,1325
1457,156014,17,2122,583,1324
1458,156099,16,2125,578,1333
1459,156181,16,2133,585,1332
1460,156269,15,2141,590,1338
1461,156366,16,2142,588,1341
1462,156461,15,2138,579,1347
1463,156540,17,2139,578,1350
1464,156641,18,2137,571,1353
1465,156735,17,2135,568,1352
1466,156855,46,2132,565,1352
1467,156947,15,2132,561,1358
1468,157048,16,2128,557,1357
1469,157168,40,2126,553,1364
1470,157292,16,2120,550,1361
1471,157376,16,2135,558,1362
1472,157473,16,2137,550,1373
1473,157556,16,2143,551,1378
1474,157636,16,2156,560,1379
1475,157721,16,2153,557,1378
1476,157808,16,2156,558,1379
1477,157898,17,2158,564,1375
1478,157990,17,2159,565,1375
1479,158130,52,2157,566,1369
1480,158214,15,2166,575,1368
1481,158303,16,2160,576,1367
1482,158389,17,2161,576,1367
1483,158472,15,2164,581,1364
1484,158560,15,2168,582,1367
1485,158637,16,2170,583,1363
1486,158726,16,2177,585,1366
1487,158829,16,2177,582,1369
1488,158913,16,2178,581,1373
1489,158995,15,2186,576,1388
1490,159084,16,2186,577,1387
1491,159173,17,2188,571,1389
1492,159315,16,2188,559,1405
1493,159413,16,2187,554,1406
1494,159500,17,2192,559,1406
1495,159595,17,2196,563,1406
1496,159679,17,2195,552,1417
1497,159764,16,2194,553,1415
1498,159862,16,2189,551,1413
1499,159952,16,2186,551,1410
1500,160071,13,2184,553,1406
1501,160399,13,790,552,17
1502,160554,6,791,547,17
1503,160681,7,798,546,25
1504,160771,9,801,544,30
1505,160838,7,808,551,30
1506,160909,7,822,552,39
1507,160982,7,824,547,49
1508,161059,11,829,547,58
1509,161141,7,832,550,58
1510,161215,7,839,554,58
1511,161285,7,853,568,58
1512,161376,7,853,567,59
1513,161442,7,860,574,59
1514,161527,7,861,570,59
1515,161604,8,861,570,59
1516,161705,7,863,572,59
1517,161795,8,868,577,59
1518,161949,7,870,572,66
1519,162017,7,872,573,67
1520,162089,7,883,584,67
1521,162155,7,883,578,77
1522,162239,7,896,591,78
1523,162320,11,896,589,82
1524,162392,7,899,589,85
1525,162474,7,911,595,92
1526,162550,7,911,589,101
1527,162636,8,914,584,104
1528,162725,10,917,587,104
1529,162826,12,931,601,102
1530,162917,7,938,603,102
1531,163009,8,945,608,97
1532,163096,8,948,610,97
1533,163169,9,959,619,97
1534,163243,8,961,621,97
1535,163398,8,965,625,97
1536,163490,7,965,620,101
1537,163572,7,972,625,101
1538,163649,8,974,619,109
1539,163728,10,975,618,112
1540,163814,8,978,621,112
1541,163910,7,980,622,112
1542,164006,9,981,615,120
1543,164093,8,987,621,120
1544,164191,8,990,622,121
1545,164276,8,986,617,125
1546,164362,8,988,615,128
1547,164431,8,992,619,128
1548,164516,8,999,625,129
1549,164586,7,1003,625,130
1550,164678,7,1013,629,129
1551,164853,87,1016,631,130
1552,164915,8,1019,634,130
1553,165003,8,1022,637,130
1554,165084,8,1022,632,133
1555,165182,7,1042,647,139
1556,165278,9,1043,646,139
1557,165368,8,1049,650,144
1558,165449,8,1051,651,145
1559,165540,8,1050,652,143
1560,165600,10,1068,670,143
1561,165672,8,1066,670,141
1562,165738,8,1066,669,143
1563,165830,8,1068,669,145
1564,165905,9,1071,669,145
1565,165998,9,1071,669,145
1566,166088,8,1078,675,146
1567,166275,107,1097,693,150
1568,166348,8,1098,694,149
1569,166437,9,1105,691,158
1570,166535,9,1105,692,157
1571,166616,8,1105,692,157
1572,166690,9,1107,693,159
1573,166745,8,1115,695,168
1574,166836,17,1126,706,168
1575,166925,9,1127,704,169
1576,166987,9,1138,711,172
1577,167064,8,1142,712,174
1578,167146,10,1136,711,168
1579,167211,9,1143,714,174
1580,167287,9,1144,713,174
1581,167374,10,1157,723,177
1582,167459,8,1158,718,185
1583,167726,144,1161,722,184
1584,167830,9,1169,727,188
1585,167915,8,1173,730,188
1586,167991,9,1180,736,187
1587,168080,9,1181,737,187
1588,168164,10,1187,740,190
1589,168238,10,1205,755,190
1590,168325,10,1216,757,192
1591,168403,9,1232,773,192
1592,168475,9,1241,782,192
1593,168561,9,1245,782,200
1594,168645,9,1246,782,201
1595,168745,11,1255,791,200
1596,168857,14,1249,793,192
1597,168964,10,1250,796,190
1598,169051,10,1251,795,192
1599,169224,9,1254,794,192
1600,169317,10,1255,788,199
1601,169393,9,1262,792,198
1602,169478,11,1262,782,207
1603,169563,10,1270,788,207
1604,169640,10,1275,790,207
1605,169727,10,1276,791,207
1606,169806,10,1281,796,207
1607,169884,10,1289,802,208
1608,169971,10,1290,799,212
1609,170064,11,1290,797,214
1610,170166,15,1298,803,214
1611,170242,11,1301,801,217
1612,170312,10,1303,801,216
1613,170389,10,1309,807,216
1614,170476,13,1320,815,216
1615,170542,10,1329,829,209
1616,170744,134,1329,823,218
1617,170839,9,1329,820,221
1618,170917,10,1329,820,221
1619,171003,10,1331,822,221
1620,171075,9,1343,833,223
1621,171159,10,1345,830,230
1622,171235,11,1346,826,234
1623,171318,11,1347,824,237
1624,171394,10,1360,837,237
1625,171474,10,1363,839,237
1626,171558,10,1369,843,239
1627,171648,10,1365,842,236
1628,171739,10,1366,828,254
1629,171816,11,1366,820,264
1630,171904,10,1374,828,264
1631,171984,10,1370,828,260
1632,172065,14,1371,827,262
1633,172287,10,1374,825,269
1634,172389,11,1379,824,274
1635,172494,11,1377,821,275
1636,172586,10,1378,810,289
1637,172681,11,1377,814,283
1638,172771,11,1381,813,287
1639,172860,10,1386,804,309
1640,172956,10,1387,785,337
1641,173043,10,1390,772,359
1642,173136,11,1404,756,393
1643,173244,18,1405,724,423
1644,173346,15,1405,715,432
1645,173441,13,1401,699,443
1646,173555,13,1402,699,444
1647,173662,11,1413,701,455
1648,173738,10,1425,713,455
1649,173952,140,1428,704,475
1650,174036,13,1429,693,493
1651,174131,10,1432,696,491
1652,174213,12,1431,700,485
1653,174301,11,1433,681,514
1654,174386,11,1435,681,522
1655,174469,11,1448,680,538
1656,174557,11,1459,681,550
1657,174647,12,1465,679,560
1658,174742,11,1475,690,559
1659,174828,12,1486,688,570
1660,174911,11,1492,694,567
1661,175006,12,1496,694,575
1662,175101,11,1496,693,575
1663,175187,12,1507,704,575
1664,175265,11,1517,711,578
1665,175359,12,1521,712,581
1666,175587,163,1523,694,604
1667,175677,11,1532,703,604
1668,175778,12,1532,707,600
1669,175880,12,1532,701,606
1670,175971,11,1534,703,606
1671,176052,11,1534,702,607
1672,176142,12,1536,697,618
1673,176244,11,1536,692,623
1674,176343,12,1538,685,633
1675,176436,12,1539,679,642
1676,176516,11,1542,681,642
1677,176615,11,1540,674,651
1678,176708,11,1536,663,659
1679,176797,12,1540,660,666
1680,176887,12,1540,654,673
1681,177169,182,1541,655,673
1682,177276,15,1544,645,688
1683,177374,12,1544,642,691
1684,177466,12,1545,636,697
1685,177557,11,1548,630,704
1686,177630,11,1552,633,705
1687,177712,12,1552,627,712
1688,177793,11,1555,613,729
1689,177884,13,1566,614,747
1690,177982,12,1569,615,747
1691,178078,11,1569,612,751
1692,178167,12,1572,614,754
1693,178245,12,1580,620,754
1694,178331,12,1582,614,763
1695,178415,11,1594,626,762
1696,178504,12,1602,625,772
1697,178724,11,1614,624,791
1698,178806,11,1630,640,791
1699,178893,12,1629,631,798
1700,178970,13,1643,635,807
1701,179056,13,1649,633,813
1702,179134,12,1651,635,813
1703,179234,13,1644,635,806
1704,179310,13,1651,639,811
1705,179451,12,1654,631,824
1706,179563,13,1653,621,826
1707,179649,12,1653,610,839
1708,179763,12,1654,610,840
1709,179842,13,1656,612,840
1710,180154,206,1669,601,861
1711,180245,14,1673,588,880
1712,180368,13,1677,584,887
1713,180453,13,1682,582,893
1714,180546,14,1683,580,895
1715,180636,12,1681,578,897
1716,180739,18,1681,570,906
1717,180830,12,1680,572,910
1718,180927,13,1681,567,908
1719,181010,12,1682,570,906
1720,181102,11,1690,578,906
1721,181183,11,1694,582,906
1722,181272,12,1700,588,906
1723,181357,13,1702,586,910
1724,181604,12,1703,578,922
1725,181690,12,1707,574,931
1726,181770,12,1710,576,931
1727,181868,17,1716,582,931
1728,181964,14,1717,583,931
1729,182049,13,1722,586,931
1730,182127,13,1729,592,931
1731,182221,12,1737,596,934
1732,182307,13,1739,598,933
1733,182399,13,1735,601,926
1734,182475,13,1744,609,927
1735,182572,14,1744,603,927
1736,182656,13,1744,598,934
1737,182739,13,1751,596,942
1738,183019,13,1758,596,945
1739,183121,13,1758,594,948
1740,183196,12,1776,610,951
1741,183281,13,1777,611,951
1742,183365,14,1770,606,954
1743,183457,13,1771,607,951
1744,183594,31,1773,602,958
1745,183688,13,1770,605,950
1746,183786,13,1774,609,949
1747,183862,14,1785,620,948
1748,183940,14,1778,621,940
1749,184043,13,1780,623,940
1750,184134,14,1782,626,939
1751,184383,12,1781,626,938
1752,184469,14,1783,628,938
1753,184559,13,1784,629,938
1754,184618,13,1795,640,935
1755,184722,13,1796,641,934
1756,184795,14,1796,641,934
1757,184878,12,1802,648,933
1758,184972,13,1804,650,933
1759,185059,13,1802,653,928
1760,185151,14,1802,653,928
1761,185235,14,1805,656,928
1762,185339,16,1808,663,924
1763,185434,16,1813,668,924
1764,185664,14,1813,670,922
1765,185752,14,1819,675,923
1766,185841,13,1823,674,927
1767,185947,13,1824,674,926
1768,186037,13,1826,674,927
1769,186122,13,1828,676,927
1770,186200,13,1825,676,924
1771,186283,14,1834,684,925
1772,186364,13,1839,689,925
1773,186448,13,1839,685,929
1774,186531,15,1843,689,929
1775,186611,14,1853,699,929
1776,186687,15,1853,699,929
1777,186930,14,1860,699,940
1778,187047,14,1862,692,956
1779,187137,14,1862,694,954
1780,187230,14,1869,699,955
1781,187319,13,1874,702,957
1782,187400,14,1876,704,957
1783,187488,14,1880,694,970
1784,187567,14,1882,698,971
1785,187656,15,1885,700,971
1786,187750,15,1897,709,972
1787,187831,15,1898,710,972
1788,187926,13,1906,712,977
1789,188025,14,1906,706,983
1790,188131,14,1911,709,985
1791,188380,14,1913,700,999
1792,188469,13,1916,703,999
1793,188546,15,1924,710,999
1794,188622,13,1919,716,986
1795,188710,13,1921,717,987
1796,188798,13,1926,721,983
1797,188879,14,1927,721,984
1798,188946,14,1927,720,987
1799,189030,14,1930,720,994
1800,189105,14,1924,719,989
1801,189193,15,1926,720,989
1802,189276,14,1939,733,989
1803,189375,15,1941,731,994
1804,189449,14,1956,745,996
1805,189689,15,1958,738,1009
1806,189780,17,1967,744,1013
1807,189867,14,1973,749,1014
1808,189971,14,1973,748,1015
1809,190062,15,1972,742,1020
1810,190152,14,1982,752,1020
1811,190248,16,1988,758,1016
1812,190341,15,1992,764,1011
1813,190430,15,2014,781,1011
1814,190519,16,2014,778,1011
1815,190606,15,2017,774,1014
1816,190703,15,2017,772,1015
1817,190802,15,2018,766,1025
1818,191045,179,2016,750,1036
1819,191128,14,2014,737,1045
1820,191220,14,2014,736,1046
1821,191310,14,2013,732,1046
1822,191404,15,2008,725,1044
1823,191498,14,2009,719,1051
1824,191590,14,2013,723,1049
1825,191677,14,2015,713,1060
1826,191765,15,2022,715,1065
1827,191836,14,2023,717,1064
1828,191940,15,2024,715,1065
1829,192042,16,2028,710,1068
1830,192132,14,2030,711,1067
1831,192225,14,2037,718,1067
1832,192483,165,2037,710,1071
1833,192585,14,2039,697,1078
1834,192686,14,2043,701,1078
1835,192772,16,2050,703,1082
1836,192852,16,2057,711,1080
1837,192930,15,2059,711,1083
1838,193030,16,2064,713,1083
1839,193123,16,2061,707,1081
1840,193233,15,2060,701,1085
1841,193308,15,2060,701,1085
1842,193386,15,2083,724,1084
1843,193487,16,2089,729,1082
1844,193572,16,2090,731,1081
1845,193665,16,2093,731,1078
1846,193900,15,2093,728,1085
1847,194003,15,2092,728,1080
1848,194097,17,2093,727,1080
1849,194198,15,2097,725,1086
1850,194291,18,2107,735,1084
1851,194363,16,2105,733,1083
1852,194449,16,2108,733,1083
1853,194539,16,2107,728,1084
1854,194635,16,2106,719,1089
1855,194727,16,2111,716,1097
1856,194823,15,2115,721,1093
1857,194908,15,2124,731,1094
1858,195008,15,2125,725,1100
1859,195240,162,2127,725,1100
1860,195331,16,2126,720,1105
1861,195427,16,2124,716,1108
1862,195507,16,2134,718,1111
1863,195616,17,2130,717,1108
1864,195711,15,2130,713,1112
1865,195799,16,2128,716,1107
1866,195895,15,2126,716,1105
1867,195987,16,2129,714,1112
1868,196073,16,2130,714,1116
1869,196170,16,2132,703,1130
1870,196256,16,2136,707,1130
1871,196343,16,2142,710,1132
1872,196435,16,2163,730,1132
1873,198580,17,2163,651,1205
1874,198669,17,2163,648,1208
1875,198766,17,2170,654,1208
1876,198868,17,2172,657,1206
1877,198970,17,2172,657,1206
1878,199071,17,2175,659,1207
1879,199176,16,2174,656,1209
1880,199268,17,2175,657,1208
1881,199363,16,2178,659,1209
1882,199465,18,2182,661,1208
1883,199570,17,2190,665,1209
1884,199688,21,2195,663,1222
1885,199788,17,2201,667,1223
1886,199914,17,2205,668,1227
1887,200002,18,2203,665,1228
1888,200390,119,988,655,25
1889,200471,9,990,656,25
1890,200552,7,999,657,40
1891,200622,8,1006,664,40
1892,200708,8,1006,664,40
1893,200793,9,1014,669,42
1894,200873,8,1016,668,52
1895,200958,8,1024,674,52
1896,201033,9,1027,675,53
1897,201176,8,1037,684,54
1898,201246,9,1044,687,60
1899,201331,8,1047,688,61
1900,201405,8,1047,688,61
1901,201473,8,1058,695,61
1902,201549,8,1057,693,62
1903,201633,8,1060,693,66
1904,201715,8,1065,698,66
1905,201789,9,1075,706,68
1906,201876,8,1078,705,73
1907,201964,8,1089,708,73
1908,202046,9,1098,715,76
1909,202153,13,1101,716,79
1910,202243,10,1113,727,79
1911,202323,10,1120,734,79
1912,202406,8,1135,743,84
1913,202558,8,1136,737,96
1914,202654,9,1142,713,133
1915,202751,8,1143,703,152
1916,202850,9,1150,690,182
1917,202955,10,1154,682,195
1918,203055,9,1160,686,196
1919,203151,10,1161,667,221
1920,203271,13,1162,654,235
1921,203378,9,1174,631,280
1922,203482,9,1175,623,288
1923,203581,12,1186,633,288
1924,203667,9,1189,629,297
1925,203789,11,1197,631,304
1926,203876,10,1197,625,314
1927,203966,9,1205,633,314
1928,204144,10,1212,626,339
1929,204239,12,1213,625,346
1930,204327,9,1213,607,368
1931,204409,9,1218,607,371
1932,204516,9,1208,606,369
1933,204602,10,1213,601,379
1934,204701,10,1214,595,387
1935,204832,10,1215,573,408
1936,204926,10,1216,560,428
1937,205007,10,1223,563,433
1938,205092,9,1226,557,444
1939,205177,9,1225,550,451
1940,205264,10,1229,552,453
1941,205359,10,1228,535,474
1942,205444,10,1234,541,474
1943,205616,9,1251,558,474
1944,205702,10,1253,557,475
1945,205786,9,1255,548,492
1946,205875,9,1256,545,496
1947,205953,10,1263,544,505
1948,206041,10,1277,551,513
1949,206134,10,1287,554,519
1950,206226,10,1287,546,527
1951,206313,14,1302,543,545
1952,206393,10,1308,543,551
1953,206487,10,1312,541,556
1954,206581,11,1314,541,555
1955,206670,10,1317,534,565
1956,206756,13,1317,534,565
1957,206930,14,1330,537,573
1958,207002,9,1331,534,581
1959,207089,11,1333,535,580
1960,207172,11,1338,540,579
1961,207257,10,1347,543,588
1962,207346,10,1363,558,588
1963,207413,10,1371,563,591
1964,207505,10,1377,563,595
1965,207603,12,1389,572,594
1966,207698,10,1391,574,594
1967,207786,13,1408,583,605
1968,207863,11,1416,588,605
1969,207968,11,1417,586,611
1970,208063,11,1423,590,613
1971,208239,92,1422,581,619
1972,208316,10,1431,589,623
1973,208394,13,1434,588,624
1974,208476,10,1440,592,625
1975,208558,15,1446,593,634
1976,208638,11,1462,609,634
1977,208723,10,1462,601,643
1978,208808,13,1462,597,648
1979,208891,12,1459,596,645
1980,208987,10,1468,603,645
1981,209071,11,1468,601,648
1982,209175,12,1467,595,654
1983,209289,13,1479,607,654
1984,209385,11,1486,604,666
1985,209463,10,1488,603,669
1986,209666,103,1488,603,669
1987,209744,11,1496,608,674
1988,209839,11,1502,613,677
1989,209922,11,1507,616,680
1990,210018,11,1505,617,676
1991,210118,10,1509,621,675
1992,210195,11,1513,625,675
1993,210281,12,1514,623,678
1994,210399,14,1517,618,687
1995,210486,11,1520,614,694
1996,210571,11,1527,621,694
1997,210682,11,1530,618,697
1998,210773,10,1532,608,710
1999,210865,12,1542,615,714
2000,210957,11,1541,613,715
2001,211180,11,1542,612,715
2002,211263,11,1545,596,735
2003,211351,12,1555,602,738
2004,211442,15,1562,602,740
2005,211540,11,1563,604,738
2006,211628,11,1558,603,734
2007,211711,11,1560,596,744
2008,211794,11,1573,610,742
2009,211885,12,1579,603,754
2010,211983,12,1580,599,759
2011,212077,12,1590,608,760
2012,212170,12,1591,602,773
2013,212241,11,1593,602,776
2014,212325,12,1594,601,784
2015,212414,12,1603,609,785
2016,212624,129,1602,597,797
2017,212732,12,1604,599,797
2018,212811,16,1612,605,796
2019,212893,11,1619,612,796
2020,212964,12,1628,621,796
2021,213048,11,1631,624,796
2022,213137,11,1628,625,792
2023,213249,12,1628,613,802
2024,213341,11,1627,614,800
2025,213425,14,1634,619,807
2026,213504,12,1634,616,809
2027,213585,12,1642,612,819
2028,213673,14,1642,609,823
2029,213747,12,1645,612,823
2030,213857,13,1642,613,819
2031,214086,14,1644,606,831
2032,214179,12,1644,601,839
2033,214291,12,1649,606,839
2034,214383,12,1649,607,838
2035,214473,12,1657,618,834
2036,214569,11,1659,616,841
2037,214662,11,1660,617,842
2038,214736,11,1663,614,848
2039,214834,13,1679,624,856
2040,214939,12,1679,622,860
2041,215026,13,1683,625,861
2042,215124,14,1697,630,871
2043,215202,14,1708,639,874
2044,215311,14,1706,634,875
2045,215397,13,1704,634,873
2046,215491,13,1707,637,873
2047,215696,12,1707,633,877
2048,215761,11,1700,629,874
2049,215853,12,1695,625,873
2050,215939,12,1709,636,871
2051,216017,12,1713,640,871
2052,216104,12,1713,639,872
2053,216189,13,1721,648,870
2054,216273,13,1721,644,875
2055,216380,12,1722,638,882
2056,216459,13,1722,633,893
2057,216533,14,1725,635,898
2058,216626,13,1726,635,897
2059,216708,13,1724,637,893
2060,216790,14,1733,645,894
2061,216875,14,1742,654,893
2062,216946,13,1750,661,893
2063,217159,13,1750,654,900
2064,217242,12,1748,655,896
2065,217324,12,1750,656,894
2066,217414,14,1753,655,897
2067,217502,13,1754,655,898
2068,217588,13,1757,652,906
2069,217656,12,1757,652,906
2070,217755,15,1760,652,908
2071,217830,13,1765,660,905
2072,217910,13,1772,670,898
2073,217996,14,1778,676,897
2074,218089,14,1778,677,895
2075,218178,13,1784,679,902
2076,218286,16,1787,683,899
2077,218387,14,1789,685,897
2078,218456,14,1793,690,893
2079,218695,152,1794,688,895
2080,218796,16,1794,687,897
2081,218939,13,1801,686,900
2082,219030,13,1800,682,899
2083,219109,13,1798,682,897
2084,219188,12,1800,684,894
2085,219277,12,1805,689,894
2086,219362,14,1808,691,895
2087,219442,13,1807,689,896
2088,219529,15,1820,701,896
2089,219602,14,1820,703,894
2090,219686,13,1820,703,894
2091,219755,13,1828,710,891
2092,219843,13,1828,708,891
2093,219933,14,1828,698,903
2094,220043,13,1829,696,907
2095,220352,14,1828,688,914
2096,220437,14,1831,690,923
2097,220543,14,1836,681,944
2098,220629,14,1838,683,944
2099,220709,13,1837,682,944
2100,220785,14,1844,689,942
2101,220877,13,1844,689,942
2102,220958,14,1845,690,941
2103,221052,15,1845,690,941
2104,221139,14,1841,685,937
2105,221222,14,1842,679,944
2106,221311,14,1845,683,943
2107,221416,15,1839,679,941
2108,221660,170,1844,669,952
2109,221739,13,1846,671,952
2110,221832,13,1855,678,948
2111,221918,13,1861,686,946
2112,221989,13,1864,679,951
2113,222069,13,1868,683,951
2114,222152,13,1871,679,951
2115,222229,12,1872,680,951
2116,222315,13,1880,690,949
2117,222393,16,1881,699,941
2118,222468,13,1879,702,935
2119,222553,14,1878,703,933
2120,222639,16,1880,704,937
2121,222750,15,1884,699,946
2122,223013,15,1893,700,954
2123,223105,14,1908,712,953
2124,223187,14,1921,722,962
2125,223278,14,1924,724,963
2126,223380,14,1932,731,963
2127,223465,15,1935,734,962
2128,223565,16,1935,733,965
2129,223648,15,1934,732,962
2130,223722,15,1936,734,962
2131,223804,14,1934,734,960
2132,223891,18,1941,741,957
2133,223979,15,1943,742,958
2134,224064,17,1944,741,960
2135,224319,14,1955,740,966
2136,224406,14,1958,736,976
2137,224492,15,1967,741,976
2138,224584,14,1970,745,976
2139,224679,14,1973,747,977
2140,224754,15,1967,745,973
2141,224837,16,1967,740,978
2142,224919,15,1968,739,980
2143,225004,15,1972,743,980
2144,225079,14,1972,735,988
2145,225182,14,1967,735,983
2146,225282,14,1967,736,982
2147,225521,160,1979,744,984
2148,225600,15,1980,743,986
2149,225716,15,1980,740,990
2150,225812,16,1976,740,986
2151,225919,17,1980,745,985
2152,226012,14,1983,745,988
2153,226097,15,1990,754,984
2154,226180,16,1996,760,985
2155,226271,15,1990,760,979
2156,226354,14,1993,766,974
2157,226452,15,1985,767,966
2158,226539,16,1996,778,966
2159,226616,14,2003,785,966
2160,226859,14,1999,787,960
2161,226960,18,1996,787,957
2162,227046,15,1996,787,957
2163,227124,15,1997,788,957
2164,227213,16,2004,795,956
2165,227298,15,2004,798,950
2166,227391,15,2004,798,950
2167,227486,14,2006,801,949
2168,227576,15,2010,807,947
2169,227681,18,2010,807,947
2170,227761,16,2016,813,947
2171,227830,14,2022,820,946
2172,228044,153,2031,829,946
2173,228136,16,2033,835,941
2174,228223,18,2037,839,941
2175,228310,15,2042,844,935
2176,228403,14,2042,845,934
2177,228492,16,2053,856,934
2178,228582,16,2057,860,934
2179,228658,16,2058,861,934
2180,228774,16,2073,876,934
2181,228864,16,2084,887,932
2182,228956,16,2090,891,933
2183,229054,16,2106,905,934
2184,229141,16,2103,902,934
2185,229224,16,2109,907,934
2186,229455,16,2121,917,935
2187,229555,14,2121,917,935
2188,229633,16,2123,919,935
2189,229722,17,2125,918,935
2190,229808,15,2125,918,935
2191,229890,15,2122,918,932
2192,229980,16,2118,922,924
2193,230068,19,2121,925,924
2194,230159,16,2124,928,924
2195,230257,16,2126,930,921
2196,230341,15,2132,936,921
2197,230431,16,2139,939,921
2198,230536,15,2148,937,928
2199,230780,150,2154,925,945
2200,230903,16,2160,922,949
2201,230991,18,2160,918,953
2202,231088,19,2161,916,954
2203,231163,16,2166,921,953
2204,231243,20,2168,921,954
2205,231321,16,2171,918,962
2206,231419,15,2174,919,966
2207,231508,18,2175,917,967
2208,231590,16,2191,930,966
2209,231693,16,2195,936,955
2210,231768,16,2196,937,955
2211,231863,23,2199,935,960
2212,231962,19,2198,933,960
2213,232080,17,2216,937,964
2214,232305,15,2219,935,969
2215,232391,16,2224,938,969
2216,232486,15,2225,933,975
2217,232588,16,2225,926,982
2218,232694,24,2224,903,1014
2219,232797,16,2227,884,1044
2220,232903,16,2234,866,1074
2221,233016,21,2234,843,1101
2222,233127,18,2246,846,1110
2223,233242,25,2248,835,1121
2224,233345,16,2248,814,1140
2225,233442,17,2247,808,1150
2226,233540,21,2241,788,1173
2227,233646,16,2236,781,1175
2228,233876,19,2244,751,1211
2229,233992,16,2244,731,1236
2230,234096,16,2243,735,1231
2231,234206,17,2240,715,1254
2232,234301,16,2249,712,1270
2233,234405,17,2251,697,1295
2234,234502,16,2251,686,1307
2235,234599,16,2254,678,1326
2236,234690,16,2258,674,1336
2237,234773,16,2264,669,1342
2238,234871,17,2263,661,1351
2239,234989,18,2256,649,1363
2240,235089,17,2259,642,1373
2241,235190,17,2265,626,1394
2242,235282,16,2265,623,1399
2243,235373,16,2267,615,1413
2244,235611,17,2267,608,1420
2245,235703,17,2282,619,1421
2246,235788,16,2286,619,1425
2247,235884,17,2287,615,1427
2248,235977,17,2288,601,1446
2249,236082,17,2290,588,1464
2250,236178,16,2296,586,1471
2251,236281,17,2305,591,1477
2252,236369,16,2311,593,1482
2253,236463,18,2311,589,1485
2254,236546,18,2318,590,1492
2255,236654,16,2326,587,1503
2256,236746,16,2327,586,1505
2257,236823,16,2336,594,1505
2258,236919,17,2341,599,1504
2259,237337,336,2338,560,1548
2260,237430,16,2338,556,1552
2261,237525,18,2340,556,1551
2262,237619,16,2341,536,1577
2263,237724,18,2339,538,1573
2264,237825,18,2344,528,1591
2265,237929,17,2344,524,1596
2266,238035,21,2348,528,1595
2267,238122,16,2352,523,1604
2268,238221,17,2353,524,1603
2269,238308,17,2349,520,1603
2270,238390,16,2351,513,1613
2271,238473,17,2365,527,1612
2272,238571,17,2374,535,1615
2273,238680,17,2371,527,1618
2274,238761,18,2372,525,1623
2275,239023,18,2383,518,1646
2276,239126,18,2384,512,1653
2277,239244,16,2389,517,1651
2278,239330,19,2399,525,1652
2279,239435,17,2388,518,1648
2280,239520,17,2389,513,1654
2281,239610,17,2390,509,1660
2282,239717,16,2391,511,1659
2283,239803,16,2386,505,1658
2284,239890,17,2386,505,1658
2285,239980,17,2379,503,1653
2286,240088,17,2382,499,1662
2287,243013,2553,728,386,137
2288,243124,13,743,362,171
2289,243218,6,746,365,171
2290,243286,6,746,365,171
2291,243383,6,751,369,171
2292,243470,7,759,374,177
2293,243570,9,766,381,177
2294,243662,8,773,382,183
2295,243749,6,776,384,184
2296,243827,6,780,383,195
2297,243935,9,797,393,199
2298,244015,7,800,395,199
2299,244095,7,800,395,202
2300,244176,7,813,406,206
2301,244242,7,814,407,206
2302,244313,7,825,415,206
2303,244388,7,829,419,205
2304,244480,8,838,426,205
2305,244562,7,836,417,213
2306,244650,7,844,421,216
2307,244736,7,845,422,216
2308,244870,7,846,418,219
2309,244959,7,846,409,229
2310,245042,7,851,413,231
2311,245135,8,851,412,235
2312,245227,8,851,412,237
2313,245305,7,857,420,235
2314,245397,7,866,427,236
2315,245470,7,878,436,236
2316,245548,7,885,443,236
2317,245638,8,885,446,232
2318,245730,6,886,447,232
2319,245819,7,887,445,242
2320,245895,7,905,462,242
2321,245972,7,915,469,242
2322,246070,8,920,474,242
2323,246143,8,926,480,239
2324,246226,8,927,482,240
2325,246327,8,935,483,250
2326,246400,8,947,495,250
2327,246476,8,957,500,255
2328,246559,9,964,505,257
2329,246714,7,967,497,272
2330,246779,8,967,489,284
2331,246839,7,968,492,282
2332,246925,8,971,494,285
2333,247011,8,977,500,284
2334,247100,8,979,495,293
2335,247171,8,987,503,293
2336,247254,8,998,511,298
2337,247334,9,1007,520,298
2338,247436,8,1014,526,298
2339,247525,8,1016,527,297
2340,247624,9,1018,530,296
2341,247734,8,1028,535,296
2342,247813,9,1028,534,297
2343,247902,8,1032,537,300
2344,247982,9,1034,539,300
2345,248087,9,1036,540,301
2346,248236,8,1035,536,302
2347,248310,8,1036,537,302
2348,248405,8,1047,535,305
2349,248502,8,1049,534,306
2350,248597,8,1054,532,312
2351,248686,9,1061,538,311
2352,248775,8,1067,542,311
2353,248858,9,1069,542,314
2354,248935,9,1069,543,313
2355,249019,8,1069,542,314
2356,249099,9,1072,545,313
2357,249188,9,1074,544,318
2358,249273,8,1075,544,321
2359,249345,10,1086,554,322
2360,249428,8,1094,562,320
2361,249510,9,1092,552,332
2362,249587,10,1102,560,331
2363,249743,11,1103,557,341
2364,249855,12,1107,559,340
2365,249943,8,1120,570,342
2366,250017,7,1134,574,354
2367,250096,9,1145,580,361
2368,250173,8,1156,591,361
2369,250247,9,1162,597,361
2370,250336,10,1166,593,368
2371,250417,9,1164,592,368
2372,250506,9,1173,591,369
2373,250598,9,1177,595,369
2374,250685,9,1177,595,369
2375,250768,10,1177,596,368
2376,250859,10,1180,598,369
2377,250961,9,1180,600,366
2378,251124,87,1180,599,367
2379,251199,9,1182,597,371
2380,251283,10,1200,615,371
2381,251365,9,1208,616,380
2382,251452,9,1220,623,383
2383,251529,9,1221,622,383
2384,251609,9,1222,623,383
2385,251707,9,1222,626,380
2386,251796,9,1221,626,380
2387,251871,10,1227,629,382
2388,251946,10,1227,625,387
2389,252040,10,1236,634,386
2390,252129,10,1238,637,383
2391,252219,10,1236,635,382
2392,252311,10,1232,631,383
2393,252373,9,1232,631,383
2394,252465,10,1237,633,382
2395,252627,10,1241,632,382
2396,252696,12,1242,632,385
2397,252792,9,1247,630,391
2398,252873,9,1259,642,391
2399,252952,11,1262,646,389
2400,253028,9,1265,644,398
2401,253122,11,1265,646,398
2402,253200,10,1266,640,403
2403,253272,10,1267,641,403
2404,253361,10,1269,643,403
2405,253438,10,1276,647,403
2406,253539,10,1277,648,401
2407,253621,10,1301,673,400
2408,253709,10,1300,670,404
2409,253791,10,1302,672,404
2410,253863,11,1307,677,402
2411,254045,10,1315,682,403
2412,254103,9,1330,697,403
2413,254183,9,1331,698,403
2414,254270,9,1336,700,405
2415,254351,10,1346,708,407
2416,254457,11,1358,716,410
2417,254533,10,1358,714,412
2418,254611,10,1364,719,413
2419,254702,11,1369,721,415
2420,254793,10,1368,721,412
2421,254874,11,1378,730,408
2422,254956,11,1379,726,416
2423,255054,10,1379,724,415
2424,255127,11,1380,722,409
2425,255211,11,1381,723,409
2426,255297,10,1382,715,418
2427,255501,10,1385,717,420
2428,255596,12,1385,716,423
2429,255674,11,1392,719,426
2430,255783,14,1395,724,424
2431,255860,11,1397,723,422
2432,255940,11,1396,721,425
2433,256026,10,1399,724,425
2434,256111,10,1401,725,428
2435,256196,11,1401,723,433
2436,256274,13,1410,730,432
2437,256362,11,1410,731,431
2438,256456,11,1411,732,431
2439,256547,11,1419,741,431
2440,256637,12,1422,744,431
2441,256739,14,1424,746,431
2442,256836,14,1425,747,431
2443,256933,11,1423,747,429
2444,257138,10,1423,738,442
2445,257219,11,1422,738,442
2446,257292,10,1423,738,444
2447,257374,10,1429,742,444
2448,257462,11,1433,745,446
2449,257544,11,1440,752,446
2450,257642,11,1440,747,450
2451,257721,11,1437,743,452
2452,257808,10,1440,746,452
2453,257898,11,1442,748,452
2454,257993,11,1443,749,452
2455,258070,12,1452,758,451
2456,258143,11,1456,761,451
2457,258223,10,1456,761,451
2458,258295,11,1460,765,450
2459,258376,11,1467,771,449
2460,258471,11,1470,770,450
2461,258671,11,1470,767,459
2462,258747,12,1488,786,456
2463,258818,12,1488,783,460
2464,258918,11,1487,785,457
2465,259012,13,1494,792,457
2466,259100,12,1507,805,457
2467,259198,12,1512,810,457
2468,259282,12,1525,823,457
2469,259360,13,1526,824,457
2470,259451,12,1531,827,457
2471,259543,12,1531,826,459
2472,259653,12,1532,824,462
2473,259738,12,1542,835,460
2474,259821,11,1542,831,464
2475,259898,12,1543,832,464
2476,259994,12,1547,836,464
2477,260087,12,1557,844,469
2478,260175,12,1561,846,471
2479,260392,12,1563,844,474
2480,260487,12,1568,844,477
2481,260560,13,1568,842,480
2482,260652,11,1575,846,482
2483,260735,12,1596,867,482
2484,260807,12,1595,867,481
2485,260881,12,1593,867,479
2486,260966,11,1594,866,482
2487,261050,13,1599,871,482
2488,261138,11,1601,873,482
2489,261215,12,1604,876,479
2490,261303,12,1612,884,477
2491,261393,12,1604,883,471
2492,261482,13,1613,890,470
2493,261570,13,1616,892,472
2494,261640,13,1621,896,473
2495,261745,13,1621,895,474
2496,261966,13,1627,899,476
2497,262058,13,1626,893,481
2498,262168,20,1630,895,482
2499,262244,12,1645,910,481
2500,262328,13,1651,909,486
2501,262409,13,1662,919,486
2502,262485,14,1669,923,492
2503,262594,13,1675,921,500
2504,262701,18,1683,914,516
2505,262809,16,1685,909,526
2506,262912,14,1689,908,534
2507,263017,16,1694,905,537
2508,263123,14,1694,894,548
2509,263221,13,1700,877,573
2510,263329,14,1700,842,606
2511,263429,14,1706,838,616
2512,263675,174,1723,847,638
2513,263772,14,1731,836,658
2514,263876,12,1728,831,663
2515,263992,14,1731,818,682
2516,264098,13,1733,812,687
2517,264197,16,1730,800,704
2518,264283,13,1730,789,718
2519,264381,12,1730,776,734
2520,264467,13,1734,787,727
2521,264562,14,1734,770,744
2522,264664,14,1732,763,756
2523,264748,13,1730,762,754
2524,264830,12,1744,771,759
2525,264934,13,1744,771,759
2526,265028,13,1745,761,769
2527,265165,16,1750,740,798
2528,265394,12,1753,726,817
2529,265480,12,1754,727,817
2530,265575,13,1757,730,815
2531,265668,14,1758,723,821
2532,265763,13,1761,726,821
2533,265863,13,1764,722,828
2534,265961,13,1766,713,839
2535,266059,14,1763,713,836
2536,266150,13,1778,713,854
2537,266245,13,1781,702,871
2538,266337,14,1788,695,877
2539,266443,14,1787,687,885
2540,266553,12,1787,685,890
2541,266789,11,1787,678,896
2542,266861,11,1787,665,911
2543,266956,14,1792,670,910
2544,267052,14,1800,678,910
2545,267145,13,1804,686,904
2546,267235,14,1801,688,899
2547,267329,13,1804,691,899
2548,267434,13,1811,694,903
2549,267521,14,1811,690,910
2550,267616,14,1812,683,919
2551,267696,13,1821,690,923
2552,267793,13,1824,693,923
2553,267878,14,1830,696,930
2554,268162,13,1839,691,947
2555,268248,14,1847,681,961
2556,268345,14,1846,671,970
2557,268428,14,1849,677,967
2558,268514,15,1850,672,976
2559,268592,13,1863,684,977
2560,268668,14,1863,684,977
2561,268784,14,1865,687,976
2562,268885,14,1860,683,977
2563,268974,14,1889,712,977
2564,269071,16,1892,715,977
2565,269176,15,1894,712,985
2566,269264,14,1900,718,993
2567,269523,14,1901,693,1018
2568,269601,13,1900,687,1024
2569,269687,14,1901,690,1021
2570,269782,13,1901,684,1029
2571,269890,15,1909,685,1036
2572,269996,15,1909,676,1051
2573,270088,14,1925,689,1054
2574,270196,15,1919,689,1048
2575,270286,14,1926,696,1046
2576,270381,15,1926,694,1045
2577,270469,14,1926,694,1041
2578,270565,14,1926,696,1039
2579,270646,15,1923,700,1031
2580,270878,15,1921,700,1029
2581,270978,14,1920,703,1025
2582,271083,15,1922,705,1025
2583,271172,16,1925,706,1024
2584,271271,14,1925,706,1024
2585,271353,13,1925,706,1024
2586,271451,15,1925,706,1024
2587,271539,14,1923,707,1018
2588,271632,15,1920,707,1015
2589,271716,17,1928,715,1015
2590,271794,14,1941,728,1014
2591,271888,15,1942,729,1014
2592,272084,134,1945,732,1014
2593,272173,14,1950,737,1014
2594,272271,16,1956,743,1014
2595,272375,14,1957,745,1013
2596,272458,15,1961,749,1013
2597,272546,20,1962,750,1013
2598,272638,14,1970,758,1011
2599,272728,15,1970,758,1011
2600,272814,15,1970,758,1011
2601,272903,16,1974,763,1010
2602,272991,14,1979,768,1010
2603,273086,15,1981,769,1011
2604,273176,15,1982,767,1011
2605,273418,14,1988,751,1034
2606,273522,15,1987,738,1045
2607,273612,14,1986,738,1043
2608,273704,15,1987,731,1051
2609,273789,15,1987,729,1053
2610,273893,14,1988,717,1063
2611,273995,17,1989,716,1072
2612,274096,16,1990,711,1081
2613,274186,15,1989,698,1092
2614,274294,20,1989,696,1095
2615,274392,17,1989,688,1096
2616,274468,17,1998,694,1098
2617,274549,16,2003,690,1107
2618,274795,148,2003,688,1109
2619,274885,15,2000,674,1115
2620,274972,15,1999,670,1114
2621,275066,14,2000,669,1114
2622,275144,15,1993,653,1123
2623,275234,15,2003,659,1123
2624,275318,15,2003,654,1128
2625,275388,14,1997,654,1122
2626,275479,15,1995,645,1130
2627,275562,13,1995,644,1131
2628,275650,15,1997,635,1147
2629,275735,16,1997,631,1148
2630,275841,14,1994,620,1156
2631,275951,15,2007,629,1157
2632,276161,131,2017,623,1171
2633,276255,15,2015,614,1180
2634,276341,15,2021,609,1190
2635,276423,14,2022,604,1200
2636,276525,15,2024,602,1205
2637,276605,15,2027,605,1205
2638,276691,16,2043,621,1205
2639,276783,16,2043,617,1203
2640,276867,15,2044,617,1204
2641,276968,16,2035,605,1207
2642,277072,16,2036,601,1212
2643,277176,17,2044,604,1215
2644,277264,15,2050,611,1214
2645,277356,15,2062,612,1230
2646,277454,17,2063,611,1232
2647,279443,1919,2070,536,1323
2648,279540,16,2073,514,1352
2649,279637,16,2070,508,1349
2650,279747,15,2069,507,1349
2651,279828,15,2072,504,1356
2652,279921,15,2072,497,1362
2653,280009,15,2081,504,1362
2654,280499,160,718,486,14
2655,280580,7,722,487,17
2656,280664,6,725,489,17
2657,280727,6,725,488,18
2658,280810,6,735,494,19
2659,280881,6,738,489,25
2660,280962,6,739,490,25
2661,281073,6,746,494,32
2662,281155,6,756,504,30
2663,281250,6,757,500,30
2664,281332,6,757,493,38
2665,281406,6,765,500,44
2666,281484,7,773,506,44
2667,281568,7,778,507,51
2668,281667,6,780,509,51
2669,281755,7,786,511,54
2670,281827,7,797,517,60
2671,281909,6,804,521,61
2672,281982,6,804,521,61
2673,282070,8,816,528,73
2674,282149,6,826,536,75
2675,282227,8,834,543,75
2676,282301,7,833,546,70
2677,282391,8,838,544,71
2678,282462,7,848,552,73
2679,282547,7,857,561,73
2680,282624,8,860,562,75
2681,282750,8,866,564,83
2682,282833,7,874,571,86
2683,282933,8,876,571,88
2684,283023,7,877,572,87
2685,283109,8,880,576,86
2686,283201,8,882,576,88
2687,283276,7,903,587,92
2688,283358,7,906,585,100
2689,283429,8,910,588,100
2690,283498,8,914,591,96
2691,283574,8,914,590,97
2692,283644,8,914,589,98
2693,283727,8,916,589,100
2694,283837,8,918,584,107
2695,283921,7,925,589,107
2696,284001,8,930,594,107
2697,284108,8,939,594,112
2698,284207,7,944,597,113
2699,284278,7,940,592,115
2700,284423,8,940,592,115
2701,284517,7,953,594,127
2702,284618,10,955,587,137
2703,284700,9,961,595,135
2704,284782,8,961,582,148
2705,284852,8,968,589,147
2706,284931,8,988,608,147
2707,285012,8,989,606,147
2708,285092,8,989,606,147
2709,285165,8,1003,618,152
2710,285267,9,1012,625,153
2711,285360,9,1016,625,154
2712,285434,8,1017,626,154
2713,285507,9,1031,640,154
2714,285636,12,1033,639,157
2715,285760,9,1033,628,169
2716,285839,8,1035,627,173
2717,285913,8,1042,630,177
2718,286020,8,1045,624,187
2719,286182,8,1045,621,193
2720,286260,9,1056,629,194
2721,286347,8,1058,631,194
2722,286444,9,1064,634,202
2723,286536,9,1072,639,211
2724,286627,9,1082,648,212
2725,286722,8,1090,652,214
2726,286804,10,1090,651,216
2727,286876,9,1091,650,218
2728,286959,9,1085,650,212
2729,287036,9,1083,651,209
2730,287122,9,1092,655,212
2731,287205,10,1094,653,216
2732,287294,9,1095,654,216
2733,287373,8,1096,655,216
2734,287462,9,1097,655,215
2735,287549,10,1113,670,216
2736,287718,8,1120,675,218
2737,287808,9,1126,675,226
2738,287892,9,1124,668,231
2739,287966,9,1124,668,231
2740,288032,9,1141,678,234
2741,288124,10,1142,676,234
2742,288198,9,1144,678,234
2743,288267,9,1153,686,235
2744,288339,9,1156,687,235
2745,288412,10,1157,686,236
2746,288494,10,1162,690,236
2747,288586,10,1162,691,234
2748,288663,9,1162,690,236
2749,288756,9,1163,686,243
2750,288840,10,1163,686,243
2751,288924,10,1166,687,245
2752,289025,13,1173,694,245
2753,289100,12,1177,701,242
2754,289274,9,1175,699,241
2755,289365,9,1177,701,240
2756,289446,9,1193,715,236
2757,289531,9,1196,716,237
2758,289606,9,1196,716,237
2759,289695,9,1212,729,236
2760,289777,10,1211,730,234
2761,289864,9,1214,733,234
2762,289933,9,1218,733,235
2763,290023,10,1245,757,236
2764,290098,10,1258,772,225
2765,290178,10,1259,771,229
2766,290255,10,1260,771,229
2767,290321,10,1261,772,229
2768,290411,10,1260,772,225
2769,290486,10,1266,776,225
2770,290576,10,1260,776,219
2771,290656,11,1274,790,219
2772,290816,10,1275,786,224
2773,290897,10,1275,785,224
2774,290993,11,1285,790,228
2775,291080,11,1293,797,227
2776,291170,11,1299,799,228
2777,291264,10,1301,799,232
2778,291351,11,1313,805,238
2779,291432,10,1313,804,239
2780,291525,10,1318,808,238
2781,291608,11,1319,804,242
2782,291699,10,1328,808,240
2783,291767,12,1333,813,240
2784,291851,13,1336,816,240
2785,291957,11,1338,818,240
2786,292039,12,1340,820,240
2787,292131,11,1342,819,244
2788,292220,11,1345,819,245
2789,292305,13,1349,822,245
2790,292481,11,1348,820,247
2791,292566,11,1354,824,252
2792,292657,10,1355,819,260
2793,292749,11,1352,819,257
2794,292835,10,1361,813,275
2795,292937,15,1364,793,301
2796,293032,16,1372,793,317
2797,293131,11,1368,787,320
2798,293227,11,1373,792,320
2799,293316,10,1386,786,340
2800,293419,10,1394,772,365
2801,293515,11,1399,768,375
2802,293618,12,1404,773,375
2803,293724,12,1406,772,378
2804,293820,11,1415,764,395
2805,293909,11,1411,759,396
2806,293991,11,1418,766,396
2807,294198,133,1424,756,414
2808,294284,12,1431,752,426
2809,294365,12,1452,758,440
2810,294459,11,1451,753,448
2811,294558,12,1456,749,459
2812,294651,12,1459,744,470
2813,294743,12,1462,739,479
2814,294837,12,1474,754,476
2815,294920,12,1478,750,481
2816,295000,13,1473,744,484
2817,295106,13,1473,745,481
2818,295193,12,1487,755,484
2819,295273,12,1487,755,484
2820,295374,12,1487,756,482
2821,295469,11,1494,757,489
2822,295556,11,1493,744,506
2823,295630,12,1504,737,527
2824,295715,11,1507,742,525
2825,295805,12,1510,744,526
2826,296016,132,1514,713,571
2827,296131,11,1521,710,583
2828,296222,11,1522,705,588
2829,296296,11,1526,704,593
2830,296379,12,1520,705,586
2831,296462,11,1520,706,585
2832,296563,11,1521,699,594
2833,296646,12,1539,717,594
2834,296735,12,1536,717,591
2835,296825,12,1537,713,595
2836,296916,12,1539,713,597
2837,297003,12,1542,702,617
2838,297084,12,1549,693,634
2839,297180,11,1550,694,634
2840,297276,12,1553,690,642
2841,297354,11,1555,690,644
2842,297444,11,1555,690,644
2843,297543,12,1561,695,645
2844,297776,159,1572,707,641
2845,297848,11,1578,696,648
2846,297937,12,1575,697,644
2847,298018,12,1577,701,641
2848,298111,13,1577,702,640
2849,298220,12,1586,707,641
2850,298292,12,1593,712,644
2851,298371,12,1597,707,657
2852,298466,12,1601,713,657
2853,298553,13,1617,720,665
2854,298648,12,1626,727,665
2855,298752,12,1627,726,667
2856,298843,13,1627,726,667
2857,298944,13,1634,733,667
2858,299040,12,1634,725,677
2859,299140,13,1638,720,686
2860,299248,13,1645,726,683
2861,299342,13,1647,707,710
2862,299596,12,1653,717,706
2863,299691,12,1657,718,711
2864,299773,12,1663,717,719
2865,299846,12,1668,721,720
2866,299929,12,1667,714,726
2867,300018,12,1672,719,726
