tick,timestamp,query_runtime,trav_index_nodes,trav_vol_nodes,trav_unprod_nodes
0,589,3,7,7,0
1,902,3,12,12,0
2,1171,1,24,24,0
3,1381,1,34,34,0
4,1774,2,42,42,0
5,1994,3,50,50,0
6,2201,4,55,55,0
7,2407,9,80,80,0
8,2611,2,86,86,0
9,2861,2,94,94,0
10,3073,11,113,113,0
11,3325,2,121,121,0
12,3539,2,151,151,0
13,3673,4,164,164,0
14,3912,3,171,171,0
15,4059,3,178,178,0
16,4188,4,182,182,0
17,4341,2,187,187,0
18,4559,3,206,206,0
19,4753,4,210,210,0
20,4907,5,211,211,0
21,5150,3,219,219,0
22,5267,4,236,236,0
23,5421,4,243,243,0
24,5560,2,258,258,0
25,5681,3,262,262,0
26,5796,2,270,270,0
27,5907,3,276,276,0
28,6011,3,294,294,0
29,6153,2,311,311,0
30,6328,3,313,313,0
31,6468,3,315,315,0
32,6587,3,320,320,0
33,6687,2,338,338,0
34,6798,7,342,342,0
35,6919,5,353,353,0
36,6983,2,355,355,0
37,7068,3,358,358,0
38,7177,3,366,366,0
39,7294,4,382,382,0
40,7403,5,386,386,0
41,7517,4,403,403,0
42,7656,4,406,406,0
43,7771,3,408,408,0
44,7918,7,424,424,0
45,8049,5,437,437,0
46,8236,3,443,443,0
47,8343,4,448,448,0
48,8461,5,451,451,0
49,8555,4,464,464,0
50,8672,4,472,472,0
51,8769,3,483,483,0
52,8863,3,494,494,0
53,8969,3,499,499,0
54,9061,3,508,508,0
55,9182,4,512,512,0
56,9309,4,520,520,0
57,9410,3,529,529,0
58,9507,4,543,543,0
59,9602,4,551,551,0
60,9732,5,572,572,0
61,9851,5,586,586,0
62,10230,3,591,591,0
63,10326,4,604,604,0
64,10438,4,610,610,0
65,10545,4,617,617,0
66,10632,4,631,631,0
67,10725,6,634,634,0
68,10819,5,644,644,0
69,10919,4,654,654,0
70,11010,4,679,679,0
71,11113,5,689,689,0
72,11225,6,692,692,0
73,11305,7,715,715,0
74,11391,5,745,745,0
75,11519,6,750,750,0
76,11608,5,761,761,0
77,11713,5,773,773,0
78,11812,5,779,779,0
79,11936,5,780,780,0
80,12117,7,791,791,0
81,12236,8,795,795,0
82,12368,8,803,803,0
83,12506,13,804,804,0
84,12597,7,805,805,0
85,12685,14,814,814,0
86,12842,5,818,818,0
87,12945,6,824,824,0
88,13044,6,829,829,0
89,13155,5,835,835,0
90,13260,6,840,840,0
91,13367,5,858,858,0
92,13458,6,864,864,0
93,13534,6,866,866,0
94,13634,7,880,880,0
95,13721,6,887,887,0
96,13807,6,888,888,0
97,13898,6,891,891,0
98,13991,6,893,893,0
99,14068,8,914,914,0
100,14179,6,921,921,0
101,14283,6,924,924,0
102,14379,6,927,927,0
103,14458,6,931,931,0
104,14548,7,936,936,0
105,14637,7,939,939,0
106,14731,6,944,944,0
107,14871,6,954,954,0
108,14975,6,965,965,0
109,15152,68,980,980,0
110,15259,6,982,982,0
111,15354,6,985,985,0
112,15455,6,990,990,0
113,15561,6,997,997,0
114,15658,6,1004,1004,0
115,15769,7,1016,1016,0
116,15881,11,1020,1020,0
117,15978,6,1023,1023,0
118,16106,8,1029,1029,0
119,16215,7,1033,1033,0
120,16321,6,1036,1036,0
121,16416,7,1038,1038,0
122,16516,6,1042,1042,0
123,16614,7,1049,1049,0
124,16706,6,1056,1056,0
125,16822,7,1061,1061,0
126,16916,7,1078,1078,0
127,17012,7,1078,1078,0
128,17095,9,1080,1080,0
129,17187,9,1091,1091,0
130,17279,9,1100,1100,0
131,17369,8,1103,1103,0
132,17452,7,1103,1103,0
133,17553,8,1118,1118,0
134,17650,8,1131,1131,0
135,17725,8,1143,1143,0
136,17852,11,1147,1147,0
137,17956,13,1154,1154,0
138,18055,11,1164,1164,0
139,18152,11,1166,1166,0
140,18300,25,1167,1167,0
141,19023,7,1170,1170,0
142,19121,7,1181,1181,0
143,19206,7,1184,1184,0
144,19283,7,1201,1201,0
145,19372,8,1212,1212,0
146,19452,8,1215,1215,0
147,19553,8,1225,1225,0
148,19641,9,1228,1228,0
149,19735,9,1230,1230,0
150,19841,10,1234,1234,0
151,19947,9,1244,1244,0
152,20050,9,1249,1249,0
153,20145,11,1253,1253,0
154,20245,8,1262,1262,0
155,20364,8,1268,1268,0
156,20457,9,1282,1282,0
157,20537,10,1290,1290,0
158,20625,9,1290,1290,0
159,20718,9,1295,1295,0
160,20811,8,1309,1309,0
161,20903,9,1320,1320,0
162,21005,9,1323,1323,0
163,21097,10,1333,1333,0
164,21215,9,1337,1337,0
165,21306,12,1348,1348,0
166,21422,18,1358,1358,0
167,21521,13,1373,1373,0
168,21653,10,1390,1390,0
169,21755,9,1393,1393,0
170,21934,87,1397,1397,0
171,22040,9,1403,1403,0
172,22115,8,1408,1408,0
173,22201,9,1414,1414,0
174,22301,10,1416,1416,0
175,22405,10,1429,1429,0
176,22495,11,1440,1440,0
177,22594,10,1448,1448,0
178,22689,9,1454,1454,0
179,22792,9,1461,1461,0
180,22894,10,1466,1466,0
181,22982,11,1467,1467,0
182,23099,9,1478,1478,0
183,23199,13,1484,1484,0
184,23323,11,1488,1488,0
185,23434,9,1512,1512,0
186,23538,13,1515,1515,0
187,23641,14,1517,1517,0
188,23757,14,1525,1525,0
189,23872,12,1535,1535,0
190,23981,13,1543,1543,0
191,24112,11,1560,1560,0
192,24211,15,1573,1573,0
193,24458,14,1576,1576,0
194,24553,13,1582,1582,0
195,24665,14,1590,1590,0
196,24753,12,1602,1602,0
197,24857,13,1602,1602,0
198,24979,12,1605,1605,0
199,25083,14,1608,1608,0
200,25199,11,1622,1622,0
201,25315,12,1622,1622,0
202,25442,22,1626,1626,0
203,25544,22,1633,1633,0
204,25652,19,1638,1638,0
205,25770,17,1639,1639,0
206,25878,21,1651,1651,0
207,26109,12,1654,1654,0
208,26204,11,1659,1659,0
209,26284,12,1673,1673,0
210,26425,17,1679,1679,0
211,26559,15,1682,1682,0
212,26646,12,1685,1685,0
213,26763,13,1689,1689,0
214,26867,11,1692,1692,0
215,26958,13,1705,1705,0
216,27044,12,1708,1708,0
217,27138,13,1713,1713,0
218,27241,13,1714,1714,0
219,27327,14,1716,1716,0
220,27422,11,1726,1726,0
221,27503,14,1741,1741,0
222,27605,12,1742,1742,0
223,27719,14,1746,1746,0
224,27805,16,1750,1750,0
225,27932,18,1757,1757,0
226,28049,13,1762,1762,0
227,28142,13,1771,1771,0
228,28246,15,1777,1777,0
229,28363,13,1785,1785,0
230,28468,17,1791,1791,0
231,28588,14,1812,1812,0
232,28683,18,1816,1816,0
233,28780,18,1825,1825,0
234,28881,15,1833,1833,0
235,29004,13,1840,1840,0
236,29115,14,1841,1841,0
237,29219,15,1846,1846,0
238,29319,18,1856,1856,0
239,29594,21,1869,1869,0
240,29717,15,1874,1874,0
241,29813,14,1874,1874,0
