tick,timestamp,query_runtime,trav_index_nodes,trav_vol_nodes,trav_unprod_nodes
0,514,4,0,0,0
1,736,1,0,0,0
2,958,1,0,0,0
3,1135,1,0,0,0
4,1290,1,0,0,0
5,1448,1,0,0,0
6,1602,1,0,0,0
7,1751,2,0,0,0
8,1900,4,0,0,0
9,2086,2,0,0,0
10,6810,3,0,0,0
11,6988,1,0,0,0
12,7182,1,0,0,0
13,7313,1,0,0,0
14,7427,1,0,0,0
15,7534,1,0,0,0
16,7657,1,0,0,0
17,7776,1,0,0,0
18,7939,2,0,0,0
19,8047,1,0,0,0
20,8155,2,0,0,0
21,8269,1,0,0,0
22,8382,1,0,0,0
23,8494,2,0,0,0
24,8610,2,0,0,0
25,8733,1,0,0,0
26,8841,1,0,0,0
27,8976,1,0,0,0
28,9079,1,0,0,0
29,9223,1,0,0,0
30,9327,2,0,0,0
31,9492,1,0,0,0
32,9600,1,0,0,0
33,9705,1,0,0,0
34,9798,2,0,0,0
35,9894,2,0,0,0
36,10007,2,0,0,0
37,10113,5,0,0,0
38,10219,4,0,0,0
39,10315,1,0,0,0
40,10415,1,0,0,0
41,10506,1,0,0,0
42,10617,1,0,0,0
43,10717,2,0,0,0
44,10819,1,0,0,0
45,10904,2,0,0,0
46,11007,2,0,0,0
47,11103,1,0,0,0
48,11342,1,0,0,0
49,11430,1,0,0,0
50,11527,2,0,0,0
51,11631,2,0,0,0
52,11736,2,0,0,0
53,11798,1,0,0,0
54,11919,2,0,0,0
55,12014,2,0,0,0
56,12121,2,0,0,0
57,12216,2,0,0,0
58,12282,2,0,0,0
59,12380,2,0,0,0
60,12477,2,0,0,0
61,12558,2,0,0,0
62,12642,2,0,0,0
63,12740,1,0,0,0
64,12816,2,0,0,0
65,12893,2,0,0,0
66,12977,2,0,0,0
67,13078,2,0,0,0
68,13532,2,0,0,0
69,13618,1,0,0,0
70,13701,2,0,0,0
71,13784,2,0,0,0
72,13877,2,0,0,0
73,13962,2,0,0,0
74,14056,2,0,0,0
75,14150,2,0,0,0
76,14234,2,0,0,0
77,14329,2,0,0,0
78,14427,2,0,0,0
79,14524,2,0,0,0
80,14625,3,0,0,0
81,14724,2,0,0,0
82,14816,3,0,0,0
83,14903,3,0,0,0
84,15000,2,0,0,0
85,15088,4,0,0,0
86,15161,2,0,0,0
87,15505,2,0,0,0
88,15590,3,0,0,0
89,15673,3,0,0,0
90,15764,3,0,0,0
91,15845,3,0,0,0
92,15953,3,0,0,0
93,16033,2,0,0,0
94,16099,3,0,0,0
95,16191,2,0,0,0
96,16266,2,0,0,0
97,16369,3,0,0,0
98,16483,2,0,0,0
99,16573,3,0,0,0
100,16668,2,0,0,0
101,16776,3,0,0,0
102,16893,3,0,0,0
103,16995,3,0,0,0
104,17115,3,0,0,0
105,17195,3,0,0,0
106,17847,3,0,0,0
107,17971,4,0,0,0
108,18091,3,0,0,0
109,18189,3,0,0,0
110,18302,2,0,0,0
111,18383,3,0,0,0
112,18475,3,0,0,0
113,18552,3,0,0,0
114,18652,3,0,0,0
115,18750,3,0,0,0
116,18837,4,0,0,0
117,18930,3,0,0,0
118,19031,4,0,0,0
119,19113,3,0,0,0
120,19198,4,0,0,0
121,19320,3,0,0,0
122,19430,3,0,0,0
123,19520,3,0,0,0
124,19600,4,0,0,0
125,19830,3,0,0,0
126,19917,3,0,0,0
127,19981,3,0,0,0
128,20068,3,0,0,0
129,20142,3,0,0,0
130,20207,4,0,0,0
131,20288,3,0,0,0
132,20389,3,0,0,0
133,20511,3,0,0,0
134,20595,3,0,0,0
135,20682,4,0,0,0
136,20763,3,0,0,0
137,20833,4,0,0,0
138,20922,4,0,0,0
139,21000,4,0,0,0
140,21104,3,0,0,0
141,21175,3,0,0,0
142,21270,4,0,0,0
143,21372,4,0,0,0
144,21786,3,0,0,0
145,21893,4,0,0,0
146,22001,4,0,0,0
147,22086,4,0,0,0
148,22173,4,0,0,0
149,22250,4,0,0,0
150,22339,4,0,0,0
151,22405,4,0,0,0
152,22465,3,0,0,0
153,22542,4,0,0,0
154,22634,4,0,0,0
155,22706,4,0,0,0
156,22791,4,0,0,0
157,22870,4,0,0,0
158,22951,4,0,0,0
159,23036,4,0,0,0
160,23130,5,0,0,0
161,23208,4,0,0,0
162,23335,54,0,0,0
163,23409,5,0,0,0
164,23494,5,0,0,0
165,23585,4,0,0,0
166,23684,4,0,0,0
167,23748,5,0,0,0
168,23841,5,0,0,0
169,23919,4,0,0,0
170,24010,4,0,0,0
171,24095,4,0,0,0
172,24212,5,0,0,0
173,24305,9,0,0,0
174,24396,7,0,0,0
175,24485,7,0,0,0
176,24582,5,0,0,0
177,24666,5,0,0,0
178,24759,5,0,0,0
179,24848,4,0,0,0
180,25055,4,0,0,0
181,25147,5,0,0,0
182,25237,5,0,0,0
183,25344,6,0,0,0
184,25424,5,0,0,0
185,25505,5,0,0,0
186,25583,6,0,0,0
187,25673,5,0,0,0
188,25761,5,0,0,0
189,25859,5,0,0,0
190,25930,6,0,0,0
191,26023,5,0,0,0
192,26120,5,0,0,0
193,26211,7,0,0,0
194,26299,8,0,0,0
195,26414,11,0,0,0
196,26518,9,0,0,0
197,26612,5,0,0,0
198,26779,7,0,0,0
199,26851,5,0,0,0
200,26921,5,0,0,0
