tick,timestamp,query_runtime,trav_index_nodes,trav_vol_nodes,trav_unprod_nodes
0,617,7,0,0,0
1,844,17,0,0,0
2,1140,101,0,0,0
3,1332,8,0,0,0
4,1849,10,0,0,0
5,2002,6,0,0,0
6,2190,7,0,0,0
7,2573,43,0,0,0
8,2992,8,0,0,0
9,3142,6,0,0,0
10,3293,8,0,0,0
11,3444,8,0,0,0
12,3780,7,0,0,0
13,3997,8,0,0,0
14,4199,7,0,0,0
15,4329,13,0,0,0
16,4575,124,0,0,0
17,5203,67,0,0,0
18,5547,70,0,0,0
19,6039,9,0,0,0
20,6148,7,0,0,0
21,6266,8,0,0,0
22,6388,7,0,0,0
23,6490,7,0,0,0
24,6638,18,0,0,0
25,6771,10,0,0,0
26,7202,9,0,0,0
27,7323,10,0,0,0
28,7442,10,0,0,0
29,7563,10,0,0,0
30,7673,12,0,0,0
31,7799,17,0,0,0
32,7908,10,0,0,0
33,8031,27,0,0,0
34,8564,190,0,0,0
35,9163,220,0,0,0
36,9637,148,0,0,0
37,10490,573,0,0,0
38,10605,13,0,0,0
39,10719,13,0,0,0
40,10826,14,0,0,0
41,10943,14,0,0,0
42,11068,21,0,0,0
43,11200,14,0,0,0
44,11315,15,0,0,0
45,11440,16,0,0,0
46,11558,16,0,0,0
47,11655,15,0,0,0
48,11734,15,0,0,0
49,12436,16,0,0,0
50,12523,16,0,0,0
51,12646,16,0,0,0
52,12739,15,0,0,0
53,12861,17,0,0,0
54,12973,17,0,0,0
55,13096,17,0,0,0
56,13199,19,0,0,0
57,13302,17,0,0,0
58,13395,17,0,0,0
59,13519,18,0,0,0
60,13730,100,0,0,0
61,14304,244,0,0,0
62,14898,301,0,0,0
63,15431,246,0,0,0
64,16903,1206,0,0,0
65,17007,17,0,0,0
66,17108,18,0,0,0
67,17198,19,0,0,0
68,17310,20,0,0,0
69,17404,20,0,0,0
70,17509,19,0,0,0
71,17633,21,0,0,0
72,17746,23,0,0,0
73,17868,27,0,0,0
74,17993,36,0,0,0
75,18130,24,0,0,0
76,18269,31,0,0,0
77,18360,22,0,0,0
78,18467,31,0,0,0
79,19006,460,0,0,0
80,19139,23,0,0,0
81,19248,22,0,0,0
82,19390,23,0,0,0
83,19510,24,0,0,0
84,19626,24,0,0,0
85,19720,24,0,0,0
86,19824,24,0,0,0
87,19937,24,0,0,0
88,20047,23,0,0,0
89,20147,24,0,0,0
90,20257,25,0,0,0
91,20345,24,0,0,0
92,20449,25,0,0,0
93,20627,77,0,0,0
94,21053,317,0,0,0
95,21532,263,0,0,0
96,22041,274,0,0,0
97,22521,247,0,0,0
98,23035,266,0,0,0
99,23780,483,0,0,0
100,23873,26,0,0,0
101,23979,24,0,0,0
102,24098,28,0,0,0
103,24223,31,0,0,0
104,24338,27,0,0,0
105,24450,27,0,0,0
106,24557,27,0,0,0
107,24656,29,0,0,0
108,24762,28,0,0,0
109,24907,30,0,0,0
110,25034,30,0,0,0
111,25145,29,0,0,0
112,25242,29,0,0,0
113,25387,30,0,0,0
114,25524,29,0,0,0
115,25637,30,0,0,0
116,25775,30,0,0,0
117,25900,35,0,0,0
118,26849,871,0,0,0
119,26956,32,0,0,0
120,27069,32,0,0,0
121,27182,32,0,0,0
122,27303,34,0,0,0
123,27413,33,0,0,0
124,27518,33,0,0,0
125,27642,35,0,0,0
126,27765,33,0,0,0
127,27875,33,0,0,0
128,27989,33,0,0,0
129,28110,34,0,0,0
130,28245,38,0,0,0
131,28339,34,0,0,0
132,28445,34,0,0,0
133,28558,34,0,0,0
134,28700,35,0,0,0
135,28829,32,0,0,0
136,28966,53,0,0,0
137,29315,154,0,0,0
138,29664,37,0,0,0
139,29769,33,0,0,0
140,29894,33,0,0,0
141,30008,36,0,0,0
142,30138,35,0,0,0
143,30266,35,0,0,0
144,30398,34,0,0,0
145,30526,36,0,0,0
146,30673,37,0,0,0
147,30848,40,0,0,0
148,30970,40,0,0,0
149,31106,37,0,0,0
150,31221,38,0,0,0
151,31350,38,0,0,0
152,31471,37,0,0,0
153,31613,38,0,0,0
154,31759,69,0,0,0
155,32088,218,0,0,0
156,32228,46,0,0,0
157,32361,38,0,0,0
158,32493,37,0,0,0
159,32607,40,0,0,0
160,32751,40,0,0,0
161,32882,40,0,0,0
162,33025,45,0,0,0
163,33145,38,0,0,0
164,33305,43,0,0,0
165,33459,43,0,0,0
166,33607,48,0,0,0
167,33737,42,0,0,0
168,33861,43,0,0,0
169,33992,42,0,0,0
170,34120,43,0,0,0
171,34250,46,0,0,0
172,34477,153,0,0,0
173,34615,44,0,0,0
174,34762,46,0,0,0
175,34883,43,0,0,0
176,35008,44,0,0,0
177,35145,43,0,0,0
178,35279,47,0,0,0
179,35409,43,0,0,0
180,35535,44,0,0,0
181,35673,47,0,0,0
182,35805,48,0,0,0
183,35921,42,0,0,0
184,36046,48,0,0,0
185,36166,48,0,0,0
186,36289,50,0,0,0
187,36403,45,0,0,0
188,37437,45,0,0,0
189,37557,46,0,0,0
190,37675,46,0,0,0
191,37800,45,0,0,0
192,37922,51,0,0,0
193,38050,47,0,0,0
194,38161,46,0,0,0
195,38285,47,0,0,0
196,38404,47,0,0,0
197,38547,48,0,0,0
198,38656,48,0,0,0
199,38774,48,0,0,0
200,38899,49,0,0,0
201,39036,50,0,0,0
202,39172,49,0,0,0
203,39342,48,0,0,0
204,39484,55,0,0,0
205,39614,49,0,0,0
206,39762,72,0,0,0
207,39899,63,0,0,0
208,40035,50,0,0,0
209,40168,54,0,0,0
210,40305,51,0,0,0
211,40435,50,0,0,0
212,40560,51,0,0,0
213,40691,51,0,0,0
214,40851,67,0,0,0
215,40967,55,0,0,0
216,41174,107,0,0,0
217,41367,110,0,0,0
218,41512,52,0,0,0
219,41639,52,0,0,0
220,41758,56,0,0,0
221,41889,52,0,0,0
222,42017,54,0,0,0
223,42152,52,0,0,0
224,42311,59,0,0,0
225,42439,53,0,0,0
226,42568,55,0,0,0
227,42684,53,0,0,0
228,42831,55,0,0,0
229,42995,66,0,0,0
230,43113,53,0,0,0
231,43284,103,0,0,0
232,43417,57,0,0,0
233,43548,56,0,0,0
234,43680,55,0,0,0
235,43828,57,0,0,0
236,43952,56,0,0,0
237,44077,56,0,0,0
238,44224,59,0,0,0
239,44359,56,0,0,0
240,44484,56,0,0,0
241,44613,59,0,0,0
242,44768,58,0,0,0
243,44892,55,0,0,0
244,45025,59,0,0,0
245,45198,60,0,0,0
246,45337,59,0,0,0
247,45463,55,0,0,0
248,45576,57,0,0,0
249,45703,59,0,0,0
250,45864,72,0,0,0
251,46001,64,0,0,0
252,46148,62,0,0,0
253,46292,59,0,0,0
254,46428,60,0,0,0
255,46573,61,0,0,0
256,46714,61,0,0,0
257,46869,70,0,0,0
258,47064,107,0,0,0
259,47194,62,0,0,0
260,47335,60,0,0,0
261,47461,58,0,0,0
262,47596,61,0,0,0
263,47728,61,0,0,0
264,47863,64,0,0,0
265,47995,62,0,0,0
266,48114,61,0,0,0
267,48264,82,0,0,0
268,48425,78,0,0,0
269,48580,67,0,0,0
270,48700,64,0,0,0
271,48887,66,0,0,0
272,49028,66,0,0,0
273,49170,65,0,0,0
274,49297,63,0,0,0
275,49439,60,0,0,0
276,49591,70,0,0,0
277,49729,61,0,0,0
278,49865,63,0,0,0
279,50009,63,0,0,0
280,50173,65,0,0,0
281,50334,61,0,0,0
282,50484,67,0,0,0
283,51583,1025,0,0,0
284,51733,64,0,0,0
285,51868,64,0,0,0
286,51996,66,0,0,0
287,52134,64,0,0,0
288,52268,65,0,0,0
289,52402,64,0,0,0
290,52546,69,0,0,0
291,52672,64,0,0,0
292,52809,67,0,0,0
293,52971,73,0,0,0
294,53103,66,0,0,0
295,53241,85,0,0,0
296,53392,69,0,0,0
297,53522,62,0,0,0
298,53653,67,0,0,0
299,53781,71,0,0,0
300,53911,68,0,0,0
301,54062,71,0,0,0
302,54220,77,0,0,0
303,54357,71,0,0,0
304,54506,65,0,0,0
305,54634,67,0,0,0
306,54775,71,0,0,0
307,54953,110,0,0,0
308,55093,68,0,0,0
309,55254,78,0,0,0
310,55396,71,0,0,0
311,55530,68,0,0,0
312,55678,66,0,0,0
313,55812,72,0,0,0
314,55939,66,0,0,0
315,56072,70,0,0,0
316,56221,74,0,0,0
317,56361,70,0,0,0
318,56511,71,0,0,0
319,56685,69,0,0,0
320,56830,70,0,0,0
321,56958,70,0,0,0
322,57100,70,0,0,0
323,57245,76,0,0,0
324,57387,70,0,0,0
325,57549,70,0,0,0
326,57702,73,0,0,0
327,57847,72,0,0,0
328,58009,85,0,0,0
329,58158,74,0,0,0
330,58342,117,0,0,0
331,58478,74,0,0,0
332,58613,69,0,0,0
333,58776,71,0,0,0
334,58945,72,0,0,0
335,59087,74,0,0,0
336,59220,74,0,0,0
337,59364,70,0,0,0
338,59503,73,0,0,0
339,59653,72,0,0,0
340,59804,74,0,0,0
341,60025,140,0,0,0
342,60195,84,0,0,0
343,60345,74,0,0,0
344,60494,75,0,0,0
345,60653,74,0,0,0
346,60806,71,0,0,0
347,60959,72,0,0,0
348,61131,77,0,0,0
349,61333,80,0,0,0
350,61486,75,0,0,0
351,61713,148,0,0,0
352,61871,73,0,0,0
353,62023,74,0,0,0
354,62186,73,0,0,0
355,62329,76,0,0,0
356,62539,92,0,0,0
357,62693,77,0,0,0
358,62856,79,0,0,0
359,63015,78,0,0,0
360,63163,78,0,0,0
361,63391,148,0,0,0
362,63525,81,0,0,0
363,63700,81,0,0,0
364,63856,82,0,0,0
365,64014,79,0,0,0
366,64167,79,0,0,0
367,64323,82,0,0,0
368,64481,83,0,0,0
369,64631,81,0,0,0
370,64797,83,0,0,0
371,65035,141,0,0,0
372,65179,85,0,0,0
373,65341,76,0,0,0
374,65492,78,0,0,0
375,65635,81,0,0,0
376,65788,82,0,0,0
377,65960,84,0,0,0
378,66133,82,0,0,0
379,66295,82,0,0,0
380,66454,80,0,0,0
381,66667,160,0,0,0
382,66822,86,0,0,0
383,66986,85,0,0,0
384,67141,82,0,0,0
385,67294,79,0,0,0
386,67450,83,0,0,0
387,67603,88,0,0,0
388,67750,85,0,0,0
389,67917,84,0,0,0
390,68140,141,0,0,0
391,68305,90,0,0,0
392,68474,89,0,0,0
393,68635,90,0,0,0
394,68802,87,0,0,0
395,68945,83,0,0,0
396,69132,90,0,0,0
397,69330,84,0,0,0
398,69505,89,0,0,0
399,69724,150,0,0,0
400,69891,82,0,0,0
401,70072,88,0,0,0
402,70235,87,0,0,0
403,70399,85,0,0,0
404,70558,87,0,0,0
405,70734,89,0,0,0
406,70892,87,0,0,0
407,71048,91,0,0,0
408,71277,164,0,0,0
409,71445,87,0,0,0
410,71600,85,0,0,0
411,71770,85,0,0,0
412,71930,91,0,0,0
413,72082,87,0,0,0
414,72244,88,0,0,0
415,72394,83,0,0,0
416,72625,154,0,0,0
417,72785,88,0,0,0
418,72959,100,0,0,0
419,73132,95,0,0,0
420,73296,88,0,0,0
421,73437,89,0,0,0
422,73599,89,0,0,0
423,73762,93,0,0,0
424,75207,1373,0,0,0
425,75380,86,0,0,0
426,75519,86,0,0,0
427,75676,89,0,0,0
428,75833,92,0,0,0
429,75986,91,0,0,0
430,76154,93,0,0,0
431,76310,92,0,0,0
432,76505,109,0,0,0
433,76668,89,0,0,0
434,76825,91,0,0,0
435,76974,88,0,0,0
436,77102,85,0,0,0
437,77246,94,0,0,0
438,77400,92,0,0,0
439,77573,94,0,0,0
440,77795,146,0,0,0
441,77960,92,0,0,0
442,78117,91,0,0,0
443,78286,94,0,0,0
444,78457,94,0,0,0
445,78614,91,0,0,0
446,78768,94,0,0,0
447,78990,140,0,0,0
448,79153,93,0,0,0
449,79315,95,0,0,0
450,79478,89,0,0,0
451,79632,96,0,0,0
452,79785,90,0,0,0
453,79933,89,0,0,0
454,80097,92,0,0,0
455,80302,149,0,0,0
456,80466,96,0,0,0
457,80631,96,0,0,0
458,80806,99,0,0,0
459,80973,96,0,0,0
460,81143,91,0,0,0
461,81317,99,0,0,0
462,81528,154,0,0,0
463,81682,95,0,0,0
464,81835,93,0,0,0
465,82000,92,0,0,0
466,82165,97,0,0,0
467,82337,99,0,0,0
468,82506,98,0,0,0
469,82677,101,0,0,0
470,82890,149,0,0,0
471,83054,96,0,0,0
472,83222,99,0,0,0
473,83389,91,0,0,0
474,83565,104,0,0,0
475,83727,99,0,0,0
476,83894,99,0,0,0
477,84132,159,0,0,0
478,84305,104,0,0,0
479,84471,97,0,0,0
480,84641,102,0,0,0
481,84812,99,0,0,0
482,84976,98,0,0,0
483,85141,102,0,0,0
484,85312,95,0,0,0
485,85558,179,0,0,0
486,85731,100,0,0,0
487,85912,106,0,0,0
488,86086,99,0,0,0
489,86232,94,0,0,0
490,86395,101,0,0,0
491,86566,102,0,0,0
492,86838,192,0,0,0
493,87009,108,0,0,0
494,87168,98,0,0,0
495,87337,101,0,0,0
496,87511,103,0,0,0
497,87670,104,0,0,0
498,87827,101,0,0,0
499,88118,211,0,0,0
500,88287,104,0,0,0
501,88465,106,0,0,0
502,88639,98,0,0,0
503,88809,104,0,0,0
504,88982,105,0,0,0
505,89143,96,0,0,0
506,89306,102,0,0,0
507,89559,105,0,0,0
508,89739,97,0,0,0
509,89909,100,0,0,0
510,90084,100,0,0,0
511,90278,105,0,0,0
512,90473,106,0,0,0
513,90741,190,0,0,0
514,90905,99,0,0,0
515,91090,100,0,0,0
516,91285,113,0,0,0
517,91470,103,0,0,0
518,91655,100,0,0,0
519,91844,106,0,0,0
520,92111,196,0,0,0
521,92298,110,0,0,0
522,92492,118,0,0,0
523,92669,103,0,0,0
524,92872,123,0,0,0
525,93094,132,0,0,0
526,93358,200,0,0,0
527,93561,121,0,0,0
528,93739,117,0,0,0
529,93909,103,0,0,0
530,94125,129,0,0,0
531,94299,116,0,0,0
532,94590,206,0,0,0
533,94769,105,0,0,0
534,94951,103,0,0,0
535,95141,109,0,0,0
536,95332,116,0,0,0
537,95506,105,0,0,0
538,95825,249,0,0,0
539,96015,111,0,0,0
540,96194,110,0,0,0
541,96368,105,0,0,0
542,96565,113,0,0,0
543,96735,107,0,0,0
544,96912,115,0,0,0
545,97201,231,0,0,0
546,97387,115,0,0,0
547,97602,132,0,0,0
548,97789,115,0,0,0
549,97970,106,0,0,0
550,98149,112,0,0,0
551,98453,232,0,0,0
552,98637,113,0,0,0
553,98825,106,0,0,0
554,99001,113,0,0,0
555,99202,119,0,0,0
556,99378,110,0,0,0
557,101021,1569,0,0,0
558,101201,117,0,0,0
559,101395,115,0,0,0
560,101580,122,0,0,0
561,101783,137,0,0,0
562,101991,135,0,0,0
563,102208,137,0,0,0
564,102409,120,0,0,0
565,102594,114,0,0,0
566,102774,112,0,0,0
567,102975,121,0,0,0
568,103156,112,0,0,0
569,103378,136,0,0,0
570,103580,112,0,0,0
571,103762,107,0,0,0
572,103950,112,0,0,0
573,104132,118,0,0,0
574,104324,118,0,0,0
575,104504,116,0,0,0
576,104729,143,0,0,0
577,104917,117,0,0,0
578,105093,118,0,0,0
579,105282,119,0,0,0
580,105460,118,0,0,0
581,105661,121,0,0,0
582,105897,156,0,0,0
583,106078,115,0,0,0
584,106268,121,0,0,0
585,106472,120,0,0,0
586,106676,125,0,0,0
587,106858,119,0,0,0
588,107089,160,0,0,0
589,107277,119,0,0,0
590,107454,121,0,0,0
591,107637,121,0,0,0
592,107833,117,0,0,0
593,108043,131,0,0,0
594,108281,166,0,0,0
595,108472,123,0,0,0
596,108667,119,0,0,0
597,108861,114,0,0,0
598,109063,119,0,0,0
599,109259,117,0,0,0
600,109500,173,0,0,0
601,109701,126,0,0,0
602,109894,123,0,0,0
603,110103,121,0,0,0
604,110315,126,0,0,0
605,110507,119,0,0,0
606,110759,175,0,0,0
607,110956,128,0,0,0
608,111144,122,0,0,0
609,111346,126,0,0,0
610,111556,130,0,0,0
611,111734,124,0,0,0
612,111999,193,0,0,0
613,112176,116,0,0,0
614,112369,120,0,0,0
615,112565,127,0,0,0
616,112761,125,0,0,0
617,112961,125,0,0,0
618,113222,200,0,0,0
619,113430,130,0,0,0
620,113641,133,0,0,0
621,113840,121,0,0,0
622,114048,135,0,0,0
623,114254,130,0,0,0
624,114510,194,0,0,0
625,114713,128,0,0,0
626,114923,126,0,0,0
627,115121,126,0,0,0
628,115333,132,0,0,0
629,115565,144,0,0,0
630,115869,234,0,0,0
631,116080,134,0,0,0
632,116269,127,0,0,0
633,116455,127,0,0,0
634,116651,127,0,0,0
635,116847,132,0,0,0
636,117077,183,0,0,0
637,117288,125,0,0,0
638,117496,126,0,0,0
639,117710,126,0,0,0
640,117911,124,0,0,0
641,118101,127,0,0,0
642,118416,230,0,0,0
643,118634,133,0,0,0
644,118834,127,0,0,0
645,119033,122,0,0,0
646,119228,126,0,0,0
647,119428,130,0,0,0
648,119646,132,0,0,0
649,119940,227,0,0,0
650,120147,128,0,0,0
651,120358,130,0,0,0
652,120578,134,0,0,0
653,120812,139,0,0,0
654,121022,128,0,0,0
655,121347,239,0,0,0
656,121572,138,0,0,0
657,121780,142,0,0,0
658,121994,132,0,0,0
659,122215,135,0,0,0
660,122418,129,0,0,0
661,122742,244,0,0,0
662,122976,154,0,0,0
663,123193,136,0,0,0
664,123407,136,0,0,0
665,123616,132,0,0,0
666,123811,131,0,0,0
667,124103,217,0,0,0
668,124320,130,0,0,0
669,124529,133,0,0,0
670,124728,133,0,0,0
671,124936,133,0,0,0
672,125140,133,0,0,0
673,126913,1706,0,0,0
674,127110,125,0,0,0
675,127323,138,0,0,0
676,127530,131,0,0,0
677,127750,139,0,0,0
678,127961,136,0,0,0
679,128199,158,0,0,0
680,128396,127,0,0,0
681,128621,140,0,0,0
682,128819,132,0,0,0
683,129021,146,0,0,0
684,129235,137,0,0,0
685,129488,181,0,0,0
686,129709,137,0,0,0
687,129909,135,0,0,0
688,130132,135,0,0,0
689,130357,138,0,0,0
690,130575,141,0,0,0
691,130838,179,0,0,0
692,131050,140,0,0,0
693,131251,139,0,0,0
694,131482,158,0,0,0
695,131677,134,0,0,0
696,131883,142,0,0,0
697,132096,142,0,0,0
698,132350,132,0,0,0
699,132555,141,0,0,0
700,132780,142,0,0,0
701,132995,140,0,0,0
702,133202,148,0,0,0
703,133410,136,0,0,0
704,133649,138,0,0,0
705,133868,143,0,0,0
706,134059,132,0,0,0
707,134290,146,0,0,0
708,134492,145,0,0,0
709,134690,143,0,0,0
710,134964,146,0,0,0
711,135173,146,0,0,0
712,135397,140,0,0,0
713,135600,141,0,0,0
714,135823,145,0,0,0
715,136045,152,0,0,0
716,136320,133,0,0,0
717,136531,142,0,0,0
718,136742,146,0,0,0
719,136960,151,0,0,0
720,137178,155,0,0,0
721,137397,146,0,0,0
722,137698,146,0,0,0
723,137908,137,0,0,0
724,138127,141,0,0,0
725,138349,138,0,0,0
726,138568,148,0,0,0
727,138788,158,0,0,0
728,139080,140,0,0,0
729,139312,144,0,0,0
730,139535,142,0,0,0
731,139746,145,0,0,0
732,139970,139,0,0,0
733,140278,239,0,0,0
734,140499,151,0,0,0
735,140720,146,0,0,0
736,140932,147,0,0,0
737,141154,146,0,0,0
738,141369,148,0,0,0
739,141657,226,0,0,0
740,141879,155,0,0,0
741,142095,145,0,0,0
742,142307,147,0,0,0
743,142533,149,0,0,0
744,142774,156,0,0,0
745,143076,221,0,0,0
746,143285,146,0,0,0
747,143501,141,0,0,0
748,143714,154,0,0,0
749,143943,152,0,0,0
750,144263,226,0,0,0
751,144490,152,0,0,0
752,144708,148,0,0,0
753,144912,145,0,0,0
754,145132,146,0,0,0
755,145350,147,0,0,0
756,145634,221,0,0,0
757,145866,155,0,0,0
758,146092,153,0,0,0
759,146326,164,0,0,0
760,146536,148,0,0,0
761,146850,242,0,0,0
762,147053,139,0,0,0
763,147267,149,0,0,0
764,147482,145,0,0,0
765,147704,155,0,0,0
766,147927,154,0,0,0
767,148228,231,0,0,0
768,148443,145,0,0,0
769,148666,148,0,0,0
770,148903,152,0,0,0
771,149125,157,0,0,0
772,149413,213,0,0,0
773,149643,164,0,0,0
774,149871,147,0,0,0
775,150083,147,0,0,0
776,150329,161,0,0,0
777,150543,144,0,0,0
778,150856,235,0,0,0
779,151079,145,0,0,0
780,151313,149,0,0,0
781,151542,143,0,0,0
782,151761,145,0,0,0
783,152062,221,0,0,0
784,152291,147,0,0,0
785,152518,152,0,0,0
786,152747,151,0,0,0
787,152975,151,0,0,0
788,153264,222,0,0,0
789,153493,156,0,0,0
790,153731,157,0,0,0
791,153970,154,0,0,0
792,154213,164,0,0,0
793,154464,158,0,0,0
794,154762,225,0,0,0
795,154985,157,0,0,0
796,155219,154,0,0,0
797,155469,164,0,0,0
798,155710,160,0,0,0
799,156006,221,0,0,0
800,156226,155,0,0,0
801,156441,151,0,0,0
802,156695,166,0,0,0
803,156919,160,0,0,0
804,157155,162,0,0,0
805,157462,237,0,0,0
806,157707,160,0,0,0
807,157941,164,0,0,0
808,158175,158,0,0,0
809,158427,175,0,0,0
810,158727,228,0,0,0
811,158956,159,0,0,0
812,159181,158,0,0,0
813,159403,156,0,0,0
814,159644,162,0,0,0
815,159943,225,0,0,0
816,160159,152,0,0,0
817,160383,158,0,0,0
818,160605,165,0,0,0
819,160839,164,0,0,0
820,161075,159,0,0,0
821,162940,1791,0,0,0
822,163172,160,0,0,0
823,163412,160,0,0,0
824,163645,160,0,0,0
825,163879,170,0,0,0
826,164160,184,0,0,0
827,164377,154,0,0,0
828,164617,159,0,0,0
829,164851,161,0,0,0
830,165083,163,0,0,0
831,165319,154,0,0,0
832,165574,188,0,0,0
833,165804,158,0,0,0
834,166045,161,0,0,0
835,166269,159,0,0,0
836,166496,163,0,0,0
837,166758,198,0,0,0
838,167001,166,0,0,0
839,167241,163,0,0,0
840,167516,169,0,0,0
841,167751,162,0,0,0
842,167997,162,0,0,0
843,168298,167,0,0,0
844,168540,166,0,0,0
845,168773,163,0,0,0
846,169008,166,0,0,0
847,169237,165,0,0,0
848,169543,244,0,0,0
849,169788,168,0,0,0
850,170031,164,0,0,0
851,170273,173,0,0,0
852,170507,157,0,0,0
853,170824,238,0,0,0
854,171049,165,0,0,0
855,171273,158,0,0,0
856,171503,160,0,0,0
857,171740,163,0,0,0
858,172006,184,0,0,0
859,172314,244,0,0,0
860,172562,164,0,0,0
861,172796,166,0,0,0
862,173039,172,0,0,0
863,173271,159,0,0,0
864,173605,238,0,0,0
865,173831,168,0,0,0
866,174072,180,0,0,0
867,174331,176,0,0,0
868,174573,170,0,0,0
869,174882,243,0,0,0
870,175120,168,0,0,0
871,175375,169,0,0,0
872,175615,168,0,0,0
873,175831,161,0,0,0
874,176083,173,0,0,0
875,176431,174,0,0,0
876,176666,169,0,0,0
877,176898,170,0,0,0
878,177158,173,0,0,0
879,177392,174,0,0,0
880,177709,169,0,0,0
881,177963,184,0,0,0
882,178212,167,0,0,0
883,178447,164,0,0,0
884,178752,245,0,0,0
885,178980,159,0,0,0
886,179220,165,0,0,0
887,179457,170,0,0,0
888,179704,166,0,0,0
889,180062,267,0,0,0
890,180313,162,0,0,0
891,180575,173,0,0,0
892,180820,167,0,0,0
893,181092,201,0,0,0
894,181426,258,0,0,0
895,181687,183,0,0,0
896,181948,173,0,0,0
897,182203,189,0,0,0
898,182457,175,0,0,0
899,182784,249,0,0,0
900,183033,179,0,0,0
901,183284,173,0,0,0
902,183544,174,0,0,0
903,183797,177,0,0,0
904,184133,266,0,0,0
905,184400,182,0,0,0
906,184643,171,0,0,0
907,184875,161,0,0,0
908,185128,176,0,0,0
909,185447,248,0,0,0
910,185699,177,0,0,0
911,185945,171,0,0,0
912,186174,166,0,0,0
913,186397,168,0,0,0
914,186696,238,0,0,0
915,186940,168,0,0,0
916,187195,184,0,0,0
917,187457,185,0,0,0
918,187783,234,0,0,0
919,188017,171,0,0,0
920,188254,173,0,0,0
921,188497,180,0,0,0
922,188747,178,0,0,0
923,189072,239,0,0,0
924,189319,186,0,0,0
925,189571,185,0,0,0
926,189850,193,0,0,0
927,190120,186,0,0,0
928,190391,211,0,0,0
929,190646,178,0,0,0
930,190888,178,0,0,0
931,191154,192,0,0,0
932,191410,179,0,0,0
933,191689,215,0,0,0
934,191935,173,0,0,0
935,192208,185,0,0,0
936,192447,174,0,0,0
937,192715,189,0,0,0
938,193013,229,0,0,0
939,193279,185,0,0,0
940,193533,179,0,0,0
941,193778,184,0,0,0
942,194025,178,0,0,0
943,194337,180,0,0,0
944,194606,186,0,0,0
945,194858,193,0,0,0
946,195114,185,0,0,0
947,195437,255,0,0,0
948,195700,181,0,0,0
949,195955,186,0,0,0
950,196223,191,0,0,0
951,196502,195,0,0,0
952,196825,264,0,0,0
953,197081,181,0,0,0
954,197334,180,0,0,0
955,197592,190,0,0,0
956,197863,192,0,0,0
957,198185,243,0,0,0
958,198444,187,0,0,0
959,198713,184,0,0,0
960,198984,198,0,0,0
961,199224,180,0,0,0
962,199555,257,0,0,0
963,199810,183,0,0,0
964,200067,183,0,0,0
965,200331,190,0,0,0
966,200586,187,0,0,0
967,200933,276,0,0,0
968,201182,189,0,0,0
969,201438,187,0,0,0
970,201696,191,0,0,0
971,201946,188,0,0,0
972,202311,285,0,0,0
973,202560,180,0,0,0
974,202821,186,0,0,0
975,203084,182,0,0,0
976,204896,1756,0,0,0
977,205167,183,0,0,0
978,205415,174,0,0,0
979,205670,186,0,0,0
980,205932,188,0,0,0
981,206218,207,0,0,0
982,206473,186,0,0,0
983,206708,177,0,0,0
984,206958,186,0,0,0
985,207216,185,0,0,0
986,207498,213,0,0,0
987,207741,182,0,0,0
988,207986,178,0,0,0
989,208246,188,0,0,0
990,208487,173,0,0,0
991,208794,236,0,0,0
992,209043,184,0,0,0
993,209317,197,0,0,0
994,209593,191,0,0,0
995,209849,190,0,0,0
996,210151,237,0,0,0
997,210410,176,0,0,0
998,210697,192,0,0,0
999,210959,181,0,0,0
1000,211293,244,0,0,0
1001,211553,188,0,0,0
1002,211822,185,0,0,0
1003,212083,195,0,0,0
1004,212369,194,0,0,0
1005,212703,248,0,0,0
1006,212964,189,0,0,0
1007,213222,182,0,0,0
1008,213489,188,0,0,0
1009,213758,198,0,0,0
1010,214075,233,0,0,0
1011,214352,200,0,0,0
1012,214627,189,0,0,0
1013,214904,193,0,0,0
1014,215233,253,0,0,0
1015,215502,198,0,0,0
1016,215782,194,0,0,0
1017,216052,198,0,0,0
1018,216303,184,0,0,0
1019,216622,250,0,0,0
1020,216873,182,0,0,0
1021,217137,193,0,0,0
1022,217410,186,0,0,0
1023,217671,193,0,0,0
1024,217993,253,0,0,0
1025,218238,186,0,0,0
1026,218507,191,0,0,0
1027,218769,198,0,0,0
1028,219046,200,0,0,0
1029,219390,190,0,0,0
1030,219639,182,0,0,0
1031,219897,195,0,0,0
1032,220167,200,0,0,0
1033,220512,261,0,0,0
1034,220791,188,0,0,0
1035,221044,189,0,0,0
1036,221317,198,0,0,0
1037,221664,274,0,0,0
1038,221927,189,0,0,0
1039,222213,201,0,0,0
1040,222478,202,0,0,0
1041,222735,197,0,0,0
1042,223078,274,0,0,0
1043,223374,214,0,0,0
1044,223663,219,0,0,0
1045,223954,201,0,0,0
1046,224314,287,0,0,0
1047,224580,189,0,0,0
1048,224841,194,0,0,0
1049,225127,206,0,0,0
1050,225391,190,0,0,0
1051,225740,277,0,0,0
1052,225994,201,0,0,0
1053,226273,199,0,0,0
1054,226533,197,0,0,0
1055,226851,250,0,0,0
1056,227113,196,0,0,0
1057,227393,197,0,0,0
1058,227677,205,0,0,0
1059,227935,192,0,0,0
1060,228257,251,0,0,0
1061,228538,197,0,0,0
1062,228813,199,0,0,0
1063,229086,208,0,0,0
1064,229418,250,0,0,0
1065,229682,191,0,0,0
1066,229949,191,0,0,0
1067,230219,199,0,0,0
1068,230488,208,0,0,0
1069,230804,229,0,0,0
1070,231063,189,0,0,0
1071,231329,197,0,0,0
1072,231616,206,0,0,0
1073,231941,246,0,0,0
1074,232239,208,0,0,0
1075,232508,202,0,0,0
1076,232780,202,0,0,0
1077,233061,205,0,0,0
1078,233391,251,0,0,0
1079,233659,202,0,0,0
1080,233929,209,0,0,0
1081,234210,203,0,0,0
1082,234562,265,0,0,0
1083,234818,204,0,0,0
1084,235122,228,0,0,0
1085,235394,199,0,0,0
1086,235703,218,0,0,0
1087,236048,266,0,0,0
1088,236329,195,0,0,0
1089,236588,196,0,0,0
1090,236880,216,0,0,0
1091,237226,274,0,0,0
1092,237507,202,0,0,0
1093,237762,200,0,0,0
1094,238044,204,0,0,0
1095,238406,281,0,0,0
1096,238686,202,0,0,0
1097,238957,199,0,0,0
1098,239244,212,0,0,0
1099,239517,210,0,0,0
1100,239824,249,0,0,0
1101,240088,212,0,0,0
1102,240380,206,0,0,0
1103,240661,201,0,0,0
1104,241011,266,0,0,0
1105,241291,206,0,0,0
1106,241571,201,0,0,0
1107,241874,209,0,0,0
1108,242163,215,0,0,0
1109,242514,273,0,0,0
1110,242800,210,0,0,0
1111,243085,210,0,0,0
1112,243365,204,0,0,0
1113,243703,258,0,0,0
1114,243977,213,0,0,0
1115,244261,206,0,0,0
1116,244550,216,0,0,0
1117,244849,219,0,0,0
1118,245196,278,0,0,0
1119,245483,209,0,0,0
1120,245770,218,0,0,0
1121,246046,202,0,0,0
1122,246407,277,0,0,0
1123,246680,202,0,0,0
1124,246950,206,0,0,0
1125,247248,219,0,0,0
1126,247557,212,0,0,0
1127,247904,268,0,0,0
1128,248176,210,0,0,0
1129,248449,211,0,0,0
1130,248717,204,0,0,0
1131,249076,286,0,0,0
1132,249352,211,0,0,0
1133,249642,220,0,0,0
1134,249935,217,0,0,0
1135,250224,213,0,0,0
1136,250560,263,0,0,0
1137,250850,210,0,0,0
1138,251144,213,0,0,0
1139,251430,221,0,0,0
1140,251785,280,0,0,0
1141,252053,199,0,0,0
1142,252331,209,0,0,0
1143,252620,214,0,0,0
1144,252911,220,0,0,0
1145,254747,1759,0,0,0
1146,255013,201,0,0,0
1147,255308,215,0,0,0
1148,255594,220,0,0,0
1149,255877,210,0,0,0
1150,256183,210,0,0,0
1151,256451,201,0,0,0
1152,256738,213,0,0,0
1153,257024,212,0,0,0
1154,257336,250,0,0,0
1155,257616,207,0,0,0
1156,257907,216,0,0,0
1157,258191,205,0,0,0
1158,258459,213,0,0,0
1159,258812,220,0,0,0
1160,259095,213,0,0,0
1161,259374,219,0,0,0
1162,259676,223,0,0,0
1163,259995,262,0,0,0
1164,260296,218,0,0,0
1165,260587,212,0,0,0
1166,260864,214,0,0,0
1167,261182,249,0,0,0
1168,261460,207,0,0,0
1169,261752,215,0,0,0
1170,262018,204,0,0,0
1171,262302,214,0,0,0
1172,262657,265,0,0,0
1173,262933,205,0,0,0
1174,263231,224,0,0,0
1175,263532,217,0,0,0
1176,263862,261,0,0,0
1177,264146,211,0,0,0
1178,264440,215,0,0,0
1179,264752,230,0,0,0
1180,265039,212,0,0,0
1181,265381,273,0,0,0
1182,265665,229,0,0,0
1183,265968,221,0,0,0
1184,266253,214,0,0,0
1185,266596,278,0,0,0
1186,266885,219,0,0,0
1187,267179,221,0,0,0
1188,267463,211,0,0,0
1189,267842,300,0,0,0
1190,268146,218,0,0,0
1191,268417,209,0,0,0
1192,268716,219,0,0,0
1193,269002,224,0,0,0
1194,269369,294,0,0,0
1195,269661,216,0,0,0
1196,269957,215,0,0,0
1197,270280,229,0,0,0
1198,270631,277,0,0,0
1199,270924,213,0,0,0
1200,271228,228,0,0,0
1201,271505,211,0,0,0
1202,271876,283,0,0,0
1203,272166,214,0,0,0
1204,272467,221,0,0,0
1205,272742,217,0,0,0
1206,273128,309,0,0,0
1207,273414,219,0,0,0
1208,273704,222,0,0,0
1209,274001,214,0,0,0
1210,274357,287,0,0,0
1211,274655,223,0,0,0
1212,274954,223,0,0,0
1213,275265,225,0,0,0
1214,275648,301,0,0,0
1215,275953,223,0,0,0
1216,276252,222,0,0,0
1217,276546,225,0,0,0
1218,276873,267,0,0,0
1219,277159,216,0,0,0
1220,277463,227,0,0,0
1221,277759,231,0,0,0
1222,278103,269,0,0,0
1223,278394,218,0,0,0
1224,278681,221,0,0,0
1225,278963,217,0,0,0
1226,279301,263,0,0,0
1227,279592,212,0,0,0
1228,279878,227,0,0,0
1229,280171,226,0,0,0
1230,280506,261,0,0,0
1231,280790,216,0,0,0
1232,281085,220,0,0,0
1233,281386,219,0,0,0
1234,281719,262,0,0,0
1235,282008,215,0,0,0
1236,282321,235,0,0,0
1237,282625,233,0,0,0
1238,282970,265,0,0,0
1239,283286,240,0,0,0
1240,283590,225,0,0,0
1241,283928,258,0,0,0
1242,284287,245,0,0,0
1243,284637,227,0,0,0
1244,284924,221,0,0,0
1245,285253,244,0,0,0
1246,285561,242,0,0,0
1247,285897,222,0,0,0
1248,286201,225,0,0,0
1249,286505,231,0,0,0
1250,286810,232,0,0,0
1251,287163,219,0,0,0
1252,287461,230,0,0,0
1253,287755,221,0,0,0
1254,288057,233,0,0,0
1255,288417,288,0,0,0
1256,288711,225,0,0,0
1257,289025,231,0,0,0
1258,289331,233,0,0,0
1259,289671,271,0,0,0
1260,289981,228,0,0,0
1261,290279,234,0,0,0
1262,290586,228,0,0,0
1263,290952,290,0,0,0
1264,291240,221,0,0,0
1265,291550,229,0,0,0
1266,291832,223,0,0,0
1267,292215,300,0,0,0
1268,292505,227,0,0,0
1269,292790,226,0,0,0
1270,293087,228,0,0,0
1271,293443,281,0,0,0
1272,293737,229,0,0,0
1273,294033,233,0,0,0
1274,294334,234,0,0,0
1275,294704,303,0,0,0
1276,294995,228,0,0,0
1277,295306,238,0,0,0
1278,295619,246,0,0,0
1279,295982,295,0,0,0
1280,296305,232,0,0,0
1281,296620,243,0,0,0
1282,296930,229,0,0,0
1283,297286,301,0,0,0
1284,297589,238,0,0,0
1285,297910,247,0,0,0
1286,298229,245,0,0,0
1287,298594,285,0,0,0
1288,298909,230,0,0,0
1289,299232,242,0,0,0
1290,299530,230,0,0,0
1291,299912,298,0,0,0
1292,300203,226,0,0,0
