tick,timestamp,query_runtime,trav_index_nodes,trav_vol_nodes,trav_unprod_nodes
0,421,2.0,6.0,6.0,0.0
1,621,0.0,11.0,11.0,0.0
2,798,0.0,23.0,23.0,0.0
3,1043,1.0,24.0,24.0,0.0
4,1222,1.0,28.0,28.0,0.0
5,1429,2.0,32.0,32.0,0.0
6,1606,1.0,35.0,35.0,0.0
7,1758,1.0,35.0,35.0,0.0
8,1900,1.0,45.0,45.0,0.0
9,2105,2.0,48.0,48.0,0.0
10,2241,1.0,62.0,62.0,0.0
11,4217,2.0,68.0,68.0,0.0
12,4381,2.0,72.0,72.0,0.0
13,4528,1.0,81.0,81.0,0.0
14,4679,3.0,89.0,89.0,0.0
15,4811,2.0,93.0,93.0,0.0
16,4933,1.0,97.0,97.0,0.0
17,5076,2.0,109.0,109.0,0.0
18,5203,1.0,119.0,119.0,0.0
19,5361,2.0,120.0,120.0,0.0
20,5466,1.0,121.0,121.0,0.0
21,5558,2.0,121.0,121.0,0.0
22,5660,2.0,122.0,122.0,0.0
23,5773,1.0,130.0,130.0,0.0
24,5894,1.0,139.0,139.0,0.0
25,5992,2.0,149.0,149.0,0.0
26,6115,1.0,150.0,150.0,0.0
27,6222,2.0,153.0,153.0,0.0
28,6335,2.0,161.0,161.0,0.0
29,6476,2.0,168.0,168.0,0.0
30,6591,2.0,172.0,172.0,0.0
31,6749,1.0,172.0,172.0,0.0
32,6874,1.0,174.0,174.0,0.0
33,6969,1.0,175.0,175.0,0.0
34,7074,3.0,180.0,180.0,0.0
35,7171,1.0,188.0,188.0,0.0
36,7274,2.0,192.0,192.0,0.0
37,7374,3.0,208.0,208.0,0.0
38,7466,2.0,215.0,215.0,0.0
39,7584,2.0,217.0,217.0,0.0
40,7670,2.0,226.0,226.0,0.0
41,7767,2.0,231.0,231.0,0.0
42,7858,1.0,238.0,238.0,0.0
43,7949,2.0,246.0,246.0,0.0
44,8043,2.0,251.0,251.0,0.0
45,8129,1.0,253.0,253.0,0.0
46,8211,2.0,261.0,261.0,0.0
47,8306,3.0,268.0,268.0,0.0
48,8398,2.0,268.0,268.0,0.0
49,8503,2.0,270.0,270.0,0.0
50,8602,2.0,273.0,273.0,0.0
51,8770,1.0,280.0,280.0,0.0
52,8842,1.0,280.0,280.0,0.0
53,8933,2.0,283.0,283.0,0.0
54,9029,2.0,292.0,292.0,0.0
55,9124,1.0,300.0,300.0,0.0
56,9208,3.0,300.0,300.0,0.0
57,9313,3.0,310.0,310.0,0.0
58,9385,3.0,323.0,323.0,0.0
59,9485,2.0,324.0,324.0,0.0
60,9583,2.0,332.0,332.0,0.0
61,9683,1.0,334.0,334.0,0.0
62,9763,2.0,334.0,334.0,0.0
63,9844,3.0,337.0,337.0,0.0
64,9995,2.0,347.0,347.0,0.0
65,10096,2.0,350.0,350.0,0.0
66,10182,3.0,353.0,353.0,0.0
67,10266,3.0,357.0,357.0,0.0
68,10380,3.0,362.0,362.0,0.0
69,10480,2.0,365.0,365.0,0.0
70,10565,3.0,374.0,374.0,0.0
71,10715,2.0,375.0,375.0,0.0
72,10790,2.0,395.0,395.0,0.0
73,10886,2.0,397.0,397.0,0.0
74,10981,2.0,397.0,397.0,0.0
75,11083,3.0,408.0,408.0,0.0
76,11190,2.0,421.0,421.0,0.0
77,11279,2.0,427.0,427.0,0.0
78,11355,4.0,438.0,438.0,0.0
79,11451,3.0,447.0,447.0,0.0
80,11552,4.0,448.0,448.0,0.0
81,11664,3.0,457.0,457.0,0.0
82,11763,3.0,459.0,459.0,0.0
83,11850,2.0,463.0,463.0,0.0
84,11945,3.0,464.0,464.0,0.0
85,12034,2.0,482.0,482.0,0.0
86,12119,3.0,483.0,483.0,0.0
87,12215,3.0,484.0,484.0,0.0
88,12342,5.0,486.0,486.0,0.0
89,12435,3.0,499.0,499.0,0.0
90,12573,4.0,499.0,499.0,0.0
91,12651,3.0,508.0,508.0,0.0
92,12741,3.0,509.0,509.0,0.0
93,12823,3.0,513.0,513.0,0.0
94,12924,3.0,513.0,513.0,0.0
95,13013,3.0,521.0,521.0,0.0
96,13108,3.0,523.0,523.0,0.0
97,13194,3.0,524.0,524.0,0.0
98,13287,4.0,528.0,528.0,0.0
99,13378,3.0,536.0,536.0,0.0
100,13454,3.0,551.0,551.0,0.0
101,13530,4.0,551.0,551.0,0.0
102,13635,3.0,551.0,551.0,0.0
103,13716,4.0,553.0,553.0,0.0
104,13795,4.0,554.0,554.0,0.0
105,13889,3.0,555.0,555.0,0.0
106,14008,4.0,560.0,560.0,0.0
107,14095,3.0,560.0,560.0,0.0
108,14209,4.0,564.0,564.0,0.0
109,14301,4.0,565.0,565.0,0.0
110,14473,3.0,565.0,565.0,0.0
111,14573,4.0,566.0,566.0,0.0
112,14679,4.0,566.0,566.0,0.0
113,14760,3.0,569.0,569.0,0.0
114,14844,4.0,582.0,582.0,0.0
115,14939,6.0,582.0,582.0,0.0
116,15019,4.0,582.0,582.0,0.0
117,15109,3.0,589.0,589.0,0.0
118,15191,4.0,591.0,591.0,0.0
119,15284,5.0,594.0,594.0,0.0
120,15380,4.0,597.0,597.0,0.0
121,15475,5.0,599.0,599.0,0.0
122,15570,4.0,613.0,613.0,0.0
123,15674,4.0,614.0,614.0,0.0
124,15791,5.0,618.0,618.0,0.0
125,15896,5.0,621.0,621.0,0.0
126,15974,4.0,633.0,633.0,0.0
127,16042,3.0,644.0,644.0,0.0
128,16108,4.0,644.0,644.0,0.0
129,16256,4.0,645.0,645.0,0.0
130,16346,3.0,649.0,649.0,0.0
131,16444,5.0,649.0,649.0,0.0
132,16535,5.0,653.0,653.0,0.0
133,16617,5.0,654.0,654.0,0.0
134,16692,4.0,655.0,655.0,0.0
135,16760,4.0,656.0,656.0,0.0
136,16833,3.0,658.0,658.0,0.0
137,16908,4.0,660.0,660.0,0.0
138,17009,5.0,663.0,663.0,0.0
139,17099,4.0,664.0,664.0,0.0
140,17176,4.0,664.0,664.0,0.0
141,17253,4.0,672.0,672.0,0.0
142,17325,5.0,685.0,685.0,0.0
143,17405,5.0,692.0,692.0,0.0
144,17512,4.0,693.0,693.0,0.0
145,17595,5.0,695.0,695.0,0.0
146,17683,4.0,697.0,697.0,0.0
147,17785,4.0,700.0,700.0,0.0
148,17931,5.0,705.0,705.0,0.0
149,18027,4.0,712.0,712.0,0.0
150,18120,15.0,716.0,716.0,0.0
151,18228,5.0,719.0,719.0,0.0
152,18302,4.0,719.0,719.0,0.0
153,18384,5.0,719.0,719.0,0.0
154,18451,5.0,720.0,720.0,0.0
155,18546,5.0,725.0,725.0,0.0
156,18624,5.0,730.0,730.0,0.0
157,18701,5.0,730.0,730.0,0.0
158,18774,5.0,741.0,741.0,0.0
159,18870,5.0,743.0,743.0,0.0
160,18964,5.0,752.0,752.0,0.0
161,19047,5.0,755.0,755.0,0.0
162,19125,4.0,766.0,766.0,0.0
163,19215,5.0,766.0,766.0,0.0
164,19319,5.0,770.0,770.0,0.0
165,19415,5.0,782.0,782.0,0.0
166,19533,4.0,782.0,782.0,0.0
167,19632,5.0,785.0,785.0,0.0
168,19705,4.0,787.0,787.0,0.0
169,19762,4.0,804.0,804.0,0.0
170,19842,4.0,804.0,804.0,0.0
171,19919,5.0,833.0,833.0,0.0
172,19999,5.0,846.0,846.0,0.0
173,20098,7.0,848.0,848.0,0.0
174,20195,5.0,852.0,852.0,0.0
175,20277,6.0,852.0,852.0,0.0
176,20376,9.0,857.0,857.0,0.0
177,20482,5.0,860.0,860.0,0.0
178,20588,6.0,860.0,860.0,0.0
179,20665,5.0,868.0,868.0,0.0
180,20750,5.0,869.0,869.0,0.0
181,20838,5.0,873.0,873.0,0.0
182,20918,5.0,875.0,875.0,0.0
183,20989,6.0,877.0,877.0,0.0
184,21110,52.0,885.0,885.0,0.0
185,21204,5.0,886.0,886.0,0.0
186,21299,5.0,887.0,887.0,0.0
187,21384,6.0,890.0,890.0,0.0
188,21454,5.0,900.0,900.0,0.0
189,21555,6.0,902.0,902.0,0.0
190,21652,5.0,915.0,915.0,0.0
191,21752,5.0,923.0,923.0,0.0
192,21860,5.0,932.0,932.0,0.0
193,21963,5.0,934.0,934.0,0.0
194,22067,6.0,935.0,935.0,0.0
195,22167,6.0,935.0,935.0,0.0
196,22242,6.0,941.0,941.0,0.0
197,22324,6.0,958.0,958.0,0.0
198,22402,6.0,971.0,971.0,0.0
199,22488,7.0,978.0,978.0,0.0
200,22581,5.0,982.0,982.0,0.0
201,22669,5.0,984.0,984.0,0.0
202,22831,8.0,986.0,986.0,0.0
203,22933,6.0,987.0,987.0,0.0
204,23028,5.0,987.0,987.0,0.0
205,23106,6.0,987.0,987.0,0.0
206,23198,6.0,990.0,990.0,0.0
207,23290,6.0,990.0,990.0,0.0
208,23359,6.0,990.0,990.0,0.0
209,23472,6.0,994.0,994.0,0.0
210,23558,6.0,1010.0,1010.0,0.0
211,23644,7.0,1013.0,1013.0,0.0
212,23746,7.0,1017.0,1017.0,0.0
213,23851,7.0,1018.0,1018.0,0.0
214,23966,7.0,1022.0,1022.0,0.0
215,24075,7.0,1034.0,1034.0,0.0
216,24147,7.0,1044.0,1044.0,0.0
217,24225,7.0,1046.0,1046.0,0.0
218,24320,7.0,1064.0,1064.0,0.0
219,24406,7.0,1074.0,1074.0,0.0
220,24619,113.0,1076.0,1076.0,0.0
221,24713,6.0,1088.0,1088.0,0.0
222,24809,6.0,1096.0,1096.0,0.0
223,24892,7.0,1110.0,1110.0,0.0
224,24986,7.0,1117.0,1117.0,0.0
225,25079,5.0,1118.0,1118.0,0.0
226,25155,7.0,1131.0,1131.0,0.0
227,25223,7.0,1132.0,1132.0,0.0
228,25293,6.0,1145.0,1145.0,0.0
229,25384,7.0,1145.0,1145.0,0.0
230,25472,6.0,1145.0,1145.0,0.0
231,25552,6.0,1150.0,1150.0,0.0
232,25644,7.0,1151.0,1151.0,0.0
233,25739,8.0,1158.0,1158.0,0.0
234,25825,7.0,1164.0,1164.0,0.0
235,25913,8.0,1165.0,1165.0,0.0
236,25996,6.0,1170.0,1170.0,0.0
237,26089,7.0,1177.0,1177.0,0.0
238,26178,6.0,1181.0,1181.0,0.0
239,26350,6.0,1182.0,1182.0,0.0
240,26450,6.0,1188.0,1188.0,0.0
241,26520,7.0,1197.0,1197.0,0.0
242,26600,7.0,1206.0,1206.0,0.0
243,26695,8.0,1211.0,1211.0,0.0
244,26777,6.0,1217.0,1217.0,0.0
245,26867,8.0,1231.0,1231.0,0.0
246,26963,7.0,1240.0,1240.0,0.0
247,27033,8.0,1241.0,1241.0,0.0
248,27117,7.0,1242.0,1242.0,0.0
249,27214,7.0,1244.0,1244.0,0.0
250,27312,8.0,1245.0,1245.0,0.0
251,27401,8.0,1245.0,1245.0,0.0
252,27490,10.0,1260.0,1260.0,0.0
253,27604,7.0,1260.0,1260.0,0.0
254,27682,7.0,1265.0,1265.0,0.0
255,27810,25.0,1276.0,1276.0,0.0
256,27905,9.0,1290.0,1290.0,0.0
257,27989,7.0,1291.0,1291.0,0.0
258,28170,7.0,1294.0,1294.0,0.0
259,28230,7.0,1305.0,1305.0,0.0
260,28321,8.0,1305.0,1305.0,0.0
261,28404,7.0,1313.0,1313.0,0.0
262,28487,7.0,1316.0,1316.0,0.0
263,28586,7.0,1317.0,1317.0,0.0
264,28685,8.0,1329.0,1329.0,0.0
265,28770,8.0,1331.0,1331.0,0.0
266,28847,8.0,1340.0,1340.0,0.0
267,28921,8.0,1351.0,1351.0,0.0
268,29014,7.0,1354.0,1354.0,0.0
269,29089,8.0,1358.0,1358.0,0.0
270,29174,9.0,1367.0,1367.0,0.0
271,29262,7.0,1369.0,1369.0,0.0
272,29341,8.0,1375.0,1375.0,0.0
273,29425,11.0,1384.0,1384.0,0.0
274,29507,9.0,1390.0,1390.0,0.0
275,29606,9.0,1392.0,1392.0,0.0
276,29692,9.0,1392.0,1392.0,0.0
277,29895,7.0,1393.0,1393.0,0.0
278,29977,7.0,1393.0,1393.0,0.0
279,30058,7.0,1394.0,1394.0,0.0
280,30149,11.0,1398.0,1391.0,0.0
281,30232,9.0,1407.0,1391.0,2.0
282,30327,10.0,1407.0,1374.0,13.0
283,30415,9.0,1413.0,1355.0,31.0
284,30505,9.0,1414.0,1330.0,46.0
285,30583,8.0,1414.0,1315.0,51.0
286,30668,8.0,1420.0,1316.0,52.0
287,30762,9.0,1426.0,1310.0,61.0
288,30842,8.0,1428.0,1294.0,73.0
289,30931,8.0,1432.0,1281.0,84.0
290,31006,8.0,1434.0,1268.0,92.0
291,31123,9.0,1437.0,1236.0,120.0
292,31219,8.0,1440.0,1227.0,130.0
293,31294,8.0,1449.0,1218.0,138.0
294,31385,7.0,1453.0,1190.0,162.0
295,31590,128.0,1454.0,1165.0,183.0
296,31686,8.0,1454.0,1151.0,194.0
297,31770,9.0,1456.0,1136.0,207.0
298,31846,7.0,1461.0,1129.0,212.0
299,31917,9.0,1469.0,1134.0,213.0
300,31999,8.0,1471.0,1131.0,215.0
301,32087,8.0,1472.0,1118.0,226.0
302,32183,8.0,1472.0,1115.0,229.0
303,32283,9.0,1473.0,1097.0,245.0
304,32380,9.0,1474.0,1092.0,250.0
305,32465,8.0,1476.0,1094.0,250.0
306,32550,8.0,1483.0,1101.0,250.0
307,32627,9.0,1483.0,1101.0,250.0
308,32712,9.0,1486.0,1104.0,250.0
309,32800,11.0,1490.0,1108.0,250.0
310,32886,9.0,1492.0,1111.0,249.0
311,32974,9.0,1491.0,1111.0,248.0
312,33049,8.0,1499.0,1119.0,248.0
313,33137,12.0,1503.0,1123.0,246.0
314,33346,8.0,1503.0,1124.0,245.0
315,33450,9.0,1503.0,1124.0,245.0
316,33517,8.0,1511.0,1135.0,242.0
317,33615,9.0,1512.0,1136.0,242.0
318,33692,9.0,1512.0,1136.0,242.0
319,33776,8.0,1521.0,1145.0,239.0
320,33843,9.0,1529.0,1153.0,239.0
321,33922,9.0,1533.0,1157.0,239.0
322,34003,9.0,1535.0,1159.0,239.0
323,34093,8.0,1538.0,1162.0,239.0
324,34189,9.0,1536.0,1160.0,239.0
325,34275,8.0,1538.0,1161.0,240.0
326,34360,9.0,1540.0,1159.0,240.0
327,34452,12.0,1541.0,1131.0,265.0
328,34546,12.0,1541.0,1121.0,275.0
329,34639,10.0,1540.0,1095.0,296.0
330,34720,10.0,1540.0,1080.0,313.0
331,34811,9.0,1544.0,1071.0,321.0
332,34900,10.0,1544.0,1064.0,328.0
333,35118,8.0,1551.0,1054.0,343.0
334,35202,8.0,1552.0,1044.0,354.0
335,35277,9.0,1557.0,1041.0,361.0
336,35347,9.0,1564.0,1040.0,367.0
337,35449,8.0,1567.0,1014.0,392.0
338,35534,8.0,1566.0,1005.0,400.0
339,35636,12.0,1569.0,993.0,407.0
340,35747,9.0,1577.0,996.0,411.0
341,35840,12.0,1581.0,997.0,411.0
342,35925,9.0,1594.0,1001.0,420.0
343,36004,9.0,1600.0,995.0,432.0
344,36090,9.0,1603.0,980.0,449.0
345,36163,10.0,1614.0,990.0,450.0
346,36231,10.0,1613.0,977.0,460.0
347,36299,9.0,1613.0,967.0,465.0
348,36388,8.0,1621.0,970.0,469.0
349,36468,9.0,1622.0,954.0,481.0
350,36536,9.0,1622.0,952.0,481.0
351,36623,10.0,1622.0,950.0,483.0
352,36885,8.0,1621.0,921.0,506.0
353,36954,9.0,1631.0,923.0,518.0
354,37045,9.0,1638.0,927.0,518.0
355,37122,11.0,1637.0,926.0,515.0
356,37210,10.0,1638.0,923.0,515.0
357,37287,12.0,1642.0,913.0,529.0
358,37367,7.0,1643.0,912.0,529.0
359,37435,10.0,1645.0,906.0,537.0
360,37516,10.0,1651.0,911.0,538.0
361,37592,11.0,1659.0,908.0,547.0
362,37684,10.0,1668.0,911.0,548.0
363,37772,10.0,1672.0,897.0,564.0
364,37857,9.0,1677.0,895.0,570.0
365,37948,9.0,1678.0,892.0,572.0
366,38052,9.0,1686.0,903.0,569.0
367,38359,10.0,1685.0,885.0,585.0
368,38434,8.0,1689.0,881.0,592.0
369,38513,10.0,1692.0,872.0,605.0
370,38610,11.0,1694.0,853.0,625.0
371,38709,12.0,1692.0,853.0,627.0
372,38788,11.0,1697.0,860.0,625.0
373,38894,9.0,1699.0,852.0,633.0
374,38968,9.0,1710.0,859.0,636.0
375,39057,10.0,1711.0,859.0,634.0
376,39130,8.0,1715.0,859.0,635.0
377,39238,11.0,1720.0,861.0,634.0
378,39311,11.0,1734.0,871.0,635.0
379,39421,11.0,1739.0,872.0,640.0
380,39530,13.0,1738.0,865.0,646.0
381,39621,10.0,1743.0,870.0,640.0
382,39890,201.0,1741.0,863.0,646.0
383,39953,9.0,1745.0,842.0,656.0
384,40038,10.0,1746.0,843.0,656.0
385,40124,12.0,1752.0,838.0,671.0
386,40205,9.0,1751.0,834.0,670.0
387,40282,10.0,1768.0,845.0,679.0
388,40370,10.0,1769.0,845.0,677.0
389,40442,10.0,1776.0,846.0,683.0
390,40549,11.0,1775.0,847.0,680.0
391,40675,10.0,1780.0,853.0,678.0
392,40758,10.0,1782.0,854.0,679.0
393,40830,11.0,1791.0,863.0,679.0
394,40919,10.0,1792.0,858.0,681.0
395,40982,10.0,1801.0,865.0,681.0
396,41062,11.0,1800.0,865.0,680.0
397,41147,10.0,1801.0,857.0,690.0
398,41414,187.0,1798.0,850.0,692.0
399,41511,10.0,1799.0,847.0,695.0
400,41607,10.0,1799.0,842.0,699.0
401,41689,10.0,1816.0,852.0,706.0
402,41780,10.0,1818.0,846.0,712.0
403,41855,10.0,1820.0,849.0,708.0
404,41937,10.0,1823.0,848.0,711.0
405,42013,10.0,1826.0,839.0,725.0
406,42103,11.0,1828.0,840.0,724.0
407,42175,12.0,1829.0,841.0,724.0
408,42270,11.0,1831.0,836.0,730.0
409,42371,12.0,1830.0,838.0,726.0
410,42465,10.0,1833.0,828.0,738.0
411,42547,13.0,1832.0,828.0,737.0
412,42619,10.0,1832.0,828.0,737.0
413,42700,11.0,1829.0,828.0,734.0
414,42989,10.0,1835.0,822.0,746.0
415,43086,11.0,1841.0,825.0,755.0
416,43169,10.0,1858.0,838.0,755.0
417,43233,11.0,1864.0,840.0,756.0
418,43329,10.0,1862.0,833.0,760.0
419,43393,12.0,1865.0,836.0,759.0
420,43464,11.0,1870.0,842.0,758.0
421,43560,13.0,1871.0,846.0,755.0
422,43657,12.0,1873.0,840.0,764.0
423,43734,11.0,1877.0,845.0,761.0
424,43822,11.0,1877.0,840.0,766.0
425,43906,11.0,1882.0,842.0,768.0
426,43991,11.0,1886.0,841.0,772.0
427,44074,10.0,1889.0,847.0,769.0
428,44184,10.0,1890.0,848.0,769.0
429,44388,11.0,1880.0,835.0,772.0
430,44475,10.0,1878.0,831.0,772.0
431,44561,11.0,1878.0,824.0,778.0
432,44645,11.0,1880.0,826.0,776.0
433,44730,11.0,1878.0,822.0,779.0
434,44816,9.0,1878.0,818.0,786.0
435,44891,11.0,1879.0,819.0,782.0
436,44966,10.0,1876.0,820.0,778.0
437,45055,12.0,1876.0,820.0,778.0
438,45144,11.0,1876.0,814.0,786.0
439,45230,11.0,1875.0,811.0,786.0
440,45316,11.0,1878.0,811.0,784.0
441,45410,15.0,1880.0,813.0,784.0
442,45507,15.0,1883.0,816.0,781.0
443,45598,11.0,1883.0,812.0,787.0
444,45820,11.0,1889.0,803.0,805.0
445,45887,11.0,1895.0,813.0,800.0
446,45961,10.0,1905.0,824.0,799.0
447,46049,12.0,1905.0,818.0,807.0
448,46135,11.0,1913.0,821.0,811.0
449,46219,11.0,1913.0,821.0,811.0
450,46303,12.0,1910.0,814.0,809.0
451,46392,10.0,1909.0,813.0,809.0
452,46467,11.0,1919.0,820.0,810.0
453,46557,11.0,1925.0,828.0,808.0
454,46643,12.0,1925.0,824.0,811.0
455,46725,14.0,1924.0,824.0,810.0
456,46795,11.0,1922.0,825.0,807.0
457,46875,11.0,1922.0,825.0,807.0
458,46955,10.0,1925.0,817.0,821.0
459,47032,10.0,1927.0,818.0,823.0
460,47238,127.0,1928.0,807.0,835.0
461,47333,11.0,1927.0,806.0,835.0
462,47422,13.0,1929.0,808.0,835.0
463,47537,12.0,1929.0,805.0,840.0
464,47620,10.0,1930.0,803.0,845.0
465,47696,10.0,1935.0,808.0,843.0
466,47822,11.0,1933.0,806.0,844.0
467,47914,11.0,1932.0,806.0,843.0
468,47993,15.0,1950.0,824.0,843.0
469,48072,12.0,1966.0,838.0,840.0
470,48151,12.0,1964.0,837.0,839.0
471,48228,12.0,1965.0,837.0,839.0
472,48315,13.0,1967.0,838.0,840.0
473,48409,14.0,1968.0,841.0,834.0
474,48505,12.0,1972.0,848.0,833.0
475,48609,12.0,1972.0,848.0,833.0
476,48694,15.0,1972.0,850.0,829.0
477,48938,11.0,1972.0,842.0,840.0
478,49034,11.0,1969.0,834.0,844.0
479,49103,13.0,1975.0,837.0,847.0
480,49183,12.0,1973.0,837.0,845.0
481,49278,12.0,1972.0,837.0,844.0
482,49355,11.0,1982.0,846.0,844.0
483,49447,13.0,1983.0,846.0,844.0
484,49534,11.0,1981.0,846.0,842.0
485,49610,11.0,1986.0,851.0,838.0
486,49697,11.0,1993.0,863.0,833.0
487,49786,10.0,1991.0,861.0,833.0
488,49869,14.0,1985.0,858.0,829.0
489,49958,12.0,2010.0,881.0,829.0
490,50039,12.0,2006.0,879.0,829.0
491,50146,13.0,2013.0,881.0,834.0
492,50247,18.0,2019.0,883.0,832.0
493,50484,12.0,2015.0,880.0,833.0
494,50561,13.0,2012.0,871.0,840.0
495,50634,12.0,2011.0,873.0,831.0
496,50701,11.0,2015.0,877.0,832.0
497,50779,12.0,2015.0,876.0,833.0
498,50865,12.0,2020.0,879.0,833.0
499,50940,11.0,2024.0,877.0,839.0
500,51039,11.0,2022.0,874.0,840.0
501,51118,11.0,2024.0,879.0,835.0
502,51199,13.0,2024.0,871.0,837.0
503,51289,12.0,2031.0,874.0,841.0
504,51372,12.0,2034.0,877.0,842.0
505,51464,13.0,2040.0,877.0,843.0
506,51542,12.0,2042.0,880.0,842.0
507,51630,12.0,2041.0,879.0,841.0
508,51719,12.0,2041.0,880.0,840.0
509,52034,232.0,2042.0,812.0,926.0
510,52125,11.0,2046.0,781.0,964.0
511,52231,12.0,2051.0,766.0,998.0
512,52327,11.0,2052.0,756.0,1009.0
513,52427,12.0,2060.0,750.0,1023.0
514,52506,11.0,2077.0,756.0,1032.0
515,52592,12.0,2090.0,754.0,1048.0
516,52698,15.0,2088.0,747.0,1054.0
517,52811,13.0,2087.0,747.0,1053.0
518,52903,13.0,2085.0,749.0,1049.0
519,53003,11.0,2092.0,744.0,1061.0
520,53096,11.0,2094.0,729.0,1078.0
521,53209,23.0,2097.0,717.0,1097.0
522,53301,12.0,2090.0,699.0,1111.0
523,53405,12.0,2090.0,698.0,1116.0
524,53690,11.0,2094.0,664.0,1156.0
525,53793,13.0,2100.0,667.0,1157.0
526,53911,22.0,2101.0,660.0,1166.0
527,53994,13.0,2107.0,667.0,1162.0
528,54099,11.0,2106.0,658.0,1174.0
529,54187,12.0,2109.0,633.0,1211.0
530,54278,12.0,2109.0,636.0,1208.0
531,54378,11.0,2105.0,629.0,1211.0
532,54485,12.0,2105.0,626.0,1212.0
533,54586,12.0,2110.0,630.0,1212.0
534,54674,13.0,2124.0,639.0,1217.0
535,54764,12.0,2127.0,629.0,1229.0
536,54843,14.0,2135.0,621.0,1249.0
537,54936,13.0,2146.0,624.0,1258.0
538,57485,15.0,2153.0,465.0,1462.0
539,57575,13.0,2153.0,463.0,1465.0
540,57667,11.0,2156.0,458.0,1473.0
541,57759,13.0,2154.0,458.0,1470.0
542,57849,12.0,2153.0,459.0,1467.0
543,57939,13.0,2150.0,453.0,1470.0
544,58043,12.0,2152.0,457.0,1467.0
545,58132,14.0,2162.0,467.0,1466.0
546,58210,13.0,2180.0,476.0,1478.0
547,58295,12.0,2176.0,469.0,1480.0
548,58400,13.0,2180.0,470.0,1483.0
549,58493,12.0,2183.0,468.0,1491.0
550,58611,14.0,2180.0,467.0,1493.0
551,58712,13.0,2181.0,463.0,1499.0
552,58823,12.0,2182.0,467.0,1495.0
553,58918,14.0,2186.0,464.0,1501.0
554,58992,11.0,2188.0,466.0,1501.0
555,59080,11.0,2188.0,467.0,1500.0
556,59184,18.0,2188.0,459.0,1511.0
557,59286,13.0,2186.0,457.0,1511.0
558,59376,12.0,2186.0,458.0,1509.0
559,59465,12.0,2185.0,448.0,1519.0
560,59556,14.0,2210.0,468.0,1524.0
561,59648,12.0,2216.0,468.0,1532.0
562,59749,13.0,2227.0,477.0,1533.0
563,59854,17.0,2225.0,479.0,1526.0
564,59941,13.0,2229.0,484.0,1525.0
565,60028,13.0,2231.0,483.0,1528.0
566,60149,53.0,2231.0,476.0,1536.0
567,60251,14.0,2231.0,474.0,1536.0
568,60340,13.0,2235.0,474.0,1537.0
569,60425,12.0,2236.0,477.0,1534.0
570,60519,14.0,2235.0,469.0,1546.0
571,60606,13.0,2235.0,463.0,1555.0
572,60713,13.0,2233.0,454.0,1565.0
573,60813,14.0,2235.0,455.0,1566.0
574,60906,16.0,2242.0,461.0,1567.0
575,60995,13.0,2250.0,461.0,1577.0
576,61095,13.0,2249.0,460.0,1577.0
577,61185,12.0,2252.0,461.0,1581.0
578,61257,12.0,2255.0,464.0,1578.0
579,61343,14.0,2257.0,466.0,1578.0
580,61419,13.0,2269.0,479.0,1576.0
581,61547,12.0,2271.0,480.0,1575.0
582,61627,13.0,2283.0,489.0,1581.0
583,61712,13.0,2286.0,492.0,1581.0
584,61803,11.0,2288.0,491.0,1584.0
585,61883,12.0,2293.0,492.0,1592.0
586,61975,13.0,2300.0,501.0,1588.0
587,62061,17.0,2307.0,499.0,1597.0
588,62155,15.0,2307.0,493.0,1605.0
589,62245,14.0,2299.0,493.0,1597.0
590,62326,13.0,2292.0,494.0,1588.0
591,62432,12.0,2297.0,497.0,1593.0
592,62506,13.0,2298.0,499.0,1589.0
593,62597,14.0,2311.0,512.0,1589.0
594,62698,14.0,2316.0,510.0,1595.0
595,62830,13.0,2316.0,508.0,1603.0
596,62908,14.0,2326.0,517.0,1604.0
597,62996,14.0,2331.0,521.0,1602.0
598,63084,13.0,2331.0,521.0,1602.0
599,63171,12.0,2330.0,521.0,1601.0
600,63279,13.0,2332.0,520.0,1601.0
601,63379,13.0,2330.0,512.0,1608.0
602,63490,16.0,2328.0,505.0,1615.0
603,63586,14.0,2330.0,505.0,1617.0
604,63660,14.0,2342.0,517.0,1615.0
605,63738,13.0,2343.0,518.0,1615.0
606,63829,14.0,2343.0,511.0,1625.0
607,63936,14.0,2344.0,512.0,1625.0
608,64033,14.0,2346.0,514.0,1624.0
609,64187,73.0,2355.0,518.0,1624.0
610,64268,13.0,2353.0,520.0,1620.0
611,64365,14.0,2357.0,511.0,1635.0
612,64464,18.0,2356.0,514.0,1631.0
613,64578,15.0,2375.0,532.0,1628.0
614,64685,14.0,2371.0,525.0,1626.0
615,64774,14.0,2377.0,522.0,1638.0
616,64857,14.0,2383.0,526.0,1642.0
617,64953,13.0,2380.0,523.0,1644.0
618,65031,14.0,2384.0,527.0,1642.0
619,65119,12.0,2383.0,527.0,1641.0
620,65201,15.0,2383.0,528.0,1640.0
621,65293,14.0,2382.0,527.0,1641.0
622,65387,17.0,2379.0,522.0,1644.0
623,65578,121.0,2384.0,523.0,1648.0
624,65668,12.0,2390.0,530.0,1637.0
625,65766,14.0,2388.0,529.0,1636.0
626,65861,13.0,2398.0,536.0,1639.0
627,65951,14.0,2403.0,539.0,1638.0
628,66042,13.0,2401.0,541.0,1634.0
629,66147,14.0,2394.0,536.0,1634.0
630,66237,14.0,2406.0,548.0,1631.0
631,66331,16.0,2408.0,549.0,1633.0
632,66422,16.0,2415.0,548.0,1642.0
633,66503,14.0,2422.0,556.0,1641.0
634,66613,15.0,2422.0,555.0,1643.0
635,66701,14.0,2423.0,559.0,1638.0
636,66809,13.0,2423.0,558.0,1638.0
637,66972,13.0,2437.0,568.0,1642.0
638,67063,14.0,2438.0,570.0,1639.0
639,67144,14.0,2446.0,572.0,1645.0
640,67238,13.0,2450.0,569.0,1654.0
641,67311,14.0,2460.0,577.0,1655.0
642,67383,15.0,2465.0,580.0,1657.0
643,67453,17.0,2471.0,587.0,1656.0
644,67548,14.0,2466.0,589.0,1650.0
645,67652,14.0,2477.0,598.0,1651.0
646,67743,15.0,2481.0,593.0,1661.0
647,67827,13.0,2483.0,592.0,1661.0
648,67911,16.0,2496.0,599.0,1664.0
649,68012,17.0,2497.0,597.0,1668.0
650,68107,14.0,2504.0,601.0,1676.0
651,68280,14.0,2517.0,614.0,1676.0
652,68373,17.0,2525.0,623.0,1672.0
653,68469,15.0,2530.0,627.0,1674.0
654,68559,14.0,2531.0,629.0,1673.0
655,68656,15.0,2534.0,633.0,1671.0
656,68744,14.0,2535.0,632.0,1675.0
657,68823,13.0,2537.0,632.0,1677.0
658,68898,14.0,2533.0,631.0,1674.0
659,68980,16.0,2533.0,627.0,1678.0
660,69064,13.0,2532.0,625.0,1680.0
661,69158,14.0,2533.0,620.0,1687.0
662,69244,14.0,2540.0,627.0,1685.0
663,69334,15.0,2548.0,633.0,1680.0
664,69420,14.0,2565.0,644.0,1683.0
665,69625,13.0,2563.0,636.0,1692.0
666,69734,14.0,2564.0,632.0,1694.0
667,69831,14.0,2574.0,642.0,1693.0
668,69907,15.0,2583.0,652.0,1692.0
669,69991,14.0,2586.0,649.0,1697.0
670,70081,14.0,2586.0,648.0,1698.0
671,70172,15.0,2589.0,654.0,1695.0
672,70259,16.0,2597.0,663.0,1694.0
673,70342,15.0,2595.0,662.0,1692.0
674,70418,15.0,2596.0,666.0,1689.0
675,70502,15.0,2597.0,666.0,1687.0
676,70604,15.0,2595.0,667.0,1684.0
677,70712,15.0,2594.0,663.0,1683.0
678,70811,14.0,2592.0,663.0,1683.0
679,71002,13.0,2591.0,665.0,1680.0
680,71091,14.0,2599.0,671.0,1680.0
681,71175,15.0,2607.0,676.0,1683.0
682,71262,16.0,2613.0,684.0,1680.0
683,71376,18.0,2619.0,690.0,1678.0
684,71470,17.0,2619.0,689.0,1679.0
685,71549,14.0,2625.0,695.0,1679.0
686,71633,15.0,2621.0,694.0,1676.0
687,71736,16.0,2621.0,692.0,1679.0
688,71856,16.0,2618.0,687.0,1681.0
689,71950,15.0,2620.0,689.0,1681.0
690,72037,14.0,2624.0,690.0,1683.0
691,72146,16.0,2633.0,692.0,1692.0
692,72232,15.0,2640.0,698.0,1692.0
693,72315,17.0,2637.0,699.0,1687.0
694,72538,15.0,2650.0,708.0,1687.0
695,72618,15.0,2656.0,714.0,1687.0
696,72710,15.0,2658.0,714.0,1687.0
697,72810,22.0,2662.0,719.0,1690.0
698,72889,15.0,2660.0,719.0,1688.0
699,73001,14.0,2659.0,721.0,1684.0
700,73090,14.0,2659.0,721.0,1684.0
701,73167,16.0,2666.0,732.0,1680.0
702,73262,17.0,2669.0,735.0,1680.0
703,73345,15.0,2682.0,741.0,1683.0
704,73424,14.0,2681.0,743.0,1680.0
705,73512,16.0,2681.0,740.0,1682.0
706,73592,15.0,2680.0,734.0,1686.0
707,73678,16.0,2680.0,734.0,1686.0
708,73764,17.0,2690.0,744.0,1684.0
709,73995,15.0,2699.0,740.0,1695.0
710,74086,15.0,2707.0,745.0,1699.0
711,74193,15.0,2713.0,744.0,1705.0
712,74288,17.0,2715.0,749.0,1702.0
713,74376,16.0,2716.0,739.0,1711.0
714,74462,17.0,2716.0,738.0,1714.0
715,74544,15.0,2717.0,739.0,1717.0
716,74633,16.0,2715.0,738.0,1714.0
717,74721,16.0,2715.0,736.0,1716.0
718,74807,16.0,2712.0,736.0,1713.0
719,74906,22.0,2715.0,745.0,1705.0
720,75003,15.0,2714.0,743.0,1709.0
721,75102,14.0,2718.0,749.0,1705.0
722,75196,15.0,2728.0,754.0,1708.0
723,75441,159.0,2728.0,754.0,1708.0
724,75543,14.0,2729.0,752.0,1711.0
725,75613,15.0,2732.0,754.0,1713.0
726,75712,16.0,2733.0,756.0,1712.0
727,75806,16.0,2743.0,766.0,1709.0
728,75901,16.0,2746.0,767.0,1710.0
729,75984,17.0,2745.0,764.0,1712.0
730,76062,14.0,2745.0,764.0,1712.0
731,76147,17.0,2745.0,765.0,1711.0
732,76239,15.0,2750.0,768.0,1711.0
733,76324,14.0,2750.0,771.0,1708.0
734,76409,16.0,2752.0,769.0,1710.0
735,76496,15.0,2751.0,769.0,1709.0
736,76582,16.0,2748.0,767.0,1708.0
737,76682,15.0,2746.0,769.0,1704.0
738,76898,155.0,2736.0,765.0,1697.0
739,76997,23.0,2734.0,765.0,1695.0
740,77077,15.0,2735.0,761.0,1702.0
741,77165,15.0,2741.0,765.0,1703.0
742,77243,15.0,2747.0,771.0,1703.0
743,77324,15.0,2747.0,767.0,1707.0
744,77423,16.0,2747.0,769.0,1705.0
745,77510,17.0,2753.0,765.0,1716.0
746,77592,16.0,2753.0,764.0,1717.0
747,77681,15.0,2749.0,763.0,1714.0
748,77774,14.0,2752.0,768.0,1712.0
749,77858,16.0,2751.0,768.0,1711.0
750,77946,17.0,2752.0,769.0,1710.0
751,78045,27.0,2751.0,767.0,1713.0
752,78134,18.0,2754.0,766.0,1720.0
753,78213,18.0,2751.0,772.0,1711.0
754,78465,173.0,2751.0,764.0,1722.0
755,78547,18.0,2751.0,762.0,1722.0
756,78656,17.0,2757.0,767.0,1723.0
757,78728,14.0,2758.0,763.0,1725.0
758,78816,16.0,2766.0,771.0,1724.0
759,78919,15.0,2766.0,770.0,1726.0
760,78999,15.0,2772.0,773.0,1725.0
761,79103,15.0,2790.0,790.0,1726.0
762,79175,16.0,2791.0,789.0,1729.0
763,79261,16.0,2802.0,801.0,1727.0
764,79350,16.0,2813.0,814.0,1722.0
765,79438,16.0,2830.0,829.0,1718.0
766,79533,17.0,2829.0,827.0,1720.0
767,79620,15.0,2832.0,826.0,1729.0
768,79715,17.0,2841.0,832.0,1734.0
769,79817,16.0,2841.0,829.0,1737.0
770,80100,17.0,2836.0,824.0,1739.0
771,80204,16.0,2837.0,823.0,1740.0
772,80288,16.0,2827.0,823.0,1730.0
773,80378,16.0,2836.0,834.0,1726.0
774,80449,16.0,2843.0,840.0,1728.0
775,80530,17.0,2840.0,837.0,1728.0
776,80622,17.0,2841.0,831.0,1731.0
777,80703,17.0,2862.0,850.0,1732.0
778,80782,18.0,2863.0,852.0,1731.0
779,80871,18.0,2864.0,850.0,1734.0
780,80965,18.0,2863.0,851.0,1731.0
781,81040,17.0,2863.0,846.0,1731.0
782,81129,15.0,2866.0,849.0,1731.0
783,81385,16.0,2871.0,848.0,1733.0
784,81469,15.0,2869.0,848.0,1731.0
785,81565,16.0,2868.0,847.0,1732.0
786,81656,15.0,2872.0,850.0,1732.0
787,81736,16.0,2868.0,850.0,1728.0
788,81829,16.0,2874.0,847.0,1732.0
789,81920,16.0,2878.0,851.0,1729.0
790,82017,18.0,2880.0,854.0,1726.0
791,82117,16.0,2886.0,844.0,1754.0
792,82222,17.0,2891.0,826.0,1778.0
793,82306,16.0,2903.0,825.0,1796.0
794,82405,17.0,2905.0,814.0,1814.0
795,82503,19.0,2911.0,797.0,1838.0
796,82797,16.0,2911.0,765.0,1878.0
797,82893,16.0,2912.0,737.0,1911.0
798,82978,15.0,2913.0,730.0,1921.0
799,83075,17.0,2913.0,721.0,1929.0
800,83160,16.0,2914.0,704.0,1948.0
801,83253,15.0,2910.0,671.0,1989.0
802,83350,17.0,2912.0,650.0,2020.0
803,83453,17.0,2899.0,646.0,2015.0
804,83548,16.0,2890.0,646.0,2006.0
805,83646,17.0,2892.0,649.0,2005.0
806,83745,19.0,2894.0,658.0,1995.0
807,83858,17.0,2900.0,658.0,1997.0
808,83960,19.0,2900.0,658.0,1997.0
809,84282,18.0,2902.0,642.0,2019.0
810,84386,18.0,2901.0,630.0,2029.0
811,84482,15.0,2902.0,610.0,2046.0
812,84571,17.0,2926.0,626.0,2054.0
813,84668,16.0,2925.0,605.0,2072.0
814,84763,18.0,2927.0,601.0,2077.0
815,84859,16.0,2937.0,600.0,2087.0
816,84963,18.0,2938.0,601.0,2087.0
817,85054,17.0,2946.0,604.0,2097.0
818,85147,21.0,2959.0,619.0,2095.0
819,85261,18.0,2962.0,622.0,2095.0
820,85368,25.0,2965.0,625.0,2095.0
821,85627,173.0,2969.0,633.0,2091.0
822,85703,16.0,2979.0,644.0,2088.0
823,85803,17.0,2981.0,646.0,2088.0
824,85903,17.0,2978.0,646.0,2085.0
825,86004,19.0,2980.0,648.0,2080.0
826,86102,18.0,2987.0,655.0,2078.0
827,86211,18.0,2993.0,661.0,2078.0
828,86296,17.0,2993.0,665.0,2070.0
829,86388,17.0,3003.0,675.0,2066.0
830,86488,18.0,3005.0,677.0,2066.0
831,86584,19.0,3005.0,677.0,2066.0
832,86677,16.0,3007.0,685.0,2060.0
833,86772,17.0,3007.0,685.0,2060.0
834,87011,164.0,3006.0,685.0,2059.0
835,87107,17.0,3013.0,693.0,2056.0
836,87196,16.0,3030.0,707.0,2054.0
837,87284,17.0,3034.0,711.0,2054.0
838,87381,17.0,3037.0,714.0,2054.0
839,87468,17.0,3038.0,715.0,2050.0
840,87565,19.0,3040.0,708.0,2053.0
841,87662,21.0,3040.0,697.0,2074.0
842,87762,18.0,3054.0,701.0,2084.0
843,87854,18.0,3061.0,705.0,2087.0
844,87959,18.0,3047.0,702.0,2075.0
845,88057,18.0,3047.0,683.0,2100.0
846,88142,19.0,3052.0,688.0,2100.0
847,88385,17.0,3051.0,675.0,2113.0
848,88484,16.0,3051.0,668.0,2123.0
849,88576,16.0,3048.0,668.0,2120.0
850,88654,18.0,3051.0,659.0,2134.0
851,88771,20.0,3048.0,646.0,2148.0
852,88866,19.0,3045.0,646.0,2145.0
853,88958,15.0,3051.0,646.0,2149.0
854,89048,18.0,3058.0,642.0,2161.0
855,89133,19.0,3058.0,641.0,2162.0
856,89234,18.0,3057.0,620.0,2188.0
857,89330,18.0,3064.0,609.0,2207.0
858,89438,22.0,3064.0,608.0,2210.0
859,89680,173.0,3069.0,611.0,2206.0
860,89764,18.0,3074.0,602.0,2223.0
861,89847,17.0,3075.0,604.0,2221.0
862,89950,17.0,3073.0,596.0,2226.0
863,90047,19.0,3083.0,598.0,2236.0
864,90148,17.0,3088.0,603.0,2236.0
865,90239,16.0,3085.0,591.0,2245.0
866,90327,17.0,3082.0,591.0,2242.0
867,90411,17.0,3079.0,582.0,2250.0
868,90497,18.0,3079.0,576.0,2258.0
869,90597,19.0,3083.0,565.0,2270.0
870,90703,21.0,3089.0,570.0,2269.0
871,90800,18.0,3090.0,573.0,2267.0
872,91049,170.0,3090.0,547.0,2298.0
873,91141,16.0,3108.0,565.0,2297.0
874,91225,17.0,3120.0,576.0,2296.0
875,91323,17.0,3120.0,574.0,2300.0
876,91426,17.0,3109.0,574.0,2289.0
877,91501,17.0,3111.0,576.0,2288.0
878,91605,20.0,3111.0,576.0,2288.0
879,91698,17.0,3118.0,581.0,2290.0
880,91786,19.0,3122.0,585.0,2290.0
881,91878,19.0,3128.0,591.0,2289.0
882,91959,19.0,3126.0,591.0,2284.0
883,92053,17.0,3131.0,593.0,2289.0
884,92137,18.0,3132.0,594.0,2289.0
885,92392,20.0,3132.0,566.0,2325.0
886,92503,19.0,3148.0,577.0,2332.0
887,92584,17.0,3148.0,574.0,2336.0
888,92669,18.0,3151.0,561.0,2350.0
889,92760,17.0,3151.0,560.0,2351.0
890,92848,19.0,3156.0,564.0,2356.0
891,92931,20.0,3156.0,568.0,2348.0
892,93029,20.0,3158.0,568.0,2349.0
893,93118,17.0,3145.0,563.0,2346.0
894,93212,20.0,3144.0,552.0,2358.0
895,93297,18.0,3146.0,549.0,2360.0
896,93386,20.0,3154.0,554.0,2359.0
897,93616,164.0,3170.0,569.0,2359.0
898,93710,21.0,3174.0,568.0,2367.0
899,93802,19.0,3180.0,575.0,2366.0
900,93905,18.0,3167.0,564.0,2366.0
901,94000,18.0,3168.0,563.0,2374.0
902,94101,18.0,3166.0,560.0,2375.0
903,94206,18.0,3166.0,558.0,2377.0
904,94297,19.0,3174.0,564.0,2376.0
905,94390,20.0,3176.0,567.0,2377.0
906,94488,18.0,3188.0,575.0,2379.0
907,94584,18.0,3193.0,578.0,2378.0
908,94687,20.0,3197.0,576.0,2381.0
909,94770,18.0,3207.0,585.0,2384.0
910,95044,19.0,3205.0,579.0,2391.0
911,95135,21.0,3204.0,581.0,2388.0
912,95224,19.0,3210.0,585.0,2390.0
913,95308,17.0,3208.0,582.0,2390.0
914,95391,17.0,3214.0,590.0,2388.0
915,95495,18.0,3215.0,591.0,2388.0
916,95588,22.0,3220.0,596.0,2385.0
917,95675,18.0,3215.0,593.0,2383.0
918,95773,19.0,3210.0,583.0,2389.0
919,95858,20.0,3211.0,570.0,2405.0
920,95951,18.0,3218.0,575.0,2404.0
921,96043,18.0,3221.0,572.0,2407.0
922,96142,19.0,3221.0,571.0,2409.0
923,96403,18.0,3224.0,575.0,2408.0
924,96495,20.0,3223.0,562.0,2420.0
925,96576,19.0,3225.0,561.0,2420.0
926,96669,19.0,3229.0,557.0,2427.0
927,96772,21.0,3226.0,556.0,2425.0
928,96869,19.0,3229.0,554.0,2430.0
929,96943,19.0,3234.0,559.0,2426.0
930,97037,18.0,3243.0,568.0,2420.0
931,97130,18.0,3248.0,573.0,2417.0
932,97236,18.0,3247.0,561.0,2430.0
933,97327,20.0,3258.0,570.0,2430.0
934,97440,21.0,3259.0,568.0,2432.0
935,97522,18.0,3264.0,574.0,2433.0
936,97788,18.0,3264.0,566.0,2450.0
937,97871,19.0,3270.0,572.0,2448.0
938,97960,18.0,3271.0,567.0,2456.0
939,98046,16.0,3271.0,567.0,2456.0
940,98135,20.0,3268.0,564.0,2456.0
941,98227,20.0,3276.0,572.0,2455.0
942,98335,18.0,3277.0,573.0,2455.0
943,98427,19.0,3277.0,569.0,2459.0
944,98524,22.0,3277.0,569.0,2459.0
945,98618,20.0,3292.0,584.0,2455.0
946,98714,19.0,3294.0,585.0,2460.0
947,98828,17.0,3296.0,587.0,2460.0
948,98946,26.0,3304.0,592.0,2463.0
949,99206,18.0,3304.0,593.0,2462.0
950,99299,21.0,3317.0,605.0,2463.0
951,99390,19.0,3318.0,606.0,2462.0
952,99484,19.0,3316.0,605.0,2461.0
953,99574,17.0,3325.0,616.0,2457.0
954,99665,20.0,3326.0,611.0,2457.0
955,99754,20.0,3330.0,614.0,2460.0
956,99850,19.0,3334.0,607.0,2471.0
957,99956,22.0,3345.0,618.0,2470.0
958,100079,20.0,3344.0,618.0,2469.0
959,100165,19.0,3351.0,621.0,2470.0
960,100242,18.0,3358.0,622.0,2475.0
961,100336,20.0,3374.0,637.0,2474.0
962,100433,18.0,3381.0,643.0,2474.0
963,100681,20.0,3380.0,632.0,2484.0
964,100758,19.0,3380.0,629.0,2487.0
965,100850,19.0,3381.0,632.0,2478.0
966,100941,20.0,3389.0,640.0,2478.0
967,101029,19.0,3391.0,640.0,2477.0
968,101117,19.0,3390.0,638.0,2479.0
969,101217,22.0,3395.0,643.0,2479.0
970,101313,18.0,3398.0,644.0,2480.0
971,101398,25.0,3405.0,650.0,2478.0
972,101491,19.0,3412.0,658.0,2476.0
973,101572,20.0,3417.0,664.0,2472.0
974,101667,22.0,3421.0,669.0,2468.0
975,101744,20.0,3425.0,673.0,2466.0
976,101827,20.0,3424.0,673.0,2464.0
977,102110,203.0,3425.0,674.0,2463.0
978,102207,17.0,3426.0,675.0,2463.0
979,102303,21.0,3432.0,678.0,2467.0
980,102408,26.0,3434.0,680.0,2467.0
981,102495,19.0,3434.0,681.0,2466.0
982,102588,20.0,3433.0,680.0,2471.0
983,102691,19.0,3434.0,681.0,2471.0
984,102779,21.0,3435.0,679.0,2471.0
985,102852,19.0,3429.0,677.0,2470.0
986,102944,18.0,3424.0,678.0,2463.0
987,103025,20.0,3423.0,677.0,2455.0
988,103120,20.0,3421.0,675.0,2461.0
989,103218,20.0,3426.0,675.0,2466.0
990,103318,20.0,3425.0,674.0,2473.0
991,103426,21.0,3435.0,675.0,2475.0
992,105843,18.0,3439.0,648.0,2502.0
993,105933,21.0,3443.0,652.0,2496.0
994,106046,25.0,3448.0,657.0,2496.0
995,106130,21.0,3462.0,667.0,2503.0
996,106229,22.0,3463.0,669.0,2502.0
997,106319,18.0,3463.0,665.0,2509.0
998,106421,19.0,3454.0,664.0,2501.0
999,106519,21.0,3460.0,669.0,2502.0
1000,106610,19.0,3459.0,669.0,2502.0
1001,106703,21.0,3457.0,656.0,2514.0
1002,106788,20.0,3459.0,655.0,2513.0
1003,106895,19.0,3458.0,655.0,2512.0
1004,106988,18.0,3467.0,666.0,2510.0
1005,107094,20.0,3465.0,660.0,2518.0
1006,107233,65.0,3467.0,657.0,2520.0
1007,107334,19.0,3468.0,658.0,2517.0
1008,107417,20.0,3470.0,655.0,2523.0
1009,107520,19.0,3473.0,653.0,2522.0
1010,107615,18.0,3476.0,656.0,2522.0
1011,107700,20.0,3470.0,651.0,2516.0
1012,107797,20.0,3470.0,646.0,2521.0
1013,107891,20.0,3480.0,656.0,2521.0
1014,108006,19.0,3477.0,655.0,2521.0
1015,108095,19.0,3477.0,655.0,2521.0
1016,108186,21.0,3475.0,662.0,2512.0
1017,108287,21.0,3483.0,660.0,2514.0
1018,108375,21.0,3484.0,661.0,2512.0
1019,108506,19.0,3485.0,663.0,2511.0
1020,108604,21.0,3487.0,665.0,2511.0
1021,108749,18.0,3486.0,659.0,2518.0
1022,108830,19.0,3486.0,661.0,2516.0
1023,108917,20.0,3493.0,667.0,2516.0
1024,109010,21.0,3492.0,662.0,2520.0
1025,109085,19.0,3491.0,662.0,2519.0
1026,109187,19.0,3488.0,662.0,2516.0
1027,109271,18.0,3487.0,660.0,2516.0
1028,109357,19.0,3488.0,662.0,2513.0
1029,109435,19.0,3494.0,669.0,2512.0
1030,109555,19.0,3496.0,670.0,2513.0
1031,109643,20.0,3494.0,667.0,2514.0
1032,109742,22.0,3494.0,669.0,2512.0
1033,109827,20.0,3500.0,677.0,2510.0
1034,109907,21.0,3500.0,678.0,2509.0
1035,110066,18.0,3495.0,680.0,2502.0
1036,110155,19.0,3502.0,684.0,2504.0
1037,110248,20.0,3522.0,702.0,2503.0
1038,110332,19.0,3523.0,699.0,2508.0
1039,110437,20.0,3531.0,702.0,2508.0
1040,110545,20.0,3527.0,702.0,2504.0
1041,110641,18.0,3526.0,702.0,2503.0
1042,110733,19.0,3526.0,696.0,2503.0
1043,110814,21.0,3528.0,698.0,2503.0
1044,110893,21.0,3533.0,700.0,2507.0
1045,110980,20.0,3552.0,720.0,2506.0
1046,111063,19.0,3559.0,725.0,2507.0
1047,111206,75.0,3559.0,725.0,2507.0
1048,111286,19.0,3562.0,726.0,2509.0
1049,111360,20.0,3563.0,727.0,2509.0
1050,111456,19.0,3571.0,733.0,2509.0
1051,111552,19.0,3566.0,732.0,2505.0
1052,111636,24.0,3572.0,737.0,2506.0
1053,111723,19.0,3574.0,741.0,2504.0
1054,111837,23.0,3577.0,715.0,2545.0
1055,111945,21.0,3577.0,694.0,2569.0
1056,112050,20.0,3576.0,693.0,2571.0
1057,112153,19.0,3577.0,681.0,2592.0
1058,112267,20.0,3579.0,673.0,2605.0
1059,112457,100.0,3574.0,660.0,2612.0
1060,112554,19.0,3584.0,662.0,2624.0
1061,112666,19.0,3579.0,662.0,2616.0
1062,112794,20.0,3583.0,666.0,2615.0
1063,112901,20.0,3584.0,650.0,2630.0
1064,112995,21.0,3588.0,648.0,2637.0
1065,113088,22.0,3596.0,651.0,2641.0
1066,113184,19.0,3596.0,645.0,2651.0
1067,113278,19.0,3611.0,652.0,2666.0
1068,113372,21.0,3601.0,645.0,2656.0
1069,113475,20.0,3603.0,641.0,2661.0
1070,113589,21.0,3609.0,615.0,2695.0
1071,113696,19.0,3616.0,607.0,2714.0
1072,113872,19.0,3616.0,593.0,2730.0
1073,113984,23.0,3615.0,591.0,2733.0
1074,114089,19.0,3618.0,594.0,2730.0
1075,114186,18.0,3618.0,589.0,2736.0
1076,114281,20.0,3617.0,574.0,2758.0
1077,114387,20.0,3620.0,575.0,2760.0
1078,114491,22.0,3613.0,562.0,2772.0
1079,114587,21.0,3623.0,572.0,2771.0
1080,114691,21.0,3621.0,561.0,2782.0
1081,114786,21.0,3629.0,564.0,2785.0
1082,114892,19.0,3627.0,563.0,2784.0
1083,115089,121.0,3630.0,562.0,2793.0
1084,115181,18.0,3628.0,543.0,2810.0
1085,115265,20.0,3632.0,535.0,2821.0
1086,115351,19.0,3641.0,532.0,2833.0
1087,115454,19.0,3644.0,526.0,2846.0
1088,115552,21.0,3653.0,529.0,2854.0
1089,115652,19.0,3653.0,532.0,2850.0
1090,115770,29.0,3657.0,536.0,2850.0
1091,115890,20.0,3665.0,536.0,2859.0
1092,115995,21.0,3665.0,529.0,2870.0
1093,116091,20.0,3665.0,520.0,2882.0
1094,116192,21.0,3669.0,521.0,2884.0
1095,116297,18.0,3669.0,510.0,2905.0
1096,116509,20.0,3667.0,505.0,2911.0
1097,116602,20.0,3670.0,508.0,2911.0
1098,116699,20.0,3672.0,504.0,2919.0
1099,116790,21.0,3670.0,497.0,2924.0
1100,116879,20.0,3679.0,500.0,2928.0
1101,116974,19.0,3677.0,501.0,2925.0
1102,117059,20.0,3683.0,501.0,2935.0
1103,117165,19.0,3683.0,492.0,2951.0
1104,117252,19.0,3688.0,492.0,2959.0
1105,117349,21.0,3688.0,487.0,2965.0
1106,117450,22.0,3697.0,494.0,2969.0
1107,117554,20.0,3695.0,495.0,2966.0
1108,117749,20.0,3697.0,479.0,2986.0
1109,117842,21.0,3696.0,466.0,3003.0
1110,117945,24.0,3701.0,460.0,3012.0
1111,118040,25.0,3705.0,459.0,3026.0
1112,118145,23.0,3711.0,462.0,3032.0
1113,118253,23.0,3711.0,461.0,3034.0
1114,118358,20.0,3722.0,472.0,3032.0
1115,118454,24.0,3727.0,465.0,3043.0
1116,118567,19.0,3727.0,463.0,3045.0
1117,118663,21.0,3723.0,469.0,3031.0
1118,118768,22.0,3729.0,467.0,3038.0
1119,118872,19.0,3741.0,478.0,3039.0
1120,118977,21.0,3741.0,477.0,3041.0
1121,119167,115.0,3751.0,487.0,3038.0
1122,119244,20.0,3764.0,499.0,3032.0
1123,119332,21.0,3759.0,488.0,3043.0
1124,119430,19.0,3764.0,491.0,3043.0
1125,119531,21.0,3769.0,497.0,3042.0
1126,119630,21.0,3775.0,506.0,3039.0
1127,119736,20.0,3784.0,516.0,3038.0
1128,119846,21.0,3790.0,517.0,3046.0
1129,119977,20.0,3790.0,507.0,3056.0
1130,120075,21.0,3789.0,509.0,3053.0
1131,120157,21.0,3794.0,512.0,3052.0
1132,120246,21.0,3798.0,520.0,3048.0
1133,120344,22.0,3804.0,520.0,3055.0
1134,120546,136.0,3808.0,507.0,3080.0
1135,120635,21.0,3815.0,506.0,3088.0
1136,120727,20.0,3815.0,505.0,3094.0
1137,120826,20.0,3814.0,507.0,3090.0
1138,120909,20.0,3816.0,509.0,3090.0
1139,121005,19.0,3807.0,509.0,3081.0
1140,121106,20.0,3808.0,511.0,3080.0
1141,121206,21.0,3806.0,508.0,3086.0
1142,121302,23.0,3806.0,504.0,3092.0
1143,121398,22.0,3805.0,490.0,3107.0
1144,121483,21.0,3805.0,481.0,3118.0
1145,121566,20.0,3806.0,478.0,3116.0
1146,121651,20.0,3817.0,489.0,3115.0
1147,121755,23.0,3822.0,495.0,3114.0
1148,122001,167.0,3823.0,491.0,3121.0
1149,122099,20.0,3824.0,488.0,3121.0
1150,122189,20.0,3829.0,493.0,3119.0
1151,122286,19.0,3830.0,494.0,3118.0
1152,122385,21.0,3825.0,495.0,3109.0
1153,122468,20.0,3832.0,494.0,3119.0
1154,122563,21.0,3833.0,495.0,3119.0
1155,122661,20.0,3833.0,495.0,3119.0
1156,122747,19.0,3833.0,495.0,3119.0
1157,122843,19.0,3832.0,495.0,3118.0
1158,122938,22.0,3831.0,500.0,3112.0
1159,123011,20.0,3837.0,494.0,3128.0
1160,123125,20.0,3835.0,484.0,3137.0
1161,123219,22.0,3840.0,484.0,3139.0
1162,123480,195.0,3846.0,493.0,3135.0
1163,123583,20.0,3848.0,500.0,3130.0
1164,123684,22.0,3855.0,507.0,3129.0
1165,123769,21.0,3856.0,508.0,3128.0
1166,123857,21.0,3861.0,513.0,3125.0
1167,123944,20.0,3858.0,505.0,3130.0
1168,124031,21.0,3858.0,505.0,3130.0
1169,124136,24.0,3859.0,503.0,3130.0
1170,124223,20.0,3862.0,500.0,3136.0
1171,124322,21.0,3862.0,500.0,3136.0
1172,124430,23.0,3859.0,500.0,3133.0
1173,124526,19.0,3859.0,499.0,3134.0
1174,124630,21.0,3857.0,480.0,3154.0
1175,124727,27.0,3857.0,479.0,3154.0
1176,124986,192.0,3862.0,475.0,3163.0
1177,125074,19.0,3861.0,468.0,3171.0
1178,125194,20.0,3862.0,466.0,3173.0
1179,125281,20.0,3856.0,466.0,3167.0
1180,125382,23.0,3859.0,456.0,3181.0
1181,125484,22.0,3849.0,447.0,3183.0
1182,125575,20.0,3855.0,451.0,3186.0
1183,125669,22.0,3867.0,458.0,3190.0
1184,125749,23.0,3877.0,461.0,3190.0
1185,125870,25.0,3873.0,461.0,3186.0
1186,125967,23.0,3873.0,461.0,3187.0
1187,126056,20.0,3884.0,471.0,3189.0
1188,126156,24.0,3884.0,464.0,3199.0
1189,126251,24.0,3899.0,479.0,3197.0
1190,126340,20.0,3900.0,480.0,3197.0
1191,126624,23.0,3908.0,486.0,3198.0
1192,126714,23.0,3912.0,488.0,3199.0
1193,126811,21.0,3911.0,478.0,3208.0
1194,126904,22.0,3917.0,479.0,3213.0
1195,127012,23.0,3926.0,484.0,3214.0
1196,127096,21.0,3932.0,489.0,3211.0
1197,127194,22.0,3934.0,485.0,3222.0
1198,127298,23.0,3939.0,490.0,3221.0
1199,127390,23.0,3939.0,488.0,3223.0
1200,127486,22.0,3939.0,488.0,3223.0
1201,127576,21.0,3948.0,502.0,3214.0
1202,127681,21.0,3949.0,503.0,3214.0
1203,127774,22.0,3952.0,506.0,3214.0
1204,127872,24.0,3950.0,509.0,3209.0
1205,128126,21.0,3952.0,507.0,3214.0
1206,128233,21.0,3959.0,497.0,3234.0
1207,128328,21.0,3960.0,500.0,3231.0
1208,128428,21.0,3959.0,500.0,3230.0
1209,128529,22.0,3955.0,493.0,3236.0
1210,128618,21.0,3955.0,493.0,3236.0
1211,128706,23.0,3950.0,493.0,3231.0
1212,128807,21.0,3955.0,496.0,3235.0
1213,128892,21.0,3955.0,495.0,3238.0
1214,128990,24.0,3965.0,498.0,3238.0
1215,129087,22.0,3966.0,499.0,3238.0
1216,129183,21.0,3965.0,499.0,3237.0
1217,129306,38.0,3971.0,504.0,3234.0
1218,129584,188.0,3972.0,501.0,3243.0
1219,129667,22.0,3981.0,501.0,3254.0
1220,129751,23.0,3985.0,506.0,3251.0
1221,129842,20.0,3983.0,506.0,3249.0
1222,129936,21.0,3988.0,513.0,3246.0
1223,130026,21.0,3992.0,515.0,3245.0
1224,130117,22.0,3992.0,515.0,3245.0
1225,130201,22.0,3997.0,520.0,3238.0
1226,130301,21.0,3998.0,521.0,3238.0
1227,130400,22.0,4001.0,522.0,3238.0
1228,130505,24.0,4003.0,526.0,3232.0
1229,130603,22.0,4011.0,535.0,3230.0
1230,130688,22.0,4012.0,537.0,3229.0
1231,130928,171.0,4001.0,538.0,3216.0
1232,131015,23.0,4008.0,540.0,3222.0
1233,131114,21.0,4007.0,545.0,3214.0
1234,131211,22.0,4007.0,545.0,3214.0
1235,131284,21.0,4010.0,548.0,3214.0
1236,131394,23.0,4003.0,548.0,3207.0
1237,131490,21.0,4006.0,549.0,3207.0
1238,131592,21.0,4007.0,550.0,3206.0
1239,131687,21.0,4017.0,559.0,3206.0
1240,131777,21.0,4017.0,559.0,3206.0
1241,131870,21.0,4018.0,557.0,3211.0
1242,131966,22.0,4020.0,559.0,3210.0
1243,132055,21.0,4023.0,562.0,3207.0
1244,132282,164.0,4023.0,563.0,3205.0
1245,132378,25.0,4024.0,565.0,3204.0
1246,132470,22.0,4030.0,571.0,3204.0
1247,132567,21.0,4032.0,570.0,3206.0
1248,132648,22.0,4039.0,577.0,3206.0
1249,132755,23.0,4042.0,584.0,3197.0
1250,132924,28.0,4055.0,593.0,3202.0
1251,133001,24.0,4050.0,594.0,3196.0
1252,133088,24.0,4057.0,597.0,3201.0
1253,133197,23.0,4054.0,596.0,3210.0
1254,133288,23.0,4052.0,596.0,3208.0
1255,133374,23.0,4053.0,597.0,3207.0
1256,133459,22.0,4052.0,596.0,3208.0
1257,133688,23.0,4048.0,598.0,3200.0
1258,133781,22.0,4050.0,601.0,3198.0
1259,133872,22.0,4052.0,603.0,3195.0
1260,133956,20.0,4047.0,604.0,3188.0
1261,134050,24.0,4046.0,610.0,3181.0
1262,134151,24.0,4044.0,611.0,3178.0
1263,134230,21.0,4057.0,624.0,3173.0
1264,134310,22.0,4051.0,624.0,3167.0
1265,134400,21.0,4050.0,624.0,3166.0
1266,134523,24.0,4051.0,626.0,3165.0
1267,134602,24.0,4060.0,635.0,3161.0
1268,134701,23.0,4061.0,638.0,3158.0
1269,134936,158.0,4070.0,647.0,3158.0
1270,135055,25.0,4070.0,647.0,3158.0
1271,135167,22.0,4077.0,654.0,3157.0
1272,135264,25.0,4077.0,654.0,3157.0
1273,135358,22.0,4078.0,655.0,3156.0
1274,135458,21.0,4082.0,659.0,3151.0
1275,135577,24.0,4082.0,664.0,3145.0
1276,135663,22.0,4082.0,664.0,3145.0
1277,135757,22.0,4088.0,670.0,3145.0
1278,135847,22.0,4092.0,671.0,3146.0
1279,135954,22.0,4101.0,680.0,3146.0
1280,136034,22.0,4113.0,691.0,3147.0
1281,136274,169.0,4119.0,697.0,3147.0
1282,136380,22.0,4117.0,693.0,3149.0
1283,136479,21.0,4120.0,696.0,3146.0
1284,136583,27.0,4119.0,693.0,3148.0
1285,136671,21.0,4123.0,699.0,3145.0
1286,136759,23.0,4131.0,706.0,3146.0
1287,136837,22.0,4142.0,706.0,3151.0
1288,136934,23.0,4145.0,707.0,3152.0
1289,137018,22.0,4143.0,707.0,3150.0
1290,137112,23.0,4147.0,716.0,3142.0
1291,137222,23.0,4151.0,720.0,3145.0
1292,137324,22.0,4152.0,722.0,3144.0
1293,137410,21.0,4152.0,723.0,3143.0
1294,137647,27.0,4158.0,726.0,3143.0
1295,137751,31.0,4163.0,730.0,3144.0
1296,137854,23.0,4163.0,730.0,3142.0
1297,137947,21.0,4164.0,725.0,3147.0
1298,138046,23.0,4164.0,725.0,3147.0
1299,138153,23.0,4163.0,724.0,3150.0
1300,138240,21.0,4160.0,722.0,3149.0
1301,138343,25.0,4161.0,723.0,3149.0
1302,138462,24.0,4164.0,732.0,3141.0
1303,138555,22.0,4164.0,732.0,3141.0
1304,138666,22.0,4164.0,733.0,3140.0
1305,138761,26.0,4161.0,733.0,3138.0
1306,138999,23.0,4161.0,729.0,3144.0
1307,139088,22.0,4162.0,725.0,3151.0
1308,139168,22.0,4178.0,741.0,3144.0
1309,139262,23.0,4194.0,756.0,3142.0
1310,139374,25.0,4200.0,765.0,3138.0
1311,139459,22.0,4204.0,772.0,3135.0
1312,139550,23.0,4206.0,771.0,3139.0
1313,139644,26.0,4208.0,772.0,3139.0
1314,139737,23.0,4208.0,772.0,3139.0
1315,139834,24.0,4209.0,770.0,3142.0
1316,139935,25.0,4209.0,767.0,3148.0
1317,140030,24.0,4210.0,768.0,3148.0
1318,140275,22.0,4219.0,772.0,3154.0
1319,140366,23.0,4227.0,780.0,3151.0
1320,140464,23.0,4238.0,791.0,3150.0
1321,140563,24.0,4240.0,793.0,3150.0
1322,140660,24.0,4240.0,787.0,3156.0
1323,140765,24.0,4245.0,793.0,3155.0
1324,140865,25.0,4247.0,795.0,3155.0
1325,140954,22.0,4245.0,794.0,3157.0
1326,141039,23.0,4252.0,799.0,3158.0
1327,141125,24.0,4252.0,797.0,3158.0
1328,141222,21.0,4260.0,805.0,3155.0
1329,141299,21.0,4258.0,802.0,3156.0
1330,141533,164.0,4258.0,799.0,3156.0
1331,141642,23.0,4269.0,807.0,3161.0
1332,141750,23.0,4268.0,804.0,3163.0
1333,141859,26.0,4263.0,785.0,3185.0
1334,141966,22.0,4265.0,763.0,3211.0
1335,142073,26.0,4263.0,752.0,3220.0
1336,142173,24.0,4262.0,738.0,3238.0
1337,142288,22.0,4262.0,730.0,3253.0
1338,142401,25.0,4265.0,709.0,3278.0
1339,142508,23.0,4271.0,693.0,3300.0
1340,142620,22.0,4267.0,691.0,3299.0
1341,142741,25.0,4268.0,681.0,3320.0
1342,143009,21.0,4268.0,659.0,3350.0
1343,143112,22.0,4268.0,657.0,3351.0
1344,143222,21.0,4264.0,642.0,3364.0
1345,143334,24.0,4270.0,643.0,3371.0
1346,143434,25.0,4278.0,646.0,3378.0
1347,143541,24.0,4285.0,652.0,3383.0
1348,143646,23.0,4285.0,631.0,3406.0
1349,143745,25.0,4291.0,631.0,3406.0
1350,143861,28.0,4291.0,626.0,3409.0
1351,143967,25.0,4300.0,616.0,3440.0
1352,144073,22.0,4296.0,603.0,3454.0
1353,144169,23.0,4301.0,609.0,3452.0
1354,144428,185.0,4301.0,576.0,3490.0
1355,144524,22.0,4301.0,560.0,3511.0
1356,144629,23.0,4296.0,554.0,3513.0
1357,144733,24.0,4300.0,549.0,3527.0
1358,144840,23.0,4303.0,543.0,3534.0
1359,144945,26.0,4310.0,534.0,3552.0
1360,145027,22.0,4309.0,529.0,3559.0
1361,145127,23.0,4312.0,533.0,3556.0
1362,145232,21.0,4314.0,528.0,3565.0
1363,145334,22.0,4320.0,528.0,3572.0
1364,145422,26.0,4334.0,541.0,3569.0
1365,145519,22.0,4339.0,542.0,3574.0
1366,145641,25.0,4340.0,538.0,3581.0
1367,145890,23.0,4339.0,521.0,3599.0
1368,146012,21.0,4339.0,504.0,3616.0
1369,146119,22.0,4343.0,508.0,3616.0
1370,146229,23.0,4343.0,500.0,3627.0
1371,146327,24.0,4350.0,506.0,3628.0
1372,146434,24.0,4350.0,504.0,3631.0
1373,146560,25.0,4351.0,504.0,3632.0
1374,146690,25.0,4349.0,493.0,3643.0
1375,146820,26.0,4347.0,493.0,3641.0
1376,146924,27.0,4348.0,494.0,3640.0
1377,147021,24.0,4351.0,494.0,3646.0
1378,147126,22.0,4349.0,489.0,3653.0
1379,147215,25.0,4358.0,498.0,3652.0
1380,147469,186.0,4360.0,487.0,3668.0
1381,147582,23.0,4363.0,480.0,3685.0
1382,147681,23.0,4372.0,488.0,3686.0
1383,147784,25.0,4371.0,489.0,3682.0
1384,147891,24.0,4378.0,492.0,3686.0
1385,147994,25.0,4377.0,485.0,3693.0
1386,148099,24.0,4397.0,498.0,3694.0
1387,148208,22.0,4393.0,491.0,3696.0
1388,148321,24.0,4395.0,486.0,3705.0
1389,148418,24.0,4396.0,487.0,3705.0
1390,148509,24.0,4396.0,487.0,3705.0
1391,148623,22.0,4399.0,476.0,3718.0
1392,148731,24.0,4395.0,477.0,3712.0
1393,149013,26.0,4401.0,474.0,3720.0
1394,149101,23.0,4411.0,481.0,3721.0
1395,149196,21.0,4422.0,492.0,3721.0
1396,149296,23.0,4423.0,475.0,3740.0
1397,149396,24.0,4423.0,476.0,3739.0
1398,149488,24.0,4429.0,480.0,3740.0
1399,149591,23.0,4429.0,480.0,3740.0
1400,149695,25.0,4425.0,469.0,3750.0
1401,149822,36.0,4431.0,477.0,3746.0
1402,149932,26.0,4433.0,478.0,3745.0
1403,150036,24.0,4433.0,477.0,3747.0
1404,150142,25.0,4446.0,490.0,3747.0
1405,150234,26.0,4451.0,493.0,3746.0
1406,150340,23.0,4455.0,498.0,3742.0
1407,152621,25.0,4464.0,399.0,3872.0
1408,152711,23.0,4462.0,403.0,3863.0
1409,152788,21.0,4462.0,403.0,3863.0
1410,152900,22.0,4463.0,404.0,3863.0
1411,152999,23.0,4472.0,414.0,3860.0
1412,153112,24.0,4472.0,412.0,3862.0
1413,153219,26.0,4474.0,411.0,3860.0
1414,153317,22.0,4479.0,413.0,3860.0
1415,153418,23.0,4480.0,414.0,3860.0
1416,153519,23.0,4480.0,414.0,3860.0
1417,153624,27.0,4480.0,410.0,3863.0
1418,153716,26.0,4486.0,415.0,3858.0
1419,153821,22.0,4486.0,414.0,3861.0
1420,153968,64.0,4486.0,406.0,3874.0
1421,154058,23.0,4490.0,403.0,3881.0
1422,154169,23.0,4493.0,407.0,3880.0
1423,154250,23.0,4487.0,406.0,3876.0
1424,154355,27.0,4489.0,407.0,3876.0
1425,154461,24.0,4497.0,414.0,3875.0
1426,154557,22.0,4497.0,414.0,3875.0
1427,154655,24.0,4502.0,416.0,3875.0
1428,154750,23.0,4511.0,425.0,3873.0
1429,154864,24.0,4512.0,426.0,3873.0
1430,154977,26.0,4524.0,438.0,3871.0
1431,155074,24.0,4523.0,426.0,3874.0
1432,155161,22.0,4527.0,429.0,3872.0
1433,155299,76.0,4529.0,431.0,3872.0
1434,155379,22.0,4531.0,428.0,3879.0
1435,155475,22.0,4536.0,425.0,3884.0
1436,155572,23.0,4531.0,422.0,3880.0
1437,155666,24.0,4528.0,422.0,3877.0
1438,155757,23.0,4530.0,420.0,3885.0
1439,155865,29.0,4534.0,417.0,3893.0
1440,155964,22.0,4531.0,417.0,3890.0
1441,156072,27.0,4528.0,417.0,3887.0
1442,156181,24.0,4528.0,409.0,3896.0
1443,156281,23.0,4536.0,408.0,3906.0
1444,156372,25.0,4535.0,400.0,3914.0
1445,156466,24.0,4535.0,400.0,3914.0
1446,156630,23.0,4535.0,399.0,3915.0
1447,156732,23.0,4545.0,409.0,3913.0
1448,156839,24.0,4548.0,409.0,3914.0
1449,156933,22.0,4547.0,406.0,3916.0
1450,157036,23.0,4549.0,406.0,3918.0
1451,157125,23.0,4544.0,412.0,3907.0
1452,157238,23.0,4552.0,414.0,3914.0
1453,157346,25.0,4545.0,414.0,3907.0
1454,157439,22.0,4551.0,415.0,3913.0
1455,157536,24.0,4552.0,416.0,3911.0
1456,157642,27.0,4548.0,416.0,3907.0
1457,157808,97.0,4558.0,425.0,3907.0
1458,157922,26.0,4565.0,431.0,3909.0
1459,158013,22.0,4566.0,433.0,3907.0
1460,158104,22.0,4566.0,433.0,3907.0
1461,158202,24.0,4561.0,435.0,3900.0
1462,158314,23.0,4565.0,441.0,3897.0
1463,158426,26.0,4565.0,439.0,3899.0
1464,158530,25.0,4565.0,438.0,3899.0
1465,158636,24.0,4565.0,437.0,3901.0
1466,158723,24.0,4567.0,439.0,3899.0
1467,158819,25.0,4571.0,446.0,3896.0
1468,158997,113.0,4577.0,443.0,3898.0
1469,159083,23.0,4570.0,442.0,3893.0
1470,159184,23.0,4565.0,441.0,3892.0
1471,159263,22.0,4572.0,442.0,3890.0
1472,159362,23.0,4573.0,443.0,3890.0
1473,159450,22.0,4573.0,443.0,3890.0
1474,159544,23.0,4580.0,450.0,3890.0
1475,159631,24.0,4575.0,445.0,3891.0
1476,159724,23.0,4569.0,443.0,3887.0
1477,159818,23.0,4571.0,443.0,3888.0
1478,159921,23.0,4578.0,460.0,3878.0
1479,160020,29.0,4588.0,461.0,3888.0
1480,160206,26.0,4587.0,459.0,3890.0
1481,160305,23.0,4588.0,460.0,3889.0
1482,160405,23.0,4586.0,460.0,3891.0
1483,160503,22.0,4586.0,450.0,3903.0
1484,160622,29.0,4586.0,447.0,3906.0
1485,160740,25.0,4583.0,447.0,3903.0
1486,160840,25.0,4583.0,445.0,3905.0
1487,160937,23.0,4585.0,451.0,3901.0
1488,161030,24.0,4594.0,460.0,3901.0
1489,161145,23.0,4593.0,460.0,3900.0
1490,161249,27.0,4604.0,464.0,3911.0
1491,161425,24.0,4606.0,459.0,3921.0
1492,161528,22.0,4609.0,460.0,3920.0
1493,161614,25.0,4609.0,459.0,3921.0
1494,161710,23.0,4612.0,464.0,3919.0
1495,161812,25.0,4624.0,477.0,3918.0
1496,161910,25.0,4624.0,477.0,3918.0
1497,161997,24.0,4625.0,477.0,3918.0
1498,162081,23.0,4634.0,485.0,3919.0
1499,162184,27.0,4636.0,484.0,3918.0
1500,162288,23.0,4637.0,485.0,3918.0
1501,162393,26.0,4636.0,483.0,3921.0
1502,162480,24.0,4636.0,483.0,3921.0
1503,162645,23.0,4645.0,490.0,3922.0
1504,162741,23.0,4651.0,494.0,3921.0
1505,162828,23.0,4664.0,506.0,3919.0
1506,162945,26.0,4665.0,506.0,3920.0
1507,163047,25.0,4664.0,504.0,3919.0
1508,163143,26.0,4665.0,500.0,3916.0
1509,163235,25.0,4665.0,496.0,3921.0
1510,163313,24.0,4677.0,507.0,3922.0
1511,163411,25.0,4679.0,506.0,3928.0
1512,163500,24.0,4682.0,505.0,3934.0
1513,163592,27.0,4682.0,505.0,3934.0
1514,163786,115.0,4682.0,504.0,3941.0
1515,163890,23.0,4680.0,504.0,3939.0
1516,163988,25.0,4679.0,499.0,3943.0
1517,164108,23.0,4679.0,499.0,3943.0
1518,164215,26.0,4686.0,504.0,3944.0
1519,164324,24.0,4685.0,504.0,3943.0
1520,164425,24.0,4684.0,502.0,3942.0
1521,164533,25.0,4685.0,502.0,3943.0
1522,164638,23.0,4692.0,507.0,3950.0
1523,164735,27.0,4688.0,507.0,3946.0
1524,164833,22.0,4693.0,512.0,3940.0
1525,164936,23.0,4695.0,514.0,3940.0
1526,165128,111.0,4695.0,513.0,3941.0
1527,165228,25.0,4695.0,512.0,3942.0
1528,165333,22.0,4695.0,512.0,3942.0
1529,165430,26.0,4703.0,516.0,3947.0
1530,165518,25.0,4703.0,511.0,3950.0
1531,165627,26.0,4704.0,510.0,3950.0
1532,165725,27.0,4704.0,510.0,3950.0
1533,165825,26.0,4704.0,509.0,3947.0
1534,165912,24.0,4712.0,517.0,3947.0
1535,166017,24.0,4712.0,517.0,3947.0
1536,166106,24.0,4711.0,514.0,3949.0
1537,166179,24.0,4713.0,517.0,3945.0
1538,166270,24.0,4718.0,523.0,3943.0
1539,166507,32.0,4719.0,521.0,3945.0
1540,166617,23.0,4729.0,531.0,3945.0
1541,166697,24.0,4729.0,531.0,3945.0
1542,166786,22.0,4725.0,531.0,3941.0
1543,166878,24.0,4721.0,531.0,3937.0
1544,166969,26.0,4726.0,535.0,3937.0
1545,167073,26.0,4735.0,545.0,3933.0
1546,167167,24.0,4738.0,547.0,3934.0
1547,167256,25.0,4739.0,544.0,3939.0
1548,167360,27.0,4748.0,553.0,3935.0
1549,167445,25.0,4753.0,560.0,3933.0
1550,167546,26.0,4760.0,567.0,3929.0
1551,167793,166.0,4762.0,569.0,3923.0
1552,167893,24.0,4768.0,573.0,3929.0
1553,167985,23.0,4767.0,574.0,3926.0
1554,168077,23.0,4773.0,581.0,3927.0
1555,168171,26.0,4783.0,583.0,3936.0
1556,168277,25.0,4783.0,583.0,3936.0
1557,168363,24.0,4783.0,583.0,3936.0
1558,168466,27.0,4784.0,590.0,3928.0
1559,168554,25.0,4787.0,593.0,3925.0
1560,168661,28.0,4781.0,599.0,3912.0
1561,168760,24.0,4781.0,594.0,3918.0
1562,168861,25.0,4783.0,596.0,3918.0
1563,168947,25.0,4798.0,611.0,3917.0
1564,169175,167.0,4802.0,615.0,3916.0
1565,169260,24.0,4804.0,617.0,3915.0
1566,169354,23.0,4804.0,614.0,3916.0
1567,169456,24.0,4805.0,615.0,3916.0
1568,169547,24.0,4805.0,613.0,3917.0
1569,169632,24.0,4805.0,613.0,3917.0
1570,169725,24.0,4810.0,617.0,3919.0
1571,169818,27.0,4810.0,617.0,3919.0
1572,169928,26.0,4808.0,618.0,3914.0
1573,170013,25.0,4807.0,624.0,3905.0
1574,170121,25.0,4809.0,626.0,3905.0
1575,170239,31.0,4810.0,628.0,3903.0
1576,170343,26.0,4823.0,636.0,3908.0
1577,170438,25.0,4825.0,639.0,3907.0
1578,170651,143.0,4824.0,635.0,3916.0
1579,170749,23.0,4824.0,635.0,3916.0
1580,170827,25.0,4826.0,634.0,3922.0
1581,170921,25.0,4830.0,638.0,3920.0
1582,171017,27.0,4829.0,638.0,3919.0
1583,171104,26.0,4841.0,649.0,3923.0
1584,171228,25.0,4841.0,642.0,3924.0
1585,171322,25.0,4857.0,658.0,3922.0
1586,171414,23.0,4857.0,658.0,3922.0
1587,171522,25.0,4863.0,664.0,3922.0
1588,171623,27.0,4863.0,664.0,3922.0
1589,171712,25.0,4864.0,663.0,3922.0
1590,171818,27.0,4865.0,651.0,3926.0
1591,171929,25.0,4862.0,631.0,3944.0
1592,172285,27.0,4866.0,567.0,4033.0
1593,172380,25.0,4873.0,563.0,4045.0
1594,172497,25.0,4872.0,549.0,4071.0
1595,172612,26.0,4877.0,554.0,4071.0
1596,172719,25.0,4891.0,548.0,4090.0
1597,172829,26.0,4892.0,541.0,4097.0
1598,172930,25.0,4882.0,542.0,4084.0
1599,173027,26.0,4887.0,550.0,4081.0
1600,173135,25.0,4885.0,532.0,4103.0
1601,173248,25.0,4885.0,491.0,4146.0
1602,173345,28.0,4887.0,487.0,4148.0
1603,173455,26.0,4886.0,482.0,4147.0
1604,173556,25.0,4892.0,486.0,4151.0
1605,173830,177.0,4897.0,483.0,4176.0
1606,173950,25.0,4901.0,487.0,4174.0
1607,174049,26.0,4905.0,485.0,4179.0
1608,174150,27.0,4900.0,466.0,4200.0
1609,174263,34.0,4899.0,464.0,4207.0
1610,174360,27.0,4900.0,465.0,4207.0
1611,174467,25.0,4901.0,466.0,4207.0
1612,174576,25.0,4904.0,461.0,4216.0
1613,174686,27.0,4909.0,464.0,4219.0
1614,174787,28.0,4906.0,463.0,4219.0
1615,174901,29.0,4908.0,457.0,4230.0
1616,175018,27.0,4909.0,455.0,4235.0
1617,175126,25.0,4913.0,458.0,4235.0
1618,175400,187.0,4914.0,437.0,4259.0
1619,175501,28.0,4913.0,438.0,4256.0
1620,175614,25.0,4913.0,438.0,4256.0
1621,175713,24.0,4909.0,438.0,4252.0
1622,175822,27.0,4911.0,441.0,4248.0
1623,175919,28.0,4907.0,436.0,4245.0
1624,176030,27.0,4907.0,433.0,4248.0
1625,176157,28.0,4913.0,431.0,4256.0
1626,176266,29.0,4913.0,424.0,4265.0
1627,176359,34.0,4916.0,427.0,4264.0
1628,176468,25.0,4917.0,428.0,4264.0
1629,176567,29.0,4926.0,436.0,4262.0
1630,176664,27.0,4929.0,441.0,4260.0
1631,176914,25.0,4937.0,441.0,4270.0
1632,177017,25.0,4936.0,429.0,4282.0
1633,177114,28.0,4936.0,410.0,4303.0
1634,177212,27.0,4931.0,404.0,4304.0
1635,177323,25.0,4933.0,406.0,4301.0
1636,177443,25.0,4930.0,406.0,4298.0
1637,177549,24.0,4930.0,398.0,4304.0
1638,177653,25.0,4933.0,399.0,4309.0
1639,177755,25.0,4938.0,404.0,4308.0
1640,177863,27.0,4939.0,405.0,4308.0
1641,177963,28.0,4942.0,403.0,4311.0
1642,178066,25.0,4942.0,405.0,4310.0
1643,178317,170.0,4944.0,393.0,4323.0
1644,178463,41.0,4944.0,388.0,4331.0
1645,178547,26.0,4952.0,396.0,4329.0
1646,178652,25.0,4956.0,390.0,4339.0
1647,178757,27.0,4967.0,397.0,4338.0
1648,178869,28.0,4968.0,396.0,4338.0
1649,178968,25.0,4974.0,401.0,4338.0
1650,179081,24.0,4973.0,390.0,4352.0
1651,179193,26.0,4973.0,389.0,4354.0
1652,179291,25.0,4973.0,382.0,4362.0
1653,179394,26.0,4973.0,367.0,4379.0
1654,179487,27.0,4984.0,377.0,4380.0
1655,179746,28.0,4997.0,377.0,4393.0
1656,179848,28.0,4996.0,368.0,4405.0
1657,179957,27.0,4996.0,368.0,4405.0
1658,180074,27.0,5000.0,363.0,4412.0
1659,180175,27.0,5002.0,364.0,4413.0
1660,180285,24.0,5001.0,347.0,4434.0
1661,180383,28.0,5007.0,354.0,4433.0
1662,180472,28.0,5010.0,357.0,4433.0
1663,180602,27.0,5016.0,363.0,4429.0
1664,180692,24.0,5016.0,363.0,4429.0
1665,180784,26.0,5016.0,365.0,4427.0
1666,181049,180.0,5016.0,365.0,4427.0
1667,181145,25.0,5018.0,367.0,4427.0
1668,181232,24.0,5016.0,367.0,4425.0
1669,181328,25.0,5019.0,371.0,4424.0
1670,181428,26.0,5020.0,375.0,4421.0
1671,181538,29.0,5023.0,378.0,4421.0
1672,181637,26.0,5033.0,388.0,4420.0
1673,181723,24.0,5040.0,397.0,4417.0
1674,181815,28.0,5039.0,397.0,4416.0
1675,181916,27.0,5045.0,404.0,4414.0
1676,182019,30.0,5052.0,411.0,4410.0
1677,182138,27.0,5049.0,411.0,4407.0
1678,182397,27.0,5048.0,411.0,4406.0
1679,182486,25.0,5055.0,418.0,4405.0
1680,182616,28.0,5051.0,418.0,4401.0
1681,182718,26.0,5054.0,420.0,4403.0
1682,182819,25.0,5053.0,421.0,4401.0
1683,182918,26.0,5059.0,426.0,4403.0
1684,183012,25.0,5059.0,426.0,4403.0
1685,183107,26.0,5063.0,423.0,4415.0
1686,183205,26.0,5072.0,425.0,4416.0
1687,183297,25.0,5071.0,422.0,4424.0
1688,183410,31.0,5072.0,423.0,4423.0
1689,183733,225.0,5067.0,422.0,4419.0
1690,183832,26.0,5067.0,413.0,4431.0
1691,183928,24.0,5068.0,416.0,4427.0
1692,184024,27.0,5068.0,417.0,4426.0
1693,184140,26.0,5067.0,414.0,4433.0
1694,184245,26.0,5066.0,406.0,4442.0
1695,184347,28.0,5076.0,415.0,4444.0
1696,184453,27.0,5077.0,408.0,4451.0
1697,184550,26.0,5082.0,407.0,4460.0
1698,184650,30.0,5087.0,408.0,4460.0
1699,184755,27.0,5090.0,411.0,4458.0
1700,184864,26.0,5088.0,403.0,4464.0
1701,185110,180.0,5092.0,406.0,4460.0
1702,185229,26.0,5094.0,406.0,4458.0
1703,185323,25.0,5096.0,409.0,4457.0
1704,185416,26.0,5096.0,403.0,4461.0
1705,185523,26.0,5099.0,405.0,4462.0
1706,185623,28.0,5097.0,401.0,4462.0
1707,185742,41.0,5098.0,397.0,4472.0
1708,185824,25.0,5098.0,395.0,4475.0
1709,185929,26.0,5098.0,394.0,4477.0
1710,186035,27.0,5098.0,392.0,4479.0
1711,186137,27.0,5096.0,398.0,4471.0
1712,186231,28.0,5096.0,397.0,4474.0
1713,186491,29.0,5093.0,397.0,4473.0
1714,186591,26.0,5094.0,397.0,4478.0
1715,186689,28.0,5096.0,399.0,4478.0
1716,186820,47.0,5106.0,408.0,4478.0
1717,186934,32.0,5107.0,402.0,4488.0
1718,187039,29.0,5107.0,402.0,4488.0
1719,187148,27.0,5107.0,394.0,4495.0
1720,187248,25.0,5107.0,392.0,4497.0
1721,187340,26.0,5114.0,388.0,4509.0
1722,187449,26.0,5119.0,389.0,4514.0
1723,187544,27.0,5132.0,402.0,4506.0
1724,187784,162.0,5136.0,410.0,4500.0
1725,187881,24.0,5137.0,412.0,4498.0
1726,187972,27.0,5137.0,408.0,4504.0
1727,188070,29.0,5136.0,409.0,4501.0
1728,188174,26.0,5137.0,409.0,4500.0
1729,188288,33.0,5140.0,404.0,4508.0
1730,188401,32.0,5140.0,404.0,4507.0
1731,188515,27.0,5149.0,416.0,4504.0
1732,188615,26.0,5150.0,418.0,4503.0
1733,188723,26.0,5152.0,420.0,4501.0
1734,188830,27.0,5159.0,424.0,4501.0
1735,188965,29.0,5160.0,427.0,4495.0
1736,189204,163.0,5160.0,425.0,4497.0
1737,189301,25.0,5160.0,418.0,4499.0
1738,189411,28.0,5172.0,430.0,4496.0
1739,189510,31.0,5178.0,441.0,4491.0
1740,189609,28.0,5184.0,444.0,4495.0
1741,189718,30.0,5185.0,447.0,4489.0
1742,189817,27.0,5191.0,449.0,4496.0
1743,189939,28.0,5188.0,443.0,4500.0
1744,190046,25.0,5195.0,446.0,4505.0
1745,190157,26.0,5196.0,446.0,4505.0
1746,190254,26.0,5203.0,453.0,4497.0
1747,190347,27.0,5204.0,455.0,4496.0
1748,190599,173.0,5210.0,461.0,4490.0
1749,190714,27.0,5206.0,458.0,4491.0
1750,190813,27.0,5207.0,456.0,4499.0
1751,190912,28.0,5206.0,453.0,4503.0
1752,191013,27.0,5206.0,453.0,4503.0
1753,191108,27.0,5209.0,452.0,4505.0
1754,191202,29.0,5200.0,452.0,4496.0
1755,191306,26.0,5204.0,450.0,4500.0
1756,191402,29.0,5204.0,450.0,4500.0
1757,191509,28.0,5205.0,452.0,4498.0
1758,191606,28.0,5204.0,448.0,4505.0
1759,191715,26.0,5201.0,448.0,4502.0
1760,191982,30.0,5201.0,444.0,4514.0
1761,192105,30.0,5202.0,443.0,4514.0
1762,192204,31.0,5203.0,440.0,4520.0
1763,192303,29.0,5203.0,433.0,4525.0
1764,192398,27.0,5204.0,433.0,4524.0
1765,192504,30.0,5206.0,435.0,4523.0
1766,192603,30.0,5226.0,452.0,4522.0
1767,192724,33.0,5225.0,452.0,4520.0
1768,192836,29.0,5225.0,451.0,4520.0
1769,192934,26.0,5231.0,456.0,4514.0
1770,193034,30.0,5231.0,454.0,4517.0
1771,193166,26.0,5232.0,455.0,4517.0
1772,193399,165.0,5232.0,454.0,4520.0
1773,193497,27.0,5231.0,454.0,4519.0
1774,193596,27.0,5235.0,458.0,4519.0
1775,193689,26.0,5237.0,456.0,4523.0
1776,193801,27.0,5237.0,457.0,4521.0
1777,193903,27.0,5238.0,455.0,4521.0
1778,193996,30.0,5237.0,456.0,4519.0
1779,194102,25.0,5229.0,457.0,4510.0
1780,194195,32.0,5230.0,459.0,4502.0
1781,194298,30.0,5237.0,461.0,4505.0
1782,194391,30.0,5241.0,465.0,4502.0
1783,194488,28.0,5233.0,465.0,4494.0
1784,194722,174.0,5241.0,474.0,4492.0
1785,194826,27.0,5241.0,466.0,4496.0
1786,194923,29.0,5253.0,478.0,4492.0
1787,195018,26.0,5251.0,477.0,4491.0
1788,195122,25.0,5250.0,481.0,4483.0
1789,195213,25.0,5261.0,490.0,4485.0
1790,195308,29.0,5270.0,496.0,4483.0
1791,195409,28.0,5271.0,498.0,4482.0
1792,195518,27.0,5271.0,495.0,4486.0
1793,195624,28.0,5270.0,495.0,4485.0
1794,195718,28.0,5276.0,501.0,4484.0
1795,195805,27.0,5273.0,501.0,4482.0
1796,195904,27.0,5274.0,500.0,4482.0
1797,196179,200.0,5277.0,504.0,4481.0
1798,196273,27.0,5288.0,513.0,4481.0
1799,196366,31.0,5299.0,524.0,4480.0
1800,196456,29.0,5303.0,529.0,4476.0
1801,196543,28.0,5299.0,527.0,4473.0
1802,196671,30.0,5300.0,529.0,4470.0
1803,196773,31.0,5310.0,539.0,4467.0
1804,196885,32.0,5310.0,539.0,4467.0
1805,196991,27.0,5310.0,539.0,4467.0
1806,197084,27.0,5317.0,546.0,4467.0
1807,197182,32.0,5319.0,548.0,4465.0
1808,197267,27.0,5320.0,545.0,4467.0
1809,197373,29.0,5318.0,547.0,4464.0
1810,199780,2337.0,5326.0,527.0,4492.0
1811,199887,36.0,5333.0,511.0,4529.0
1812,199978,29.0,5334.0,509.0,4532.0
1813,200088,29.0,5342.0,515.0,4535.0
1814,200198,31.0,5341.0,515.0,4534.0
1815,200304,28.0,5335.0,515.0,4528.0
1816,200415,33.0,5338.0,519.0,4526.0
1817,200512,27.0,5358.0,538.0,4518.0
1818,200615,29.0,5353.0,538.0,4513.0
1819,200714,26.0,5354.0,539.0,4513.0
1820,200824,31.0,5361.0,544.0,4512.0
1821,200922,27.0,5355.0,544.0,4506.0
1822,201028,26.0,5359.0,552.0,4501.0
1823,201157,69.0,5356.0,553.0,4497.0
1824,201261,30.0,5356.0,552.0,4498.0
1825,201362,28.0,5355.0,552.0,4497.0
1826,201464,32.0,5362.0,557.0,4499.0
1827,201554,31.0,5364.0,559.0,4498.0
1828,201659,31.0,5372.0,567.0,4498.0
1829,201778,28.0,5375.0,556.0,4521.0
1830,201887,27.0,5376.0,530.0,4557.0
1831,202004,29.0,5383.0,526.0,4569.0
1832,202125,26.0,5378.0,527.0,4563.0
1833,202241,30.0,5378.0,527.0,4563.0
1834,202339,25.0,5383.0,532.0,4562.0
1835,202455,25.0,5381.0,517.0,4579.0
1836,202619,74.0,5381.0,515.0,4583.0
1837,202722,26.0,5385.0,507.0,4600.0
1838,202822,26.0,5381.0,496.0,4616.0
1839,202930,26.0,5386.0,492.0,4628.0
1840,203045,25.0,5392.0,489.0,4640.0
1841,203148,26.0,5402.0,482.0,4655.0
1842,203268,32.0,5410.0,481.0,4665.0
1843,203401,26.0,5411.0,474.0,4674.0
1844,203505,28.0,5417.0,475.0,4681.0
1845,203608,27.0,5413.0,472.0,4686.0
1846,203714,29.0,5415.0,472.0,4692.0
1847,203831,33.0,5422.0,480.0,4691.0
1848,204003,26.0,5422.0,474.0,4701.0
1849,204104,26.0,5427.0,477.0,4707.0
1850,204214,26.0,5426.0,461.0,4719.0
1851,204324,28.0,5423.0,461.0,4716.0
1852,204438,36.0,5424.0,448.0,4732.0
1853,204555,28.0,5430.0,455.0,4729.0
1854,204670,29.0,5431.0,456.0,4729.0
1855,204780,29.0,5430.0,445.0,4745.0
1856,204883,30.0,5441.0,447.0,4758.0
1857,204989,28.0,5443.0,434.0,4775.0
1858,205097,31.0,5448.0,438.0,4771.0
1859,205275,104.0,5454.0,445.0,4768.0
1860,205378,32.0,5450.0,445.0,4764.0
1861,205492,28.0,5455.0,426.0,4790.0
1862,205607,30.0,5459.0,405.0,4822.0
1863,205704,28.0,5460.0,404.0,4823.0
1864,205811,31.0,5463.0,407.0,4823.0
1865,205913,33.0,5465.0,409.0,4823.0
1866,206014,31.0,5463.0,410.0,4820.0
1867,206131,30.0,5459.0,407.0,4819.0
1868,206239,25.0,5460.0,400.0,4829.0
1869,206325,27.0,5460.0,398.0,4831.0
1870,206513,124.0,5459.0,387.0,4842.0
1871,206624,26.0,5459.0,377.0,4851.0
1872,206731,33.0,5468.0,386.0,4849.0
1873,206831,28.0,5474.0,392.0,4849.0
1874,206934,29.0,5472.0,385.0,4855.0
1875,207066,31.0,5481.0,385.0,4861.0
1876,207171,29.0,5473.0,376.0,4864.0
1877,207286,26.0,5483.0,382.0,4869.0
1878,207387,31.0,5495.0,392.0,4869.0
1879,207493,31.0,5496.0,394.0,4868.0
1880,207600,30.0,5496.0,380.0,4886.0
1881,207802,33.0,5499.0,376.0,4893.0
1882,207956,35.0,5506.0,382.0,4894.0
1883,208078,30.0,5508.0,380.0,4900.0
1884,208175,29.0,5509.0,371.0,4911.0
1885,208286,28.0,5511.0,373.0,4908.0
1886,208410,34.0,5520.0,376.0,4910.0
1887,208518,29.0,5521.0,379.0,4908.0
1888,208613,27.0,5534.0,392.0,4908.0
1889,208734,32.0,5535.0,380.0,4923.0
1890,208824,30.0,5548.0,393.0,4922.0
1891,208929,28.0,5556.0,398.0,4928.0
1892,209098,27.0,5566.0,398.0,4941.0
1893,209214,30.0,5572.0,402.0,4943.0
1894,209321,27.0,5574.0,390.0,4955.0
1895,209435,28.0,5575.0,391.0,4955.0
1896,209540,34.0,5585.0,402.0,4952.0
1897,209653,31.0,5590.0,408.0,4948.0
1898,209778,30.0,5592.0,406.0,4952.0
1899,209888,28.0,5600.0,414.0,4952.0
1900,209996,30.0,5596.0,412.0,4953.0
1901,210098,29.0,5596.0,410.0,4955.0
1902,210208,30.0,5604.0,416.0,4952.0
1903,210400,28.0,5604.0,414.0,4956.0
1904,210503,29.0,5608.0,418.0,4954.0
1905,210604,28.0,5619.0,417.0,4966.0
1906,210709,31.0,5618.0,414.0,4968.0
1907,210807,30.0,5624.0,418.0,4966.0
1908,210917,28.0,5628.0,417.0,4973.0
1909,211030,29.0,5631.0,422.0,4969.0
1910,211134,27.0,5627.0,417.0,4971.0
1911,211237,31.0,5634.0,425.0,4969.0
1912,211346,31.0,5636.0,427.0,4965.0
1913,211453,30.0,5640.0,422.0,4975.0
1914,211638,28.0,5647.0,429.0,4975.0
1915,211746,30.0,5648.0,431.0,4973.0
1916,211851,30.0,5650.0,430.0,4979.0
1917,211979,28.0,5647.0,424.0,4983.0
1918,212093,29.0,5647.0,426.0,4981.0
1919,212198,28.0,5663.0,440.0,4980.0
1920,212307,28.0,5663.0,439.0,4982.0
1921,212443,46.0,5662.0,430.0,4990.0
1922,212543,29.0,5666.0,428.0,4996.0
1923,212653,30.0,5674.0,433.0,5003.0
1924,212754,31.0,5689.0,448.0,5002.0
1925,212970,29.0,5690.0,447.0,5009.0
1926,213068,30.0,5692.0,451.0,5006.0
1927,213181,27.0,5692.0,446.0,5013.0
1928,213281,28.0,5697.0,454.0,5008.0
1929,213369,29.0,5718.0,472.0,5007.0
1930,213471,29.0,5716.0,470.0,5011.0
1931,213584,32.0,5715.0,471.0,5009.0
1932,213681,27.0,5723.0,479.0,5005.0
1933,213785,31.0,5723.0,479.0,5005.0
1934,213896,32.0,5728.0,482.0,5009.0
1935,214014,33.0,5728.0,481.0,5012.0
1936,214108,29.0,5735.0,479.0,5022.0
1937,214318,126.0,5735.0,476.0,5030.0
1938,214426,29.0,5736.0,477.0,5025.0
1939,214532,28.0,5742.0,483.0,5022.0
1940,214632,31.0,5746.0,488.0,5020.0
1941,214729,31.0,5752.0,496.0,5016.0
1942,214831,30.0,5751.0,492.0,5014.0
1943,214940,31.0,5752.0,492.0,5014.0
1944,215035,29.0,5755.0,487.0,5017.0
1945,215122,27.0,5755.0,487.0,5017.0
1946,215226,28.0,5758.0,489.0,5014.0
1947,215336,29.0,5763.0,494.0,5012.0
1948,215436,32.0,5765.0,487.0,5022.0
1949,215674,152.0,5764.0,485.0,5023.0
1950,215775,28.0,5763.0,486.0,5021.0
1951,215879,27.0,5763.0,486.0,5021.0
1952,215980,28.0,5770.0,493.0,5019.0
1953,216082,30.0,5770.0,492.0,5019.0
1954,216189,31.0,5772.0,493.0,5019.0
1955,216287,32.0,5770.0,493.0,5013.0
1956,216401,35.0,5770.0,493.0,5013.0
1957,216499,35.0,5771.0,486.0,5030.0
1958,216596,30.0,5780.0,493.0,5031.0
1959,216703,33.0,5788.0,501.0,5030.0
1960,216805,29.0,5793.0,506.0,5030.0
1961,216899,27.0,5788.0,502.0,5027.0
1962,217116,149.0,5793.0,506.0,5028.0
1963,217221,28.0,5796.0,506.0,5039.0
1964,217325,28.0,5799.0,505.0,5043.0
1965,217420,28.0,5808.0,512.0,5043.0
1966,217539,35.0,5808.0,508.0,5047.0
1967,217651,32.0,5808.0,500.0,5051.0
1968,217755,32.0,5808.0,501.0,5050.0
1969,217870,32.0,5810.0,503.0,5049.0
1970,217969,30.0,5813.0,507.0,5055.0
1971,218054,28.0,5821.0,512.0,5060.0
1972,218168,31.0,5830.0,521.0,5060.0
1973,218272,28.0,5831.0,522.0,5059.0
1974,218376,30.0,5831.0,519.0,5066.0
1975,218624,160.0,5834.0,517.0,5074.0
1976,218740,31.0,5838.0,518.0,5076.0
1977,218834,28.0,5839.0,519.0,5076.0
1978,218933,31.0,5839.0,518.0,5077.0
1979,219040,29.0,5841.0,519.0,5078.0
1980,219141,31.0,5842.0,520.0,5077.0
1981,219250,27.0,5849.0,527.0,5073.0
1982,219345,28.0,5848.0,527.0,5072.0
1983,219445,34.0,5855.0,534.0,5070.0
1984,219528,29.0,5865.0,540.0,5078.0
1985,219640,31.0,5868.0,544.0,5072.0
1986,219743,34.0,5875.0,551.0,5069.0
1987,219869,35.0,5875.0,551.0,5069.0
1988,220133,183.0,5882.0,541.0,5088.0
1989,220240,33.0,5882.0,540.0,5091.0
1990,220348,29.0,5890.0,548.0,5091.0
1991,220455,31.0,5889.0,546.0,5095.0
1992,220565,33.0,5888.0,546.0,5094.0
1993,220653,31.0,5888.0,550.0,5085.0
1994,220756,31.0,5887.0,549.0,5084.0
1995,220870,32.0,5887.0,550.0,5081.0
1996,220994,30.0,5887.0,549.0,5084.0
1997,221111,30.0,5888.0,551.0,5083.0
1998,221221,30.0,5887.0,554.0,5079.0
1999,221326,33.0,5891.0,558.0,5079.0
2000,221426,31.0,5891.0,558.0,5079.0
2001,221687,172.0,5890.0,557.0,5081.0
2002,221808,32.0,5889.0,556.0,5081.0
2003,221917,34.0,5890.0,557.0,5081.0
2004,222014,32.0,5901.0,566.0,5086.0
2005,222135,30.0,5900.0,564.0,5089.0
2006,222256,32.0,5902.0,566.0,5089.0
2007,222370,35.0,5902.0,566.0,5089.0
2008,222481,31.0,5914.0,576.0,5091.0
2009,222610,36.0,5917.0,578.0,5081.0
2010,222726,31.0,5922.0,582.0,5080.0
2011,222837,31.0,5921.0,582.0,5079.0
2012,222938,29.0,5919.0,584.0,5073.0
2013,223204,194.0,5924.0,586.0,5075.0
2014,223311,30.0,5925.0,585.0,5074.0
2015,223423,30.0,5926.0,586.0,5073.0
2016,223530,34.0,5926.0,586.0,5073.0
2017,223638,31.0,5921.0,580.0,5074.0
2018,223751,30.0,5923.0,582.0,5069.0
2019,223866,34.0,5925.0,586.0,5067.0
2020,223964,31.0,5924.0,585.0,5068.0
2021,224073,32.0,5931.0,586.0,5078.0
2022,224172,29.0,5950.0,605.0,5073.0
2023,224272,29.0,5947.0,602.0,5076.0
2024,224381,31.0,5947.0,601.0,5077.0
2025,224624,32.0,5959.0,611.0,5080.0
2026,224721,29.0,5957.0,611.0,5078.0
2027,224823,29.0,5956.0,609.0,5080.0
2028,224923,33.0,5956.0,609.0,5080.0
2029,225035,29.0,5956.0,609.0,5080.0
2030,225131,32.0,5956.0,609.0,5080.0
2031,225223,30.0,5958.0,611.0,5080.0
2032,225333,30.0,5958.0,611.0,5079.0
2033,225423,30.0,5962.0,617.0,5077.0
2034,225542,32.0,5962.0,617.0,5077.0
2035,225649,34.0,5971.0,623.0,5076.0
2036,225903,33.0,5976.0,621.0,5079.0
2037,226012,31.0,5976.0,620.0,5082.0
2038,226117,30.0,5973.0,620.0,5079.0
2039,226226,35.0,5973.0,617.0,5082.0
2040,226337,34.0,5979.0,624.0,5078.0
2041,226449,34.0,5978.0,624.0,5078.0
2042,226564,29.0,5979.0,625.0,5078.0
2043,226681,34.0,5979.0,619.0,5087.0
2044,226794,34.0,5978.0,620.0,5082.0
2045,226907,34.0,5978.0,620.0,5082.0
2046,227016,36.0,5979.0,621.0,5082.0
2047,227253,31.0,5983.0,619.0,5092.0
2048,227352,33.0,6005.0,637.0,5088.0
2049,227465,32.0,6012.0,644.0,5085.0
2050,227557,30.0,6013.0,645.0,5085.0
2051,227669,35.0,6013.0,653.0,5077.0
2052,227761,32.0,6020.0,660.0,5074.0
2053,227866,33.0,6017.0,660.0,5071.0
2054,227972,33.0,6015.0,661.0,5067.0
2055,228086,35.0,6020.0,667.0,5066.0
2056,228186,31.0,6021.0,668.0,5066.0
2057,228307,32.0,6019.0,668.0,5064.0
2058,228548,163.0,6020.0,670.0,5063.0
2059,228646,30.0,6023.0,673.0,5063.0
2060,228744,32.0,6026.0,676.0,5063.0
2061,228856,36.0,6022.0,676.0,5059.0
2062,228948,32.0,6021.0,676.0,5058.0
2063,229052,33.0,6023.0,678.0,5058.0
2064,229165,35.0,6031.0,685.0,5056.0
2065,229254,30.0,6033.0,686.0,5055.0
2066,229327,32.0,6040.0,693.0,5054.0
2067,229441,31.0,6039.0,695.0,5051.0
2068,229537,31.0,6045.0,701.0,5051.0
2069,229811,193.0,6050.0,710.0,5046.0
2070,229924,31.0,6052.0,713.0,5045.0
2071,230013,31.0,6060.0,721.0,5043.0
2072,230120,32.0,6059.0,719.0,5044.0
2073,230227,31.0,6061.0,722.0,5042.0
2074,230326,36.0,6076.0,738.0,5040.0
2075,230435,33.0,6076.0,735.0,5047.0
2076,230555,35.0,6076.0,734.0,5047.0
2077,230650,32.0,6082.0,739.0,5041.0
2078,230771,36.0,6081.0,739.0,5040.0
2079,230888,31.0,6078.0,736.0,5045.0
2080,231139,174.0,6081.0,734.0,5046.0
2081,231238,33.0,6088.0,738.0,5051.0
2082,231337,35.0,6085.0,737.0,5051.0
2083,231432,34.0,6090.0,742.0,5048.0
2084,231546,35.0,6094.0,746.0,5047.0
2085,231650,34.0,6093.0,745.0,5047.0
2086,231748,33.0,6093.0,736.0,5060.0
2087,231903,35.0,6091.0,717.0,5082.0
2088,232022,33.0,6089.0,677.0,5134.0
2089,232141,33.0,6089.0,664.0,5152.0
2090,232259,32.0,6090.0,643.0,5180.0
2091,232529,182.0,6094.0,573.0,5274.0
2092,232633,29.0,6099.0,571.0,5281.0
2093,232749,31.0,6099.0,567.0,5284.0
2094,232862,33.0,6101.0,564.0,5296.0
2095,233007,29.0,6106.0,561.0,5301.0
2096,233120,30.0,6107.0,543.0,5322.0
2097,233238,32.0,6113.0,549.0,5322.0
2098,233340,32.0,6116.0,549.0,5327.0
2099,233451,32.0,6107.0,545.0,5321.0
2100,233566,33.0,6106.0,534.0,5332.0
2101,233683,33.0,6107.0,527.0,5342.0
2102,233956,188.0,6103.0,500.0,5367.0
2103,234091,29.0,6103.0,497.0,5371.0
2104,234202,32.0,6103.0,490.0,5380.0
2105,234315,31.0,6115.0,480.0,5404.0
2106,234423,34.0,6112.0,472.0,5409.0
2107,234519,33.0,6119.0,454.0,5430.0
2108,234630,33.0,6117.0,457.0,5422.0
2109,234738,31.0,6111.0,441.0,5436.0
2110,234842,31.0,6113.0,429.0,5455.0
2111,234954,33.0,6116.0,432.0,5453.0
2112,235059,32.0,6117.0,426.0,5463.0
2113,235321,31.0,6115.0,416.0,5471.0
2114,235434,32.0,6115.0,408.0,5484.0
2115,235538,33.0,6115.0,401.0,5492.0
2116,235653,34.0,6113.0,394.0,5497.0
2117,235760,33.0,6112.0,385.0,5508.0
2118,235877,32.0,6113.0,381.0,5515.0
2119,235987,33.0,6112.0,375.0,5520.0
2120,236088,32.0,6117.0,380.0,5520.0
2121,236202,35.0,6120.0,379.0,5524.0
2122,236311,32.0,6121.0,373.0,5532.0
2123,236444,31.0,6123.0,373.0,5529.0
2124,236709,34.0,6130.0,367.0,5547.0
2125,236825,30.0,6121.0,366.0,5541.0
2126,236924,34.0,6121.0,367.0,5539.0
2127,237018,31.0,6132.0,375.0,5537.0
2128,237127,30.0,6130.0,368.0,5542.0
2129,237241,45.0,6128.0,363.0,5548.0
2130,237339,31.0,6129.0,361.0,5555.0
2131,237454,35.0,6120.0,356.0,5558.0
2132,237560,31.0,6127.0,363.0,5555.0
2133,237671,40.0,6131.0,370.0,5552.0
2134,237765,30.0,6133.0,371.0,5553.0
2135,238009,173.0,6134.0,372.0,5552.0
2136,238124,30.0,6131.0,365.0,5562.0
2137,238235,32.0,6138.0,367.0,5568.0
2138,238343,34.0,6138.0,366.0,5575.0
2139,238434,32.0,6138.0,366.0,5575.0
2140,238543,35.0,6138.0,364.0,5577.0
2141,238660,31.0,6146.0,372.0,5577.0
2142,238777,34.0,6146.0,363.0,5587.0
2143,238891,32.0,6146.0,357.0,5597.0
2144,238995,34.0,6143.0,350.0,5604.0
2145,239104,31.0,6146.0,356.0,5601.0
2146,239220,33.0,6147.0,356.0,5602.0
2147,239496,30.0,6148.0,348.0,5615.0
2148,239603,32.0,6144.0,351.0,5612.0
2149,239710,40.0,6153.0,344.0,5629.0
2150,239811,32.0,6164.0,349.0,5632.0
2151,239919,33.0,6171.0,355.0,5631.0
2152,240020,36.0,6172.0,347.0,5640.0
2153,240128,33.0,6171.0,339.0,5651.0
2154,240221,32.0,6173.0,347.0,5639.0
2155,240324,33.0,6181.0,350.0,5645.0
2156,240457,31.0,6172.0,350.0,5636.0
2157,240554,32.0,6170.0,350.0,5634.0
2158,240780,154.0,6171.0,351.0,5633.0
2159,240906,32.0,6175.0,343.0,5653.0
2160,241003,32.0,6173.0,342.0,5655.0
2161,241112,35.0,6176.0,345.0,5649.0
2162,241212,33.0,6186.0,355.0,5649.0
2163,241317,32.0,6186.0,356.0,5648.0
2164,241429,38.0,6184.0,356.0,5646.0
2165,241541,31.0,6184.0,356.0,5644.0
2166,241652,33.0,6192.0,364.0,5640.0
2167,241759,33.0,6204.0,361.0,5648.0
2168,241864,37.0,6211.0,366.0,5650.0
2169,241982,46.0,6207.0,359.0,5653.0
2170,242252,184.0,6207.0,351.0,5666.0
2171,242364,33.0,6207.0,344.0,5673.0
2172,242487,35.0,6208.0,344.0,5675.0
2173,242579,32.0,6208.0,342.0,5680.0
2174,242687,33.0,6208.0,340.0,5688.0
2175,242791,31.0,6208.0,342.0,5687.0
2176,242903,33.0,6207.0,336.0,5695.0
2177,243007,35.0,6217.0,340.0,5702.0
2178,243100,31.0,6240.0,360.0,5702.0
2179,243211,33.0,6242.0,357.0,5705.0
2180,243343,45.0,6242.0,352.0,5710.0
2181,243449,33.0,6241.0,351.0,5709.0
2182,243741,178.0,6240.0,348.0,5714.0
2183,243853,32.0,6239.0,341.0,5725.0
2184,243938,30.0,6253.0,355.0,5721.0
2185,244027,31.0,6260.0,363.0,5718.0
2186,244137,31.0,6260.0,363.0,5718.0
2187,244238,33.0,6268.0,371.0,5716.0
2188,244336,32.0,6270.0,373.0,5715.0
2189,244467,30.0,6270.0,366.0,5726.0
2190,244592,36.0,6270.0,368.0,5725.0
2191,244702,35.0,6284.0,381.0,5726.0
2192,244816,34.0,6284.0,380.0,5725.0
2193,244925,32.0,6284.0,380.0,5725.0
2194,245036,35.0,6282.0,381.0,5720.0
2195,247216,31.0,6282.0,332.0,5792.0
2196,247312,28.0,6282.0,332.0,5792.0
2197,247398,30.0,6284.0,334.0,5787.0
2198,247508,30.0,6283.0,337.0,5780.0
2199,247608,31.0,6296.0,350.0,5780.0
2200,247708,31.0,6296.0,351.0,5777.0
2201,247790,32.0,6300.0,354.0,5777.0
2202,247891,33.0,6299.0,353.0,5778.0
2203,248001,33.0,6299.0,353.0,5778.0
2204,248098,31.0,6303.0,363.0,5766.0
2205,248219,32.0,6303.0,362.0,5766.0
2206,248330,31.0,6301.0,365.0,5761.0
2207,248477,78.0,6306.0,372.0,5760.0
2208,248574,33.0,6311.0,377.0,5760.0
2209,248677,32.0,6311.0,377.0,5760.0
2210,248772,30.0,6311.0,377.0,5760.0
2211,248871,32.0,6310.0,377.0,5759.0
2212,248978,33.0,6316.0,378.0,5763.0
2213,249083,32.0,6332.0,397.0,5755.0
2214,249205,33.0,6329.0,399.0,5750.0
2215,249325,29.0,6324.0,399.0,5745.0
2216,249417,32.0,6332.0,407.0,5742.0
2217,249528,34.0,6335.0,410.0,5734.0
2218,249645,36.0,6338.0,412.0,5735.0
2219,249814,86.0,6338.0,412.0,5735.0
2220,249939,33.0,6338.0,413.0,5732.0
2221,250039,29.0,6339.0,415.0,5731.0
2222,250122,33.0,6339.0,415.0,5731.0
2223,250228,32.0,6339.0,414.0,5735.0
2224,250342,32.0,6335.0,414.0,5731.0
2225,250447,31.0,6336.0,415.0,5730.0
2226,250545,32.0,6337.0,417.0,5728.0
2227,250665,37.0,6348.0,428.0,5726.0
2228,250787,32.0,6348.0,428.0,5726.0
2229,250902,32.0,6349.0,429.0,5726.0
2230,251007,33.0,6346.0,429.0,5723.0
2231,251182,93.0,6352.0,428.0,5730.0
2232,251300,32.0,6354.0,430.0,5730.0
2233,251406,31.0,6354.0,430.0,5729.0
2234,251520,31.0,6350.0,426.0,5729.0
2235,251654,33.0,6350.0,426.0,5729.0
2236,251759,30.0,6351.0,423.0,5735.0
2237,251867,37.0,6348.0,425.0,5726.0
2238,251977,34.0,6351.0,425.0,5724.0
2239,252085,31.0,6355.0,428.0,5723.0
2240,252202,33.0,6355.0,428.0,5723.0
2241,252361,104.0,6355.0,428.0,5723.0
2242,252470,32.0,6356.0,429.0,5723.0
2243,252577,31.0,6366.0,437.0,5728.0
2244,252682,32.0,6379.0,450.0,5725.0
2245,252809,31.0,6376.0,450.0,5722.0
2246,252912,31.0,6375.0,450.0,5721.0
2247,253020,29.0,6375.0,450.0,5721.0
2248,253135,32.0,6372.0,450.0,5718.0
2249,253228,31.0,6379.0,458.0,5714.0
2250,253335,30.0,6379.0,458.0,5714.0
2251,253442,32.0,6379.0,452.0,5720.0
2252,253603,87.0,6379.0,447.0,5725.0
2253,253712,32.0,6379.0,439.0,5734.0
2254,253824,32.0,6379.0,439.0,5734.0
2255,253944,34.0,6374.0,439.0,5729.0
2256,254056,36.0,6381.0,447.0,5727.0
2257,254165,36.0,6383.0,451.0,5725.0
2258,254289,32.0,6383.0,452.0,5718.0
2259,254391,33.0,6383.0,452.0,5718.0
2260,254500,30.0,6382.0,453.0,5710.0
2261,254619,38.0,6381.0,455.0,5707.0
2262,254717,30.0,6385.0,461.0,5705.0
2263,254915,33.0,6386.0,460.0,5705.0
2264,255010,31.0,6397.0,469.0,5708.0
2265,255105,31.0,6398.0,469.0,5711.0
2266,255212,35.0,6395.0,469.0,5708.0
2267,255324,38.0,6398.0,472.0,5707.0
2268,255441,32.0,6398.0,471.0,5712.0
2269,255549,35.0,6398.0,471.0,5712.0
2270,255673,30.0,6399.0,471.0,5713.0
2271,255786,35.0,6399.0,471.0,5713.0
2272,255892,34.0,6403.0,474.0,5712.0
2273,256069,112.0,6420.0,491.0,5708.0
2274,256164,31.0,6421.0,492.0,5708.0
2275,256271,32.0,6418.0,490.0,5707.0
2276,256386,32.0,6423.0,494.0,5701.0
2277,256498,43.0,6424.0,494.0,5700.0
2278,256620,37.0,6428.0,491.0,5707.0
2279,256714,32.0,6424.0,491.0,5704.0
2280,256826,33.0,6423.0,491.0,5703.0
2281,256930,33.0,6423.0,491.0,5703.0
2282,257017,31.0,6422.0,489.0,5704.0
2283,257108,34.0,6429.0,496.0,5704.0
2284,257292,122.0,6439.0,506.0,5694.0
2285,257392,33.0,6440.0,507.0,5691.0
2286,257496,32.0,6446.0,514.0,5691.0
2287,257587,32.0,6449.0,517.0,5691.0
2288,257710,33.0,6454.0,521.0,5691.0
2289,257821,32.0,6452.0,513.0,5694.0
2290,257952,37.0,6451.0,512.0,5696.0
2291,258054,35.0,6452.0,512.0,5696.0
2292,258158,35.0,6452.0,514.0,5694.0
2293,258266,37.0,6459.0,521.0,5692.0
2294,258383,35.0,6460.0,518.0,5698.0
2295,258565,119.0,6460.0,518.0,5698.0
2296,258679,33.0,6466.0,526.0,5696.0
2297,258804,31.0,6461.0,526.0,5691.0
2298,258927,34.0,6452.0,522.0,5687.0
2299,259034,34.0,6448.0,523.0,5682.0
2300,259141,34.0,6451.0,526.0,5679.0
2301,259243,33.0,6449.0,525.0,5678.0
2302,259341,33.0,6449.0,525.0,5678.0
2303,259443,31.0,6450.0,525.0,5679.0
2304,259547,32.0,6450.0,525.0,5679.0
2305,259665,34.0,6449.0,521.0,5682.0
2306,259775,30.0,6455.0,527.0,5682.0
2307,259989,35.0,6452.0,527.0,5679.0
2308,260098,32.0,6452.0,528.0,5678.0
2309,260209,35.0,6457.0,532.0,5677.0
2310,260313,33.0,6460.0,535.0,5674.0
2311,260416,33.0,6457.0,541.0,5663.0
2312,260527,33.0,6471.0,556.0,5650.0
2313,260632,32.0,6471.0,556.0,5650.0
2314,260745,33.0,6469.0,556.0,5648.0
2315,260847,35.0,6469.0,553.0,5648.0
2316,260950,31.0,6468.0,553.0,5647.0
2317,261063,32.0,6471.0,556.0,5647.0
2318,261327,177.0,6481.0,564.0,5648.0
2319,261448,34.0,6481.0,564.0,5648.0
2320,261536,33.0,6483.0,565.0,5649.0
2321,261633,35.0,6483.0,565.0,5649.0
2322,261751,36.0,6483.0,565.0,5649.0
2323,261860,33.0,6489.0,554.0,5666.0
2324,261975,33.0,6487.0,545.0,5681.0
2325,262110,32.0,6483.0,531.0,5694.0
2326,262219,34.0,6484.0,504.0,5728.0
2327,262337,33.0,6488.0,506.0,5731.0
2328,262453,32.0,6493.0,497.0,5749.0
2329,262582,33.0,6494.0,498.0,5745.0
2330,262689,34.0,6493.0,480.0,5770.0
2331,262908,31.0,6494.0,476.0,5770.0
2332,263015,33.0,6493.0,476.0,5769.0
2333,263143,33.0,6493.0,453.0,5794.0
2334,263250,33.0,6498.0,452.0,5800.0
2335,263360,35.0,6498.0,441.0,5812.0
2336,263478,35.0,6497.0,438.0,5814.0
2337,263593,33.0,6498.0,422.0,5831.0
2338,263716,32.0,6492.0,409.0,5841.0
2339,263817,33.0,6488.0,398.0,5850.0
2340,263932,33.0,6495.0,405.0,5847.0
2341,264052,37.0,6495.0,405.0,5847.0
2342,264175,36.0,6495.0,392.0,5856.0
2343,264419,158.0,6495.0,384.0,5865.0
2344,264524,30.0,6489.0,386.0,5856.0
2345,264645,32.0,6492.0,387.0,5869.0
2346,264775,44.0,6493.0,376.0,5891.0
2347,264896,32.0,6493.0,367.0,5901.0
2348,265012,34.0,6493.0,358.0,5912.0
2349,265131,38.0,6499.0,348.0,5929.0
2350,265215,36.0,6497.0,348.0,5927.0
2351,265312,32.0,6510.0,361.0,5923.0
2352,265421,36.0,6517.0,361.0,5933.0
2353,265518,32.0,6533.0,367.0,5952.0
2354,265629,31.0,6540.0,374.0,5952.0
2355,265749,34.0,6546.0,382.0,5950.0
2356,265998,170.0,6547.0,384.0,5940.0
2357,266099,33.0,6550.0,378.0,5954.0
2358,266203,31.0,6550.0,373.0,5965.0
2359,266303,34.0,6555.0,378.0,5965.0
2360,266421,36.0,6558.0,381.0,5962.0
2361,266548,37.0,6554.0,372.0,5968.0
2362,266672,34.0,6555.0,373.0,5968.0
2363,266792,33.0,6555.0,373.0,5968.0
2364,266900,32.0,6557.0,379.0,5964.0
2365,267011,33.0,6557.0,379.0,5964.0
2366,267120,36.0,6559.0,372.0,5968.0
2367,267251,33.0,6559.0,362.0,5980.0
2368,267365,34.0,6559.0,348.0,6004.0
2369,267610,158.0,6562.0,344.0,6016.0
2370,267711,34.0,6565.0,342.0,6021.0
2371,267813,31.0,6575.0,351.0,6022.0
2372,267930,37.0,6576.0,352.0,6016.0
2373,268041,34.0,6576.0,352.0,6016.0
2374,268165,37.0,6577.0,350.0,6019.0
2375,268315,31.0,6577.0,332.0,6039.0
2376,268448,36.0,6576.0,323.0,6052.0
2377,268584,40.0,6576.0,323.0,6052.0
2378,268718,40.0,6576.0,305.0,6082.0
2379,268864,44.0,6576.0,299.0,6090.0
2380,268984,32.0,6582.0,305.0,6090.0
2381,269251,182.0,6585.0,305.0,6096.0
2382,269352,33.0,6593.0,313.0,6095.0
2383,269475,33.0,6602.0,322.0,6094.0
2384,269593,33.0,6594.0,316.0,6094.0
2385,269706,33.0,6600.0,323.0,6088.0
2386,269825,35.0,6599.0,316.0,6094.0
2387,269944,34.0,6598.0,313.0,6096.0
2388,270057,36.0,6602.0,309.0,6102.0
2389,270166,31.0,6622.0,327.0,6102.0
2390,270276,33.0,6627.0,330.0,6105.0
2391,270382,31.0,6627.0,329.0,6105.0
2392,270493,37.0,6638.0,340.0,6105.0
2393,270759,31.0,6647.0,349.0,6105.0
2394,270877,38.0,6649.0,351.0,6101.0
2395,270983,35.0,6657.0,345.0,6117.0
2396,271089,33.0,6658.0,344.0,6122.0
2397,271203,31.0,6659.0,345.0,6120.0
2398,271304,35.0,6662.0,349.0,6119.0
2399,271418,35.0,6662.0,341.0,6127.0
2400,271527,33.0,6663.0,335.0,6137.0
2401,271625,34.0,6663.0,335.0,6137.0
2402,271737,35.0,6677.0,350.0,6130.0
2403,271852,37.0,6682.0,354.0,6132.0
2404,272113,33.0,6683.0,353.0,6134.0
2405,272225,35.0,6686.0,356.0,6131.0
2406,272330,32.0,6686.0,356.0,6131.0
2407,272432,34.0,6691.0,353.0,6136.0
2408,272537,35.0,6690.0,354.0,6134.0
2409,272640,34.0,6690.0,353.0,6136.0
2410,272742,34.0,6690.0,345.0,6144.0
2411,272852,35.0,6696.0,351.0,6142.0
2412,272966,35.0,6712.0,362.0,6149.0
2413,273063,33.0,6705.0,356.0,6149.0
2414,273167,35.0,6705.0,356.0,6149.0
2415,273412,34.0,6705.0,356.0,6149.0
2416,273512,33.0,6705.0,358.0,6146.0
2417,273627,34.0,6723.0,375.0,6146.0
2418,273739,34.0,6724.0,379.0,6138.0
2419,273858,44.0,6737.0,387.0,6133.0
2420,273956,36.0,6745.0,393.0,6136.0
2421,274068,34.0,6744.0,393.0,6135.0
2422,274179,38.0,6751.0,400.0,6135.0
2423,274289,34.0,6756.0,402.0,6137.0
2424,274401,36.0,6765.0,409.0,6146.0
2425,274646,176.0,6774.0,418.0,6146.0
2426,274758,37.0,6767.0,410.0,6147.0
2427,274860,35.0,6767.0,411.0,6145.0
2428,274963,37.0,6767.0,406.0,6152.0
2429,275065,36.0,6782.0,420.0,6149.0
2430,275167,36.0,6782.0,422.0,6146.0
2431,275281,37.0,6781.0,422.0,6145.0
2432,275395,35.0,6780.0,422.0,6144.0
2433,275505,35.0,6785.0,428.0,6140.0
2434,275627,37.0,6786.0,429.0,6139.0
2435,275741,35.0,6786.0,429.0,6139.0
2436,275985,34.0,6787.0,430.0,6139.0
2437,276083,33.0,6788.0,431.0,6139.0
2438,276200,38.0,6789.0,433.0,6138.0
2439,276310,36.0,6799.0,443.0,6135.0
2440,276425,37.0,6806.0,450.0,6132.0
2441,276533,36.0,6814.0,458.0,6130.0
2442,276655,36.0,6814.0,458.0,6130.0
2443,276766,36.0,6815.0,459.0,6129.0
2444,276872,35.0,6833.0,478.0,6127.0
2445,276974,37.0,6840.0,485.0,6127.0
2446,277216,166.0,6853.0,498.0,6122.0
2447,277316,37.0,6853.0,498.0,6122.0
2448,277432,37.0,6854.0,499.0,6121.0
2449,277547,36.0,6855.0,497.0,6127.0
2450,277662,38.0,6858.0,500.0,6124.0
2451,277774,38.0,6865.0,507.0,6124.0
2452,277886,35.0,6865.0,507.0,6124.0
2453,278012,37.0,6861.0,507.0,6120.0
2454,278126,37.0,6863.0,507.0,6122.0
2455,278230,37.0,6869.0,514.0,6120.0
2456,278350,41.0,6881.0,524.0,6122.0
2457,278591,31.0,6879.0,523.0,6121.0
2458,278692,34.0,6879.0,523.0,6121.0
2459,278819,41.0,6879.0,523.0,6121.0
2460,278939,38.0,6879.0,520.0,6124.0
2461,279053,40.0,6872.0,515.0,6124.0
2462,279166,36.0,6873.0,514.0,6124.0
2463,279268,38.0,6877.0,511.0,6131.0
2464,279398,37.0,6876.0,504.0,6140.0
2465,279508,36.0,6876.0,504.0,6140.0
2466,279679,100.0,6875.0,498.0,6147.0
2467,279959,42.0,6882.0,498.0,6151.0
2468,280079,46.0,6884.0,498.0,6156.0
2469,280201,42.0,6890.0,507.0,6146.0
2470,280369,70.0,6892.0,509.0,6138.0
2471,280487,46.0,6892.0,500.0,6148.0
2472,280670,84.0,6892.0,500.0,6148.0
2473,280851,74.0,6888.0,500.0,6144.0
2474,281057,54.0,6889.0,499.0,6145.0
2475,281183,43.0,6891.0,501.0,6145.0
2476,281320,41.0,6890.0,502.0,6142.0
2477,281571,174.0,6890.0,500.0,6147.0
2478,281860,47.0,6889.0,496.0,6146.0
2479,281981,38.0,6903.0,510.0,6137.0
2480,282096,43.0,6905.0,512.0,6136.0
2481,282272,51.0,6916.0,513.0,6147.0
2482,282399,40.0,6916.0,513.0,6147.0
2483,282552,48.0,6917.0,511.0,6148.0
2484,282686,43.0,6918.0,513.0,6147.0
2485,282824,54.0,6920.0,513.0,6150.0
2486,282935,44.0,6927.0,514.0,6157.0
2487,283066,53.0,6929.0,514.0,6162.0
2488,283356,42.0,6929.0,512.0,6165.0
2489,283479,35.0,6934.0,517.0,6161.0
2490,283601,37.0,6940.0,524.0,6157.0
2491,283719,49.0,6940.0,524.0,6157.0
2492,283865,45.0,6948.0,520.0,6180.0
2493,283993,48.0,6955.0,526.0,6180.0
2494,284126,48.0,6955.0,526.0,6179.0
2495,284262,45.0,6955.0,526.0,6179.0
2496,284388,43.0,6960.0,531.0,6176.0
2497,284511,38.0,6972.0,543.0,6171.0
2498,284762,166.0,6971.0,539.0,6174.0
2499,284881,36.0,6979.0,547.0,6174.0
2500,284999,47.0,6983.0,544.0,6176.0
2501,285114,47.0,6987.0,551.0,6171.0
2502,285228,43.0,6987.0,540.0,6182.0
2503,285350,41.0,6988.0,540.0,6186.0
2504,285465,34.0,6987.0,541.0,6182.0
2505,285585,47.0,6987.0,541.0,6182.0
2506,285709,39.0,6989.0,543.0,6180.0
2507,285831,39.0,6986.0,539.0,6181.0
2508,285943,39.0,6985.0,539.0,6180.0
2509,286210,36.0,6984.0,538.0,6180.0
2510,286318,39.0,6983.0,539.0,6178.0
2511,286429,40.0,6983.0,539.0,6183.0
2512,286551,41.0,6984.0,540.0,6178.0
2513,286673,40.0,6985.0,536.0,6183.0
2514,286794,37.0,6985.0,536.0,6183.0
2515,286925,39.0,6983.0,536.0,6181.0
2516,287019,40.0,6983.0,536.0,6181.0
2517,287128,35.0,6982.0,536.0,6180.0
2518,287250,39.0,6982.0,535.0,6180.0
2519,287362,45.0,6991.0,544.0,6179.0
2520,287617,38.0,6991.0,544.0,6179.0
2521,287742,44.0,6991.0,547.0,6175.0
2522,287858,40.0,6992.0,549.0,6174.0
2523,287985,39.0,6992.0,549.0,6174.0
2524,288102,34.0,6992.0,548.0,6177.0
2525,288220,37.0,6986.0,545.0,6168.0
2526,288329,40.0,6985.0,545.0,6167.0
2527,288447,41.0,6982.0,545.0,6164.0
2528,288557,36.0,6982.0,545.0,6164.0
2529,288678,46.0,6981.0,539.0,6172.0
2530,288796,35.0,6982.0,540.0,6172.0
2531,289069,35.0,6984.0,539.0,6173.0
2532,289193,36.0,6984.0,538.0,6178.0
2533,289320,35.0,6989.0,537.0,6184.0
2534,289437,35.0,6986.0,537.0,6181.0
2535,289560,55.0,6989.0,533.0,6183.0
2536,289681,38.0,6989.0,534.0,6180.0
2537,289813,43.0,6988.0,528.0,6190.0
2538,289917,36.0,6999.0,538.0,6188.0
2539,290047,47.0,6999.0,538.0,6188.0
2540,290163,36.0,6999.0,538.0,6188.0
2541,290304,55.0,6999.0,538.0,6188.0
2542,290552,191.0,6999.0,530.0,6196.0
2543,290720,43.0,7008.0,532.0,6199.0
2544,290819,35.0,7005.0,535.0,6194.0
2545,290972,70.0,7003.0,534.0,6192.0
2546,291094,38.0,7004.0,531.0,6197.0
2547,291212,39.0,7004.0,531.0,6197.0
2548,291346,56.0,7014.0,541.0,6197.0
2549,291490,48.0,7012.0,541.0,6195.0
2550,291612,45.0,7019.0,548.0,6186.0
2551,291725,41.0,7019.0,546.0,6191.0
2552,291859,37.0,7018.0,523.0,6216.0
2553,291983,37.0,7014.0,513.0,6232.0
2554,292311,53.0,7015.0,487.0,6260.0
2555,292455,50.0,7016.0,469.0,6288.0
2556,292581,39.0,7020.0,460.0,6300.0
2557,292709,37.0,7023.0,449.0,6321.0
2558,292823,39.0,7024.0,449.0,6319.0
2559,292960,55.0,7023.0,437.0,6334.0
2560,293097,63.0,7036.0,430.0,6350.0
2561,293214,38.0,7044.0,423.0,6367.0
2562,293356,47.0,7042.0,420.0,6376.0
2563,293505,41.0,7042.0,419.0,6377.0
2564,293632,39.0,7047.0,420.0,6391.0
2565,293885,176.0,7050.0,405.0,6412.0
2566,294022,43.0,7051.0,364.0,6464.0
2567,294146,37.0,7063.0,371.0,6470.0
2568,294266,39.0,7068.0,355.0,6491.0
2569,294396,38.0,7066.0,355.0,6489.0
2570,294513,36.0,7068.0,353.0,6488.0
2571,294633,41.0,7066.0,351.0,6495.0
2572,294744,37.0,7066.0,347.0,6501.0
2573,294887,44.0,7070.0,333.0,6522.0
2574,295005,41.0,7075.0,331.0,6532.0
2575,295125,35.0,7074.0,327.0,6537.0
2576,295243,36.0,7077.0,330.0,6528.0
2577,295357,36.0,7088.0,328.0,6536.0
2578,297828,2363.0,7087.0,247.0,6636.0
2579,297950,36.0,7087.0,248.0,6635.0
2580,298056,36.0,7089.0,251.0,6633.0
2581,298160,35.0,7091.0,253.0,6627.0
2582,298268,34.0,7093.0,243.0,6646.0
2583,298372,34.0,7093.0,243.0,6646.0
2584,298488,36.0,7104.0,254.0,6644.0
2585,298589,32.0,7106.0,256.0,6644.0
2586,298713,35.0,7105.0,256.0,6643.0
2587,298837,34.0,7107.0,258.0,6643.0
2588,298963,41.0,7107.0,258.0,6643.0
2589,299071,37.0,7105.0,246.0,6660.0
2590,299227,79.0,7105.0,246.0,6660.0
2591,299371,54.0,7103.0,236.0,6676.0
2592,299489,35.0,7103.0,228.0,6687.0
2593,299606,37.0,7102.0,229.0,6685.0
2594,299810,39.0,7106.0,210.0,6721.0
2595,299938,39.0,7108.0,212.0,6721.0
2596,300068,37.0,7116.0,220.0,6719.0
