tick,timestamp,query_runtime,trav_index_nodes,trav_vol_nodes,trav_unprod_nodes
0,599,4,7,7,0
1,983,4,14,14,0
2,1275,2,18,18,0
3,1505,3,28,28,0
4,1749,3,64,64,0
5,2003,3,72,72,0
6,2216,4,78,78,0
7,2449,2,106,106,0
8,2682,4,110,110,0
9,2904,3,114,114,0
10,3092,5,136,136,0
11,3335,4,152,152,0
12,3578,2,165,165,0
13,3774,2,170,170,0
14,3982,2,175,175,0
15,4179,2,182,182,0
16,4355,5,187,187,0
17,4531,2,191,191,0
18,4776,5,198,198,0
19,5006,3,203,203,0
20,5171,4,222,222,0
21,5338,2,228,228,0
22,5475,3,243,243,0
23,5624,3,253,253,0
24,5760,3,258,258,0
25,5889,3,264,264,0
26,6024,2,270,270,0
27,6214,4,276,276,0
28,6358,2,279,279,0
29,6487,2,302,302,0
30,6635,3,307,307,0
31,6750,2,317,317,0
32,6901,4,324,324,0
33,7044,4,334,334,0
34,7189,4,339,339,0
35,7315,3,344,344,0
36,7448,6,350,350,0
37,7602,5,352,352,0
38,7753,3,363,363,0
39,7889,11,380,380,0
40,8030,4,387,387,0
41,8151,5,389,389,0
42,8334,3,392,392,0
43,8426,4,393,393,0
44,8522,3,410,410,0
45,8646,3,424,424,0
46,8738,3,429,429,0
47,8849,3,444,444,0
48,8966,3,457,457,0
49,9058,4,466,466,0
50,9176,3,473,473,0
51,9299,6,479,479,0
52,9411,5,484,484,0
53,9513,3,501,501,0
54,9628,3,509,509,0
55,9764,3,512,512,0
56,9906,4,520,520,0
57,10052,3,525,525,0
58,10165,4,531,531,0
59,10275,10,542,542,0
60,10391,4,567,567,0
61,10488,4,580,580,0
62,10610,4,584,584,0
63,10720,4,602,602,0
64,10827,4,603,603,0
65,10941,4,611,611,0
66,11069,4,623,623,0
67,11149,4,627,627,0
68,11244,4,642,642,0
69,11341,5,660,660,0
70,11429,5,663,663,0
71,11520,5,669,669,0
72,11636,5,685,685,0
73,11750,4,689,689,0
74,11857,5,708,708,0
75,11968,10,724,724,0
76,12124,9,730,730,0
77,12277,9,735,735,0
78,12390,10,740,740,0
79,12501,9,745,745,0
80,12607,7,753,753,0
81,13048,4,771,771,0
82,13135,5,778,778,0
83,13242,4,783,783,0
84,13344,6,785,785,0
85,13439,6,794,794,0
86,13503,6,795,795,0
87,13614,6,801,801,0
88,13719,5,817,817,0
89,13820,6,823,823,0
90,13923,7,826,826,0
91,14015,6,827,827,0
92,14100,6,831,831,0
93,14201,8,853,853,0
94,14297,6,862,862,0
95,14402,8,886,886,0
96,14507,6,900,900,0
97,14620,6,905,905,0
98,14715,7,912,912,0
99,14804,7,934,934,0
100,14927,8,948,948,0
101,15034,7,958,958,0
102,15126,7,964,964,0
103,15232,7,979,979,0
104,15368,7,992,992,0
105,15464,8,996,996,0
106,15554,6,1004,1004,0
107,15658,7,1009,1009,0
108,15794,7,1012,1012,0
109,15897,10,1025,1025,0
110,15983,7,1047,1047,0
111,16087,9,1052,1052,0
112,16177,7,1067,1067,0
113,16279,10,1067,1067,0
114,16358,8,1083,1083,0
115,16464,8,1097,1097,0
116,16551,7,1101,1101,0
117,16659,8,1116,1116,0
118,16786,8,1117,1117,0
119,16939,7,1130,1130,0
120,17050,7,1142,1142,0
121,17153,9,1163,1163,0
122,17257,9,1169,1169,0
123,17345,8,1185,1185,0
124,17472,8,1193,1193,0
125,17577,9,1201,1201,0
126,17644,8,1217,1217,0
127,17763,9,1236,1236,0
128,17878,9,1240,1240,0
129,17982,11,1256,1256,0
130,18100,13,1259,1259,0
131,18210,16,1283,1283,0
132,18330,11,1298,1298,0
133,18455,14,1303,1303,0
134,18645,78,1307,1307,0
135,18755,8,1312,1312,0
136,18833,8,1313,1313,0
137,18936,9,1317,1317,0
138,19040,8,1326,1326,0
139,19138,11,1329,1329,0
140,19242,9,1351,1351,0
141,19345,10,1351,1351,0
142,19421,9,1364,1364,0
143,19539,10,1366,1366,0
144,19640,10,1369,1369,0
145,19740,12,1374,1374,0
146,19857,13,1377,1377,0
147,19957,11,1391,1391,0
148,20055,11,1400,1400,0
149,20151,9,1408,1408,0
150,20255,11,1412,1412,0
151,20351,9,1414,1414,0
152,20448,14,1425,1425,0
153,20573,10,1430,1430,0
154,20665,11,1433,1433,0
155,20779,10,1435,1435,0
156,20880,10,1448,1448,0
157,20972,9,1453,1453,0
158,21069,10,1463,1463,0
159,21185,14,1468,1468,0
160,21303,11,1471,1471,0
161,21406,11,1475,1475,0
162,21510,12,1486,1486,0
163,21637,21,1489,1489,0
164,21779,22,1493,1493,0
165,22720,11,1505,1505,0
166,22821,10,1514,1514,0
167,22931,11,1520,1520,0
168,23034,12,1525,1525,0
169,23126,10,1529,1529,0
170,23213,10,1537,1537,0
171,23280,10,1538,1538,0
172,23349,10,1540,1540,0
173,23461,10,1542,1542,0
174,23583,17,1548,1548,0
175,23678,10,1550,1550,0
176,23781,11,1551,1551,0
177,23856,11,1570,1570,0
178,23943,11,1576,1576,0
179,24041,10,1587,1587,0
180,24138,11,1605,1605,0
181,24246,12,1628,1628,0
182,24351,12,1635,1635,0
183,24460,11,1640,1640,0
184,24543,15,1650,1650,0
185,24636,12,1668,1668,0
186,24746,11,1681,1681,0
187,24851,12,1694,1694,0
188,24949,14,1698,1698,0
189,25051,12,1704,1704,0
190,25153,12,1708,1708,0
191,25253,12,1712,1712,0
192,25328,12,1724,1724,0
193,25426,12,1726,1726,0
194,25536,14,1729,1729,0
195,25638,13,1730,1730,0
196,25741,13,1734,1734,0
197,25853,16,1746,1746,0
198,25965,12,1752,1752,0
199,26092,25,1754,1754,0
200,26219,23,1755,1755,0
201,26477,149,1759,1759,0
202,26617,15,1762,1762,0
203,26684,11,1765,1765,0
204,26779,14,1767,1767,0
205,26862,12,1776,1776,0
206,26952,12,1780,1780,0
207,27051,12,1784,1784,0
208,27168,13,1787,1787,0
209,27274,12,1796,1796,0
210,27381,12,1805,1805,0
211,27467,12,1806,1806,0
212,27557,13,1810,1810,0
213,27641,11,1822,1822,0
214,27757,15,1835,1835,0
215,27867,13,1837,1837,0
216,27953,13,1851,1851,0
217,28036,13,1851,1851,0
218,28119,12,1856,1856,0
219,28214,14,1864,1864,0
220,28316,13,1871,1871,0
221,28409,13,1874,1874,0
222,28522,14,1883,1883,0
223,28620,13,1888,1888,0
224,28739,13,1893,1893,0
225,28874,12,1898,1898,0
226,28971,14,1904,1904,0
227,29087,13,1919,1919,0
228,29209,13,1928,1928,0
229,29319,14,1931,1931,0
230,29398,13,1942,1942,0
231,29498,14,1948,1948,0
232,29580,14,1952,1952,0
233,29664,15,1962,1962,0
234,29772,15,1970,1970,0
235,29851,14,1970,1970,0
236,30132,18,1978,1969,0
237,30320,33,1982,1953,7
238,30444,14,1984,1933,9
239,30571,15,1991,1928,12
240,30692,14,1996,1888,38
241,30798,15,2016,1892,52
242,30903,14,2024,1889,52
243,31027,14,2031,1864,69
244,31140,16,2048,1853,83
245,31250,15,2054,1811,118
246,31369,19,2073,1792,142
247,31487,16,2080,1778,142
248,31592,14,2087,1761,156
249,31699,14,2095,1764,160
250,31813,16,2117,1773,165
251,31903,13,2120,1763,168
252,32012,15,2125,1746,183
253,32121,17,2133,1739,185
254,32225,17,2149,1718,217
255,32344,22,2164,1712,229
256,32471,17,2168,1707,237
257,32602,22,2187,1710,244
258,32702,17,2188,1690,261
259,32804,15,2203,1694,262
260,32907,15,2215,1690,266
261,33014,15,2221,1678,275
262,33137,18,2225,1668,284
263,33268,17,2232,1666,283
264,33389,16,2240,1656,301
265,33505,16,2247,1633,328
266,34783,1185,2251,1622,335
267,34923,21,2254,1412,478
268,35068,15,2258,1401,488
269,35185,19,2262,1392,495
270,35322,21,2268,1373,517
271,35433,16,2280,1380,522
272,35552,19,2288,1350,554
273,35667,16,2298,1341,563
274,35778,17,2298,1322,575
275,35880,15,2307,1320,577
276,36013,23,2320,1292,613
277,36160,20,2327,1294,615
278,36267,22,2342,1293,629
279,36386,22,2347,1261,664
280,36506,21,2356,1238,690
281,36642,23,2363,1210,718
282,36753,16,2371,1207,724
283,36841,19,2371,1191,738
284,36951,16,2374,1178,753
285,37064,21,2377,1162,770
286,37173,16,2386,1152,767
287,37295,22,2388,1124,795
288,37414,16,2394,1100,815
289,37532,15,2404,1102,815
290,37626,15,2415,1095,822
291,37706,16,2416,1075,843
292,37821,24,2422,1055,869
293,37956,15,2427,1031,893
294,38060,20,2427,1011,906
295,38170,18,2434,1005,916
296,38389,122,2436,995,926
297,38505,15,2441,971,956
298,38612,16,2444,965,961
299,38726,16,2445,958,959
300,38825,17,2452,960,963
301,38920,15,2456,956,970
302,39005,16,2457,942,979
303,39106,16,2461,941,985
304,39203,16,2469,933,1002
305,39306,15,2469,928,1004
306,39410,16,2479,927,1005
307,39495,16,2480,912,1022
308,39613,17,2488,885,1063
309,39731,19,2489,878,1072
310,39857,17,2495,857,1090
311,39963,16,2502,857,1089
312,40055,17,2503,856,1093
313,40151,19,2507,857,1098
314,40243,16,2511,838,1123
315,40342,17,2520,841,1132
316,40447,16,2528,838,1141
317,40530,18,2537,843,1148
318,40646,16,2541,843,1151
319,40751,17,2544,828,1175
320,40906,18,2543,819,1175
321,41013,20,2540,800,1193
322,41112,17,2548,789,1221
323,41240,36,2554,782,1231
324,41324,21,2577,802,1231
325,41524,96,2582,806,1231
326,41620,16,2584,793,1239
327,41852,21,2584,759,1282
328,41954,26,2595,766,1279
329,42064,19,2595,769,1271
330,42184,18,2598,766,1272
331,42280,18,2599,763,1279
332,42382,19,2601,765,1277
333,42483,28,2608,754,1298
334,42584,20,2612,757,1301
335,42685,18,2618,755,1305
336,42782,17,2617,757,1301
337,42862,18,2619,759,1301
338,42949,17,2618,760,1298
339,43052,18,2620,759,1301
340,43168,20,2620,752,1311
341,43295,25,2625,745,1319
342,43484,38,2632,736,1340
343,43595,22,2649,743,1359
344,43838,23,2652,733,1378
345,43954,25,2653,731,1383
346,44049,20,2671,742,1389
347,44138,20,2689,752,1399
348,44229,20,2705,759,1409
349,44335,20,2704,743,1422
350,44439,20,2721,759,1422
351,44544,19,2730,766,1429
352,44672,20,2727,761,1434
353,44774,20,2730,762,1445
354,44879,19,2760,790,1442
355,45134,20,2764,792,1438
356,45224,20,2774,798,1432
357,45329,19,2774,798,1431
358,45419,18,2785,811,1428
359,45518,19,2786,809,1430
360,45605,19,2790,810,1429
361,45698,19,2800,814,1430
362,45809,24,2806,816,1432
363,45927,22,2814,823,1425
364,46034,20,2825,833,1426
365,46139,19,2829,832,1428
366,46241,19,2829,827,1433
367,46336,20,2839,835,1427
368,46442,18,2841,830,1431
369,46597,32,2841,827,1436
370,46726,24,2835,817,1442
371,46911,36,2840,813,1453
372,47030,23,2844,804,1468
373,47140,19,2854,812,1468
374,47264,20,2870,818,1474
375,47378,21,2879,820,1481
376,47500,24,2878,816,1481
377,47623,23,2873,814,1476
378,47727,21,2876,808,1482
379,47839,18,2885,810,1494
380,47933,20,2905,830,1492
381,48028,18,2910,827,1498
382,48129,22,2912,820,1507
383,48328,19,2922,823,1516
384,48424,19,2930,831,1510
385,48527,18,2932,832,1510
386,48618,18,2923,836,1497
387,48714,19,2927,836,1506
388,48793,19,2939,843,1509
389,48896,26,2946,852,1514
390,48999,20,2946,850,1517
391,49103,19,2954,853,1524
392,49212,20,2956,847,1537
393,49307,18,2958,850,1535
394,49399,22,2968,854,1532
395,49514,19,2986,859,1545
396,49613,19,2986,855,1549
397,49710,18,2984,857,1543
398,49817,20,2997,868,1543
399,49906,27,3000,870,1541
400,50010,21,3014,883,1536
401,50102,19,3036,907,1531
402,50202,18,3042,910,1528
403,50295,20,3044,912,1527
404,50386,19,3048,909,1529
405,50512,27,3043,906,1527
406,50659,21,3048,906,1527
407,50765,20,3057,907,1534
408,50883,19,3052,906,1530
409,51084,131,3051,905,1534
410,51178,20,3050,899,1540
411,51274,21,3055,899,1541
412,51374,19,3057,899,1542
413,51486,19,3066,904,1544
414,51581,19,3067,902,1545
415,51688,21,3070,902,1539
416,51788,19,3070,900,1539
417,51896,20,3087,918,1536
418,52052,20,3084,919,1529
419,52160,28,3096,931,1527
420,52257,19,3108,944,1521
421,52344,20,3116,951,1519
422,52443,19,3119,954,1519
423,52525,20,3118,955,1516
424,52631,19,3119,947,1528
425,52728,20,3132,960,1527
426,52812,21,3130,961,1529
427,52910,22,3130,964,1528
428,53015,21,3135,966,1525
429,53133,25,3136,963,1534
430,53238,20,3136,965,1533
431,53332,21,3136,966,1531
432,53432,21,3147,971,1539
433,53533,21,3144,970,1537
434,53616,22,3152,975,1541
435,54997,20,3161,947,1592
436,55101,26,3161,947,1595
437,55222,24,3174,955,1594
438,55323,19,3174,954,1593
439,55432,25,3174,950,1601
440,55542,24,3176,941,1614
441,55651,26,3187,953,1614
442,55774,30,3189,951,1615
443,55911,20,3190,948,1615
444,56025,21,3186,949,1609
445,56143,20,3192,953,1607
446,56243,19,3206,963,1610
447,56352,21,3202,960,1611
448,56438,21,3225,984,1608
449,56523,21,3223,991,1597
450,56637,22,3224,989,1601
451,56858,25,3225,988,1599
452,56975,23,3229,990,1601
453,57081,27,3226,987,1598
454,57195,23,3222,984,1597
455,57299,25,3229,983,1609
456,57416,24,3231,979,1617
457,57512,23,3238,993,1609
458,57613,24,3235,993,1609
459,57756,71,3242,995,1615
460,57857,23,3243,1003,1596
461,57963,22,3239,1000,1592
462,58059,22,3248,1004,1595
463,58159,21,3260,1008,1597
464,58256,24,3254,1011,1587
465,58361,22,3257,1012,1590
466,58484,21,3257,1011,1586
467,58580,22,3264,1015,1585
468,58690,21,3264,1011,1595
469,58778,21,3272,1009,1603
470,58866,25,3306,1040,1606
471,58954,22,3299,1040,1599
472,59063,22,3300,1038,1602
473,59165,21,3302,1039,1603
474,59271,22,3300,1034,1612
475,59367,21,3307,1042,1611
476,59455,24,3307,1038,1621
477,59548,22,3310,1040,1624
478,59656,24,3311,1039,1624
479,59787,36,3318,1051,1615
480,59891,27,3321,1049,1610
481,60016,25,3319,1048,1600
482,61580,23,3315,736,2022
483,64188,217,1770,560,721
484,64279,12,1786,574,719
485,64390,11,1804,589,718
486,64504,11,1812,593,717
487,64603,14,1837,610,712
488,64699,12,1841,611,710
489,64811,13,1845,615,710
490,64907,13,1848,616,709
491,65018,14,1852,610,719
492,65118,12,1854,606,731
493,65235,12,1855,576,765
494,65349,12,1865,555,801
495,65458,13,1867,554,806
496,65575,13,1868,552,810
497,65677,14,1869,547,819
498,65801,16,1870,541,831
499,65908,14,1874,537,843
500,65999,13,1877,531,855
501,66239,12,1886,514,888
502,66354,13,1897,509,907
503,66453,13,1902,516,904
504,66568,16,1906,501,924
505,66683,12,1925,496,944
506,66783,12,1926,491,950
507,66886,13,1937,493,958
508,66983,13,1938,483,972
509,67078,13,1938,474,984
510,67172,12,1946,480,985
511,67263,13,1948,480,992
512,67374,13,1957,477,1005
513,67480,13,1959,478,1007
514,67613,12,1969,487,1007
515,67711,15,1981,499,1004
516,67818,13,1985,494,1018
517,67931,14,1996,499,1019
518,68019,13,1997,500,1017
519,68111,13,2017,518,1017
520,68223,17,2030,514,1039
521,68334,19,2033,513,1042
522,68449,16,2042,518,1044
523,68555,13,2044,501,1069
524,68685,18,2043,502,1066
525,68808,22,2055,493,1093
526,68927,14,2058,496,1092
527,69041,17,2061,494,1097
528,69154,15,2063,495,1090
529,69266,15,2068,498,1089
530,69504,13,2082,492,1114
531,69610,14,2100,511,1111
532,69705,14,2112,520,1110
533,69795,16,2136,539,1112
534,69912,22,2145,534,1122
535,70014,12,2149,526,1133
536,70123,17,2154,527,1137
537,70224,16,2167,540,1135
538,70341,16,2178,546,1132
539,70431,15,2182,548,1141
540,70551,14,2185,550,1142
541,70654,17,2190,550,1147
542,70758,21,2184,549,1145
543,70875,19,2197,553,1157
544,70980,23,2198,555,1157
545,71077,20,2198,551,1169
546,71269,28,2200,545,1173
547,71394,16,2209,549,1177
548,71494,16,2220,549,1181
549,71605,14,2236,564,1178
550,71698,15,2249,577,1178
551,71802,20,2253,583,1173
552,71917,15,2261,582,1184
553,72023,15,2254,580,1184
554,72110,15,2255,573,1200
555,72223,16,2266,580,1198
556,72307,15,2268,583,1197
557,72420,16,2283,595,1202
558,72633,18,2284,573,1243
559,72734,19,2288,573,1251
560,72835,14,2290,578,1251
561,72935,17,2294,581,1250
562,73032,18,2295,571,1264
563,73142,19,2300,575,1262
564,73242,17,2325,589,1273
565,73341,16,2329,593,1275
566,73451,18,2335,585,1288
567,73572,17,2334,588,1282
568,73695,19,2339,582,1296
569,73797,16,2343,585,1296
570,73883,18,2367,609,1293
571,73985,16,2370,611,1291
572,74078,18,2381,622,1289
573,74169,22,2381,622,1289
574,74275,19,2383,627,1286
575,74400,21,2390,621,1304
576,74519,17,2404,635,1304
577,74623,16,2408,639,1301
578,74741,21,2409,638,1306
579,74855,17,2408,629,1320
580,74975,25,2419,642,1313
581,75091,19,2421,644,1309
582,75312,153,2424,646,1313
583,75403,15,2427,647,1317
584,75492,16,2434,654,1316
585,75568,17,2466,685,1321
586,75658,18,2468,684,1327
587,75745,16,2487,703,1325
588,75856,18,2490,712,1319
589,75946,17,2508,724,1317
590,76038,17,2511,726,1316
591,76138,17,2510,731,1306
592,76220,16,2529,739,1305
593,76311,16,2537,747,1303
594,76404,16,2545,746,1312
595,76506,18,2546,743,1314
596,76588,19,2548,745,1314
597,76696,19,2550,744,1317
598,76784,18,2563,756,1317
599,76876,19,2561,755,1315
600,76972,18,2562,755,1320
601,77075,20,2567,754,1329
602,77178,21,2568,754,1334
603,77276,19,2563,751,1335
604,77367,18,2589,768,1349
605,77456,18,2605,780,1351
606,77549,18,2606,782,1350
607,77752,16,2618,791,1353
608,77843,16,2620,791,1358
609,77941,19,2631,797,1367
610,78059,19,2641,795,1377
611,78154,18,2653,805,1381
612,78249,19,2655,800,1383
613,78343,18,2667,808,1384
614,78432,20,2675,820,1377
615,78539,18,2684,827,1380
616,78627,20,2685,827,1379
617,78725,18,2691,825,1386
618,78813,19,2698,831,1385
619,78910,18,2699,834,1379
620,78997,18,2709,841,1374
621,79075,18,2711,843,1381
622,79153,21,2714,834,1391
623,79255,21,2717,828,1399
624,79348,20,2721,829,1403
625,79470,23,2726,822,1419
626,79577,20,2726,820,1420
627,79691,28,2726,821,1417
628,79812,20,2731,830,1413
629,80039,146,2722,827,1409
630,80143,17,2725,831,1409
631,80248,22,2739,842,1406
632,80352,23,2745,846,1407
633,80462,18,2749,840,1425
634,80560,18,2754,844,1423
635,80660,19,2761,853,1421
636,80758,19,2766,856,1424
637,80855,18,2773,857,1434
638,80946,18,2781,861,1434
639,81034,22,2794,874,1431
640,81133,24,2794,873,1433
641,81238,21,2793,872,1430
642,81327,19,2794,872,1428
643,81427,19,2798,876,1422
644,81518,19,2798,875,1422
645,81610,19,2802,876,1427
646,81710,21,2803,866,1440
647,81816,19,2807,870,1436
648,81906,19,2810,873,1430
649,82007,20,2813,869,1441
650,82124,26,2824,880,1441
651,82347,142,2823,880,1439
652,82457,18,2843,884,1455
653,82531,17,2844,888,1449
654,82618,19,2851,891,1451
655,82703,19,2854,892,1450
656,82807,19,2860,896,1440
657,82909,18,2864,899,1439
658,83002,19,2871,906,1439
659,83094,19,2870,910,1434
660,83191,17,2872,911,1436
661,83271,18,2883,917,1440
662,83362,24,2878,917,1434
663,83477,23,2877,916,1436
664,83627,21,2879,916,1437
665,83725,22,2888,924,1441
666,83810,19,2902,938,1441
667,83908,21,2916,951,1438
668,84005,21,2918,954,1435
669,84115,20,2923,958,1435
670,84203,20,2927,962,1432
671,84485,22,2929,964,1429
672,84582,22,2940,976,1428
673,84682,19,2941,977,1427
674,84774,19,2956,990,1423
675,84881,21,2974,1007,1419
676,84981,22,2990,1024,1415
677,85064,22,2996,1033,1412
678,85166,22,2998,1024,1427
679,85275,20,3015,1039,1427
680,85407,28,3023,1048,1423
681,85492,21,3034,1051,1424
682,85594,20,3040,1057,1422
683,85693,23,3044,1060,1421
684,85824,22,3049,1064,1421
685,85936,22,3051,1063,1426
686,86072,21,3054,1066,1425
687,86166,25,3055,1072,1419
688,86263,21,3056,1071,1420
689,86588,19,3064,1077,1423
690,86690,19,3064,1078,1420
691,86795,22,3062,1077,1421
692,86905,20,3060,1074,1421
693,87018,21,3063,1073,1428
694,87150,20,3069,1073,1440
695,87242,20,3071,1074,1438
696,87336,20,3087,1089,1436
697,87426,21,3095,1095,1435
698,87511,21,3112,1113,1434
699,87592,21,3122,1123,1434
700,87676,20,3129,1130,1434
701,87770,22,3132,1129,1432
702,87878,23,3141,1139,1427
703,87982,21,3141,1135,1430
704,88089,21,3154,1143,1433
705,88189,22,3148,1140,1432
706,89770,23,3151,1102,1477
707,89852,18,3151,1100,1478
708,89953,21,3151,1099,1480
709,90090,32,3154,1078,1524
710,90607,174,1643,1085,0
711,90724,12,1647,1089,0
712,90831,11,1655,1097,0
713,90936,16,1673,1115,0
714,91053,11,1680,1120,0
715,91147,13,1688,1127,0
716,91256,12,1701,1139,0
717,91358,13,1703,1141,0
718,91458,12,1712,1149,0
719,91571,12,1718,1151,2
720,91676,13,1725,1150,10
721,91778,14,1739,1162,10
722,91960,11,1750,1168,10
723,92064,13,1775,1192,10
724,92190,16,1781,1197,10
725,92302,12,1793,1205,13
726,92398,13,1802,1214,13
727,92508,14,1803,1215,13
728,92608,13,1821,1233,13
729,92705,12,1829,1237,13
730,92795,12,1848,1251,13
731,92912,16,1857,1260,13
732,93013,15,1867,1270,13
733,93116,14,1872,1265,29
734,93205,16,1884,1275,29
735,93318,20,1892,1282,29
736,93431,12,1905,1295,29
737,93542,13,1911,1301,29
738,93625,12,1925,1315,29
739,93727,13,1946,1334,29
740,93848,17,1949,1330,41
741,93949,14,1953,1333,43
742,94082,63,1954,1320,58
743,94185,14,1968,1334,58
744,94282,12,1988,1335,71
745,94358,12,1992,1318,83
746,94452,13,1999,1299,112
747,94566,18,2002,1279,135
748,94660,14,2002,1255,155
749,94765,15,2013,1254,162
750,94884,18,2025,1240,188
751,94987,15,2037,1228,212
752,95098,16,2040,1212,235
753,95193,13,2042,1173,279
754,95293,16,2061,1170,306
755,95397,16,2073,1163,325
756,95495,15,2089,1166,332
757,95598,17,2102,1173,342
758,95698,14,2104,1167,347
759,95799,14,2107,1153,356
760,95878,15,2113,1135,389
761,95991,17,2116,1119,414
762,96195,111,2120,1099,448
763,96323,22,2132,1098,457
764,96421,16,2142,1105,457
765,96535,19,2148,1096,465
766,96650,17,2155,1077,493
767,96741,19,2155,1065,507
768,96841,20,2159,1050,532
769,96962,17,2164,1031,558
770,97083,15,2168,1019,579
771,97186,15,2175,1018,588
772,97290,14,2178,1008,599
773,97404,18,2184,1010,602
774,97504,15,2193,998,623
775,97598,16,2197,986,638
776,97695,16,2209,986,642
777,97791,16,2222,994,647
778,97900,15,2223,961,682
779,98004,15,2243,978,684
780,98106,17,2246,974,694
781,98207,15,2252,966,707
782,98379,16,2266,950,749
783,98468,15,2276,950,766
784,98578,22,2278,950,767
785,98679,17,2284,947,774
786,98782,17,2290,949,775
787,98881,17,2297,947,783
788,98989,18,2297,941,794
789,99089,16,2313,946,808
790,99213,16,2328,949,820
791,99318,21,2338,946,832
792,99440,19,2343,947,833
793,99527,17,2354,951,841
794,99629,18,2357,952,845
795,99729,18,2361,954,845
796,99817,17,2368,950,857
797,99937,19,2376,946,861
798,100051,15,2382,940,873
799,100136,18,2394,951,876
800,100226,17,2399,943,890
801,100322,16,2412,936,918
802,100484,17,2420,941,919
803,100601,23,2438,956,925
804,100696,18,2447,962,923
805,100781,19,2459,964,935
806,100891,17,2462,966,936
807,100976,18,2469,975,930
808,101095,23,2475,968,941
809,101203,21,2480,961,955
810,101297,19,2481,954,963
811,101426,20,2479,953,959
812,101525,20,2478,928,989
813,101643,22,2476,910,1007
814,101750,21,2477,904,1018
815,101869,22,2478,897,1027
816,102014,18,2486,890,1047
817,102121,19,2488,883,1053
818,102230,18,2485,874,1065
819,102326,20,2495,882,1068
820,102424,24,2498,878,1077
821,102540,17,2510,889,1078
822,102717,20,2513,866,1111
823,102825,23,2525,874,1116
824,102923,19,2535,878,1128
825,103028,22,2536,877,1126
826,103127,20,2545,875,1134
827,103221,21,2543,872,1133
828,103333,18,2551,876,1129
829,103412,18,2550,876,1129
830,103509,21,2554,865,1141
831,103638,20,2559,843,1173
832,103744,20,2577,857,1173
833,103856,20,2588,869,1171
834,103958,20,2588,856,1190
835,104055,18,2592,857,1191
836,104159,20,2593,844,1204
837,104272,17,2605,854,1207
838,104380,19,2617,861,1209
839,104482,21,2631,863,1215
840,104581,20,2633,861,1218
841,104804,130,2638,839,1243
842,104914,22,2639,834,1253
843,105015,20,2647,843,1251
844,105100,18,2653,847,1250
845,105200,18,2657,840,1265
846,105283,18,2663,846,1265
847,105378,18,2662,845,1270
848,105498,19,2666,846,1272
849,105595,18,2674,851,1269
850,105686,17,2682,858,1269
851,105771,18,2693,868,1271
852,105880,21,2690,844,1292
853,105982,16,2697,847,1295
854,106073,20,2697,848,1291
855,106178,21,2719,870,1287
856,106281,20,2731,878,1297
857,106403,20,2732,875,1303
858,106520,20,2730,875,1307
859,106632,20,2741,878,1313
860,106843,132,2738,877,1314
861,106937,19,2745,876,1325
862,107033,18,2769,897,1321
863,107124,19,2773,896,1329
864,107210,18,2782,896,1341
865,107293,18,2784,897,1340
866,107369,19,2785,898,1340
867,107467,18,2788,900,1340
868,107547,19,2795,902,1345
869,107658,17,2800,908,1340
870,107764,18,2799,902,1340
871,107889,24,2801,900,1342
872,107982,18,2805,900,1347
873,108088,18,2805,892,1354
874,108187,19,2812,893,1354
875,108286,20,2813,891,1359
876,108362,20,2824,901,1359
877,108455,21,2831,905,1357
878,108543,20,2843,913,1355
879,108631,20,2843,912,1353
880,108837,127,2851,916,1359
881,108943,19,2860,924,1354
882,109024,19,2863,925,1358
883,109127,19,2868,926,1361
884,109228,19,2875,933,1358
885,109344,19,2876,934,1358
886,109449,22,2879,926,1364
887,109549,21,2886,934,1363
888,109649,21,2888,936,1364
889,109742,20,2889,936,1363
890,109833,19,2885,932,1364
891,109926,21,2897,944,1360
892,110035,21,2909,955,1359
893,110136,22,2916,959,1357
894,110241,21,2910,956,1354
895,110351,22,2921,964,1349
896,110444,20,2929,969,1352
897,110537,19,2929,957,1367
898,110638,21,2926,954,1372
899,110748,19,2924,954,1370
900,112361,20,2924,912,1427
901,112464,19,2929,914,1433
902,112553,19,2924,914,1424
903,112641,19,2939,925,1427
904,112746,19,2942,925,1427
905,112865,19,2944,918,1442
906,112964,20,2949,922,1442
907,113066,20,2950,920,1446
908,113172,20,2953,919,1454
909,113270,20,2955,921,1453
910,113374,19,2953,920,1453
911,113477,19,2956,920,1453
912,113594,21,2959,918,1459
913,113688,20,2964,921,1459
914,113768,20,2966,922,1464
915,113868,21,2969,923,1467
916,113961,19,2972,925,1469
917,114058,24,2965,921,1467
918,114150,20,2976,927,1469
919,114286,70,2998,947,1462
920,114377,20,3005,953,1461
921,114477,20,3011,959,1456
922,114578,27,3011,959,1454
923,114688,18,3017,962,1453
924,114784,22,3018,963,1451
925,114875,19,3018,962,1452
926,114971,20,3016,965,1445
927,115072,20,3017,966,1448
928,115165,18,3016,964,1450
929,115262,19,3020,966,1449
930,115354,21,3023,966,1455
931,115440,25,3025,968,1455
932,115525,22,3026,965,1463
933,115610,19,3036,974,1454
934,115690,21,3036,974,1454
935,115805,26,3040,974,1462
936,115946,42,3047,979,1461
937,116037,20,3047,976,1464
938,116130,21,3050,976,1467
939,116287,92,3057,982,1468
940,116389,29,3077,1000,1472
941,116496,22,3083,1009,1469
942,116594,24,3088,1014,1469
943,116698,22,3090,1009,1469
944,116803,20,3086,1006,1470
945,116896,21,3110,1025,1472
946,117006,20,3110,1022,1472
947,117121,21,3111,1024,1468
948,117223,20,3113,1025,1470
949,117326,20,3110,1025,1467
950,117419,21,3110,1024,1466
951,117516,20,3107,1028,1457
952,117618,21,3103,1023,1461
953,117724,23,3100,1019,1460
954,117804,21,3099,1020,1457
955,117910,23,3104,1024,1458
956,118011,20,3106,1023,1466
957,118108,21,3104,1019,1468
958,118221,20,3098,1017,1464
959,118413,20,3100,1021,1462
960,118502,22,3115,1038,1452
961,118609,19,3129,1052,1445
962,118707,20,3130,1054,1444
963,118794,20,3134,1058,1441
964,118877,23,3142,1066,1438
965,118981,20,3145,1073,1430
966,119078,21,3152,1080,1425
967,119163,22,3157,1085,1425
968,119265,21,3155,1087,1418
969,119356,20,3155,1089,1415
970,119449,21,3158,1093,1412
971,119548,21,3158,1093,1412
972,119665,24,3166,1100,1411
973,119775,27,3175,1109,1408
974,119883,25,3180,1114,1406
975,119980,22,3192,1122,1405
976,120822,102,3198,1061,1474
977,121097,19,1808,1005,152
978,121207,11,1807,997,161
979,121312,11,1818,995,172
980,121411,12,1821,974,208
981,121526,13,1823,939,254
982,121630,11,1830,915,290
983,121744,11,1834,894,310
984,121843,12,1845,885,332
985,121953,13,1848,881,341
986,122067,13,1867,896,341
987,122175,13,1871,894,349
988,122279,13,1873,889,357
989,122380,12,1881,887,362
990,122484,14,1885,887,370
991,122607,15,1891,878,388
992,122715,14,1908,860,433
993,122819,14,1912,845,449
994,122928,13,1920,821,488
995,123038,13,1927,811,503
996,123142,13,1940,816,516
997,123248,15,1954,825,515
998,123340,14,1965,831,518
999,123450,13,1965,808,548
1000,123659,14,1981,801,577
1001,123775,15,1987,793,599
1002,123891,15,1986,790,597
1003,123992,13,2002,792,613
1004,124100,16,2008,790,626
1005,124207,13,2012,780,637
1006,124319,17,2016,773,659
1007,124442,15,2035,782,667
1008,124539,17,2038,770,685
1009,124644,22,2041,770,689
1010,124742,14,2046,773,690
1011,124850,14,2052,762,707
1012,124954,13,2066,773,712
1013,125071,16,2073,776,715
1014,125174,16,2081,759,746
1015,125258,14,2102,771,753
1016,125366,18,2102,764,759
1017,125472,14,2119,778,753
1018,125587,16,2123,767,794
1019,125683,15,2133,770,803
1020,125791,15,2136,763,808
1021,125899,21,2146,767,810
1022,125999,14,2143,751,829
1023,126096,13,2154,752,842
1024,126311,14,2169,742,861
1025,126408,14,2172,736,868
1026,126498,15,2184,733,886
1027,126588,14,2185,728,891
1028,126707,16,2194,733,899
1029,126842,17,2202,714,932
1030,126936,18,2220,722,946
1031,127029,15,2219,711,958
1032,127133,15,2227,713,959
1033,127238,16,2237,706,974
1034,127355,16,2239,691,1006
1035,127458,15,2244,695,1004
1036,127569,16,2252,689,1019
1037,127666,16,2259,696,1018
1038,127760,17,2268,706,1018
1039,127870,16,2271,695,1036
1040,127975,16,2286,705,1034
1041,128057,15,2288,693,1053
1042,128137,16,2301,707,1052
1043,128248,16,2305,708,1053
1044,128353,16,2302,711,1046
1045,128455,17,2305,709,1052
1046,128558,15,2308,703,1067
1047,128798,14,2314,692,1095
1048,128887,15,2324,701,1098
1049,128979,16,2340,713,1108
1050,129081,18,2348,712,1121
1051,129186,16,2374,733,1127
1052,129276,15,2380,729,1140
1053,129353,15,2391,736,1141
1054,129444,16,2395,731,1157
1055,129535,16,2393,723,1164
1056,129625,16,2394,714,1173
1057,129723,16,2403,709,1189
1058,129834,14,2403,707,1195
1059,129931,16,2422,716,1205
1060,130038,16,2435,724,1210
1061,130143,21,2441,728,1212
1062,130245,17,2444,727,1219
1063,130334,15,2448,730,1219
1064,130440,15,2450,727,1218
1065,130525,15,2452,728,1218
1066,130777,161,2457,720,1234
1067,130876,14,2470,723,1244
1068,130979,16,2470,717,1242
1069,131070,15,2491,738,1239
1070,131171,16,2495,732,1239
1071,131272,16,2496,731,1238
1072,131360,15,2497,721,1252
1073,131458,17,2501,719,1258
1074,131556,16,2507,724,1253
1075,131653,16,2506,725,1254
1076,131738,17,2520,735,1254
1077,131835,17,2521,734,1256
1078,131942,17,2529,737,1264
1079,132033,17,2534,736,1268
1080,132133,18,2551,743,1270
1081,132219,17,2553,741,1272
1082,132305,17,2563,752,1272
1083,132392,17,2569,757,1274
1084,132496,16,2574,755,1282
1085,132759,182,2582,758,1289
1086,132865,18,2596,771,1285
1087,132976,19,2597,766,1290
1088,133065,17,2602,769,1293
1089,133181,19,2607,773,1296
1090,133282,18,2619,781,1299
1091,133375,18,2621,779,1309
1092,133477,18,2630,786,1313
1093,133583,17,2630,782,1314
1094,133677,19,2632,779,1319
1095,133775,17,2633,781,1318
1096,133868,19,2639,784,1317
1097,133961,19,2638,782,1318
1098,134066,18,2646,787,1321
1099,134163,19,2654,786,1333
1100,134417,176,2661,785,1343
1101,134537,22,2666,776,1354
1102,134647,20,2681,787,1360
1103,134783,19,2678,788,1355
1104,134883,18,2679,791,1352
1105,134973,20,2680,786,1355
1106,135046,18,2679,783,1345
1107,135130,18,2688,781,1347
1108,135221,17,2695,788,1341
1109,135326,22,2697,781,1355
1110,135410,18,2703,774,1366
1111,135536,25,2711,775,1370
1112,135629,19,2711,773,1374
1113,135724,17,2718,776,1372
1114,135823,27,2731,787,1375
1115,135962,28,2732,787,1375
1116,136329,17,2736,774,1381
1117,136438,17,2741,773,1379
1118,136530,18,2744,774,1380
1119,136627,18,2749,771,1390
1120,136752,20,2751,773,1389
1121,136851,19,2755,777,1389
1122,136958,18,2759,783,1386
1123,137057,18,2766,788,1388
1124,137150,18,2778,793,1393
1125,137249,18,2794,804,1392
1126,137354,20,2798,805,1398
1127,137462,19,2811,806,1414
1128,137595,23,2815,810,1410
1129,137688,19,2822,810,1416
1130,137889,131,2837,816,1430
1131,137983,18,2838,812,1431
1132,138086,21,2843,805,1448
1133,138170,20,2837,803,1449
1134,138278,22,2835,802,1445
1135,138377,22,2837,802,1444
1136,138481,19,2841,804,1446
1137,138578,20,2843,804,1451
1138,138689,18,2837,799,1452
1139,138780,19,2840,802,1450
1140,138896,18,2863,821,1459
1141,139008,20,2866,821,1460
1142,139118,21,2873,825,1468
1143,139215,20,2882,832,1472
1144,139313,19,2885,830,1475
1145,141004,26,2887,801,1502
1146,141122,21,2893,809,1500
1147,141209,18,2896,812,1499
1148,141284,20,2896,812,1499
1149,141370,20,2903,822,1496
1150,141476,19,2910,832,1489
1151,141584,23,2908,835,1482
1152,141705,19,2914,841,1482
1153,141823,22,2918,846,1480
1154,141925,23,2918,846,1480
1155,142026,19,2925,856,1471
1156,142140,23,2927,860,1469
1157,142237,19,2936,869,1465
1158,142334,20,2935,864,1474
1159,142467,52,2938,866,1478
1160,142553,20,2934,864,1478
1161,142661,21,2939,858,1489
1162,142755,20,2959,873,1485
1163,142852,20,2958,873,1482
1164,142952,20,2961,871,1489
1165,143047,19,2973,885,1483
1166,143154,20,2978,887,1486
1167,143239,19,2996,904,1486
1168,143335,20,2997,905,1485
1169,143440,21,2998,909,1481
1170,143565,36,3003,909,1479
1171,143702,23,3003,908,1481
1172,143810,23,3001,908,1479
1173,143920,21,3006,906,1481
1174,144065,61,3021,920,1481
1175,144173,26,3022,921,1484
1176,144304,31,3022,922,1483
1177,144438,20,3033,922,1490
1178,144543,23,3044,931,1492
1179,144662,24,3047,932,1489
1180,144816,23,3057,924,1497
1181,144931,23,3059,924,1501
1182,145028,22,3070,931,1505
1183,145135,23,3080,939,1508
1184,145224,22,3081,939,1509
1185,145310,22,3081,941,1507
1186,145415,22,3080,939,1511
1187,145521,27,3090,945,1516
1188,145618,21,3094,941,1528
1189,145728,21,3104,950,1528
1190,145904,21,3111,947,1535
1191,146019,21,3112,946,1534
1192,146114,21,3114,948,1534
1193,146201,23,3115,950,1531
1194,146291,21,3124,959,1529
1195,146393,21,3139,971,1528
1196,146477,22,3141,973,1524
1197,146573,25,3153,984,1522
1198,146680,21,3151,983,1525
1199,146777,24,3157,986,1530
1200,146878,23,3161,990,1528
1201,146978,21,3164,991,1537
1202,147109,28,3165,985,1545
1203,147237,25,3173,992,1547
1204,147361,27,3182,999,1549
1205,147551,21,3188,1009,1543
1206,147639,22,3186,1004,1546
1207,147791,26,3188,998,1546
1208,147897,21,3191,999,1544
1209,147997,23,3204,1011,1543
1210,148084,21,3209,1019,1537
1211,148184,24,3217,1026,1539
1212,148276,21,3240,1048,1539
1213,148386,21,3243,1050,1538
1214,148519,23,3245,1052,1537
1215,148619,23,3247,1049,1543
1216,148728,22,3254,1056,1543
1217,148828,24,3265,1062,1543
1218,148912,22,3272,1063,1547
1219,149018,23,3270,1059,1547
1220,149116,23,3270,1056,1554
1221,149262,21,3273,1057,1555
1222,149375,31,3283,1066,1551
1223,149527,36,3285,1068,1551
1224,149657,23,3284,1071,1546
1225,149773,29,3286,1069,1546
1226,149858,21,3286,1071,1544
1227,149959,21,3304,1089,1538
1228,150054,18,3302,1080,1550
1229,151800,99,1792,877,298
1230,151912,13,1796,857,334
1231,152087,13,1802,850,342
1232,152268,17,1824,826,391
1233,152389,13,1830,815,407
1234,152507,13,1841,796,428
1235,152634,14,1846,793,436
1236,152746,12,1855,786,456
1237,152878,13,1866,788,458
1238,153010,43,1874,771,485
1239,153133,12,1878,759,515
1240,153225,13,1889,767,521
1241,153322,13,1890,744,564
1242,153435,12,1899,746,572
1243,153551,13,1906,738,584
1244,153654,13,1913,742,586
1245,153779,16,1927,731,612
1246,153889,13,1932,711,637
1247,153978,13,1952,709,661
1248,154082,16,1960,704,667
1249,154183,18,1964,706,669
1250,154291,14,1964,689,690
1251,154467,13,1977,669,738
1252,154558,15,1977,666,743
1253,154659,13,1979,667,743
1254,154760,12,1980,655,756
1255,154853,14,1991,661,760
1256,154984,15,2009,653,786
1257,155099,15,2014,641,812
1258,155220,17,2019,626,836
1259,155328,15,2030,622,836
1260,155443,18,2033,618,848
1261,155537,14,2046,623,861
1262,155641,14,2047,624,861
1263,155918,21,2045,579,921
1264,156034,15,2056,585,913
1265,156181,19,2062,587,915
1266,156279,19,2076,601,915
1267,156372,15,2087,609,918
1268,156471,18,2094,613,916
1269,156610,22,2104,610,929
1270,156715,16,2112,604,946
1271,156935,19,2125,611,952
1272,157058,19,2138,614,971
1273,157148,13,2139,604,989
1274,157265,14,2140,587,1020
1275,157368,13,2147,589,1021
1276,157465,14,2161,597,1027
1277,157579,15,2166,595,1040
1278,157673,14,2168,594,1046
1279,157778,18,2169,591,1054
1280,157902,17,2176,592,1062
1281,158012,15,2189,595,1071
1282,158124,15,2187,592,1077
1283,158216,15,2199,594,1091
1284,158318,14,2207,593,1094
1285,158403,15,2215,597,1092
1286,158510,20,2221,600,1097
1287,158644,15,2223,589,1112
1288,158739,16,2226,594,1110
1289,158837,15,2239,604,1104
1290,158938,14,2256,620,1104
1291,159169,15,2259,618,1111
1292,159270,14,2257,617,1111
1293,159376,14,2268,618,1120
1294,159450,15,2273,625,1123
1295,159553,15,2273,626,1121
1296,159652,13,2289,633,1132
1297,159755,15,2287,630,1134
1298,159872,15,2288,630,1138
1299,159971,16,2289,628,1139
1300,160066,16,2302,637,1146
1301,160151,16,2310,640,1156
1302,160234,15,2311,641,1155
1303,160337,16,2317,635,1175
1304,160450,15,2317,639,1167
1305,160537,16,2323,641,1164
1306,160629,14,2328,634,1166
1307,160713,16,2333,639,1160
1308,160828,17,2334,642,1154
1309,160939,18,2338,630,1179
1310,161049,25,2349,629,1191
1311,161262,119,2356,628,1198
1312,161368,15,2363,627,1203
1313,161467,14,2374,627,1212
1314,161564,16,2371,619,1222
1315,161664,16,2379,623,1221
1316,161748,15,2383,620,1221
1317,161837,16,2388,610,1239
1318,161940,15,2406,626,1241
1319,162030,16,2407,614,1258
1320,162130,19,2419,620,1261
1321,162229,17,2428,628,1262
1322,162329,16,2438,637,1262
1323,162430,15,2441,627,1273
1324,162537,18,2454,623,1296
1325,162662,25,2470,634,1306
1326,162759,16,2470,636,1303
1327,162857,20,2471,623,1312
1328,162944,18,2476,626,1311
1329,163040,16,2481,625,1311
1330,163143,17,2484,626,1314
1331,163360,147,2493,623,1337
1332,163491,19,2489,624,1331
1333,163579,15,2495,626,1334
1334,163669,16,2520,639,1343
1335,163744,16,2528,645,1348
1336,163850,17,2528,644,1352
1337,163956,18,2554,663,1357
1338,164064,17,2562,668,1362
1339,164167,17,2561,668,1365
1340,164264,17,2563,671,1362
1341,164352,16,2578,687,1361
1342,164447,17,2582,690,1360
1343,164555,23,2582,693,1361
1344,164638,17,2588,686,1371
1345,164730,16,2589,689,1367
1346,164808,16,2603,697,1372
1347,164898,17,2620,710,1375
1348,165016,18,2632,720,1372
1349,165113,17,2642,724,1375
1350,165337,145,2642,724,1376
1351,165428,16,2655,736,1376
1352,165513,17,2655,734,1378
1353,165601,16,2663,745,1371
1354,165696,18,2665,732,1392
1355,165793,25,2677,743,1392
1356,165895,17,2679,745,1389
1357,166004,17,2684,750,1385
1358,166107,17,2694,754,1389
1359,166213,17,2695,759,1384
1360,166319,18,2704,768,1384
1361,166406,17,2712,774,1383
1362,166492,19,2715,776,1382
1363,166586,18,2727,787,1382
1364,166666,18,2743,802,1383
1365,166765,19,2753,809,1387
1366,166866,17,2755,812,1386
1367,167103,172,2756,805,1394
1368,167245,18,2757,801,1398
1369,167335,17,2762,802,1397
1370,167441,17,2779,816,1402
1371,167534,22,2790,824,1405
1372,167621,19,2795,830,1399
1373,167725,25,2801,836,1403
1374,167831,25,2807,840,1409
1375,167928,18,2806,841,1407
1376,168029,19,2817,850,1403
1377,168140,22,2814,852,1398
1378,168241,20,2818,851,1400
1379,168334,20,2823,853,1403
1380,168445,21,2825,849,1413
1381,168569,28,2827,846,1418
1382,168660,20,2825,842,1421
1383,168901,18,2826,840,1428
1384,169010,19,2833,842,1432
1385,169121,18,2845,851,1434
1386,169232,19,2849,853,1437
1387,169335,19,2865,864,1441
1388,169424,21,2871,870,1438
1389,169530,18,2874,875,1432
1390,169623,18,2875,878,1429
1391,169721,24,2884,887,1429
1392,169906,36,2897,902,1425
1393,170035,21,2909,914,1419
1394,170134,19,2915,920,1419
1395,170247,21,2918,923,1418
1396,170344,18,2948,953,1414
1397,170436,19,2950,955,1413
1398,170705,160,2953,961,1407
1399,170800,19,2960,967,1404
1400,170893,19,2962,969,1403
1401,170992,21,2967,972,1403
1402,171106,23,2972,975,1407
1403,171207,21,2982,981,1412
1404,171295,19,2985,982,1414
1405,171396,19,2977,982,1407
1406,171505,19,2979,981,1408
1407,171603,21,2975,981,1404
1408,171718,23,2978,980,1416
1409,171813,25,2980,981,1420
1410,171927,21,2981,981,1421
1411,172056,23,2995,990,1422
1412,172161,21,3002,997,1424
1413,172390,153,3008,999,1427
1414,172494,21,3002,991,1430
1415,172571,20,3006,995,1429
1416,172671,20,3005,991,1434
1417,172782,22,3008,993,1432
1418,172888,22,3014,997,1434
1419,172987,20,3027,1007,1440
1420,173087,20,3027,1005,1444
1421,173211,24,3032,1012,1438
1422,173321,20,3034,1012,1444
1423,173422,24,3035,1016,1438
1424,173517,21,3045,1024,1437
1425,173604,21,3046,1022,1439
1426,173740,22,3050,1026,1437
1427,173851,22,3050,1026,1436
1428,173965,24,3052,1016,1453
1429,175718,1669,3058,971,1513
1430,175847,28,3067,978,1521
1431,175975,25,3071,976,1528
1432,176094,20,3069,969,1531
1433,176192,21,3082,980,1529
1434,176292,20,3091,988,1528
1435,176380,23,3093,988,1527
1436,176475,20,3104,1001,1520
1437,176588,21,3107,1009,1512
1438,176688,21,3109,1007,1516
1439,176795,22,3110,1005,1520
1440,176885,22,3113,1008,1518
1441,177007,26,3114,1004,1521
1442,177129,28,3112,1005,1516
1443,177230,21,3112,1005,1516
1444,177373,62,3109,1000,1522
1445,177467,20,3107,997,1526
1446,177548,22,3115,1005,1526
1447,177639,21,3113,1001,1524
1448,177750,22,3114,1001,1524
1449,177843,20,3124,1009,1522
1450,177939,22,3123,1009,1521
1451,178031,21,3136,1018,1520
1452,178138,27,3157,1036,1520
1453,178257,21,3159,1036,1525
1454,178365,22,3161,1033,1526
1455,178466,21,3159,1033,1524
1456,178556,22,3159,1032,1524
1457,178653,21,3165,1033,1530
1458,178766,22,3164,1028,1537
1459,178856,22,3165,1026,1539
1460,179011,75,3177,1035,1541
1461,179116,21,3194,1052,1536
1462,179203,22,3204,1061,1536
1463,179321,21,3212,1069,1532
1464,179425,20,3220,1075,1532
1465,179531,23,3222,1075,1534
1466,179622,23,3222,1073,1535
1467,179739,23,3226,1069,1540
1468,179866,33,3231,1072,1538
1469,179994,33,3239,1085,1532
1470,181866,154,1740,1036,97
1471,181996,13,1745,998,148
1472,182101,12,1757,997,161
1473,182220,13,1764,990,182
1474,182318,13,1794,999,207
1475,182455,20,1796,978,236
1476,182578,16,1800,958,273
1477,182695,13,1804,956,277
1478,182791,13,1833,974,286
1479,182903,16,1843,970,293
1480,183034,18,1844,954,314
1481,183142,14,1850,934,333
1482,183247,12,1853,927,347
1483,183352,12,1858,912,372
1484,183453,16,1865,894,411
1485,183562,13,1866,878,422
1486,183661,14,1875,869,437
1487,183762,16,1888,876,442
1488,183882,15,1899,877,456
1489,184049,13,1906,844,512
1490,184150,13,1926,828,552
1491,184257,12,1937,829,559
1492,184353,13,1946,828,579
1493,184448,13,1950,829,582
1494,184556,13,1955,823,599
1495,184651,14,1964,822,602
1496,184754,13,1973,807,629
1497,184862,15,1979,802,639
1498,184952,14,1989,790,665
1499,185051,14,2000,799,671
1500,185132,13,2014,808,673
1501,185245,14,2018,808,675
1502,185360,16,2024,799,687
1503,185454,16,2039,804,702
1504,185555,13,2043,777,742
1505,185649,14,2070,796,748
1506,185742,14,2073,790,760
1507,185847,14,2079,795,757
1508,185988,77,2096,792,777
1509,186074,15,2103,796,782
1510,186169,14,2115,805,783
1511,186263,13,2117,804,784
1512,186364,13,2114,796,790
1513,186467,14,2132,809,793
1514,186588,16,2135,793,812
1515,186683,15,2138,792,813
1516,186780,16,2152,790,823
1517,186857,14,2177,813,819
1518,186967,15,2181,796,843
1519,187074,14,2194,795,850
1520,187171,14,2194,795,850
1521,187270,13,2189,788,854
1522,187381,14,2194,782,869
1523,187486,15,2205,782,887
1524,187584,17,2215,787,895
1525,187691,15,2216,789,896
1526,187812,24,2216,772,920
1527,188024,16,2224,745,957
1528,188135,16,2229,738,977
1529,188247,14,2230,722,997
1530,188346,18,2232,721,1000
1531,188443,22,2241,723,1007
1532,188548,16,2256,730,1014
1533,188644,15,2255,723,1021
1534,188751,15,2267,733,1025
1535,188848,15,2273,736,1026
1536,188940,15,2291,739,1037
1537,189068,25,2301,727,1059
1538,189206,17,2306,719,1070
1539,189304,15,2313,724,1068
1540,189412,15,2328,724,1078
1541,189503,17,2332,724,1077
1542,189593,16,2338,719,1082
1543,189698,19,2338,719,1081
1544,189798,17,2340,719,1084
1545,189915,20,2351,710,1103
1546,190140,105,2355,708,1110
1547,190228,16,2372,721,1116
1548,190337,18,2385,726,1115
1549,190450,16,2386,714,1135
1550,190557,16,2386,710,1137
1551,190673,18,2386,699,1148
1552,190784,16,2390,697,1158
1553,190881,17,2394,690,1173
1554,190960,15,2394,687,1180
1555,191054,16,2402,693,1185
1556,191147,16,2400,689,1187
1557,191269,18,2405,684,1197
1558,191392,15,2417,691,1196
1559,191494,16,2428,701,1198
1560,191596,18,2439,711,1204
1561,191701,18,2452,719,1207
1562,191795,17,2455,720,1210
1563,191885,18,2464,727,1205
1564,191979,17,2473,737,1201
1565,192078,19,2479,736,1199
1566,192284,16,2477,732,1199
1567,192397,16,2479,727,1208
1568,192498,15,2482,719,1223
1569,192594,16,2489,725,1219
1570,192701,16,2493,720,1231
1571,192804,24,2493,713,1244
1572,192895,17,2497,715,1239
1573,192980,16,2497,714,1242
1574,193080,16,2497,714,1240
1575,193183,17,2499,715,1236
1576,193272,17,2505,720,1238
1577,193378,17,2511,726,1238
1578,193489,18,2510,716,1254
1579,193582,17,2513,717,1254
1580,193690,19,2529,729,1251
1581,193795,19,2532,729,1253
1582,193916,19,2526,720,1255
1583,194006,18,2528,713,1268
1584,194125,18,2546,716,1278
1585,194329,125,2550,714,1285
1586,194439,16,2548,711,1286
1587,194539,19,2556,713,1286
1588,194622,17,2570,726,1289
1589,194709,17,2571,726,1290
1590,194811,16,2572,727,1289
1591,194907,17,2583,730,1296
1592,195003,18,2595,740,1297
1593,195131,30,2612,755,1296
1594,195252,22,2623,768,1293
1595,195369,24,2631,776,1292
1596,195494,24,2633,775,1296
1597,195597,24,2646,777,1311
1598,195740,40,2657,783,1317
1599,195911,32,2661,785,1312
1600,196023,20,2673,786,1327
1601,196130,18,2675,786,1325
1602,196228,19,2680,784,1338
1603,196332,26,2691,795,1339
1604,196570,148,2687,783,1359
1605,196686,17,2693,788,1359
1606,196783,20,2697,785,1370
1607,196895,25,2702,784,1373
1608,197044,25,2704,784,1376
1609,197155,20,2714,792,1370
1610,197258,18,2719,797,1371
1611,197360,19,2723,802,1369
1612,197451,22,2733,807,1375
1613,197574,19,2734,809,1370
1614,197688,21,2733,807,1369
1615,197787,20,2736,809,1375
1616,197881,18,2744,817,1368
1617,197984,25,2741,804,1378
1618,198117,24,2743,805,1379
1619,198236,21,2749,807,1383
1620,198329,18,2754,811,1385
1621,198438,16,2752,808,1388
1622,198531,18,2759,818,1380
1623,198620,19,2759,817,1385
1624,198848,20,2758,817,1386
1625,198973,19,2761,812,1391
1626,199082,19,2764,811,1394
1627,199163,19,2774,816,1402
1628,199251,18,2775,813,1403
1629,199363,17,2782,818,1406
1630,199447,18,2789,825,1410
1631,199565,20,2791,829,1404
1632,199667,20,2793,839,1392
1633,199780,23,2802,846,1396
1634,199882,18,2811,855,1395
1635,199988,20,2817,862,1395
1636,200114,30,2822,867,1391
1637,200209,19,2824,870,1386
1638,200299,18,2833,875,1393
1639,200406,20,2836,877,1394
1640,200515,20,2840,874,1396
1641,200616,20,2844,877,1392
1642,200837,19,2854,885,1389
1643,200942,20,2858,888,1384
1644,201050,17,2859,888,1385
1645,201157,20,2863,886,1390
1646,201251,20,2863,886,1390
1647,201350,17,2866,888,1389
1648,201428,19,2871,894,1384
1649,201529,18,2876,899,1381
1650,201628,19,2879,898,1380
1651,201734,19,2880,894,1381
1652,201827,23,2899,910,1377
1653,201930,19,2905,913,1378
1654,202025,21,2907,911,1385
1655,202115,19,2923,929,1383
1656,202213,22,2928,929,1389
1657,202322,19,2931,932,1388
1658,202415,19,2932,933,1388
1659,202518,23,2932,932,1389
1660,202730,18,2937,935,1390
1661,202823,21,2938,929,1401
1662,202929,19,2948,936,1399
1663,203046,20,2954,941,1396
1664,203160,20,2954,941,1393
1665,203272,18,2953,936,1394
1666,203363,20,2964,942,1401
1667,203461,20,2964,943,1399
1668,203578,23,2972,957,1391
1669,203705,20,2973,949,1403
1670,203819,20,2974,948,1405
1671,203917,20,2976,948,1405
1672,204018,23,2977,943,1413
1673,204123,21,2980,943,1418
1674,204226,19,2977,943,1415
1675,204312,20,2979,945,1412
1676,204405,20,2979,945,1412
1677,204515,20,2987,954,1407
1678,204733,19,2985,956,1402
1679,204827,20,2992,964,1401
1680,204931,19,3003,976,1398
1681,205034,20,3004,977,1397
1682,205141,27,3029,1001,1390
1683,205244,18,3033,1004,1386
1684,205343,20,3034,1008,1383
1685,205446,20,3030,1010,1377
1686,205540,24,3029,1011,1375
1687,205639,21,3029,1016,1370
1688,205725,22,3042,1025,1370
1689,205828,21,3047,1028,1378
1690,205926,21,3057,1038,1377
1691,206032,22,3054,1040,1366
1692,206136,22,3057,1045,1366
1693,206246,22,3056,1045,1368
1694,206376,23,3058,1040,1373
1695,208049,1584,3063,1034,1382
1696,208145,22,3064,1010,1422
1697,208240,22,3075,1026,1416
1698,208350,23,3077,1027,1414
1699,208456,21,3086,1033,1417
1700,208558,24,3089,1039,1414
1701,208667,21,3091,1041,1411
1702,208763,24,3093,1040,1412
1703,208872,21,3098,1042,1412
1704,208970,20,3112,1058,1404
1705,209084,21,3119,1063,1404
1706,209187,23,3124,1068,1404
1707,209280,23,3123,1069,1402
1708,209389,21,3128,1076,1403
1709,209471,23,3128,1075,1406
1710,209568,23,3138,1081,1413
1711,209673,20,3146,1082,1416
1712,209785,20,3145,1082,1415
1713,209924,58,3151,1090,1409
1714,210041,25,3157,1084,1421
1715,211087,75,1742,1055,48
1716,211185,12,1761,1071,48
1717,211301,12,1771,1077,48
1718,211394,12,1779,1084,48
1719,211521,13,1786,1088,48
1720,211632,12,1790,1092,48
1721,211749,13,1796,1097,48
1722,211867,13,1800,1100,44
1723,211983,15,1816,1097,65
1724,212100,14,1820,1068,107
1725,212209,13,1825,1014,176
1726,212330,13,1830,995,204
1727,212440,13,1842,986,231
1728,212525,15,1876,1000,249
1729,212693,13,1877,961,302
1730,212781,14,1878,928,344
1731,212883,12,1881,927,346
1732,212982,13,1885,918,365
1733,213067,14,1897,926,365
1734,213186,13,1904,908,396
1735,213308,12,1907,883,423
1736,213413,13,1920,879,430
1737,213516,14,1928,864,448
1738,213597,13,1932,864,454
1739,213694,12,1951,875,467
1740,213788,13,1955,857,493
1741,213900,13,1966,847,513
1742,214008,14,1972,841,518
1743,214107,14,1976,828,548
1744,214203,13,1989,829,560
1745,214288,13,2000,825,578
1746,214382,14,2006,828,584
1747,214474,15,2023,810,624
1748,214584,14,2024,799,636
1749,214691,15,2040,797,648
1750,214802,14,2048,798,652
1751,214985,13,2054,779,695
1752,215089,13,2059,779,700
1753,215179,12,2068,772,711
1754,215290,14,2075,775,712
1755,215386,14,2090,776,729
1756,215486,14,2093,769,742
1757,215610,17,2101,771,750
1758,215716,14,2103,759,763
1759,215820,14,2111,740,797
1760,215909,14,2119,749,793
1761,216016,15,2141,768,794
1762,216152,15,2156,771,806
1763,216253,16,2160,747,843
1764,216341,14,2175,755,844
1765,216442,15,2193,762,856
1766,216540,15,2205,756,881
1767,216651,16,2213,760,888
1768,216773,18,2226,760,897
1769,216880,16,2230,760,907
1770,216967,18,2232,753,921
1771,217069,19,2240,749,931
1772,217260,100,2242,738,951
1773,217341,15,2245,736,953
1774,217418,15,2260,750,964
1775,217521,16,2266,751,974
1776,217622,14,2268,753,974
1777,217717,16,2274,755,977
1778,217823,16,2274,754,977
1779,217928,17,2286,758,979
1780,218051,25,2303,771,976
1781,218161,16,2303,769,972
1782,218249,18,2311,765,988
1783,218369,16,2317,760,1006
1784,218476,15,2311,760,1000
1785,218593,15,2312,757,1005
1786,218692,15,2323,760,1011
1787,218796,16,2332,760,1028
1788,218912,15,2336,745,1047
1789,219004,16,2342,752,1046
1790,219108,17,2339,751,1041
1791,219236,17,2343,740,1054
1792,219344,21,2351,743,1057
1793,219441,16,2366,752,1058
1794,219621,15,2366,726,1089
1795,219714,14,2374,723,1101
1796,219809,16,2375,722,1109
1797,219913,14,2373,716,1114
1798,220007,16,2375,717,1114
1799,220085,14,2388,728,1114
1800,220195,15,2394,734,1113
1801,220293,14,2390,730,1112
1802,220411,17,2392,720,1130
1803,220525,19,2405,730,1135
1804,220625,16,2406,718,1156
1805,220727,16,2407,693,1195
1806,220838,17,2409,696,1196
1807,220939,17,2416,700,1196
1808,221040,16,2419,703,1194
1809,221140,15,2420,701,1199
1810,221262,17,2437,705,1216
1811,221338,15,2437,702,1216
1812,221435,16,2437,702,1218
1813,221523,18,2441,694,1228
1814,221656,19,2448,701,1223
1815,221893,15,2453,686,1245
1816,222006,16,2456,685,1254
1817,222112,16,2464,690,1257
1818,222193,16,2468,694,1257
1819,222299,16,2472,697,1257
1820,222406,17,2481,703,1258
1821,222510,16,2486,701,1265
1822,222625,16,2495,708,1265
1823,222732,16,2505,707,1267
1824,222815,16,2513,706,1272
1825,222909,21,2521,718,1267
1826,223005,17,2532,726,1267
1827,223092,17,2533,727,1266
1828,223183,17,2545,736,1271
1829,223280,17,2563,753,1269
1830,223361,17,2571,757,1276
1831,223459,18,2581,764,1279
1832,223541,18,2591,772,1283
1833,223649,19,2597,771,1298
1834,223759,18,2597,769,1301
1835,223993,16,2602,766,1312
1836,224091,18,2609,762,1330
1837,224182,17,2610,748,1351
1838,224271,18,2610,745,1356
1839,224379,18,2625,757,1350
1840,224485,16,2628,757,1361
1841,224577,17,2629,756,1366
1842,224681,17,2631,753,1370
1843,224775,18,2635,756,1368
1844,224873,19,2658,778,1367
1845,224974,19,2669,785,1368
1846,225088,18,2671,786,1368
1847,225196,26,2676,789,1368
1848,225302,17,2678,790,1364
1849,225419,24,2687,795,1369
1850,225516,18,2697,803,1369
1851,225623,18,2695,803,1361
1852,225720,18,2696,802,1364
1853,225807,18,2697,803,1364
1854,225921,18,2700,802,1364
1855,226138,17,2706,801,1370
1856,226233,17,2719,812,1372
1857,226320,18,2737,826,1380
1858,226438,19,2738,826,1383
1859,226538,21,2737,827,1381
1860,226638,17,2739,825,1381
1861,226745,19,2742,825,1380
1862,226849,20,2757,839,1376
1863,226958,19,2765,845,1372
1864,227066,20,2764,846,1367
1865,227159,19,2780,859,1366
1866,227256,18,2778,858,1363
1867,227361,20,2789,866,1366
1868,227473,20,2790,864,1373
1869,227585,19,2791,855,1388
1870,227686,19,2808,867,1393
1871,227811,20,2809,868,1389
1872,227910,21,2818,875,1385
1873,228151,147,2824,879,1387
1874,228246,18,2823,870,1397
1875,228344,18,2832,877,1396
1876,228447,18,2834,876,1405
1877,228551,18,2847,889,1399
1878,228640,18,2846,887,1399
1879,228730,20,2848,890,1393
1880,228829,19,2851,892,1398
1881,228935,20,2852,889,1402
1882,229045,32,2850,887,1400
1883,229170,30,2850,890,1396
1884,229273,19,2864,905,1394
1885,229378,18,2863,904,1398
1886,229479,19,2861,902,1399
1887,229565,19,2869,905,1406
1888,229657,20,2882,915,1408
1889,229771,24,2898,928,1406
1890,229855,21,2906,936,1405
1891,229981,20,2904,934,1405
1892,230202,144,2911,940,1406
1893,230292,19,2916,944,1403
1894,230385,21,2919,947,1408
1895,230506,19,2925,950,1410
1896,230608,19,2937,958,1413
1897,230731,20,2941,962,1417
1898,230831,19,2939,961,1417
1899,230929,20,2942,961,1417
1900,231037,19,2952,964,1422
1901,231149,19,2955,958,1434
1902,231254,23,2959,962,1434
1903,231368,21,2977,978,1430
1904,231489,21,2989,986,1427
1905,231613,20,2991,985,1426
1906,231721,22,3004,989,1429
1907,231818,21,3009,997,1426
1908,231924,21,3016,997,1430
1909,232039,20,3024,1003,1431
1910,232234,21,3034,1008,1436
1911,232340,19,3033,1005,1433
1912,232472,22,3033,1005,1433
1913,232562,22,3045,1015,1429
1914,232708,32,3047,1019,1425
1915,232844,32,3050,1021,1425
1916,232959,21,3054,1023,1427
1917,233047,22,3058,1024,1428
1918,233154,19,3064,1024,1436
1919,233263,20,3065,1022,1433
1920,233366,22,3084,1040,1438
1921,233460,24,3094,1045,1440
1922,233593,28,3096,1039,1446
1923,233705,23,3103,1038,1446
1924,233807,24,3105,1032,1452
1925,233904,22,3104,1032,1449
1926,234020,25,3106,1033,1454
1927,234235,127,3103,1034,1450
1928,234330,20,3104,1029,1457
1929,234434,21,3102,1027,1463
1930,234550,28,3104,1029,1465
1931,234660,28,3104,1031,1463
1932,234773,22,3104,1027,1469
1933,234876,23,3113,1034,1473
1934,234978,23,3118,1038,1470
1935,235090,24,3122,1040,1473
1936,235186,20,3120,1040,1471
1937,235295,21,3120,1039,1476
1938,235413,30,3128,1045,1471
1939,235551,32,3134,1054,1466
1940,235717,31,3137,1056,1468
1941,235851,23,3135,1054,1471
1942,235970,23,3140,1053,1473
1943,236077,21,3148,1060,1472
1944,236181,22,3155,1064,1480
1945,236390,118,3166,1073,1473
1946,236482,22,3173,1077,1476
1947,236604,25,3175,1079,1474
1948,236719,24,3186,1090,1474
1949,236823,22,3186,1090,1474
1950,236937,20,3185,1091,1472
1951,237039,23,3189,1095,1470
1952,237130,20,3204,1110,1465
1953,237237,26,3202,1110,1463
1954,237351,22,3215,1122,1462
1955,237463,21,3214,1122,1461
1956,237580,31,3209,1123,1455
1957,237732,24,3210,1125,1454
1958,237876,23,3217,1129,1454
1959,237992,22,3219,1131,1452
1960,238094,24,3222,1133,1450
1961,238202,26,3221,1129,1451
1962,238306,21,3224,1132,1447
1963,239795,22,3230,1100,1501
1964,239893,21,3229,1100,1499
1965,239991,21,3232,1108,1496
1966,241049,191,1735,1073,49
1967,241140,12,1742,1047,83
1968,241253,13,1753,1031,112
1969,241360,12,1763,1021,139
1970,241463,12,1764,989,185
1971,241582,12,1772,953,233
1972,241696,13,1780,927,273
1973,241799,14,1816,942,295
1974,241892,14,1828,925,319
1975,241987,15,1829,921,325
1976,242125,22,1842,922,337
1977,242232,14,1856,890,394
1978,242409,59,1861,869,413
1979,242525,13,1866,856,436
1980,242670,21,1877,859,438
1981,242825,16,1882,844,460
1982,242970,16,1890,840,480
1983,243110,18,1909,852,496
1984,243223,18,1917,859,495
1985,243362,15,1923,850,513
1986,243464,13,1930,846,521
1987,243554,13,1941,854,522
1988,243656,14,1945,839,539
1989,243779,13,1957,842,549
1990,243898,15,1969,837,568
1991,243992,14,1986,840,580
1992,244094,14,1993,837,594
1993,244208,14,2000,828,631
1994,244307,14,2005,821,647
1995,244418,14,2010,824,646
1996,244518,13,2031,832,655
1997,244614,15,2031,824,666
1998,244721,14,2034,818,679
1999,244820,15,2040,818,688
2000,245033,115,2045,769,741
2001,245132,15,2061,778,747
2002,245245,14,2068,781,747
2003,245350,14,2072,780,756
2004,245444,15,2074,772,769
2005,245542,14,2079,762,789
2006,245691,23,2084,759,798
2007,245814,14,2096,742,815
2008,245917,15,2113,755,821
2009,246012,15,2117,747,841
2010,246109,16,2129,759,839
2011,246193,15,2130,756,842
2012,246282,15,2134,759,842
2013,246380,15,2146,768,838
2014,246499,20,2154,771,837
2015,246605,16,2166,766,857
2016,246708,15,2171,763,868
2017,246812,15,2185,768,882
2018,246897,18,2195,764,898
2019,246993,15,2199,768,895
2020,247091,15,2206,765,907
2021,247182,15,2221,777,907
2022,247369,16,2227,779,911
2023,247467,15,2243,783,925
2024,247570,15,2253,791,924
2025,247679,16,2258,790,930
2026,247783,15,2264,785,943
2027,247889,15,2265,784,949
2028,248015,17,2271,788,955
2029,248123,16,2272,780,970
2030,248223,15,2278,780,983
2031,248342,16,2280,771,994
2032,248443,15,2293,780,986
2033,248541,17,2294,767,1007
2034,248644,18,2303,772,1013
2035,248758,16,2317,775,1020
2036,248855,17,2326,776,1025
2037,248952,16,2329,759,1054
2038,249087,21,2333,760,1058
2039,249187,17,2355,780,1051
2040,249294,17,2376,797,1057
2041,249391,18,2384,806,1057
2042,249571,100,2387,806,1057
2043,249670,15,2390,802,1062
2044,249773,15,2402,800,1080
2045,249875,16,2408,803,1084
2046,249963,16,2419,811,1087
2047,250060,16,2432,817,1094
2048,250157,15,2436,811,1101
2049,250268,16,2445,801,1125
2050,250355,16,2447,792,1140
2051,250475,22,2464,794,1151
2052,250595,21,2465,792,1157
2053,250689,16,2469,791,1161
2054,250797,17,2474,783,1176
2055,250902,17,2482,783,1182
2056,251014,18,2482,766,1206
2057,251111,17,2486,768,1209
2058,251218,17,2495,768,1223
2059,251304,18,2520,784,1230
2060,251399,18,2521,784,1230
2061,251509,17,2536,799,1227
2062,251601,17,2547,803,1236
2063,251829,150,2550,799,1245
2064,251944,16,2549,793,1249
2065,252051,20,2551,782,1258
2066,252152,16,2560,791,1258
2067,252229,16,2570,795,1269
2068,252320,17,2581,805,1271
2069,252422,17,2583,805,1275
2070,252531,16,2582,800,1274
2071,252636,16,2581,785,1292
2072,252755,17,2577,786,1284
2073,252848,17,2578,785,1284
2074,252943,18,2583,785,1287
2075,253042,24,2591,785,1298
2076,253136,18,2591,780,1303
2077,253242,18,2602,794,1299
2078,253327,17,2608,797,1301
2079,253425,16,2608,798,1301
2080,253526,18,2612,802,1299
2081,253630,25,2621,804,1306
2082,253755,25,2620,799,1315
2083,253867,26,2626,802,1312
2084,254107,154,2628,801,1319
2085,254217,25,2630,803,1319
2086,254330,21,2631,804,1319
2087,254440,17,2631,800,1326
2088,254534,17,2636,801,1330
2089,254635,16,2638,803,1330
2090,254717,19,2648,812,1327
2091,254806,19,2649,813,1327
2092,254903,19,2657,818,1327
2093,254985,19,2665,816,1341
2094,255086,18,2677,820,1355
2095,255180,19,2686,825,1355
2096,255295,17,2688,828,1355
2097,255409,27,2691,832,1360
2098,255501,18,2708,848,1354
2099,255592,21,2711,853,1350
2100,255690,19,2721,858,1361
2101,255792,18,2721,847,1378
2102,255882,18,2732,858,1377
2103,255984,18,2733,854,1382
2104,256201,16,2744,862,1384
2105,256292,17,2748,866,1379
2106,256382,17,2774,886,1376
2107,256489,18,2772,884,1379
2108,256589,18,2781,891,1381
2109,256688,18,2784,893,1382
2110,256801,18,2788,888,1397
2111,256909,17,2802,898,1403
2112,256997,19,2815,911,1399
2113,257090,19,2821,917,1399
2114,257192,20,2832,926,1398
2115,257294,19,2846,937,1395
2116,257390,19,2844,933,1403
2117,257498,19,2844,921,1420
2118,257614,19,2849,923,1423
2119,257733,19,2857,931,1421
2120,257831,19,2857,930,1424
2121,257931,19,2865,935,1427
2122,258028,19,2867,934,1431
2123,258273,162,2868,918,1446
2124,258368,19,2873,918,1449
2125,258454,18,2876,919,1453
2126,258541,19,2886,926,1458
2127,258650,19,2893,932,1454
2128,258734,18,2891,932,1452
2129,258830,19,2904,941,1452
2130,258912,19,2917,952,1455
2131,259018,19,2929,962,1454
2132,259107,19,2931,963,1453
2133,259233,20,2929,960,1456
2134,259317,21,2948,976,1460
2135,259409,20,2948,974,1466
2136,259506,20,2956,981,1462
2137,259618,20,2956,978,1469
2138,259721,20,2959,981,1468
2139,259815,22,2977,993,1474
2140,259924,20,2978,995,1475
2141,260031,20,2980,992,1483
2142,260271,145,2981,991,1484
2143,260370,19,2983,993,1480
2144,260469,19,2986,994,1483
2145,260571,22,2987,987,1492
2146,260705,21,3004,1000,1500
2147,260815,20,3016,1007,1505
2148,260919,21,3018,1008,1505
2149,261018,27,3020,1007,1506
2150,261131,27,3021,1003,1511
2151,261224,22,3023,1004,1514
2152,261313,21,3035,1015,1514
2153,261420,20,3039,1017,1516
2154,261539,21,3038,1020,1512
2155,261656,21,3039,1014,1520
2156,261752,20,3041,1016,1516
2157,261839,22,3038,1016,1513
2158,261935,22,3040,1009,1519
2159,262042,21,3041,1007,1523
2160,262268,132,3043,1008,1522
2161,262359,20,3053,1018,1524
2162,262449,20,3059,1025,1523
2163,262557,22,3058,1021,1529
2164,262647,21,3052,1017,1527
2165,262759,21,3065,1030,1526
2166,262871,24,3066,1032,1523
2167,262969,21,3066,1031,1523
2168,263084,21,3081,1045,1523
2169,263192,21,3079,1041,1528
2170,263288,21,3081,1038,1534
2171,263386,22,3085,1037,1536
2172,263475,20,3086,1038,1535
2173,263584,21,3111,1062,1535
2174,263689,20,3115,1063,1536
2175,263789,21,3127,1075,1535
2176,263898,28,3127,1074,1534
2177,264000,25,3140,1085,1538
2178,264205,119,3147,1095,1530
2179,264287,22,3167,1115,1530
2180,264374,20,3165,1107,1537
2181,264463,21,3176,1116,1538
2182,264570,21,3178,1116,1533
2183,264662,20,3178,1116,1535
2184,264760,21,3188,1120,1539
2185,264867,22,3187,1119,1541
2186,264958,22,3191,1121,1543
2187,265069,21,3196,1123,1543
2188,265156,23,3195,1123,1542
2189,265269,21,3198,1123,1543
2190,265370,21,3203,1128,1541
2191,265481,22,3209,1132,1539
2192,265594,23,3214,1137,1537
2193,265703,24,3217,1138,1535
2194,265804,22,3222,1137,1537
2195,265899,22,3222,1131,1541
2196,266088,109,3222,1130,1541
2197,266193,22,3220,1124,1547
2198,266292,21,3230,1132,1549
2199,266393,23,3231,1133,1549
2200,266500,27,3239,1141,1549
2201,266591,27,3253,1151,1549
2202,266704,26,3253,1146,1550
2203,266809,23,3255,1143,1552
2204,266910,22,3277,1162,1553
2205,267017,25,3275,1161,1553
2206,267127,22,3279,1166,1547
2207,267227,23,3291,1177,1547
2208,267314,23,3295,1182,1543
2209,267428,23,3302,1188,1544
2210,267521,22,3312,1194,1551
2211,267650,33,3319,1201,1549
2212,267779,37,3316,1200,1545
2213,267882,23,3320,1190,1555
2214,267983,23,3323,1187,1556
2215,268139,22,3334,1193,1558
2216,268259,23,3338,1194,1561
2217,268352,22,3344,1198,1563
2218,268444,23,3363,1219,1556
2219,268546,23,3369,1229,1551
2220,268646,24,3382,1242,1550
2221,268776,32,3386,1246,1549
2222,268912,28,3389,1248,1548
2223,269017,29,3389,1248,1548
2224,269126,28,3389,1248,1548
2225,269230,23,3386,1253,1540
2226,269338,23,3385,1255,1533
2227,269442,23,3389,1259,1530
2228,269559,25,3401,1271,1530
2229,269654,28,3403,1273,1529
2230,269779,27,3405,1275,1524
2231,269887,23,3408,1277,1521
2232,269979,24,3413,1281,1520
2233,271954,156,1804,1017,226
2234,272080,13,1809,1011,234
2235,272190,13,1827,990,268
2236,272313,14,1844,958,313
2237,272439,13,1849,951,333
2238,272557,14,1863,932,370
2239,272680,14,1870,926,383
2240,272778,14,1892,926,404
2241,272903,18,1909,913,419
2242,273030,17,1912,915,418
2243,273154,14,1917,904,437
2244,273264,15,1927,895,465
2245,273368,13,1937,881,489
2246,273473,16,1938,865,507
2247,273560,15,1948,871,516
2248,273671,15,1949,854,531
2249,273790,19,1958,852,544
2250,273958,18,1968,851,554
2251,274115,13,1973,844,572
2252,274222,14,1980,850,578
2253,274336,14,1991,843,595
2254,274437,13,2011,855,609
2255,274548,15,2026,852,620
2256,274653,14,2034,845,639
2257,274746,16,2034,842,645
2258,274861,14,2040,846,645
2259,274974,14,2046,840,655
2260,275092,15,2050,831,664
2261,275202,17,2054,822,675
2262,275309,15,2066,818,689
2263,275419,16,2078,826,692
2264,275526,16,2088,811,730
2265,275630,15,2094,810,733
2266,275746,16,2096,783,765
2267,275833,15,2111,790,777
2268,275941,15,2115,789,787
2269,276037,14,2128,801,790
2270,276145,14,2147,807,802
2271,276246,17,2151,808,801
2272,276342,15,2169,815,817
2273,276511,14,2173,814,828
2274,276632,17,2192,816,840
2275,276720,16,2191,803,856
2276,276825,14,2208,813,861
2277,276934,16,2226,820,875
2278,277042,17,2237,821,886
2279,277134,16,2240,815,897
2280,277237,16,2244,818,901
2281,277340,15,2245,821,901
2282,277440,15,2247,801,931
2283,277562,18,2263,799,947
2284,277674,18,2267,782,972
2285,277794,17,2288,780,990
2286,277891,18,2306,765,1025
2287,277998,17,2308,763,1031
2288,278107,19,2315,763,1038
2289,278233,17,2321,758,1054
2290,278319,15,2335,766,1058
2291,278438,17,2343,759,1074
2292,278549,17,2344,757,1078
2293,278667,16,2347,751,1092
2294,278881,113,2357,759,1102
2295,279014,16,2356,755,1109
2296,279110,16,2359,742,1118
2297,279206,16,2364,740,1125
2298,279330,17,2373,744,1126
2299,279444,18,2377,741,1127
2300,279534,16,2385,748,1127
2301,279641,18,2384,746,1131
2302,279758,23,2384,743,1136
2303,279891,16,2403,753,1144
2304,279992,17,2412,760,1144
2305,280089,16,2434,779,1146
2306,280198,19,2434,757,1168
2307,280296,18,2434,753,1176
2308,280389,16,2441,756,1176
2309,280501,17,2441,739,1203
2310,280607,23,2439,746,1194
2311,280697,17,2450,747,1204
2312,280787,17,2459,746,1206
2313,280911,17,2472,751,1215
2314,281027,21,2473,734,1239
2315,281182,24,2482,718,1273
2316,281441,18,2490,705,1301
2317,281549,17,2485,700,1306
2318,281661,18,2488,699,1308
2319,281846,19,2501,711,1302
2320,281955,17,2504,709,1311
2321,282059,19,2505,710,1307
2322,282182,19,2507,710,1308
2323,282289,21,2511,703,1322
2324,282409,18,2525,709,1338
2325,282541,25,2533,698,1361
2326,282673,23,2540,689,1376
2327,282777,18,2544,691,1380
2328,282887,18,2544,689,1380
2329,282985,20,2552,688,1394
2330,283075,21,2553,688,1396
2331,283163,20,2564,694,1399
2332,283296,22,2571,694,1406
2333,283408,22,2590,713,1402
2334,283541,20,2595,713,1416
2335,283643,20,2603,722,1411
2336,283759,25,2606,718,1414
2337,284038,19,2605,719,1412
2338,284134,23,2605,719,1414
2339,284235,21,2608,711,1427
2340,284336,18,2610,696,1442
2341,284429,16,2612,699,1437
2342,284542,18,2614,699,1439
2343,284649,17,2626,710,1439
2344,284756,20,2637,719,1444
2345,284876,22,2650,727,1443
2346,284983,20,2655,728,1449
2347,285098,18,2657,727,1456
2348,285199,20,2662,730,1458
2349,285312,29,2670,733,1466
2350,285437,22,2679,733,1472
2351,285514,18,2697,751,1464
2352,285626,21,2709,759,1463
2353,285745,19,2711,751,1470
2354,285870,20,2717,753,1477
2355,285970,20,2718,749,1478
2356,286095,23,2720,748,1474
2357,286200,20,2720,749,1473
2358,286432,148,2728,757,1473
2359,286529,19,2728,741,1487
2360,286622,21,2732,740,1494
2361,286758,21,2732,741,1497
2362,286869,25,2736,737,1511
2363,286989,25,2749,748,1511
2364,287091,19,2752,751,1513
2365,287184,18,2748,738,1523
2366,287304,21,2751,741,1521
2367,287400,21,2771,760,1516
2368,287518,19,2771,760,1514
2369,287630,20,2770,759,1519
2370,287763,29,2776,761,1512
2371,287864,21,2783,768,1511
2372,287960,20,2784,763,1516
2373,288051,21,2792,771,1513
2374,288170,22,2797,774,1517
2375,288280,19,2800,778,1514
2376,288385,19,2805,781,1516
2377,288480,18,2807,784,1516
2378,288728,164,2817,791,1520
2379,288855,19,2824,791,1526
2380,288952,19,2837,802,1517
2381,289051,19,2850,813,1516
2382,289137,22,2852,813,1517
2383,289258,23,2851,818,1509
2384,289357,28,2866,828,1509
2385,289468,19,2881,843,1503
2386,289573,21,2888,841,1508
2387,289681,19,2889,840,1517
2388,289771,20,2895,847,1510
2389,289894,23,2898,836,1536
2390,290026,25,2897,830,1550
2391,290155,31,2897,827,1559
2392,290289,23,2897,829,1557
2393,290386,20,2899,828,1562
2394,290491,20,2903,829,1563
2395,290596,21,2905,828,1567
2396,290698,21,2909,820,1576
2397,290797,20,2914,823,1576
2398,291004,19,2913,822,1580
2399,291092,23,2914,823,1580
2400,291177,20,2919,826,1580
2401,291288,21,2932,836,1582
2402,291419,21,2943,846,1577
2403,291530,20,2949,847,1581
2404,291622,20,2952,850,1581
2405,291733,20,2960,853,1585
2406,291822,20,2964,856,1590
2407,291910,21,2964,856,1586
2408,292009,20,2967,848,1595
2409,292105,21,2968,845,1596
2410,292197,20,2973,849,1599
2411,292308,20,2978,852,1600
2412,292408,20,2980,853,1597
2413,292497,21,2981,852,1597
2414,292594,21,2980,850,1600
2415,292709,21,2982,851,1603
2416,292811,22,2980,854,1596
2417,293015,19,2979,848,1604
2418,293128,23,2980,844,1612
2419,293234,20,2985,845,1615
2420,293343,20,2981,843,1611
2421,293454,20,2997,850,1613
2422,293556,21,2996,847,1612
2423,293667,21,2998,847,1614
2424,293780,24,3000,852,1605
2425,293888,19,3000,851,1604
2426,293982,21,2998,852,1601
2427,294080,20,3008,860,1602
2428,294175,20,3012,864,1599
2429,294279,21,3025,874,1588
2430,294373,22,3030,872,1585
2431,294455,23,3047,883,1594
2432,294569,22,3050,886,1592
2433,294675,23,3050,886,1596
2434,294780,22,3056,889,1600
2435,294882,20,3062,893,1604
2436,295122,19,3063,899,1593
2437,295227,20,3066,901,1593
2438,295335,24,3079,913,1595
2439,295428,20,3089,920,1599
2440,295539,20,3092,920,1597
2441,295646,22,3092,918,1599
2442,295752,21,3094,920,1602
2443,295829,22,3095,923,1600
2444,295922,23,3104,929,1602
2445,296032,22,3103,931,1598
2446,296151,21,3104,932,1596
2447,296261,23,3102,932,1595
2448,296384,28,3107,935,1590
2449,296501,21,3113,941,1585
2450,296601,23,3119,946,1587
2451,296711,24,3116,944,1595
2452,296804,23,3120,947,1595
2453,296924,21,3126,951,1595
2454,297156,20,3129,951,1599
2455,297241,24,3138,955,1602
2456,297335,22,3145,962,1601
2457,297430,21,3147,958,1607
2458,297542,22,3151,963,1608
2459,297638,23,3153,964,1609
2460,297739,22,3177,987,1607
2461,297844,23,3188,998,1605
2462,297953,21,3188,993,1609
2463,298058,22,3195,1001,1609
2464,298173,27,3198,1008,1604
2465,298360,37,3195,1004,1600
2466,298481,27,3196,999,1600
2467,298605,31,3198,1000,1604
2468,298757,27,3202,1004,1603
2469,298890,23,3201,999,1612
2470,298993,24,3202,1000,1609
2471,299091,26,3211,1009,1609
2472,299310,28,3222,1017,1611
2473,299443,31,3225,1021,1608
2474,299576,23,3227,1021,1610
2475,299679,24,3228,1022,1610
2476,299774,23,3224,1022,1606
2477,299884,23,3224,1022,1607
2478,299991,25,3244,1044,1601
2479,301639,22,3241,1021,1633
