tick,timestamp,query_runtime,trav_index_nodes,trav_vol_nodes,trav_unprod_nodes
0,418,3,7,7,0
1,675,2,10,10,0
2,868,2,22,22,0
3,3695,2,24,24,0
4,3853,3,32,32,0
5,4066,3,39,39,0
6,4240,1,50,50,0
7,4366,2,58,58,0
8,4541,1,67,67,0
9,4679,2,68,68,0
10,4885,4,68,68,0
11,5047,2,71,71,0
12,5205,1,74,74,0
13,5349,1,88,88,0
14,5487,2,100,100,0
15,5609,2,103,103,0
16,5765,2,104,104,0
17,5939,5,119,119,0
18,6086,2,119,119,0
19,8307,2,120,120,0
20,8455,5,123,123,0
21,8590,4,123,123,0
22,8752,1,126,126,0
23,8884,4,146,146,0
24,9096,9,148,148,0
25,9288,6,151,151,0
26,9454,2,160,160,0
27,9599,3,160,160,0
28,9722,3,168,168,0
29,9848,2,175,175,0
30,9954,2,190,190,0
31,10074,5,192,192,0
32,10196,3,196,196,0
33,10300,3,199,199,0
34,10441,5,207,207,0
35,10548,3,212,212,0
36,10660,5,214,214,0
37,10756,3,217,217,0
38,10905,3,217,217,0
39,11008,4,224,224,0
40,11116,3,228,228,0
41,11229,4,239,239,0
42,11357,4,241,241,0
43,11457,4,251,251,0
44,11551,3,260,260,0
45,11689,5,261,261,0
46,11775,5,268,268,0
47,11867,4,278,278,0
48,11963,3,279,279,0
49,12051,6,291,291,0
50,12128,4,291,291,0
51,12246,4,291,291,0
52,12331,3,291,291,0
53,12435,3,293,293,0
54,12535,4,296,296,0
55,12632,4,300,300,0
56,12727,3,301,301,0
57,12880,6,306,306,0
58,12976,4,315,315,0
59,13065,4,325,325,0
60,13170,4,325,325,0
61,13255,3,326,326,0
62,13330,3,329,329,0
63,13405,3,338,338,0
64,13500,4,340,340,0
65,13583,5,356,356,0
66,13693,4,357,357,0
67,13792,5,357,357,0
68,13899,5,363,363,0
69,14008,6,368,368,0
70,14102,6,370,370,0
71,14188,4,372,372,0
72,14269,4,378,378,0
73,14352,4,387,387,0
74,14436,4,391,391,0
75,14589,5,406,406,0
76,14660,5,420,420,0
77,14751,5,420,420,0
78,14849,5,420,420,0
79,14930,4,420,420,0
80,15018,4,420,420,0
81,15102,5,420,420,0
82,15223,4,423,423,0
83,15311,6,429,429,0
84,15400,7,429,429,0
85,15490,6,433,433,0
86,15591,4,435,435,0
87,15685,5,435,435,0
88,15786,5,436,436,0
89,15880,5,439,439,0
90,15986,5,442,442,0
91,16082,6,445,445,0
92,16189,6,445,445,0
93,16342,8,454,454,0
94,16426,5,457,457,0
95,16516,5,459,459,0
96,16617,5,465,465,0
97,16709,8,466,466,0
98,16823,6,468,468,0
99,16925,6,474,474,0
100,17026,5,478,478,0
101,17125,6,492,492,0
102,17237,5,497,497,0
103,17367,6,498,498,0
104,17485,9,515,515,0
105,17571,9,517,517,0
106,17669,7,524,524,0
107,17753,5,525,525,0
108,17851,8,526,526,0
109,17975,7,528,528,0
110,18135,86,531,531,0
111,18213,5,540,540,0
112,18286,6,541,541,0
113,18372,7,543,543,0
114,18457,6,551,551,0
115,18570,6,554,554,0
116,18732,13,556,556,0
117,18848,7,556,556,0
118,18952,23,564,564,0
119,19042,7,573,573,0
120,19128,9,587,587,0
121,19232,8,593,593,0
122,19312,7,597,597,0
123,19393,7,604,604,0
124,19492,8,607,607,0
125,19603,9,611,611,0
126,19685,8,613,613,0
127,19770,7,615,615,0
128,19933,7,618,618,0
129,20010,7,628,628,0
130,20106,7,636,636,0
131,20192,7,645,645,0
132,20262,6,650,650,0
133,20346,7,655,655,0
134,20454,8,657,657,0
135,20540,7,662,662,0
136,20621,8,662,662,0
137,20718,7,666,666,0
138,20783,7,668,668,0
139,20876,8,669,669,0
140,20973,8,670,670,0
141,21070,10,672,672,0
142,21155,8,673,673,0
143,21242,7,681,681,0
144,21380,6,681,681,0
145,21480,8,684,684,0
146,21560,7,685,685,0
147,21658,7,690,690,0
148,21748,7,692,692,0
149,21849,8,692,692,0
150,21945,7,703,703,0
151,22047,14,724,724,0
152,22140,8,725,725,0
153,22226,10,738,738,0
154,22331,8,743,743,0
155,22417,10,743,743,0
156,22496,9,752,752,0
157,22615,9,760,760,0
158,22712,10,760,760,0
159,22805,9,768,768,0
160,22989,7,772,772,0
161,23083,8,778,778,0
162,23151,9,778,778,0
163,23256,8,790,790,0
164,23335,8,797,797,0
165,23421,13,843,843,0
166,23517,9,846,846,0
167,23630,9,849,849,0
168,23747,14,852,852,0
169,23850,10,854,854,0
170,23957,12,855,855,0
171,24062,10,859,859,0
172,24172,9,863,863,0
173,24269,9,874,874,0
174,24384,10,876,876,0
175,24554,86,886,886,0
176,24658,9,887,887,0
177,24742,9,897,897,0
178,24843,9,897,897,0
179,24935,11,898,898,0
180,25044,12,898,898,0
181,25150,10,899,899,0
182,25255,10,903,903,0
183,25352,8,907,907,0
184,25459,10,908,908,0
185,25562,10,911,911,0
186,25660,9,913,913,0
187,25781,11,916,916,0
188,25873,11,919,919,0
189,25976,11,924,924,0
190,26121,14,933,933,0
191,26226,13,933,933,0
192,26320,13,943,943,0
193,26418,10,948,948,0
194,26537,10,949,949,0
195,26632,10,962,962,0
196,26704,10,963,963,0
197,26816,23,970,970,0
198,26924,11,975,975,0
199,27016,11,990,990,0
200,27101,10,996,996,0
201,27199,11,1001,1001,0
202,27290,11,1007,1007,0
203,27379,11,1008,1008,0
204,27470,13,1012,1012,0
205,27571,14,1022,1022,0
206,27695,11,1024,1024,0
207,27783,11,1031,1031,0
208,27879,12,1035,1035,0
209,27989,12,1046,1046,0
210,28081,10,1052,1052,0
211,28180,12,1055,1055,0
212,28276,11,1056,1056,0
213,28365,12,1057,1057,0
214,28460,11,1065,1065,0
215,28555,13,1068,1068,0
216,28659,13,1073,1073,0
217,28759,11,1081,1081,0
218,28851,11,1081,1081,0
219,28937,13,1108,1108,0
220,29012,12,1110,1110,0
221,29151,12,1110,1110,0
222,29252,11,1114,1114,0
223,29335,13,1121,1121,0
224,29412,12,1122,1122,0
225,29504,13,1136,1136,0
226,29584,12,1141,1141,0
227,29685,12,1153,1153,0
228,29781,12,1154,1154,0
229,29872,12,1158,1158,0
230,29952,13,1171,1171,0
231,30040,12,1172,1172,0
232,30126,15,1185,1181,0
233,30222,14,1194,1185,0
234,30310,15,1194,1165,2
235,30424,16,1211,1169,3
236,30582,12,1216,1133,7
237,30661,12,1216,1132,7
238,30760,13,1223,1118,10
239,30859,12,1225,1095,13
240,30947,13,1225,1082,14
241,31021,13,1232,1083,14
242,31106,12,1236,1076,16
243,31201,13,1236,1078,15
244,31289,13,1236,1078,15
245,31370,13,1238,1080,15
246,31457,14,1248,1090,15
247,31556,15,1249,1091,15
248,31655,13,1249,1091,15
249,31752,15,1256,1098,15
250,31847,15,1257,1099,15
251,31994,72,1262,1104,15
252,32060,13,1265,1107,15
253,32146,13,1265,1107,15
254,32233,14,1267,1109,15
255,32317,15,1267,1109,15
256,32400,12,1270,1112,15
257,32511,14,1272,1114,15
258,32607,13,1276,1118,15
259,32695,13,1281,1123,15
260,32776,13,1288,1130,15
261,32869,14,1292,1134,15
262,32971,18,1293,1135,15
263,33063,14,1300,1142,15
264,33152,13,1300,1142,15
265,33258,13,1307,1149,15
266,33349,17,1312,1154,15
267,33538,87,1312,1154,15
268,33640,13,1316,1158,15
269,33732,14,1319,1155,17
270,33833,27,1324,1140,20
271,33924,14,1325,1132,21
272,34021,15,1329,1125,22
273,34126,14,1333,1126,23
274,34212,15,1339,1134,24
275,34295,14,1354,1129,28
276,34376,14,1350,1113,29
277,34466,15,1358,1096,32
278,34557,14,1359,1077,34
279,34633,14,1361,1064,36
280,34729,14,1361,1046,40
281,34827,14,1361,1039,42
282,35027,115,1362,997,48
283,35235,58,1136,986,4
284,35330,12,1139,964,8
285,35408,13,1148,967,10
286,35507,13,1153,953,13
287,35607,13,1160,951,16
288,35679,10,1165,945,18
289,35765,13,1174,947,19
290,35848,13,1176,944,21
291,35937,13,1186,944,23
292,36018,14,1195,953,23
293,36144,23,1194,951,23
294,36259,23,1195,952,23
295,36359,23,1195,952,23
296,36463,14,1196,953,23
297,36556,16,1197,954,23
298,36787,13,1200,957,23
299,36877,13,1202,959,23
300,36984,48,1219,976,23
301,37070,12,1219,976,23
302,37153,15,1220,977,23
303,37257,16,1235,994,22
304,37360,14,1249,1008,22
305,37455,15,1250,1009,22
306,37560,15,1251,1010,22
307,37649,16,1254,1016,21
308,37744,14,1260,1022,21
309,37820,14,1267,1029,21
310,37913,14,1269,1031,21
311,38030,14,1276,1038,21
312,38121,13,1277,1039,21
313,38233,17,1278,1040,21
314,38435,21,1279,1023,24
315,38548,19,1282,1010,26
316,38626,14,1283,1000,28
317,38719,14,1290,993,31
318,38809,13,1292,979,34
319,38898,13,1292,975,35
320,38987,13,1295,977,35
321,39064,14,1300,966,38
322,39151,13,1304,968,39
323,39235,13,1307,970,39
324,39343,13,1326,985,41
325,39435,14,1329,982,45
326,39533,15,1331,984,45
327,39638,14,1334,980,48
328,39725,15,1351,992,49
329,39796,14,1356,995,51
330,40013,15,1357,953,60
331,40142,22,1143,942,4
332,40236,11,1144,935,6
333,40319,12,1155,944,6
334,40414,12,1163,942,9
335,40496,13,1166,944,9
336,40576,12,1177,954,9
337,40657,12,1185,953,11
338,40766,15,1185,952,12
339,40870,18,1189,952,13
340,40972,14,1196,961,12
341,41056,16,1197,954,13
342,41147,17,1206,957,14
343,41257,16,1207,949,15
344,41363,14,1211,945,16
345,41448,13,1216,942,19
346,41714,15,1219,938,22
347,41799,15,1224,932,25
348,41875,13,1221,911,27
349,41976,25,1229,906,29
350,42074,16,1240,912,30
351,42172,13,1242,912,32
352,42244,14,1242,909,34
353,42342,13,1245,903,36
354,42433,14,1246,898,39
355,42516,14,1258,907,40
356,42617,15,1256,904,42
357,42701,14,1269,914,44
358,42802,16,1269,897,46
359,42884,14,1273,901,46
360,42977,15,1280,904,48
361,43239,17,1282,888,53
362,43340,18,1284,878,55
363,43430,12,1285,875,57
364,43531,16,1287,863,61
365,43637,13,1288,856,65
366,43735,15,1290,845,68
367,43829,15,1292,841,70
368,43922,15,1301,847,71
369,44008,14,1301,843,72
370,44086,13,1299,842,70
371,44168,13,1299,840,71
372,44263,14,1304,839,73
373,44341,14,1305,836,75
374,44426,15,1304,823,79
375,44668,159,1307,817,83
376,44744,14,1311,816,84
377,44836,13,1312,805,87
378,44914,15,1318,808,86
379,44998,13,1321,804,86
380,45186,55,1039,803,2
381,45285,13,1042,803,2
382,45371,12,1047,802,4
383,45466,11,1064,814,8
384,45559,11,1077,825,10
385,45661,15,1087,831,11
386,45775,15,1088,829,12
387,45868,13,1089,825,15
388,46175,200,1098,801,23
389,46265,11,1097,793,28
390,46344,13,1099,795,28
391,46404,14,1105,798,28
392,46489,12,1111,793,29
393,46581,12,1110,787,32
394,46678,12,1110,786,33
395,46763,11,1118,785,34
396,46849,13,1125,791,35
397,46971,13,1127,791,37
398,47072,13,1132,796,36
399,47160,13,1138,793,38
400,47236,13,1140,793,39
401,47314,14,1155,809,40
402,47407,13,1158,811,41
403,47649,13,1158,807,44
404,47733,13,1174,816,46
405,47835,13,1176,818,46
406,47935,17,1170,804,47
407,48049,14,1172,802,47
408,48145,15,1172,801,48
409,48225,12,1172,801,48
410,48298,13,1177,803,48
411,48378,13,1183,810,47
412,48463,12,1186,812,48
413,48556,12,1187,814,47
414,48649,13,1190,816,48
415,48726,13,1189,818,47
416,48823,13,1194,824,47
417,51271,78,973,744,3
418,51363,13,974,743,4
419,51471,12,981,734,7
420,51555,11,985,728,8
421,51640,14,995,737,8
422,51727,13,998,736,10
423,51818,13,1000,737,9
424,51904,11,1013,746,11
425,52009,13,1014,744,12
426,52101,12,1024,753,12
427,52192,15,1030,753,13
428,52296,14,1040,762,13
429,52380,13,1051,772,13
430,52509,49,1057,777,13
431,52582,10,1069,789,13
432,52666,19,1073,791,14
433,52745,16,1079,796,14
434,52837,13,1083,798,17
435,52927,13,1091,805,18
436,53057,13,1095,801,20
437,53180,16,1093,797,21
438,53263,12,1093,792,21
439,53346,12,1093,788,22
440,53440,13,1100,795,22
441,53537,12,1115,806,22
442,53636,12,1121,799,26
443,53740,12,1122,787,28
444,53869,46,1124,774,30
445,53964,11,1127,735,36
446,54056,12,1140,727,39
447,54156,14,1148,724,41
448,54256,12,1156,731,42
449,54349,14,1157,721,43
450,54442,12,1165,726,45
451,54545,11,1168,728,46
452,54642,12,1172,723,48
453,54733,14,1182,727,50
454,54821,12,1186,719,53
455,54906,13,1192,711,55
456,55006,15,1196,702,58
457,55271,139,924,674,6
458,55373,10,928,652,11
459,55477,13,929,636,13
460,55572,10,934,624,17
461,55655,11,935,618,18
462,55733,10,945,626,19
463,55846,11,947,617,22
464,55932,10,958,623,23
465,56035,11,970,627,25
466,56127,11,978,633,25
467,56224,16,988,626,27
468,56345,11,992,620,29
469,56458,14,995,618,31
470,56561,15,996,605,34
471,56638,10,1000,596,37
472,56771,12,1013,584,42
473,56844,10,1026,591,42
474,56946,10,1026,584,43
475,57040,11,1025,579,43
476,57134,10,1029,576,44
477,57217,11,1040,579,45
478,57307,11,1057,590,45
479,57398,11,1054,573,47
480,57480,11,1060,567,49
481,57573,11,1068,574,49
482,57660,12,1071,572,49
483,57744,12,1086,584,50
484,57851,13,1089,584,51
485,57935,12,1116,607,52
486,58099,81,1121,597,55
487,58201,12,1120,599,55
488,58296,13,1140,610,58
489,58389,24,1156,622,59
490,58476,14,1165,627,61
491,58561,13,1172,632,62
492,58657,14,1174,623,63
493,58757,12,1179,627,64
494,58851,13,1187,633,65
495,58945,13,1195,641,64
496,59032,12,1196,640,64
497,59126,13,1202,647,63
498,59204,12,1203,647,64
499,59305,14,1208,649,65
500,59482,103,1232,667,65
501,59574,12,1233,659,67
502,59656,13,1237,665,66
503,59729,13,1238,657,68
504,59816,12,1242,658,70
505,59893,13,1244,656,71
506,59978,13,1242,650,73
507,60327,54,868,621,7
508,60449,11,871,600,10
509,60576,11,879,604,11
510,60675,11,883,600,13
511,60759,11,889,606,13
512,60859,10,903,617,15
513,61060,92,906,607,19
514,61151,10,913,610,20
515,61243,10,915,611,20
516,61325,9,922,615,21
517,61419,11,927,616,22
518,61533,10,929,606,25
519,61620,10,930,606,26
520,61710,13,937,604,27
521,61797,11,941,598,29
522,61895,14,943,599,29
523,61975,13,954,604,30
524,62074,11,951,604,29
525,62144,11,951,603,30
526,62222,10,951,596,33
527,62307,11,958,600,33
528,62400,11,958,598,34
529,62481,10,963,602,34
530,62694,148,975,612,36
531,62779,11,986,611,38
532,62886,10,990,614,39
533,62993,11,991,604,41
534,63065,10,992,605,41
535,63160,11,991,606,40
536,63243,10,995,609,41
537,63339,10,995,596,43
538,63421,12,1010,603,46
539,63510,12,1026,617,46
540,63601,14,1040,627,47
541,63711,12,1041,621,50
542,63798,14,1050,629,51
543,63889,12,1047,625,52
544,63982,11,1058,621,55
545,64086,12,1066,616,59
546,64268,11,1077,616,61
547,64350,11,1088,627,61
548,64429,11,1093,634,61
549,64522,17,1094,632,63
550,64601,13,1102,639,64
551,64690,12,1103,637,66
552,64795,13,1112,628,69
553,64870,12,1120,632,70
554,64950,12,1121,633,70
555,65113,30,842,637,0
556,65204,9,850,640,1
557,65301,11,850,636,3
558,65384,10,854,638,3
559,65467,9,857,638,3
560,65560,10,863,642,4
561,65660,10,871,646,6
562,65872,150,888,653,10
563,65942,9,896,659,11
564,66019,9,903,662,14
565,66106,9,908,661,16
566,66198,9,913,666,16
567,66287,10,913,666,16
568,66369,10,914,667,16
569,66449,11,922,667,17
570,66541,10,928,675,16
571,66636,10,929,676,16
572,66728,11,933,682,15
573,66809,9,937,678,17
574,66900,15,946,674,20
575,66967,11,946,674,20
576,67046,11,945,672,20
577,67132,11,945,670,22
578,67217,11,949,675,21
579,67311,11,959,680,21
580,67535,13,966,678,25
581,67631,10,967,677,26
582,67725,10,970,674,28
583,67798,11,977,678,29
584,67863,11,980,679,30
585,67941,15,977,678,30
586,68013,11,980,674,31
587,68082,11,980,672,32
588,68161,11,981,676,32
589,68242,10,986,679,33
590,68326,11,988,679,35
591,68407,11,989,680,35
592,68495,11,980,680,33
593,68576,11,986,682,35
594,68672,11,995,689,37
595,68779,12,1000,689,38
596,68858,11,1006,693,39
597,69100,11,1017,697,41
598,69193,10,1026,706,42
599,69275,11,1029,707,43
600,69364,11,1029,707,43
601,69436,12,1036,713,43
602,69505,11,1036,713,43
603,69578,10,1039,715,43
604,69652,11,1042,720,42
605,69746,11,1042,723,41
606,69833,12,1043,723,41
607,69928,13,1048,728,41
608,70009,12,1049,729,41
609,70119,16,941,724,3
610,70194,12,950,733,3
611,70281,10,950,730,5
612,70362,11,955,733,5
613,70444,14,958,736,5
614,70711,10,959,733,8
615,70802,10,959,729,10
616,70880,11,961,728,12
617,70971,10,964,724,13
618,71046,10,968,728,13
619,71142,10,972,732,13
620,71214,10,978,732,14
621,71300,11,996,747,15
622,71369,10,1002,749,16
623,71450,11,1005,748,18
624,71524,11,1005,747,18
625,71613,13,1008,749,18
626,71698,14,1009,750,18
627,71787,11,1018,755,18
628,71856,11,1018,751,19
629,71938,11,1025,754,21
630,72027,11,1034,762,21
631,72263,11,1035,746,27
632,72343,11,1034,740,28
633,72441,12,1034,730,30
634,72508,11,1033,732,29
635,72594,10,1034,727,31
636,72677,12,1041,734,31
637,72758,11,1042,733,32
638,72841,12,1044,732,33
639,72913,12,1049,739,32
640,73001,11,1050,736,33
641,73069,12,1054,739,34
642,73152,13,1062,747,34
643,73216,11,1069,753,35
644,73300,12,1086,770,35
645,73402,11,1091,772,36
646,73498,13,1093,772,37
647,73753,168,1093,770,39
648,73831,11,1102,778,40
649,73909,12,1106,781,40
650,74007,11,1107,782,40
651,74088,10,1111,786,40
652,74170,11,1114,785,41
653,74260,17,1127,791,45
654,74350,12,1133,803,44
655,74452,14,1131,799,43
656,74538,13,1138,805,44
657,74626,12,1142,809,44
658,74707,13,1142,808,45
659,74805,12,1140,804,45
660,74884,12,1142,804,45
661,75167,209,1149,800,49
662,75345,50,1015,804,1
663,75427,12,1019,806,1
664,75502,11,1023,810,1
665,75581,12,1025,810,1
666,75682,11,1027,812,1
667,75760,11,1030,815,1
668,75855,12,1035,818,2
669,75926,12,1047,826,2
670,76005,13,1062,839,3
671,76094,12,1077,854,3
672,76171,13,1085,862,3
673,76256,13,1101,873,5
674,76347,13,1103,870,7
675,76594,10,1104,866,9
676,76670,12,1107,866,10
677,76771,12,1108,861,14
678,76861,12,1113,858,16
679,76939,12,1116,856,17
680,77040,14,1123,859,18
681,77113,12,1133,863,19
682,77203,12,1141,865,22
683,77295,13,1142,867,21
684,77370,12,1143,864,23
685,77452,14,1144,861,24
686,77531,13,1148,865,24
687,77613,13,1175,892,24
688,77687,13,1190,907,24
689,77956,14,1192,888,29
690,78039,16,1192,887,30
691,78116,13,1200,891,30
692,78203,14,1206,892,31
693,78285,13,1206,890,33
694,78370,15,1214,896,34
695,78461,15,1230,901,37
696,78548,14,1235,901,40
697,78636,13,1238,903,40
698,78711,13,1242,907,39
699,78800,14,1253,900,42
700,78883,15,1261,898,43
701,78977,15,1264,901,43
702,79062,14,1273,910,43
703,79345,14,1277,913,43
704,79459,14,1280,916,43
705,79538,13,1290,926,42
706,79620,13,1290,926,42
707,79700,14,1302,939,41
708,79792,15,1302,941,40
709,79880,13,1307,946,40
710,79955,14,1315,952,40
711,80044,12,1315,959,38
712,80145,19,1210,958,0
713,80246,17,1216,964,0
714,80328,14,1220,967,0
715,80624,216,1231,978,0
716,80712,12,1237,984,0
717,80793,14,1237,984,0
718,80882,13,1239,986,0
719,80981,14,1246,991,0
720,81076,15,1247,992,0
721,81155,17,1247,992,0
722,81240,14,1249,994,0
723,81338,14,1264,1002,1
724,81444,15,1280,1016,2
725,81532,14,1279,1010,3
726,81613,15,1283,1011,4
727,81702,14,1285,1005,6
728,81788,14,1288,1004,8
729,82003,13,1291,1004,9
730,82086,13,1306,1018,10
731,82158,14,1309,1020,11
732,82213,14,1309,1017,12
733,82302,14,1317,1022,14
734,82400,14,1317,1019,15
735,82489,15,1328,1025,17
736,82591,17,1325,1025,17
737,82665,14,1330,1028,17
738,82768,19,1341,1039,17
739,82870,16,1343,1040,18
740,82953,17,1349,1043,19
741,83047,16,1361,1053,20
742,83287,152,1362,1050,20
743,83386,15,1370,1047,21
744,83488,16,1376,1044,23
745,83587,17,1375,1037,23
746,83681,17,1388,1025,25
747,83791,16,1392,986,32
748,83894,15,1393,975,35
749,83995,15,1398,961,38
750,84085,15,1405,942,43
751,84177,18,1405,932,46
752,84267,15,1408,906,50
753,84360,15,1409,897,52
754,84467,15,1421,879,57
755,84730,178,1426,865,61
756,84813,14,1438,852,65
757,84908,13,1439,840,69
758,85010,18,1447,843,71
759,85198,71,1121,839,3
760,85295,13,1124,842,3
761,85393,13,1134,834,6
762,85472,12,1147,846,7
763,85567,12,1148,837,10
764,85661,13,1148,825,12
765,85762,13,1155,824,13
766,85844,16,1164,820,16
767,85927,13,1168,824,16
768,86169,157,1176,793,24
769,86262,13,1185,788,28
770,86353,12,1184,783,28
771,86443,15,1190,762,34
772,86524,12,1192,757,36
773,86615,13,1193,756,36
774,86718,16,1204,763,38
775,86813,14,1205,761,37
776,86906,13,1205,741,42
777,87001,13,1207,735,44
778,87089,13,1208,736,44
779,87184,14,1214,728,50
780,87259,13,1221,734,50
781,87358,14,1225,726,53
782,87460,16,1231,731,54
783,87752,16,1235,703,63
784,87848,15,1242,696,67
785,87965,16,1244,697,67
786,88065,15,1249,694,69
787,88159,14,1257,694,69
788,88250,15,1261,695,71
789,88346,13,1269,692,73
790,88438,15,1268,676,74
791,88536,14,1282,680,75
792,88625,15,1280,671,77
793,88721,15,1293,674,80
794,88816,14,1294,662,83
795,88906,15,1301,666,86
796,89002,17,1304,666,88
797,89241,16,1318,659,95
798,89325,13,1318,657,96
799,89418,16,1326,657,97
800,89508,17,1326,656,98
801,89594,14,1333,656,99
802,89676,15,1344,666,100
803,89762,14,1345,666,101
804,89863,14,1356,669,102
805,89950,16,1365,678,101
806,90040,13,1372,679,102
807,90226,33,925,679,1
808,90319,11,926,672,2
809,90579,172,928,663,8
810,90664,10,937,661,13
811,90743,9,939,657,15
812,90836,10,941,645,18
813,90912,10,941,642,20
814,91000,11,945,645,21
815,91091,15,950,650,20
816,91177,11,954,636,23
817,91258,10,956,622,27
818,91350,11,957,619,28
819,91430,10,957,618,29
820,91528,11,972,614,33
821,91612,10,979,614,35
822,91703,12,982,604,37
823,91792,12,987,602,39
824,92088,212,981,590,39
825,92177,11,981,571,44
826,92266,9,982,567,46
827,92352,10,984,555,50
828,92437,12,993,557,52
829,92526,10,1000,557,53
830,92621,10,1003,552,54
831,92709,13,1027,573,54
832,92796,12,1027,561,57
833,92887,11,1032,566,57
834,92971,15,1049,578,59
835,93063,10,1050,578,60
836,93153,12,1052,574,62
837,93242,12,1056,579,61
838,93328,12,1053,560,62
839,95540,13,1055,467,97
840,95671,18,687,471,2
841,95741,8,698,480,3
842,95822,8,703,485,3
843,95923,10,711,491,3
844,96002,9,721,499,4
845,96083,9,724,500,4
846,96163,10,737,507,5
847,96246,9,743,510,7
848,96320,10,751,515,7
849,96395,9,756,518,9
850,96473,9,759,518,10
851,96557,11,766,516,13
852,96640,9,774,523,14
853,96735,11,780,526,15
854,96855,9,784,510,19
855,96942,9,786,508,21
856,97035,9,795,516,22
857,97109,11,795,515,23
858,97193,10,802,517,25
859,97271,10,815,529,26
860,97363,9,818,531,26
861,97442,11,821,534,26
862,97530,10,825,533,29
863,97614,10,826,533,30
864,97702,8,828,534,31
865,97776,9,838,543,31
866,97862,13,840,545,31
867,97948,10,841,541,32
868,98024,10,847,547,32
869,98106,11,852,549,34
870,98219,10,866,551,36
871,98319,9,870,551,36
872,98400,10,882,561,38
873,98486,11,887,562,40
874,98575,10,897,561,40
875,98657,11,908,566,43
876,98739,10,915,571,44
877,98844,10,919,569,45
878,98924,14,919,567,46
879,99016,11,934,582,46
880,99103,11,937,585,46
881,99181,12,948,587,49
882,99256,11,951,589,49
883,99335,11,963,598,50
884,99419,12,964,593,51
885,99549,10,980,607,52
886,99643,10,986,614,52
887,99720,12,993,618,55
888,99802,12,996,618,55
889,99876,11,1011,630,55
890,99974,11,1017,628,58
891,100122,51,858,627,0
892,100203,11,862,626,1
893,100300,10,873,633,2
894,100395,11,883,640,3
895,100471,10,890,644,5
896,100557,11,900,649,6
897,100651,11,909,658,6
898,100736,11,921,670,6
899,100887,11,944,682,7
900,100968,11,951,685,8
901,101056,11,961,690,9
902,101129,11,976,701,11
903,101205,12,985,708,11
904,101296,11,996,712,15
905,101377,12,998,711,16
906,101465,12,1004,711,18
907,101565,11,1005,702,22
908,101641,12,1005,697,24
909,101721,12,1010,701,25
910,101788,12,1010,694,26
911,101872,12,1021,705,25
912,101971,16,1025,707,26
913,102109,77,1034,714,28
914,102199,11,1036,712,30
915,102280,11,1049,724,31
916,102352,12,1056,730,31
917,102420,12,1066,736,32
918,102507,12,1071,735,33
919,102600,12,1080,739,35
920,102689,12,1090,740,36
921,102760,12,1096,742,37
922,102832,13,1100,745,36
923,102923,13,1106,746,37
924,103002,12,1111,749,38
925,103090,12,1112,744,39
926,103160,13,1116,743,40
927,103241,13,1120,747,40
928,103413,14,1120,741,41
929,103514,12,1125,744,42
930,103590,12,1131,748,43
931,103668,13,1131,748,43
932,103766,13,1131,748,43
933,103873,12,1146,754,45
934,103953,14,1146,752,46
935,104034,13,1147,752,46
936,104113,14,1147,748,47
937,104188,13,1146,749,46
938,104273,13,1148,750,46
939,104361,13,1150,748,49
940,104447,14,1167,761,51
941,104518,14,1171,763,52
942,104662,12,1191,779,55
943,104740,13,1193,776,57
944,104827,13,1196,776,60
945,104921,13,1198,777,61
946,105011,13,1199,778,61
947,105190,74,1019,778,0
948,105278,12,1021,776,1
949,105356,13,1028,783,1
950,105445,11,1033,784,2
951,105539,12,1034,785,2
952,105630,13,1037,786,2
953,105715,14,1037,781,5
954,105806,11,1047,786,8
955,105978,10,1051,789,8
956,106076,12,1055,787,11
957,106160,15,1060,785,13
958,106235,14,1068,785,14
959,106310,13,1071,786,15
960,106399,13,1078,789,16
961,106482,11,1079,790,16
962,106570,14,1088,795,16
963,106658,13,1093,793,19
964,106737,12,1096,794,20
965,106821,13,1099,797,21
966,106895,13,1099,786,24
967,106987,12,1102,786,27
968,107068,13,1105,788,28
969,107164,14,1105,785,28
970,107341,12,1108,784,29
971,107439,11,1116,791,28
972,107527,12,1115,787,30
973,107598,11,1116,788,30
974,107677,12,1139,807,32
975,107754,12,1142,810,32
976,107828,12,1156,820,32
977,107912,12,1165,829,32
978,108001,14,1165,829,32
979,108105,12,1169,831,33
980,108194,13,1182,839,34
981,108277,13,1185,832,36
982,108366,13,1194,829,38
983,108457,23,1203,836,39
984,108673,121,1212,843,39
985,108748,13,1218,846,39
986,108837,14,1226,851,40
987,108917,13,1225,853,39
988,109002,15,1224,849,42
989,109097,13,1229,852,42
990,109197,16,1230,853,42
991,109288,13,1232,856,42
992,109362,13,1237,857,43
993,109444,14,1234,860,42
994,109532,13,1234,854,43
995,109618,15,1235,854,44
996,109696,15,1253,865,46
997,109786,15,1260,867,48
998,109871,14,1264,870,49
999,110080,9,1266,868,51
1000,110179,18,1144,869,0
1001,110252,13,1153,878,0
1002,110338,13,1153,872,2
1003,110408,13,1158,866,4
1004,110494,12,1167,873,4
1005,110581,11,1168,874,4
1006,110666,12,1171,876,4
1007,110762,12,1175,885,3
1008,110852,12,1176,878,7
1009,110937,14,1188,889,7
1010,111031,13,1190,890,7
1011,111130,14,1199,899,7
1012,111221,14,1200,895,8
1013,111306,15,1203,892,10
1014,111532,12,1205,890,12
1015,111615,13,1213,887,13
1016,111688,13,1215,886,14
1017,111772,14,1236,904,15
1018,111861,14,1237,904,16
1019,111952,14,1241,908,16
1020,112040,15,1252,917,17
1021,112119,14,1252,917,17
1022,112198,14,1259,922,17
1023,112263,14,1271,934,17
1024,112351,16,1272,934,17
1025,112437,15,1286,944,20
1026,112524,16,1287,945,21
1027,112618,16,1289,947,21
1028,112711,15,1291,947,22
1029,112915,141,1291,946,23
1030,112997,13,1294,942,28
1031,113075,14,1304,951,29
1032,113159,14,1309,951,30
1033,113246,15,1312,954,30
1034,113350,13,1314,956,30
1035,113429,14,1328,952,33
1036,113510,15,1340,963,34
1037,113621,14,1341,947,38
1038,113709,15,1345,944,38
1039,113809,15,1351,938,41
1040,113907,16,1358,944,42
1041,114006,16,1363,933,44
1042,114100,16,1371,940,45
1043,114193,16,1375,932,47
1044,114289,15,1375,916,50
1045,114556,15,1378,902,55
1046,114657,15,1381,896,56
1047,114752,16,1383,892,57
1048,114841,15,1386,886,58
1049,114931,15,1387,864,61
1050,115022,17,1398,855,63
1051,115217,68,1120,851,1
1052,115316,13,1124,850,3
1053,115408,13,1127,837,6
1054,115488,13,1137,834,10
1055,115586,13,1138,826,12
1056,115692,13,1140,818,14
1057,115787,14,1140,815,14
1058,116047,12,1144,780,22
1059,116129,12,1147,783,22
1060,116218,13,1156,791,22
1061,116313,12,1157,783,25
1062,116403,14,1161,775,29
1063,116518,14,1168,761,33
1064,116621,15,1169,753,35
1065,116719,14,1171,741,35
1066,116817,14,1188,754,36
1067,116911,13,1191,718,42
1068,116999,14,1194,698,48
1069,117096,12,1195,698,48
1070,117192,13,1201,692,49
1071,117280,12,1218,701,51
1072,117364,13,1227,710,50
1073,117640,14,1229,710,52
1074,117741,15,1230,704,53
1075,117830,14,1228,698,55
1076,117931,14,1230,697,56
1077,118031,14,1234,692,58
1078,118109,13,1242,697,59
1079,118188,13,1263,716,59
1080,118275,13,1264,699,63
1081,118374,14,1266,693,65
1082,118458,15,1265,690,65
1083,118545,17,1271,687,67
1084,118646,15,1271,676,68
1085,118732,14,1281,679,70
1086,119003,183,1283,670,73
1087,119084,14,1286,665,75
1088,119186,16,1289,667,76
1089,119289,14,1289,667,76
1090,119382,13,1287,665,76
1091,119482,15,1301,677,77
1092,119592,15,1304,679,78
1093,119698,15,1310,679,79
1094,119787,14,1308,672,79
1095,119869,15,1310,670,80
1096,119953,15,1313,660,82
1097,120054,14,1311,656,83
1098,120345,157,894,646,4
1099,120437,9,897,639,7
1100,120538,11,898,640,7
1101,120622,11,907,647,8
1102,120729,12,910,648,8
1103,120814,10,919,636,13
1104,120902,13,926,626,16
1105,120990,18,929,610,18
1106,121088,10,941,618,20
1107,121177,10,955,624,21
1108,121261,14,962,626,23
1109,121353,17,979,628,25
1110,121459,12,978,629,24
1111,121551,11,985,631,26
1112,121657,11,983,627,27
1113,121899,10,996,611,34
1114,121963,12,1002,617,34
1115,122051,11,1012,627,34
1116,122136,11,1028,639,35
1117,122232,11,1032,643,35
1118,122311,11,1039,644,36
1119,122397,12,1041,645,37
1120,122475,11,1052,651,39
1121,122544,11,1055,644,42
1122,122627,11,1064,652,42
1123,122698,14,1083,670,42
1124,122784,11,1089,674,43
1125,122880,13,1090,673,43
1126,122976,12,1089,658,44
1127,123198,150,1090,649,50
1128,123281,11,1093,639,53
1129,123357,11,1111,651,57
1130,123440,12,1111,653,56
1131,123533,12,1113,655,56
1132,123612,13,1120,662,56
1133,123696,12,1122,667,54
1134,123783,14,1134,676,54
1135,123880,13,1142,686,53
1136,123974,14,1154,698,53
1137,124059,13,1158,700,53
1138,124127,12,1162,704,53
1139,124207,12,1168,710,53
1140,124288,13,1177,720,52
1141,124543,165,1185,728,51
1142,124620,12,1191,732,51
1143,124712,13,1198,739,51
1144,124788,13,1205,746,51
1145,124890,13,1217,753,50
1146,124988,16,1228,764,50
1147,125153,58,1035,765,0
1148,125245,11,1051,781,0
1149,125319,11,1057,787,0
1150,125395,12,1068,798,0
1151,125484,13,1082,812,0
1152,125583,12,1093,821,1
1153,125679,14,1096,821,1
1154,125760,12,1097,819,2
1155,126025,14,1105,813,8
1156,126114,12,1113,794,14
1157,126198,12,1119,799,15
1158,126272,13,1119,796,17
1159,126354,13,1125,795,19
1160,126435,13,1127,777,24
1161,126534,12,1129,775,26
1162,126626,12,1130,761,30
1163,126704,12,1140,770,31
1164,126791,12,1141,766,32
1165,126872,13,1143,756,34
1166,126990,14,1143,739,38
1167,127064,16,1145,741,38
1168,127155,13,1149,734,41
1169,127422,13,1148,711,48
1170,127527,11,1157,715,50
1171,127615,13,1158,716,50
1172,127699,13,1167,722,50
1173,127774,12,1171,711,54
1174,127856,13,1172,708,56
1175,127937,13,1174,708,58
1176,128053,13,1181,698,62
1177,128137,13,1181,695,62
1178,128219,13,1184,696,63
1179,128306,14,1185,693,65
1180,128381,14,1198,692,69
1181,128472,15,1198,689,71
1182,128567,14,1202,684,74
1183,128830,13,1214,679,80
1184,128905,14,1223,685,80
1185,128987,13,1232,685,81
1186,129080,12,1234,686,82
1187,129159,14,1234,689,82
1188,129255,14,1236,686,84
1189,129337,15,1234,685,84
1190,129433,13,1235,674,87
1191,129516,17,1235,674,87
1192,129606,14,1239,676,89
1193,129693,13,1244,670,90
1194,129781,14,1250,673,92
1195,129892,21,1250,667,95
1196,130261,289,1257,665,98
1197,130413,15,886,653,2
1198,130483,11,894,656,4
1199,130543,10,906,665,5
1200,130599,11,912,670,6
1201,130690,12,917,670,6
1202,130767,12,925,662,10
1203,130837,11,933,670,10
1204,130928,11,944,676,11
1205,131020,11,955,680,13
1206,131106,11,961,682,15
1207,131202,11,969,682,16
1208,131287,12,980,686,17
1209,131413,12,993,693,18
1210,131661,166,997,695,19
1211,131733,10,1002,696,22
1212,131807,11,1008,698,24
1213,131884,11,1014,702,26
1214,131962,13,1014,695,29
1215,132033,11,1012,696,28
1216,132108,11,1021,705,28
1217,132216,12,1022,703,29
1218,132294,12,1027,706,30
1219,132380,12,1034,712,30
1220,132463,15,1041,715,31
1221,132563,12,1042,703,34
1222,132661,13,1046,705,33
1223,132746,12,1053,708,34
1224,132843,12,1066,720,33
1225,133268,12,1075,719,40
1226,133352,10,1076,714,40
1227,133415,11,1081,719,40
1228,133501,12,1087,723,41
1229,133573,12,1089,723,42
1230,133645,12,1093,727,42
1231,133741,15,1106,728,43
1232,133808,12,1110,724,45
1233,133877,12,1117,726,47
1234,133952,13,1127,735,48
1235,134039,13,1129,734,48
1236,134119,12,1138,744,46
1237,134218,12,1139,742,47
1238,134327,13,1139,741,48
1239,134405,13,1146,747,49
1240,134773,12,1147,731,52
1241,134869,13,1150,734,52
1242,134956,14,1151,732,53
1243,135134,61,992,740,0
1244,135204,11,995,741,2
1245,135292,17,996,741,3
1246,135391,14,1009,751,4
1247,135468,12,1018,758,5
1248,135551,12,1025,761,7
1249,135644,11,1026,760,8
1250,135722,11,1028,754,10
1251,135811,12,1033,751,12
1252,135899,16,1045,758,12
1253,138245,12,1046,689,40
1254,138365,13,1051,691,41
1255,138463,11,1054,694,41
1256,138564,14,1057,696,41
1257,138650,13,1060,699,41
1258,138741,12,1060,698,42
1259,138829,13,1067,702,43
1260,138923,17,1082,712,45
1261,139020,13,1092,718,48
1262,139109,13,1101,724,49
1263,139196,12,1102,723,50
1264,139284,13,1104,720,52
1265,139420,13,1112,723,54
1266,139510,13,1109,719,54
1267,139626,54,1115,725,54
1268,139703,12,1134,742,55
1269,139797,11,1135,743,55
1270,139891,13,1137,745,55
1271,139979,12,1139,747,55
1272,140129,51,1007,748,0
1273,140204,11,1010,746,1
1274,140289,11,1020,742,5
1275,140380,11,1034,755,5
1276,140488,11,1044,765,5
1277,140572,12,1045,766,5
1278,140654,13,1047,763,6
1279,140733,12,1060,777,5
1280,140867,54,1068,780,7
1281,140941,12,1070,782,7
1282,141035,12,1086,785,9
1283,141118,12,1094,788,11
1284,141192,11,1103,793,13
1285,141278,12,1107,794,15
1286,141387,13,1113,799,14
1287,141519,12,1113,799,14
1288,141605,12,1118,802,14
1289,141709,11,1119,797,17
1290,141786,12,1119,793,18
1291,141883,13,1122,793,18
1292,141955,14,1122,791,19
1293,142042,13,1126,792,20
1294,142187,66,1127,793,20
1295,142267,12,1128,794,20
1296,142347,12,1128,793,21
1297,142418,13,1139,802,21
1298,142509,22,1140,801,22
1299,142592,12,1141,801,23
1300,142680,14,1144,802,24
1301,142776,13,1152,808,25
1302,142877,13,1161,816,25
1303,142970,14,1158,819,25
1304,143051,12,1158,808,28
1305,143143,13,1161,804,30
1306,143222,13,1166,810,29
1307,143309,12,1170,817,29
1308,143440,13,1170,812,30
1309,143531,14,1169,809,31
1310,143620,13,1172,778,36
1311,143726,13,1174,767,39
1312,143822,12,1182,750,42
1313,143919,13,1188,748,43
1314,144042,13,1188,743,46
1315,144163,12,1188,716,48
1316,144247,13,1196,718,51
1317,144349,13,1196,717,52
1318,144442,13,1209,729,52
1319,144537,13,1210,730,52
1320,144635,14,1215,721,55
1321,144783,84,1222,706,58
1322,144892,12,1224,684,62
1323,144992,13,1223,664,67
1324,145174,36,901,652,3
1325,145291,9,901,650,3
1326,145381,10,904,652,4
1327,145457,11,912,648,8
1328,145549,10,912,644,9
1329,145636,10,921,651,10
1330,145733,11,937,645,14
1331,145825,11,943,639,18
1332,145906,11,943,639,18
1333,146008,10,949,639,20
1334,146096,12,956,645,20
1335,146268,11,959,635,23
1336,146351,11,962,628,24
1337,146445,11,967,632,25
1338,146538,12,971,631,26
1339,146639,11,976,609,31
1340,146720,12,991,613,34
1341,146788,13,994,616,34
1342,146867,12,998,620,34
1343,146962,11,1010,620,38
1344,147048,12,1019,618,40
1345,147132,12,1032,627,42
1346,147224,12,1033,621,45
1347,147318,13,1041,622,48
1348,147413,13,1041,621,47
1349,147608,11,1052,632,47
1350,147702,13,1054,619,50
1351,147790,11,1064,617,52
1352,147893,13,1070,610,54
1353,147970,12,1077,616,55
1354,148053,13,1084,623,55
1355,148145,12,1088,626,56
1356,148234,11,1098,621,58
1357,148328,15,1097,620,58
1358,148409,14,1105,628,58
1359,148546,13,1105,620,59
1360,148637,14,1110,604,63
1361,148762,18,1113,605,65
1362,148932,13,1123,614,66
1363,149146,11,1129,618,68
1364,149244,12,1133,618,70
1365,149331,12,1132,617,70
1366,149412,13,1129,616,70
1367,149511,13,1131,612,70
1368,149595,11,1132,598,72
1369,149666,12,1138,600,72
1370,149766,13,1148,592,75
1371,149856,13,1159,593,76
1372,149940,13,1158,593,75
1373,150031,16,1159,594,75
1374,150231,74,792,601,1
1375,150420,103,796,605,1
1376,150502,8,813,616,3
1377,150583,9,815,612,6
1378,150654,9,823,620,6
1379,150744,9,829,619,8
1380,150821,10,834,621,10
1381,150910,9,840,624,12
1382,150996,9,846,626,12
1383,151082,9,850,618,15
1384,151158,10,856,617,17
1385,151243,9,860,609,19
1386,151349,10,860,598,22
1387,151431,11,869,605,22
1388,151524,10,877,613,21
1389,151604,10,878,597,24
1390,151684,10,879,597,25
1391,151780,10,883,601,25
1392,151977,10,882,594,26
1393,152064,10,883,592,28
1394,152147,9,883,573,33
1395,152236,10,891,580,32
1396,152310,11,899,584,32
1397,152385,10,901,581,33
1398,152465,10,907,585,35
1399,152549,10,915,592,35
1400,152626,11,916,593,35
1401,152702,11,921,595,36
1402,152792,11,932,593,38
1403,152879,11,934,585,40
1404,152971,13,936,586,40
1405,153051,11,955,602,40
1406,153134,11,954,603,39
1407,153227,11,959,606,39
1408,153435,10,964,594,44
1409,153514,10,964,591,46
1410,153609,11,966,591,47
1411,153691,11,974,591,49
1412,153773,12,979,595,50
1413,153861,12,995,608,52
1414,153968,12,995,605,53
1415,154094,12,996,593,57
1416,154179,11,996,594,56
1417,154257,11,1001,592,57
1418,154348,12,1005,589,59
1419,154437,12,1013,597,59
1420,154530,12,1012,601,57
1421,154633,11,1013,598,59
1422,154724,12,1026,603,59
1423,154967,158,1030,598,61
1424,155091,17,789,590,0
1425,155172,10,795,596,0
1426,155260,9,803,602,2
1427,155336,9,812,601,4
1428,155425,8,821,607,5
1429,155502,11,835,606,7
1430,155580,10,844,607,8
1431,155673,9,851,610,10
1432,155749,11,860,617,11
1433,155832,10,860,617,11
1434,155915,10,873,629,11
1435,156000,11,882,638,11
1436,156083,11,883,635,14
1437,156182,11,888,636,17
1438,156277,11,888,631,19
1439,156364,11,888,625,20
1440,156594,9,885,614,23
1441,156680,10,889,605,26
1442,156763,11,901,611,27
1443,156857,10,904,612,28
1444,156928,10,919,625,29
1445,156998,11,921,626,30
1446,157071,15,921,622,31
1447,157149,11,925,626,31
1448,157230,11,927,628,31
1449,157309,10,934,635,31
1450,157381,14,939,640,31
1451,157475,11,941,631,34
1452,157579,10,941,628,36
1453,157660,10,941,628,36
1454,157737,10,949,634,38
1455,157817,11,958,640,38
1456,157886,11,963,643,39
1457,157960,13,974,651,41
1458,158201,10,981,645,45
1459,158286,11,987,651,45
1460,158382,11,986,648,46
1461,158463,14,995,655,48
1462,158565,11,997,652,52
1463,158661,11,998,650,54
1464,158752,11,1012,664,54
1465,158844,11,1012,664,54
1466,158922,11,1018,672,54
1467,159014,12,1020,670,55
1468,159105,12,1016,670,54
1469,159185,11,1017,668,55
1470,159263,11,1021,667,58
1471,159354,12,1021,666,59
1472,159429,12,1021,664,61
1473,159516,13,1031,669,64
1474,159602,13,1041,676,66
1475,159843,12,1049,677,69
1476,159933,11,1052,680,69
1477,160024,14,1062,683,72
1478,160206,76,876,686,0
1479,160287,10,877,687,0
1480,160373,10,892,692,1
1481,160455,10,902,700,2
1482,160557,10,908,695,4
1483,160645,10,909,693,6
1484,160729,11,915,696,8
1485,160822,11,919,699,9
1486,160899,10,920,699,10
1487,161153,166,922,694,12
1488,161229,10,923,684,18
1489,161311,11,930,688,19
1490,161389,10,936,691,20
1491,161479,11,939,693,21
1492,161568,10,941,695,21
1493,161647,11,945,702,20
1494,161728,11,947,702,21
1495,161812,10,948,701,22
1496,161899,11,948,696,25
1497,161992,12,949,692,26
1498,162076,10,953,694,26
1499,162159,11,964,705,26
1500,162249,11,972,709,28
1501,162348,12,995,731,29
1502,162600,182,996,721,32
1503,162671,10,1001,723,34
1504,162745,10,1003,723,35
1505,162833,11,1003,716,39
1506,162921,11,1005,714,42
1507,163008,13,1016,725,42
1508,163082,12,1018,727,42
1509,163170,13,1029,738,42
1510,163246,12,1035,744,42
1511,163350,18,1040,741,43
1512,163444,16,1044,745,43
1513,163537,13,1043,744,43
1514,163612,13,1048,745,44
1515,163707,15,1053,741,46
1516,163801,12,1060,745,47
1517,164033,12,1067,750,49
1518,164108,12,1070,751,50
1519,164187,12,1076,757,50
1520,164274,12,1077,755,51
1521,164372,11,1086,764,51
1522,164440,11,1097,773,50
1523,164515,12,1107,783,50
1524,164611,12,1115,791,50
1525,164699,12,1115,791,50
1526,164776,12,1118,792,51
1527,164858,12,1118,792,51
1528,164943,12,1121,789,54
1529,165032,17,1120,787,55
1530,165399,201,989,781,4
1531,165480,11,1000,785,4
1532,165574,12,1001,779,7
1533,165658,10,1002,776,8
1534,165751,11,1006,779,9
1535,165832,11,1024,788,10
1536,165904,12,1030,792,12
1537,165994,12,1042,804,12
1538,166064,12,1050,812,12
1539,166140,12,1059,821,12
1540,166216,13,1068,830,12
1541,166300,13,1070,832,12
1542,166401,17,1079,841,12
1543,166493,13,1079,841,12
1544,166716,163,1087,849,12
1545,166803,11,1093,854,12
1546,166893,12,1105,866,12
1547,166978,12,1106,867,12
1548,167058,13,1108,869,12
1549,167139,12,1110,871,12
1550,167221,15,1120,881,12
1551,167294,13,1130,891,12
1552,167369,12,1140,901,12
1553,167470,13,1144,905,12
1554,167549,14,1153,913,12
1555,167636,13,1153,913,12
1556,167723,13,1153,913,12
1557,167817,12,1161,919,12
1558,168056,176,1167,922,12
1559,168148,12,1176,930,12
1560,168236,12,1176,930,12
1561,168321,13,1186,931,16
1562,168404,14,1192,936,17
1563,168500,14,1201,938,17
1564,168572,13,1210,947,17
1565,168653,14,1213,950,17
1566,168735,13,1218,955,17
1567,168825,14,1224,959,18
1568,168902,14,1230,962,19
1569,168985,13,1233,958,21
1570,169061,14,1235,960,21
1571,169160,14,1236,958,24
1572,169265,15,1242,958,27
1573,169521,23,1248,963,27
1574,169603,13,1249,961,29
1575,169688,14,1254,958,32
1576,169782,14,1261,962,34
1577,169878,14,1262,961,35
1578,169978,13,1267,960,36
1579,170130,57,1196,960,1
1580,170213,14,1196,959,2
1581,170283,14,1203,960,4
1582,170365,14,1218,973,6
1583,170456,14,1233,983,7
1584,170540,14,1234,976,9
1585,170647,13,1237,977,11
1586,170937,16,1241,974,15
1587,171248,21,1240,947,22
1588,171344,15,1251,958,22
1589,171503,15,1261,963,23
1590,171617,15,1271,969,25
1591,171710,18,1272,965,28
1592,171801,17,1274,965,30
1593,171903,17,1274,961,32
1594,171988,15,1272,960,32
1595,172068,16,1273,959,33
1596,172168,16,1278,961,35
1597,172267,15,1281,957,37
1598,172350,16,1286,958,38
1599,172437,17,1300,969,40
1600,172820,291,1306,960,45
1601,172922,15,1306,948,49
1602,173010,13,1309,952,49
1603,173085,14,1312,953,49
1604,173166,14,1321,959,49
1605,173252,14,1325,960,51
1606,173329,18,1344,976,53
1607,173397,15,1345,977,53
1608,173486,15,1351,985,52
1609,173588,16,1354,970,55
1610,173687,14,1351,962,56
1611,173797,16,1355,950,58
1612,173890,15,1369,943,62
1613,173998,16,1377,941,64
1614,174301,18,1387,894,74
1615,174403,15,1386,883,74
1616,174511,17,1391,878,76
1617,174630,15,1388,861,78
1618,174720,15,1389,854,79
1619,174817,15,1390,853,79
1620,174890,15,1390,845,80
1621,174996,15,1387,825,84
1622,175205,79,1063,820,1
1623,175300,11,1066,788,7
1624,175423,17,1085,789,12
1625,175672,11,1088,761,19
1626,175760,12,1100,761,22
1627,175846,11,1100,762,21
1628,175930,11,1110,750,24
1629,176021,12,1109,751,23
1630,176123,13,1118,744,25
1631,176224,13,1129,755,25
1632,176326,13,1133,745,26
1633,176417,14,1136,739,28
1634,176497,12,1146,749,28
1635,176590,13,1146,728,34
1636,176675,14,1153,725,37
1637,176778,13,1156,708,42
1638,176872,13,1159,703,44
1639,177116,13,1166,682,47
1640,177216,12,1165,673,48
1641,177308,13,1170,666,51
1642,177396,13,1170,654,54
1643,177483,13,1173,650,57
1644,177569,12,1170,641,57
1645,177659,13,1175,646,57
1646,177756,12,1178,645,58
1647,177846,13,1184,638,62
1648,177964,14,1193,638,64
1649,178040,14,1205,649,65
1650,178123,14,1214,644,66
1651,178213,13,1213,643,66
1652,178463,161,1222,614,71
1653,178556,13,1225,613,73
1654,178641,13,1226,607,75
1655,178729,13,1234,606,78
1656,178810,13,1234,606,78
1657,178889,12,1246,617,79
1658,179015,16,1248,619,78
1659,179113,15,1257,628,78
1660,179203,13,1258,623,81
1661,179303,14,1269,630,81
1662,179391,15,1277,636,82
1663,179475,15,1281,643,80
1664,179575,13,1279,628,82
1665,179673,15,1274,627,82
1666,182064,72,654,448,3
1667,182139,7,665,451,4
1668,182231,7,670,448,6
1669,182313,8,670,448,6
1670,182395,7,675,445,8
1671,182489,8,681,444,11
1672,182581,8,683,434,15
1673,182665,8,687,429,16
1674,182750,8,688,430,16
1675,182845,8,701,438,17
1676,182934,11,714,448,17
1677,183037,8,721,447,19
1678,183115,9,727,452,20
1679,183235,8,735,458,20
1680,183310,8,740,462,20
1681,183384,8,747,469,20
1682,183468,10,749,463,23
1683,183543,9,766,477,25
1684,183625,9,770,481,24
1685,183701,10,780,486,26
1686,183787,9,783,488,27
1687,183871,9,786,489,28
1688,183957,10,799,499,30
1689,184037,9,805,503,31
1690,184147,10,814,513,30
1691,184250,10,811,515,28
1692,184332,9,819,523,28
1693,184414,10,826,528,29
1694,184507,10,834,532,31
1695,184631,9,845,535,34
1696,184722,10,847,535,35
1697,184824,10,854,539,36
1698,184897,10,865,547,36
1699,184989,9,864,543,36
1700,185116,15,727,529,2
1701,185215,9,735,535,3
1702,185330,9,751,543,5
1703,185412,10,763,555,5
1704,185479,10,764,554,5
1705,185575,9,771,550,9
1706,185664,11,788,565,10
1707,185740,9,791,566,11
1708,185809,10,804,572,13
1709,185892,10,815,562,16
1710,186045,9,832,575,17
1711,186123,9,831,574,17
1712,186216,9,839,576,20
1713,186290,9,849,586,20
1714,186379,11,849,579,21
1715,186465,9,853,584,20
1716,186546,11,867,597,20
1717,186627,10,876,602,22
1718,186701,10,885,611,22
1719,186800,11,892,617,22
1720,186876,11,900,624,23
1721,186962,10,912,636,23
1722,187033,10,918,626,25
1723,187111,11,919,615,27
1724,187188,10,923,618,27
1725,187334,10,924,612,30
1726,187404,10,929,617,30
1727,187489,10,930,615,32
1728,187577,11,933,611,35
1729,187668,11,934,610,36
1730,187745,12,947,622,37
1731,187818,11,948,622,38
1732,187895,11,948,615,40
1733,187969,11,951,616,40
1734,188053,11,954,618,40
1735,188136,12,953,619,39
1736,188222,12,955,614,40
1737,188313,11,966,623,41
1738,188401,12,976,625,43
1739,188486,12,981,625,44
1740,188649,11,981,609,49
1741,188743,13,985,603,51
1742,188862,11,993,608,51
1743,188957,13,993,607,52
1744,189047,11,994,607,53
1745,189131,11,1001,613,53
1746,189204,11,1006,612,56
1747,189299,11,1012,618,56
1748,189380,12,1017,622,57
1749,189470,12,1021,618,61
1750,189551,12,1021,614,62
1751,189643,11,1025,616,62
1752,189734,12,1025,620,60
1753,189823,12,1029,623,61
1754,190027,15,1031,622,61
1755,190221,62,834,627,2
1756,190288,10,838,630,2
1757,190372,9,846,632,4
1758,190429,11,864,649,5
1759,190513,11,877,661,6
1760,190590,11,879,663,6
1761,190689,11,880,661,8
1762,190769,10,894,672,9
1763,190850,9,891,667,10
1764,190933,10,892,658,12
1765,191028,11,896,654,14
1766,191120,10,894,654,13
1767,191314,105,894,644,15
1768,191392,10,897,643,16
1769,191481,10,904,649,17
1770,191564,10,904,643,19
1771,191650,10,904,641,20
1772,191729,10,905,641,20
1773,191817,11,905,638,21
1774,191885,9,907,639,21
1775,191964,10,917,647,21
1776,192040,9,915,646,21
1777,192132,10,915,643,22
1778,192212,11,931,653,23
1779,192302,11,932,650,25
1780,192378,10,934,637,27
1781,192483,11,941,645,26
1782,192684,10,945,646,27
1783,192759,11,959,659,28
1784,192835,12,962,662,27
1785,192921,11,954,660,27
1786,193014,12,958,660,27
1787,193095,11,967,663,30
1788,193170,11,971,667,30
1789,193260,12,974,673,29
1790,193340,11,985,682,30
1791,193425,11,987,678,31
1792,193513,11,987,675,33
1793,193594,11,989,674,34
1794,193690,11,989,670,36
1795,193783,12,1001,678,39
1796,193866,12,1008,683,39
1797,194068,10,1014,682,42
1798,194133,10,1024,692,42
1799,194204,11,1021,691,42
1800,194285,11,1030,698,43
1801,194369,13,1033,699,44
1802,194445,11,1046,710,45
1803,194534,18,1050,709,47
1804,194606,12,1052,709,47
1805,194695,12,1056,706,51
1806,194792,12,1052,706,50
1807,194871,13,1053,704,51
1808,194970,12,1051,702,51
1809,195035,9,1052,702,52
1810,195138,16,915,706,0
1811,195212,10,926,714,2
1812,195407,9,937,725,2
1813,195483,11,940,727,2
1814,195570,15,958,742,3
1815,195647,11,961,741,5
1816,195732,11,961,741,5
1817,195823,10,966,742,6
1818,195906,10,980,751,7
1819,195997,12,980,743,10
1820,196088,11,987,741,12
1821,196184,12,1000,753,13
1822,196264,13,1000,750,13
1823,196337,12,1009,756,15
1824,196417,13,1015,755,16
1825,196489,12,1025,757,18
1826,196559,12,1034,761,21
1827,196647,13,1045,773,20
1828,196856,11,1047,768,21
1829,196940,13,1049,768,23
1830,197025,12,1052,771,23
1831,197108,12,1048,765,26
1832,197184,11,1057,772,27
1833,197279,11,1059,777,26
1834,197360,13,1068,779,28
1835,197455,12,1068,777,30
1836,197530,11,1074,780,31
1837,197619,15,1074,778,32
1838,197708,13,1080,783,33
1839,197779,13,1084,785,35
1840,197853,12,1086,785,35
1841,197931,12,1089,792,34
1842,198012,12,1095,798,34
1843,198104,13,1096,798,35
1844,198327,12,1110,810,37
1845,198410,12,1117,818,35
1846,198509,14,1127,825,36
1847,198592,12,1142,835,36
1848,198682,31,1143,833,36
1849,198763,12,1143,831,37
1850,198835,13,1146,831,38
1851,198914,13,1156,841,38
1852,198991,13,1165,848,38
1853,199078,13,1173,855,39
1854,199158,13,1174,855,39
1855,199227,14,1176,857,39
1856,199327,14,1178,855,40
1857,199411,13,1187,864,40
1858,199499,14,1195,872,40
1859,199749,161,1198,877,39
1860,199826,16,1193,864,43
1861,199921,13,1193,866,42
1862,200017,13,1192,862,43
1863,200173,63,1107,865,2
1864,200251,13,1118,876,2
1865,200330,12,1128,885,3
1866,200431,12,1128,883,3
1867,200523,13,1128,877,4
1868,200607,13,1153,899,4
1869,200687,13,1161,902,6
1870,200788,14,1178,918,6
1871,200876,13,1178,918,6
1872,200980,13,1184,924,6
1873,201084,16,1186,925,6
1874,201327,12,1195,930,7
1875,201386,12,1201,935,7
1876,201457,13,1211,945,7
1877,201533,13,1219,952,7
1878,201608,14,1227,958,7
1879,201696,13,1233,960,8
1880,201791,16,1236,959,8
1881,201891,14,1241,960,9
1882,201987,14,1245,964,9
1883,202078,15,1246,960,11
1884,202167,15,1249,958,14
1885,202265,14,1253,961,14
1886,202341,14,1263,969,14
1887,202434,14,1265,971,14
1888,202683,12,1269,967,18
1889,202764,14,1288,986,18
1890,202851,12,1289,987,18
1891,202918,13,1291,989,18
1892,202998,15,1299,996,18
1893,203086,15,1301,989,19
1894,203159,14,1303,990,20
1895,203248,14,1306,989,22
1896,203354,21,1309,992,22
1897,203453,22,1310,993,22
1898,203545,15,1310,985,24
1899,203641,16,1319,977,27
1900,203739,14,1323,960,29
1901,203832,16,1321,950,31
1902,204094,13,1327,907,36
1903,204196,13,1328,908,36
1904,204294,13,1338,917,36
1905,204397,14,1344,910,38
1906,204504,15,1355,907,43
1907,204597,14,1359,899,46
1908,204704,14,1365,885,50
1909,204799,15,1370,875,54
1910,204914,24,1372,869,56
1911,205007,16,1378,859,59
1912,205207,74,1098,843,3
1913,205460,12,1109,821,12
1914,205544,12,1122,833,12
1915,205655,13,1128,836,13
1916,205753,12,1131,828,15
1917,205836,13,1150,830,19
1918,205929,13,1153,811,23
1919,206036,12,1159,804,25
1920,206118,13,1159,798,26
1921,206214,12,1167,802,27
1922,206305,13,1172,792,30
1923,206400,13,1178,792,31
1924,206493,15,1191,802,33
1925,206582,14,1191,782,35
1926,206839,166,1194,774,38
1927,206942,19,1203,760,45
1928,207063,15,1208,764,46
1929,207154,13,1214,758,50
1930,207238,13,1222,748,53
1931,207339,14,1224,743,59
1932,207419,14,1238,753,61
1933,207512,14,1255,768,60
1934,207605,14,1257,760,62
1935,207701,14,1261,753,66
1936,207806,14,1264,728,71
1937,207891,14,1266,729,72
1938,207993,15,1270,731,71
1939,208236,157,1272,730,73
1940,208331,13,1272,706,77
1941,208411,13,1277,711,77
1942,208498,13,1279,713,77
1943,208585,14,1278,702,77
1944,208686,13,1279,684,81
1945,208777,14,1287,682,83
1946,208867,15,1293,682,86
1947,208956,17,1297,681,90
1948,209043,14,1309,693,90
1949,209146,14,1312,692,89
1950,209247,15,1313,692,90
1951,209363,22,1332,705,91
1952,209682,231,1338,686,98
1953,209773,17,1341,674,102
1954,209860,15,1345,676,102
1955,209963,15,1356,688,100
1956,210071,14,1372,707,100
1957,210242,20,926,708,1
1958,210333,11,928,711,0
1959,210419,11,935,717,0
1960,210497,11,938,720,0
1961,210585,11,943,725,0
1962,210671,11,952,734,0
1963,210769,14,958,739,0
1964,210847,11,958,739,0
1965,210951,13,959,740,0
1966,211215,10,965,746,0
1967,211301,10,973,754,0
1968,211393,11,974,755,0
1969,211487,11,987,768,0
1970,211565,11,989,770,0
1971,211655,12,1002,783,0
1972,211746,11,1006,787,0
1973,211832,13,1007,788,0
1974,211913,11,1016,797,0
1975,211996,12,1034,804,1
1976,212082,12,1043,812,1
1977,212172,11,1046,811,3
1978,212252,11,1054,795,8
1979,212332,12,1062,800,10
1980,212575,178,1071,800,13
1981,212663,11,1078,798,16
1982,212740,12,1079,786,19
1983,212823,12,1089,788,22
1984,212921,11,1094,784,25
1985,213013,12,1111,781,28
1986,213091,12,1114,780,30
1987,213183,13,1119,773,34
1988,213267,12,1122,775,35
1989,213359,12,1125,772,37
1990,213464,11,1125,765,39
1991,213547,13,1134,758,42
1992,213632,21,1136,756,42
1993,213719,13,1138,753,44
1994,213806,13,1138,748,45
1995,214090,13,1140,721,54
1996,214180,14,1155,736,54
1997,214266,14,1162,735,57
1998,214348,13,1166,734,57
1999,214436,12,1169,730,61
2000,214531,13,1180,711,66
2001,214629,16,1188,715,66
2002,214722,16,1189,704,69
2003,214813,13,1193,704,71
2004,214899,13,1196,693,75
2005,214984,14,1194,691,76
2006,215113,17,932,697,1
2007,215210,13,936,698,1
2008,215451,10,938,693,6
2009,215546,11,940,686,9
2010,215634,11,940,675,14
2011,215717,11,949,674,18
2012,215806,11,951,675,18
2013,215886,10,961,679,20
2014,215967,11,963,670,22
2015,216050,11,973,674,22
2016,216139,11,981,680,22
2017,216216,11,979,677,21
2018,216290,11,995,691,23
2019,216369,12,1002,695,24
2020,216441,11,1009,695,27
2021,216540,12,1013,698,27
2022,216629,11,1014,696,28
2023,216859,11,1014,669,36
2024,216941,10,1015,669,37
2025,217017,12,1024,674,39
2026,217098,11,1027,663,41
2027,217195,11,1030,658,43
2028,217277,11,1037,664,44
2029,217366,12,1040,662,45
2030,217462,12,1049,668,47
2031,217539,12,1057,675,48
2032,217636,13,1069,675,50
2033,217729,13,1069,672,50
2034,217814,11,1073,674,51
2035,217922,13,1075,664,54
2036,218015,13,1075,664,52
2037,218101,12,1076,663,52
2038,218357,11,1075,653,53
2039,218437,11,1082,658,53
2040,218529,12,1094,672,52
2041,218616,11,1091,673,50
2042,218705,12,1102,680,50
2043,218783,12,1104,681,51
2044,218869,12,1110,687,51
2045,218936,12,1128,692,54
2046,219015,13,1140,704,54
2047,219105,13,1142,695,55
2048,219191,13,1142,693,57
2049,219276,12,1141,694,54
2050,219355,12,1143,693,56
2051,219451,15,1144,693,57
2052,219535,13,1152,700,58
2053,219784,12,1156,691,62
2054,219880,13,1158,689,65
2055,219963,13,1157,692,63
2056,220051,16,1165,705,62
2057,220178,29,961,698,2
2058,220283,11,964,701,2
2059,220382,11,968,703,3
2060,220470,10,968,700,4
2061,220565,11,980,705,6
2062,220647,11,981,703,7
2063,220728,10,984,700,10
2064,220808,12,1000,716,10
2065,220886,11,1008,721,13
2066,220977,11,1017,721,14
2067,221068,12,1020,722,15
2068,223326,11,1022,640,47
2069,223419,13,1024,635,51
2070,223501,14,1024,627,53
2071,223593,12,1022,623,54
2072,223683,12,1021,622,54
2073,223759,13,1032,631,55
2074,223850,13,1038,637,54
2075,223952,13,1047,633,56
2076,224036,14,1058,644,56
2077,224117,12,1066,652,56
2078,224194,11,1067,652,57
2079,224280,12,1069,653,58
2080,224361,12,1059,645,58
2081,224463,20,1066,644,59
2082,224567,13,1067,643,60
2083,224701,52,1085,661,60
2084,224786,12,1088,664,60
2085,224862,11,1088,664,60
2086,224943,12,1088,658,62
2087,225033,11,1090,655,63
2088,225203,70,903,654,2
2089,225295,10,916,663,5
2090,225365,11,922,668,5
2091,225446,11,931,677,5
2092,225516,11,945,690,6
2093,225613,13,953,696,7
2094,225716,16,955,699,7
2095,225815,12,960,693,9
2096,225893,12,961,688,11
2097,225988,11,965,690,12
2098,226133,58,976,700,12
2099,226229,11,980,700,13
2100,226291,10,990,710,13
2101,226369,10,995,711,16
2102,226454,12,1004,718,17
2103,226540,11,1004,714,20
2104,226624,11,1011,717,20
2105,226710,11,1019,720,21
2106,226807,15,1034,734,20
2107,226898,12,1037,732,23
2108,226988,12,1040,730,25
2109,227079,13,1040,724,27
2110,227180,13,1061,741,29
2111,227262,12,1070,744,33
2112,227350,12,1071,740,33
2113,227501,12,1070,738,33
2114,227587,12,1070,732,34
2115,227674,12,1073,733,35
2116,227753,11,1073,736,34
2117,227821,11,1075,735,36
2118,227897,15,1079,735,39
2119,227989,13,1081,733,41
2120,228076,12,1082,732,42
2121,228166,12,1089,739,42
2122,228245,13,1088,740,41
2123,228314,12,1100,751,41
2124,228394,12,1104,755,41
2125,228477,13,1104,755,41
2126,228565,12,1110,760,41
2127,228716,12,1113,763,41
2128,228795,11,1113,759,42
2129,228873,11,1115,761,42
2130,228957,13,1132,777,43
2131,229042,12,1133,774,45
2132,229149,13,1139,777,46
2133,229241,14,1139,772,46
2134,229335,12,1145,770,47
2135,229413,13,1145,760,50
2136,229505,13,1146,761,50
2137,229601,13,1147,762,50
2138,229680,13,1155,770,50
2139,229751,13,1162,777,50
2140,229920,90,1162,775,51
2141,229994,12,1165,775,50
2142,230101,17,1049,780,1
2143,230192,12,1058,789,1
2144,230307,18,1068,791,3
2145,230399,13,1087,807,3
2146,230488,12,1097,813,4
2147,230575,12,1101,815,6
2148,230658,13,1103,816,7
2149,230745,13,1104,818,6
2150,230830,13,1108,819,8
2151,230915,13,1105,819,7
2152,231005,13,1130,838,8
2153,231095,13,1133,838,9
2154,231264,13,1138,842,10
2155,231359,13,1152,850,12
2156,231451,17,1156,848,13
2157,231555,13,1161,850,15
2158,231631,13,1162,849,16
2159,231717,12,1165,849,18
2160,231795,12,1174,858,18
2161,231864,12,1185,866,18
2162,231952,16,1185,862,20
2163,232020,14,1198,872,21
2164,232105,14,1198,872,21
2165,232193,14,1207,878,21
2166,232272,14,1208,878,22
2167,232435,107,1208,876,23
2168,232522,14,1214,875,26
2169,232606,18,1224,884,26
2170,232713,14,1229,890,25
2171,232797,15,1236,892,27
2172,232886,14,1249,896,30
2173,232972,14,1258,903,32
2174,233065,14,1263,903,34
2175,233149,15,1273,911,35
2176,233236,15,1282,915,38
2177,233318,15,1289,919,38
2178,233396,15,1298,926,39
2179,233483,14,1309,934,40
2180,233572,15,1322,929,46
2181,233771,14,1324,906,51
2182,233887,14,1329,881,54
2183,233985,15,1341,890,54
2184,234084,15,1348,875,58
2185,234186,14,1351,863,60
2186,234284,16,1350,842,63
2187,234368,15,1350,836,65
2188,234480,14,1357,822,69
2189,234572,16,1360,810,72
2190,234662,16,1363,797,76
2191,234751,15,1389,818,77
2192,234828,16,1392,823,76
2193,234929,15,1390,817,75
2194,235234,42,1060,801,2
2195,235323,12,1068,809,2
2196,235420,13,1075,815,2
2197,235525,12,1080,807,4
2198,235614,12,1096,812,7
2199,235722,13,1101,803,9
2200,235818,13,1104,798,10
2201,235907,13,1107,795,11
2202,236008,13,1110,796,11
2203,236095,13,1119,801,14
2204,236190,13,1132,793,18
2205,236293,14,1133,790,21
2206,236380,13,1145,792,23
2207,236603,12,1145,754,34
2208,236694,13,1146,742,37
2209,236776,14,1160,756,37
2210,236856,13,1162,758,37
2211,236942,13,1165,755,39
2212,237028,12,1166,743,42
2213,237124,13,1169,742,43
2214,237218,13,1168,719,45
2215,237304,13,1169,699,48
2216,237424,18,1171,689,50
2217,237528,14,1178,686,53
2218,237616,14,1189,692,54
2219,237712,13,1195,694,57
2220,237809,16,1196,689,59
2221,237910,14,1201,693,59
2222,238001,15,1203,696,58
2223,238207,12,1205,698,58
2224,238293,13,1213,702,59
2225,238372,13,1222,704,60
2226,238470,14,1223,696,63
2227,238580,13,1226,691,64
2228,238663,15,1226,688,66
2229,238765,13,1226,688,66
2230,238854,13,1229,678,67
2231,238935,13,1229,677,68
2232,239028,14,1242,681,70
2233,239110,14,1243,681,71
2234,239205,14,1253,685,74
2235,239286,13,1255,679,75
2236,239369,15,1262,683,76
2237,239471,14,1263,679,77
2238,239693,153,1267,682,78
2239,239803,14,1267,660,81
2240,239896,14,1269,660,82
2241,239976,14,1270,668,81
2242,240195,82,885,664,2
2243,240290,13,887,663,3
2244,240385,10,891,657,4
2245,240471,11,904,665,7
2246,240561,11,908,660,10
2247,240633,11,924,676,10
2248,240718,11,925,673,11
2249,240811,11,938,673,14
2250,240916,11,944,667,16
2251,240997,11,959,682,16
2252,241091,11,962,685,16
2253,241177,11,962,680,17
2254,241403,11,968,669,23
2255,241492,10,971,670,23
2256,241571,11,973,669,23
2257,241662,11,971,659,25
2258,241735,11,977,651,27
2259,241828,10,983,645,29
2260,241890,10,983,638,30
2261,241965,13,992,644,32
2262,242057,13,994,633,36
2263,242133,11,996,632,37
2264,242222,12,999,631,40
2265,242299,12,1003,633,41
2266,242395,12,1020,640,42
2267,242480,11,1028,648,42
2268,242569,12,1048,668,42
2269,242663,12,1050,662,46
2270,242738,12,1050,652,47
2271,242828,11,1055,655,47
2272,243080,12,1059,633,54
2273,243172,12,1069,637,56
2274,243249,12,1070,638,56
2275,243332,12,1077,645,54
2276,243413,11,1089,655,56
2277,243489,12,1095,661,56
2278,243571,13,1099,664,57
2279,243661,15,1101,667,56
2280,243749,13,1105,662,60
2281,243839,13,1108,657,62
2282,243926,13,1111,658,63
2283,244022,13,1110,658,62
2284,244109,12,1106,639,63
2285,244188,13,1125,652,63
2286,244260,12,1131,653,64
2287,244525,169,1140,656,66
2288,244620,12,1148,645,72
2289,244694,13,1154,646,74
2290,244778,13,1168,657,74
2291,244862,14,1173,657,76
2292,244941,15,1175,658,77
2293,245027,16,1185,668,77
2294,245230,80,870,672,4
2295,245303,11,879,672,6
2296,245376,11,883,676,6
2297,245461,12,888,681,6
2298,245561,10,891,683,6
2299,245658,11,897,689,6
2300,245743,10,897,684,8
2301,245833,12,917,703,9
2302,246109,10,917,686,15
2303,246197,10,923,688,16
2304,246273,10,929,682,18
2305,246357,10,945,694,17
2306,246423,11,955,703,18
2307,246506,12,965,704,19
2308,246587,10,966,704,19
2309,246674,11,975,698,22
2310,246758,12,978,701,22
2311,246858,11,978,701,22
2312,246937,11,981,698,26
2313,247019,11,983,698,27
2314,247097,11,991,698,30
2315,247173,11,994,702,29
2316,247246,11,1002,710,29
2317,247510,11,1007,692,36
2318,247599,10,1008,693,36
2319,247692,11,1017,691,39
2320,247784,12,1018,689,40
2321,247871,12,1018,689,40
2322,247944,12,1018,688,40
2323,248039,12,1026,692,41
2324,248125,13,1029,689,43
2325,248190,12,1031,685,44
2326,248271,12,1032,686,44
2327,248354,14,1034,688,44
2328,248429,14,1036,689,45
2329,248542,17,1043,690,46
2330,248662,13,1043,684,48
2331,248975,11,1045,685,49
2332,249231,19,1050,682,53
2333,249318,17,1051,678,56
2334,249407,13,1054,678,58
2335,249487,13,1054,677,58
2336,249591,14,1057,672,59
2337,249684,13,1061,676,59
2338,249769,12,1061,676,59
2339,249853,12,1068,681,59
2340,249950,13,1070,682,60
2341,250038,21,1081,688,60
2342,250174,18,924,706,1
2343,250283,13,929,707,2
2344,250588,11,937,701,7
2345,250686,10,949,709,10
2346,250803,25,952,706,12
2347,250887,11,970,723,13
2348,250968,11,970,716,14
2349,251073,10,970,709,16
2350,251162,12,971,709,17
2351,251244,12,972,710,17
2352,251348,11,978,715,17
2353,251454,13,978,715,17
2354,251551,12,979,716,17
2355,251640,11,985,722,17
2356,251744,12,996,731,17
2357,251840,12,997,732,17
2358,252076,152,999,734,17
2359,252156,11,999,735,16
2360,252247,14,1009,741,16
2361,252332,13,1013,745,16
2362,252427,11,1015,747,16
2363,252506,12,1030,762,16
2364,252588,11,1038,770,16
2365,252685,13,1053,785,16
2366,252763,13,1073,804,16
2367,252851,12,1073,804,16
2368,252936,12,1074,805,16
2369,253009,12,1089,820,16
2370,253100,13,1095,826,16
2371,253170,14,1097,828,16
2372,253282,14,1102,829,17
2373,253553,12,1104,824,20
2374,253642,13,1104,818,21
2375,253728,13,1107,819,22
2376,253819,11,1115,825,23
2377,253907,12,1126,833,26
2378,253975,14,1134,842,26
2379,254061,13,1134,840,28
2380,254156,13,1134,834,30
2381,254243,12,1135,834,30
2382,254335,12,1140,839,30
2383,254436,11,1145,841,31
2384,254511,13,1145,839,32
2385,254595,15,1152,843,33
2386,254812,142,1155,846,33
2387,254895,12,1164,845,37
2388,254985,13,1167,843,38
2389,255130,64,1080,836,2
2390,255209,13,1087,843,2
2391,255325,12,1089,844,2
2392,255412,13,1099,854,2
2393,255496,11,1099,851,3
2394,255582,13,1112,861,4
2395,255677,12,1112,860,5
2396,255770,13,1117,860,8
2397,255851,13,1123,861,10
2398,255934,14,1128,863,13
2399,256029,13,1137,864,15
2400,256118,16,1146,869,16
2401,258256,13,1148,790,49
2402,258330,13,1159,797,50
2403,258405,13,1157,794,51
2404,258476,14,1159,795,51
2405,258563,13,1159,787,53
2406,258637,13,1166,794,53
2407,258718,13,1171,799,53
2408,258804,12,1171,799,53
2409,258903,13,1175,803,53
2410,258989,14,1174,805,52
2411,259069,12,1165,799,53
2412,259166,12,1164,797,53
2413,259249,13,1179,812,51
2414,259349,20,1180,804,53
2415,259424,13,1180,804,53
2416,259573,13,1181,801,55
2417,259652,13,1180,800,55
2418,259723,13,1184,804,55
2419,259814,12,1185,804,55
2420,259892,13,1187,804,55
2421,259977,13,1196,813,54
2422,260118,42,1093,815,1
2423,260188,14,1095,816,2
2424,260268,12,1099,817,4
2425,260367,12,1102,811,5
2426,260457,13,1108,817,5
2427,260548,12,1108,817,5
2428,260652,13,1119,825,6
2429,260746,13,1124,824,9
2430,260875,12,1132,826,11
2431,260962,13,1135,823,13
2432,261058,11,1134,820,14
2433,261146,12,1135,819,16
2434,261221,13,1146,827,17
2435,261306,12,1148,822,18
2436,261379,12,1153,824,19
2437,261455,14,1154,819,22
2438,261539,12,1169,832,24
2439,261637,13,1174,833,25
2440,261722,14,1172,833,24
2441,261817,14,1172,830,26
2442,261920,14,1173,830,27
2443,262007,14,1176,832,27
2444,262097,14,1176,830,28
2445,262224,65,1175,824,29
2446,262317,12,1177,824,29
2447,262394,12,1180,826,29
2448,262474,13,1183,828,29
2449,262580,22,1190,834,29
2450,262674,21,1198,841,30
2451,262760,13,1201,841,31
2452,262841,14,1211,851,31
2453,262919,15,1211,852,30
2454,262999,12,1215,856,30
2455,263095,13,1217,858,30
2456,263180,14,1219,858,31
2457,263260,14,1220,859,31
2458,263336,14,1226,864,30
2459,263410,13,1242,878,30
2460,263587,15,1253,863,35
2461,263685,18,1260,870,35
2462,263782,14,1265,860,39
2463,263888,14,1268,852,41
2464,263992,14,1272,834,46
2465,264096,17,1268,821,46
2466,264190,15,1280,823,48
2467,264288,14,1288,813,52
2468,264379,14,1292,816,51
2469,264476,15,1292,798,54
2470,264569,15,1292,785,57
2471,264657,14,1292,783,59
2472,264759,15,1297,778,62
2473,264930,85,1301,767,65
2474,265028,13,1307,767,66
2475,265173,16,1030,769,0
2476,265284,12,1034,761,1
2477,265381,11,1051,775,2
2478,265467,12,1054,755,5
2479,265548,12,1060,737,10
2480,265635,11,1069,730,14
2481,265724,12,1076,727,15
2482,265823,12,1077,725,17
2483,265908,12,1080,712,20
2484,265988,13,1088,711,22
2485,266085,13,1091,700,24
2486,266185,13,1097,704,25
2487,266385,115,1112,701,29
2488,266481,12,1123,705,30
2489,266589,12,1123,692,32
2490,266678,13,1130,693,34
2491,266765,12,1134,689,37
2492,266855,13,1137,676,40
2493,266927,13,1137,662,41
2494,266988,14,1150,673,41
2495,267084,13,1153,658,45
2496,267178,13,1155,658,47
2497,267268,13,1164,648,50
2498,267358,13,1164,645,51
2499,267448,14,1166,636,54
2500,267554,14,1168,631,57
2501,267656,14,1168,624,60
2502,267829,14,1173,613,64
2503,267936,15,1177,602,65
2504,268025,13,1184,604,67
2505,268120,16,1183,606,66
2506,268206,17,1193,603,68
2507,268298,13,1194,588,68
2508,268395,13,1195,586,70
2509,268481,14,1197,584,72
2510,268580,15,1199,578,72
2511,268667,13,1211,579,74
2512,268754,13,1218,572,77
2513,268856,13,1220,576,78
2514,268974,13,1225,564,81
2515,269063,14,1226,561,82
2516,269177,21,1229,557,85
2517,269408,16,1229,537,91
2518,269517,13,1237,532,96
2519,269631,16,1231,532,94
2520,269724,16,1240,541,94
2521,269822,13,1240,539,95
2522,269922,13,1247,543,96
2523,270026,14,1251,540,98
2524,270215,48,787,543,0
2525,270287,9,808,554,4
2526,270372,9,818,562,6
2527,270454,9,825,568,7
2528,270541,10,833,568,9
2529,270633,10,836,558,11
2530,270745,12,844,543,16
2531,270864,18,852,536,18
2532,271099,11,854,534,20
2533,271208,10,856,528,21
2534,271316,12,867,538,21
2535,271398,10,873,542,21
2536,271497,10,878,539,23
2537,271584,10,887,537,27
2538,271674,11,892,539,29
2539,271760,12,903,549,30
2540,271843,12,912,557,30
2541,271936,11,926,567,33
2542,272019,11,934,571,35
2543,272109,17,946,563,39
2544,272200,13,948,554,41
2545,272279,14,944,551,42
2546,272398,15,953,553,44
2547,272529,11,963,553,49
2548,272629,15,976,563,50
2549,272717,12,986,572,50
2550,272952,12,987,565,53
2551,273022,10,986,565,52
2552,273102,12,986,557,53
2553,273201,11,988,556,55
2554,273277,12,1000,558,58
2555,273364,11,1004,562,58
2556,273454,12,1005,563,58
2557,273538,11,1005,563,58
2558,273662,11,1009,565,59
2559,273751,11,1013,562,60
2560,273858,11,1016,562,61
2561,273948,12,1029,569,62
2562,274036,11,1034,573,62
2563,274123,15,1044,582,63
2564,274212,12,1048,580,66
2565,274296,12,1056,579,68
2566,274385,12,1056,578,69
2567,274471,13,1058,581,68
2568,274683,12,1062,581,69
2569,274772,11,1067,581,70
2570,274855,12,1085,595,71
2571,274946,12,1085,594,72
2572,275028,14,1088,596,73
2573,275210,64,804,596,0
2574,275287,10,821,609,2
2575,275372,10,832,619,2
2576,275468,11,838,616,4
2577,275555,10,847,620,6
2578,275633,10,850,623,6
2579,275717,10,852,624,7
2580,275809,10,853,610,9
2581,275907,10,857,611,11
2582,276001,10,870,624,11
2583,276083,11,882,626,14
2584,276163,10,893,633,17
2585,276238,11,899,631,19
2586,276466,10,906,625,24
2587,276558,9,909,626,25
2588,276637,11,911,625,26
2589,276732,9,920,626,29
2590,276805,10,929,635,28
2591,276901,11,939,642,29
2592,276990,10,947,646,32
2593,277077,11,951,650,32
2594,277161,11,957,651,34
2595,277245,11,959,651,34
2596,277335,10,967,657,34
2597,277425,11,975,665,34
2598,277524,12,982,673,33
2599,277600,12,999,683,34
2600,277689,12,1009,678,38
2601,277793,15,1021,686,40
2602,277875,12,1029,690,42
2603,277958,16,1042,702,43
2604,278056,13,1043,702,42
2605,278302,12,1043,693,47
2606,278363,11,1043,691,48
2607,278448,14,1046,692,50
2608,278543,13,1048,693,50
2609,278631,12,1056,699,51
2610,278723,12,1056,700,51
2611,278806,12,1063,707,51
2612,278913,12,1067,710,51
2613,279008,14,1070,711,51
2614,279094,13,1075,717,50
2615,279174,14,1092,734,50
2616,279271,14,1104,742,52
2617,279347,12,1112,750,52
2618,279443,15,1113,747,53
2619,279538,13,1119,750,54
2620,279796,184,1121,742,58
2621,279875,12,1122,734,62
2622,279958,11,1122,735,62
2623,280049,14,1123,739,61
2624,280155,14,960,741,1
2625,280224,12,963,743,2
2626,280305,10,967,746,3
2627,280388,11,975,754,3
2628,280471,11,978,757,3
2629,280558,11,982,761,3
2630,280659,12,992,771,3
2631,280756,12,995,769,6
2632,280845,12,999,772,7
2633,280920,12,1002,773,7
2634,281011,13,1007,777,8
2635,281089,11,1012,779,9
2636,281343,11,1030,783,13
2637,281433,16,1032,785,13
2638,281521,11,1033,785,13
2639,281601,11,1033,781,14
2640,281680,12,1035,783,14
2641,281759,15,1036,782,16
2642,281863,11,1037,782,17
2643,281961,12,1045,787,18
2644,282046,12,1053,795,18
2645,282127,12,1058,798,18
2646,282206,12,1075,808,20
2647,282281,13,1081,810,22
2648,282363,12,1089,813,24
2649,282457,12,1099,821,25
2650,282749,10,1101,809,32
2651,282830,11,1104,811,31
2652,282928,18,1116,822,32
2653,283012,13,1121,825,32
2654,283102,13,1125,826,32
2655,283178,13,1129,828,33
2656,283262,13,1129,822,34
2657,283353,13,1135,828,34
2658,283445,13,1146,839,33
2659,283525,13,1146,835,34
2660,283623,13,1152,840,35
2661,283714,13,1155,842,35
2662,283814,14,1155,838,37
2663,283906,15,1157,827,39
2664,284185,14,1167,835,40
2665,284281,12,1166,831,42
2666,284364,13,1165,828,43
2667,284455,15,1165,828,43
2668,284543,13,1168,824,45
2669,284622,13,1171,827,44
2670,284719,13,1171,821,45
2671,284815,14,1173,822,45
2672,284907,13,1173,819,48
2673,284997,14,1180,817,50
2674,285177,76,1049,820,0
2675,285263,13,1049,819,0
2676,285519,11,1051,805,3
2677,285606,12,1070,822,4
2678,285684,11,1083,835,4
2679,285767,11,1084,826,8
2680,285835,12,1090,829,10
2681,285923,12,1092,829,12
2682,286014,12,1094,825,13
2683,286093,11,1097,828,13
2684,286176,12,1099,829,13
2685,286255,13,1103,833,13
2686,286347,15,1104,834,13
2687,286435,13,1108,838,13
2688,286514,13,1119,849,13
2689,286614,21,1120,850,13
2690,286876,13,1115,851,12
2691,286972,12,1121,854,12
2692,287059,12,1127,860,12
2693,287122,12,1136,868,12
2694,287205,13,1143,875,12
2695,287276,13,1144,876,12
2696,287361,14,1160,892,12
2697,287446,13,1161,893,12
2698,287539,13,1163,895,12
2699,287617,13,1172,904,11
2700,287688,13,1187,919,11
2701,287760,13,1194,926,10
2702,287840,14,1202,934,10
2703,288049,161,1209,941,10
2704,288132,13,1217,949,10
2705,288210,14,1219,949,11
2706,288284,14,1220,947,13
2707,288363,13,1220,942,15
2708,288452,13,1228,945,16
2709,288528,14,1236,953,16
2710,288612,13,1248,960,19
2711,288701,14,1256,958,23
2712,288780,15,1260,947,26
2713,288881,14,1259,943,29
2714,288974,14,1265,947,31
2715,289048,14,1265,947,31
2716,289139,14,1283,959,31
2717,291487,93,1160,905,2
2718,291578,14,1169,901,4
2719,291658,14,1183,909,6
2720,291737,12,1183,907,8
2721,291821,14,1187,910,8
2722,291911,14,1207,928,8
2723,291990,15,1217,938,8
2724,292092,13,1218,935,10
2725,292166,15,1236,953,10
2726,292265,14,1246,962,10
2727,292349,14,1242,956,11
2728,292484,53,1254,964,13
2729,292570,14,1262,971,14
2730,292665,13,1265,968,17
2731,292774,13,1267,965,19
2732,292859,15,1267,960,20
2733,292951,16,1275,965,21
2734,293037,15,1280,967,22
2735,293121,14,1280,957,24
2736,293185,14,1280,956,25
2737,293277,13,1291,966,26
2738,293371,14,1293,966,26
2739,293455,17,1292,970,24
2740,293547,16,1298,976,24
2741,293704,62,1309,957,30
2742,293808,15,1307,940,33
2743,293906,15,1307,922,36
2744,294030,16,1309,892,41
2745,294125,13,1317,878,46
2746,294217,15,1322,863,49
2747,294309,14,1324,852,51
2748,294405,14,1321,834,54
2749,294504,15,1324,832,55
2750,294604,15,1329,824,59
2751,294700,15,1335,824,60
2752,294800,16,1339,824,61
2753,294890,14,1336,809,63
2754,295035,73,1345,809,65
2755,295200,21,1051,810,2
2756,295293,12,1059,814,4
2757,295380,12,1061,815,5
2758,295464,12,1063,799,8
2759,295553,12,1079,796,10
2760,295622,12,1096,803,12
2761,295716,12,1096,785,15
2762,295805,13,1102,790,16
2763,295900,12,1105,780,18
2764,295980,14,1111,786,18
2765,296071,13,1113,774,22
2766,296156,13,1120,755,26
2767,296301,12,1124,740,30
2768,296388,13,1131,747,30
2769,296457,13,1135,731,33
2770,296538,13,1138,734,33
2771,296616,13,1138,734,33
2772,296721,14,1139,725,37
2773,296806,14,1148,734,37
2774,296896,13,1158,743,38
2775,296991,12,1165,747,39
2776,297090,17,1163,729,41
2777,297175,13,1163,722,43
2778,297253,13,1185,743,43
2779,297349,13,1186,727,45
2780,297516,95,1193,724,47
2781,297618,14,1196,698,52
2782,297705,13,1201,702,52
2783,297785,13,1206,696,54
2784,297875,13,1209,697,54
2785,297962,14,1208,674,57
2786,298048,13,1208,673,58
2787,298150,15,1217,672,58
2788,298234,13,1218,664,59
2789,298327,14,1218,661,61
2790,298414,13,1225,666,62
2791,298506,14,1227,662,65
2792,298597,13,1231,653,67
2793,298795,92,1232,643,69
2794,298873,13,1242,642,72
2795,298966,14,1243,643,72
2796,299049,13,1253,650,73
2797,299131,15,1252,635,75
2798,299214,14,1259,635,76
2799,299304,14,1261,628,77
2800,299387,15,1265,631,77
2801,299477,14,1266,631,77
2802,299564,14,1266,624,78
2803,299655,17,1267,625,78
2804,299750,15,1268,619,80
2805,299852,15,1273,620,82
2806,299938,14,1277,628,81
2807,300254,89,820,630,0
