tick,timestamp,query_runtime,trav_index_nodes,trav_vol_nodes,trav_unprod_nodes
0,390,2.0,11.0,11.0,0.0
1,619,1.0,18.0,18.0,0.0
2,2850,3.0,32.0,32.0,0.0
3,2995,1.0,41.0,41.0,0.0
4,3144,1.0,56.0,56.0,0.0
5,3325,2.0,85.0,85.0,0.0
6,3519,3.0,101.0,101.0,0.0
7,3665,2.0,105.0,105.0,0.0
8,3788,1.0,116.0,116.0,0.0
9,3950,2.0,119.0,119.0,0.0
10,4058,1.0,126.0,126.0,0.0
11,4163,1.0,130.0,130.0,0.0
12,4312,2.0,148.0,148.0,0.0
13,4437,2.0,160.0,160.0,0.0
14,4572,2.0,165.0,165.0,0.0
15,4695,1.0,167.0,167.0,0.0
16,4813,1.0,176.0,176.0,0.0
17,4908,2.0,191.0,191.0,0.0
18,6542,2.0,195.0,195.0,0.0
19,6659,2.0,197.0,197.0,0.0
20,6769,1.0,213.0,213.0,0.0
21,6877,1.0,227.0,227.0,0.0
22,6989,2.0,232.0,232.0,0.0
23,7096,1.0,240.0,240.0,0.0
24,7188,2.0,265.0,265.0,0.0
25,7291,2.0,272.0,272.0,0.0
26,7394,2.0,276.0,276.0,0.0
27,7497,2.0,280.0,280.0,0.0
28,7600,2.0,286.0,286.0,0.0
29,7713,2.0,303.0,303.0,0.0
30,7816,2.0,316.0,316.0,0.0
31,7934,4.0,338.0,338.0,0.0
32,8032,3.0,340.0,340.0,0.0
33,8136,2.0,350.0,350.0,0.0
34,8236,3.0,351.0,351.0,0.0
35,8348,2.0,356.0,356.0,0.0
36,8447,3.0,369.0,369.0,0.0
37,8536,3.0,387.0,387.0,0.0
38,8631,2.0,407.0,407.0,0.0
39,8714,2.0,423.0,423.0,0.0
40,8796,2.0,441.0,441.0,0.0
41,8875,2.0,447.0,447.0,0.0
42,8966,2.0,461.0,461.0,0.0
43,9067,3.0,465.0,465.0,0.0
44,9167,3.0,475.0,475.0,0.0
45,9250,3.0,487.0,487.0,0.0
46,9342,3.0,510.0,510.0,0.0
47,9433,2.0,515.0,515.0,0.0
48,9509,3.0,528.0,528.0,0.0
49,9595,3.0,535.0,535.0,0.0
50,9692,3.0,545.0,545.0,0.0
51,9796,3.0,549.0,549.0,0.0
52,9883,3.0,560.0,560.0,0.0
53,10011,3.0,574.0,574.0,0.0
54,10104,3.0,588.0,588.0,0.0
55,10243,3.0,593.0,593.0,0.0
56,10332,3.0,612.0,612.0,0.0
57,10416,3.0,637.0,637.0,0.0
58,10499,3.0,643.0,643.0,0.0
59,10576,3.0,647.0,647.0,0.0
60,10669,3.0,654.0,654.0,0.0
61,10755,3.0,667.0,667.0,0.0
62,10843,3.0,671.0,671.0,0.0
63,10929,3.0,681.0,681.0,0.0
64,11025,2.0,687.0,687.0,0.0
65,11106,3.0,697.0,697.0,0.0
66,11190,4.0,720.0,720.0,0.0
67,11300,4.0,724.0,724.0,0.0
68,11399,4.0,728.0,728.0,0.0
69,11489,4.0,731.0,731.0,0.0
70,11582,4.0,745.0,745.0,0.0
71,11670,4.0,754.0,754.0,0.0
72,11749,4.0,754.0,754.0,0.0
73,11824,4.0,755.0,755.0,0.0
74,11941,3.0,758.0,758.0,0.0
75,12033,4.0,769.0,769.0,0.0
76,12126,3.0,784.0,784.0,0.0
77,12211,4.0,785.0,785.0,0.0
78,12294,8.0,787.0,787.0,0.0
79,12370,4.0,808.0,808.0,0.0
80,12465,4.0,810.0,810.0,0.0
81,12554,5.0,812.0,812.0,0.0
82,12641,5.0,820.0,820.0,0.0
83,12744,5.0,828.0,828.0,0.0
84,12819,5.0,850.0,850.0,0.0
85,12909,5.0,855.0,855.0,0.0
86,12994,4.0,864.0,864.0,0.0
87,13075,5.0,867.0,867.0,0.0
88,13160,5.0,868.0,868.0,0.0
89,13248,5.0,870.0,870.0,0.0
90,13344,4.0,873.0,873.0,0.0
91,13411,5.0,888.0,888.0,0.0
92,13566,4.0,891.0,891.0,0.0
93,13643,4.0,904.0,904.0,0.0
94,13763,7.0,915.0,915.0,0.0
95,13839,5.0,931.0,931.0,0.0
96,13934,5.0,942.0,942.0,0.0
97,14016,5.0,944.0,944.0,0.0
98,14100,5.0,948.0,948.0,0.0
99,14189,5.0,956.0,956.0,0.0
100,14258,7.0,973.0,973.0,0.0
101,14346,5.0,981.0,981.0,0.0
102,14443,6.0,982.0,982.0,0.0
103,14553,6.0,990.0,990.0,0.0
104,14635,6.0,996.0,996.0,0.0
105,14731,6.0,1005.0,1005.0,0.0
106,14812,5.0,1014.0,1014.0,0.0
107,14914,7.0,1022.0,1022.0,0.0
108,15000,5.0,1041.0,1041.0,0.0
109,15136,6.0,1054.0,1054.0,0.0
110,15207,5.0,1055.0,1055.0,0.0
111,15288,6.0,1060.0,1060.0,0.0
112,15376,5.0,1089.0,1089.0,0.0
113,15457,5.0,1101.0,1101.0,0.0
114,15541,6.0,1102.0,1102.0,0.0
115,15617,6.0,1113.0,1113.0,0.0
116,15692,5.0,1123.0,1123.0,0.0
117,15773,6.0,1135.0,1135.0,0.0
118,15872,6.0,1136.0,1136.0,0.0
119,15985,8.0,1145.0,1145.0,0.0
120,16068,6.0,1147.0,1147.0,0.0
121,16137,5.0,1149.0,1149.0,0.0
122,16206,5.0,1159.0,1159.0,0.0
123,16274,6.0,1166.0,1166.0,0.0
124,16365,7.0,1174.0,1174.0,0.0
125,16443,6.0,1176.0,1176.0,0.0
126,16518,6.0,1177.0,1177.0,0.0
127,16647,6.0,1203.0,1203.0,0.0
128,16725,6.0,1209.0,1209.0,0.0
129,16800,6.0,1220.0,1220.0,0.0
130,16896,6.0,1228.0,1228.0,0.0
131,16994,6.0,1237.0,1237.0,0.0
132,17077,6.0,1238.0,1238.0,0.0
133,17160,6.0,1246.0,1246.0,0.0
134,17238,6.0,1248.0,1248.0,0.0
135,17309,7.0,1255.0,1255.0,0.0
136,17395,6.0,1259.0,1259.0,0.0
137,17473,7.0,1262.0,1262.0,0.0
138,17562,6.0,1268.0,1268.0,0.0
139,17648,7.0,1269.0,1269.0,0.0
140,17707,7.0,1296.0,1296.0,0.0
141,17801,7.0,1301.0,1301.0,0.0
142,17880,7.0,1308.0,1308.0,0.0
143,17971,7.0,1325.0,1325.0,0.0
144,18129,7.0,1326.0,1326.0,0.0
145,18214,7.0,1339.0,1339.0,0.0
146,18291,8.0,1369.0,1369.0,0.0
147,18384,8.0,1382.0,1382.0,0.0
148,18461,7.0,1384.0,1384.0,0.0
149,18545,7.0,1385.0,1385.0,0.0
150,18624,7.0,1386.0,1386.0,0.0
151,18720,6.0,1388.0,1388.0,0.0
152,18794,6.0,1393.0,1393.0,0.0
153,18891,10.0,1393.0,1393.0,0.0
154,18969,8.0,1415.0,1415.0,0.0
155,19043,7.0,1419.0,1419.0,0.0
156,19121,8.0,1426.0,1426.0,0.0
157,19210,7.0,1429.0,1429.0,0.0
158,19302,7.0,1431.0,1431.0,0.0
159,19399,8.0,1446.0,1446.0,0.0
160,19543,7.0,1450.0,1450.0,0.0
161,19639,7.0,1457.0,1457.0,0.0
162,19711,8.0,1457.0,1457.0,0.0
163,19780,8.0,1466.0,1466.0,0.0
164,19897,7.0,1469.0,1469.0,0.0
165,19988,7.0,1490.0,1490.0,0.0
166,20071,8.0,1501.0,1501.0,0.0
167,20150,7.0,1511.0,1511.0,0.0
168,20244,8.0,1522.0,1522.0,0.0
169,20345,7.0,1529.0,1529.0,0.0
170,20437,10.0,1531.0,1531.0,0.0
171,20522,8.0,1539.0,1539.0,0.0
172,20593,9.0,1562.0,1562.0,0.0
173,20699,8.0,1568.0,1568.0,0.0
174,20777,7.0,1582.0,1582.0,0.0
175,20863,8.0,1593.0,1593.0,0.0
176,21011,7.0,1594.0,1594.0,0.0
177,21089,8.0,1603.0,1603.0,0.0
178,21152,8.0,1621.0,1621.0,0.0
179,21230,8.0,1637.0,1637.0,0.0
180,21309,8.0,1649.0,1649.0,0.0
181,21380,8.0,1671.0,1671.0,0.0
182,21467,9.0,1683.0,1683.0,0.0
183,21561,9.0,1685.0,1685.0,0.0
184,21667,8.0,1687.0,1687.0,0.0
185,21764,8.0,1699.0,1699.0,0.0
186,21845,9.0,1707.0,1707.0,0.0
187,21932,8.0,1725.0,1725.0,0.0
188,21983,9.0,1740.0,1740.0,0.0
189,22055,9.0,1740.0,1740.0,0.0
190,22143,9.0,1775.0,1775.0,0.0
191,22223,10.0,1779.0,1779.0,0.0
192,22373,8.0,1791.0,1791.0,0.0
193,22459,8.0,1796.0,1796.0,0.0
194,22546,9.0,1807.0,1807.0,0.0
195,22612,9.0,1814.0,1814.0,0.0
196,22718,9.0,1825.0,1825.0,0.0
197,22790,9.0,1842.0,1842.0,0.0
198,22874,9.0,1859.0,1859.0,0.0
199,22961,9.0,1871.0,1871.0,0.0
200,23058,10.0,1880.0,1880.0,0.0
201,23131,9.0,1886.0,1886.0,0.0
202,23217,10.0,1902.0,1902.0,0.0
203,23295,10.0,1925.0,1925.0,0.0
204,23381,9.0,1928.0,1928.0,0.0
205,23448,10.0,1932.0,1932.0,0.0
206,23529,10.0,1936.0,1936.0,0.0
207,23609,10.0,1943.0,1943.0,0.0
208,23733,52.0,1943.0,1943.0,0.0
209,23807,8.0,1954.0,1954.0,0.0
210,23894,8.0,1961.0,1961.0,0.0
211,23989,9.0,1977.0,1977.0,0.0
212,24070,9.0,1984.0,1984.0,0.0
213,24175,10.0,2000.0,2000.0,0.0
214,24280,9.0,2003.0,2003.0,0.0
215,24371,10.0,2020.0,2020.0,0.0
216,24462,10.0,2020.0,2020.0,0.0
217,24553,10.0,2024.0,2024.0,0.0
218,24639,10.0,2036.0,2036.0,0.0
219,24730,11.0,2040.0,2040.0,0.0
220,24807,10.0,2060.0,2060.0,0.0
221,24897,10.0,2070.0,2070.0,0.0
222,24987,10.0,2083.0,2083.0,0.0
223,25081,10.0,2091.0,2091.0,0.0
224,25243,9.0,2097.0,2097.0,0.0
225,25323,10.0,2101.0,2101.0,0.0
226,25427,10.0,2115.0,2115.0,0.0
227,25508,11.0,2125.0,2125.0,0.0
228,25598,10.0,2132.0,2132.0,0.0
229,25709,10.0,2141.0,2141.0,0.0
230,25787,11.0,2147.0,2147.0,0.0
231,25875,10.0,2158.0,2158.0,0.0
232,25985,12.0,2167.0,2167.0,0.0
233,26078,10.0,2172.0,2172.0,0.0
234,26159,11.0,2182.0,2182.0,0.0
235,26258,11.0,2182.0,2182.0,0.0
236,26340,11.0,2194.0,2194.0,0.0
237,26431,10.0,2200.0,2200.0,0.0
238,26555,16.0,2201.0,2201.0,0.0
239,26654,12.0,2220.0,2220.0,0.0
240,26790,10.0,2227.0,2227.0,0.0
241,26881,10.0,2230.0,2230.0,0.0
242,26972,10.0,2241.0,2241.0,0.0
243,27043,11.0,2252.0,2252.0,0.0
244,27149,11.0,2265.0,2265.0,0.0
245,27238,11.0,2271.0,2271.0,0.0
246,27326,11.0,2291.0,2291.0,0.0
247,27415,13.0,2296.0,2296.0,0.0
248,27506,11.0,2301.0,2301.0,0.0
249,27591,11.0,2306.0,2306.0,0.0
250,27697,11.0,2309.0,2309.0,0.0
251,27794,11.0,2311.0,2311.0,0.0
252,27868,11.0,2327.0,2327.0,0.0
253,27939,12.0,2344.0,2344.0,0.0
254,28018,12.0,2356.0,2356.0,0.0
255,28101,12.0,2360.0,2360.0,0.0
256,28246,11.0,2372.0,2372.0,0.0
257,28323,11.0,2381.0,2381.0,0.0
258,28402,11.0,2386.0,2386.0,0.0
259,28497,11.0,2399.0,2399.0,0.0
260,28586,11.0,2403.0,2403.0,0.0
261,28666,12.0,2410.0,2410.0,0.0
262,28741,12.0,2426.0,2426.0,0.0
263,28835,11.0,2435.0,2435.0,0.0
264,28946,12.0,2452.0,2452.0,0.0
265,29029,12.0,2466.0,2466.0,0.0
266,29125,12.0,2479.0,2479.0,0.0
267,29217,12.0,2483.0,2483.0,0.0
268,29305,12.0,2496.0,2496.0,0.0
269,29404,12.0,2512.0,2512.0,0.0
270,29494,12.0,2528.0,2528.0,0.0
271,29580,12.0,2531.0,2531.0,0.0
272,29735,12.0,2538.0,2538.0,0.0
273,29817,13.0,2556.0,2556.0,0.0
274,29900,12.0,2561.0,2561.0,0.0
275,29984,12.0,2576.0,2576.0,0.0
276,30092,12.0,2581.0,2581.0,0.0
277,30167,18.0,2585.0,2564.0,9.0
278,30247,14.0,2598.0,2564.0,10.0
279,30329,14.0,2606.0,2563.0,10.0
280,30404,14.0,2630.0,2568.0,22.0
281,30487,15.0,2643.0,2560.0,35.0
282,30581,16.0,2651.0,2538.0,49.0
283,30670,13.0,2663.0,2522.0,62.0
284,30760,12.0,2665.0,2512.0,72.0
285,30861,14.0,2671.0,2518.0,72.0
286,30971,13.0,2678.0,2525.0,72.0
287,31127,98.0,2689.0,2536.0,72.0
288,31223,13.0,2707.0,2554.0,72.0
289,31305,13.0,2708.0,2555.0,72.0
290,31391,12.0,2710.0,2557.0,72.0
291,31464,14.0,2733.0,2580.0,72.0
292,31541,13.0,2749.0,2596.0,72.0
293,31619,13.0,2750.0,2597.0,72.0
294,31708,13.0,2760.0,2607.0,72.0
295,31803,13.0,2766.0,2613.0,72.0
296,31909,13.0,2775.0,2622.0,72.0
297,32007,14.0,2783.0,2630.0,72.0
298,32098,14.0,2798.0,2645.0,72.0
299,32186,14.0,2809.0,2656.0,72.0
300,32256,12.0,2809.0,2656.0,72.0
301,32365,20.0,2810.0,2657.0,72.0
302,32451,15.0,2816.0,2663.0,72.0
303,32641,12.0,2826.0,2673.0,72.0
304,32723,13.0,2834.0,2682.0,71.0
305,32805,13.0,2855.0,2699.0,72.0
306,32880,13.0,2870.0,2697.0,75.0
307,32972,13.0,2881.0,2691.0,89.0
308,33068,12.0,2887.0,2659.0,117.0
309,33143,13.0,2899.0,2654.0,129.0
310,33230,13.0,2900.0,2635.0,148.0
311,33307,13.0,2906.0,2621.0,164.0
312,33396,13.0,2911.0,2621.0,164.0
313,33490,14.0,2914.0,2612.0,174.0
314,33600,18.0,2938.0,2621.0,181.0
315,33699,13.0,2945.0,2602.0,200.0
316,33784,14.0,2966.0,2616.0,202.0
317,33873,14.0,2975.0,2602.0,214.0
318,33960,17.0,2986.0,2594.0,228.0
319,34157,20.0,2987.0,2557.0,258.0
320,34241,13.0,2992.0,2540.0,270.0
321,34335,15.0,2997.0,2525.0,286.0
322,34423,14.0,2998.0,2514.0,295.0
323,34500,13.0,3001.0,2493.0,313.0
324,34583,14.0,3010.0,2485.0,325.0
325,34663,16.0,3012.0,2459.0,353.0
326,34780,15.0,3017.0,2439.0,368.0
327,34865,16.0,3021.0,2428.0,379.0
328,34983,15.0,3026.0,2425.0,386.0
329,35072,21.0,3048.0,2447.0,386.0
330,35156,17.0,3051.0,2450.0,385.0
331,35271,16.0,3059.0,2460.0,383.0
332,35379,15.0,3062.0,2463.0,383.0
333,35475,16.0,3072.0,2474.0,382.0
334,35714,169.0,3078.0,2480.0,382.0
335,35807,14.0,3078.0,2480.0,382.0
336,35870,14.0,3094.0,2496.0,382.0
337,35963,14.0,3109.0,2511.0,380.0
338,36051,15.0,3122.0,2525.0,379.0
339,36122,13.0,3130.0,2533.0,379.0
340,36210,14.0,3142.0,2545.0,378.0
341,36293,15.0,3148.0,2551.0,378.0
342,36371,14.0,3155.0,2558.0,376.0
343,36443,15.0,3161.0,2564.0,376.0
344,36523,15.0,3179.0,2569.0,383.0
345,36631,15.0,3181.0,2554.0,392.0
346,36707,15.0,3186.0,2539.0,408.0
347,36792,16.0,3205.0,2535.0,424.0
348,36876,14.0,3213.0,2526.0,441.0
349,36963,15.0,3233.0,2535.0,443.0
350,37188,20.0,3239.0,2489.0,495.0
351,37284,15.0,3246.0,2471.0,523.0
352,37387,16.0,3250.0,2430.0,562.0
353,37483,15.0,3253.0,2413.0,579.0
354,37582,15.0,3264.0,2412.0,587.0
355,37672,16.0,3278.0,2406.0,602.0
356,37753,16.0,3284.0,2409.0,602.0
357,37845,17.0,3299.0,2410.0,606.0
358,37940,16.0,3303.0,2395.0,618.0
359,38028,18.0,3309.0,2392.0,628.0
360,38139,27.0,3318.0,2380.0,644.0
361,38231,23.0,3332.0,2366.0,657.0
362,38334,17.0,3349.0,2361.0,671.0
363,38629,16.0,3354.0,2303.0,716.0
364,38715,15.0,3371.0,2313.0,724.0
365,38792,15.0,3377.0,2310.0,729.0
366,38863,15.0,3385.0,2311.0,734.0
367,38979,19.0,3391.0,2286.0,768.0
368,39066,16.0,3398.0,2277.0,776.0
369,39141,14.0,3404.0,2271.0,788.0
370,39260,15.0,3425.0,2273.0,802.0
371,39333,16.0,3424.0,2261.0,812.0
372,39437,15.0,3426.0,2237.0,830.0
373,39513,15.0,3441.0,2233.0,848.0
374,39615,28.0,3444.0,2224.0,857.0
375,39697,16.0,3451.0,2192.0,897.0
376,39928,17.0,3458.0,2175.0,910.0
377,40026,18.0,3462.0,2175.0,914.0
378,40101,16.0,3488.0,2197.0,916.0
379,40182,18.0,3498.0,2199.0,919.0
380,40265,17.0,3508.0,2204.0,927.0
381,40342,18.0,3509.0,2195.0,936.0
382,40437,17.0,3517.0,2192.0,948.0
383,40526,16.0,3523.0,2177.0,965.0
384,40632,20.0,3526.0,2156.0,986.0
385,40719,18.0,3531.0,2153.0,991.0
386,40807,17.0,3536.0,2137.0,1009.0
387,40901,20.0,3541.0,2127.0,1022.0
388,41121,147.0,3561.0,2110.0,1058.0
389,41208,16.0,3565.0,2105.0,1066.0
390,41285,18.0,3564.0,2082.0,1089.0
391,41366,16.0,3578.0,2085.0,1094.0
392,41461,19.0,3591.0,2084.0,1103.0
393,41543,18.0,3591.0,2074.0,1105.0
394,41618,18.0,3599.0,2073.0,1112.0
395,41713,18.0,3603.0,2062.0,1125.0
396,41809,17.0,3610.0,2047.0,1145.0
397,41905,17.0,3611.0,2048.0,1145.0
398,41989,17.0,3618.0,2043.0,1154.0
399,42072,17.0,3622.0,2045.0,1156.0
400,42287,146.0,3629.0,2041.0,1162.0
401,42368,21.0,3635.0,2025.0,1185.0
402,42455,18.0,3649.0,2035.0,1189.0
403,42542,19.0,3662.0,2039.0,1197.0
404,42633,19.0,3664.0,2034.0,1201.0
405,42704,18.0,3676.0,2040.0,1204.0
406,42785,18.0,3685.0,2028.0,1225.0
407,42870,19.0,3696.0,2033.0,1222.0
408,42961,19.0,3715.0,2041.0,1235.0
409,43070,19.0,3724.0,2052.0,1230.0
410,43148,19.0,3724.0,2053.0,1229.0
411,43236,18.0,3742.0,2056.0,1247.0
412,43445,125.0,3749.0,2032.0,1274.0
413,43552,17.0,3748.0,2027.0,1279.0
414,43627,18.0,3764.0,2035.0,1290.0
415,43711,18.0,3772.0,2038.0,1294.0
416,43780,17.0,3773.0,2039.0,1292.0
417,43870,19.0,3773.0,2021.0,1308.0
418,43962,19.0,3766.0,2014.0,1309.0
419,44029,19.0,3780.0,2009.0,1321.0
420,44109,20.0,3780.0,2005.0,1328.0
421,44196,21.0,3796.0,2010.0,1337.0
422,44277,18.0,3804.0,2015.0,1340.0
423,44347,19.0,3813.0,2012.0,1356.0
424,44579,149.0,3821.0,1995.0,1375.0
425,44661,21.0,3831.0,1995.0,1383.0
426,44763,19.0,3832.0,1985.0,1394.0
427,44859,19.0,3844.0,1995.0,1397.0
428,44943,20.0,3847.0,1984.0,1399.0
429,45018,21.0,3856.0,1991.0,1401.0
430,45113,20.0,3868.0,2000.0,1398.0
431,45198,19.0,3872.0,2000.0,1400.0
432,45288,21.0,3885.0,2006.0,1407.0
433,45368,21.0,3885.0,1992.0,1414.0
434,45462,18.0,3890.0,1981.0,1432.0
435,45557,20.0,3901.0,1981.0,1442.0
436,45773,19.0,3897.0,1964.0,1453.0
437,45855,19.0,3909.0,1969.0,1457.0
438,45955,22.0,3923.0,1973.0,1466.0
439,46042,19.0,3924.0,1970.0,1471.0
440,46134,20.0,3922.0,1953.0,1486.0
441,46202,19.0,3922.0,1945.0,1495.0
442,46286,20.0,3922.0,1932.0,1506.0
443,46359,18.0,3930.0,1923.0,1522.0
444,46441,19.0,3947.0,1938.0,1522.0
445,46535,19.0,3950.0,1934.0,1528.0
446,46611,21.0,3965.0,1944.0,1532.0
447,46702,21.0,3964.0,1942.0,1529.0
448,46913,23.0,3963.0,1927.0,1541.0
449,47026,29.0,3967.0,1926.0,1548.0
450,47119,19.0,3973.0,1922.0,1557.0
451,47196,20.0,3990.0,1937.0,1559.0
452,47274,20.0,4001.0,1927.0,1568.0
453,47367,22.0,4003.0,1912.0,1582.0
454,47465,22.0,4013.0,1902.0,1591.0
455,47559,23.0,4013.0,1878.0,1616.0
456,47652,22.0,4015.0,1874.0,1627.0
457,47751,20.0,4023.0,1876.0,1635.0
458,47846,23.0,4035.0,1881.0,1643.0
459,47939,22.0,4047.0,1889.0,1647.0
460,48157,20.0,4053.0,1876.0,1654.0
461,48246,21.0,4065.0,1881.0,1657.0
462,48332,18.0,4065.0,1871.0,1666.0
463,48431,21.0,4069.0,1864.0,1671.0
464,48510,21.0,4075.0,1865.0,1676.0
465,48589,21.0,4075.0,1854.0,1688.0
466,48682,20.0,4074.0,1827.0,1711.0
467,48762,20.0,4078.0,1822.0,1721.0
468,48838,19.0,4088.0,1819.0,1738.0
469,48913,23.0,4086.0,1820.0,1738.0
470,49011,22.0,4099.0,1825.0,1746.0
471,51079,2001.0,4115.0,1743.0,1835.0
472,51184,28.0,4120.0,1635.0,1944.0
473,51293,21.0,4122.0,1631.0,1952.0
474,51390,22.0,4133.0,1635.0,1959.0
475,51472,21.0,4132.0,1618.0,1976.0
476,51562,25.0,4133.0,1618.0,1972.0
477,51647,25.0,4135.0,1616.0,1976.0
478,51739,26.0,4151.0,1625.0,1984.0
479,51836,25.0,4156.0,1627.0,1990.0
480,51930,22.0,4165.0,1631.0,1996.0
481,52032,25.0,4162.0,1623.0,2003.0
482,52126,24.0,4164.0,1625.0,2003.0
483,52256,23.0,4163.0,1622.0,2003.0
484,52351,22.0,4164.0,1622.0,2005.0
485,52448,20.0,4173.0,1628.0,2003.0
486,52521,21.0,4185.0,1633.0,2003.0
487,52608,21.0,4198.0,1638.0,2006.0
488,52694,19.0,4212.0,1646.0,2011.0
489,52780,25.0,4223.0,1656.0,2012.0
490,52864,23.0,4227.0,1660.0,2009.0
491,52960,20.0,4228.0,1659.0,2011.0
492,53053,20.0,4224.0,1650.0,2014.0
493,53138,26.0,4235.0,1660.0,2015.0
494,53273,22.0,4242.0,1658.0,2026.0
495,53371,22.0,4242.0,1647.0,2034.0
496,53453,22.0,4248.0,1649.0,2042.0
497,53542,18.0,4254.0,1654.0,2042.0
498,53636,20.0,4255.0,1654.0,2041.0
499,53719,20.0,4258.0,1656.0,2041.0
500,53802,20.0,4273.0,1664.0,2061.0
501,53906,24.0,4290.0,1635.0,2112.0
502,54003,22.0,4287.0,1638.0,2110.0
503,54101,21.0,4306.0,1644.0,2120.0
504,54243,69.0,4308.0,1633.0,2132.0
505,54324,20.0,4304.0,1596.0,2172.0
506,54412,23.0,4309.0,1574.0,2195.0
507,54512,21.0,4311.0,1572.0,2200.0
508,54624,20.0,4320.0,1568.0,2213.0
509,54744,21.0,4318.0,1546.0,2234.0
510,54834,19.0,4325.0,1546.0,2249.0
511,54918,20.0,4327.0,1542.0,2247.0
512,55006,20.0,4334.0,1539.0,2255.0
513,55093,23.0,4349.0,1527.0,2284.0
514,55181,22.0,4351.0,1527.0,2286.0
515,55351,99.0,4354.0,1490.0,2328.0
516,55438,19.0,4359.0,1478.0,2349.0
517,55520,20.0,4359.0,1463.0,2366.0
518,55611,20.0,4358.0,1435.0,2398.0
519,55706,20.0,4360.0,1425.0,2413.0
520,55793,22.0,4361.0,1416.0,2422.0
521,55885,20.0,4370.0,1414.0,2440.0
522,55975,23.0,4370.0,1383.0,2472.0
523,56096,21.0,4374.0,1371.0,2496.0
524,56198,22.0,4387.0,1368.0,2509.0
525,56286,22.0,4386.0,1361.0,2520.0
526,56451,90.0,4392.0,1343.0,2540.0
527,56545,21.0,4406.0,1343.0,2557.0
528,56644,20.0,4410.0,1341.0,2563.0
529,56738,21.0,4419.0,1358.0,2553.0
530,56831,21.0,4427.0,1356.0,2563.0
531,56919,21.0,4449.0,1358.0,2583.0
532,57023,23.0,4448.0,1344.0,2594.0
533,57127,24.0,4450.0,1340.0,2603.0
534,57216,21.0,4459.0,1340.0,2615.0
535,57317,20.0,4459.0,1335.0,2618.0
536,57413,23.0,4454.0,1316.0,2632.0
537,57562,20.0,4462.0,1311.0,2646.0
538,57652,23.0,4470.0,1316.0,2643.0
539,57736,21.0,4478.0,1307.0,2656.0
540,57831,22.0,4490.0,1305.0,2671.0
541,57929,22.0,4492.0,1304.0,2680.0
542,58038,30.0,4502.0,1307.0,2687.0
543,58127,21.0,4508.0,1311.0,2686.0
544,58229,20.0,4514.0,1301.0,2704.0
545,58312,20.0,4524.0,1302.0,2712.0
546,58408,20.0,4529.0,1302.0,2708.0
547,58506,24.0,4528.0,1294.0,2716.0
548,58652,20.0,4544.0,1301.0,2722.0
549,58735,21.0,4550.0,1303.0,2726.0
550,58833,21.0,4560.0,1300.0,2739.0
551,58913,21.0,4569.0,1303.0,2745.0
552,58996,20.0,4581.0,1297.0,2762.0
553,59091,22.0,4593.0,1300.0,2762.0
554,59192,22.0,4600.0,1298.0,2770.0
555,59286,21.0,4611.0,1289.0,2789.0
556,59377,24.0,4614.0,1298.0,2783.0
557,59456,20.0,4626.0,1304.0,2792.0
558,59536,21.0,4647.0,1303.0,2824.0
559,59710,24.0,4651.0,1305.0,2828.0
560,59782,22.0,4660.0,1303.0,2845.0
561,59883,24.0,4670.0,1300.0,2857.0
562,59981,21.0,4675.0,1296.0,2868.0
563,60072,23.0,4683.0,1303.0,2872.0
564,60170,24.0,4694.0,1307.0,2878.0
565,60265,21.0,4704.0,1317.0,2879.0
566,60356,23.0,4706.0,1323.0,2875.0
567,60442,21.0,4706.0,1319.0,2880.0
568,60545,21.0,4703.0,1296.0,2900.0
569,60634,21.0,4706.0,1285.0,2914.0
570,60795,90.0,4733.0,1301.0,2923.0
571,60881,20.0,4752.0,1319.0,2926.0
572,60966,22.0,4758.0,1323.0,2928.0
573,61053,23.0,4759.0,1318.0,2937.0
574,61145,25.0,4766.0,1326.0,2935.0
575,61236,24.0,4765.0,1322.0,2942.0
576,61334,23.0,4771.0,1319.0,2950.0
577,61418,21.0,4783.0,1315.0,2968.0
578,61513,22.0,4790.0,1307.0,2982.0
579,61600,22.0,4800.0,1306.0,2996.0
580,61692,23.0,4806.0,1307.0,3002.0
581,61790,24.0,4811.0,1301.0,3015.0
582,61973,21.0,4804.0,1277.0,3037.0
583,62059,22.0,4807.0,1280.0,3034.0
584,62162,21.0,4812.0,1267.0,3054.0
585,62258,27.0,4812.0,1268.0,3054.0
586,62356,22.0,4816.0,1265.0,3059.0
587,62454,23.0,4827.0,1262.0,3072.0
588,62547,22.0,4835.0,1256.0,3089.0
589,62639,22.0,4849.0,1270.0,3086.0
590,62733,25.0,4850.0,1263.0,3088.0
591,62821,23.0,4856.0,1266.0,3090.0
592,62899,22.0,4859.0,1267.0,3093.0
593,63073,113.0,4863.0,1256.0,3111.0
594,63174,24.0,4865.0,1241.0,3128.0
595,63261,22.0,4864.0,1240.0,3126.0
596,63339,21.0,4874.0,1248.0,3126.0
597,63421,23.0,4875.0,1252.0,3120.0
598,63511,21.0,4876.0,1238.0,3142.0
599,63605,23.0,4889.0,1250.0,3140.0
600,63687,24.0,4907.0,1245.0,3164.0
601,63783,21.0,4921.0,1243.0,3183.0
602,63883,23.0,4920.0,1238.0,3183.0
603,63986,25.0,4923.0,1230.0,3192.0
604,64076,24.0,4932.0,1239.0,3191.0
605,64272,133.0,4937.0,1234.0,3203.0
606,64359,21.0,4946.0,1236.0,3213.0
607,64440,24.0,4969.0,1245.0,3224.0
608,64532,22.0,4983.0,1243.0,3237.0
609,64616,23.0,4981.0,1238.0,3243.0
610,64702,22.0,4982.0,1231.0,3249.0
611,64794,23.0,4990.0,1245.0,3244.0
612,64891,25.0,4996.0,1243.0,3253.0
613,65000,25.0,4997.0,1244.0,3253.0
614,65095,25.0,5000.0,1243.0,3259.0
615,65182,23.0,4998.0,1236.0,3268.0
616,65279,27.0,4993.0,1235.0,3262.0
617,65490,138.0,5005.0,1233.0,3275.0
618,65587,26.0,5004.0,1227.0,3282.0
619,65672,23.0,5006.0,1229.0,3282.0
620,65771,24.0,5017.0,1239.0,3282.0
621,65875,23.0,5024.0,1238.0,3286.0
622,65984,23.0,5023.0,1231.0,3298.0
623,66067,25.0,5025.0,1230.0,3305.0
624,66156,24.0,5032.0,1223.0,3319.0
625,66249,25.0,5050.0,1226.0,3338.0
626,66344,24.0,5055.0,1227.0,3342.0
627,66431,22.0,5053.0,1223.0,3344.0
628,66518,25.0,5061.0,1228.0,3353.0
629,66638,27.0,5060.0,1227.0,3350.0
630,66882,26.0,5085.0,1234.0,3365.0
631,66982,25.0,5098.0,1248.0,3362.0
632,67064,23.0,5121.0,1269.0,3362.0
633,67161,24.0,5120.0,1262.0,3368.0
634,67269,25.0,5121.0,1254.0,3377.0
635,67391,25.0,5124.0,1241.0,3395.0
636,67492,27.0,5130.0,1249.0,3393.0
637,67584,25.0,5132.0,1240.0,3411.0
638,67678,27.0,5142.0,1254.0,3403.0
639,67772,29.0,5148.0,1254.0,3403.0
640,67862,28.0,5149.0,1254.0,3404.0
641,67970,30.0,5149.0,1255.0,3397.0
642,68191,145.0,5155.0,1241.0,3413.0
643,68307,27.0,5155.0,1243.0,3411.0
644,68419,23.0,5151.0,1227.0,3425.0
645,68528,26.0,5155.0,1233.0,3420.0
646,68609,26.0,5155.0,1233.0,3420.0
647,68691,25.0,5162.0,1238.0,3422.0
648,68776,24.0,5169.0,1232.0,3434.0
649,68872,27.0,5171.0,1237.0,3433.0
650,68968,26.0,5173.0,1236.0,3436.0
651,69060,24.0,5174.0,1231.0,3438.0
652,69157,26.0,5178.0,1229.0,3449.0
653,69233,24.0,5183.0,1233.0,3451.0
654,69339,26.0,5178.0,1224.0,3462.0
655,69604,25.0,5177.0,1214.0,3474.0
656,69704,26.0,5179.0,1209.0,3482.0
657,69798,25.0,5176.0,1206.0,3494.0
658,69893,26.0,5179.0,1211.0,3492.0
659,69987,26.0,5190.0,1220.0,3493.0
660,70073,25.0,5207.0,1235.0,3489.0
661,70173,24.0,5209.0,1238.0,3485.0
662,70268,27.0,5212.0,1237.0,3495.0
663,70351,24.0,5212.0,1232.0,3503.0
664,70451,28.0,5222.0,1238.0,3504.0
665,70549,38.0,5235.0,1248.0,3506.0
666,70635,26.0,5233.0,1238.0,3516.0
667,70869,161.0,5243.0,1241.0,3524.0
668,70965,24.0,5243.0,1234.0,3531.0
669,71055,23.0,5246.0,1237.0,3531.0
670,71147,26.0,5247.0,1239.0,3528.0
671,71240,26.0,5249.0,1237.0,3531.0
672,71329,24.0,5253.0,1240.0,3532.0
673,71421,26.0,5260.0,1243.0,3539.0
674,71522,27.0,5267.0,1247.0,3541.0
675,71633,24.0,5274.0,1246.0,3545.0
676,71739,25.0,5275.0,1246.0,3547.0
677,71827,25.0,5283.0,1248.0,3549.0
678,71931,25.0,5288.0,1247.0,3561.0
679,72025,25.0,5294.0,1246.0,3558.0
680,72236,26.0,5312.0,1256.0,3564.0
681,72339,26.0,5314.0,1258.0,3564.0
682,72438,28.0,5318.0,1263.0,3563.0
683,72534,27.0,5333.0,1270.0,3574.0
684,72627,27.0,5340.0,1269.0,3583.0
685,72696,25.0,5357.0,1279.0,3583.0
686,72775,25.0,5370.0,1294.0,3581.0
687,72877,27.0,5368.0,1292.0,3581.0
688,72980,26.0,5368.0,1292.0,3581.0
689,73075,27.0,5390.0,1314.0,3575.0
690,73171,32.0,5386.0,1315.0,3569.0
691,73256,25.0,5387.0,1314.0,3574.0
692,73481,25.0,5382.0,1309.0,3576.0
693,73584,28.0,5387.0,1312.0,3570.0
694,73705,31.0,5393.0,1311.0,3575.0
695,73788,25.0,5388.0,1312.0,3568.0
696,73883,28.0,5401.0,1307.0,3584.0
697,73983,27.0,5413.0,1302.0,3601.0
698,74076,24.0,5425.0,1311.0,3606.0
699,74159,25.0,5430.0,1316.0,3606.0
700,74254,25.0,5430.0,1314.0,3608.0
701,74346,28.0,5440.0,1319.0,3611.0
702,74440,30.0,5448.0,1329.0,3607.0
703,74513,25.0,5460.0,1341.0,3607.0
704,74738,26.0,5470.0,1351.0,3606.0
705,74836,27.0,5472.0,1340.0,3620.0
706,74923,28.0,5479.0,1344.0,3624.0
707,75020,25.0,5481.0,1344.0,3623.0
708,75108,27.0,5481.0,1334.0,3638.0
709,75206,27.0,5481.0,1326.0,3648.0
710,75304,29.0,5493.0,1329.0,3655.0
711,75400,27.0,5502.0,1336.0,3651.0
712,75485,26.0,5496.0,1337.0,3638.0
713,75581,26.0,5493.0,1323.0,3659.0
714,75669,26.0,5501.0,1321.0,3672.0
715,75912,166.0,5509.0,1329.0,3672.0
716,76019,26.0,5514.0,1330.0,3677.0
717,76106,27.0,5526.0,1338.0,3681.0
718,76200,25.0,5534.0,1335.0,3690.0
719,76284,25.0,5536.0,1336.0,3691.0
720,76380,27.0,5542.0,1342.0,3691.0
721,76464,26.0,5558.0,1359.0,3687.0
722,76556,25.0,5566.0,1365.0,3689.0
723,76644,27.0,5569.0,1365.0,3699.0
724,76742,26.0,5581.0,1367.0,3710.0
725,76841,26.0,5585.0,1372.0,3709.0
726,76926,27.0,5586.0,1373.0,3709.0
727,77156,171.0,5590.0,1363.0,3725.0
728,77241,28.0,5592.0,1362.0,3727.0
729,77338,28.0,5600.0,1368.0,3728.0
730,77427,26.0,5602.0,1370.0,3727.0
731,77514,29.0,5601.0,1367.0,3724.0
732,77603,27.0,5619.0,1381.0,3724.0
733,77685,27.0,5627.0,1387.0,3729.0
734,77760,29.0,5633.0,1396.0,3725.0
735,77858,30.0,5638.0,1397.0,3725.0
736,77960,30.0,5643.0,1401.0,3728.0
737,78057,29.0,5676.0,1432.0,3728.0
738,78142,26.0,5685.0,1437.0,3731.0
739,78394,25.0,5694.0,1437.0,3737.0
740,78492,29.0,5694.0,1430.0,3744.0
741,78582,28.0,5703.0,1432.0,3748.0
742,78670,26.0,5704.0,1417.0,3768.0
743,78743,26.0,5718.0,1426.0,3772.0
744,78834,29.0,5733.0,1425.0,3790.0
745,78936,26.0,5733.0,1420.0,3797.0
746,79026,26.0,5743.0,1424.0,3809.0
747,79116,26.0,5743.0,1431.0,3802.0
748,79206,29.0,5755.0,1443.0,3801.0
749,79297,30.0,5765.0,1454.0,3798.0
750,79521,146.0,5769.0,1459.0,3797.0
751,79612,27.0,5764.0,1460.0,3791.0
752,79693,28.0,5772.0,1473.0,3785.0
753,79791,31.0,5781.0,1479.0,3785.0
754,79899,34.0,5786.0,1484.0,3785.0
755,79984,28.0,5787.0,1485.0,3783.0
756,80090,31.0,5800.0,1499.0,3777.0
757,80173,27.0,5803.0,1502.0,3777.0
758,80258,25.0,5810.0,1509.0,3777.0
759,80352,28.0,5813.0,1513.0,3776.0
760,80444,29.0,5818.0,1520.0,3773.0
761,80665,166.0,5832.0,1540.0,3766.0
762,80763,28.0,5834.0,1543.0,3763.0
763,80856,29.0,5843.0,1552.0,3760.0
764,80950,28.0,5850.0,1560.0,3757.0
765,81048,28.0,5850.0,1560.0,3757.0
766,81135,28.0,5851.0,1558.0,3761.0
767,81229,28.0,5858.0,1562.0,3764.0
768,81333,26.0,5859.0,1559.0,3765.0
769,81441,29.0,5859.0,1552.0,3775.0
770,81535,26.0,5860.0,1553.0,3772.0
771,81625,27.0,5865.0,1558.0,3766.0
772,81730,31.0,5865.0,1559.0,3762.0
773,81975,26.0,5857.0,1550.0,3766.0
774,82086,31.0,5857.0,1550.0,3764.0
775,82182,28.0,5875.0,1566.0,3764.0
776,82272,31.0,5885.0,1568.0,3768.0
777,82359,30.0,5886.0,1569.0,3766.0
778,82454,29.0,5892.0,1575.0,3764.0
779,82552,27.0,5889.0,1568.0,3768.0
780,82655,32.0,5889.0,1566.0,3770.0
781,82751,28.0,5895.0,1569.0,3772.0
782,82841,31.0,5890.0,1569.0,3768.0
783,82939,28.0,5903.0,1579.0,3765.0
784,83177,34.0,5905.0,1576.0,3766.0
785,83273,30.0,5913.0,1586.0,3762.0
786,83354,28.0,5918.0,1588.0,3766.0
787,83448,27.0,5923.0,1585.0,3773.0
788,83552,29.0,5932.0,1594.0,3773.0
789,83650,27.0,5930.0,1592.0,3772.0
790,83732,26.0,5932.0,1591.0,3772.0
791,83848,29.0,5937.0,1581.0,3788.0
792,83952,28.0,5946.0,1571.0,3805.0
793,84087,28.0,5950.0,1538.0,3849.0
794,84186,32.0,5966.0,1541.0,3863.0
795,84436,171.0,5972.0,1519.0,3899.0
796,84560,37.0,5979.0,1497.0,3933.0
797,84656,28.0,5996.0,1514.0,3933.0
798,84761,28.0,6000.0,1483.0,3977.0
799,84869,29.0,6014.0,1488.0,3983.0
800,84970,32.0,6015.0,1458.0,4027.0
801,85118,34.0,6014.0,1445.0,4039.0
802,85217,30.0,6019.0,1450.0,4040.0
803,85324,32.0,6023.0,1446.0,4044.0
804,85457,40.0,6034.0,1430.0,4072.0
805,85556,29.0,6033.0,1416.0,4083.0
806,85800,156.0,6046.0,1394.0,4119.0
807,85904,30.0,6052.0,1366.0,4158.0
808,86007,28.0,6055.0,1363.0,4162.0
809,86118,29.0,6056.0,1352.0,4176.0
810,86209,28.0,6062.0,1358.0,4171.0
811,86310,32.0,6077.0,1362.0,4182.0
812,86405,28.0,6076.0,1349.0,4197.0
813,86512,28.0,6073.0,1337.0,4208.0
814,86615,30.0,6081.0,1325.0,4231.0
815,86717,30.0,6091.0,1324.0,4257.0
816,86826,28.0,6096.0,1322.0,4261.0
817,87094,172.0,6094.0,1309.0,4277.0
818,87202,30.0,6102.0,1300.0,4302.0
819,87306,27.0,6110.0,1299.0,4312.0
820,87409,32.0,6114.0,1292.0,4323.0
821,87506,28.0,6115.0,1298.0,4318.0
822,87591,28.0,6120.0,1294.0,4332.0
823,87698,31.0,6124.0,1289.0,4342.0
824,87796,28.0,6123.0,1278.0,4352.0
825,87895,31.0,6132.0,1272.0,4367.0
826,87992,29.0,6153.0,1251.0,4414.0
827,88097,31.0,6154.0,1251.0,4414.0
828,88228,33.0,6156.0,1248.0,4417.0
829,88569,166.0,6165.0,1209.0,4464.0
830,88660,28.0,6176.0,1220.0,4464.0
831,88760,30.0,6182.0,1208.0,4488.0
832,88855,28.0,6182.0,1200.0,4496.0
833,88956,27.0,6190.0,1198.0,4505.0
834,89046,28.0,6210.0,1212.0,4499.0
835,89139,29.0,6213.0,1210.0,4505.0
836,89229,28.0,6214.0,1198.0,4517.0
837,89336,29.0,6230.0,1212.0,4519.0
838,89434,29.0,6229.0,1203.0,4528.0
839,89548,31.0,6229.0,1194.0,4538.0
840,89665,30.0,6235.0,1191.0,4544.0
841,89925,33.0,6241.0,1191.0,4540.0
842,90038,29.0,6246.0,1189.0,4550.0
843,90142,28.0,6247.0,1186.0,4553.0
844,90245,32.0,6242.0,1187.0,4547.0
845,90336,31.0,6246.0,1181.0,4557.0
846,90431,29.0,6248.0,1172.0,4568.0
847,90532,33.0,6255.0,1149.0,4605.0
848,90619,32.0,6263.0,1152.0,4610.0
849,90724,29.0,6270.0,1146.0,4636.0
850,90828,33.0,6283.0,1159.0,4636.0
851,90926,33.0,6287.0,1144.0,4662.0
852,91039,33.0,6292.0,1142.0,4668.0
853,91294,31.0,6299.0,1131.0,4686.0
854,91399,31.0,6304.0,1138.0,4683.0
855,91498,32.0,6316.0,1139.0,4701.0
856,91590,33.0,6330.0,1131.0,4721.0
857,91694,31.0,6330.0,1126.0,4725.0
858,91793,34.0,6339.0,1122.0,4736.0
859,91894,29.0,6343.0,1126.0,4740.0
860,91998,32.0,6352.0,1132.0,4737.0
861,92103,31.0,6367.0,1143.0,4739.0
862,92200,32.0,6376.0,1149.0,4743.0
863,92298,32.0,6386.0,1152.0,4751.0
864,92531,172.0,6398.0,1157.0,4759.0
865,92619,31.0,6401.0,1147.0,4776.0
866,92723,35.0,6418.0,1153.0,4787.0
867,92827,31.0,6428.0,1154.0,4800.0
868,92929,34.0,6428.0,1151.0,4801.0
869,93027,30.0,6436.0,1164.0,4795.0
870,93123,31.0,6444.0,1165.0,4809.0
871,93211,30.0,6461.0,1171.0,4815.0
872,93317,35.0,6481.0,1177.0,4826.0
873,93418,33.0,6489.0,1183.0,4827.0
874,93515,34.0,6486.0,1176.0,4829.0
875,93607,35.0,6487.0,1174.0,4826.0
876,93695,35.0,6487.0,1169.0,4835.0
877,93944,189.0,6497.0,1145.0,4873.0
878,94030,30.0,6504.0,1142.0,4883.0
879,94127,28.0,6507.0,1138.0,4886.0
880,94223,30.0,6509.0,1144.0,4882.0
881,94344,30.0,6517.0,1139.0,4896.0
882,94463,33.0,6529.0,1144.0,4905.0
883,94555,32.0,6538.0,1145.0,4914.0
884,94647,32.0,6542.0,1135.0,4924.0
885,94734,32.0,6549.0,1135.0,4930.0
886,94829,33.0,6554.0,1128.0,4942.0
887,94935,30.0,6558.0,1125.0,4947.0
888,95034,30.0,6563.0,1129.0,4945.0
889,97778,2665.0,6570.0,1053.0,5034.0
890,97906,32.0,6581.0,949.0,5154.0
891,98004,36.0,6599.0,958.0,5166.0
892,98104,37.0,6606.0,964.0,5164.0
893,98202,32.0,6611.0,970.0,5160.0
894,98308,32.0,6623.0,974.0,5171.0
895,98413,33.0,6626.0,979.0,5169.0
896,98516,32.0,6626.0,971.0,5181.0
897,98623,33.0,6619.0,968.0,5177.0
898,98713,33.0,6631.0,978.0,5177.0
899,98816,35.0,6631.0,969.0,5190.0
900,98909,36.0,6640.0,971.0,5199.0
901,99026,34.0,6640.0,966.0,5209.0
902,99162,29.0,6635.0,957.0,5216.0
903,99260,34.0,6647.0,972.0,5213.0
904,99348,30.0,6648.0,978.0,5203.0
905,99455,31.0,6648.0,979.0,5202.0
906,99567,32.0,6650.0,985.0,5198.0
907,99656,31.0,6665.0,1000.0,5198.0
908,99744,34.0,6664.0,1000.0,5197.0
909,99844,31.0,6668.0,996.0,5208.0
910,99923,30.0,6669.0,994.0,5208.0
911,100018,30.0,6675.0,990.0,5215.0
912,100129,31.0,6677.0,973.0,5239.0
913,100245,32.0,6682.0,967.0,5246.0
914,100394,81.0,6684.0,967.0,5248.0
915,100491,34.0,6689.0,967.0,5250.0
916,100589,30.0,6690.0,968.0,5250.0
917,100686,30.0,6696.0,974.0,5244.0
918,100781,34.0,6700.0,975.0,5247.0
919,100875,30.0,6707.0,986.0,5240.0
920,100968,31.0,6705.0,985.0,5239.0
921,101074,30.0,6709.0,986.0,5239.0
922,101177,31.0,6717.0,969.0,5255.0
923,101303,43.0,6720.0,970.0,5251.0
924,101411,36.0,6727.0,962.0,5271.0
925,101567,101.0,6730.0,965.0,5269.0
926,101664,34.0,6734.0,962.0,5266.0
927,101758,34.0,6742.0,967.0,5273.0
928,101846,31.0,6757.0,977.0,5268.0
929,101946,32.0,6761.0,979.0,5270.0
930,102031,31.0,6766.0,984.0,5268.0
931,102129,30.0,6765.0,985.0,5265.0
932,102223,34.0,6769.0,990.0,5270.0
933,102311,33.0,6785.0,1001.0,5274.0
934,102433,31.0,6792.0,993.0,5300.0
935,102536,31.0,6796.0,982.0,5323.0
936,102691,29.0,6802.0,980.0,5333.0
937,102791,35.0,6801.0,973.0,5341.0
938,102895,35.0,6801.0,965.0,5349.0
939,102998,31.0,6803.0,972.0,5343.0
940,103090,32.0,6807.0,972.0,5348.0
941,103185,31.0,6811.0,974.0,5349.0
942,103277,31.0,6822.0,984.0,5350.0
943,103370,31.0,6827.0,993.0,5342.0
944,103467,31.0,6831.0,997.0,5342.0
945,103561,31.0,6840.0,1000.0,5344.0
946,103717,89.0,6840.0,993.0,5351.0
947,103814,30.0,6839.0,993.0,5350.0
948,103902,30.0,6833.0,997.0,5344.0
949,103995,31.0,6847.0,1003.0,5354.0
950,104094,31.0,6846.0,1002.0,5355.0
951,104182,30.0,6849.0,1007.0,5356.0
952,104274,30.0,6866.0,1021.0,5362.0
953,104382,35.0,6871.0,1026.0,5361.0
954,104482,31.0,6871.0,1026.0,5361.0
955,104594,32.0,6872.0,1020.0,5369.0
956,104764,111.0,6878.0,1022.0,5373.0
957,104887,40.0,6878.0,1022.0,5371.0
958,104990,34.0,6872.0,1021.0,5363.0
959,105088,34.0,6874.0,1012.0,5379.0
960,105172,31.0,6873.0,1004.0,5388.0
961,105256,31.0,6871.0,1003.0,5386.0
962,105364,35.0,6883.0,1015.0,5384.0
963,105471,32.0,6885.0,1015.0,5389.0
964,105562,31.0,6887.0,1017.0,5391.0
965,105662,32.0,6897.0,1026.0,5389.0
966,105755,32.0,6910.0,1039.0,5389.0
967,105946,38.0,6917.0,1042.0,5392.0
968,106038,29.0,6922.0,1050.0,5388.0
969,106133,31.0,6926.0,1053.0,5389.0
970,106228,33.0,6931.0,1056.0,5391.0
971,106325,33.0,6940.0,1058.0,5398.0
972,106421,32.0,6946.0,1061.0,5401.0
973,106520,31.0,6949.0,1066.0,5400.0
974,106619,32.0,6962.0,1078.0,5401.0
975,106721,36.0,6977.0,1091.0,5396.0
976,106820,36.0,6990.0,1098.0,5402.0
977,106998,102.0,7001.0,1101.0,5410.0
978,107125,53.0,7011.0,1110.0,5407.0
979,107249,44.0,7007.0,1116.0,5392.0
980,107347,37.0,7012.0,1115.0,5400.0
981,107439,33.0,7025.0,1124.0,5407.0
982,107527,34.0,7032.0,1126.0,5410.0
983,107618,35.0,7033.0,1129.0,5405.0
984,107711,33.0,7049.0,1139.0,5403.0
985,107812,32.0,7050.0,1140.0,5400.0
986,107905,33.0,7061.0,1148.0,5403.0
987,108006,31.0,7071.0,1154.0,5406.0
988,108185,33.0,7090.0,1173.0,5403.0
989,108292,33.0,7092.0,1176.0,5402.0
990,108394,36.0,7094.0,1172.0,5407.0
991,108500,35.0,7099.0,1176.0,5408.0
992,108589,34.0,7103.0,1177.0,5416.0
993,108689,34.0,7094.0,1177.0,5407.0
994,108783,37.0,7107.0,1192.0,5403.0
995,108885,36.0,7114.0,1190.0,5410.0
996,108983,31.0,7121.0,1195.0,5412.0
997,109078,33.0,7116.0,1196.0,5406.0
998,109257,123.0,7116.0,1194.0,5409.0
999,109354,31.0,7117.0,1193.0,5412.0
1000,109455,32.0,7130.0,1187.0,5423.0
1001,109550,32.0,7135.0,1196.0,5417.0
1002,109649,34.0,7135.0,1195.0,5418.0
1003,109741,37.0,7135.0,1192.0,5424.0
1004,109838,33.0,7135.0,1190.0,5428.0
1005,109930,33.0,7149.0,1199.0,5428.0
1006,110040,32.0,7159.0,1197.0,5437.0
1007,110151,37.0,7157.0,1197.0,5435.0
1008,110237,37.0,7175.0,1209.0,5437.0
1009,110351,32.0,7186.0,1212.0,5442.0
1010,110559,47.0,7184.0,1211.0,5443.0
1011,110675,37.0,7184.0,1212.0,5442.0
1012,110782,35.0,7188.0,1216.0,5437.0
1013,110890,36.0,7181.0,1215.0,5434.0
1014,110987,32.0,7182.0,1214.0,5433.0
1015,111078,36.0,7201.0,1230.0,5438.0
1016,111178,36.0,7213.0,1241.0,5430.0
1017,111274,33.0,7213.0,1239.0,5431.0
1018,111378,32.0,7209.0,1236.0,5432.0
1019,111473,33.0,7218.0,1240.0,5440.0
1020,111579,37.0,7228.0,1249.0,5440.0
1021,111786,33.0,7251.0,1267.0,5448.0
1022,111900,33.0,7249.0,1268.0,5445.0
1023,111994,33.0,7257.0,1276.0,5443.0
1024,112081,33.0,7259.0,1283.0,5440.0
1025,112189,34.0,7267.0,1287.0,5446.0
1026,112289,37.0,7268.0,1287.0,5443.0
1027,112393,37.0,7286.0,1304.0,5438.0
1028,112514,33.0,7285.0,1302.0,5442.0
1029,112601,33.0,7292.0,1309.0,5442.0
1030,112709,34.0,7299.0,1314.0,5447.0
1031,112812,36.0,7301.0,1316.0,5448.0
1032,113049,143.0,7305.0,1313.0,5455.0
1033,113158,33.0,7310.0,1317.0,5454.0
1034,113258,35.0,7310.0,1310.0,5464.0
1035,113361,33.0,7310.0,1303.0,5472.0
1036,113464,36.0,7311.0,1303.0,5471.0
1037,113570,37.0,7320.0,1309.0,5473.0
1038,113685,37.0,7320.0,1308.0,5475.0
1039,113792,33.0,7328.0,1312.0,5480.0
1040,113917,42.0,7325.0,1288.0,5506.0
1041,114031,32.0,7325.0,1254.0,5542.0
1042,114144,35.0,7339.0,1250.0,5568.0
1043,114373,136.0,7342.0,1232.0,5591.0
1044,114488,33.0,7341.0,1216.0,5607.0
1045,114586,34.0,7355.0,1216.0,5618.0
1046,114689,33.0,7373.0,1225.0,5622.0
1047,114805,34.0,7374.0,1217.0,5639.0
1048,114915,38.0,7387.0,1211.0,5657.0
1049,115019,33.0,7386.0,1191.0,5678.0
1050,115122,35.0,7404.0,1204.0,5682.0
1051,115239,33.0,7404.0,1200.0,5687.0
1052,115346,35.0,7400.0,1179.0,5713.0
1053,115462,33.0,7404.0,1164.0,5729.0
1054,115575,35.0,7409.0,1154.0,5749.0
1055,115810,167.0,7429.0,1163.0,5767.0
1056,115925,38.0,7425.0,1147.0,5777.0
1057,116031,32.0,7419.0,1137.0,5786.0
1058,116146,33.0,7428.0,1139.0,5798.0
1059,116252,34.0,7431.0,1121.0,5818.0
1060,116357,34.0,7442.0,1107.0,5848.0
1061,116470,33.0,7445.0,1102.0,5862.0
1062,116575,34.0,7448.0,1096.0,5871.0
1063,116687,34.0,7448.0,1089.0,5878.0
1064,116792,34.0,7453.0,1093.0,5882.0
1065,116897,36.0,7465.0,1079.0,5904.0
1066,117018,36.0,7470.0,1074.0,5914.0
1067,117238,162.0,7475.0,1079.0,5912.0
1068,117362,41.0,7479.0,1062.0,5934.0
1069,117489,48.0,7491.0,1054.0,5952.0
1070,117606,37.0,7486.0,1040.0,5966.0
1071,117715,35.0,7485.0,1036.0,5969.0
1072,117799,35.0,7491.0,1032.0,5984.0
1073,117898,35.0,7504.0,1045.0,5982.0
1074,118006,36.0,7501.0,1021.0,6008.0
1075,118123,40.0,7500.0,1000.0,6042.0
1076,118235,39.0,7513.0,1000.0,6049.0
1077,118334,39.0,7528.0,1010.0,6055.0
1078,118437,38.0,7526.0,1010.0,6053.0
1079,118658,35.0,7552.0,1030.0,6063.0
1080,118739,35.0,7556.0,1028.0,6065.0
1081,118840,36.0,7557.0,1011.0,6081.0
1082,118944,37.0,7574.0,1016.0,6090.0
1083,119061,42.0,7590.0,1025.0,6094.0
1084,119179,39.0,7610.0,1040.0,6092.0
1085,119284,34.0,7622.0,1046.0,6094.0
1086,119388,35.0,7618.0,1032.0,6111.0
1087,119503,37.0,7629.0,1038.0,6115.0
1088,119616,38.0,7621.0,1009.0,6138.0
1089,119724,39.0,7613.0,1010.0,6128.0
1090,119938,162.0,7629.0,1026.0,6125.0
1091,120054,39.0,7623.0,1013.0,6136.0
1092,120154,35.0,7630.0,1002.0,6153.0
1093,120253,35.0,7632.0,992.0,6168.0
1094,120349,41.0,7658.0,1008.0,6169.0
1095,120458,36.0,7661.0,1010.0,6170.0
1096,120567,35.0,7666.0,1008.0,6184.0
1097,120671,36.0,7667.0,1006.0,6189.0
1098,120772,36.0,7666.0,986.0,6209.0
1099,120881,36.0,7666.0,986.0,6214.0
1100,120974,36.0,7666.0,982.0,6222.0
1101,121215,36.0,7674.0,988.0,6224.0
1102,121320,36.0,7684.0,986.0,6231.0
1103,121430,37.0,7688.0,981.0,6241.0
1104,121533,38.0,7704.0,985.0,6253.0
1105,121633,35.0,7705.0,973.0,6275.0
1106,121725,35.0,7712.0,979.0,6275.0
1107,121831,35.0,7714.0,985.0,6266.0
1108,121944,35.0,7713.0,968.0,6290.0
1109,122054,36.0,7711.0,969.0,6287.0
1110,122160,36.0,7716.0,960.0,6306.0
1111,122381,158.0,7719.0,964.0,6299.0
1112,122497,36.0,7723.0,960.0,6307.0
1113,122597,36.0,7723.0,962.0,6305.0
1114,122703,39.0,7722.0,955.0,6310.0
1115,122817,36.0,7725.0,945.0,6328.0
1116,122916,36.0,7734.0,953.0,6331.0
1117,123026,36.0,7740.0,954.0,6329.0
1118,123121,36.0,7750.0,966.0,6324.0
1119,123234,37.0,7750.0,962.0,6326.0
1120,123339,40.0,7752.0,957.0,6336.0
1121,123445,38.0,7771.0,966.0,6348.0
1122,123694,45.0,7772.0,960.0,6373.0
1123,123805,36.0,7772.0,959.0,6371.0
1124,123914,37.0,7780.0,967.0,6370.0
1125,124017,34.0,7776.0,968.0,6365.0
1126,124118,39.0,7790.0,974.0,6369.0
1127,124225,40.0,7784.0,969.0,6371.0
1128,124327,36.0,7781.0,956.0,6383.0
1129,124438,37.0,7796.0,968.0,6388.0
1130,124545,40.0,7815.0,982.0,6399.0
1131,124641,35.0,7826.0,993.0,6395.0
1132,124869,155.0,7827.0,999.0,6390.0
1133,124965,36.0,7833.0,1005.0,6387.0
1134,125085,36.0,7840.0,1012.0,6384.0
1135,125193,36.0,7848.0,1015.0,6387.0
1136,125297,37.0,7850.0,1017.0,6386.0
1137,125404,40.0,7850.0,1017.0,6386.0
1138,125516,37.0,7850.0,1017.0,6386.0
1139,125621,38.0,7862.0,1033.0,6382.0
1140,125709,36.0,7879.0,1052.0,6375.0
1141,125829,42.0,7884.0,1057.0,6375.0
1142,126060,159.0,7890.0,1064.0,6373.0
1143,126174,38.0,7890.0,1064.0,6373.0
1144,126273,39.0,7895.0,1072.0,6370.0
1145,126373,38.0,7903.0,1078.0,6370.0
1146,126477,38.0,7903.0,1080.0,6368.0
1147,126589,40.0,7904.0,1081.0,6366.0
1148,126693,39.0,7921.0,1098.0,6365.0
1149,126799,39.0,7931.0,1106.0,6363.0
1150,126915,39.0,7927.0,1106.0,6359.0
1151,127028,41.0,7936.0,1116.0,6358.0
1152,127271,166.0,7935.0,1117.0,6354.0
1153,127389,38.0,7942.0,1124.0,6352.0
1154,127481,39.0,7942.0,1124.0,6352.0
1155,127597,44.0,7947.0,1129.0,6347.0
1156,127692,37.0,7954.0,1136.0,6347.0
1157,127796,38.0,7969.0,1151.0,6345.0
1158,127905,37.0,7969.0,1132.0,6364.0
1159,128023,43.0,7973.0,1128.0,6368.0
1160,128123,46.0,7988.0,1141.0,6369.0
1161,128212,36.0,7992.0,1145.0,6366.0
1162,128321,38.0,8004.0,1155.0,6365.0
1163,128582,37.0,8005.0,1141.0,6387.0
1164,128676,36.0,8013.0,1145.0,6389.0
1165,128781,36.0,8020.0,1153.0,6388.0
1166,128897,42.0,8034.0,1169.0,6386.0
1167,129011,37.0,8044.0,1166.0,6398.0
1168,129132,45.0,8041.0,1166.0,6395.0
1169,129228,41.0,8055.0,1166.0,6404.0
1170,129331,37.0,8055.0,1156.0,6411.0
1171,129427,35.0,8055.0,1153.0,6414.0
1172,129538,37.0,8051.0,1145.0,6423.0
1173,129749,152.0,8054.0,1128.0,6444.0
1174,129855,41.0,8068.0,1137.0,6447.0
1175,129965,40.0,8072.0,1144.0,6444.0
1176,130065,43.0,8073.0,1143.0,6446.0
1177,130162,40.0,8071.0,1136.0,6451.0
1178,130286,37.0,8072.0,1133.0,6456.0
1179,130395,43.0,8075.0,1136.0,6455.0
1180,130496,38.0,8072.0,1129.0,6460.0
1181,130599,37.0,8085.0,1137.0,6463.0
1182,130699,36.0,8097.0,1127.0,6487.0
1183,130897,150.0,8104.0,1121.0,6501.0
1184,131016,37.0,8119.0,1137.0,6499.0
1185,131117,38.0,8126.0,1138.0,6507.0
1186,131236,52.0,8148.0,1157.0,6509.0
1187,131348,39.0,8150.0,1160.0,6507.0
1188,131450,37.0,8164.0,1169.0,6512.0
1189,131574,40.0,8164.0,1170.0,6511.0
1190,131681,37.0,8164.0,1174.0,6507.0
1191,131801,40.0,8160.0,1156.0,6531.0
1192,131918,37.0,8155.0,1137.0,6549.0
1193,132151,164.0,8155.0,1138.0,6548.0
1194,132270,40.0,8162.0,1136.0,6556.0
1195,132383,44.0,8160.0,1133.0,6557.0
1196,132493,41.0,8157.0,1128.0,6559.0
1197,132601,37.0,8167.0,1134.0,6559.0
1198,132708,38.0,8172.0,1139.0,6555.0
1199,132819,38.0,8179.0,1144.0,6554.0
1200,132918,38.0,8180.0,1134.0,6565.0
1201,133019,39.0,8194.0,1146.0,6565.0
1202,133110,38.0,8192.0,1136.0,6576.0
1203,133214,39.0,8199.0,1136.0,6575.0
1204,133480,184.0,8209.0,1121.0,6600.0
1205,133584,41.0,8218.0,1133.0,6596.0
1206,133690,40.0,8227.0,1147.0,6591.0
1207,133786,40.0,8235.0,1145.0,6597.0
1208,133885,38.0,8240.0,1150.0,6596.0
1209,133993,37.0,8246.0,1155.0,6598.0
1210,134104,38.0,8253.0,1161.0,6593.0
1211,134213,38.0,8254.0,1162.0,6593.0
1212,134338,41.0,8259.0,1166.0,6595.0
1213,134433,39.0,8278.0,1182.0,6600.0
1214,134652,153.0,8275.0,1180.0,6595.0
1215,134764,40.0,8278.0,1186.0,6592.0
1216,134873,42.0,8279.0,1186.0,6596.0
1217,134979,39.0,8283.0,1192.0,6595.0
1218,135079,40.0,8292.0,1205.0,6589.0
1219,135176,38.0,8294.0,1210.0,6586.0
1220,135290,40.0,8290.0,1199.0,6594.0
1221,135403,39.0,8287.0,1198.0,6594.0
1222,135499,44.0,8297.0,1204.0,6599.0
1223,135597,38.0,8312.0,1207.0,6606.0
1224,135716,42.0,8322.0,1203.0,6621.0
1225,135955,174.0,8330.0,1207.0,6627.0
1226,136087,40.0,8333.0,1202.0,6632.0
1227,136200,38.0,8338.0,1204.0,6635.0
1228,136300,38.0,8352.0,1212.0,6637.0
1229,136410,40.0,8366.0,1224.0,6637.0
1230,136510,38.0,8374.0,1228.0,6639.0
1231,136597,38.0,8373.0,1225.0,6642.0
1232,136699,38.0,8380.0,1219.0,6656.0
1233,136821,39.0,8380.0,1205.0,6671.0
1234,136930,44.0,8374.0,1200.0,6672.0
1235,137041,37.0,8383.0,1212.0,6662.0
1236,139196,40.0,8384.0,1149.0,6741.0
1237,139304,45.0,8394.0,1159.0,6740.0
1238,139437,39.0,8406.0,1166.0,6747.0
1239,139551,44.0,8417.0,1176.0,6748.0
1240,139651,39.0,8421.0,1180.0,6747.0
1241,139758,41.0,8430.0,1184.0,6744.0
1242,139861,39.0,8427.0,1180.0,6746.0
1243,139962,43.0,8425.0,1181.0,6739.0
1244,140082,43.0,8432.0,1175.0,6754.0
1245,140180,39.0,8439.0,1171.0,6757.0
1246,140279,41.0,8446.0,1176.0,6758.0
1247,140431,44.0,8450.0,1180.0,6754.0
1248,140535,36.0,8452.0,1184.0,6749.0
1249,140626,41.0,8461.0,1193.0,6747.0
1250,140729,40.0,8475.0,1201.0,6753.0
1251,140842,41.0,8468.0,1193.0,6755.0
1252,140937,38.0,8472.0,1202.0,6749.0
1253,141030,38.0,8477.0,1202.0,6753.0
1254,141138,40.0,8477.0,1206.0,6757.0
1255,141241,40.0,8494.0,1221.0,6753.0
1256,141357,41.0,8494.0,1221.0,6753.0
1257,141461,48.0,8508.0,1233.0,6754.0
1258,141614,39.0,8515.0,1237.0,6754.0
1259,141730,42.0,8530.0,1253.0,6752.0
1260,141833,44.0,8530.0,1248.0,6762.0
1261,141931,44.0,8532.0,1249.0,6762.0
1262,142036,40.0,8532.0,1247.0,6765.0
1263,142149,41.0,8532.0,1248.0,6764.0
1264,142265,45.0,8533.0,1244.0,6771.0
1265,142353,39.0,8534.0,1245.0,6762.0
1266,142465,45.0,8536.0,1244.0,6764.0
1267,142586,39.0,8535.0,1244.0,6761.0
1268,142754,43.0,8541.0,1237.0,6773.0
1269,142869,41.0,8542.0,1236.0,6775.0
1270,142969,41.0,8549.0,1244.0,6768.0
1271,143058,40.0,8555.0,1250.0,6768.0
1272,143171,41.0,8552.0,1252.0,6761.0
1273,143284,44.0,8545.0,1250.0,6758.0
1274,143393,46.0,8549.0,1251.0,6762.0
1275,143503,47.0,8552.0,1248.0,6767.0
1276,143608,42.0,8554.0,1253.0,6760.0
1277,143705,42.0,8570.0,1269.0,6754.0
1278,143890,41.0,8573.0,1243.0,6789.0
1279,144016,45.0,8590.0,1244.0,6805.0
1280,144138,45.0,8600.0,1233.0,6828.0
1281,144247,45.0,8606.0,1235.0,6826.0
1282,144362,39.0,8604.0,1236.0,6823.0
1283,144477,38.0,8612.0,1215.0,6854.0
1284,144599,39.0,8620.0,1209.0,6868.0
1285,144727,42.0,8624.0,1202.0,6886.0
1286,144840,46.0,8624.0,1185.0,6905.0
1287,145009,101.0,8629.0,1154.0,6956.0
1288,145121,42.0,8637.0,1138.0,6990.0
1289,145233,42.0,8634.0,1138.0,6987.0
1290,145343,44.0,8628.0,1134.0,6978.0
1291,145456,43.0,8624.0,1125.0,6989.0
1292,145571,37.0,8627.0,1111.0,7007.0
1293,145687,45.0,8624.0,1081.0,7041.0
1294,145803,41.0,8617.0,1082.0,7033.0
1295,145927,42.0,8623.0,1086.0,7030.0
1296,146033,42.0,8632.0,1073.0,7063.0
1297,146211,42.0,8650.0,1067.0,7090.0
1298,146336,44.0,8653.0,1049.0,7116.0
1299,146435,42.0,8675.0,1055.0,7130.0
1300,146542,39.0,8691.0,1059.0,7146.0
1301,146649,38.0,8701.0,1055.0,7157.0
1302,146737,40.0,8699.0,1041.0,7176.0
1303,146840,40.0,8708.0,1030.0,7199.0
1304,146953,38.0,8704.0,1034.0,7188.0
1305,147062,41.0,8703.0,1014.0,7210.0
1306,147229,99.0,8702.0,1016.0,7211.0
1307,147350,49.0,8704.0,1010.0,7223.0
1308,147465,40.0,8712.0,1016.0,7225.0
1309,147594,42.0,8708.0,1008.0,7238.0
1310,147734,44.0,8707.0,992.0,7265.0
1311,147836,39.0,8714.0,993.0,7272.0
1312,147949,39.0,8716.0,984.0,7283.0
1313,148061,45.0,8717.0,962.0,7306.0
1314,148209,59.0,8718.0,950.0,7325.0
1315,148335,46.0,8723.0,950.0,7330.0
1316,148530,43.0,8726.0,940.0,7346.0
1317,148646,41.0,8733.0,947.0,7344.0
1318,148755,38.0,8735.0,940.0,7349.0
1319,148868,39.0,8742.0,947.0,7349.0
1320,148983,41.0,8738.0,940.0,7364.0
1321,149093,40.0,8741.0,945.0,7362.0
1322,149213,44.0,8735.0,926.0,7382.0
1323,149330,47.0,8741.0,925.0,7385.0
1324,149448,40.0,8743.0,916.0,7404.0
1325,149544,40.0,8746.0,914.0,7415.0
1326,149756,50.0,8756.0,920.0,7420.0
1327,149872,40.0,8766.0,931.0,7415.0
1328,150012,46.0,8772.0,925.0,7435.0
1329,150117,46.0,8773.0,924.0,7439.0
1330,150241,39.0,8770.0,894.0,7476.0
1331,150354,42.0,8770.0,890.0,7485.0
1332,150459,39.0,8782.0,894.0,7493.0
1333,150561,39.0,8787.0,890.0,7499.0
1334,150681,40.0,8799.0,900.0,7501.0
1335,150858,125.0,8806.0,902.0,7505.0
1336,150968,43.0,8821.0,894.0,7529.0
1337,151074,46.0,8826.0,895.0,7536.0
1338,151172,44.0,8831.0,900.0,7535.0
1339,151281,41.0,8828.0,892.0,7540.0
1340,151392,43.0,8833.0,887.0,7550.0
1341,151508,39.0,8826.0,875.0,7556.0
1342,151616,43.0,8824.0,867.0,7562.0
1343,151735,41.0,8826.0,864.0,7568.0
1344,151856,42.0,8832.0,859.0,7584.0
1345,151967,41.0,8837.0,860.0,7586.0
1346,152195,41.0,8841.0,847.0,7615.0
1347,152312,43.0,8840.0,847.0,7614.0
1348,152417,39.0,8845.0,850.0,7620.0
1349,152523,42.0,8845.0,840.0,7638.0
1350,152633,41.0,8852.0,847.0,7636.0
1351,152739,39.0,8858.0,847.0,7644.0
1352,152855,45.0,8864.0,839.0,7654.0
1353,152945,40.0,8877.0,835.0,7666.0
1354,153065,40.0,8885.0,835.0,7672.0
1355,153177,42.0,8891.0,833.0,7684.0
1356,153385,127.0,8891.0,827.0,7690.0
1357,153507,43.0,8895.0,825.0,7696.0
1358,153625,46.0,8902.0,839.0,7681.0
1359,153733,40.0,8907.0,838.0,7690.0
1360,153851,47.0,8908.0,835.0,7695.0
1361,153987,46.0,8914.0,823.0,7712.0
1362,154102,46.0,8921.0,829.0,7704.0
1363,154213,45.0,8942.0,848.0,7702.0
1364,154317,42.0,8950.0,844.0,7711.0
1365,154405,41.0,8960.0,855.0,7707.0
1366,154527,44.0,8973.0,858.0,7712.0
1367,154751,141.0,8983.0,864.0,7714.0
1368,154862,45.0,8982.0,864.0,7713.0
1369,154994,45.0,8985.0,851.0,7728.0
1370,155102,42.0,8992.0,862.0,7720.0
1371,155238,51.0,8990.0,856.0,7725.0
1372,155369,48.0,8985.0,834.0,7740.0
1373,155484,45.0,8987.0,837.0,7733.0
1374,155598,40.0,9000.0,850.0,7733.0
1375,155718,49.0,9001.0,847.0,7741.0
1376,155832,46.0,9006.0,855.0,7734.0
1377,155933,41.0,9011.0,844.0,7751.0
1378,156244,239.0,9011.0,844.0,7751.0
1379,156346,44.0,9011.0,822.0,7782.0
1380,156466,41.0,9000.0,822.0,7771.0
1381,156570,39.0,9008.0,827.0,7772.0
1382,156677,41.0,9009.0,820.0,7773.0
1383,156791,46.0,9023.0,833.0,7767.0
1384,156904,43.0,9028.0,828.0,7780.0
1385,157003,45.0,9028.0,820.0,7793.0
1386,157118,45.0,9028.0,813.0,7799.0
1387,157213,44.0,9028.0,802.0,7814.0
1388,157313,43.0,9037.0,811.0,7813.0
1389,157443,44.0,9053.0,818.0,7826.0
1390,157697,42.0,9053.0,792.0,7857.0
1391,157816,45.0,9050.0,789.0,7857.0
1392,157969,46.0,9050.0,787.0,7864.0
1393,158110,49.0,9050.0,787.0,7864.0
1394,158277,97.0,9051.0,787.0,7865.0
1395,158447,44.0,9055.0,789.0,7868.0
1396,158613,66.0,9054.0,792.0,7864.0
1397,158726,41.0,9056.0,790.0,7862.0
1398,158840,45.0,9069.0,802.0,7858.0
1399,158962,56.0,9065.0,800.0,7858.0
1400,159124,82.0,9065.0,793.0,7865.0
1401,159343,44.0,9077.0,788.0,7885.0
1402,159448,41.0,9081.0,789.0,7883.0
1403,159551,42.0,9091.0,798.0,7878.0
1404,159660,41.0,9099.0,805.0,7878.0
1405,159770,47.0,9103.0,811.0,7874.0
1406,159873,45.0,9113.0,807.0,7888.0
1407,159993,42.0,9112.0,813.0,7878.0
1408,160109,42.0,9112.0,813.0,7878.0
1409,160225,44.0,9117.0,816.0,7881.0
1410,160346,45.0,9120.0,818.0,7883.0
1411,160568,157.0,9135.0,833.0,7879.0
1412,160682,44.0,9141.0,841.0,7877.0
1413,160788,42.0,9154.0,849.0,7880.0
1414,160909,41.0,9153.0,849.0,7879.0
1415,161004,41.0,9147.0,848.0,7871.0
1416,161121,45.0,9157.0,857.0,7867.0
1417,161227,41.0,9151.0,858.0,7860.0
1418,161338,41.0,9175.0,881.0,7858.0
1419,161447,43.0,9175.0,881.0,7858.0
1420,161560,44.0,9185.0,889.0,7857.0
1421,161785,155.0,9193.0,890.0,7865.0
1422,161905,44.0,9195.0,893.0,7862.0
1423,162007,42.0,9192.0,883.0,7873.0
1424,162127,40.0,9191.0,888.0,7863.0
1425,162232,48.0,9196.0,887.0,7869.0
1426,162341,48.0,9207.0,886.0,7884.0
1427,162448,43.0,9205.0,885.0,7884.0
1428,162554,41.0,9219.0,892.0,7889.0
1429,162670,43.0,9234.0,905.0,7891.0
1430,162778,45.0,9231.0,905.0,7888.0
1431,163009,166.0,9239.0,911.0,7888.0
1432,163129,42.0,9230.0,907.0,7883.0
1433,163230,39.0,9230.0,904.0,7888.0
1434,163335,47.0,9240.0,911.0,7889.0
1435,163439,44.0,9245.0,920.0,7885.0
1436,163545,42.0,9254.0,919.0,7894.0
1437,163660,44.0,9266.0,931.0,7887.0
1438,163770,47.0,9266.0,926.0,7891.0
1439,163886,48.0,9277.0,936.0,7888.0
1440,164002,47.0,9276.0,937.0,7890.0
1441,164239,165.0,9277.0,937.0,7892.0
1442,164357,43.0,9283.0,941.0,7897.0
1443,164469,43.0,9287.0,942.0,7899.0
1444,164588,48.0,9312.0,958.0,7905.0
1445,164706,45.0,9317.0,963.0,7902.0
1446,164820,46.0,9325.0,957.0,7915.0
1447,164953,56.0,9329.0,959.0,7917.0
1448,165063,46.0,9332.0,954.0,7929.0
1449,165174,41.0,9335.0,949.0,7934.0
1450,165284,47.0,9334.0,941.0,7944.0
1451,165525,173.0,9337.0,945.0,7941.0
1452,165639,47.0,9344.0,948.0,7946.0
1453,165751,46.0,9355.0,952.0,7947.0
1454,165854,42.0,9362.0,960.0,7942.0
1455,165969,48.0,9377.0,975.0,7938.0
1456,166081,42.0,9373.0,978.0,7927.0
1457,166198,42.0,9382.0,986.0,7927.0
1458,166313,45.0,9385.0,987.0,7926.0
1459,166410,49.0,9388.0,995.0,7911.0
1460,166544,42.0,9394.0,1001.0,7910.0
1461,166791,184.0,9395.0,997.0,7913.0
1462,166903,44.0,9400.0,1005.0,7908.0
1463,167014,43.0,9402.0,1006.0,7905.0
1464,167144,55.0,9409.0,1020.0,7898.0
1465,167263,48.0,9414.0,1027.0,7896.0
1466,167383,47.0,9414.0,1027.0,7896.0
1467,167486,47.0,9414.0,1027.0,7896.0
1468,167602,46.0,9411.0,1027.0,7893.0
1469,167713,46.0,9408.0,1027.0,7890.0
1470,167828,48.0,9417.0,1036.0,7886.0
1471,168073,167.0,9424.0,1050.0,7878.0
1472,168183,42.0,9426.0,1056.0,7873.0
1473,168299,42.0,9435.0,1065.0,7871.0
1474,168410,43.0,9438.0,1071.0,7867.0
1475,168531,45.0,9448.0,1081.0,7867.0
1476,168654,54.0,9444.0,1081.0,7863.0
1477,168759,46.0,9448.0,1088.0,7857.0
1478,168871,44.0,9456.0,1096.0,7857.0
1479,168988,49.0,9463.0,1103.0,7851.0
1480,169106,45.0,9465.0,1106.0,7843.0
1481,169339,45.0,9461.0,1090.0,7860.0
1482,169453,43.0,9466.0,1094.0,7859.0
1483,169567,48.0,9464.0,1090.0,7858.0
1484,169675,47.0,9469.0,1092.0,7858.0
1485,169785,47.0,9474.0,1093.0,7860.0
1486,169907,44.0,9473.0,1091.0,7859.0
1487,170028,50.0,9468.0,1091.0,7853.0
1488,170138,47.0,9485.0,1099.0,7849.0
1489,170240,49.0,9486.0,1100.0,7843.0
1490,170492,172.0,9491.0,1108.0,7836.0
1491,170598,42.0,9496.0,1110.0,7839.0
1492,170719,46.0,9493.0,1115.0,7825.0
1493,170835,48.0,9494.0,1113.0,7828.0
1494,170938,44.0,9495.0,1113.0,7828.0
1495,171049,43.0,9488.0,1113.0,7821.0
1496,171152,43.0,9490.0,1111.0,7825.0
1497,171254,43.0,9497.0,1122.0,7818.0
1498,171366,51.0,9497.0,1121.0,7819.0
1499,171475,45.0,9516.0,1140.0,7818.0
1500,171715,174.0,9523.0,1143.0,7817.0
1501,171835,47.0,9525.0,1140.0,7825.0
1502,171956,49.0,9531.0,1141.0,7833.0
1503,172067,47.0,9536.0,1142.0,7835.0
1504,172192,56.0,9538.0,1144.0,7836.0
1505,172305,47.0,9550.0,1151.0,7841.0
1506,172416,48.0,9543.0,1146.0,7841.0
1507,172582,102.0,9552.0,1154.0,7843.0
1508,172700,56.0,9560.0,1151.0,7854.0
1509,173178,421.0,9560.0,1143.0,7865.0
1510,173538,285.0,9563.0,1141.0,7873.0
1511,173674,54.0,9565.0,1143.0,7872.0
1512,173815,52.0,9573.0,1152.0,7870.0
1513,173961,51.0,9568.0,1123.0,7911.0
1514,174093,54.0,9588.0,1119.0,7927.0
1515,174233,53.0,9600.0,1101.0,7966.0
1516,174382,54.0,9602.0,1095.0,7970.0
1517,174527,52.0,9600.0,1065.0,8008.0
1518,174675,50.0,9601.0,1057.0,8024.0
1519,174800,47.0,9612.0,1064.0,8028.0
1520,175052,47.0,9610.0,1043.0,8044.0
1521,175188,46.0,9614.0,1020.0,8101.0
1522,175305,45.0,9621.0,1013.0,8121.0
1523,175428,49.0,9633.0,1008.0,8135.0
1524,175578,62.0,9640.0,986.0,8174.0
1525,175787,56.0,9637.0,949.0,8215.0
1526,175927,49.0,9636.0,952.0,8212.0
1527,176040,45.0,9631.0,939.0,8226.0
1528,176146,46.0,9641.0,941.0,8229.0
1529,176277,50.0,9650.0,931.0,8248.0
1530,176527,47.0,9649.0,905.0,8279.0
1531,176654,47.0,9651.0,899.0,8288.0
1532,176782,54.0,9649.0,880.0,8308.0
1533,176923,48.0,9656.0,877.0,8314.0
1534,177039,47.0,9662.0,879.0,8321.0
1535,177163,46.0,9681.0,891.0,8326.0
1536,177284,47.0,9684.0,897.0,8323.0
1537,177398,47.0,9692.0,907.0,8318.0
1538,177518,48.0,9700.0,908.0,8326.0
1539,177635,45.0,9709.0,917.0,8326.0
1540,177866,49.0,9721.0,913.0,8345.0
1541,177998,50.0,9721.0,908.0,8355.0
1542,178121,53.0,9743.0,924.0,8357.0
1543,178238,50.0,9756.0,925.0,8357.0
1544,178364,51.0,9755.0,915.0,8365.0
1545,178494,53.0,9757.0,918.0,8364.0
1546,178621,49.0,9765.0,905.0,8391.0
1547,178745,49.0,9765.0,891.0,8409.0
1548,178985,48.0,9767.0,858.0,8454.0
1549,179102,47.0,9776.0,863.0,8447.0
1550,179398,51.0,9778.0,852.0,8464.0
1551,179516,47.0,9784.0,849.0,8472.0
1552,179634,48.0,9789.0,853.0,8475.0
1553,179740,45.0,9795.0,852.0,8471.0
1554,179874,49.0,9791.0,854.0,8465.0
1555,179995,50.0,9800.0,847.0,8479.0
1556,180122,49.0,9801.0,842.0,8485.0
1557,180242,49.0,9801.0,834.0,8494.0
1558,180390,57.0,9799.0,828.0,8496.0
1559,180491,48.0,9811.0,834.0,8509.0
1560,180846,55.0,9809.0,814.0,8537.0
1561,180969,50.0,9802.0,813.0,8534.0
1562,181104,51.0,9808.0,814.0,8540.0
1563,181223,45.0,9809.0,810.0,8545.0
1564,181341,49.0,9810.0,813.0,8543.0
1565,181485,51.0,9815.0,811.0,8552.0
1566,181624,50.0,9815.0,799.0,8570.0
1567,181748,51.0,9822.0,800.0,8578.0
1568,181862,46.0,9834.0,808.0,8580.0
1569,181982,53.0,9840.0,807.0,8588.0
1570,182253,194.0,9841.0,812.0,8584.0
1571,182383,49.0,9839.0,809.0,8586.0
1572,182496,47.0,9854.0,816.0,8585.0
1573,182602,45.0,9850.0,809.0,8595.0
1574,182705,45.0,9850.0,795.0,8612.0
1575,182814,48.0,9849.0,783.0,8622.0
1576,182931,48.0,9856.0,776.0,8644.0
1577,183054,50.0,9861.0,775.0,8654.0
1578,183189,49.0,9862.0,751.0,8687.0
1579,183307,48.0,9859.0,747.0,8689.0
1580,183441,48.0,9868.0,760.0,8682.0
1581,183643,51.0,9892.0,766.0,8709.0
1582,183773,47.0,9896.0,773.0,8707.0
1583,183890,52.0,9898.0,768.0,8712.0
1584,184013,50.0,9903.0,756.0,8729.0
1585,184137,52.0,9916.0,761.0,8743.0
1586,184260,52.0,9916.0,752.0,8754.0
1587,184383,52.0,9915.0,745.0,8766.0
1588,184518,53.0,9932.0,761.0,8762.0
1589,184631,47.0,9942.0,773.0,8758.0
1590,184757,54.0,9944.0,778.0,8754.0
1591,187189,2358.0,9943.0,774.0,8756.0
1592,187308,47.0,9953.0,697.0,8852.0
1593,187419,50.0,9964.0,697.0,8871.0
1594,187566,50.0,9963.0,703.0,8862.0
1595,187682,49.0,9962.0,704.0,8858.0
1596,187806,48.0,9952.0,693.0,8862.0
1597,187921,51.0,9956.0,692.0,8868.0
1598,188060,51.0,9967.0,695.0,8871.0
1599,188181,52.0,9967.0,699.0,8867.0
1600,188330,53.0,9974.0,692.0,8880.0
1601,188449,45.0,9974.0,696.0,8867.0
1602,188621,88.0,9989.0,706.0,8872.0
1603,188731,49.0,9988.0,694.0,8889.0
1604,188839,48.0,9990.0,694.0,8881.0
1605,188960,48.0,9996.0,700.0,8881.0
1606,189074,55.0,10005.0,702.0,8886.0
1607,189202,49.0,10019.0,716.0,8880.0
1608,189317,50.0,10021.0,718.0,8880.0
1609,189423,46.0,10030.0,726.0,8883.0
1610,189538,56.0,10042.0,727.0,8902.0
1611,189660,51.0,10042.0,718.0,8913.0
1612,189846,91.0,10042.0,713.0,8920.0
1613,189970,45.0,10042.0,701.0,8937.0
1614,190092,48.0,10054.0,712.0,8934.0
1615,190212,51.0,10063.0,721.0,8934.0
1616,190325,50.0,10065.0,725.0,8932.0
1617,190446,48.0,10083.0,739.0,8934.0
1618,190565,49.0,10096.0,752.0,8928.0
1619,190696,49.0,10097.0,753.0,8928.0
1620,190809,51.0,10126.0,767.0,8937.0
1621,190934,50.0,10136.0,774.0,8938.0
1622,191042,49.0,10151.0,785.0,8941.0
1623,191213,50.0,10151.0,778.0,8948.0
1624,191324,49.0,10151.0,777.0,8951.0
1625,191440,47.0,10155.0,781.0,8951.0
1626,191567,48.0,10161.0,788.0,8949.0
1627,191689,47.0,10164.0,795.0,8942.0
1628,191811,52.0,10179.0,807.0,8940.0
1629,191932,47.0,10184.0,810.0,8939.0
1630,192050,47.0,10184.0,803.0,8947.0
1631,192165,49.0,10195.0,808.0,8961.0
1632,192346,45.0,10205.0,811.0,8960.0
1633,192451,47.0,10215.0,818.0,8964.0
1634,192556,44.0,10222.0,828.0,8962.0
1635,192673,46.0,10229.0,839.0,8957.0
1636,192775,48.0,10234.0,836.0,8965.0
1637,192896,47.0,10246.0,847.0,8970.0
1638,193016,49.0,10259.0,862.0,8964.0
1639,193150,51.0,10269.0,872.0,8960.0
1640,193256,47.0,10267.0,857.0,8978.0
1641,193449,115.0,10266.0,846.0,8986.0
1642,193550,50.0,10270.0,846.0,8994.0
1643,193678,50.0,10273.0,848.0,8989.0
1644,193798,49.0,10274.0,852.0,8985.0
1645,193924,52.0,10280.0,857.0,8979.0
1646,194065,63.0,10283.0,860.0,8973.0
1647,194185,46.0,10284.0,860.0,8973.0
1648,194298,48.0,10301.0,869.0,8975.0
1649,194424,45.0,10302.0,868.0,8980.0
1650,194607,121.0,10317.0,876.0,8980.0
1651,194753,44.0,10321.0,872.0,8987.0
1652,194872,49.0,10321.0,872.0,8987.0
1653,194986,48.0,10335.0,867.0,9009.0
1654,195104,49.0,10342.0,875.0,9008.0
1655,195229,50.0,10346.0,879.0,9006.0
1656,195343,50.0,10352.0,885.0,9006.0
1657,195460,48.0,10354.0,890.0,9001.0
1658,195575,50.0,10356.0,892.0,9001.0
1659,195776,130.0,10357.0,893.0,8999.0
1660,195895,50.0,10363.0,897.0,8997.0
1661,196025,53.0,10368.0,903.0,8994.0
1662,196150,47.0,10357.0,898.0,8988.0
1663,196269,52.0,10358.0,899.0,8986.0
1664,196392,48.0,10366.0,906.0,8986.0
1665,196499,51.0,10386.0,925.0,8986.0
1666,196625,50.0,10392.0,926.0,8991.0
1667,196765,53.0,10390.0,927.0,8988.0
1668,196879,53.0,10387.0,929.0,8984.0
1669,197073,52.0,10388.0,923.0,8992.0
1670,197200,51.0,10387.0,904.0,9021.0
1671,197324,49.0,10385.0,905.0,9017.0
1672,197471,50.0,10387.0,905.0,9020.0
1673,197596,50.0,10388.0,896.0,9028.0
1674,197709,51.0,10402.0,909.0,9020.0
1675,197874,53.0,10420.0,926.0,9019.0
1676,197994,51.0,10422.0,930.0,9016.0
1677,198118,50.0,10423.0,927.0,9017.0
1678,198331,50.0,10420.0,928.0,9013.0
1679,198461,50.0,10418.0,928.0,9011.0
1680,198598,50.0,10422.0,928.0,9014.0
1681,198724,56.0,10426.0,933.0,9009.0
1682,198849,64.0,10426.0,933.0,9009.0
1683,198971,51.0,10425.0,933.0,9008.0
1684,199088,49.0,10435.0,941.0,9009.0
1685,199209,56.0,10435.0,940.0,9013.0
1686,199349,64.0,10444.0,943.0,9023.0
1687,199475,62.0,10456.0,954.0,9022.0
1688,199695,49.0,10463.0,953.0,9033.0
1689,199811,56.0,10468.0,958.0,9033.0
1690,199937,50.0,10468.0,958.0,9033.0
1691,200065,50.0,10460.0,958.0,9025.0
1692,200179,49.0,10471.0,961.0,9030.0
1693,200291,54.0,10470.0,957.0,9036.0
1694,200400,53.0,10472.0,958.0,9037.0
1695,200519,51.0,10471.0,962.0,9032.0
1696,200637,49.0,10471.0,962.0,9032.0
1697,200834,125.0,10480.0,970.0,9032.0
1698,200965,52.0,10480.0,970.0,9032.0
1699,201090,51.0,10486.0,977.0,9031.0
1700,201217,51.0,10487.0,963.0,9042.0
1701,201335,49.0,10493.0,968.0,9039.0
1702,201462,52.0,10498.0,973.0,9033.0
1703,201582,53.0,10499.0,973.0,9034.0
1704,201722,52.0,10499.0,973.0,9034.0
1705,201851,53.0,10496.0,973.0,9031.0
1706,201978,51.0,10511.0,986.0,9028.0
1707,202191,157.0,10510.0,979.0,9034.0
1708,202322,53.0,10512.0,978.0,9039.0
1709,202439,47.0,10512.0,973.0,9047.0
1710,202579,61.0,10515.0,979.0,9044.0
1711,202696,50.0,10530.0,997.0,9032.0
1712,202810,46.0,10546.0,1011.0,9021.0
1713,202936,53.0,10546.0,1011.0,9021.0
1714,203078,49.0,10547.0,1013.0,9019.0
1715,203206,61.0,10547.0,1013.0,9019.0
1716,203347,49.0,10557.0,1026.0,9016.0
1717,203455,51.0,10567.0,1039.0,9010.0
1718,203685,51.0,10567.0,1039.0,9010.0
1719,203789,55.0,10575.0,1047.0,9007.0
1720,203929,62.0,10575.0,1025.0,9030.0
1721,204060,49.0,10575.0,1000.0,9066.0
1722,204185,53.0,10577.0,991.0,9077.0
1723,204329,52.0,10575.0,974.0,9100.0
1724,204449,50.0,10583.0,975.0,9103.0
1725,204584,59.0,10584.0,969.0,9113.0
1726,204716,50.0,10586.0,971.0,9110.0
1727,204850,53.0,10579.0,943.0,9139.0
1728,205084,160.0,10578.0,949.0,9126.0
1729,205212,50.0,10584.0,922.0,9169.0
1730,205350,60.0,10591.0,907.0,9196.0
1731,205495,52.0,10591.0,891.0,9226.0
1732,205610,50.0,10592.0,876.0,9244.0
1733,205742,55.0,10595.0,871.0,9254.0
1734,205866,48.0,10609.0,879.0,9254.0
1735,205991,55.0,10616.0,885.0,9253.0
1736,206123,56.0,10623.0,880.0,9269.0
1737,206255,52.0,10619.0,866.0,9285.0
1738,206380,47.0,10620.0,862.0,9295.0
1739,206633,179.0,10631.0,858.0,9300.0
1740,206772,54.0,10635.0,857.0,9304.0
1741,206897,51.0,10634.0,834.0,9333.0
1742,207015,50.0,10639.0,814.0,9359.0
1743,207138,55.0,10646.0,812.0,9372.0
1744,207262,51.0,10643.0,807.0,9371.0
1745,207403,53.0,10644.0,808.0,9370.0
1746,207527,49.0,10658.0,818.0,9377.0
1747,207660,51.0,10663.0,812.0,9389.0
1748,207803,51.0,10665.0,814.0,9388.0
1749,208054,174.0,10662.0,785.0,9414.0
1750,208185,52.0,10666.0,783.0,9430.0
1751,208310,48.0,10666.0,777.0,9449.0
1752,208445,56.0,10676.0,786.0,9450.0
1753,208578,53.0,10676.0,777.0,9460.0
1754,208702,52.0,10690.0,792.0,9456.0
1755,208822,53.0,10699.0,797.0,9466.0
1756,208960,55.0,10696.0,782.0,9482.0
1757,209081,53.0,10707.0,788.0,9478.0
1758,209206,50.0,10713.0,794.0,9477.0
1759,209436,53.0,10741.0,816.0,9481.0
1760,209579,63.0,10744.0,806.0,9495.0
1761,209725,67.0,10740.0,797.0,9507.0
1762,209859,54.0,10738.0,788.0,9523.0
1763,209987,54.0,10762.0,809.0,9529.0
1764,210120,54.0,10762.0,792.0,9547.0
1765,210255,57.0,10765.0,788.0,9556.0
1766,210366,54.0,10776.0,790.0,9565.0
1767,210482,54.0,10790.0,807.0,9561.0
1768,210713,166.0,10798.0,819.0,9555.0
1769,210834,52.0,10809.0,826.0,9562.0
1770,210956,54.0,10821.0,829.0,9580.0
1771,211073,52.0,10832.0,819.0,9612.0
1772,211203,61.0,10835.0,822.0,9605.0
1773,211325,54.0,10839.0,819.0,9612.0
1774,211450,47.0,10837.0,810.0,9626.0
1775,211577,55.0,10833.0,798.0,9635.0
1776,211695,51.0,10838.0,799.0,9639.0
1777,211809,50.0,10831.0,789.0,9642.0
1778,212051,50.0,10828.0,773.0,9659.0
1779,212176,55.0,10840.0,784.0,9655.0
1780,212333,57.0,10849.0,789.0,9648.0
1781,212454,57.0,10858.0,797.0,9648.0
1782,212586,57.0,10859.0,782.0,9668.0
1783,212702,55.0,10868.0,790.0,9667.0
1784,212830,54.0,10884.0,795.0,9676.0
1785,212958,54.0,10891.0,799.0,9677.0
1786,213102,54.0,10892.0,791.0,9684.0
1787,213408,59.0,10893.0,764.0,9724.0
1788,213591,119.0,10904.0,773.0,9722.0
1789,213756,85.0,10901.0,768.0,9724.0
1790,213896,58.0,10902.0,764.0,9727.0
1791,214018,55.0,10902.0,751.0,9741.0
1792,214152,55.0,10909.0,742.0,9763.0
1793,214296,67.0,10909.0,742.0,9763.0
1794,214419,52.0,10909.0,732.0,9773.0
1795,214561,63.0,10913.0,725.0,9784.0
1796,214849,211.0,10919.0,726.0,9790.0
1797,214991,57.0,10921.0,721.0,9796.0
1798,215139,57.0,10924.0,724.0,9794.0
1799,215254,51.0,10932.0,737.0,9787.0
1800,215390,55.0,10945.0,749.0,9785.0
1801,215507,47.0,10953.0,757.0,9783.0
1802,215634,57.0,10949.0,758.0,9778.0
1803,215774,56.0,10955.0,765.0,9777.0
1804,215907,56.0,10965.0,778.0,9771.0
1805,216185,212.0,10969.0,784.0,9769.0
1806,216395,88.0,10980.0,795.0,9765.0
1807,216662,82.0,10987.0,802.0,9765.0
1808,216790,63.0,10996.0,811.0,9761.0
1809,216944,61.0,10997.0,814.0,9753.0
1810,217092,58.0,10993.0,814.0,9749.0
1811,217221,62.0,10993.0,810.0,9755.0
1812,217365,60.0,11007.0,817.0,9757.0
1813,217544,102.0,11008.0,816.0,9765.0
1814,217799,179.0,11010.0,802.0,9785.0
1815,217951,58.0,11004.0,787.0,9800.0
1816,218099,83.0,11004.0,782.0,9805.0
1817,218252,55.0,11005.0,782.0,9806.0
1818,218380,58.0,11012.0,781.0,9823.0
1819,218500,58.0,11012.0,772.0,9837.0
1820,218643,56.0,11006.0,773.0,9828.0
1821,218768,60.0,11010.0,771.0,9833.0
1822,218904,62.0,11009.0,771.0,9831.0
1823,219260,69.0,11016.0,767.0,9841.0
1824,219402,59.0,11020.0,763.0,9855.0
1825,219535,66.0,11023.0,765.0,9852.0
1826,219693,72.0,11023.0,749.0,9872.0
1827,219878,63.0,11038.0,755.0,9873.0
1828,220013,57.0,11036.0,743.0,9888.0
1829,220123,50.0,11043.0,737.0,9902.0
1830,220242,49.0,11044.0,739.0,9899.0
1831,220388,64.0,11048.0,737.0,9904.0
1832,220667,54.0,11052.0,732.0,9915.0
1833,220790,51.0,11054.0,729.0,9922.0
1834,220910,57.0,11056.0,724.0,9928.0
1835,221030,54.0,11062.0,722.0,9938.0
1836,221171,55.0,11069.0,725.0,9942.0
1837,221309,59.0,11074.0,721.0,9952.0
1838,221427,53.0,11079.0,719.0,9961.0
1839,221561,53.0,11079.0,719.0,9961.0
1840,221821,176.0,11080.0,718.0,9962.0
1841,221944,63.0,11086.0,724.0,9962.0
1842,222077,68.0,11083.0,722.0,9961.0
1843,222227,59.0,11091.0,729.0,9961.0
1844,222365,52.0,11097.0,735.0,9958.0
1845,222499,56.0,11102.0,737.0,9960.0
1846,222627,58.0,11113.0,744.0,9970.0
1847,222769,66.0,11123.0,747.0,9976.0
1848,222904,58.0,11123.0,735.0,9987.0
1849,223031,60.0,11129.0,739.0,9996.0
1850,223277,53.0,11131.0,735.0,10004.0
1851,223401,57.0,11142.0,745.0,10005.0
1852,223527,58.0,11150.0,750.0,10010.0
1853,223661,54.0,11164.0,759.0,10012.0
1854,223792,57.0,11172.0,759.0,10019.0
1855,223915,50.0,11174.0,755.0,10026.0
1856,224042,56.0,11179.0,758.0,10021.0
1857,224175,57.0,11190.0,764.0,10019.0
1858,224303,58.0,11195.0,764.0,10019.0
1859,224544,52.0,11194.0,747.0,10045.0
1860,224670,55.0,11195.0,747.0,10045.0
1861,224788,53.0,11209.0,761.0,10043.0
1862,224893,56.0,11227.0,779.0,10039.0
1863,225026,56.0,11228.0,775.0,10044.0
1864,225152,57.0,11235.0,779.0,10044.0
1865,225279,57.0,11249.0,797.0,10036.0
1866,225403,57.0,11249.0,795.0,10042.0
1867,225529,54.0,11249.0,799.0,10036.0
1868,225761,164.0,11249.0,792.0,10042.0
1869,225891,54.0,11246.0,795.0,10031.0
1870,226007,52.0,11250.0,797.0,10041.0
1871,226124,53.0,11239.0,796.0,10032.0
1872,226258,57.0,11241.0,796.0,10033.0
1873,226397,54.0,11245.0,799.0,10033.0
1874,226538,63.0,11240.0,798.0,10029.0
1875,226683,63.0,11235.0,791.0,10034.0
1876,226829,59.0,11230.0,791.0,10029.0
1877,227080,193.0,11242.0,803.0,10026.0
1878,227223,60.0,11248.0,803.0,10031.0
1879,227341,53.0,11260.0,812.0,10030.0
1880,227464,57.0,11279.0,823.0,10036.0
1881,227624,84.0,11284.0,829.0,10032.0
1882,227761,56.0,11294.0,832.0,10038.0
1883,227903,64.0,11303.0,841.0,10035.0
1884,228032,54.0,11309.0,847.0,10033.0
1885,228186,63.0,11304.0,844.0,10034.0
1886,228322,61.0,11302.0,844.0,10032.0
1887,228598,66.0,11303.0,836.0,10033.0
1888,228770,70.0,11315.0,848.0,10031.0
1889,228912,70.0,11337.0,864.0,10036.0
1890,229041,66.0,11337.0,856.0,10041.0
1891,229176,66.0,11345.0,864.0,10041.0
1892,229311,69.0,11354.0,870.0,10042.0
1893,229460,62.0,11354.0,868.0,10042.0
1894,229589,60.0,11359.0,873.0,10037.0
1895,229727,57.0,11366.0,877.0,10048.0
1896,230000,177.0,11364.0,871.0,10054.0
1897,230121,56.0,11370.0,872.0,10057.0
1898,230234,51.0,11370.0,870.0,10059.0
1899,230371,61.0,11371.0,871.0,10056.0
1900,230491,55.0,11368.0,871.0,10053.0
1901,230618,59.0,11375.0,879.0,10051.0
1902,230760,64.0,11374.0,878.0,10052.0
1903,230917,70.0,11386.0,887.0,10056.0
1904,231062,63.0,11373.0,884.0,10047.0
1905,231176,64.0,11372.0,884.0,10048.0
1906,231443,207.0,11378.0,890.0,10048.0
1907,231595,70.0,11382.0,894.0,10042.0
1908,231756,80.0,11380.0,891.0,10043.0
1909,231918,65.0,11388.0,899.0,10041.0
1910,232102,70.0,11384.0,898.0,10037.0
1911,232260,81.0,11373.0,897.0,10026.0
1912,232459,71.0,11380.0,904.0,10026.0
1913,232655,64.0,11376.0,901.0,10023.0
1914,232828,67.0,11369.0,901.0,10016.0
1915,233020,69.0,11379.0,913.0,10010.0
1916,233324,217.0,11381.0,920.0,10002.0
1917,233587,70.0,11383.0,923.0,9993.0
1918,233738,70.0,11398.0,939.0,9989.0
1919,233898,65.0,11393.0,914.0,10016.0
1920,234056,61.0,11408.0,905.0,10042.0
1921,234266,74.0,11410.0,883.0,10080.0
1922,234401,56.0,11418.0,873.0,10109.0
1923,234531,60.0,11436.0,891.0,10105.0
1924,234671,57.0,11435.0,888.0,10103.0
1925,234794,55.0,11437.0,886.0,10106.0
1926,235056,189.0,11453.0,880.0,10135.0
1927,235183,58.0,11461.0,875.0,10149.0
1928,235322,58.0,11457.0,874.0,10151.0
1929,235478,61.0,11451.0,852.0,10175.0
1930,235620,55.0,11458.0,854.0,10178.0
1931,235770,57.0,11465.0,850.0,10187.0
1932,235901,58.0,11465.0,822.0,10222.0
1933,236032,53.0,11462.0,814.0,10225.0
1934,236167,57.0,11459.0,809.0,10230.0
1935,236290,59.0,11474.0,823.0,10223.0
1936,236559,181.0,11478.0,828.0,10220.0
1937,236692,55.0,11478.0,828.0,10220.0
1938,236816,55.0,11491.0,828.0,10236.0
1939,236949,55.0,11496.0,821.0,10249.0
1940,237081,54.0,11503.0,827.0,10250.0
1941,237220,57.0,11501.0,816.0,10268.0
1942,237349,58.0,11512.0,819.0,10268.0
1943,237487,59.0,11516.0,802.0,10302.0
1944,237630,58.0,11515.0,781.0,10326.0
1945,237772,56.0,11514.0,781.0,10330.0
1946,240121,2277.0,11520.0,726.0,10408.0
1947,240254,54.0,11529.0,641.0,10546.0
1948,240407,65.0,11529.0,637.0,10548.0
1949,240539,56.0,11530.0,633.0,10551.0
1950,240654,56.0,11542.0,648.0,10548.0
1951,240781,50.0,11551.0,657.0,10544.0
1952,240903,55.0,11562.0,663.0,10544.0
1953,241020,55.0,11562.0,659.0,10548.0
1954,241152,54.0,11578.0,664.0,10562.0
1955,241297,57.0,11585.0,671.0,10562.0
1956,241434,57.0,11596.0,667.0,10583.0
1957,241593,58.0,11599.0,650.0,10615.0
1958,241707,54.0,11607.0,652.0,10622.0
1959,241835,56.0,11600.0,638.0,10632.0
1960,241976,56.0,11605.0,633.0,10643.0
1961,242084,57.0,11606.0,632.0,10647.0
1962,242231,55.0,11605.0,619.0,10664.0
1963,242367,57.0,11602.0,608.0,10681.0
1964,242501,55.0,11602.0,608.0,10685.0
1965,242637,57.0,11602.0,600.0,10692.0
1966,242766,56.0,11599.0,589.0,10698.0
1967,242965,114.0,11605.0,595.0,10698.0
1968,243091,52.0,11605.0,593.0,10699.0
1969,243220,54.0,11606.0,593.0,10700.0
1970,243344,56.0,11623.0,611.0,10697.0
1971,243478,59.0,11635.0,623.0,10694.0
1972,243613,60.0,11637.0,625.0,10689.0
1973,243766,63.0,11640.0,622.0,10693.0
1974,243902,58.0,11640.0,618.0,10700.0
1975,244043,58.0,11641.0,625.0,10695.0
1976,244244,113.0,11644.0,617.0,10706.0
1977,244383,69.0,11657.0,622.0,10713.0
1978,244518,59.0,11657.0,620.0,10716.0
1979,244670,76.0,11673.0,633.0,10715.0
1980,244803,58.0,11680.0,640.0,10715.0
1981,244951,63.0,11681.0,641.0,10715.0
1982,245074,49.0,11683.0,634.0,10724.0
1983,245206,56.0,11682.0,634.0,10723.0
1984,245336,57.0,11687.0,637.0,10720.0
1985,245541,129.0,11687.0,629.0,10729.0
1986,245674,61.0,11698.0,632.0,10734.0
1987,245830,58.0,11700.0,613.0,10755.0
1988,245965,62.0,11706.0,611.0,10759.0
1989,246141,61.0,11713.0,618.0,10756.0
1990,246274,60.0,11720.0,625.0,10754.0
1991,246411,54.0,11719.0,623.0,10757.0
1992,246548,57.0,11721.0,625.0,10755.0
1993,246665,55.0,11723.0,629.0,10756.0
1994,246879,143.0,11721.0,626.0,10757.0
1995,247010,57.0,11721.0,626.0,10757.0
1996,247162,65.0,11720.0,626.0,10756.0
1997,247300,56.0,11730.0,629.0,10760.0
1998,247439,59.0,11740.0,638.0,10750.0
1999,247582,53.0,11740.0,638.0,10749.0
2000,247708,65.0,11753.0,645.0,10755.0
2001,247856,63.0,11753.0,644.0,10756.0
2002,248003,67.0,11756.0,639.0,10764.0
2003,248228,141.0,11764.0,640.0,10772.0
2004,248370,61.0,11765.0,631.0,10783.0
2005,248508,58.0,11771.0,636.0,10778.0
2006,248636,53.0,11769.0,633.0,10780.0
2007,248770,63.0,11773.0,637.0,10775.0
2008,248900,62.0,11788.0,648.0,10777.0
2009,249024,57.0,11801.0,660.0,10764.0
2010,249152,58.0,11809.0,668.0,10763.0
2011,249319,82.0,11823.0,683.0,10760.0
2012,249499,114.0,11827.0,684.0,10764.0
2013,249634,57.0,11831.0,686.0,10769.0
2014,249760,52.0,11844.0,697.0,10764.0
2015,249893,52.0,11842.0,697.0,10762.0
2016,250024,52.0,11847.0,703.0,10756.0
2017,250163,57.0,11854.0,706.0,10759.0
2018,250282,55.0,11857.0,704.0,10769.0
2019,250407,62.0,11865.0,707.0,10771.0
2020,250544,65.0,11866.0,708.0,10769.0
2021,250735,51.0,11872.0,708.0,10758.0
2022,250864,60.0,11885.0,713.0,10764.0
2023,250993,54.0,11894.0,717.0,10771.0
2024,251117,55.0,11896.0,712.0,10776.0
2025,251232,52.0,11898.0,707.0,10782.0
2026,251365,58.0,11898.0,711.0,10777.0
2027,251492,55.0,11915.0,718.0,10792.0
2028,251633,69.0,11920.0,716.0,10800.0
2029,251762,57.0,11928.0,715.0,10808.0
2030,251967,60.0,11925.0,712.0,10810.0
2031,252086,56.0,11923.0,717.0,10802.0
2032,252214,56.0,11932.0,720.0,10803.0
2033,252322,53.0,11935.0,718.0,10810.0
2034,252444,59.0,11945.0,723.0,10814.0
2035,252574,60.0,11959.0,737.0,10801.0
2036,252705,56.0,11955.0,730.0,10806.0
2037,252838,60.0,11962.0,736.0,10802.0
2038,252953,54.0,11968.0,742.0,10802.0
2039,253151,128.0,11974.0,750.0,10795.0
2040,253290,58.0,11982.0,759.0,10796.0
2041,253409,57.0,11986.0,764.0,10795.0
2042,253551,61.0,11986.0,753.0,10814.0
2043,253673,56.0,11987.0,755.0,10813.0
2044,253800,57.0,11989.0,757.0,10812.0
2045,253911,59.0,11994.0,762.0,10812.0
2046,254043,59.0,11988.0,757.0,10814.0
2047,254169,55.0,11995.0,759.0,10816.0
2048,254279,55.0,11998.0,755.0,10828.0
2049,254517,60.0,11998.0,746.0,10836.0
2050,254632,55.0,12019.0,764.0,10837.0
2051,254752,52.0,12033.0,778.0,10837.0
2052,254869,54.0,12038.0,783.0,10837.0
2053,255005,61.0,12040.0,787.0,10830.0
2054,255135,55.0,12035.0,792.0,10821.0
2055,255269,66.0,12032.0,791.0,10821.0
2056,255395,63.0,12033.0,792.0,10820.0
2057,255529,60.0,12040.0,794.0,10818.0
2058,255655,58.0,12040.0,798.0,10814.0
2059,255861,58.0,12044.0,785.0,10828.0
2060,255989,58.0,12052.0,788.0,10831.0
2061,256128,55.0,12056.0,788.0,10833.0
2062,256265,65.0,12055.0,775.0,10848.0
2063,256406,61.0,12057.0,777.0,10841.0
2064,256536,58.0,12050.0,774.0,10837.0
2065,256664,52.0,12050.0,766.0,10846.0
2066,256779,56.0,12060.0,780.0,10834.0
2067,256907,59.0,12081.0,805.0,10824.0
2068,257049,56.0,12082.0,807.0,10823.0
2069,257295,170.0,12082.0,810.0,10822.0
2070,257437,56.0,12082.0,810.0,10822.0
2071,257565,58.0,12082.0,812.0,10820.0
2072,257690,59.0,12088.0,817.0,10819.0
2073,257806,58.0,12103.0,832.0,10811.0
2074,257929,58.0,12119.0,847.0,10804.0
2075,258055,59.0,12120.0,855.0,10793.0
2076,258166,55.0,12116.0,855.0,10789.0
2077,258303,64.0,12107.0,850.0,10797.0
2078,258433,59.0,12104.0,842.0,10802.0
2079,258678,171.0,12119.0,853.0,10804.0
2080,258803,55.0,12125.0,859.0,10800.0
2081,258938,63.0,12123.0,858.0,10800.0
2082,259059,57.0,12126.0,855.0,10801.0
2083,259181,57.0,12129.0,859.0,10798.0
2084,259305,57.0,12136.0,866.0,10794.0
2085,259438,54.0,12135.0,841.0,10823.0
2086,259577,56.0,12144.0,849.0,10823.0
2087,259721,58.0,12145.0,842.0,10827.0
2088,259842,55.0,12153.0,845.0,10833.0
2089,260091,55.0,12154.0,843.0,10837.0
2090,260227,54.0,12153.0,837.0,10844.0
2091,260365,67.0,12156.0,834.0,10846.0
2092,260493,56.0,12163.0,839.0,10845.0
2093,260605,55.0,12166.0,837.0,10852.0
2094,260748,69.0,12169.0,840.0,10847.0
2095,260885,62.0,12187.0,852.0,10849.0
2096,261014,64.0,12198.0,857.0,10846.0
2097,261131,52.0,12209.0,868.0,10846.0
2098,261387,189.0,12210.0,870.0,10845.0
2099,261531,59.0,12209.0,871.0,10836.0
2100,261653,56.0,12213.0,875.0,10836.0
2101,261784,57.0,12212.0,876.0,10834.0
2102,261934,59.0,12227.0,888.0,10843.0
2103,262063,57.0,12232.0,892.0,10842.0
2104,262180,62.0,12257.0,906.0,10834.0
2105,262313,58.0,12263.0,912.0,10825.0
2106,262458,63.0,12261.0,913.0,10821.0
2107,262736,201.0,12267.0,922.0,10812.0
2108,262876,82.0,12275.0,919.0,10821.0
2109,263034,57.0,12271.0,914.0,10823.0
2110,263151,58.0,12277.0,923.0,10815.0
2111,263284,56.0,12286.0,933.0,10811.0
2112,263419,58.0,12286.0,930.0,10820.0
2113,263539,52.0,12283.0,929.0,10818.0
2114,263644,57.0,12290.0,936.0,10818.0
2115,263768,55.0,12299.0,945.0,10815.0
2116,264015,162.0,12300.0,923.0,10844.0
2117,264161,57.0,12299.0,903.0,10867.0
2118,264290,54.0,12303.0,904.0,10871.0
2119,264436,53.0,12305.0,891.0,10898.0
2120,264568,55.0,12302.0,866.0,10924.0
2121,264696,53.0,12317.0,851.0,10955.0
2122,264828,59.0,12316.0,842.0,10966.0
2123,264961,58.0,12336.0,853.0,10984.0
2124,265102,58.0,12336.0,851.0,10992.0
2125,265367,182.0,12341.0,844.0,11011.0
2126,265505,62.0,12344.0,836.0,11023.0
2127,265638,60.0,12349.0,827.0,11042.0
2128,265779,59.0,12349.0,818.0,11059.0
2129,265919,61.0,12348.0,805.0,11082.0
2130,266045,56.0,12355.0,812.0,11080.0
2131,266173,58.0,12357.0,811.0,11081.0
2132,266299,60.0,12363.0,817.0,11082.0
2133,266421,56.0,12364.0,809.0,11089.0
2134,266704,57.0,12367.0,808.0,11094.0
2135,266834,60.0,12369.0,806.0,11098.0
2136,266967,58.0,12369.0,799.0,11110.0
2137,267103,58.0,12386.0,797.0,11126.0
2138,267233,62.0,12399.0,798.0,11136.0
2139,267376,60.0,12409.0,795.0,11149.0
2140,267510,58.0,12417.0,803.0,11145.0
2141,267656,63.0,12416.0,790.0,11166.0
2142,267913,174.0,12428.0,787.0,11178.0
2143,268038,59.0,12448.0,803.0,11188.0
2144,268161,54.0,12458.0,813.0,11185.0
2145,268302,59.0,12448.0,813.0,11175.0
2146,268445,61.0,12447.0,813.0,11174.0
2147,268584,63.0,12452.0,820.0,11170.0
2148,268735,58.0,12460.0,828.0,11169.0
2149,268872,64.0,12468.0,836.0,11166.0
2150,269010,60.0,12463.0,836.0,11161.0
2151,269281,202.0,12464.0,837.0,11161.0
2152,269424,60.0,12473.0,846.0,11159.0
2153,269558,59.0,12484.0,855.0,11157.0
2154,269708,58.0,12493.0,864.0,11157.0
2155,269835,61.0,12509.0,880.0,11154.0
2156,269974,62.0,12513.0,885.0,11151.0
2157,270109,61.0,12512.0,886.0,11148.0
2158,270253,60.0,12530.0,902.0,11147.0
2159,270517,196.0,12535.0,890.0,11165.0
2160,270658,69.0,12535.0,883.0,11174.0
2161,270775,56.0,12535.0,879.0,11178.0
2162,270906,59.0,12535.0,877.0,11180.0
2163,271043,62.0,12544.0,882.0,11180.0
2164,271173,64.0,12543.0,873.0,11188.0
2165,271305,65.0,12551.0,867.0,11194.0
2166,271436,57.0,12551.0,853.0,11212.0
2167,271579,57.0,12555.0,855.0,11219.0
2168,271834,178.0,12553.0,843.0,11240.0
2169,271959,60.0,12558.0,834.0,11254.0
2170,272099,62.0,12567.0,840.0,11254.0
2171,272239,62.0,12572.0,838.0,11258.0
2172,272394,64.0,12571.0,829.0,11272.0
2173,272535,62.0,12574.0,814.0,11283.0
2174,272669,62.0,12571.0,813.0,11281.0
2175,272810,63.0,12569.0,810.0,11285.0
2176,272932,55.0,12582.0,822.0,11280.0
2177,273162,58.0,12588.0,812.0,11299.0
2178,273292,63.0,12600.0,807.0,11312.0
2179,273431,59.0,12604.0,805.0,11327.0
2180,273566,57.0,12603.0,805.0,11326.0
2181,273690,57.0,12605.0,795.0,11339.0
2182,273821,56.0,12608.0,805.0,11324.0
2183,273959,61.0,12611.0,799.0,11333.0
2184,274080,57.0,12624.0,803.0,11341.0
2185,274327,169.0,12637.0,803.0,11351.0
2186,274450,65.0,12650.0,808.0,11352.0
2187,274599,59.0,12667.0,822.0,11359.0
2188,274732,61.0,12676.0,819.0,11374.0
2189,274867,56.0,12683.0,826.0,11374.0
2190,275002,58.0,12684.0,809.0,11403.0
2191,275142,55.0,12689.0,808.0,11404.0
2192,275285,68.0,12684.0,802.0,11413.0
2193,275421,62.0,12684.0,798.0,11424.0
2194,275641,166.0,12684.0,790.0,11433.0
2195,275798,65.0,12685.0,779.0,11456.0
2196,275931,58.0,12681.0,763.0,11470.0
2197,276056,61.0,12677.0,758.0,11474.0
2198,276182,61.0,12678.0,754.0,11472.0
2199,276324,69.0,12679.0,755.0,11472.0
2200,276472,62.0,12684.0,752.0,11479.0
2201,276602,69.0,12706.0,772.0,11479.0
2202,276733,65.0,12709.0,768.0,11490.0
2203,276999,66.0,12710.0,761.0,11497.0
2204,277148,68.0,12714.0,763.0,11497.0
2205,277281,62.0,12716.0,761.0,11501.0
2206,277406,65.0,12716.0,751.0,11511.0
2207,277532,64.0,12717.0,747.0,11517.0
2208,277669,56.0,12711.0,740.0,11517.0
2209,277803,61.0,12706.0,735.0,11520.0
2210,277944,67.0,12719.0,745.0,11519.0
2211,278193,182.0,12722.0,754.0,11513.0
2212,278342,62.0,12722.0,751.0,11518.0
2213,278469,62.0,12735.0,756.0,11524.0
2214,278591,63.0,12737.0,763.0,11519.0
2215,278712,59.0,12749.0,775.0,11516.0
2216,278836,56.0,12747.0,775.0,11514.0
2217,278969,55.0,12752.0,775.0,11510.0
2218,279089,59.0,12752.0,775.0,11510.0
2219,279221,59.0,12755.0,778.0,11510.0
2220,279492,200.0,12774.0,797.0,11506.0
2221,279634,60.0,12781.0,790.0,11523.0
2222,279765,62.0,12777.0,790.0,11521.0
2223,279904,64.0,12798.0,793.0,11532.0
2224,280058,59.0,12798.0,788.0,11541.0
2225,280200,67.0,12805.0,784.0,11558.0
2226,280349,69.0,12810.0,784.0,11563.0
2227,280498,75.0,12811.0,780.0,11571.0
2228,280697,79.0,12811.0,771.0,11583.0
2229,280988,201.0,12819.0,776.0,11585.0
2230,281117,58.0,12812.0,763.0,11593.0
2231,281278,76.0,12814.0,758.0,11600.0
2232,281429,65.0,12814.0,749.0,11615.0
2233,281560,61.0,12824.0,759.0,11608.0
2234,281691,63.0,12825.0,749.0,11628.0
2235,281825,65.0,12843.0,767.0,11628.0
2236,281980,65.0,12851.0,769.0,11632.0
2237,282110,61.0,12853.0,770.0,11631.0
2238,282344,173.0,12856.0,773.0,11632.0
2239,282462,57.0,12857.0,773.0,11634.0
2240,282605,63.0,12858.0,775.0,11630.0
2241,282743,64.0,12876.0,785.0,11630.0
2242,282878,62.0,12894.0,802.0,11626.0
2243,283019,63.0,12895.0,803.0,11626.0
2244,283208,125.0,12895.0,798.0,11633.0
2245,283348,66.0,12906.0,804.0,11640.0
2246,283482,64.0,12909.0,795.0,11651.0
2247,283617,65.0,12910.0,796.0,11649.0
2248,283862,61.0,12929.0,811.0,11654.0
2249,283998,65.0,12936.0,824.0,11645.0
2250,284148,63.0,12937.0,814.0,11652.0
2251,284278,62.0,12929.0,814.0,11648.0
2252,284424,68.0,12933.0,808.0,11658.0
2253,284558,66.0,12944.0,819.0,11653.0
2254,284703,69.0,12945.0,820.0,11652.0
2255,284845,66.0,12950.0,809.0,11662.0
2256,284985,67.0,12945.0,802.0,11666.0
2257,285239,181.0,12946.0,796.0,11682.0
2258,285386,68.0,12949.0,781.0,11700.0
2259,285525,66.0,12948.0,775.0,11708.0
2260,285666,65.0,12953.0,783.0,11702.0
2261,285803,60.0,12958.0,792.0,11698.0
2262,285931,65.0,12971.0,804.0,11700.0
2263,286079,60.0,12975.0,806.0,11704.0
2264,286220,66.0,12975.0,795.0,11717.0
2265,286357,64.0,12976.0,795.0,11719.0
2266,286480,66.0,12992.0,805.0,11722.0
2267,286735,65.0,13000.0,806.0,11721.0
2268,286866,58.0,13010.0,811.0,11736.0
2269,286991,60.0,13006.0,809.0,11732.0
2270,287109,57.0,13007.0,803.0,11740.0
2271,287244,65.0,13014.0,810.0,11739.0
2272,287386,65.0,13006.0,799.0,11744.0
2273,287518,65.0,13006.0,799.0,11744.0
2274,287659,70.0,13007.0,797.0,11742.0
2275,287790,68.0,13004.0,797.0,11739.0
2276,288043,176.0,13004.0,795.0,11742.0
2277,288173,59.0,13001.0,794.0,11738.0
2278,288312,65.0,13007.0,797.0,11749.0
2279,288465,75.0,13009.0,794.0,11762.0
2280,288601,63.0,13037.0,821.0,11758.0
2281,288727,67.0,13047.0,830.0,11764.0
2282,288863,66.0,13067.0,831.0,11784.0
2283,289000,65.0,13079.0,838.0,11790.0
2284,289135,62.0,13091.0,850.0,11790.0
2285,289273,65.0,13092.0,853.0,11787.0
2286,289524,171.0,13093.0,853.0,11787.0
2287,289663,64.0,13098.0,852.0,11794.0
2288,289804,65.0,13112.0,865.0,11788.0
2289,289945,58.0,13117.0,867.0,11789.0
2290,290080,61.0,13117.0,869.0,11788.0
2291,290210,63.0,13118.0,865.0,11791.0
2292,290325,62.0,13139.0,882.0,11790.0
2293,290473,66.0,13146.0,887.0,11787.0
2294,290607,64.0,13157.0,899.0,11781.0
2295,290749,66.0,13159.0,900.0,11780.0
2296,293024,77.0,13166.0,866.0,11842.0
2297,293175,62.0,13175.0,875.0,11840.0
2298,293314,65.0,13183.0,882.0,11842.0
2299,293454,63.0,13185.0,885.0,11839.0
2300,293577,62.0,13195.0,895.0,11835.0
2301,293720,65.0,13204.0,903.0,11837.0
2302,293858,65.0,13214.0,890.0,11857.0
2303,294000,65.0,13215.0,891.0,11858.0
2304,294145,74.0,13210.0,876.0,11872.0
2305,294330,101.0,13206.0,858.0,11891.0
2306,294466,63.0,13221.0,855.0,11904.0
2307,294610,67.0,13236.0,856.0,11926.0
2308,294750,65.0,13234.0,848.0,11932.0
2309,294890,68.0,13244.0,843.0,11944.0
2310,295024,57.0,13243.0,829.0,11961.0
2311,295162,60.0,13247.0,822.0,11967.0
2312,295301,65.0,13253.0,821.0,11972.0
2313,295446,66.0,13259.0,817.0,11992.0
2314,295575,63.0,13262.0,813.0,11999.0
2315,295753,99.0,13271.0,810.0,12011.0
2316,295887,62.0,13273.0,789.0,12036.0
2317,296040,66.0,13273.0,780.0,12048.0
2318,296179,66.0,13282.0,780.0,12058.0
2319,296309,62.0,13294.0,784.0,12061.0
2320,296442,63.0,13305.0,780.0,12077.0
2321,296577,61.0,13311.0,766.0,12102.0
2322,296718,66.0,13318.0,768.0,12108.0
2323,296853,61.0,13325.0,767.0,12120.0
2324,297059,123.0,13331.0,751.0,12153.0
2325,297195,63.0,13343.0,758.0,12151.0
2326,297317,63.0,13350.0,734.0,12189.0
2327,297451,63.0,13355.0,726.0,12211.0
2328,297606,67.0,13356.0,717.0,12229.0
2329,297742,65.0,13362.0,723.0,12229.0
2330,297878,60.0,13373.0,734.0,12222.0
2331,298032,67.0,13373.0,734.0,12222.0
2332,298224,122.0,13378.0,732.0,12227.0
2333,298369,70.0,13379.0,729.0,12231.0
2334,298510,64.0,13382.0,716.0,12245.0
2335,298645,62.0,13390.0,715.0,12252.0
2336,298782,67.0,13391.0,708.0,12258.0
2337,298919,60.0,13391.0,704.0,12264.0
2338,299057,60.0,13391.0,702.0,12263.0
2339,299192,64.0,13390.0,689.0,12280.0
2340,299340,66.0,13395.0,694.0,12280.0
2341,299540,127.0,13401.0,688.0,12294.0
2342,299686,67.0,13415.0,686.0,12313.0
2343,299835,66.0,13420.0,688.0,12318.0
2344,299979,64.0,13416.0,688.0,12314.0
2345,300122,64.0,13409.0,685.0,12312.0
