tick,timestamp,query_runtime,trav_index_nodes,trav_vol_nodes,trav_unprod_nodes
0,467,2.0,6.0,6.0,0.0
1,741,1.0,16.0,16.0,0.0
2,1027,1.0,20.0,20.0,0.0
3,1202,1.0,41.0,41.0,0.0
4,1415,1.0,45.0,45.0,0.0
5,1603,1.0,57.0,57.0,0.0
6,1837,1.0,66.0,66.0,0.0
7,1987,2.0,87.0,87.0,0.0
8,2157,3.0,107.0,107.0,0.0
9,2307,1.0,120.0,120.0,0.0
10,2465,2.0,126.0,126.0,0.0
11,2598,1.0,144.0,144.0,0.0
12,2857,22.0,151.0,151.0,0.0
13,3038,2.0,158.0,158.0,0.0
14,3203,1.0,164.0,164.0,0.0
15,3344,3.0,179.0,179.0,0.0
16,3498,3.0,180.0,180.0,0.0
17,3647,2.0,180.0,180.0,0.0
18,3769,2.0,188.0,188.0,0.0
19,3936,3.0,190.0,190.0,0.0
20,4119,1.0,195.0,195.0,0.0
21,4234,1.0,200.0,200.0,0.0
22,4334,2.0,219.0,219.0,0.0
23,4434,1.0,238.0,238.0,0.0
24,4585,2.0,245.0,245.0,0.0
25,4689,2.0,247.0,247.0,0.0
26,4819,2.0,251.0,251.0,0.0
27,5000,1.0,253.0,253.0,0.0
28,5160,3.0,257.0,257.0,0.0
29,5287,2.0,277.0,277.0,0.0
30,5402,1.0,282.0,282.0,0.0
31,5517,2.0,289.0,289.0,0.0
32,5631,2.0,303.0,303.0,0.0
33,5731,3.0,319.0,319.0,0.0
34,5836,2.0,324.0,324.0,0.0
35,5940,3.0,329.0,329.0,0.0
36,6058,2.0,335.0,335.0,0.0
37,6168,2.0,339.0,339.0,0.0
38,6319,2.0,345.0,345.0,0.0
39,6410,5.0,364.0,364.0,0.0
40,6514,3.0,372.0,372.0,0.0
41,6676,2.0,387.0,387.0,0.0
42,6791,3.0,387.0,387.0,0.0
43,6901,2.0,403.0,403.0,0.0
44,7029,2.0,416.0,416.0,0.0
45,7117,2.0,433.0,433.0,0.0
46,7205,2.0,446.0,446.0,0.0
47,7314,3.0,452.0,452.0,0.0
48,7394,3.0,458.0,458.0,0.0
49,7497,2.0,462.0,462.0,0.0
50,7632,3.0,467.0,467.0,0.0
51,7727,3.0,486.0,486.0,0.0
52,7842,3.0,491.0,491.0,0.0
53,7939,3.0,502.0,502.0,0.0
54,8046,3.0,515.0,515.0,0.0
55,8154,3.0,526.0,526.0,0.0
56,8241,2.0,539.0,539.0,0.0
57,8351,3.0,550.0,550.0,0.0
58,8450,3.0,552.0,552.0,0.0
59,8565,2.0,561.0,561.0,0.0
60,8702,4.0,570.0,570.0,0.0
61,8799,4.0,589.0,589.0,0.0
62,8894,3.0,594.0,594.0,0.0
63,8993,3.0,600.0,600.0,0.0
64,9104,3.0,611.0,611.0,0.0
65,9201,3.0,614.0,614.0,0.0
66,9303,3.0,616.0,616.0,0.0
67,9382,3.0,630.0,630.0,0.0
68,9504,4.0,636.0,636.0,0.0
69,9586,3.0,637.0,637.0,0.0
70,9659,4.0,638.0,638.0,0.0
71,9784,6.0,658.0,658.0,0.0
72,9935,6.0,659.0,659.0,0.0
73,10064,6.0,686.0,686.0,0.0
74,10183,6.0,688.0,688.0,0.0
75,10581,5.0,709.0,709.0,0.0
76,10663,5.0,715.0,715.0,0.0
77,10766,3.0,720.0,720.0,0.0
78,10838,4.0,721.0,721.0,0.0
79,10917,5.0,724.0,724.0,0.0
80,11016,5.0,744.0,744.0,0.0
81,11101,3.0,759.0,759.0,0.0
82,11209,4.0,763.0,763.0,0.0
83,11311,6.0,768.0,768.0,0.0
84,11394,3.0,784.0,784.0,0.0
85,11478,3.0,800.0,800.0,0.0
86,11566,5.0,805.0,805.0,0.0
87,11647,4.0,813.0,813.0,0.0
88,11721,4.0,821.0,821.0,0.0
89,11796,5.0,832.0,832.0,0.0
90,11883,5.0,843.0,843.0,0.0
91,11971,4.0,855.0,855.0,0.0
92,12067,4.0,862.0,862.0,0.0
93,12161,5.0,879.0,879.0,0.0
94,12260,7.0,888.0,888.0,0.0
95,12338,5.0,891.0,891.0,0.0
96,12518,4.0,904.0,904.0,0.0
97,12607,5.0,928.0,928.0,0.0
98,12684,5.0,933.0,933.0,0.0
99,12763,5.0,947.0,947.0,0.0
100,12860,5.0,960.0,960.0,0.0
101,12951,5.0,971.0,971.0,0.0
102,13031,5.0,972.0,972.0,0.0
103,13126,4.0,978.0,978.0,0.0
104,13214,5.0,982.0,982.0,0.0
105,13295,6.0,986.0,986.0,0.0
106,13365,5.0,999.0,999.0,0.0
107,13454,5.0,1003.0,1003.0,0.0
108,13581,5.0,1016.0,1016.0,0.0
109,13683,8.0,1030.0,1030.0,0.0
110,13781,6.0,1035.0,1035.0,0.0
111,13870,6.0,1039.0,1039.0,0.0
112,13963,5.0,1047.0,1047.0,0.0
113,14043,5.0,1053.0,1053.0,0.0
114,14151,8.0,1058.0,1058.0,0.0
115,14252,6.0,1064.0,1064.0,0.0
116,14345,6.0,1078.0,1078.0,0.0
117,14458,9.0,1085.0,1085.0,0.0
118,14585,6.0,1091.0,1091.0,0.0
119,14699,11.0,1095.0,1095.0,0.0
120,14855,12.0,1108.0,1108.0,0.0
121,15009,18.0,1110.0,1110.0,0.0
122,15149,18.0,1112.0,1112.0,0.0
123,15374,6.0,1115.0,1115.0,0.0
124,15460,7.0,1119.0,1119.0,0.0
125,15567,8.0,1133.0,1133.0,0.0
126,15660,6.0,1137.0,1137.0,0.0
127,15758,6.0,1144.0,1144.0,0.0
128,15832,5.0,1146.0,1146.0,0.0
129,15918,6.0,1151.0,1151.0,0.0
130,16008,5.0,1153.0,1153.0,0.0
131,16119,6.0,1159.0,1159.0,0.0
132,16221,6.0,1164.0,1164.0,0.0
133,16306,6.0,1169.0,1169.0,0.0
134,16395,6.0,1176.0,1176.0,0.0
135,16494,5.0,1183.0,1183.0,0.0
136,16579,6.0,1191.0,1191.0,0.0
137,16671,6.0,1192.0,1192.0,0.0
138,16745,6.0,1196.0,1196.0,0.0
139,16830,6.0,1201.0,1201.0,0.0
140,16907,6.0,1220.0,1220.0,0.0
141,17000,6.0,1234.0,1234.0,0.0
142,17086,7.0,1244.0,1244.0,0.0
143,17174,8.0,1246.0,1246.0,0.0
144,17262,10.0,1258.0,1258.0,0.0
145,17372,7.0,1265.0,1265.0,0.0
146,17486,9.0,1277.0,1277.0,0.0
147,17573,9.0,1282.0,1282.0,0.0
148,17656,10.0,1286.0,1286.0,0.0
149,17730,9.0,1303.0,1303.0,0.0
150,17819,10.0,1319.0,1319.0,0.0
151,17919,11.0,1334.0,1334.0,0.0
152,18603,603.0,1354.0,1354.0,0.0
153,18707,6.0,1355.0,1355.0,0.0
154,18783,7.0,1359.0,1359.0,0.0
155,18860,7.0,1368.0,1368.0,0.0
156,18931,7.0,1370.0,1370.0,0.0
157,19013,7.0,1388.0,1388.0,0.0
158,19099,8.0,1395.0,1395.0,0.0
159,19185,7.0,1398.0,1398.0,0.0
160,19283,7.0,1402.0,1402.0,0.0
161,19352,8.0,1403.0,1403.0,0.0
162,19438,7.0,1419.0,1419.0,0.0
163,19527,7.0,1421.0,1421.0,0.0
164,19616,8.0,1424.0,1424.0,0.0
165,19699,8.0,1424.0,1424.0,0.0
166,19799,7.0,1439.0,1439.0,0.0
167,19898,8.0,1445.0,1445.0,0.0
168,20005,12.0,1462.0,1462.0,0.0
169,20094,8.0,1464.0,1464.0,0.0
170,20181,8.0,1468.0,1468.0,0.0
171,20278,8.0,1477.0,1477.0,0.0
172,20349,8.0,1487.0,1487.0,0.0
173,20451,10.0,1500.0,1500.0,0.0
174,20539,9.0,1502.0,1502.0,0.0
175,20630,8.0,1517.0,1517.0,0.0
176,20721,9.0,1538.0,1538.0,0.0
177,20826,9.0,1545.0,1545.0,0.0
178,20912,9.0,1550.0,1550.0,0.0
179,21014,9.0,1552.0,1552.0,0.0
180,21108,9.0,1566.0,1566.0,0.0
181,21203,9.0,1568.0,1568.0,0.0
182,21343,8.0,1570.0,1570.0,0.0
183,21416,9.0,1582.0,1582.0,0.0
184,21529,12.0,1588.0,1588.0,0.0
185,21639,15.0,1603.0,1603.0,0.0
186,21754,14.0,1613.0,1613.0,0.0
187,21927,91.0,1618.0,1618.0,0.0
188,22017,8.0,1631.0,1631.0,0.0
189,22082,9.0,1636.0,1636.0,0.0
190,22183,8.0,1647.0,1647.0,0.0
191,22276,8.0,1652.0,1652.0,0.0
192,22357,8.0,1654.0,1654.0,0.0
193,22457,8.0,1660.0,1660.0,0.0
194,22527,8.0,1663.0,1663.0,0.0
195,22606,10.0,1677.0,1677.0,0.0
196,22684,9.0,1697.0,1697.0,0.0
197,22767,9.0,1699.0,1699.0,0.0
198,22836,9.0,1699.0,1699.0,0.0
199,22917,8.0,1706.0,1706.0,0.0
200,23008,9.0,1708.0,1708.0,0.0
201,23098,9.0,1712.0,1712.0,0.0
202,23178,10.0,1714.0,1714.0,0.0
203,23271,9.0,1719.0,1719.0,0.0
204,23363,10.0,1733.0,1733.0,0.0
205,23456,9.0,1744.0,1744.0,0.0
206,23563,9.0,1754.0,1754.0,0.0
207,23673,10.0,1760.0,1760.0,0.0
208,23764,9.0,1765.0,1765.0,0.0
209,23842,10.0,1769.0,1769.0,0.0
210,23924,13.0,1780.0,1780.0,0.0
211,24023,10.0,1783.0,1783.0,0.0
212,24119,9.0,1792.0,1792.0,0.0
213,24209,10.0,1808.0,1808.0,0.0
214,24310,10.0,1814.0,1814.0,0.0
215,24386,9.0,1834.0,1834.0,0.0
216,24469,10.0,1837.0,1837.0,0.0
217,24558,10.0,1840.0,1840.0,0.0
218,24675,10.0,1845.0,1845.0,0.0
219,24779,11.0,1850.0,1850.0,0.0
220,24882,10.0,1856.0,1856.0,0.0
221,25039,86.0,1868.0,1868.0,0.0
222,25109,9.0,1880.0,1880.0,0.0
223,25207,9.0,1889.0,1889.0,0.0
224,25293,10.0,1892.0,1892.0,0.0
225,25386,10.0,1894.0,1894.0,0.0
226,25469,10.0,1896.0,1896.0,0.0
227,25559,9.0,1902.0,1902.0,0.0
228,25656,10.0,1908.0,1908.0,0.0
229,25763,10.0,1915.0,1915.0,0.0
230,25851,13.0,1919.0,1919.0,0.0
231,25959,11.0,1922.0,1922.0,0.0
232,26045,11.0,1933.0,1933.0,0.0
233,26123,10.0,1940.0,1940.0,0.0
234,26210,10.0,1956.0,1956.0,0.0
235,26304,10.0,1962.0,1962.0,0.0
236,26400,9.0,1966.0,1966.0,0.0
237,26480,10.0,1988.0,1988.0,0.0
238,26552,11.0,2007.0,2007.0,0.0
239,26629,11.0,2023.0,2023.0,0.0
240,26719,12.0,2032.0,2032.0,0.0
241,26806,11.0,2036.0,2036.0,0.0
242,26889,11.0,2041.0,2041.0,0.0
243,26975,11.0,2046.0,2046.0,0.0
244,27066,12.0,2048.0,2048.0,0.0
245,27163,11.0,2054.0,2054.0,0.0
246,27234,11.0,2058.0,2058.0,0.0
247,27336,12.0,2064.0,2064.0,0.0
248,27425,12.0,2067.0,2067.0,0.0
249,27512,11.0,2069.0,2069.0,0.0
250,27598,12.0,2072.0,2072.0,0.0
251,27695,13.0,2075.0,2075.0,0.0
252,27794,14.0,2079.0,2079.0,0.0
253,27887,12.0,2087.0,2087.0,0.0
254,27975,12.0,2090.0,2090.0,0.0
255,28091,20.0,2104.0,2104.0,0.0
256,28182,14.0,2104.0,2104.0,0.0
257,28283,12.0,2110.0,2110.0,0.0
258,28475,100.0,2116.0,2116.0,0.0
259,28577,11.0,2126.0,2126.0,0.0
260,28659,13.0,2131.0,2131.0,0.0
261,28753,11.0,2139.0,2139.0,0.0
262,28835,14.0,2144.0,2144.0,0.0
263,28933,11.0,2150.0,2150.0,0.0
264,29016,13.0,2152.0,2152.0,0.0
265,29109,11.0,2169.0,2169.0,0.0
266,29199,13.0,2171.0,2171.0,0.0
267,29265,12.0,2178.0,2178.0,0.0
268,29351,11.0,2198.0,2198.0,0.0
269,29446,12.0,2205.0,2205.0,0.0
270,29549,13.0,2216.0,2216.0,0.0
271,29622,12.0,2228.0,2228.0,0.0
272,29734,11.0,2231.0,2231.0,0.0
273,29840,11.0,2237.0,2237.0,0.0
274,29924,12.0,2253.0,2253.0,0.0
275,30013,12.0,2255.0,2255.0,0.0
276,30122,15.0,2261.0,2261.0,0.0
277,30232,15.0,2264.0,2240.0,8.0
278,30334,13.0,2272.0,2205.0,32.0
279,30422,13.0,2288.0,2197.0,46.0
280,30522,13.0,2298.0,2163.0,70.0
281,30630,12.0,2310.0,2140.0,92.0
282,30742,13.0,2321.0,2125.0,98.0
283,30854,12.0,2337.0,2124.0,101.0
284,30977,12.0,2344.0,2099.0,116.0
285,31115,16.0,2350.0,2047.0,153.0
286,31217,12.0,2351.0,2015.0,178.0
287,31328,13.0,2355.0,1997.0,184.0
288,31435,13.0,2365.0,1976.0,204.0
289,31552,13.0,2369.0,1923.0,244.0
290,31657,15.0,2377.0,1919.0,256.0
291,31749,12.0,2384.0,1902.0,273.0
292,32917,1061.0,2394.0,1668.0,441.0
293,33032,12.0,2399.0,1581.0,511.0
294,33139,14.0,2403.0,1563.0,522.0
295,33266,13.0,2409.0,1553.0,531.0
296,33374,12.0,2408.0,1523.0,553.0
297,33482,12.0,2416.0,1519.0,558.0
298,33582,12.0,2427.0,1516.0,565.0
299,33684,12.0,2431.0,1507.0,570.0
300,33776,13.0,2458.0,1514.0,597.0
301,33875,13.0,2464.0,1501.0,606.0
302,33968,13.0,2485.0,1494.0,634.0
303,34078,15.0,2493.0,1486.0,648.0
304,34209,14.0,2490.0,1475.0,649.0
305,34305,12.0,2495.0,1473.0,651.0
306,34403,13.0,2506.0,1466.0,664.0
307,34518,13.0,2511.0,1462.0,669.0
308,34613,13.0,2529.0,1466.0,669.0
309,34700,14.0,2538.0,1437.0,701.0
310,34800,12.0,2541.0,1423.0,715.0
311,34899,15.0,2546.0,1399.0,735.0
312,34990,13.0,2550.0,1363.0,771.0
313,35076,13.0,2564.0,1370.0,770.0
314,35165,13.0,2567.0,1366.0,770.0
315,35276,13.0,2574.0,1356.0,772.0
316,35383,13.0,2590.0,1345.0,800.0
317,35517,16.0,2594.0,1324.0,818.0
318,35603,15.0,2598.0,1309.0,834.0
319,35688,15.0,2603.0,1299.0,846.0
320,35780,15.0,2603.0,1292.0,849.0
321,35869,14.0,2619.0,1301.0,860.0
322,35968,13.0,2628.0,1292.0,871.0
323,36055,13.0,2626.0,1274.0,880.0
324,36162,16.0,2630.0,1270.0,884.0
325,36349,14.0,2637.0,1251.0,914.0
326,36444,13.0,2644.0,1254.0,917.0
327,36553,14.0,2650.0,1247.0,927.0
328,36646,13.0,2654.0,1246.0,927.0
329,36742,12.0,2660.0,1224.0,947.0
330,36845,14.0,2661.0,1218.0,950.0
331,36960,14.0,2657.0,1187.0,974.0
332,37044,12.0,2661.0,1188.0,972.0
333,37147,13.0,2665.0,1170.0,992.0
334,37252,21.0,2677.0,1159.0,1017.0
335,37353,15.0,2684.0,1134.0,1046.0
336,37447,14.0,2683.0,1128.0,1056.0
337,37544,14.0,2694.0,1104.0,1094.0
338,37649,14.0,2701.0,1099.0,1097.0
339,37789,16.0,2705.0,1095.0,1107.0
340,37881,13.0,2716.0,1097.0,1114.0
341,37986,16.0,2718.0,1083.0,1135.0
342,38072,14.0,2736.0,1085.0,1142.0
343,38182,15.0,2738.0,1086.0,1142.0
344,38283,20.0,2751.0,1095.0,1146.0
345,38397,15.0,2751.0,1087.0,1159.0
346,38482,14.0,2752.0,1078.0,1169.0
347,38575,15.0,2773.0,1077.0,1188.0
348,38683,15.0,2793.0,1075.0,1210.0
349,38787,13.0,2798.0,1066.0,1222.0
350,38884,14.0,2808.0,1057.0,1234.0
351,38999,15.0,2806.0,1050.0,1245.0
352,39108,14.0,2817.0,1040.0,1263.0
353,39192,14.0,2825.0,1034.0,1276.0
354,39270,16.0,2839.0,1035.0,1281.0
355,39365,17.0,2846.0,1032.0,1287.0
356,39517,81.0,2853.0,1033.0,1294.0
357,39623,13.0,2852.0,1016.0,1311.0
358,39717,15.0,2861.0,1019.0,1319.0
359,39822,17.0,2872.0,1010.0,1343.0
360,39922,19.0,2880.0,1011.0,1352.0
361,40019,19.0,2881.0,1006.0,1354.0
362,40115,15.0,2894.0,1015.0,1357.0
363,40219,16.0,2903.0,1022.0,1357.0
364,40326,15.0,2917.0,1036.0,1355.0
365,40398,17.0,2917.0,1038.0,1352.0
366,40493,15.0,2917.0,1042.0,1348.0
367,40598,16.0,2921.0,1036.0,1355.0
368,40695,16.0,2934.0,1048.0,1354.0
369,40782,16.0,2940.0,1049.0,1354.0
370,40868,14.0,2939.0,1051.0,1351.0
371,40960,16.0,2936.0,1039.0,1356.0
372,41067,18.0,2939.0,1038.0,1358.0
373,41167,15.0,2944.0,1024.0,1372.0
374,41263,16.0,2953.0,1009.0,1388.0
375,41375,17.0,2963.0,1001.0,1408.0
376,41475,15.0,2959.0,993.0,1410.0
377,41557,16.0,2971.0,1005.0,1401.0
378,41640,16.0,2975.0,1006.0,1405.0
379,41730,16.0,2981.0,997.0,1421.0
380,41825,16.0,2983.0,997.0,1421.0
381,41907,16.0,2983.0,983.0,1426.0
382,42003,15.0,2985.0,970.0,1441.0
383,42109,16.0,3000.0,969.0,1461.0
384,42190,17.0,3015.0,982.0,1459.0
385,42284,19.0,3014.0,982.0,1458.0
386,42361,17.0,3015.0,979.0,1462.0
387,42542,121.0,3008.0,979.0,1455.0
388,42649,19.0,3013.0,961.0,1477.0
389,42729,14.0,3010.0,955.0,1478.0
390,42816,16.0,3025.0,953.0,1497.0
391,42913,16.0,3025.0,944.0,1506.0
392,43011,15.0,3030.0,944.0,1510.0
393,43117,16.0,3034.0,944.0,1510.0
394,43200,17.0,3033.0,942.0,1508.0
395,43288,16.0,3040.0,944.0,1514.0
396,43371,16.0,3049.0,957.0,1510.0
397,43471,16.0,3051.0,950.0,1514.0
398,43572,16.0,3051.0,945.0,1518.0
399,43660,16.0,3054.0,947.0,1517.0
400,43770,23.0,3055.0,945.0,1516.0
401,43900,15.0,3057.0,926.0,1530.0
402,44010,15.0,3062.0,924.0,1537.0
403,44111,16.0,3077.0,915.0,1555.0
404,44199,17.0,3078.0,914.0,1560.0
405,44287,17.0,3089.0,921.0,1559.0
406,44375,17.0,3106.0,936.0,1555.0
407,44462,17.0,3109.0,920.0,1576.0
408,44559,17.0,3121.0,932.0,1568.0
409,44668,18.0,3141.0,940.0,1578.0
410,44763,17.0,3144.0,940.0,1579.0
411,44855,18.0,3140.0,940.0,1573.0
412,44957,17.0,3145.0,929.0,1586.0
413,45050,16.0,3164.0,947.0,1582.0
414,45157,24.0,3163.0,946.0,1584.0
415,45325,24.0,3162.0,949.0,1579.0
416,45411,17.0,3160.0,938.0,1586.0
417,45656,170.0,3174.0,935.0,1596.0
418,45751,17.0,3175.0,934.0,1599.0
419,45850,16.0,3183.0,944.0,1589.0
420,45945,17.0,3181.0,940.0,1587.0
421,46037,16.0,3184.0,940.0,1586.0
422,46133,19.0,3183.0,934.0,1589.0
423,46211,15.0,3188.0,930.0,1598.0
424,46325,16.0,3189.0,929.0,1602.0
425,46415,17.0,3202.0,937.0,1602.0
426,46506,17.0,3205.0,936.0,1606.0
427,46594,16.0,3206.0,934.0,1612.0
428,46684,18.0,3208.0,933.0,1612.0
429,46772,17.0,3212.0,935.0,1615.0
430,46869,17.0,3222.0,940.0,1618.0
431,46949,18.0,3241.0,951.0,1629.0
432,47030,16.0,3252.0,957.0,1626.0
433,47137,19.0,3252.0,948.0,1639.0
434,47230,17.0,3267.0,951.0,1656.0
435,47327,18.0,3270.0,946.0,1669.0
436,47415,18.0,3265.0,940.0,1667.0
437,47514,22.0,3270.0,941.0,1670.0
438,47623,19.0,3277.0,945.0,1679.0
439,47706,18.0,3282.0,951.0,1676.0
440,47807,17.0,3281.0,951.0,1675.0
441,47892,18.0,3283.0,951.0,1679.0
442,47973,18.0,3282.0,952.0,1674.0
443,48075,18.0,3290.0,957.0,1676.0
444,48179,17.0,3295.0,964.0,1673.0
445,48275,17.0,3300.0,969.0,1671.0
446,48449,17.0,3302.0,971.0,1663.0
447,48543,16.0,3301.0,972.0,1660.0
448,48627,17.0,3318.0,989.0,1656.0
449,48736,17.0,3322.0,987.0,1662.0
450,48839,17.0,3333.0,998.0,1657.0
451,48929,18.0,3336.0,1000.0,1658.0
452,49015,18.0,3340.0,1000.0,1660.0
453,49108,19.0,3340.0,998.0,1663.0
454,49194,17.0,3348.0,1009.0,1660.0
455,49282,16.0,3355.0,1013.0,1663.0
456,49375,16.0,3365.0,1019.0,1668.0
457,49458,17.0,3366.0,1019.0,1671.0
458,49556,18.0,3364.0,1017.0,1674.0
459,49635,17.0,3382.0,1022.0,1681.0
460,49702,17.0,3387.0,1016.0,1690.0
461,49800,17.0,3390.0,1021.0,1685.0
462,49905,22.0,3390.0,1023.0,1682.0
463,50003,18.0,3405.0,1032.0,1689.0
464,50087,19.0,3405.0,1029.0,1692.0
465,50179,18.0,3410.0,1033.0,1699.0
466,50267,18.0,3417.0,1037.0,1695.0
467,50347,17.0,3435.0,1051.0,1697.0
468,50429,17.0,3438.0,1048.0,1702.0
469,50511,19.0,3444.0,1055.0,1698.0
470,50603,18.0,3451.0,1057.0,1703.0
471,50703,18.0,3455.0,1058.0,1708.0
472,50786,21.0,3461.0,1058.0,1716.0
473,51003,135.0,3456.0,1054.0,1715.0
474,51095,17.0,3460.0,1049.0,1722.0
475,51192,18.0,3466.0,1043.0,1735.0
476,51267,16.0,3464.0,1041.0,1739.0
477,51365,18.0,3466.0,1037.0,1742.0
478,51455,16.0,3467.0,1036.0,1748.0
479,51537,18.0,3467.0,1030.0,1762.0
480,51625,18.0,3478.0,1038.0,1759.0
481,51706,18.0,3478.0,1038.0,1761.0
482,51778,16.0,3478.0,1038.0,1763.0
483,51856,18.0,3484.0,1040.0,1766.0
484,51951,18.0,3491.0,1050.0,1757.0
485,52043,18.0,3494.0,1051.0,1760.0
486,52148,19.0,3501.0,1056.0,1758.0
487,52237,18.0,3503.0,1049.0,1771.0
488,52347,18.0,3502.0,1041.0,1775.0
489,52433,20.0,3506.0,1036.0,1784.0
490,52539,19.0,3507.0,1038.0,1783.0
491,52620,18.0,3509.0,1036.0,1779.0
492,52728,20.0,3517.0,1043.0,1776.0
493,52817,18.0,3514.0,1041.0,1780.0
494,52918,18.0,3513.0,1044.0,1773.0
495,52999,18.0,3514.0,1043.0,1770.0
496,53092,18.0,3516.0,1039.0,1775.0
497,53179,20.0,3524.0,1038.0,1780.0
498,53273,19.0,3534.0,1042.0,1789.0
499,53472,16.0,3563.0,1067.0,1797.0
500,53580,21.0,3571.0,1077.0,1795.0
501,53673,18.0,3577.0,1079.0,1795.0
502,53777,18.0,3595.0,1096.0,1792.0
503,53865,22.0,3598.0,1099.0,1788.0
504,53964,19.0,3603.0,1102.0,1790.0
505,54059,21.0,3604.0,1100.0,1789.0
506,54148,18.0,3606.0,1103.0,1787.0
507,54241,17.0,3612.0,1108.0,1784.0
508,54329,17.0,3612.0,1110.0,1780.0
509,54423,19.0,3613.0,1112.0,1775.0
510,54520,19.0,3619.0,1114.0,1782.0
511,54611,19.0,3623.0,1119.0,1777.0
512,54702,20.0,3621.0,1117.0,1778.0
513,54820,19.0,3621.0,1124.0,1763.0
514,54920,21.0,3629.0,1135.0,1751.0
515,55018,19.0,3628.0,1132.0,1752.0
516,55110,19.0,3631.0,1128.0,1756.0
517,55238,20.0,3627.0,1124.0,1752.0
518,55332,20.0,3648.0,1140.0,1758.0
519,55431,22.0,3652.0,1141.0,1763.0
520,55534,19.0,3650.0,1138.0,1766.0
521,55647,23.0,3650.0,1125.0,1790.0
522,55750,21.0,3666.0,1138.0,1786.0
523,57286,1453.0,3668.0,1095.0,1831.0
524,57393,18.0,3675.0,1073.0,1849.0
525,57480,18.0,3672.0,1066.0,1853.0
526,57570,17.0,3672.0,1066.0,1853.0
527,57657,17.0,3672.0,1067.0,1860.0
528,57759,18.0,3676.0,1068.0,1858.0
529,57851,17.0,3672.0,1063.0,1861.0
530,57938,17.0,3672.0,1061.0,1861.0
531,58025,17.0,3677.0,1067.0,1859.0
532,58098,18.0,3679.0,1067.0,1866.0
533,58177,17.0,3675.0,1065.0,1870.0
534,58268,17.0,3675.0,1064.0,1875.0
535,58348,20.0,3687.0,1070.0,1885.0
536,58433,20.0,3693.0,1073.0,1884.0
537,58544,21.0,3704.0,1084.0,1883.0
538,58649,19.0,3716.0,1096.0,1885.0
539,58743,19.0,3717.0,1095.0,1882.0
540,58832,20.0,3720.0,1099.0,1878.0
541,58924,18.0,3720.0,1097.0,1876.0
542,59015,20.0,3731.0,1107.0,1875.0
543,59115,21.0,3732.0,1109.0,1874.0
544,59227,18.0,3735.0,1113.0,1873.0
545,59350,57.0,3735.0,1115.0,1871.0
546,59425,19.0,3738.0,1112.0,1879.0
547,59515,20.0,3743.0,1117.0,1878.0
548,59601,18.0,3745.0,1122.0,1874.0
549,59687,20.0,3750.0,1126.0,1874.0
550,59805,19.0,3753.0,1120.0,1890.0
551,59912,19.0,3754.0,1121.0,1892.0
552,60000,19.0,3760.0,1122.0,1895.0
553,60099,19.0,3764.0,1117.0,1908.0
554,60209,19.0,3761.0,1089.0,1938.0
555,60308,20.0,3762.0,1075.0,1966.0
556,60420,19.0,3757.0,1055.0,1986.0
557,60530,23.0,3763.0,1030.0,2029.0
558,60613,18.0,3772.0,1023.0,2049.0
559,60717,21.0,3777.0,1008.0,2076.0
560,60821,20.0,3774.0,980.0,2107.0
561,60921,22.0,3780.0,972.0,2130.0
562,61031,22.0,3792.0,970.0,2148.0
563,61148,18.0,3798.0,952.0,2173.0
564,61264,20.0,3799.0,939.0,2193.0
565,61363,19.0,3813.0,936.0,2207.0
566,61464,20.0,3825.0,928.0,2228.0
567,61624,19.0,3840.0,929.0,2245.0
568,61728,21.0,3840.0,924.0,2253.0
569,61829,18.0,3848.0,912.0,2274.0
570,61923,18.0,3852.0,908.0,2282.0
571,62024,18.0,3850.0,908.0,2280.0
572,62124,21.0,3863.0,918.0,2275.0
573,62244,18.0,3866.0,925.0,2271.0
574,62351,19.0,3866.0,929.0,2267.0
575,62445,22.0,3863.0,929.0,2264.0
576,62539,20.0,3862.0,931.0,2258.0
577,62625,19.0,3865.0,935.0,2257.0
578,62735,20.0,3869.0,940.0,2255.0
579,62831,20.0,3878.0,951.0,2246.0
580,62923,22.0,3881.0,954.0,2243.0
581,63019,23.0,3901.0,957.0,2267.0
582,63130,22.0,3898.0,942.0,2286.0
583,63231,21.0,3897.0,927.0,2312.0
584,63327,21.0,3902.0,900.0,2355.0
585,63438,23.0,3901.0,895.0,2364.0
586,63535,22.0,3900.0,886.0,2379.0
587,63605,19.0,3908.0,882.0,2385.0
588,63698,19.0,3912.0,879.0,2391.0
589,63857,18.0,3916.0,873.0,2395.0
590,63954,20.0,3917.0,869.0,2408.0
591,64059,19.0,3923.0,866.0,2419.0
592,64171,20.0,3923.0,856.0,2432.0
593,64263,19.0,3930.0,859.0,2441.0
594,64386,19.0,3934.0,832.0,2471.0
595,64496,20.0,3933.0,824.0,2480.0
596,64612,18.0,3933.0,815.0,2491.0
597,64710,20.0,3954.0,829.0,2496.0
598,64806,20.0,3966.0,839.0,2502.0
599,64901,20.0,3970.0,833.0,2514.0
600,64995,19.0,3973.0,826.0,2520.0
601,65100,22.0,3985.0,837.0,2517.0
602,65192,22.0,3991.0,841.0,2512.0
603,65306,21.0,3993.0,840.0,2519.0
604,65403,21.0,3993.0,836.0,2526.0
605,65504,23.0,3992.0,826.0,2547.0
606,65597,22.0,4000.0,826.0,2555.0
607,65687,20.0,4002.0,811.0,2578.0
608,65799,19.0,4004.0,796.0,2600.0
609,65917,20.0,4003.0,790.0,2600.0
610,66084,20.0,4006.0,779.0,2618.0
611,66173,20.0,4003.0,779.0,2617.0
612,66271,18.0,4007.0,781.0,2619.0
613,66356,19.0,4015.0,781.0,2629.0
614,66455,21.0,4012.0,768.0,2638.0
615,66545,20.0,4024.0,771.0,2642.0
616,66638,21.0,4023.0,760.0,2659.0
617,66736,19.0,4020.0,761.0,2655.0
618,66839,19.0,4028.0,767.0,2643.0
619,66933,21.0,4036.0,759.0,2664.0
620,67051,28.0,4038.0,759.0,2657.0
621,67144,21.0,4049.0,761.0,2672.0
622,67234,20.0,4065.0,771.0,2681.0
623,67311,19.0,4081.0,787.0,2680.0
624,67401,21.0,4079.0,787.0,2674.0
625,67503,21.0,4081.0,778.0,2686.0
626,67607,20.0,4085.0,778.0,2690.0
627,67696,21.0,4084.0,766.0,2706.0
628,67776,20.0,4089.0,757.0,2716.0
629,67874,23.0,4095.0,756.0,2713.0
630,67964,23.0,4117.0,770.0,2721.0
631,68062,21.0,4119.0,772.0,2719.0
632,68285,141.0,4121.0,748.0,2753.0
633,68381,19.0,4122.0,746.0,2758.0
634,68466,20.0,4131.0,750.0,2761.0
635,68564,21.0,4141.0,762.0,2758.0
636,68667,23.0,4142.0,762.0,2758.0
637,68769,19.0,4152.0,772.0,2761.0
638,68851,20.0,4153.0,773.0,2760.0
639,68957,21.0,4159.0,779.0,2748.0
640,69064,21.0,4161.0,778.0,2754.0
641,69174,20.0,4160.0,777.0,2744.0
642,69268,24.0,4171.0,786.0,2746.0
643,69355,19.0,4163.0,783.0,2742.0
644,69467,30.0,4176.0,798.0,2735.0
645,69583,26.0,4173.0,789.0,2742.0
646,69693,22.0,4171.0,781.0,2750.0
647,69797,22.0,4170.0,778.0,2750.0
648,69893,23.0,4173.0,777.0,2754.0
649,69989,21.0,4184.0,785.0,2757.0
650,70079,21.0,4186.0,790.0,2745.0
651,70173,23.0,4188.0,781.0,2757.0
652,70257,23.0,4205.0,792.0,2767.0
653,70361,23.0,4202.0,791.0,2770.0
654,70459,21.0,4209.0,794.0,2768.0
655,70721,21.0,4210.0,785.0,2781.0
656,70827,22.0,4207.0,780.0,2789.0
657,70931,21.0,4209.0,781.0,2788.0
658,71020,18.0,4211.0,774.0,2790.0
659,71132,21.0,4217.0,773.0,2794.0
660,71221,20.0,4219.0,771.0,2801.0
661,71312,22.0,4216.0,768.0,2801.0
662,71398,20.0,4212.0,763.0,2798.0
663,71489,21.0,4219.0,763.0,2801.0
664,71576,25.0,4219.0,759.0,2807.0
665,71687,23.0,4224.0,749.0,2819.0
666,71793,21.0,4222.0,744.0,2822.0
667,71904,23.0,4220.0,743.0,2822.0
668,72006,22.0,4219.0,740.0,2823.0
669,72101,22.0,4225.0,744.0,2827.0
670,72203,22.0,4237.0,751.0,2833.0
671,72298,22.0,4237.0,744.0,2843.0
672,72391,24.0,4239.0,745.0,2839.0
673,72483,23.0,4240.0,735.0,2848.0
674,72580,24.0,4249.0,746.0,2842.0
675,72788,20.0,4250.0,742.0,2849.0
676,72864,20.0,4253.0,741.0,2856.0
677,72959,20.0,4260.0,736.0,2868.0
678,73067,26.0,4264.0,730.0,2882.0
679,73161,22.0,4272.0,734.0,2895.0
680,73254,21.0,4269.0,731.0,2894.0
681,73348,22.0,4274.0,739.0,2895.0
682,73434,20.0,4283.0,745.0,2906.0
683,73518,20.0,4291.0,753.0,2896.0
684,73611,21.0,4295.0,754.0,2904.0
685,73703,21.0,4300.0,755.0,2905.0
686,73800,20.0,4303.0,758.0,2900.0
687,73889,23.0,4301.0,758.0,2898.0
688,73984,21.0,4305.0,761.0,2901.0
689,74085,21.0,4313.0,768.0,2892.0
690,74177,21.0,4322.0,776.0,2892.0
691,74297,25.0,4325.0,782.0,2889.0
692,74401,21.0,4334.0,791.0,2881.0
693,74498,21.0,4355.0,802.0,2898.0
694,74582,24.0,4363.0,797.0,2913.0
695,74824,22.0,4375.0,790.0,2935.0
696,74917,23.0,4378.0,793.0,2943.0
697,75003,20.0,4382.0,802.0,2936.0
698,75084,21.0,4391.0,811.0,2934.0
699,75188,19.0,4392.0,808.0,2939.0
700,75281,22.0,4394.0,809.0,2941.0
701,75370,23.0,4400.0,814.0,2931.0
702,75481,21.0,4410.0,822.0,2940.0
703,75592,25.0,4414.0,829.0,2932.0
704,75699,23.0,4423.0,837.0,2932.0
705,75786,23.0,4434.0,823.0,2962.0
706,75865,21.0,4431.0,822.0,2959.0
707,75968,21.0,4434.0,824.0,2958.0
708,76076,22.0,4441.0,831.0,2962.0
709,76150,23.0,4442.0,831.0,2953.0
710,76240,26.0,4458.0,844.0,2957.0
711,76320,21.0,4460.0,846.0,2958.0
712,76560,21.0,4483.0,865.0,2964.0
713,76668,23.0,4483.0,858.0,2966.0
714,76776,21.0,4476.0,857.0,2963.0
715,76883,21.0,4481.0,857.0,2968.0
716,76976,23.0,4487.0,862.0,2971.0
717,77074,25.0,4490.0,858.0,2977.0
718,77178,22.0,4492.0,860.0,2976.0
719,77283,21.0,4503.0,867.0,2974.0
720,77386,22.0,4499.0,869.0,2969.0
721,77487,21.0,4499.0,866.0,2976.0
722,77576,21.0,4501.0,866.0,2976.0
723,77674,23.0,4502.0,873.0,2969.0
724,77778,22.0,4504.0,870.0,2971.0
725,77886,24.0,4505.0,871.0,2965.0
726,77996,23.0,4510.0,866.0,2971.0
727,78082,23.0,4510.0,860.0,2980.0
728,78380,24.0,4515.0,865.0,2969.0
729,78470,21.0,4514.0,845.0,2991.0
730,78570,21.0,4513.0,845.0,2990.0
731,78666,21.0,4516.0,850.0,2986.0
732,78750,22.0,4532.0,859.0,2988.0
733,78840,22.0,4533.0,857.0,2991.0
734,78922,22.0,4533.0,855.0,2997.0
735,79026,21.0,4533.0,855.0,2998.0
736,79134,23.0,4540.0,857.0,3004.0
737,79227,22.0,4547.0,862.0,3006.0
738,79319,23.0,4558.0,875.0,3004.0
739,79419,22.0,4554.0,876.0,2994.0
740,79529,22.0,4559.0,876.0,2998.0
741,79617,25.0,4567.0,880.0,3008.0
742,79711,24.0,4570.0,884.0,3004.0
743,79810,22.0,4568.0,880.0,3005.0
744,80096,21.0,4566.0,872.0,3018.0
745,80192,21.0,4572.0,876.0,3016.0
746,80279,22.0,4584.0,877.0,3036.0
747,80366,23.0,4584.0,882.0,3028.0
748,80472,24.0,4585.0,884.0,3026.0
749,80561,22.0,4582.0,883.0,3021.0
750,80663,25.0,4587.0,882.0,3016.0
751,80767,23.0,4586.0,882.0,3017.0
752,80859,24.0,4588.0,876.0,3021.0
753,80959,23.0,4589.0,879.0,3019.0
754,81053,22.0,4587.0,878.0,3018.0
755,81160,21.0,4589.0,879.0,3019.0
756,81271,23.0,4593.0,884.0,3014.0
757,81367,24.0,4594.0,881.0,3014.0
758,81477,24.0,4595.0,883.0,3012.0
759,83027,24.0,4594.0,843.0,3069.0
760,83130,22.0,4590.0,842.0,3064.0
761,83220,22.0,4591.0,843.0,3060.0
762,83326,21.0,4587.0,842.0,3059.0
763,83408,23.0,4593.0,848.0,3053.0
764,83490,22.0,4589.0,849.0,3048.0
765,83585,22.0,4589.0,846.0,3053.0
766,83671,20.0,4598.0,852.0,3047.0
767,83751,23.0,4616.0,870.0,3049.0
768,83848,23.0,4619.0,873.0,3048.0
769,83931,23.0,4627.0,877.0,3047.0
770,84038,25.0,4635.0,883.0,3042.0
771,84119,23.0,4648.0,893.0,3044.0
772,84225,22.0,4649.0,892.0,3053.0
773,84327,24.0,4653.0,895.0,3056.0
774,84468,65.0,4655.0,899.0,3052.0
775,84556,21.0,4655.0,895.0,3054.0
776,84649,25.0,4664.0,901.0,3050.0
777,84743,23.0,4662.0,894.0,3052.0
778,84825,23.0,4663.0,891.0,3050.0
779,84919,21.0,4666.0,890.0,3061.0
780,85014,24.0,4670.0,893.0,3067.0
781,85099,23.0,4675.0,898.0,3072.0
782,85189,23.0,4677.0,895.0,3080.0
783,85288,23.0,4677.0,898.0,3076.0
784,85372,23.0,4687.0,907.0,3072.0
785,85473,24.0,4682.0,906.0,3069.0
786,85590,24.0,4687.0,912.0,3063.0
787,85684,24.0,4687.0,908.0,3068.0
788,85779,24.0,4691.0,912.0,3060.0
789,85873,23.0,4685.0,907.0,3055.0
790,86005,21.0,4682.0,908.0,3051.0
791,86089,23.0,4683.0,909.0,3051.0
792,86180,23.0,4694.0,920.0,3050.0
793,86272,23.0,4702.0,928.0,3039.0
794,86372,22.0,4708.0,937.0,3032.0
795,86450,24.0,4718.0,948.0,3031.0
796,86543,23.0,4733.0,964.0,3030.0
797,86647,27.0,4739.0,971.0,3024.0
798,86750,23.0,4739.0,971.0,3024.0
799,86843,24.0,4743.0,977.0,3016.0
800,86943,25.0,4745.0,981.0,3012.0
801,87039,24.0,4765.0,1001.0,3011.0
802,87135,25.0,4767.0,1005.0,3008.0
803,87241,25.0,4757.0,1006.0,2996.0
804,87340,23.0,4752.0,1004.0,2991.0
805,87425,25.0,4766.0,1017.0,2987.0
806,87584,23.0,4774.0,1023.0,2990.0
807,87675,24.0,4799.0,1043.0,2990.0
808,87767,23.0,4795.0,1043.0,2986.0
809,87862,29.0,4796.0,1042.0,2986.0
810,87956,23.0,4797.0,1044.0,2976.0
811,88053,23.0,4799.0,1040.0,2983.0
812,88166,28.0,4800.0,1038.0,2983.0
813,88264,24.0,4807.0,1040.0,2987.0
814,88373,22.0,4821.0,1053.0,2987.0
815,88474,22.0,4826.0,1057.0,2987.0
816,88577,25.0,4827.0,1055.0,2990.0
817,88666,24.0,4828.0,1055.0,2991.0
818,88756,22.0,4830.0,1057.0,2987.0
819,88850,23.0,4830.0,1058.0,2983.0
820,88937,25.0,4840.0,1065.0,2981.0
821,89067,34.0,4842.0,1064.0,2983.0
822,89242,22.0,4852.0,1072.0,2979.0
823,89346,24.0,4849.0,1069.0,2976.0
824,89445,24.0,4853.0,1071.0,2978.0
825,89532,25.0,4853.0,1061.0,2996.0
826,89629,25.0,4860.0,1065.0,2999.0
827,89740,23.0,4861.0,1071.0,2994.0
828,89820,24.0,4863.0,1075.0,2990.0
829,89909,23.0,4860.0,1073.0,2990.0
830,90008,23.0,4863.0,1074.0,2996.0
831,90132,26.0,4857.0,1053.0,3035.0
832,90234,24.0,4866.0,1045.0,3068.0
833,90330,24.0,4869.0,1035.0,3091.0
834,90449,23.0,4867.0,993.0,3141.0
835,90559,26.0,4871.0,965.0,3187.0
836,90659,23.0,4887.0,970.0,3199.0
837,90832,87.0,4888.0,943.0,3240.0
838,90944,24.0,4889.0,928.0,3269.0
839,91056,23.0,4888.0,929.0,3268.0
840,91161,21.0,4893.0,918.0,3286.0
841,91271,24.0,4909.0,910.0,3315.0
842,91385,25.0,4912.0,906.0,3323.0
843,91482,24.0,4914.0,895.0,3338.0
844,91592,23.0,4915.0,897.0,3331.0
845,91705,33.0,4923.0,905.0,3329.0
846,91815,24.0,4935.0,897.0,3361.0
847,91927,27.0,4944.0,904.0,3360.0
848,92032,26.0,4944.0,884.0,3391.0
849,92135,27.0,4950.0,863.0,3420.0
850,92256,25.0,4952.0,863.0,3422.0
851,92366,25.0,4957.0,853.0,3441.0
852,92482,25.0,4969.0,854.0,3454.0
853,92653,26.0,4970.0,848.0,3458.0
854,92748,24.0,4982.0,823.0,3495.0
855,92853,26.0,4987.0,818.0,3510.0
856,92951,25.0,5004.0,825.0,3513.0
857,93044,25.0,5001.0,826.0,3509.0
858,93155,28.0,5005.0,810.0,3537.0
859,93259,24.0,5002.0,790.0,3562.0
860,93360,25.0,5005.0,776.0,3585.0
861,93453,26.0,5008.0,767.0,3596.0
862,93563,26.0,5007.0,764.0,3604.0
863,93666,30.0,5011.0,757.0,3616.0
864,93766,25.0,5022.0,767.0,3614.0
865,93871,25.0,5033.0,779.0,3610.0
866,93963,27.0,5037.0,771.0,3627.0
867,94080,25.0,5046.0,760.0,3648.0
868,94190,25.0,5050.0,745.0,3671.0
869,94355,25.0,5051.0,733.0,3685.0
870,94453,24.0,5051.0,723.0,3700.0
871,94565,24.0,5049.0,723.0,3696.0
872,94664,25.0,5066.0,725.0,3717.0
873,94758,25.0,5070.0,728.0,3715.0
874,94864,26.0,5082.0,715.0,3747.0
875,94968,29.0,5093.0,722.0,3752.0
876,95075,28.0,5100.0,704.0,3775.0
877,95180,27.0,5096.0,701.0,3775.0
878,95291,27.0,5100.0,684.0,3809.0
879,95392,27.0,5101.0,684.0,3810.0
880,95493,26.0,5100.0,684.0,3809.0
881,95598,25.0,5112.0,693.0,3806.0
882,95694,29.0,5129.0,697.0,3824.0
883,95819,28.0,5129.0,692.0,3826.0
884,95932,26.0,5136.0,695.0,3829.0
885,96096,90.0,5137.0,691.0,3840.0
886,96210,24.0,5144.0,697.0,3848.0
887,96324,29.0,5144.0,696.0,3852.0
888,96443,26.0,5154.0,698.0,3864.0
889,96550,30.0,5152.0,695.0,3873.0
890,96659,25.0,5158.0,694.0,3874.0
891,96755,26.0,5153.0,682.0,3891.0
892,96863,28.0,5166.0,682.0,3908.0
893,96973,27.0,5167.0,674.0,3917.0
894,97081,27.0,5165.0,675.0,3914.0
895,97172,26.0,5166.0,666.0,3927.0
896,97296,25.0,5176.0,671.0,3935.0
897,97405,28.0,5174.0,646.0,3962.0
898,97532,35.0,5178.0,642.0,3968.0
899,97651,28.0,5199.0,652.0,3977.0
900,97763,27.0,5209.0,661.0,3975.0
901,97929,91.0,5208.0,658.0,3982.0
902,98032,27.0,5210.0,650.0,3991.0
903,98127,26.0,5209.0,649.0,3990.0
904,98229,28.0,5217.0,657.0,3985.0
905,98336,26.0,5217.0,654.0,3997.0
906,98437,27.0,5231.0,664.0,4000.0
907,98553,27.0,5234.0,657.0,4005.0
908,98648,26.0,5245.0,665.0,4005.0
909,98771,34.0,5243.0,662.0,4001.0
910,98891,29.0,5245.0,647.0,4031.0
911,99018,29.0,5249.0,652.0,4031.0
912,99126,29.0,5251.0,653.0,4024.0
913,99226,25.0,5252.0,649.0,4029.0
914,99332,26.0,5256.0,641.0,4044.0
915,99434,26.0,5268.0,653.0,4040.0
916,99553,28.0,5269.0,652.0,4034.0
917,99666,29.0,5268.0,651.0,4036.0
918,99846,25.0,5267.0,638.0,4051.0
919,99949,32.0,5272.0,644.0,4048.0
920,100064,26.0,5280.0,656.0,4034.0
921,100167,26.0,5283.0,659.0,4034.0
922,100259,27.0,5287.0,663.0,4031.0
923,100375,28.0,5286.0,660.0,4035.0
924,100486,28.0,5289.0,660.0,4035.0
925,100587,26.0,5290.0,662.0,4034.0
926,100692,27.0,5292.0,664.0,4036.0
927,100785,26.0,5304.0,677.0,4031.0
928,100892,27.0,5311.0,685.0,4020.0
929,100994,25.0,5319.0,687.0,4029.0
930,101099,27.0,5324.0,692.0,4033.0
931,101208,25.0,5328.0,693.0,4038.0
932,101323,29.0,5324.0,691.0,4041.0
933,101428,29.0,5336.0,694.0,4048.0
934,101515,27.0,5344.0,702.0,4046.0
935,101681,26.0,5346.0,707.0,4043.0
936,101791,27.0,5347.0,704.0,4045.0
937,101896,27.0,5349.0,703.0,4043.0
938,102003,26.0,5350.0,697.0,4055.0
939,102111,29.0,5355.0,698.0,4054.0
940,102210,27.0,5353.0,696.0,4054.0
941,102310,26.0,5362.0,703.0,4049.0
942,102431,27.0,5368.0,698.0,4065.0
943,102534,33.0,5367.0,698.0,4064.0
944,102629,29.0,5367.0,694.0,4067.0
945,102745,28.0,5372.0,699.0,4066.0
946,102851,27.0,5373.0,698.0,4071.0
947,102963,31.0,5372.0,696.0,4074.0
948,103059,28.0,5375.0,699.0,4069.0
949,103152,27.0,5376.0,702.0,4063.0
950,103257,28.0,5375.0,692.0,4077.0
951,103363,29.0,5384.0,699.0,4077.0
952,103545,105.0,5394.0,700.0,4087.0
953,103644,27.0,5390.0,684.0,4109.0
954,103748,28.0,5390.0,685.0,4107.0
955,103848,31.0,5393.0,684.0,4108.0
956,103945,25.0,5391.0,685.0,4102.0
957,104051,27.0,5392.0,677.0,4113.0
958,104146,29.0,5397.0,662.0,4134.0
959,104252,29.0,5397.0,657.0,4138.0
960,104347,26.0,5399.0,659.0,4135.0
961,104443,28.0,5408.0,668.0,4136.0
962,104542,28.0,5418.0,677.0,4129.0
963,104633,29.0,5423.0,681.0,4122.0
964,104738,28.0,5420.0,681.0,4119.0
965,104835,29.0,5425.0,683.0,4121.0
966,104951,32.0,5424.0,685.0,4114.0
967,105058,31.0,5429.0,689.0,4115.0
968,105158,29.0,5437.0,693.0,4127.0
969,105256,29.0,5439.0,695.0,4119.0
970,105464,149.0,5463.0,714.0,4116.0
971,105551,30.0,5478.0,727.0,4120.0
972,105653,26.0,5488.0,734.0,4122.0
973,105752,29.0,5495.0,740.0,4120.0
974,105851,28.0,5496.0,741.0,4121.0
975,105945,31.0,5497.0,742.0,4117.0
976,106048,28.0,5497.0,744.0,4114.0
977,106153,26.0,5500.0,747.0,4114.0
978,106256,25.0,5505.0,749.0,4111.0
979,106356,30.0,5513.0,761.0,4105.0
980,106461,27.0,5518.0,766.0,4101.0
981,106558,29.0,5517.0,767.0,4095.0
982,106662,30.0,5539.0,781.0,4106.0
983,106760,28.0,5541.0,777.0,4110.0
984,106860,29.0,5544.0,778.0,4115.0
985,106956,30.0,5549.0,782.0,4116.0
986,107059,28.0,5550.0,782.0,4114.0
987,107188,36.0,5552.0,778.0,4120.0
988,107397,133.0,5556.0,769.0,4142.0
989,107489,27.0,5558.0,764.0,4150.0
990,107599,31.0,5560.0,765.0,4147.0
991,107719,29.0,5560.0,762.0,4151.0
992,107830,27.0,5562.0,761.0,4154.0
993,107943,27.0,5566.0,766.0,4146.0
994,108042,30.0,5569.0,767.0,4154.0
995,108145,28.0,5570.0,763.0,4162.0
996,108247,29.0,5569.0,764.0,4160.0
997,108351,28.0,5575.0,772.0,4154.0
998,108464,29.0,5595.0,794.0,4151.0
999,108583,31.0,5608.0,802.0,4158.0
1000,108694,31.0,5631.0,821.0,4157.0
1001,108796,28.0,5630.0,819.0,4159.0
1002,108906,28.0,5630.0,817.0,4161.0
1003,109021,27.0,5628.0,811.0,4174.0
1004,109153,29.0,5631.0,798.0,4195.0
1005,109369,133.0,5635.0,802.0,4192.0
1006,109471,29.0,5640.0,805.0,4194.0
1007,109577,28.0,5642.0,807.0,4196.0
1008,109677,29.0,5652.0,819.0,4189.0
1009,109790,27.0,5649.0,814.0,4195.0
1010,109907,30.0,5651.0,817.0,4191.0
1011,110000,31.0,5679.0,847.0,4185.0
1012,110111,27.0,5679.0,842.0,4194.0
1013,110219,27.0,5681.0,849.0,4186.0
1014,110321,28.0,5685.0,845.0,4189.0
1015,110418,29.0,5682.0,839.0,4189.0
1016,110519,29.0,5684.0,841.0,4188.0
1017,110620,26.0,5682.0,834.0,4193.0
1018,110721,29.0,5682.0,833.0,4194.0
1019,110806,29.0,5682.0,831.0,4195.0
1020,110924,28.0,5670.0,830.0,4185.0
1021,111031,29.0,5676.0,835.0,4181.0
1022,111136,29.0,5679.0,835.0,4178.0
1023,111355,28.0,5685.0,827.0,4190.0
1024,111461,30.0,5685.0,822.0,4199.0
1025,111563,28.0,5690.0,828.0,4192.0
1026,111654,30.0,5692.0,830.0,4192.0
1027,111766,29.0,5703.0,841.0,4189.0
1028,111868,28.0,5705.0,843.0,4185.0
1029,111978,29.0,5698.0,844.0,4177.0
1030,112077,31.0,5716.0,863.0,4172.0
1031,112178,28.0,5715.0,864.0,4170.0
1032,112275,27.0,5726.0,875.0,4168.0
1033,112369,29.0,5741.0,887.0,4160.0
1034,112485,30.0,5738.0,887.0,4157.0
1035,112587,30.0,5736.0,887.0,4155.0
1036,112692,30.0,5736.0,889.0,4150.0
1037,112804,29.0,5734.0,891.0,4144.0
1038,112909,28.0,5734.0,891.0,4144.0
1039,113004,28.0,5732.0,891.0,4142.0
1040,113229,26.0,5744.0,893.0,4156.0
1041,113352,28.0,5746.0,892.0,4163.0
1042,113476,30.0,5752.0,897.0,4163.0
1043,113583,32.0,5764.0,905.0,4159.0
1044,113677,31.0,5764.0,903.0,4165.0
1045,113782,29.0,5764.0,904.0,4162.0
1046,113879,32.0,5763.0,903.0,4163.0
1047,113964,28.0,5762.0,902.0,4162.0
1048,114053,29.0,5773.0,909.0,4160.0
1049,114150,32.0,5787.0,923.0,4155.0
1050,114255,31.0,5786.0,922.0,4158.0
1051,114363,32.0,5787.0,919.0,4165.0
1052,114487,30.0,5782.0,918.0,4159.0
1053,114598,29.0,5784.0,916.0,4163.0
1054,114708,32.0,5792.0,921.0,4168.0
1055,114802,30.0,5797.0,928.0,4167.0
1056,116341,1465.0,5799.0,905.0,4209.0
1057,116451,28.0,5796.0,883.0,4237.0
1058,116546,28.0,5804.0,891.0,4236.0
1059,116653,30.0,5806.0,893.0,4234.0
1060,116747,26.0,5809.0,896.0,4234.0
1061,116845,27.0,5808.0,897.0,4228.0
1062,116962,31.0,5821.0,911.0,4222.0
1063,117073,28.0,5825.0,910.0,4222.0
1064,117154,27.0,5825.0,910.0,4222.0
1065,117239,29.0,5824.0,899.0,4236.0
1066,117354,37.0,5823.0,899.0,4234.0
1067,117460,27.0,5833.0,909.0,4231.0
1068,117545,27.0,5841.0,916.0,4234.0
1069,117651,29.0,5842.0,918.0,4228.0
1070,117751,27.0,5842.0,916.0,4228.0
1071,117862,27.0,5841.0,916.0,4227.0
1072,117958,27.0,5841.0,915.0,4226.0
1073,118057,30.0,5848.0,918.0,4222.0
1074,118202,30.0,5866.0,939.0,4217.0
1075,118296,28.0,5873.0,947.0,4216.0
1076,118394,28.0,5886.0,957.0,4216.0
1077,118496,28.0,5894.0,965.0,4212.0
1078,118581,28.0,5902.0,972.0,4213.0
1079,118702,30.0,5904.0,975.0,4203.0
1080,118811,29.0,5902.0,967.0,4206.0
1081,118906,29.0,5903.0,968.0,4206.0
1082,118997,27.0,5908.0,973.0,4201.0
1083,119113,29.0,5895.0,972.0,4192.0
1084,119208,31.0,5901.0,980.0,4188.0
1085,119309,31.0,5900.0,980.0,4186.0
1086,119404,29.0,5899.0,979.0,4189.0
1087,119500,28.0,5917.0,993.0,4195.0
1088,119591,28.0,5928.0,1000.0,4199.0
1089,119691,29.0,5923.0,999.0,4191.0
1090,119785,29.0,5923.0,996.0,4191.0
1091,119948,27.0,5926.0,998.0,4191.0
1092,120066,29.0,5932.0,985.0,4219.0
1093,120181,27.0,5931.0,956.0,4256.0
1094,120304,28.0,5931.0,926.0,4292.0
1095,120427,29.0,5933.0,901.0,4324.0
1096,120546,27.0,5933.0,863.0,4374.0
1097,120660,26.0,5932.0,854.0,4380.0
1098,120776,29.0,5943.0,859.0,4385.0
1099,120882,30.0,5955.0,864.0,4389.0
1100,120996,29.0,5955.0,853.0,4407.0
1101,121106,30.0,5962.0,842.0,4432.0
1102,121231,38.0,5966.0,816.0,4469.0
1103,121338,30.0,5964.0,799.0,4485.0
1104,121447,27.0,5963.0,789.0,4492.0
1105,121562,33.0,5973.0,800.0,4489.0
1106,121672,29.0,5969.0,775.0,4521.0
1107,121875,117.0,5965.0,759.0,4539.0
1108,121968,29.0,5970.0,753.0,4556.0
1109,122074,29.0,5984.0,753.0,4564.0
1110,122166,27.0,5990.0,752.0,4570.0
1111,122265,29.0,5992.0,742.0,4581.0
1112,122366,29.0,6023.0,772.0,4577.0
1113,122488,27.0,6021.0,772.0,4575.0
1114,122586,33.0,6021.0,763.0,4597.0
1115,122691,28.0,6022.0,763.0,4596.0
1116,122796,30.0,6030.0,759.0,4608.0
1117,122911,27.0,6032.0,748.0,4614.0
1118,123015,31.0,6045.0,761.0,4609.0
1119,123128,32.0,6049.0,765.0,4598.0
1120,123230,30.0,6063.0,775.0,4601.0
1121,123342,31.0,6064.0,770.0,4605.0
1122,123452,28.0,6063.0,756.0,4629.0
1123,123564,31.0,6064.0,748.0,4635.0
1124,123773,123.0,6056.0,732.0,4651.0
1125,123878,28.0,6052.0,715.0,4668.0
1126,123986,29.0,6068.0,725.0,4670.0
1127,124094,30.0,6079.0,716.0,4703.0
1128,124188,30.0,6077.0,712.0,4705.0
1129,124290,27.0,6085.0,712.0,4720.0
1130,124386,29.0,6090.0,713.0,4724.0
1131,124486,28.0,6108.0,729.0,4732.0
1132,124594,27.0,6110.0,723.0,4746.0
1133,124718,40.0,6111.0,724.0,4744.0
1134,124819,31.0,6120.0,734.0,4736.0
1135,124924,30.0,6121.0,727.0,4748.0
1136,125034,31.0,6144.0,745.0,4747.0
1137,125144,30.0,6143.0,727.0,4768.0
1138,125249,31.0,6145.0,730.0,4763.0
1139,125350,30.0,6153.0,720.0,4783.0
1140,125447,31.0,6157.0,718.0,4794.0
1141,125540,28.0,6164.0,717.0,4803.0
1142,125766,146.0,6163.0,701.0,4824.0
1143,125895,27.0,6164.0,684.0,4858.0
1144,126013,30.0,6162.0,675.0,4868.0
1145,126140,32.0,6156.0,661.0,4885.0
1146,126230,30.0,6161.0,652.0,4898.0
1147,126347,31.0,6161.0,641.0,4913.0
1148,126435,28.0,6161.0,637.0,4926.0
1149,126537,31.0,6172.0,645.0,4925.0
1150,126647,32.0,6181.0,651.0,4925.0
1151,126744,31.0,6189.0,658.0,4926.0
1152,126841,31.0,6206.0,668.0,4926.0
1153,126952,38.0,6212.0,670.0,4934.0
1154,127088,29.0,6208.0,669.0,4932.0
1155,127203,32.0,6211.0,670.0,4934.0
1156,127296,30.0,6214.0,672.0,4931.0
1157,127407,31.0,6217.0,638.0,4982.0
1158,127524,29.0,6218.0,635.0,4987.0
1159,127745,128.0,6216.0,621.0,5006.0
1160,127844,29.0,6218.0,614.0,5018.0
1161,127942,28.0,6215.0,605.0,5023.0
1162,128053,29.0,6213.0,604.0,5024.0
1163,128159,33.0,6211.0,595.0,5035.0
1164,128266,28.0,6209.0,574.0,5055.0
1165,128359,28.0,6209.0,564.0,5065.0
1166,128470,29.0,6206.0,556.0,5074.0
1167,128580,31.0,6220.0,564.0,5077.0
1168,128694,28.0,6229.0,573.0,5077.0
1169,128789,32.0,6234.0,580.0,5075.0
1170,128891,32.0,6228.0,574.0,5072.0
1171,128995,32.0,6228.0,570.0,5084.0
1172,129105,29.0,6229.0,560.0,5094.0
1173,129203,31.0,6240.0,560.0,5101.0
1174,129311,34.0,6243.0,548.0,5117.0
1175,129419,30.0,6257.0,560.0,5117.0
1176,129537,30.0,6256.0,557.0,5120.0
1177,129718,110.0,6261.0,552.0,5134.0
1178,129823,33.0,6271.0,562.0,5132.0
1179,129935,30.0,6272.0,563.0,5127.0
1180,130041,27.0,6272.0,561.0,5137.0
1181,130146,31.0,6271.0,561.0,5135.0
1182,130250,31.0,6268.0,567.0,5122.0
1183,130367,33.0,6278.0,560.0,5142.0
1184,130455,27.0,6278.0,551.0,5154.0
1185,130582,31.0,6285.0,558.0,5154.0
1186,130689,29.0,6288.0,558.0,5161.0
1187,130788,30.0,6285.0,557.0,5161.0
1188,130879,32.0,6293.0,563.0,5159.0
1189,130969,32.0,6295.0,565.0,5156.0
1190,131083,34.0,6293.0,563.0,5152.0
1191,131203,34.0,6296.0,564.0,5158.0
1192,131299,31.0,6303.0,569.0,5158.0
1193,131396,30.0,6305.0,570.0,5154.0
1194,131479,29.0,6307.0,572.0,5149.0
1195,131675,127.0,6306.0,563.0,5156.0
1196,131783,28.0,6313.0,564.0,5172.0
1197,131891,32.0,6310.0,565.0,5166.0
1198,131995,30.0,6308.0,566.0,5163.0
1199,132114,30.0,6310.0,567.0,5158.0
1200,132227,33.0,6319.0,577.0,5154.0
1201,132343,30.0,6320.0,578.0,5153.0
1202,132456,31.0,6323.0,581.0,5153.0
1203,132562,32.0,6324.0,582.0,5153.0
1204,132688,31.0,6322.0,583.0,5150.0
1205,132804,31.0,6322.0,568.0,5178.0
1206,132916,29.0,6323.0,565.0,5188.0
1207,133012,30.0,6326.0,570.0,5186.0
1208,133132,32.0,6336.0,570.0,5198.0
1209,133230,29.0,6342.0,577.0,5194.0
1210,133336,30.0,6353.0,586.0,5187.0
1211,133444,32.0,6356.0,588.0,5190.0
1212,133552,32.0,6351.0,588.0,5185.0
1213,133663,32.0,6370.0,598.0,5197.0
1214,133869,132.0,6378.0,603.0,5205.0
1215,133995,32.0,6390.0,612.0,5208.0
1216,134100,31.0,6396.0,620.0,5200.0
1217,134215,30.0,6399.0,624.0,5195.0
1218,134334,31.0,6396.0,625.0,5187.0
1219,134424,32.0,6397.0,626.0,5187.0
1220,134520,30.0,6399.0,626.0,5194.0
1221,134633,32.0,6417.0,641.0,5196.0
1222,134744,32.0,6428.0,651.0,5201.0
1223,134847,29.0,6437.0,660.0,5200.0
1224,134944,30.0,6438.0,657.0,5203.0
1225,135053,32.0,6437.0,659.0,5197.0
1226,135151,31.0,6437.0,660.0,5194.0
1227,135263,34.0,6439.0,661.0,5193.0
1228,135386,30.0,6446.0,659.0,5202.0
1229,135508,35.0,6448.0,661.0,5199.0
1230,135606,32.0,6458.0,669.0,5195.0
1231,135700,32.0,6461.0,668.0,5194.0
1232,135899,128.0,6459.0,665.0,5203.0
1233,136009,30.0,6453.0,660.0,5205.0
1234,136120,29.0,6451.0,656.0,5207.0
1235,136223,34.0,6451.0,652.0,5207.0
1236,136325,34.0,6460.0,658.0,5209.0
1237,136425,32.0,6471.0,666.0,5217.0
1238,136530,35.0,6486.0,684.0,5211.0
1239,136648,34.0,6496.0,689.0,5216.0
1240,136760,34.0,6498.0,690.0,5217.0
1241,136868,30.0,6497.0,687.0,5223.0
1242,136990,33.0,6497.0,688.0,5222.0
1243,137091,33.0,6524.0,714.0,5217.0
1244,137201,33.0,6534.0,721.0,5216.0
1245,137303,29.0,6531.0,719.0,5214.0
1246,137395,32.0,6533.0,721.0,5209.0
1247,137508,31.0,6532.0,721.0,5208.0
1248,137616,32.0,6541.0,727.0,5216.0
1249,137707,33.0,6541.0,730.0,5211.0
1250,137816,31.0,6545.0,732.0,5215.0
1251,137939,32.0,6544.0,723.0,5230.0
1252,138146,32.0,6544.0,722.0,5230.0
1253,138252,32.0,6548.0,721.0,5233.0
1254,138354,31.0,6546.0,716.0,5240.0
1255,138462,31.0,6550.0,718.0,5240.0
1256,138577,29.0,6550.0,716.0,5247.0
1257,138686,31.0,6553.0,719.0,5247.0
1258,138773,32.0,6562.0,728.0,5244.0
1259,138876,32.0,6561.0,727.0,5249.0
1260,139000,29.0,6560.0,725.0,5248.0
1261,139103,32.0,6561.0,732.0,5246.0
1262,139205,33.0,6562.0,733.0,5244.0
1263,139319,31.0,6564.0,735.0,5242.0
1264,139416,35.0,6593.0,764.0,5234.0
1265,139516,31.0,6597.0,766.0,5234.0
1266,139624,30.0,6598.0,763.0,5238.0
1267,139719,30.0,6602.0,766.0,5238.0
1268,139822,31.0,6612.0,773.0,5234.0
1269,139930,34.0,6616.0,777.0,5230.0
1270,140029,34.0,6619.0,780.0,5227.0
1271,140204,119.0,6622.0,780.0,5236.0
1272,140334,32.0,6624.0,785.0,5230.0
1273,140439,32.0,6627.0,788.0,5226.0
1274,140537,33.0,6627.0,786.0,5232.0
1275,140638,34.0,6634.0,795.0,5227.0
1276,140755,32.0,6640.0,805.0,5220.0
1277,140862,31.0,6648.0,807.0,5228.0
1278,140968,33.0,6646.0,807.0,5226.0
1279,141069,31.0,6646.0,812.0,5216.0
1280,141189,33.0,6652.0,820.0,5214.0
1281,141304,36.0,6660.0,834.0,5203.0
1282,141413,32.0,6656.0,834.0,5197.0
1283,141535,34.0,6658.0,835.0,5203.0
1284,141653,32.0,6668.0,840.0,5202.0
1285,141797,36.0,6668.0,838.0,5207.0
1286,141890,32.0,6668.0,838.0,5207.0
1287,142008,35.0,6678.0,844.0,5207.0
1288,142115,34.0,6674.0,845.0,5202.0
1289,142214,39.0,6674.0,843.0,5203.0
1290,142316,32.0,6677.0,846.0,5201.0
1291,142501,30.0,6679.0,825.0,5229.0
1292,142603,33.0,6684.0,829.0,5225.0
1293,142718,38.0,6685.0,824.0,5241.0
1294,142821,31.0,6688.0,826.0,5232.0
1295,142928,30.0,6688.0,825.0,5232.0
1296,143035,33.0,6689.0,824.0,5239.0
1297,143152,32.0,6682.0,825.0,5230.0
1298,143262,33.0,6683.0,829.0,5222.0
1299,143354,35.0,6681.0,833.0,5216.0
1300,143465,34.0,6680.0,827.0,5226.0
1301,143598,33.0,6678.0,825.0,5229.0
1302,143706,32.0,6678.0,826.0,5227.0
1303,143813,32.0,6685.0,832.0,5228.0
1304,143931,35.0,6686.0,832.0,5226.0
1305,144036,31.0,6688.0,833.0,5222.0
1306,144153,34.0,6692.0,838.0,5218.0
1307,144260,31.0,6694.0,839.0,5220.0
1308,144369,34.0,6696.0,841.0,5216.0
1309,144470,32.0,6697.0,840.0,5217.0
1310,144660,122.0,6703.0,841.0,5218.0
1311,144772,32.0,6698.0,834.0,5214.0
1312,144865,32.0,6696.0,834.0,5213.0
1313,144967,31.0,6689.0,833.0,5202.0
1314,145086,30.0,6688.0,835.0,5195.0
1315,145199,36.0,6691.0,838.0,5195.0
1316,145301,34.0,6694.0,841.0,5188.0
1317,145404,31.0,6703.0,850.0,5184.0
1318,145510,34.0,6703.0,850.0,5184.0
1319,145599,31.0,6711.0,858.0,5174.0
1320,145713,36.0,6715.0,863.0,5172.0
1321,145818,31.0,6718.0,866.0,5167.0
1322,145926,35.0,6726.0,878.0,5160.0
1323,146025,32.0,6724.0,878.0,5158.0
1324,146143,32.0,6726.0,882.0,5154.0
1325,146283,42.0,6722.0,883.0,5149.0
1326,146407,32.0,6722.0,886.0,5143.0
1327,146500,34.0,6724.0,885.0,5147.0
1328,146606,37.0,6726.0,886.0,5143.0
1329,146722,32.0,6729.0,886.0,5142.0
1330,148226,1431.0,6726.0,885.0,5140.0
1331,148327,31.0,6738.0,886.0,5147.0
1332,148434,32.0,6738.0,884.0,5149.0
1333,148539,30.0,6744.0,889.0,5151.0
1334,148646,35.0,6743.0,889.0,5151.0
1335,148750,32.0,6743.0,891.0,5147.0
1336,148844,30.0,6751.0,899.0,5140.0
1337,148961,33.0,6750.0,898.0,5144.0
1338,149069,36.0,6756.0,904.0,5141.0
1339,149185,32.0,6757.0,901.0,5144.0
1340,149288,35.0,6757.0,899.0,5144.0
1341,149405,33.0,6755.0,895.0,5150.0
1342,149510,32.0,6755.0,895.0,5150.0
1343,149621,33.0,6755.0,897.0,5144.0
1344,149727,31.0,6757.0,902.0,5136.0
1345,149836,32.0,6757.0,898.0,5136.0
1346,149938,33.0,6767.0,907.0,5130.0
1347,150051,33.0,6766.0,889.0,5147.0
1348,150175,33.0,6770.0,858.0,5195.0
1349,150300,31.0,6778.0,850.0,5216.0
1350,150432,34.0,6777.0,820.0,5253.0
1351,150609,35.0,6779.0,775.0,5306.0
1352,150729,31.0,6785.0,760.0,5336.0
1353,150850,30.0,6787.0,737.0,5370.0
1354,150959,34.0,6796.0,728.0,5398.0
1355,151062,30.0,6804.0,720.0,5422.0
1356,151169,34.0,6810.0,725.0,5414.0
1357,151268,34.0,6821.0,714.0,5437.0
1358,151383,33.0,6821.0,701.0,5460.0
1359,151483,35.0,6824.0,687.0,5480.0
1360,151584,34.0,6837.0,692.0,5496.0
1361,151703,34.0,6843.0,696.0,5492.0
1362,151822,30.0,6852.0,688.0,5517.0
1363,151945,38.0,6856.0,683.0,5538.0
1364,152049,31.0,6855.0,683.0,5537.0
1365,152150,31.0,6861.0,672.0,5562.0
1366,152254,31.0,6858.0,663.0,5568.0
1367,152359,33.0,6858.0,653.0,5580.0
1368,152469,34.0,6857.0,625.0,5619.0
1369,152574,34.0,6863.0,624.0,5620.0
1370,152700,35.0,6863.0,619.0,5626.0
1371,152894,32.0,6862.0,607.0,5638.0
1372,153002,30.0,6869.0,595.0,5663.0
1373,153117,31.0,6866.0,588.0,5669.0
1374,153230,32.0,6863.0,588.0,5666.0
1375,153330,33.0,6877.0,601.0,5673.0
1376,153442,31.0,6881.0,588.0,5690.0
1377,153551,34.0,6883.0,582.0,5706.0
1378,153654,33.0,6892.0,591.0,5699.0
1379,153769,33.0,6892.0,594.0,5694.0
1380,153880,35.0,6901.0,598.0,5700.0
1381,153981,32.0,6900.0,592.0,5712.0
1382,154097,34.0,6902.0,584.0,5721.0
1383,154215,37.0,6900.0,583.0,5721.0
1384,154325,31.0,6906.0,591.0,5718.0
1385,154436,31.0,6909.0,594.0,5713.0
1386,154549,35.0,6908.0,587.0,5729.0
1387,154664,32.0,6908.0,570.0,5751.0
1388,154780,34.0,6903.0,562.0,5757.0
1389,154906,36.0,6902.0,556.0,5772.0
1390,155013,30.0,6909.0,553.0,5782.0
1391,155185,33.0,6920.0,549.0,5799.0
1392,155305,33.0,6922.0,540.0,5818.0
1393,155411,32.0,6925.0,544.0,5814.0
1394,155520,34.0,6934.0,553.0,5808.0
1395,155628,31.0,6931.0,551.0,5811.0
1396,155730,35.0,6933.0,556.0,5800.0
1397,155834,33.0,6932.0,553.0,5800.0
1398,155947,33.0,6937.0,553.0,5808.0
1399,156058,32.0,6935.0,542.0,5824.0
1400,156160,34.0,6940.0,540.0,5833.0
1401,156265,33.0,6942.0,540.0,5839.0
1402,156376,32.0,6940.0,530.0,5849.0
1403,156488,34.0,6935.0,524.0,5854.0
1404,156594,32.0,6934.0,523.0,5861.0
1405,156697,34.0,6955.0,536.0,5860.0
1406,156799,32.0,6958.0,535.0,5861.0
1407,156907,32.0,6959.0,533.0,5871.0
1408,157008,35.0,6964.0,527.0,5883.0
1409,157115,32.0,6972.0,531.0,5891.0
1410,157224,35.0,6981.0,537.0,5882.0
1411,157407,113.0,6981.0,535.0,5893.0
1412,157515,33.0,6981.0,531.0,5898.0
1413,157622,33.0,6988.0,526.0,5905.0
1414,157733,34.0,6988.0,525.0,5906.0
1415,157850,34.0,6985.0,525.0,5903.0
1416,157939,32.0,6989.0,529.0,5917.0
1417,158044,33.0,7006.0,530.0,5924.0
1418,158152,33.0,7011.0,533.0,5924.0
1419,158265,32.0,7004.0,533.0,5917.0
1420,158365,32.0,7005.0,531.0,5921.0
1421,158483,34.0,7005.0,533.0,5929.0
1422,158585,33.0,7007.0,528.0,5945.0
1423,158693,36.0,7017.0,520.0,5965.0
1424,158812,33.0,7017.0,520.0,5965.0
1425,158921,32.0,7025.0,530.0,5961.0
1426,159041,35.0,7025.0,532.0,5952.0
1427,159147,34.0,7024.0,530.0,5954.0
1428,159257,35.0,7026.0,529.0,5957.0
1429,159361,32.0,7031.0,531.0,5961.0
1430,159477,32.0,7029.0,528.0,5959.0
1431,159685,32.0,7032.0,518.0,5978.0
1432,159779,31.0,7036.0,523.0,5975.0
1433,159891,31.0,7036.0,525.0,5971.0
1434,160000,36.0,7038.0,528.0,5967.0
1435,160106,36.0,7036.0,530.0,5961.0
1436,160236,35.0,7033.0,524.0,5963.0
1437,160340,38.0,7033.0,523.0,5957.0
1438,160438,32.0,7038.0,527.0,5956.0
1439,160530,32.0,7054.0,543.0,5947.0
1440,160643,34.0,7053.0,541.0,5949.0
1441,160736,32.0,7063.0,550.0,5949.0
1442,160845,36.0,7060.0,550.0,5943.0
1443,160957,34.0,7063.0,554.0,5950.0
1444,161074,35.0,7066.0,531.0,5975.0
1445,161189,35.0,7075.0,531.0,5991.0
1446,161308,34.0,7077.0,533.0,5991.0
1447,161434,32.0,7077.0,533.0,5991.0
1448,161535,33.0,7076.0,530.0,5990.0
1449,161646,37.0,7070.0,526.0,5992.0
1450,161861,33.0,7079.0,535.0,5988.0
1451,161962,33.0,7084.0,539.0,5987.0
1452,162065,33.0,7083.0,529.0,6000.0
1453,162155,31.0,7084.0,529.0,6005.0
1454,162262,33.0,7083.0,526.0,6009.0
1455,162370,33.0,7099.0,543.0,6001.0
1456,162470,32.0,7101.0,540.0,6005.0
1457,162590,34.0,7099.0,541.0,6000.0
1458,162696,34.0,7102.0,541.0,6008.0
1459,162816,36.0,7107.0,544.0,6006.0
1460,162926,33.0,7106.0,544.0,6005.0
1461,163038,35.0,7108.0,538.0,6017.0
1462,163146,38.0,7114.0,534.0,6024.0
1463,163239,36.0,7117.0,535.0,6024.0
1464,163338,33.0,7119.0,535.0,6031.0
1465,163433,32.0,7119.0,532.0,6038.0
1466,163546,34.0,7126.0,537.0,6040.0
1467,163642,35.0,7126.0,539.0,6037.0
1468,163766,33.0,7125.0,531.0,6047.0
1469,163990,32.0,7125.0,529.0,6047.0
1470,164108,32.0,7120.0,525.0,6050.0
1471,164204,33.0,7119.0,521.0,6062.0
1472,164318,33.0,7125.0,520.0,6061.0
1473,164418,32.0,7140.0,536.0,6053.0
1474,164522,34.0,7152.0,544.0,6042.0
1475,164622,35.0,7154.0,545.0,6046.0
1476,164733,34.0,7151.0,531.0,6062.0
1477,164847,35.0,7158.0,531.0,6070.0
1478,164947,35.0,7157.0,531.0,6069.0
1479,165061,36.0,7157.0,527.0,6073.0
1480,165183,39.0,7153.0,529.0,6071.0
1481,165292,34.0,7152.0,530.0,6069.0
1482,165393,33.0,7150.0,530.0,6067.0
1483,165494,37.0,7156.0,531.0,6067.0
1484,165583,33.0,7164.0,532.0,6076.0
1485,165696,35.0,7164.0,534.0,6074.0
1486,165810,36.0,7159.0,530.0,6076.0
1487,166005,128.0,7161.0,521.0,6093.0
1488,166125,33.0,7160.0,521.0,6092.0
1489,166241,34.0,7170.0,528.0,6093.0
1490,166356,35.0,7180.0,539.0,6085.0
1491,166463,34.0,7181.0,538.0,6088.0
1492,166583,33.0,7193.0,548.0,6085.0
1493,166693,34.0,7186.0,544.0,6086.0
1494,166805,36.0,7189.0,543.0,6080.0
1495,166916,36.0,7187.0,542.0,6085.0
1496,167015,32.0,7188.0,543.0,6083.0
1497,167123,37.0,7191.0,546.0,6078.0
1498,167232,34.0,7185.0,546.0,6072.0
1499,167350,40.0,7189.0,549.0,6068.0
1500,167460,35.0,7197.0,556.0,6065.0
1501,167560,33.0,7210.0,568.0,6069.0
1502,167669,32.0,7221.0,577.0,6065.0
1503,167765,34.0,7229.0,581.0,6069.0
1504,167989,149.0,7230.0,580.0,6070.0
1505,168096,32.0,7229.0,580.0,6068.0
1506,168210,37.0,7234.0,585.0,6063.0
1507,168323,36.0,7236.0,588.0,6056.0
1508,168432,33.0,7251.0,602.0,6056.0
1509,168541,37.0,7251.0,603.0,6060.0
1510,168639,33.0,7253.0,599.0,6071.0
1511,168742,33.0,7254.0,601.0,6066.0
1512,168852,32.0,7260.0,607.0,6068.0
1513,168946,36.0,7254.0,607.0,6062.0
1514,169045,35.0,7266.0,616.0,6060.0
1515,169155,33.0,7268.0,616.0,6056.0
1516,169263,36.0,7267.0,616.0,6054.0
1517,169375,36.0,7267.0,610.0,6060.0
1518,169472,33.0,7270.0,616.0,6049.0
1519,169565,33.0,7274.0,619.0,6048.0
1520,169684,34.0,7272.0,619.0,6046.0
1521,169790,33.0,7272.0,617.0,6050.0
1522,170016,35.0,7272.0,618.0,6046.0
1523,170115,33.0,7273.0,619.0,6043.0
1524,170232,35.0,7271.0,621.0,6039.0
1525,170335,34.0,7270.0,619.0,6041.0
1526,170437,36.0,7266.0,619.0,6037.0
1527,170551,33.0,7283.0,638.0,6030.0
1528,170645,33.0,7287.0,640.0,6030.0
1529,170740,35.0,7297.0,646.0,6039.0
1530,170850,34.0,7297.0,650.0,6039.0
1531,170957,36.0,7305.0,658.0,6036.0
1532,171068,38.0,7303.0,651.0,6034.0
1533,171169,35.0,7305.0,651.0,6035.0
1534,171277,34.0,7306.0,653.0,6032.0
1535,171397,36.0,7308.0,655.0,6020.0
1536,171506,33.0,7320.0,667.0,6017.0
1537,171616,38.0,7326.0,672.0,6019.0
1538,171717,34.0,7344.0,688.0,6013.0
1539,171823,34.0,7350.0,694.0,6012.0
1540,172057,40.0,7351.0,697.0,6007.0
1541,172171,39.0,7353.0,697.0,6011.0
1542,172280,33.0,7351.0,698.0,6008.0
1543,172380,36.0,7353.0,707.0,6001.0
1544,172487,37.0,7354.0,708.0,6001.0
1545,172589,33.0,7359.0,709.0,5999.0
1546,172697,37.0,7359.0,708.0,6003.0
1547,172803,35.0,7366.0,716.0,6003.0
1548,172906,37.0,7372.0,727.0,5996.0
1549,173002,37.0,7373.0,727.0,5998.0
1550,173114,36.0,7375.0,727.0,6003.0
1551,173228,35.0,7380.0,732.0,6000.0
1552,173342,35.0,7392.0,743.0,5999.0
1553,173447,34.0,7392.0,742.0,6002.0
1554,173555,35.0,7393.0,742.0,6009.0
1555,173652,36.0,7394.0,744.0,6002.0
1556,173773,37.0,7396.0,747.0,5996.0
1557,173971,36.0,7399.0,750.0,5996.0
1558,174077,37.0,7400.0,752.0,5994.0
1559,174200,38.0,7402.0,754.0,5996.0
1560,174310,36.0,7402.0,755.0,5995.0
1561,174417,33.0,7401.0,756.0,5991.0
1562,174517,35.0,7407.0,762.0,5985.0
1563,174623,35.0,7409.0,764.0,5982.0
1564,174735,38.0,7421.0,771.0,5986.0
1565,174844,37.0,7432.0,781.0,5982.0
1566,174960,35.0,7431.0,774.0,5989.0
1567,175062,35.0,7430.0,773.0,5991.0
1568,175169,38.0,7427.0,771.0,5993.0
1569,175286,37.0,7431.0,774.0,5996.0
1570,175414,36.0,7430.0,773.0,5991.0
1571,175519,37.0,7432.0,775.0,5987.0
1572,175641,40.0,7436.0,781.0,5985.0
1573,175758,36.0,7437.0,783.0,5982.0
1574,175979,36.0,7440.0,785.0,5982.0
1575,176070,31.0,7446.0,793.0,5979.0
1576,176166,37.0,7458.0,804.0,5971.0
1577,176272,33.0,7457.0,802.0,5973.0
1578,176390,32.0,7468.0,809.0,5974.0
1579,176504,37.0,7465.0,809.0,5971.0
1580,176615,34.0,7467.0,811.0,5963.0
1581,176730,33.0,7470.0,809.0,5963.0
1582,176844,35.0,7471.0,805.0,5966.0
1583,176948,34.0,7486.0,823.0,5957.0
1584,177041,34.0,7489.0,826.0,5956.0
1585,177155,36.0,7490.0,828.0,5955.0
1586,177259,41.0,7492.0,830.0,5953.0
1587,177366,38.0,7491.0,836.0,5944.0
1588,177468,38.0,7492.0,837.0,5941.0
1589,177579,38.0,7493.0,841.0,5934.0
1590,177706,36.0,7499.0,848.0,5927.0
1591,179241,1466.0,7498.0,849.0,5925.0
1592,179350,34.0,7509.0,845.0,5959.0
1593,179466,35.0,7510.0,845.0,5962.0
1594,179563,34.0,7511.0,846.0,5957.0
1595,179690,36.0,7513.0,849.0,5955.0
1596,179785,34.0,7511.0,849.0,5955.0
1597,179893,34.0,7511.0,847.0,5961.0
1598,180001,32.0,7519.0,854.0,5960.0
1599,180129,36.0,7517.0,829.0,5997.0
1600,180250,35.0,7517.0,805.0,6023.0
1601,180364,33.0,7524.0,783.0,6050.0
1602,180497,37.0,7530.0,763.0,6078.0
1603,180622,33.0,7529.0,744.0,6103.0
1604,180745,34.0,7527.0,720.0,6133.0
1605,180852,35.0,7555.0,734.0,6140.0
1606,180971,36.0,7554.0,731.0,6142.0
1607,181095,36.0,7555.0,719.0,6163.0
1608,181272,92.0,7561.0,719.0,6172.0
1609,181392,33.0,7560.0,700.0,6208.0
1610,181507,36.0,7573.0,698.0,6232.0
1611,181607,32.0,7585.0,706.0,6229.0
1612,181739,41.0,7590.0,714.0,6226.0
1613,181871,35.0,7592.0,705.0,6245.0
1614,181981,35.0,7595.0,682.0,6274.0
1615,182101,36.0,7598.0,666.0,6309.0
1616,182215,36.0,7599.0,669.0,6304.0
1617,182330,33.0,7604.0,668.0,6317.0
1618,182444,34.0,7613.0,676.0,6317.0
1619,182555,36.0,7613.0,674.0,6318.0
1620,182669,34.0,7614.0,669.0,6326.0
1621,182767,33.0,7617.0,640.0,6376.0
1622,182898,44.0,7615.0,631.0,6388.0
1623,183010,37.0,7624.0,631.0,6392.0
1624,183131,41.0,7621.0,631.0,6388.0
1625,183316,107.0,7631.0,641.0,6386.0
1626,183430,36.0,7633.0,633.0,6393.0
1627,183536,34.0,7633.0,631.0,6398.0
1628,183650,38.0,7645.0,643.0,6398.0
1629,183766,35.0,7642.0,644.0,6391.0
1630,183873,33.0,7643.0,643.0,6394.0
1631,184000,36.0,7653.0,648.0,6410.0
1632,184132,37.0,7655.0,639.0,6420.0
1633,184259,35.0,7653.0,639.0,6422.0
1634,184393,32.0,7653.0,632.0,6439.0
1635,184509,35.0,7656.0,627.0,6451.0
1636,184626,39.0,7658.0,629.0,6444.0
1637,184744,34.0,7658.0,614.0,6466.0
1638,184853,36.0,7661.0,604.0,6488.0
1639,184969,37.0,7663.0,598.0,6501.0
1640,185088,32.0,7659.0,591.0,6507.0
1641,185219,37.0,7671.0,607.0,6500.0
1642,185405,35.0,7671.0,564.0,6569.0
1643,185523,36.0,7669.0,561.0,6576.0
1644,185642,37.0,7669.0,556.0,6573.0
1645,185745,35.0,7678.0,563.0,6580.0
1646,185863,35.0,7677.0,557.0,6588.0
1647,185972,37.0,7678.0,553.0,6597.0
1648,186094,37.0,7678.0,549.0,6608.0
1649,186213,38.0,7681.0,549.0,6609.0
1650,186339,37.0,7681.0,542.0,6623.0
1651,186449,36.0,7694.0,557.0,6621.0
1652,186587,37.0,7694.0,539.0,6642.0
1653,186709,38.0,7697.0,545.0,6630.0
1654,186806,35.0,7698.0,546.0,6627.0
1655,186922,40.0,7698.0,546.0,6624.0
1656,187036,37.0,7708.0,556.0,6618.0
1657,187141,37.0,7709.0,555.0,6623.0
1658,187255,39.0,7711.0,557.0,6615.0
1659,187438,37.0,7718.0,555.0,6625.0
1660,187552,36.0,7722.0,557.0,6626.0
1661,187671,38.0,7722.0,547.0,6642.0
1662,187789,32.0,7718.0,542.0,6647.0
1663,187900,38.0,7718.0,534.0,6654.0
1664,188006,36.0,7718.0,536.0,6650.0
1665,188102,34.0,7721.0,529.0,6661.0
1666,188208,36.0,7719.0,530.0,6660.0
1667,188312,36.0,7713.0,529.0,6658.0
1668,188418,35.0,7710.0,500.0,6705.0
1669,188538,34.0,7710.0,490.0,6719.0
1670,188646,40.0,7710.0,490.0,6719.0
1671,188766,36.0,7710.0,486.0,6727.0
1672,188872,35.0,7724.0,480.0,6749.0
1673,188993,37.0,7725.0,481.0,6749.0
1674,189099,38.0,7730.0,483.0,6747.0
1675,189232,41.0,7736.0,481.0,6751.0
1676,189416,39.0,7751.0,494.0,6741.0
1677,189517,38.0,7752.0,491.0,6749.0
1678,189653,42.0,7750.0,492.0,6741.0
1679,189776,37.0,7747.0,492.0,6738.0
1680,189883,37.0,7752.0,495.0,6738.0
1681,190003,36.0,7758.0,502.0,6738.0
1682,190113,35.0,7758.0,502.0,6738.0
1683,190213,36.0,7767.0,498.0,6750.0
1684,190311,35.0,7768.0,492.0,6759.0
1685,190429,35.0,7779.0,504.0,6757.0
1686,190541,37.0,7783.0,507.0,6763.0
1687,190654,34.0,7784.0,509.0,6763.0
1688,190778,37.0,7793.0,518.0,6759.0
1689,190897,38.0,7804.0,519.0,6771.0
1690,191007,36.0,7805.0,519.0,6770.0
1691,191119,38.0,7804.0,519.0,6769.0
1692,191246,43.0,7809.0,518.0,6774.0
1693,191460,37.0,7806.0,509.0,6796.0
1694,191575,41.0,7808.0,506.0,6805.0
1695,191691,33.0,7808.0,503.0,6809.0
1696,191813,39.0,7803.0,502.0,6807.0
1697,191917,39.0,7808.0,509.0,6802.0
1698,192048,37.0,7813.0,503.0,6800.0
1699,192147,38.0,7813.0,503.0,6800.0
1700,192269,36.0,7810.0,501.0,6802.0
1701,192374,37.0,7812.0,501.0,6799.0
1702,192475,36.0,7813.0,503.0,6796.0
1703,192600,38.0,7812.0,498.0,6801.0
1704,192711,37.0,7813.0,498.0,6803.0
1705,192834,37.0,7811.0,499.0,6797.0
1706,192948,38.0,7810.0,498.0,6794.0
1707,193070,36.0,7818.0,505.0,6790.0
1708,193176,37.0,7825.0,512.0,6786.0
1709,193286,41.0,7827.0,511.0,6792.0
1710,193515,156.0,7827.0,511.0,6788.0
1711,193634,36.0,7829.0,513.0,6784.0
1712,193734,35.0,7831.0,515.0,6784.0
1713,193855,34.0,7828.0,508.0,6792.0
1714,193966,37.0,7835.0,518.0,6790.0
1715,194083,37.0,7836.0,515.0,6792.0
1716,194180,36.0,7837.0,514.0,6795.0
1717,194279,38.0,7835.0,514.0,6793.0
1718,194386,40.0,7839.0,510.0,6803.0
1719,194474,38.0,7846.0,517.0,6799.0
1720,194586,38.0,7859.0,524.0,6786.0
1721,194696,40.0,7867.0,534.0,6780.0
1722,194820,46.0,7870.0,535.0,6781.0
1723,194939,43.0,7880.0,541.0,6779.0
1724,195070,40.0,7889.0,543.0,6776.0
1725,195179,35.0,7889.0,533.0,6796.0
1726,195298,40.0,7896.0,537.0,6796.0
1727,195517,151.0,7895.0,535.0,6804.0
1728,195631,36.0,7896.0,536.0,6797.0
1729,195741,37.0,7892.0,536.0,6794.0
1730,195844,35.0,7903.0,551.0,6785.0
1731,195958,41.0,7904.0,551.0,6787.0
1732,196075,39.0,7906.0,546.0,6793.0
1733,196199,37.0,7907.0,548.0,6791.0
1734,196329,40.0,7917.0,558.0,6789.0
1735,196436,38.0,7921.0,557.0,6786.0
1736,196564,37.0,7915.0,558.0,6777.0
1737,196676,37.0,7922.0,567.0,6772.0
1738,196794,38.0,7923.0,567.0,6775.0
1739,196905,44.0,7949.0,591.0,6775.0
1740,197012,38.0,7950.0,590.0,6773.0
1741,197138,42.0,7948.0,588.0,6775.0
1742,197253,47.0,7947.0,577.0,6788.0
1743,197457,129.0,7954.0,583.0,6790.0
1744,197567,39.0,7941.0,580.0,6784.0
1745,197671,40.0,7957.0,597.0,6781.0
1746,197788,35.0,7958.0,596.0,6783.0
1747,197903,37.0,7958.0,593.0,6783.0
1748,198008,35.0,7957.0,594.0,6776.0
1749,198110,36.0,7964.0,598.0,6774.0
1750,198220,36.0,7964.0,595.0,6781.0
1751,198329,37.0,7971.0,602.0,6781.0
1752,198449,39.0,7980.0,611.0,6777.0
1753,198557,43.0,7986.0,618.0,6769.0
1754,198680,37.0,7998.0,630.0,6762.0
1755,198792,38.0,8008.0,641.0,6759.0
1756,198900,40.0,8011.0,641.0,6762.0
1757,199011,39.0,8016.0,645.0,6763.0
1758,199121,39.0,8014.0,636.0,6773.0
1759,199226,39.0,8023.0,646.0,6771.0
1760,199492,184.0,8025.0,645.0,6777.0
1761,199592,36.0,8030.0,650.0,6767.0
1762,199702,42.0,8035.0,656.0,6765.0
1763,199821,42.0,8038.0,648.0,6780.0
1764,199930,38.0,8040.0,645.0,6785.0
1765,200033,35.0,8051.0,656.0,6785.0
1766,200143,40.0,8050.0,656.0,6784.0
1767,200238,39.0,8058.0,664.0,6784.0
1768,200340,36.0,8053.0,659.0,6780.0
1769,200455,38.0,8055.0,659.0,6785.0
1770,200556,36.0,8063.0,663.0,6780.0
1771,200666,39.0,8075.0,675.0,6771.0
1772,200777,35.0,8079.0,679.0,6771.0
1773,200897,45.0,8077.0,679.0,6775.0
1774,200997,37.0,8076.0,679.0,6774.0
1775,201117,47.0,8078.0,677.0,6781.0
1776,201232,40.0,8079.0,674.0,6791.0
1777,201467,38.0,8076.0,668.0,6796.0
1778,201577,38.0,8092.0,684.0,6795.0
1779,201694,35.0,8094.0,681.0,6799.0
1780,201804,42.0,8099.0,684.0,6793.0
1781,201917,34.0,8102.0,693.0,6776.0
1782,202038,38.0,8100.0,694.0,6772.0
1783,202167,42.0,8102.0,696.0,6771.0
1784,202301,51.0,8101.0,696.0,6770.0
1785,202417,36.0,8102.0,698.0,6766.0
1786,202513,38.0,8116.0,712.0,6762.0
1787,202640,41.0,8114.0,710.0,6765.0
1788,202746,37.0,8115.0,707.0,6771.0
1789,202858,41.0,8115.0,707.0,6771.0
1790,202989,38.0,8117.0,708.0,6765.0
1791,203104,39.0,8116.0,709.0,6760.0
1792,203217,37.0,8129.0,721.0,6754.0
1793,203417,125.0,8134.0,722.0,6755.0
1794,203531,40.0,8135.0,725.0,6753.0
1795,203654,41.0,8145.0,735.0,6746.0
1796,203759,37.0,8146.0,732.0,6742.0
1797,203864,39.0,8147.0,733.0,6742.0
1798,203983,37.0,8150.0,741.0,6730.0
1799,204086,36.0,8158.0,748.0,6733.0
1800,204199,37.0,8153.0,749.0,6725.0
1801,204316,39.0,8152.0,750.0,6722.0
1802,204418,39.0,8164.0,762.0,6712.0
1803,204527,37.0,8164.0,758.0,6715.0
1804,204652,47.0,8177.0,770.0,6708.0
1805,204766,42.0,8188.0,779.0,6713.0
1806,204892,39.0,8187.0,779.0,6712.0
1807,204995,38.0,8191.0,781.0,6717.0
1808,205108,37.0,8193.0,774.0,6725.0
1809,205300,128.0,8198.0,781.0,6723.0
1810,205418,40.0,8195.0,779.0,6717.0
1811,205536,34.0,8193.0,777.0,6721.0
1812,205663,36.0,8210.0,791.0,6722.0
1813,205761,37.0,8217.0,796.0,6728.0
1814,205879,37.0,8215.0,796.0,6728.0
1815,206004,36.0,8219.0,799.0,6730.0
1816,206117,39.0,8222.0,806.0,6720.0
1817,206236,34.0,8225.0,809.0,6717.0
1818,206343,38.0,8228.0,813.0,6719.0
1819,206440,40.0,8228.0,813.0,6719.0
1820,206555,41.0,8229.0,814.0,6716.0
1821,206654,44.0,8232.0,815.0,6713.0
1822,206773,35.0,8232.0,817.0,6709.0
1823,206892,35.0,8236.0,821.0,6704.0
1824,207013,38.0,8236.0,831.0,6691.0
1825,207117,39.0,8239.0,835.0,6684.0
1826,207284,37.0,8243.0,836.0,6688.0
1827,207386,37.0,8251.0,841.0,6699.0
1828,207503,43.0,8252.0,841.0,6701.0
1829,207612,39.0,8252.0,836.0,6701.0
1830,207722,39.0,8252.0,835.0,6706.0
1831,207843,37.0,8252.0,835.0,6708.0
1832,207957,38.0,8254.0,837.0,6701.0
1833,208060,37.0,8267.0,850.0,6696.0
1834,208169,38.0,8278.0,859.0,6695.0
1835,208292,37.0,8286.0,867.0,6695.0
1836,208425,43.0,8285.0,871.0,6687.0
1837,208535,40.0,8289.0,878.0,6684.0
1838,208655,39.0,8292.0,886.0,6674.0
1839,208764,38.0,8289.0,887.0,6669.0
1840,208879,41.0,8294.0,895.0,6666.0
1841,209004,41.0,8293.0,896.0,6661.0
1842,209185,36.0,8308.0,911.0,6659.0
1843,209306,35.0,8307.0,912.0,6657.0
1844,209417,37.0,8318.0,923.0,6651.0
1845,209534,47.0,8326.0,928.0,6650.0
1846,209684,43.0,8327.0,926.0,6658.0
1847,209785,39.0,8327.0,924.0,6662.0
1848,209906,38.0,8330.0,930.0,6656.0
1849,210008,40.0,8334.0,934.0,6653.0
1850,210140,40.0,8333.0,922.0,6677.0
1851,210282,43.0,8330.0,872.0,6748.0
1852,210419,41.0,8331.0,840.0,6805.0
1853,210554,44.0,8333.0,822.0,6846.0
1854,210687,43.0,8331.0,795.0,6874.0
1855,210826,39.0,8333.0,758.0,6934.0
1856,210964,44.0,8334.0,750.0,6944.0
1857,211086,42.0,8348.0,756.0,6946.0
1858,211280,107.0,8349.0,741.0,6973.0
1859,211395,39.0,8354.0,732.0,7004.0
1860,211507,44.0,8367.0,719.0,7035.0
1861,211626,40.0,8369.0,720.0,7025.0
1862,211759,41.0,8368.0,711.0,7030.0
1863,211880,41.0,8374.0,708.0,7043.0
1864,212011,39.0,8378.0,701.0,7053.0
1865,212142,42.0,8385.0,699.0,7063.0
1866,212263,41.0,8394.0,688.0,7087.0
1867,212378,44.0,8397.0,683.0,7088.0
1868,212496,41.0,8396.0,655.0,7129.0
1869,212626,41.0,8397.0,634.0,7171.0
1870,212746,42.0,8400.0,621.0,7193.0
1871,212878,44.0,8414.0,626.0,7208.0
1872,213000,41.0,8413.0,617.0,7219.0
1873,213124,41.0,8410.0,615.0,7217.0
1874,214636,1437.0,8435.0,562.0,7344.0
1875,214750,39.0,8440.0,539.0,7384.0
1876,214866,39.0,8452.0,550.0,7377.0
1877,214971,39.0,8458.0,553.0,7374.0
1878,215094,39.0,8463.0,560.0,7361.0
1879,215217,36.0,8469.0,559.0,7372.0
1880,215333,40.0,8467.0,559.0,7370.0
1881,215451,42.0,8471.0,564.0,7365.0
1882,215562,38.0,8477.0,556.0,7386.0
1883,215691,44.0,8475.0,549.0,7395.0
1884,215824,40.0,8480.0,535.0,7413.0
1885,215933,41.0,8482.0,512.0,7450.0
1886,216039,38.0,8485.0,504.0,7460.0
1887,216153,39.0,8491.0,500.0,7473.0
1888,216259,40.0,8498.0,507.0,7473.0
1889,216383,39.0,8500.0,497.0,7484.0
1890,216513,41.0,8499.0,497.0,7484.0
1891,216685,42.0,8504.0,493.0,7478.0
1892,216796,37.0,8506.0,497.0,7476.0
1893,216898,37.0,8514.0,496.0,7487.0
1894,217018,39.0,8523.0,497.0,7491.0
1895,217147,41.0,8529.0,503.0,7486.0
1896,217248,41.0,8540.0,514.0,7475.0
1897,217381,41.0,8543.0,517.0,7475.0
1898,217503,39.0,8544.0,518.0,7475.0
1899,217615,38.0,8552.0,509.0,7494.0
1900,217734,35.0,8551.0,503.0,7502.0
1901,217860,41.0,8552.0,503.0,7503.0
1902,217987,43.0,8554.0,503.0,7498.0
1903,218118,38.0,8553.0,502.0,7499.0
1904,218224,39.0,8556.0,501.0,7501.0
1905,218337,41.0,8564.0,495.0,7524.0
1906,218443,41.0,8562.0,490.0,7531.0
1907,218607,39.0,8559.0,481.0,7550.0
1908,218717,37.0,8565.0,487.0,7550.0
1909,218826,41.0,8565.0,487.0,7550.0
1910,218941,43.0,8574.0,498.0,7543.0
1911,219066,41.0,8575.0,498.0,7547.0
1912,219177,45.0,8574.0,496.0,7550.0
1913,219308,38.0,8573.0,495.0,7552.0
1914,219438,39.0,8574.0,493.0,7555.0
1915,219546,42.0,8577.0,495.0,7559.0
1916,219666,42.0,8577.0,489.0,7564.0
1917,219779,45.0,8579.0,490.0,7567.0
1918,219912,45.0,8580.0,489.0,7574.0
1919,220124,51.0,8587.0,497.0,7575.0
1920,220249,46.0,8587.0,494.0,7577.0
1921,220396,44.0,8585.0,479.0,7605.0
1922,220516,45.0,8592.0,483.0,7605.0
1923,220702,107.0,8601.0,491.0,7615.0
1924,220816,42.0,8605.0,486.0,7617.0
1925,220981,78.0,8601.0,484.0,7616.0
1926,221106,42.0,8609.0,491.0,7619.0
1927,221221,44.0,8609.0,494.0,7614.0
1928,221374,47.0,8616.0,491.0,7619.0
1929,221482,41.0,8613.0,491.0,7616.0
1930,221618,41.0,8616.0,489.0,7630.0
1931,221738,45.0,8617.0,477.0,7645.0
1932,221862,45.0,8617.0,474.0,7651.0
1933,221985,43.0,8619.0,473.0,7658.0
1934,222107,44.0,8618.0,470.0,7667.0
1935,222237,40.0,8620.0,471.0,7660.0
1936,222345,42.0,8615.0,472.0,7650.0
1937,222470,43.0,8618.0,477.0,7651.0
1938,222597,43.0,8627.0,487.0,7648.0
1939,222805,127.0,8653.0,493.0,7678.0
1940,222943,41.0,8659.0,501.0,7671.0
1941,223058,40.0,8665.0,512.0,7663.0
1942,223188,40.0,8665.0,514.0,7661.0
1943,223301,39.0,8665.0,506.0,7665.0
1944,223424,40.0,8664.0,508.0,7660.0
1945,223541,43.0,8662.0,508.0,7658.0
1946,223660,38.0,8666.0,510.0,7655.0
1947,223783,39.0,8665.0,510.0,7654.0
1948,223894,39.0,8671.0,511.0,7665.0
1949,224015,39.0,8672.0,508.0,7675.0
1950,224144,41.0,8676.0,509.0,7678.0
1951,224263,41.0,8682.0,512.0,7677.0
1952,224380,42.0,8682.0,509.0,7680.0
1953,224490,41.0,8682.0,509.0,7680.0
1954,224616,43.0,8694.0,525.0,7661.0
1955,224832,145.0,8691.0,518.0,7667.0
1956,224926,40.0,8699.0,516.0,7684.0
1957,225049,40.0,8700.0,510.0,7692.0
1958,225173,41.0,8701.0,507.0,7699.0
1959,225295,45.0,8732.0,535.0,7694.0
1960,225409,39.0,8736.0,534.0,7687.0
1961,225515,36.0,8736.0,534.0,7687.0
1962,225622,38.0,8747.0,544.0,7690.0
1963,225734,39.0,8749.0,533.0,7708.0
1964,225852,38.0,8751.0,536.0,7701.0
1965,225960,42.0,8754.0,537.0,7707.0
1966,226072,40.0,8754.0,537.0,7707.0
1967,226193,43.0,8750.0,537.0,7699.0
1968,226315,39.0,8751.0,536.0,7695.0
1969,226448,39.0,8751.0,536.0,7699.0
1970,226570,43.0,8762.0,544.0,7706.0
1971,226690,40.0,8770.0,551.0,7695.0
1972,226884,40.0,8773.0,539.0,7710.0
1973,226998,43.0,8781.0,545.0,7709.0
1974,227103,39.0,8795.0,558.0,7703.0
1975,227203,39.0,8808.0,569.0,7698.0
1976,227315,42.0,8815.0,578.0,7690.0
1977,227428,41.0,8814.0,579.0,7687.0
1978,227525,41.0,8814.0,579.0,7687.0
1979,227665,44.0,8814.0,570.0,7695.0
1980,227796,40.0,8815.0,565.0,7706.0
1981,227920,40.0,8814.0,568.0,7699.0
1982,228040,45.0,8830.0,585.0,7689.0
1983,228162,40.0,8830.0,586.0,7684.0
1984,228264,40.0,8837.0,595.0,7680.0
1985,228385,41.0,8837.0,594.0,7683.0
1986,228492,42.0,8840.0,601.0,7679.0
1987,228707,151.0,8851.0,612.0,7669.0
1988,228842,46.0,8850.0,611.0,7675.0
1989,228954,42.0,8848.0,597.0,7696.0
1990,229071,42.0,8847.0,597.0,7700.0
1991,229192,40.0,8847.0,595.0,7704.0
1992,229313,40.0,8854.0,603.0,7703.0
1993,229436,43.0,8855.0,604.0,7702.0
1994,229556,45.0,8867.0,613.0,7701.0
1995,229678,41.0,8864.0,613.0,7695.0
1996,229814,43.0,8863.0,618.0,7689.0
1997,229932,40.0,8870.0,617.0,7699.0
1998,230047,44.0,8878.0,624.0,7691.0
1999,230161,44.0,8881.0,625.0,7702.0
2000,230271,43.0,8883.0,625.0,7699.0
2001,230373,41.0,8890.0,631.0,7700.0
2002,230493,43.0,8898.0,639.0,7700.0
2003,230738,41.0,8901.0,637.0,7703.0
2004,230858,44.0,8906.0,633.0,7715.0
2005,230981,43.0,8908.0,633.0,7715.0
2006,231109,42.0,8907.0,633.0,7714.0
2007,231230,44.0,8910.0,636.0,7714.0
2008,231355,39.0,8911.0,637.0,7712.0
2009,231485,55.0,8911.0,635.0,7720.0
2010,231598,42.0,8921.0,642.0,7720.0
2011,231724,39.0,8924.0,643.0,7719.0
2012,231840,48.0,8925.0,644.0,7716.0
2013,231956,43.0,8924.0,641.0,7720.0
2014,232073,43.0,8933.0,651.0,7723.0
2015,232200,46.0,8933.0,646.0,7733.0
2016,232333,47.0,8941.0,652.0,7737.0
2017,232571,39.0,8946.0,656.0,7734.0
2018,232691,44.0,8947.0,657.0,7731.0
2019,232809,44.0,8945.0,655.0,7725.0
2020,232948,41.0,8945.0,652.0,7732.0
2021,233056,41.0,8948.0,654.0,7733.0
2022,233174,40.0,8949.0,652.0,7741.0
2023,233280,43.0,8953.0,657.0,7736.0
2024,233379,39.0,8963.0,667.0,7729.0
2025,233519,42.0,8963.0,665.0,7731.0
2026,233650,40.0,8964.0,655.0,7739.0
2027,233781,43.0,8966.0,660.0,7726.0
2028,233892,42.0,8964.0,662.0,7722.0
2029,234003,44.0,8964.0,655.0,7731.0
2030,234123,46.0,8970.0,653.0,7738.0
2031,234359,39.0,8972.0,643.0,7745.0
2032,234474,42.0,8975.0,643.0,7749.0
2033,234585,41.0,8973.0,635.0,7759.0
2034,234703,39.0,8978.0,635.0,7766.0
2035,234823,46.0,8981.0,637.0,7762.0
2036,234945,41.0,8981.0,636.0,7762.0
2037,235065,39.0,8977.0,629.0,7766.0
2038,235190,47.0,8978.0,629.0,7770.0
2039,235295,44.0,8985.0,636.0,7770.0
2040,235427,47.0,8980.0,633.0,7774.0
2041,235551,44.0,8977.0,629.0,7783.0
2042,235675,43.0,8980.0,630.0,7781.0
2043,235806,43.0,8990.0,640.0,7776.0
2044,235927,46.0,9005.0,657.0,7759.0
2045,236190,46.0,9004.0,658.0,7761.0
2046,236305,42.0,9015.0,670.0,7754.0
2047,236420,40.0,9017.0,671.0,7751.0
2048,236532,43.0,9020.0,670.0,7761.0
2049,236650,42.0,9025.0,675.0,7755.0
2050,236760,44.0,9030.0,680.0,7750.0
2051,236879,42.0,9027.0,680.0,7747.0
2052,236981,44.0,9030.0,683.0,7747.0
2053,237099,38.0,9021.0,682.0,7739.0
2054,237209,41.0,9015.0,682.0,7733.0
2055,237347,45.0,9015.0,681.0,7738.0
2056,237464,42.0,9025.0,688.0,7738.0
2057,237588,43.0,9027.0,691.0,7733.0
2058,237705,43.0,9034.0,700.0,7728.0
2059,237892,40.0,9030.0,695.0,7724.0
2060,237990,41.0,9031.0,693.0,7731.0
2061,238124,42.0,9032.0,694.0,7728.0
2062,238253,42.0,9029.0,692.0,7729.0
2063,238361,42.0,9034.0,698.0,7728.0
2064,238479,43.0,9031.0,692.0,7729.0
2065,238603,41.0,9034.0,695.0,7720.0
2066,238708,41.0,9037.0,696.0,7723.0
2067,238833,43.0,9035.0,694.0,7715.0
2068,238955,42.0,9019.0,693.0,7703.0
2069,239078,43.0,9019.0,690.0,7710.0
2070,239201,48.0,9018.0,690.0,7709.0
2071,239322,44.0,9017.0,686.0,7715.0
2072,239450,43.0,9017.0,687.0,7714.0
2073,239630,40.0,9020.0,690.0,7713.0
2074,239768,57.0,9029.0,701.0,7704.0
2075,239890,43.0,9036.0,701.0,7713.0
2076,240004,44.0,9042.0,701.0,7716.0
2077,240139,44.0,9041.0,673.0,7759.0
2078,240272,41.0,9044.0,624.0,7831.0
2079,240409,44.0,9053.0,609.0,7863.0
2080,240526,42.0,9053.0,594.0,7881.0
2081,240659,41.0,9057.0,589.0,7884.0
2082,240793,43.0,9056.0,561.0,7918.0
2083,240942,46.0,9057.0,539.0,7945.0
2084,241070,40.0,9058.0,528.0,7969.0
2085,241194,40.0,9059.0,493.0,8021.0
2086,241388,103.0,9060.0,494.0,8021.0
2087,241513,41.0,9064.0,473.0,8044.0
2088,241650,43.0,9067.0,455.0,8077.0
2089,241768,43.0,9072.0,452.0,8090.0
2090,241885,43.0,9076.0,461.0,8085.0
2091,242013,45.0,9072.0,459.0,8096.0
2092,242161,56.0,9075.0,460.0,8090.0
2093,242298,44.0,9072.0,443.0,8117.0
2094,242432,43.0,9070.0,438.0,8126.0
2095,242560,41.0,9078.0,430.0,8149.0
2096,242683,47.0,9075.0,431.0,8140.0
2097,242823,46.0,9083.0,430.0,8141.0
2098,242943,42.0,9083.0,427.0,8147.0
2099,243068,45.0,9086.0,415.0,8168.0
2100,243166,40.0,9083.0,415.0,8165.0
2101,243383,42.0,9082.0,416.0,8162.0
2102,243507,45.0,9095.0,429.0,8155.0
2103,243629,44.0,9092.0,431.0,8148.0
2104,243764,48.0,9087.0,433.0,8138.0
2105,243885,48.0,9087.0,433.0,8138.0
2106,244026,45.0,9088.0,434.0,8138.0
2107,244159,45.0,9084.0,434.0,8134.0
2108,244280,44.0,9095.0,445.0,8129.0
2109,244397,46.0,9105.0,457.0,8127.0
2110,244525,61.0,9114.0,466.0,8118.0
2111,244652,46.0,9122.0,475.0,8117.0
2112,244789,45.0,9121.0,467.0,8118.0
2113,244908,42.0,9123.0,469.0,8117.0
2114,245028,48.0,9124.0,468.0,8118.0
2115,245223,101.0,9122.0,448.0,8148.0
2116,245358,44.0,9120.0,443.0,8149.0
2117,245478,42.0,9124.0,444.0,8157.0
2118,245602,44.0,9120.0,434.0,8169.0
2119,245743,47.0,9128.0,433.0,8182.0
2120,245860,39.0,9128.0,427.0,8195.0
2121,245963,40.0,9148.0,441.0,8199.0
2122,246119,55.0,9152.0,445.0,8196.0
2123,246227,41.0,9161.0,452.0,8200.0
2124,246343,45.0,9159.0,451.0,8198.0
2125,246470,42.0,9156.0,426.0,8237.0
2126,246594,44.0,9157.0,427.0,8232.0
2127,246718,46.0,9160.0,430.0,8228.0
2128,246861,65.0,9168.0,438.0,8219.0
2129,246980,47.0,9171.0,440.0,8222.0
2130,247149,43.0,9178.0,440.0,8225.0
2131,247262,39.0,9182.0,440.0,8229.0
2132,247381,40.0,9185.0,442.0,8229.0
2133,247499,40.0,9187.0,438.0,8237.0
2134,247620,46.0,9188.0,437.0,8238.0
2135,247752,43.0,9189.0,428.0,8253.0
2136,247873,40.0,9198.0,433.0,8251.0
2137,248008,43.0,9199.0,431.0,8260.0
2138,248141,43.0,9200.0,428.0,8266.0
2139,248252,43.0,9204.0,430.0,8269.0
2140,248379,48.0,9208.0,421.0,8286.0
2141,248499,47.0,9217.0,419.0,8296.0
2142,248621,49.0,9220.0,422.0,8291.0
2143,248758,45.0,9219.0,421.0,8294.0
2144,248865,44.0,9221.0,419.0,8291.0
2145,249031,46.0,9227.0,417.0,8304.0
2146,249160,45.0,9246.0,432.0,8300.0
2147,249287,43.0,9249.0,424.0,8322.0
2148,249419,45.0,9249.0,425.0,8321.0
2149,249538,47.0,9255.0,424.0,8321.0
2150,249659,46.0,9260.0,426.0,8329.0
2151,249769,46.0,9270.0,437.0,8318.0
2152,249890,43.0,9269.0,437.0,8318.0
2153,250008,40.0,9288.0,455.0,8321.0
2154,250127,46.0,9294.0,459.0,8326.0
2155,250255,46.0,9295.0,459.0,8324.0
2156,250383,45.0,9303.0,465.0,8322.0
2157,250532,55.0,9306.0,465.0,8326.0
2158,250658,46.0,9306.0,466.0,8329.0
2159,250833,105.0,9314.0,476.0,8323.0
2160,250960,42.0,9318.0,475.0,8322.0
2161,251096,49.0,9319.0,469.0,8326.0
2162,251210,40.0,9324.0,471.0,8327.0
2163,251330,46.0,9336.0,483.0,8324.0
2164,251444,46.0,9346.0,486.0,8335.0
2165,251565,40.0,9343.0,484.0,8333.0
2166,251698,47.0,9351.0,495.0,8320.0
2167,251810,44.0,9360.0,500.0,8320.0
2168,251934,45.0,9363.0,497.0,8330.0
2169,252053,44.0,9367.0,496.0,8340.0
2170,252171,45.0,9375.0,503.0,8338.0
2171,252302,45.0,9378.0,493.0,8362.0
2172,252410,41.0,9387.0,498.0,8365.0
2173,252529,42.0,9394.0,506.0,8359.0
2174,252731,123.0,9393.0,495.0,8369.0
2175,252862,44.0,9396.0,498.0,8366.0
2176,252970,44.0,9400.0,494.0,8371.0
2177,253076,45.0,9403.0,492.0,8372.0
2178,253192,47.0,9403.0,489.0,8372.0
2179,253317,43.0,9406.0,492.0,8369.0
2180,253440,44.0,9410.0,490.0,8388.0
2181,253555,42.0,9407.0,481.0,8400.0
2182,253650,42.0,9415.0,488.0,8400.0
2183,253764,46.0,9416.0,478.0,8416.0
2184,253879,46.0,9416.0,472.0,8431.0
2185,254006,45.0,9426.0,482.0,8427.0
2186,254124,44.0,9429.0,487.0,8425.0
2187,254259,47.0,9428.0,489.0,8418.0
2188,254379,44.0,9440.0,503.0,8413.0
2189,254575,120.0,9440.0,501.0,8415.0
2190,254695,44.0,9442.0,502.0,8416.0
2191,254819,44.0,9446.0,509.0,8407.0
2192,254941,45.0,9456.0,520.0,8398.0
2193,255055,45.0,9460.0,515.0,8398.0
2194,255183,47.0,9469.0,521.0,8398.0
2195,255314,44.0,9479.0,531.0,8397.0
2196,255417,46.0,9495.0,542.0,8404.0
2197,255543,41.0,9496.0,537.0,8416.0
2198,255665,46.0,9498.0,541.0,8413.0
2199,255772,49.0,9506.0,548.0,8405.0
2200,255893,46.0,9504.0,548.0,8403.0
2201,255999,46.0,9505.0,547.0,8408.0
2202,256118,44.0,9518.0,553.0,8410.0
2203,256247,43.0,9522.0,555.0,8409.0
2204,256465,131.0,9518.0,557.0,8399.0
2205,256586,43.0,9516.0,559.0,8395.0
2206,256705,44.0,9514.0,558.0,8397.0
2207,256824,46.0,9516.0,560.0,8397.0
2208,256951,46.0,9516.0,561.0,8393.0
2209,257070,44.0,9516.0,559.0,8392.0
2210,257196,48.0,9517.0,554.0,8404.0
2211,257316,46.0,9519.0,555.0,8402.0
2212,257435,47.0,9519.0,551.0,8412.0
2213,257566,54.0,9528.0,560.0,8412.0
2214,257702,47.0,9538.0,573.0,8403.0
2215,257838,45.0,9536.0,573.0,8401.0
2216,257957,47.0,9536.0,567.0,8408.0
2217,258068,45.0,9536.0,569.0,8406.0
2218,258183,42.0,9539.0,571.0,8400.0
2219,258417,161.0,9547.0,577.0,8402.0
2220,258543,44.0,9549.0,565.0,8425.0
2221,258653,45.0,9551.0,567.0,8419.0
2222,258768,45.0,9550.0,569.0,8416.0
2223,258889,42.0,9550.0,569.0,8416.0
2224,259011,46.0,9550.0,566.0,8419.0
2225,259127,46.0,9553.0,564.0,8412.0
2226,259258,44.0,9551.0,564.0,8410.0
2227,259364,45.0,9559.0,571.0,8411.0
2228,259474,43.0,9564.0,578.0,8404.0
2229,259592,47.0,9565.0,580.0,8403.0
2230,259720,45.0,9566.0,577.0,8422.0
2231,259847,43.0,9567.0,576.0,8421.0
2232,259969,49.0,9577.0,585.0,8408.0
2233,260081,46.0,9585.0,593.0,8403.0
2234,260299,42.0,9586.0,592.0,8402.0
2235,260413,43.0,9589.0,595.0,8402.0
2236,260530,46.0,9592.0,598.0,8399.0
2237,260648,45.0,9601.0,606.0,8404.0
2238,260755,48.0,9601.0,605.0,8406.0
2239,260876,44.0,9602.0,605.0,8410.0
2240,260993,46.0,9607.0,608.0,8404.0
2241,261119,50.0,9605.0,609.0,8397.0
2242,261241,44.0,9610.0,617.0,8393.0
2243,261363,45.0,9606.0,614.0,8394.0
2244,261478,44.0,9606.0,613.0,8396.0
2245,261597,46.0,9612.0,621.0,8393.0
2246,261721,44.0,9611.0,622.0,8386.0
2247,261842,45.0,9612.0,625.0,8378.0
2248,263330,1416.0,9615.0,611.0,8405.0
2249,263442,42.0,9625.0,613.0,8416.0
2250,263554,41.0,9626.0,614.0,8413.0
2251,263676,45.0,9636.0,623.0,8411.0
2252,263782,41.0,9643.0,629.0,8404.0
2253,263898,43.0,9654.0,641.0,8399.0
2254,264030,46.0,9658.0,645.0,8394.0
2255,264144,40.0,9658.0,645.0,8394.0
2256,264264,43.0,9658.0,647.0,8388.0
2257,264383,43.0,9654.0,646.0,8389.0
2258,264516,44.0,9657.0,646.0,8391.0
2259,264639,44.0,9658.0,645.0,8392.0
2260,264756,45.0,9670.0,656.0,8395.0
2261,264854,40.0,9667.0,654.0,8398.0
2262,265025,83.0,9669.0,656.0,8398.0
2263,265148,42.0,9672.0,656.0,8403.0
2264,265257,43.0,9691.0,675.0,8395.0
2265,265369,42.0,9689.0,675.0,8393.0
2266,265479,45.0,9690.0,668.0,8402.0
2267,265596,44.0,9686.0,667.0,8397.0
2268,265737,47.0,9687.0,668.0,8392.0
2269,265850,46.0,9694.0,675.0,8386.0
2270,265972,47.0,9693.0,676.0,8378.0
2271,266082,46.0,9695.0,675.0,8380.0
2272,266200,46.0,9697.0,675.0,8382.0
2273,266320,45.0,9696.0,675.0,8381.0
2274,266447,50.0,9693.0,676.0,8373.0
2275,266579,48.0,9700.0,679.0,8380.0
2276,266746,96.0,9703.0,682.0,8380.0
2277,266861,44.0,9703.0,679.0,8388.0
2278,266970,43.0,9720.0,696.0,8382.0
2279,267095,45.0,9721.0,696.0,8385.0
2280,267225,46.0,9719.0,697.0,8378.0
2281,267350,49.0,9722.0,700.0,8375.0
2282,267481,45.0,9722.0,703.0,8367.0
2283,267600,45.0,9731.0,711.0,8368.0
2284,267717,48.0,9736.0,712.0,8377.0
2285,267835,48.0,9736.0,711.0,8380.0
2286,267957,46.0,9745.0,720.0,8374.0
2287,268097,48.0,9748.0,719.0,8375.0
2288,268225,43.0,9745.0,713.0,8380.0
2289,268344,44.0,9747.0,715.0,8380.0
2290,268511,103.0,9747.0,712.0,8380.0
2291,268630,43.0,9744.0,712.0,8378.0
2292,268738,44.0,9764.0,723.0,8378.0
2293,268849,46.0,9764.0,725.0,8369.0
2294,268976,46.0,9766.0,721.0,8376.0
2295,269089,42.0,9769.0,723.0,8379.0
2296,269201,46.0,9771.0,725.0,8379.0
2297,269330,44.0,9774.0,725.0,8388.0
2298,269461,45.0,9771.0,725.0,8385.0
2299,269564,43.0,9790.0,744.0,8369.0
2300,269699,46.0,9794.0,746.0,8369.0
2301,269827,46.0,9795.0,748.0,8366.0
2302,269949,44.0,9808.0,761.0,8360.0
2303,270063,43.0,9807.0,746.0,8378.0
2304,270250,59.0,9813.0,740.0,8399.0
2305,270449,40.0,9821.0,724.0,8430.0
2306,270587,43.0,9820.0,706.0,8462.0
2307,270721,45.0,9831.0,709.0,8474.0
2308,270848,45.0,9841.0,693.0,8511.0
2309,270969,44.0,9845.0,693.0,8510.0
2310,271100,44.0,9848.0,683.0,8532.0
2311,271236,43.0,9852.0,677.0,8542.0
2312,271371,49.0,9851.0,673.0,8545.0
2313,271500,44.0,9860.0,663.0,8564.0
2314,271626,44.0,9867.0,639.0,8608.0
2315,271756,46.0,9866.0,629.0,8619.0
2316,271864,42.0,9886.0,629.0,8645.0
2317,271987,45.0,9890.0,622.0,8659.0
2318,272126,46.0,9888.0,597.0,8709.0
2319,272321,41.0,9888.0,588.0,8722.0
2320,272444,45.0,9897.0,568.0,8766.0
2321,272561,44.0,9900.0,569.0,8767.0
2322,272680,48.0,9898.0,558.0,8791.0
2323,272828,61.0,9898.0,543.0,8819.0
2324,272947,44.0,9901.0,527.0,8833.0
2325,273074,42.0,9901.0,516.0,8851.0
2326,273202,48.0,9908.0,524.0,8842.0
2327,273339,48.0,9907.0,515.0,8854.0
2328,273465,46.0,9905.0,513.0,8858.0
2329,273582,46.0,9918.0,513.0,8868.0
2330,273709,43.0,9917.0,501.0,8881.0
2331,273837,44.0,9924.0,498.0,8895.0
2332,273954,44.0,9924.0,492.0,8909.0
2333,274183,145.0,9931.0,456.0,8963.0
2334,274296,41.0,9933.0,448.0,8976.0
2335,274419,48.0,9932.0,450.0,8970.0
2336,274544,46.0,9936.0,445.0,8973.0
2337,274676,45.0,9934.0,433.0,8992.0
2338,274805,48.0,9946.0,444.0,8983.0
2339,274935,47.0,9946.0,432.0,8989.0
2340,275053,45.0,9950.0,436.0,8987.0
2341,275194,45.0,9956.0,444.0,8977.0
2342,275322,48.0,9958.0,444.0,8981.0
2343,275444,43.0,9956.0,436.0,8989.0
2344,275571,46.0,9958.0,429.0,9005.0
2345,275693,47.0,9959.0,414.0,9024.0
2346,275806,47.0,9965.0,411.0,9031.0
2347,275921,48.0,9970.0,416.0,9024.0
2348,276125,43.0,9968.0,411.0,9025.0
2349,276238,44.0,9973.0,417.0,9029.0
2350,276378,47.0,9978.0,403.0,9055.0
2351,276503,44.0,9980.0,393.0,9061.0
2352,276609,44.0,9995.0,400.0,9078.0
2353,276737,48.0,9996.0,401.0,9076.0
2354,276857,45.0,9991.0,398.0,9075.0
2355,276973,47.0,9991.0,397.0,9076.0
2356,277106,50.0,9998.0,405.0,9075.0
2357,277229,49.0,9993.0,403.0,9067.0
2358,277360,52.0,10007.0,413.0,9084.0
2359,277515,46.0,10008.0,414.0,9084.0
2360,277640,46.0,10018.0,410.0,9109.0
2361,277769,45.0,10021.0,413.0,9105.0
2362,277987,152.0,10029.0,414.0,9105.0
2363,278096,45.0,10025.0,410.0,9112.0
2364,278212,46.0,10028.0,413.0,9111.0
2365,278339,46.0,10030.0,416.0,9109.0
2366,278465,44.0,10028.0,418.0,9099.0
2367,278608,53.0,10026.0,418.0,9097.0
2368,278743,48.0,10027.0,410.0,9108.0
2369,278854,46.0,10033.0,415.0,9107.0
2370,278996,50.0,10034.0,406.0,9118.0
2371,279125,48.0,10038.0,411.0,9112.0
2372,279239,46.0,10040.0,409.0,9119.0
2373,279361,49.0,10046.0,413.0,9124.0
2374,279491,47.0,10044.0,406.0,9127.0
2375,279620,43.0,10042.0,395.0,9134.0
2376,279746,48.0,10045.0,401.0,9132.0
2377,279967,131.0,10049.0,400.0,9139.0
2378,280095,48.0,10052.0,401.0,9143.0
2379,280212,44.0,10062.0,405.0,9158.0
2380,280335,44.0,10062.0,403.0,9158.0
2381,280459,44.0,10060.0,399.0,9167.0
2382,280578,45.0,10061.0,400.0,9166.0
2383,280704,46.0,10061.0,401.0,9165.0
2384,280830,44.0,10058.0,401.0,9162.0
2385,280960,50.0,10068.0,400.0,9176.0
2386,281089,46.0,10076.0,407.0,9176.0
2387,281216,47.0,10079.0,404.0,9177.0
2388,281330,42.0,10080.0,394.0,9199.0
2389,281445,50.0,10080.0,395.0,9201.0
2390,281571,47.0,10081.0,395.0,9212.0
2391,281694,51.0,10082.0,395.0,9213.0
2392,281895,118.0,10085.0,396.0,9215.0
2393,282012,46.0,10088.0,386.0,9239.0
2394,282144,45.0,10091.0,389.0,9235.0
2395,282277,56.0,10091.0,380.0,9254.0
2396,282402,45.0,10094.0,383.0,9254.0
2397,282504,47.0,10094.0,383.0,9254.0
2398,282629,50.0,10093.0,383.0,9251.0
2399,282752,48.0,10093.0,383.0,9251.0
2400,282878,47.0,10094.0,385.0,9247.0
2401,283005,46.0,10106.0,397.0,9242.0
2402,283123,47.0,10107.0,399.0,9235.0
2403,283259,50.0,10112.0,406.0,9228.0
2404,283385,49.0,10117.0,408.0,9228.0
2405,283522,45.0,10118.0,411.0,9224.0
2406,283645,51.0,10121.0,413.0,9219.0
2407,283837,111.0,10118.0,412.0,9219.0
2408,283964,45.0,10125.0,416.0,9227.0
2409,284071,45.0,10140.0,431.0,9223.0
2410,284182,47.0,10145.0,435.0,9227.0
2411,284302,47.0,10146.0,435.0,9226.0
2412,284416,47.0,10148.0,443.0,9215.0
2413,284543,49.0,10148.0,440.0,9220.0
2414,284663,46.0,10162.0,454.0,9203.0
2415,284772,47.0,10168.0,460.0,9196.0
2416,284895,45.0,10167.0,458.0,9202.0
2417,285015,49.0,10166.0,458.0,9208.0
2418,285130,52.0,10185.0,474.0,9209.0
2419,285248,47.0,10186.0,482.0,9202.0
2420,285375,49.0,10187.0,480.0,9210.0
2421,285496,49.0,10194.0,488.0,9209.0
2422,285617,50.0,10199.0,493.0,9202.0
2423,285801,99.0,10199.0,493.0,9202.0
2424,285924,46.0,10196.0,492.0,9204.0
2425,286054,46.0,10206.0,503.0,9197.0
2426,286168,46.0,10208.0,502.0,9199.0
2427,286293,48.0,10209.0,503.0,9197.0
2428,286422,46.0,10208.0,501.0,9197.0
2429,286550,51.0,10203.0,499.0,9194.0
2430,286672,51.0,10203.0,497.0,9200.0
2431,286803,50.0,10202.0,498.0,9198.0
2432,286935,48.0,10202.0,485.0,9218.0
2433,287049,48.0,10203.0,486.0,9218.0
2434,287162,52.0,10214.0,495.0,9219.0
2435,287281,49.0,10220.0,504.0,9212.0
2436,287392,51.0,10240.0,518.0,9219.0
2437,287534,49.0,10240.0,517.0,9219.0
2438,287720,117.0,10248.0,524.0,9214.0
2439,287828,46.0,10248.0,521.0,9223.0
2440,287962,46.0,10245.0,520.0,9221.0
2441,288068,49.0,10263.0,528.0,9224.0
2442,288218,48.0,10271.0,536.0,9207.0
2443,288347,48.0,10270.0,536.0,9203.0
2444,288465,47.0,10268.0,537.0,9198.0
2445,288582,50.0,10271.0,540.0,9196.0
2446,288706,48.0,10270.0,540.0,9195.0
2447,288829,50.0,10268.0,540.0,9193.0
2448,288945,45.0,10275.0,547.0,9192.0
2449,289078,50.0,10275.0,548.0,9190.0
2450,289217,51.0,10276.0,550.0,9178.0
2451,289331,49.0,10276.0,550.0,9178.0
2452,289474,51.0,10278.0,547.0,9181.0
2453,289654,97.0,10278.0,549.0,9179.0
2454,289776,45.0,10280.0,546.0,9184.0
2455,289896,46.0,10288.0,553.0,9183.0
2456,290019,49.0,10288.0,551.0,9186.0
2457,290134,48.0,10290.0,553.0,9179.0
2458,290264,44.0,10286.0,553.0,9175.0
2459,290376,45.0,10293.0,559.0,9172.0
2460,290482,48.0,10314.0,580.0,9164.0
2461,290626,53.0,10314.0,581.0,9163.0
2462,290770,49.0,10307.0,581.0,9156.0
2463,290890,49.0,10309.0,582.0,9148.0
2464,291000,46.0,10306.0,580.0,9149.0
2465,291118,47.0,10304.0,580.0,9147.0
2466,291241,47.0,10313.0,587.0,9143.0
2467,291356,53.0,10315.0,588.0,9147.0
2468,291473,52.0,10319.0,591.0,9150.0
2469,291653,114.0,10319.0,590.0,9155.0
2470,291766,47.0,10328.0,598.0,9148.0
2471,291885,51.0,10338.0,605.0,9152.0
2472,292004,51.0,10340.0,607.0,9149.0
2473,292129,46.0,10338.0,607.0,9147.0
2474,292253,46.0,10342.0,611.0,9143.0
2475,292373,49.0,10349.0,618.0,9140.0
2476,292507,52.0,10356.0,625.0,9138.0
2477,292608,49.0,10357.0,628.0,9136.0
2478,292744,48.0,10351.0,629.0,9129.0
2479,292859,50.0,10365.0,643.0,9120.0
2480,292981,47.0,10366.0,645.0,9116.0
2481,293115,51.0,10364.0,645.0,9114.0
2482,293233,49.0,10361.0,647.0,9106.0
2483,293362,48.0,10367.0,656.0,9093.0
2484,293550,113.0,10364.0,657.0,9086.0
2485,293682,50.0,10373.0,664.0,9084.0
2486,293812,49.0,10376.0,668.0,9083.0
2487,293937,49.0,10376.0,673.0,9069.0
2488,294064,54.0,10383.0,679.0,9068.0
2489,294195,52.0,10384.0,680.0,9067.0
2490,294310,48.0,10388.0,683.0,9063.0
2491,294432,49.0,10385.0,683.0,9060.0
2492,294549,53.0,10393.0,691.0,9055.0
2493,294673,54.0,10400.0,702.0,9047.0
2494,294803,51.0,10401.0,699.0,9047.0
2495,294918,52.0,10415.0,713.0,9043.0
2496,295038,50.0,10416.0,714.0,9041.0
2497,295171,47.0,10418.0,714.0,9043.0
2498,295300,52.0,10420.0,715.0,9044.0
2499,295437,50.0,10427.0,722.0,9042.0
2500,295637,45.0,10437.0,730.0,9032.0
2501,295754,48.0,10436.0,726.0,9028.0
2502,295860,48.0,10438.0,725.0,9027.0
2503,295978,48.0,10442.0,731.0,9025.0
2504,296081,47.0,10451.0,740.0,9016.0
2505,296205,46.0,10459.0,748.0,9013.0
2506,296336,48.0,10459.0,746.0,9014.0
2507,296487,47.0,10458.0,744.0,9006.0
2508,296609,49.0,10463.0,751.0,9000.0
2509,296730,48.0,10466.0,752.0,9001.0
2510,296845,46.0,10464.0,751.0,9003.0
2511,296949,49.0,10465.0,752.0,9002.0
2512,297077,49.0,10468.0,755.0,8997.0
2513,297206,49.0,10476.0,757.0,9005.0
2514,297337,54.0,10477.0,758.0,9005.0
2515,297547,138.0,10476.0,755.0,9007.0
2516,297671,49.0,10481.0,759.0,9007.0
2517,297791,51.0,10496.0,771.0,9003.0
2518,297911,49.0,10496.0,762.0,9003.0
2519,298036,50.0,10498.0,764.0,9000.0
2520,298147,48.0,10506.0,766.0,9003.0
2521,298273,50.0,10504.0,764.0,9002.0
2522,298401,50.0,10503.0,764.0,9001.0
2523,298517,44.0,10504.0,764.0,9000.0
2524,298635,50.0,10504.0,760.0,9011.0
2525,298769,49.0,10504.0,760.0,9013.0
2526,298912,46.0,10504.0,757.0,9019.0
2527,299028,48.0,10502.0,756.0,9017.0
2528,299151,51.0,10502.0,757.0,9015.0
2529,299289,49.0,10507.0,761.0,9019.0
2530,299406,50.0,10507.0,757.0,9027.0
2531,299632,137.0,10505.0,755.0,9024.0
2532,299777,59.0,10505.0,752.0,9024.0
2533,299907,50.0,10506.0,752.0,9025.0
2534,300085,66.0,10516.0,747.0,9044.0
