tick,timestamp,query_runtime,trav_index_nodes,trav_vol_nodes,trav_unprod_nodes
0,2600,15,87,87,0
1,4162,12,127,127,0
2,5550,13,231,231,0
3,6915,6,278,278,0
4,8137,10,325,325,0
5,9339,14,360,360,0
6,10529,12,414,414,0
7,11690,15,452,452,0
8,12729,19,506,506,0
9,13821,22,551,551,0
10,14913,13,592,592,0
11,16026,20,652,652,0
12,17044,35,705,705,0
13,18281,31,758,758,0
14,19197,19,863,863,0
15,20236,15,916,916,0
16,21105,50,987,987,0
17,22146,27,1064,1064,0
18,23155,27,1115,1115,0
19,23928,25,1158,1158,0
20,24964,30,1196,1196,0
21,25984,22,1213,1213,0
22,26751,25,1265,1265,0
23,28082,26,1327,1327,0
24,28950,29,1374,1374,0
25,29769,33,1403,1403,0
26,30766,49,1456,1389,27
27,31700,97,1492,1272,102
28,32593,53,1441,1189,87
29,33588,61,1395,1102,70
30,34371,48,1404,1093,62
31,35378,72,1388,1006,120
32,36334,78,1311,955,76
33,37116,45,1303,947,61
34,38072,58,1308,902,82
35,39082,93,1294,860,79
36,39966,57,1299,843,79
37,41083,132,1287,803,103
38,42275,90,1237,762,77
39,44016,61,1200,663,127
40,44767,45,1145,672,50
41,45712,57,1154,667,68
42,46452,61,1137,676,30
43,47277,33,1157,690,36
44,48155,47,1158,703,21
45,48943,110,1194,718,32
46,49735,68,1214,726,54
47,50572,39,1209,730,37
48,51399,71,1260,774,49
49,52248,41,1270,786,40
50,53166,66,1304,834,21
51,53833,37,1351,872,27
52,54707,79,1378,904,24
53,55413,36,1421,938,27
54,56109,66,1468,974,26
55,56979,49,1495,975,43
56,57534,35,1480,988,9
57,58492,35,1517,1012,27
58,59110,39,1563,1065,9
59,60035,74,1598,1071,46
60,60940,75,1613,975,164
61,61860,127,1503,914,132
62,62397,38,1419,882,87
63,63191,72,1423,891,99
64,63743,42,1395,905,53
65,65834,87,1380,742,231
66,66476,42,1219,763,56
67,67343,39,1230,723,113
68,67797,24,1201,781,19
69,68279,42,1248,794,48
70,69202,38,1259,813,29
71,69879,43,1282,815,51
72,70791,31,1263,795,67
73,71223,16,1262,841,11
74,71654,22,1303,858,38
75,72825,65,1313,846,69
76,73547,19,1296,888,0
77,74266,22,1347,898,31
78,74661,20,1398,939,42
79,75097,22,1416,974,21
80,75987,59,1441,964,26
81,76670,40,1459,978,38
82,77526,186,1454,956,58
83,78061,27,1444,954,37
84,78494,19,1458,980,19
85,79446,82,1472,939,71
86,80223,45,1455,953,30
87,80897,43,1475,957,35
88,81831,45,1491,972,25
89,82475,42,1508,967,25
90,83638,52,1523,953,36
91,84433,82,1536,949,43
92,85150,20,1530,959,28
93,85823,53,1552,982,24
94,86368,19,1589,1022,13
95,86864,22,1639,1062,23
96,87475,69,1675,1084,29
97,88214,21,1711,1117,26
98,88713,22,1754,1160,20
99,89328,56,1769,1156,24
100,89975,150,1799,1169,28
101,90408,33,1841,1156,83
102,91184,90,1830,1100,160
103,91761,33,1723,1066,98
104,92169,33,1690,1034,105
105,93054,36,1636,976,121
106,93470,27,1587,986,68
107,94028,68,1572,993,59
108,96233,50,1567,926,127
109,96679,52,1473,896,76
110,97585,91,1455,855,99
111,98380,57,1433,852,84
112,99107,49,1436,895,38
113,99540,23,1463,911,47
114,100131,28,1501,951,37
115,100839,44,1525,969,30
116,101236,35,1550,962,56
117,101784,28,1554,968,55
118,102729,82,1555,968,46
119,103609,82,1556,940,80
120,104532,30,1540,931,94
121,104923,25,1496,923,46
122,105299,22,1510,947,16
123,106114,48,1558,979,33
124,106553,24,1635,1057,23
125,106951,21,1669,1099,19
126,107613,200,1694,1112,27
127,108322,55,1724,1096,80
128,108727,20,1703,1126,24
129,109114,24,1728,1170,2
130,110051,41,1803,1192,46
131,110647,48,1808,1197,39
132,111208,60,1842,1239,23
133,111924,23,1861,1242,29
134,112313,25,1898,1287,21
135,112713,27,1934,1320,14
136,113661,83,1979,1341,40
137,114345,49,1979,1338,27
138,115099,86,2014,1357,29
139,116087,68,2040,1344,61
140,116648,31,2031,1352,44
141,117400,28,2049,1376,37
142,117911,25,2072,1417,12
143,118263,26,2099,1438,16
144,118959,57,2113,1426,31
145,119503,26,2138,1452,16
146,119895,29,2166,1471,16
147,120615,130,2195,1297,259
148,121250,35,2009,1291,71
149,121646,32,2005,1284,78
150,122288,43,1995,1199,167
151,122851,40,1889,1155,109
152,123440,71,1840,1110,101
153,124024,41,1799,1066,135
154,124585,24,1743,1116,22
155,125178,39,1791,1180,0
156,125572,18,1829,1211,0
157,126105,27,1875,1226,34
158,126720,92,1891,1157,115
159,127144,32,1826,1147,63
160,129501,132,1813,959,267
161,129916,35,1586,928,71
162,130318,23,1574,943,48
163,131104,126,1603,931,103
164,131712,28,1578,949,52
165,132082,24,1586,982,28
166,132580,46,1610,1013,19
167,133365,22,1637,1023,22
168,133736,19,1654,1043,10
169,134112,19,1674,1061,6
170,134886,67,1713,1021,93
171,135536,69,1684,1029,38
172,135914,27,1681,1016,40
173,136601,56,1707,1027,35
174,137134,31,1778,1070,57
175,137504,21,1758,1083,24
176,137895,24,1775,1106,19
177,138718,66,1810,1079,84
178,139086,25,1771,1102,28
179,139476,21,1810,1156,1
180,140223,58,1845,1145,39
181,140745,23,1844,1155,24
182,141113,24,1883,1192,27
183,141791,54,1949,1255,24
184,142390,32,2004,1266,62
185,142773,26,1985,1272,45
186,143305,206,2007,1319,13
187,143997,27,2054,1339,37
188,144407,28,2079,1377,22
189,144776,24,2134,1431,6
190,145560,51,2165,1455,13
191,146028,28,2206,1475,21
192,146420,27,2232,1504,20
193,147136,66,2247,1489,50
194,147636,30,2242,1514,20
195,148051,30,2274,1522,50
196,148652,70,2273,1545,20
197,149238,28,2319,1576,21
198,149615,28,2374,1629,16
199,150255,203,2387,1588,70
200,151075,101,2372,1484,198
201,151572,58,2218,1339,201
202,152263,227,2100,1359,68
203,152974,48,2112,1291,159
204,153410,37,1993,1252,90
205,153822,26,1959,1282,19
206,154671,64,2004,1195,152
207,155126,36,1889,1167,80
208,155541,31,1863,1144,77
209,156337,57,1855,1172,44
210,156795,29,1866,1181,44
211,157280,39,1864,1157,91
212,158055,70,1830,1163,42
213,158558,19,1872,1240,0
214,158924,17,1900,1263,0
215,159588,61,1944,1259,48
216,160233,42,1956,1220,130
217,160625,26,1872,1214,41
218,161009,26,1895,1267,7
219,163573,69,1957,1034,291
220,164041,63,1737,1066,33
221,164766,71,1740,1060,37
222,165553,28,1741,1055,49
223,165967,29,1736,1055,42
224,166352,24,1740,1054,32
225,167223,50,1762,1053,35
226,167614,32,1785,1052,64
227,168011,24,1781,1082,21
228,168761,52,1809,1096,33
229,169240,32,1830,1101,63
230,169642,26,1825,1117,38
231,169986,24,1850,1165,7
232,170809,66,1879,1138,69
233,171218,29,1849,1122,42
234,171599,23,1852,1153,17
235,172366,64,1886,1156,61
236,172788,25,1869,1150,35
237,173163,28,1882,1166,34
238,173822,51,1896,1183,16
239,174355,30,1958,1220,51
240,174738,29,1959,1239,46
241,175342,57,1967,1260,30
242,176033,31,1991,1267,48
243,176395,27,2023,1313,32
244,176763,23,2069,1369,14
245,177526,75,2110,1396,29
246,177959,31,2141,1413,44
247,178306,23,2134,1427,16
248,179039,61,2171,1457,25
249,179519,29,2187,1463,32
250,179878,27,2228,1523,4
251,180612,83,2284,1482,106
252,181319,49,2251,1440,110
253,181743,41,2214,1407,110
254,182425,78,2172,1398,89
255,183104,45,2122,1341,119
256,183525,42,2054,1261,136
257,184224,97,1991,1217,144
258,184743,27,1899,1207,50
259,185141,30,1899,1186,71
260,185543,33,1883,1184,76
261,186394,35,1858,1154,74
262,186757,36,1844,1126,102
263,187155,30,1792,1115,73
264,187952,64,1774,1103,81
265,188363,23,1779,1160,16
266,188776,30,1834,1190,40
267,189571,76,1839,1163,76
268,190071,27,1821,1185,26
269,190493,36,1852,1167,74
270,191173,63,1824,1162,32
271,191827,18,1843,1211,0
272,192241,18,1889,1252,0
273,192777,184,1938,1298,0
274,193809,73,2001,1280,95
275,194398,34,1946,1261,61
276,194905,52,1947,1308,7
277,195653,38,2015,1291,78
278,196038,31,2000,1301,33
279,196435,32,2025,1316,36
280,198953,120,2052,1174,211
281,199371,30,1905,1186,46
282,199839,28,1924,1210,36
283,200528,64,1935,1224,36
284,201074,31,1972,1246,52
285,201447,24,1999,1292,26
286,201864,27,2025,1307,34
287,202713,69,2057,1318,37
288,203121,30,2090,1352,38
289,203506,31,2078,1357,16
290,204299,59,2105,1370,18
291,204837,74,2122,1362,39
292,205229,30,2142,1378,47
293,205920,65,2146,1404,25
294,206503,27,2183,1423,33
295,206910,30,2186,1430,31
296,207540,61,2226,1465,24
297,208251,34,2240,1450,57
298,208628,29,2249,1493,23
299,208994,27,2271,1515,18
300,210280,141,2313,1399,179
301,210780,37,2193,1401,63
302,211271,68,2203,1373,139
303,212253,57,2131,1242,225
304,212645,29,1951,1263,22
305,213113,36,1987,1237,97
306,213975,55,1951,1133,188
307,214360,24,1823,1167,26
308,214755,31,1839,1141,70
309,215606,108,1821,1032,171
310,216046,30,1692,1048,33
311,216460,29,1731,1069,48
312,217314,118,1766,1032,136
313,217820,23,1677,1041,28
314,218245,53,1709,1064,26
315,218980,123,1722,992,135
316,219877,44,1623,955,92
317,220301,35,1568,945,55
318,220716,52,1575,966,35
319,221568,30,1603,966,74
320,221967,23,1599,986,37
321,222359,30,1608,980,54
322,223149,58,1643,1003,62
323,223728,25,1645,1038,30
324,224144,26,1644,1027,41
325,224896,71,1664,1030,61
326,225680,47,1680,1074,32
327,226401,87,1702,1057,92
328,227123,26,1671,1098,22
329,227519,19,1723,1168,0
330,228042,46,1781,1219,0
331,228585,17,1856,1288,0
332,229148,20,1900,1311,9
333,229632,53,1940,1326,33
334,230214,27,1955,1304,34
335,232504,88,1962,1212,142
336,232860,26,1871,1228,27
337,233290,28,1896,1249,27
338,233980,59,1932,1249,31
339,234463,29,1948,1260,27
340,234849,23,1960,1279,8
341,235263,71,2015,1308,21
342,236336,86,2049,1308,37
343,236764,27,2061,1320,16
344,237152,29,2086,1321,46
345,237940,66,2077,1326,36
346,238426,31,2102,1353,31
347,238797,29,2132,1390,25
348,239434,63,2150,1402,38
349,240079,30,2177,1420,32
350,240534,41,2217,1386,111
351,241287,137,2172,1265,229
352,241889,36,2023,1260,98
353,242285,32,1981,1249,68
354,242960,291,1982,1201,128
355,243578,38,1887,1145,104
356,243987,30,1838,1149,63
357,244399,37,1853,1144,102
358,245243,56,1808,1080,125
359,245647,28,1752,1122,26
360,246126,38,1757,1075,88
361,247069,79,1715,1017,111
362,247471,23,1686,1067,27
363,247831,25,1726,1091,49
364,248557,70,1753,1069,84
365,249028,26,1733,1104,39
366,249397,21,1758,1148,10
367,250041,62,1813,1153,54
368,250729,39,1809,1111,97
369,251116,23,1779,1154,13
370,251710,223,1821,1175,31
371,252526,45,1841,1139,93
372,252943,25,1799,1165,22
373,253355,26,1849,1212,24
374,254267,110,1910,1157,145
375,254762,31,1833,1181,42
376,255145,25,1853,1217,22
377,255902,74,1879,1215,56
378,256465,24,1866,1234,22
379,256936,32,1907,1254,39
380,257595,63,1936,1273,35
381,258304,31,1946,1261,45
382,258722,39,1975,1287,38
383,259118,30,1974,1296,30
384,260103,80,2001,1274,82
385,260494,28,1958,1286,17
386,260903,21,1984,1324,0
387,261687,55,2039,1376,0
388,262270,23,2096,1416,1
389,262693,35,2168,1463,23
390,265131,118,2182,1341,156
391,265673,28,2077,1374,7
392,266112,29,2130,1418,11
393,266599,155,2209,1482,7
394,267367,75,2251,1463,66
395,267765,31,2231,1486,13
396,268220,28,2268,1511,11
397,269209,82,2317,1515,52
398,269688,36,2318,1546,15
399,270161,44,2353,1515,88
400,271142,196,2313,1321,271
401,271666,35,2107,1334,54
402,272107,48,2133,1310,131
403,273023,139,2086,1199,222
404,273508,37,1905,1152,86
405,273948,41,1864,1100,103
406,274868,83,1810,1060,98
407,275370,33,1800,1085,64
408,275818,30,1775,1083,52
409,276735,82,1797,1063,105
410,277202,29,1746,1080,40
411,277661,46,1754,1017,111
412,278523,90,1708,997,106
413,279005,31,1667,1018,45
414,279418,38,1692,1025,60
415,280020,67,1678,1013,47
416,280805,41,1689,979,107
417,281222,37,1644,958,86
418,281760,67,1625,962,59
419,282575,26,1616,959,58
420,283012,32,1610,961,64
421,283483,64,1590,967,33
422,284291,28,1622,990,46
423,284741,28,1629,1003,32
424,285116,22,1641,1030,14
425,285985,62,1676,1022,46
426,286581,53,1684,1040,39
427,287300,99,1675,1000,82
428,288182,191,1633,1012,36
429,288564,24,1640,1034,20
430,289054,61,1682,1054,45
431,289630,27,1682,1072,32
432,290197,26,1732,1118,20
433,290722,59,1759,1131,32
434,291289,27,1766,1129,30
435,291820,25,1790,1157,14
436,292291,58,1842,1185,45
437,292891,28,1829,1184,32
438,293405,185,1843,1217,6
439,293835,57,1882,1258,0
440,294428,19,1932,1302,0
441,294786,21,2004,1364,0
442,295352,29,2073,1411,23
443,296049,58,2094,1407,19
444,296388,32,2118,1414,44
445,298720,97,2168,1386,88
446,299232,28,2131,1417,14
447,299602,25,2168,1447,17
448,300017,29,2221,1470,40
