tick,timestamp,query_runtime,trav_index_nodes,trav_vol_nodes,trav_unprod_nodes
0,4023,21,108,108,0
1,6571,18,196,196,0
2,8599,13,267,267,0
3,10631,53,390,390,0
4,12440,15,506,506,0
5,14315,35,590,590,0
6,16221,20,705,705,0
7,17953,20,766,766,0
8,20081,20,843,843,0
9,21671,26,930,930,0
10,23288,27,1011,1011,0
11,24809,27,1075,1075,0
12,26427,52,1155,1155,0
13,28391,50,1210,1210,0
14,30301,30,1296,1288,0
15,31780,67,1405,1177,126
16,33338,66,1370,1071,100
17,34845,73,1387,991,156
18,36325,57,1325,929,116
19,37865,65,1266,817,138
20,39411,149,1214,747,136
21,40827,42,1200,773,52
22,42335,55,1256,779,82
23,44406,49,1259,766,88
24,45694,72,1262,796,66
25,46910,76,1269,787,79
26,48200,44,1283,819,57
27,49457,42,1326,856,50
28,50725,45,1375,890,55
29,52054,84,1431,922,49
30,53163,71,1464,914,66
31,54568,43,1456,902,63
32,55911,42,1496,955,54
33,56836,56,1528,1014,25
34,58210,59,1569,1040,45
35,59320,45,1589,1070,27
36,60389,91,1650,1054,104
37,61406,73,1647,969,200
38,62377,45,1538,963,84
39,64863,93,1543,819,266
40,66362,69,1382,808,123
41,67657,48,1375,819,89
42,68958,33,1407,824,123
43,70305,89,1372,830,96
44,71287,22,1367,861,53
45,72393,29,1422,893,71
46,73038,22,1471,965,47
47,74145,17,1526,1047,13
48,74941,26,1595,1058,65
49,76088,24,1642,1104,43
50,76873,60,1697,1135,62
51,78180,62,1729,1139,97
52,79473,59,1723,1138,72
53,80660,25,1728,1145,52
54,81480,136,1737,1161,39
55,82382,26,1779,1175,56
56,83698,80,1823,1195,49
57,84681,25,1829,1214,42
58,85620,25,1873,1243,33
59,86346,25,1920,1285,38
60,87229,27,2022,1356,46
61,88466,91,2055,1370,47
62,89423,30,2098,1409,42
63,90675,68,2178,1331,239
64,91745,133,2038,1191,245
65,94230,1735,1891,1129,200
66,95490,62,1802,1035,212
67,96552,47,1673,1045,71
68,97303,39,1711,1024,126
69,98442,33,1693,1051,69
70,99307,92,1710,1049,108
71,100473,34,1697,1063,97
72,101436,38,1694,1042,110
73,102263,40,1661,1069,37
74,103193,33,1736,1097,66
75,104102,77,1776,1088,109
76,104998,30,1768,1096,89
77,105930,69,1752,1086,79
78,106619,29,1780,1118,52
79,107583,58,1802,1148,37
80,108291,31,1874,1197,46
81,109358,69,1934,1237,49
82,110017,37,1992,1302,37
83,111119,73,2015,1285,90
84,111741,28,2010,1321,29
85,112755,74,2070,1343,67
86,113427,27,2088,1402,18
87,114597,49,2140,1403,48
88,115320,40,2190,1441,49
89,116452,52,2230,1419,121
90,117066,27,2193,1465,31
91,118197,63,2243,1489,47
92,118898,26,2292,1563,12
93,119996,30,2332,1567,49
94,120708,54,2389,1506,197
95,121994,95,2299,1302,343
96,122910,274,2051,1245,156
97,123920,22,2006,1335,0
98,126643,170,2088,1144,306
99,127422,39,1875,1128,118
100,128486,86,1842,1100,116
101,129323,37,1823,1082,104
102,130303,85,1824,1102,88
103,131346,42,1831,1095,101
104,132538,108,1837,1057,143
105,133345,38,1803,1059,101
106,134378,111,1790,1077,73
107,135160,35,1826,1113,77
108,136260,77,1823,1103,75
109,137019,43,1863,1130,98
110,138284,257,1888,1167,85
111,139044,27,1941,1230,37
112,139819,82,2013,1269,74
113,140893,45,2035,1283,76
114,142086,227,2066,1293,107
115,142680,25,2062,1357,29
116,143358,71,2145,1425,38
117,144445,32,2203,1456,49
118,145080,29,2254,1503,40
119,146208,36,2275,1495,56
120,146797,36,2288,1506,44
121,147842,34,2318,1520,44
122,148439,30,2355,1567,32
123,149567,69,2387,1565,40
124,150540,86,2457,1451,229
125,151553,47,2338,1423,165
126,152190,45,2262,1382,146
127,153223,48,2208,1326,167
128,153842,43,2125,1285,129
129,154816,48,2066,1197,195
130,155400,20,1958,1272,0
131,156580,24,2047,1337,26
132,157251,38,2118,1345,94
133,159890,98,2105,1045,463
134,160471,25,1762,1115,32
135,161573,36,1832,1115,100
136,162265,35,1837,1162,55
137,163549,55,1869,1109,152
138,164188,31,1830,1164,58
139,165200,32,1881,1178,59
140,165803,31,1943,1217,50
141,166861,36,1981,1260,44
142,167437,30,2025,1291,52
143,168580,77,2086,1335,65
144,169327,68,2121,1350,83
145,170580,45,2118,1346,86
146,171208,34,2121,1375,58
147,172391,84,2186,1417,70
148,173101,46,2190,1411,88
149,174149,70,2180,1443,45
150,174864,39,2187,1413,80
151,175981,81,2213,1471,33
152,176711,33,2268,1485,66
153,177623,73,2313,1531,67
154,178297,32,2338,1556,45
155,179158,68,2427,1615,34
156,179889,28,2471,1674,16
157,180880,154,2536,1505,289
158,181726,87,2296,1381,200
159,182780,101,2224,1276,274
160,183570,49,2061,1219,176
161,184623,45,1980,1174,145
162,185271,43,1917,1108,157
163,186323,38,1833,1083,109
164,186991,42,1845,1089,119
165,188059,55,1823,1117,65
166,188644,17,1869,1203,0
167,189697,59,2013,1299,56
168,190321,36,2062,1306,97
169,191418,67,2065,1322,80
170,192005,35,2068,1332,75
171,194804,131,2074,1205,218
172,195359,28,1977,1270,54
173,196583,105,2017,1218,157
174,197165,34,1954,1226,86
175,198168,68,1976,1266,46
176,198911,38,2018,1300,44
177,200002,61,2044,1302,45
178,200676,26,2123,1394,21
179,201780,141,2164,1367,93
180,202720,32,2183,1409,54
181,203598,62,2241,1465,24
182,204380,29,2344,1556,25
183,205211,79,2380,1529,79
184,205996,28,2343,1536,22
185,206706,37,2375,1528,72
186,207621,32,2396,1578,42
187,208385,36,2411,1571,60
188,209248,36,2406,1556,66
189,210006,220,2410,1576,35
190,211346,134,2483,1383,372
191,212516,70,2224,1229,287
192,213137,41,2046,1231,123
193,214291,80,2024,1165,183
194,214895,41,1948,1163,126
195,215915,93,1910,1091,163
196,216554,38,1822,1089,69
197,217626,123,1899,1085,144
198,218656,56,1860,1024,189
199,219667,72,1756,1026,73
200,220325,38,1793,1067,98
201,221404,80,1770,1056,86
202,222114,40,1766,1050,95
203,223006,52,1771,1131,20
204,223800,19,1860,1231,0
205,226605,148,1938,1151,168
206,227605,32,1875,1167,68
207,228380,63,1904,1215,45
208,229218,29,1933,1228,60
209,230027,206,1965,1266,49
210,230865,42,1995,1235,112
211,231455,24,1962,1279,22
212,232533,33,2027,1326,46
213,233133,31,2092,1375,53
214,234190,29,2125,1410,43
215,234784,32,2134,1383,63
216,235847,34,2165,1422,46
217,236444,36,2228,1458,65
218,237460,30,2265,1516,35
219,238085,41,2331,1569,33
220,239193,34,2381,1595,51
221,239820,36,2440,1637,57
222,240951,54,2493,1537,214
223,241602,40,2397,1554,108
224,242848,74,2389,1396,304
225,243479,49,2175,1328,162
226,244563,45,2112,1273,165
227,245204,45,2021,1199,146
228,246346,45,1946,1095,163
229,246898,31,1878,1120,68
230,247951,36,1921,1151,80
231,248620,32,1942,1185,65
232,249814,43,2000,1210,94
233,250517,41,1988,1212,98
234,251721,54,1984,1166,159
235,252317,61,1894,1169,81
236,253489,37,1926,1189,94
237,254073,35,1923,1204,70
238,255208,26,1929,1241,23
239,255853,20,1997,1323,0
240,258540,89,2074,1257,122
241,259196,38,2036,1265,88
242,260360,72,2051,1265,90
243,261188,45,2082,1280,87
244,262327,51,2104,1329,60
245,262914,31,2155,1386,41
246,264174,90,2184,1360,109
247,264921,37,2178,1386,76
248,266033,78,2180,1394,67
249,266639,33,2194,1424,46
250,267704,81,2248,1468,44
251,268422,39,2269,1468,51
252,269513,85,2322,1492,69
253,270294,42,2345,1477,102
254,271686,199,2333,1168,471
255,273262,147,1987,1080,236
256,274124,43,1833,1040,139
257,275064,58,1792,991,178
258,276067,86,1707,964,108
259,276828,40,1668,944,101
260,277944,76,1675,942,119
261,278589,32,1670,988,58
262,279703,28,1699,1009,62
263,280326,32,1724,1027,61
264,281512,41,1720,1005,89
265,282146,37,1761,1057,86
266,283175,71,1754,1053,82
267,283796,29,1754,1065,51
268,284845,69,1773,1082,48
269,285435,29,1827,1138,45
270,286416,80,1858,1138,85
271,286998,18,1882,1236,0
272,287924,56,1983,1312,11
273,288620,33,2071,1354,63
274,291111,108,2076,1267,151
275,291915,36,2014,1309,35
276,292885,81,2036,1295,74
277,293703,32,2066,1355,35
278,294782,102,2117,1353,66
279,295672,29,2123,1379,31
280,296567,77,2186,1413,61
281,297462,36,2203,1448,50
282,298470,85,2216,1451,52
283,299247,33,2211,1448,47
284,300215,100,2244,1403,108
