tick,timestamp,query_runtime,trav_index_nodes,trav_vol_nodes,trav_unprod_nodes
0,1527,10,14,14,0
1,2244,2,34,34,0
2,2968,14,51,51,0
3,3503,7,58,58,0
4,6252,10,80,80,0
5,6812,4,93,93,0
6,7344,3,101,101,0
7,7809,2,110,110,0
8,8249,11,113,113,0
9,8788,6,130,130,0
10,9362,3,135,135,0
11,9866,3,161,161,0
12,10262,2,165,165,0
13,10639,9,183,183,0
14,11087,18,194,194,0
15,11753,7,217,217,0
16,12486,22,224,224,0
17,13114,24,231,231,0
18,13839,22,235,235,0
19,14399,20,241,241,0
20,15051,18,252,252,0
21,16446,15,270,270,0
22,16842,9,276,276,0
23,17177,4,294,294,0
24,17559,4,309,309,0
25,18013,6,330,330,0
26,18328,9,368,368,0
27,18653,5,376,376,0
28,19007,9,399,399,0
29,19462,4,405,405,0
30,19821,5,420,420,0
31,20152,11,436,436,0
32,20603,12,444,444,0
33,20970,5,464,464,0
34,21300,12,465,465,0
35,21651,10,477,477,0
36,22138,5,489,489,0
37,22475,10,496,496,0
38,22808,18,509,509,0
39,23222,17,515,515,0
40,24238,18,531,531,0
41,24562,13,534,534,0
42,24898,9,556,556,0
43,25285,15,563,563,0
44,25612,11,569,569,0
45,25908,10,586,586,0
46,26202,13,600,600,0
47,26584,20,619,619,0
48,26948,8,636,636,0
49,27269,10,644,644,0
50,27583,10,650,650,0
51,27984,24,661,661,0
52,28366,11,680,680,0
53,28656,15,692,692,0
54,28986,15,698,698,0
55,29305,25,700,700,0
56,29731,14,705,705,0
57,30028,16,720,720,0
58,30352,14,730,724,0
59,31232,46,740,660,37
60,31566,34,730,649,16
61,31891,23,727,630,23
62,32196,17,713,623,9
63,32664,20,707,606,5
64,32999,31,727,602,26
65,33320,21,723,611,10
66,33702,36,726,606,15
67,34151,22,718,612,0
68,34453,17,738,631,0
69,34769,14,749,642,0
70,35352,43,764,657,0
71,35889,38,782,673,2
72,36381,41,788,659,21
73,36893,35,786,644,19
74,37318,35,787,642,16
75,37734,42,802,642,20
76,38312,38,804,643,10
77,39347,49,807,616,29
78,39648,24,789,605,21
79,39954,21,773,600,7
80,40275,31,773,575,31
81,40718,30,765,548,52
82,40995,23,732,548,15
83,41279,20,730,558,1
84,41637,19,744,567,6
85,42093,18,747,570,5
86,42373,22,749,573,5
87,42640,16,765,587,4
88,42924,21,771,587,8
89,43284,35,774,592,4
90,43630,9,792,608,6
91,43889,15,797,616,0
92,44150,20,821,634,4
93,44429,25,839,642,14
94,44886,28,845,654,6
95,45571,13,848,655,8
96,45838,16,853,668,0
97,46207,27,865,680,0
98,46479,21,870,681,4
99,46748,23,876,667,21
100,47020,23,865,663,13
101,47365,45,873,672,10
102,47740,18,875,671,7
103,47986,24,888,683,3
104,48255,25,897,683,9
105,48500,25,885,678,2
106,48872,41,889,676,10
107,49206,18,887,680,4
108,49468,21,911,699,5
109,49741,25,920,709,4
110,49966,15,922,706,10
111,50336,32,920,684,31
112,50637,17,896,649,43
113,51215,26,875,588,98
114,51409,12,794,592,12
115,51678,24,800,597,14
116,51950,22,807,609,11
117,52240,26,804,577,39
118,52517,18,782,590,4
119,52805,47,804,582,42
120,53135,11,776,581,17
121,53334,12,761,582,0
122,53579,7,795,611,0
123,53796,7,818,634,0
124,53973,9,822,637,2
125,54208,33,850,619,55
126,54522,14,815,616,26
127,54725,25,792,602,18
128,54991,23,788,594,25
129,55223,13,785,604,14
130,55407,10,786,614,5
131,56207,43,805,610,24
132,56481,10,792,612,7
133,56637,11,797,615,9
134,56795,11,804,618,13
135,56950,10,817,638,5
136,57130,10,824,643,6
137,57300,12,841,652,15
138,57599,39,832,619,37
139,57959,13,803,620,5
140,58223,23,813,622,16
141,58500,18,807,613,17
142,58787,23,796,605,17
143,59138,36,787,592,20
144,59479,21,774,588,20
145,59784,58,772,592,13
146,60038,25,776,588,20
147,60292,21,792,613,11
148,60680,35,801,609,24
149,61471,15,780,600,17
150,61646,8,778,614,0
151,61881,24,799,623,12
152,62181,11,796,627,6
153,62408,31,799,622,14
154,62661,19,796,615,16
155,62836,11,794,622,8
156,63058,11,792,621,8
157,63388,33,798,624,12
158,63574,12,799,621,17
159,63733,9,798,636,1
160,63931,9,811,646,2
161,64290,20,820,652,5
162,64644,44,837,654,20
163,64939,12,820,645,12
164,65108,10,822,651,9
165,65424,22,829,657,6
166,65611,9,833,666,1
167,65755,9,857,688,0
168,66672,32,871,666,23
169,66885,11,865,681,3
170,67060,12,875,685,9
171,67240,9,879,697,0
172,67529,11,886,699,5
173,67694,12,882,688,12
174,68087,27,886,694,13
175,68292,13,881,689,12
176,68474,8,890,705,0
177,68876,8,909,722,0
178,69039,10,920,730,3
179,69188,11,956,762,8
180,69585,51,960,760,15
181,69971,23,955,752,12
182,70237,25,955,754,9
183,70515,21,952,751,8
184,70895,78,956,750,12
185,71758,18,951,722,44
186,71958,49,927,732,8
187,72153,13,931,739,5
188,72312,12,957,759,6
189,72493,11,956,755,0
190,72659,14,965,752,9
191,73035,79,966,758,2
192,73429,12,976,762,5
193,73623,29,984,769,7
194,73898,32,986,761,21
195,74199,36,987,762,16
196,74569,43,986,762,9
197,74938,27,989,750,23
198,75202,20,979,755,6
199,75562,12,991,770,5
200,75746,12,1006,785,5
201,75922,32,1014,796,2
202,76249,37,1029,800,7
203,76994,19,1056,810,26
204,77206,25,1051,826,4
205,77507,30,1066,839,5
206,77816,27,1086,857,5
207,78076,31,1104,869,10
208,78295,14,1096,861,12
209,78479,14,1088,857,7
210,78723,29,1097,868,4
211,79023,26,1101,874,2
212,79233,13,1125,888,11
213,79389,15,1120,890,1
214,79547,14,1138,903,5
215,79812,50,1152,911,12
216,79988,15,1145,907,13
217,80291,36,1150,905,21
218,80588,18,1137,888,28
219,80758,22,1138,856,64
220,81117,14,1079,855,7
221,81851,34,1083,780,92
222,82206,104,994,735,39
223,82440,21,971,712,44
224,82626,14,948,719,15
225,82887,26,951,726,11
226,83363,88,950,694,39
227,83771,31,937,682,40
228,84086,32,916,663,47
229,84401,41,879,649,22
230,84798,18,862,620,39
231,84968,14,844,625,16
232,85136,12,852,639,13
233,85299,12,857,641,16
234,85481,14,861,638,20
235,85682,24,862,654,5
236,86079,16,865,662,0
237,86241,11,873,669,2
238,86803,25,886,620,76
239,87068,15,825,600,36
240,87375,43,818,605,21
241,87636,25,806,603,9
242,87928,26,812,604,16
243,88333,14,823,615,11
244,88617,29,825,600,31
245,88818,11,817,610,14
246,88974,12,813,616,5
247,89146,9,817,623,0
248,89481,14,820,617,6
249,89658,12,827,614,16
250,89921,24,833,628,9
251,90150,12,844,637,9
252,90307,12,854,644,7
253,90599,12,856,643,10
254,90749,9,869,661,0
255,90916,14,884,663,10
256,91812,47,886,646,29
257,92210,37,860,636,20
258,92483,27,866,643,15
259,92882,23,860,629,27
260,93181,30,850,628,16
261,93572,46,839,611,24
262,93985,31,829,606,16
263,94257,27,827,600,16
264,94457,12,828,608,9
265,94614,11,824,608,6
266,95091,82,831,610,11
267,95308,14,850,620,14
268,95462,11,851,629,6
269,95634,13,851,632,2
270,95853,22,868,627,29
271,96002,12,856,642,0
272,96246,18,865,651,0
273,96545,25,871,656,2
274,101366,58,884,487,217
275,101559,12,671,491,0
276,101723,9,683,493,8
277,101883,9,698,512,3
278,102048,13,718,526,12
279,102225,11,719,520,15
280,102406,19,727,536,3
281,102692,21,732,531,7
282,102939,19,729,530,5
283,103103,8,738,543,0
284,103272,7,751,556,0
285,103444,8,762,566,1
286,103605,11,775,571,7
287,103760,10,789,587,4
288,104037,23,805,605,3
289,104293,13,812,605,11
290,104488,10,812,612,3
291,104659,11,822,622,3
292,105050,230,834,626,9
293,105208,10,830,626,4
294,105474,22,835,632,1
295,105695,11,860,648,11
296,105853,13,887,672,9
297,106091,17,887,681,0
298,106251,9,900,692,0
299,106408,12,919,707,6
300,106584,9,925,719,0
301,106822,20,930,724,0
302,107086,29,940,723,7
303,107230,11,951,732,8
304,107368,10,949,731,2
305,107517,12,959,736,5
306,107672,10,959,739,0
307,107816,9,972,751,0
308,107985,11,982,757,5
309,108184,34,987,764,2
310,108755,27,1007,770,11
311,108940,11,1023,795,3
312,109099,12,1041,808,2
313,109260,14,1044,807,6
314,109412,14,1050,806,11
315,109561,15,1077,828,13
316,109721,20,1071,827,8
317,109935,28,1070,830,6
318,110223,31,1077,822,21
319,110452,16,1069,816,20
320,110652,20,1062,781,51
321,110853,27,1030,770,37
322,111038,13,1004,779,2
323,111214,14,1026,796,9
324,111407,17,1024,803,0
325,111722,47,1029,791,18
326,111976,17,1020,773,35
327,112148,13,992,776,5
328,114740,45,1004,588,203
329,114912,16,823,576,34
330,115086,22,812,582,31
331,115252,14,814,597,12
332,115427,14,817,589,29
333,115586,11,807,599,12
334,115797,24,800,592,2
335,116116,29,807,587,15
336,116308,16,801,557,44
337,116465,8,771,571,0
338,116716,9,785,583,0
339,116878,15,801,567,32
340,117033,13,788,579,10
341,117280,23,787,580,10
342,117560,27,783,574,12
343,117839,13,790,578,11
344,117979,10,797,592,4
345,118371,242,805,585,25
346,118509,12,791,581,15
347,118680,12,791,579,14
348,119037,26,797,574,25
349,119220,12,787,574,17
350,119393,10,782,579,5
351,119541,9,790,587,3
352,119707,11,807,599,10
353,119967,12,804,593,14
354,120262,30,798,589,7
355,120588,13,812,589,23
356,120752,11,796,595,8
357,120905,12,799,584,19
358,121197,14,804,587,16
359,121359,8,806,605,0
360,121514,8,817,614,0
361,121787,26,832,614,19
362,122075,24,826,618,12
363,122608,311,842,642,2
364,122776,12,847,641,7
365,122929,13,856,650,7
366,123180,35,864,651,20
367,123449,12,849,643,14
368,123624,9,853,661,0
369,123771,12,870,668,9
370,123935,11,879,682,2
371,124094,10,883,683,3
372,124272,10,888,687,0
373,124609,35,914,679,33
374,124839,14,904,691,15
375,124989,12,919,714,8
376,125147,9,916,719,0
377,125316,12,938,731,7
378,125585,16,949,727,17
379,125776,15,936,720,6
380,126063,29,948,721,19
381,128641,2399,937,723,3
382,128867,17,935,710,16
383,129015,9,929,720,0
384,129169,8,934,725,0
385,129334,13,953,744,0
386,129493,9,958,749,0
387,129645,12,966,756,0
388,130225,26,973,762,0
389,130488,11,977,766,0
390,130706,20,983,769,0
391,130942,45,994,780,0
392,131289,14,1032,816,1
393,131511,39,1047,824,7
394,131835,33,1044,787,32
395,131980,14,1019,784,8
396,132300,18,1025,774,24
397,132463,14,1044,808,4
398,132625,13,1053,816,3
399,133015,250,1058,817,5
400,133424,38,1070,798,36
401,133641,16,1051,798,16
402,133789,15,1039,788,9
403,133938,12,1054,811,1
404,134089,13,1068,819,3
405,134254,14,1075,821,9
406,134473,14,1084,827,13
407,134746,34,1079,815,25
408,135083,40,1066,824,2
409,135288,16,1092,832,16
410,135487,68,1082,834,2
411,135772,54,1097,840,10
412,135961,18,1099,836,15
413,136337,41,1091,823,14
414,136656,42,1092,816,18
415,136916,16,1109,836,16
416,137117,16,1110,847,2
417,137769,76,1119,837,15
418,138114,19,1107,825,17
419,138304,13,1098,831,0
420,138457,15,1120,852,4
421,138625,11,1134,870,0
422,138808,16,1153,879,9
423,139104,60,1167,873,14
424,139496,47,1161,866,16
425,139726,19,1159,863,19
426,140008,58,1153,866,8
427,140380,37,1165,864,31
428,140659,54,1146,834,48
429,141049,39,1115,751,121
430,141483,26,1007,704,67
431,141694,17,956,684,33
432,141887,16,953,697,21
433,142087,20,938,674,39
434,145066,57,923,608,95
435,145285,15,851,598,35
436,145662,25,821,559,73
437,145844,15,770,557,24
438,146028,12,767,568,15
439,146241,26,765,570,11
440,146537,30,765,537,40
441,146891,17,731,517,28
442,147072,16,717,512,19
443,147250,12,718,510,21
444,147401,10,716,515,7
445,147567,11,731,528,13
446,147904,66,746,550,4
447,148166,13,770,547,28
448,148311,7,756,561,0
449,148464,7,771,567,0
450,148688,13,794,554,36
451,148864,12,762,552,8
452,149437,29,764,534,27
453,149640,10,748,538,10
454,149792,15,762,537,22
455,149932,9,750,542,3
456,150151,36,770,549,12
457,150289,7,767,558,0
458,150441,8,781,571,0
459,150658,23,790,576,6
460,150930,27,793,570,23
461,151107,12,788,576,14
462,151406,11,785,575,15
463,151574,14,783,568,25
464,151723,9,782,583,0
465,151863,11,788,586,6
466,152059,24,799,592,7
467,152286,24,814,600,14
468,152628,12,815,613,2
469,152784,14,822,609,9
470,153262,14,845,627,11
471,153439,19,855,627,21
472,153711,32,849,603,51
473,153984,15,806,595,20
474,154128,9,813,616,2
475,154297,11,830,620,13
476,154476,18,840,631,20
477,154778,13,842,632,12
478,154939,11,837,628,5
479,155245,30,836,610,31
480,155436,11,822,625,3
481,155610,12,840,636,13
482,155937,52,847,642,13
483,156093,11,853,653,4
484,156251,10,875,674,3
485,156481,19,896,698,0
486,156764,19,916,718,0
487,156928,9,920,722,0
488,157480,10,943,744,0
489,157648,10,964,765,0
490,157860,30,978,778,0
491,158284,28,985,785,0
492,158479,11,1000,800,0
493,158663,14,1022,822,0
494,158886,22,1037,830,4
495,159090,15,1039,821,14
496,159348,34,1055,839,12
497,159683,40,1055,824,29
498,159909,12,1038,835,0
499,160083,15,1044,834,3
500,160290,20,1052,843,2
501,160640,15,1056,841,6
502,161043,39,1063,848,7
503,161412,31,1067,845,17
504,161693,27,1067,856,6
505,162673,711,1065,816,39
506,163128,21,1050,821,25
507,163290,14,1029,817,7
508,163470,10,1040,831,0
509,163653,23,1051,814,21
510,163835,16,1048,825,9
511,164008,15,1062,840,3
512,164329,40,1065,827,19
513,164607,17,1065,821,25
514,164741,11,1051,832,0
515,164922,18,1073,844,9
516,165083,14,1074,851,2
517,165251,14,1092,865,8
518,165413,13,1100,874,7
519,165634,24,1106,887,0
520,165925,29,1132,908,1
521,166117,14,1145,915,6
522,166271,14,1144,913,7
523,166912,16,1160,932,4
524,167208,57,1170,932,18
525,167583,22,1153,927,6
526,167777,18,1160,936,1
527,167987,19,1166,940,1
528,168161,14,1182,953,3
529,168332,15,1192,957,3
530,168490,15,1199,964,3
531,168866,51,1217,971,9
532,169553,52,1211,948,25
533,169845,33,1206,956,12
534,170018,17,1197,954,4
535,170313,47,1206,940,38
536,170690,20,1178,904,49
537,170886,21,1139,877,39
538,171070,17,1126,886,17
539,171257,23,1118,869,41
540,174282,97,1082,758,129
541,174478,11,974,778,0
542,174674,11,993,797,0
543,174832,10,1019,823,0
544,175014,17,1025,815,13
545,175214,13,1022,813,11
546,175503,47,1018,802,17
547,175865,38,1025,786,41
548,176027,13,992,783,6
549,176208,20,987,739,45
550,176363,15,962,742,19
551,176526,16,965,739,28
552,176707,12,966,761,7
553,176924,37,966,752,24
554,177225,41,964,722,53
555,177452,20,929,687,55
556,177636,42,890,676,25
557,178061,15,874,659,30
558,178213,12,857,663,8
559,178415,25,888,685,14
560,178750,34,883,654,37
561,179032,24,869,645,33
562,179180,11,850,655,0
563,179400,28,862,660,6
564,179716,32,882,659,25
565,180186,61,861,623,29
566,180527,27,843,611,29
567,180799,29,835,611,26
568,181089,32,816,577,40
569,181450,33,788,573,12
570,181731,18,786,557,31
571,181906,15,758,548,17
572,182077,12,766,566,3
573,182241,13,775,570,4
574,182833,339,785,563,22
575,183118,27,796,595,1
576,183298,12,816,608,5
577,183535,14,832,625,2
578,183684,12,839,621,14
579,183848,13,846,636,6
580,183998,11,856,648,1
581,184161,12,869,655,8
582,184471,27,878,664,5
583,184836,13,882,665,9
584,185015,13,900,685,6
585,185177,12,899,683,7
586,185339,10,910,699,0
587,185502,12,922,707,5
588,185746,29,933,690,32
589,186046,30,913,685,13
590,186259,16,915,673,35
591,186422,14,905,684,9
592,187055,16,912,672,28
593,187243,18,912,695,0
594,187526,21,930,703,7
595,187684,11,929,704,4
596,187860,11,938,711,5
597,188115,12,945,717,2
598,188260,10,970,742,0
599,188408,12,981,751,1
600,188633,25,988,744,6
601,188921,27,992,730,17
602,189294,16,983,720,22
603,189462,15,964,721,1
604,189637,14,971,721,7
605,189799,14,977,725,6
606,190048,41,980,722,8
607,190527,32,993,734,11
608,190719,14,992,735,10
609,190896,18,1003,753,2
610,193668,45,1009,694,66
611,193821,18,953,683,18
612,193980,16,953,686,8
613,194147,13,963,699,4
614,194335,10,966,703,2
615,194603,47,971,698,13
616,194836,32,977,701,12
617,195153,27,983,703,20
618,195346,13,987,725,4
619,195516,14,1005,734,13
620,195788,13,1002,738,5
621,195957,14,1009,746,6
622,196124,17,1015,747,10
623,196411,35,1013,727,25
624,196664,10,1006,742,0
625,196968,15,1014,733,15
626,197123,15,1019,750,2
627,197505,17,1024,749,9
628,197736,27,1033,760,9
629,198069,27,1044,771,9
630,198236,16,1044,755,23
631,198405,15,1029,752,12
632,198556,14,1025,752,6
633,198694,13,1043,768,2
634,198863,12,1059,783,2
635,199070,17,1064,787,0
636,199386,30,1082,804,0
637,199627,15,1085,805,4
638,199776,16,1093,815,3
639,199925,13,1112,832,1
640,200276,18,1114,808,29
641,200458,15,1109,824,11
642,200723,39,1116,825,26
643,201017,35,1119,796,70
644,201545,25,1059,732,87
645,201703,10,978,738,0
646,201886,10,991,749,0
647,202088,23,1004,762,0
648,202428,57,1019,776,0
649,202618,25,1027,784,0
650,202785,10,1041,798,0
651,202948,11,1060,817,0
652,203115,12,1082,839,0
653,203266,12,1100,857,0
654,203654,25,1104,861,0
655,203905,13,1122,878,0
656,204070,17,1141,890,1
657,204264,19,1158,899,9
658,204426,17,1165,899,26
659,204642,45,1154,884,35
660,204925,43,1128,862,36
661,205516,321,1105,815,58
662,205767,67,1053,794,23
663,206025,21,1031,754,47
664,206212,17,997,742,26
665,206399,20,996,738,36
666,206626,36,971,738,19
667,207074,70,961,704,54
668,207257,17,925,705,20
669,207445,19,920,683,33
670,207621,13,905,688,13
671,207809,16,907,700,3
672,207999,18,919,696,22
673,208310,37,906,694,18
674,208597,16,912,700,18
675,208786,14,915,718,1
676,208939,13,929,725,5
677,209086,14,939,737,3
678,209437,19,941,705,44
679,212556,51,927,560,189
680,212729,12,761,580,0
681,212922,13,779,593,4
682,213093,12,789,602,5
683,213281,12,800,599,10
684,213586,24,805,608,5
685,213917,28,808,590,25
686,214085,11,791,587,6
687,214261,12,812,607,5
688,214402,12,811,602,14
689,214664,37,806,610,0
690,214823,10,827,623,4
691,215138,39,838,622,12
692,215588,25,839,613,17
693,215959,17,841,603,24
694,216137,16,832,615,6
695,216299,12,844,621,6
696,216720,35,848,617,10
697,217124,30,861,630,10
698,217299,12,867,635,5
699,217457,11,871,638,1
700,217609,16,882,642,12
701,217760,13,888,648,6
702,217928,13,892,655,5
703,218143,12,897,657,8
704,218489,27,905,657,11
705,218724,12,901,660,3
706,218887,15,923,666,21
707,219052,10,932,696,0
708,219346,17,952,709,10
709,219493,12,961,720,7
710,219638,12,959,719,2
711,219935,43,971,723,18
712,220401,76,974,737,5
713,220679,24,986,747,4
714,221151,20,993,734,28
715,221567,39,973,741,0
716,221739,10,986,754,0
717,221888,10,1002,770,0
718,222026,10,1020,787,0
719,222174,12,1036,800,0
720,222337,12,1050,813,0
721,222519,11,1060,823,0
722,222890,25,1076,839,0
723,223313,14,1089,852,0
724,223631,45,1092,853,2
725,224062,53,1095,818,38
726,224593,60,1067,806,16
727,224908,22,1053,799,7
728,225242,31,1054,796,10
729,225650,15,1062,803,12
730,225896,31,1063,804,7
731,226367,18,1072,800,18
732,226553,14,1068,808,1
733,226758,17,1091,823,4
734,226936,15,1103,831,7
735,227182,38,1105,817,27
736,227399,14,1083,818,2
737,227544,14,1110,839,5
738,227694,14,1129,858,3
739,227843,14,1135,862,4
740,228009,15,1143,861,8
741,228171,13,1151,874,2
742,228414,35,1170,881,10
743,228743,35,1166,881,3
744,228939,17,1168,871,12
745,229101,17,1163,875,3
746,229310,20,1178,880,13
747,229479,13,1186,898,0
748,229658,21,1198,886,29
749,232607,168,1176,677,271
750,232963,58,906,584,119
751,233245,29,808,543,63
752,233419,13,763,542,21
753,233585,8,765,565,0
754,233845,25,792,585,7
755,234077,14,797,569,35
756,234246,18,774,548,48
757,234406,11,742,553,9
758,234561,11,755,568,9
759,234710,9,754,574,1
760,234873,12,759,562,19
761,235035,20,764,576,10
762,235314,25,770,581,10
763,235500,9,784,602,0
764,235671,12,789,585,25
765,235826,10,773,593,1
766,236215,21,790,546,69
767,236383,14,744,544,26
768,236626,22,725,540,11
769,236856,11,721,529,15
770,236999,8,718,540,0
771,237146,9,734,552,3
772,237299,10,737,551,6
773,237465,13,763,560,26
774,237633,12,761,578,7
775,237787,11,781,595,12
776,238068,26,788,593,20
777,238329,16,791,596,27
778,238489,10,789,609,8
779,238650,11,804,627,8
780,238805,13,805,627,8
781,238985,11,807,627,8
782,239131,11,813,639,5
783,239281,10,822,649,4
784,239903,27,835,655,11
785,240212,9,844,674,0
786,240363,10,850,680,0
787,240521,10,866,696,0
788,240685,9,870,700,0
789,240827,9,892,722,0
790,240979,9,908,737,0
791,241161,35,926,755,0
792,241509,25,936,765,0
793,241782,11,962,791,0
794,241942,10,969,795,0
795,242108,12,976,802,0
796,242254,12,986,811,1
797,242426,28,1008,827,8
798,242599,16,1011,835,2
799,242881,32,1021,838,12
800,243142,31,1014,824,20
801,243304,15,1005,811,16
802,243836,18,1008,801,32
803,243969,15,984,801,8
804,244132,15,993,797,16
805,244583,105,987,794,10
806,245032,33,983,761,26
807,245275,23,967,765,3
808,245519,25,982,780,3
809,245788,46,992,780,12
810,246305,61,1000,765,43
811,246582,30,979,767,23
812,246879,29,968,773,6
813,247172,30,967,764,12
814,247515,47,967,756,13
815,247826,25,975,752,18
816,247975,14,960,741,14
817,248132,17,957,745,7
818,248389,15,962,747,8
819,248955,37,962,735,15
820,249262,17,965,730,20
821,249562,20,952,684,49
822,249704,12,914,691,2
823,249860,12,924,696,5
824,250006,9,924,701,0
825,250170,12,941,714,1
826,250470,52,948,720,4
827,250821,14,947,715,10
828,250981,10,938,716,0
829,251151,14,956,728,8
830,251295,15,957,726,11
831,251468,12,957,734,4
832,251626,10,977,758,0
833,251954,34,991,758,17
834,252258,32,1001,756,20
835,252432,14,1002,768,6
836,253008,436,1010,777,1
837,253173,16,1024,780,11
838,253430,30,1030,791,2
839,253654,11,1035,798,0
840,253799,17,1047,807,1
841,254030,67,1068,823,3
842,254248,12,1077,835,0
843,254392,11,1088,846,0
844,254550,13,1104,860,3
845,254803,36,1113,862,10
846,255223,98,1111,859,12
847,255408,16,1108,863,3
848,255570,19,1132,886,4
849,255688,12,1147,903,2
850,255844,14,1153,908,2
851,256004,19,1160,914,1
852,256235,34,1168,922,1
853,256621,32,1179,928,7
854,259310,58,1182,846,81
855,259497,18,1116,843,11
856,259653,16,1118,851,6
857,259832,14,1127,862,3
858,259984,12,1149,886,0
859,260140,11,1156,893,0
860,260303,11,1171,906,0
861,260858,45,1176,911,0
862,261222,21,1194,929,0
863,261482,11,1213,948,0
864,261660,12,1230,965,0
865,261935,12,1246,981,0
866,262111,15,1252,982,8
867,262414,47,1260,958,43
868,262651,17,1226,958,10
869,262809,18,1242,964,21
870,263093,23,1229,924,43
871,263500,29,1211,868,88
872,263784,49,1133,835,49
873,263997,22,1096,816,27
874,264296,23,1087,785,61
875,264474,21,1041,760,41
876,264664,21,1015,750,31
877,264841,19,1006,740,36
878,265155,50,975,684,76
879,265549,20,920,656,54
880,265718,12,883,667,4
881,265936,14,889,664,22
882,266085,10,875,671,0
883,266252,17,896,665,29
884,266438,17,875,657,9
885,266838,32,879,644,23
886,267112,20,867,629,29
887,267585,310,867,637,25
888,267899,26,856,581,81
889,268103,30,780,574,12
890,268391,19,790,570,31
891,268561,17,768,552,25
892,268742,14,759,557,10
893,269044,11,754,551,9
894,269214,16,753,541,19
895,269440,25,748,553,3
896,269716,22,752,555,6
897,269872,11,774,578,5
898,270147,17,802,602,8
899,270290,13,803,606,4
900,270462,14,818,615,11
901,270610,10,818,625,1
902,270837,33,826,613,22
903,271105,31,818,600,27
904,271445,13,805,607,7
905,271894,15,802,590,19
906,272055,15,805,594,14
907,272270,31,800,583,25
908,272647,19,789,577,10
909,272794,11,791,588,2
910,272956,11,805,596,3
911,273106,11,807,587,12
912,273254,13,809,594,8
913,273413,9,831,623,0
914,273742,34,836,627,1
915,274131,35,848,620,23
916,274313,13,841,631,3
917,274481,17,843,632,3
918,274765,21,858,649,2
919,274961,14,873,660,8
920,275127,13,874,663,9
921,275382,24,874,664,11
922,276034,27,880,656,25
923,279346,41,864,573,87
924,279536,11,815,601,4
925,279697,11,834,619,2
926,279859,12,849,627,8
927,280017,12,850,632,5
928,280294,39,854,627,19
929,280598,31,860,650,4
930,280782,12,863,651,5
931,280932,11,868,656,5
932,281108,13,871,654,8
933,281402,15,881,652,20
934,281563,14,878,661,10
935,281803,30,871,658,7
936,282074,31,872,649,19
937,282265,15,864,651,6
938,282583,14,878,654,21
939,282732,10,865,662,0
940,283114,9,872,667,0
941,283484,41,881,661,15
942,283758,12,892,676,8
943,283888,12,901,685,6
944,284050,12,904,687,3
945,284217,12,935,719,1
946,284389,15,946,722,12
947,284612,28,957,730,6
948,284951,29,959,734,4
949,285151,14,984,758,5
950,285320,12,987,765,1
951,285495,14,1007,776,9
952,285647,15,1020,791,7
953,286008,30,1022,785,8
954,286398,49,1026,790,7
955,286743,31,1028,790,8
956,287025,21,1033,802,0
957,287924,634,1046,815,0
958,288215,25,1052,821,0
959,288391,11,1067,832,0
960,288544,14,1074,839,0
961,288704,10,1085,850,0
962,288866,13,1102,866,0
963,289025,12,1109,873,0
964,289187,14,1127,891,0
965,289498,41,1158,902,13
966,289741,17,1153,899,12
967,289911,17,1152,896,16
968,290077,19,1149,900,9
969,290266,17,1151,895,21
970,290480,24,1144,858,61
971,290660,15,1099,863,10
972,290956,31,1109,868,17
973,291249,19,1116,861,23
974,291692,289,1108,854,24
975,291871,20,1088,823,41
976,292044,19,1069,821,28
977,292260,37,1048,806,17
978,292576,39,1044,803,22
979,292789,27,1037,757,76
980,292949,14,991,776,11
981,293125,20,988,764,22
982,293289,13,993,782,7
983,293476,14,997,791,3
984,293729,38,999,765,32
985,294071,41,974,742,33
986,294254,15,959,753,7
987,294424,16,967,757,14
988,294614,16,972,764,16
989,294795,17,978,753,27
990,294982,18,968,744,32
991,297574,2363,950,748,13
992,297918,44,962,596,185
993,298080,12,787,598,6
994,298240,12,809,619,3
995,298409,16,816,612,24
996,298579,14,812,614,14
997,298748,14,801,598,16
998,299004,38,802,592,21
999,299338,38,798,587,23
1000,299523,11,782,589,6
1001,299663,14,793,588,24
1002,299817,11,773,589,3
1003,299965,15,774,574,22
1004,300133,11,775,583,8
