tick,timestamp,query_runtime,trav_index_nodes,trav_vol_nodes,trav_unprod_nodes
0,1058,8,6,6,0
1,1434,6,11,11,0
2,1793,1,12,12,0
3,2055,1,15,15,0
4,2279,6,30,30,0
5,2538,7,35,35,0
6,2784,6,50,50,0
7,3077,3,51,51,0
8,3322,5,51,51,0
9,3530,3,53,53,0
10,3731,2,63,63,0
11,3945,11,66,66,0
12,6246,2,71,71,0
13,6457,1,71,71,0
14,6650,2,82,82,0
15,6851,2,86,86,0
16,7027,2,97,97,0
17,7231,3,108,108,0
18,7472,2,111,111,0
19,7694,8,118,118,0
20,7852,2,120,120,0
21,8051,2,121,121,0
22,8227,2,123,123,0
23,8446,4,128,128,0
24,8664,4,131,131,0
25,9117,16,134,134,0
26,9422,3,140,140,0
27,9556,3,149,149,0
28,9761,3,149,149,0
29,9916,3,153,153,0
30,10062,2,159,159,0
31,10234,3,161,161,0
32,10407,3,163,163,0
33,10586,3,167,167,0
34,10968,13,174,174,0
35,11147,2,178,178,0
36,11297,3,187,187,0
37,11468,5,190,190,0
38,11653,14,192,192,0
39,11920,3,195,195,0
40,12168,10,198,198,0
41,12423,12,204,204,0
42,12643,14,210,210,0
43,12855,9,210,210,0
44,13072,11,211,211,0
45,13333,30,223,223,0
46,13604,7,223,223,0
47,13799,10,228,228,0
48,14027,4,245,245,0
49,14345,12,245,245,0
50,14856,71,245,245,0
51,15228,36,249,249,0
52,15502,10,257,257,0
53,16789,3,261,261,0
54,16978,4,261,261,0
55,17167,4,268,268,0
56,17378,3,268,268,0
57,17560,10,271,271,0
58,17775,13,276,276,0
59,18008,8,277,277,0
60,18165,12,279,279,0
61,18320,3,280,280,0
62,18502,3,280,280,0
63,18668,10,289,289,0
64,18827,9,292,292,0
65,19012,11,293,293,0
66,19252,9,297,297,0
67,19370,4,311,311,0
68,19527,9,325,325,0
69,19651,7,330,330,0
70,19795,10,335,335,0
71,19936,9,345,345,0
72,20089,11,365,365,0
73,20296,11,370,370,0
74,20524,4,376,376,0
75,20679,13,376,376,0
76,20850,4,386,386,0
77,21003,4,388,388,0
78,21164,8,393,393,0
79,21326,4,396,396,0
80,21519,11,396,396,0
81,21757,5,404,404,0
82,21935,7,407,407,0
83,22086,4,409,409,0
84,22264,13,411,411,0
85,22432,8,419,419,0
86,22607,9,436,436,0
87,22800,8,439,439,0
88,23044,9,448,448,0
89,23199,11,453,453,0
90,23340,6,456,456,0
91,23484,5,460,460,0
92,23670,11,464,464,0
93,23851,10,467,467,0
94,24383,393,474,474,0
95,24659,19,481,481,0
96,24816,11,489,489,0
97,24956,7,489,489,0
98,25140,9,493,493,0
99,25303,12,504,504,0
100,25496,9,505,505,0
101,25646,9,507,507,0
102,25855,25,508,508,0
103,26034,10,512,512,0
104,26199,11,519,519,0
105,26342,11,524,524,0
106,26490,4,526,526,0
107,26607,5,528,528,0
108,26755,5,530,530,0
109,26891,12,532,532,0
110,27060,15,533,533,0
111,27233,13,538,538,0
112,27381,13,540,540,0
113,27505,9,554,554,0
114,27650,13,555,555,0
115,27782,9,559,559,0
116,27922,6,560,560,0
117,28046,13,574,574,0
118,28239,16,574,574,0
119,28447,18,582,582,0
120,28603,12,583,583,0
121,28740,9,594,594,0
122,28862,13,603,603,0
123,29009,9,603,603,0
124,29145,12,603,603,0
125,29285,9,604,604,0
126,29432,10,604,604,0
127,29613,7,608,608,0
128,29882,20,611,611,0
129,30090,13,613,613,0
130,30227,14,623,623,0
131,30392,19,626,618,0
132,30528,19,627,613,2
133,30669,15,626,610,1
134,30820,20,628,596,7
135,31308,35,627,555,23
136,31490,16,608,539,12
137,31628,13,606,548,1
138,31794,23,605,528,14
139,31937,19,593,524,4
140,32073,19,598,516,7
141,32220,19,603,513,8
142,32362,13,607,521,0
143,32577,30,612,508,16
144,32745,19,596,495,6
145,32884,19,594,488,7
146,32997,13,589,490,0
147,33137,17,592,484,4
148,33272,22,588,472,6
149,33419,18,594,480,2
150,33545,18,593,480,1
151,33679,19,595,479,3
152,33893,44,605,464,28
153,34055,13,578,463,0
154,34187,10,586,471,0
155,34334,11,592,477,0
156,34462,6,594,479,0
157,34603,13,594,479,0
158,34740,5,596,481,0
159,34862,12,598,483,0
160,34998,23,601,486,0
161,35209,22,606,491,0
162,35374,6,607,492,0
163,35482,10,632,517,0
164,35615,13,640,525,0
165,35750,13,648,533,0
166,35875,11,650,535,0
167,36025,17,652,535,2
168,36175,19,659,540,3
169,36303,21,658,536,5
170,36501,35,665,531,16
171,36670,21,652,527,5
172,36811,19,652,520,10
173,36967,21,647,515,13
174,37097,24,637,511,8
175,37689,470,630,508,2
176,37911,30,632,497,7
177,38073,38,639,503,8
178,38215,21,639,499,17
179,38334,9,623,498,0
180,38463,12,626,501,0
181,38586,17,641,513,2
182,38781,21,644,508,9
183,38953,26,636,507,2
184,39145,25,652,513,5
185,39285,17,651,504,11
186,39450,20,642,497,5
187,39600,22,640,492,8
188,39709,13,633,493,0
189,39856,19,635,489,10
190,39993,16,629,492,3
191,40112,17,629,491,3
192,40297,27,631,493,3
193,40487,29,642,491,17
194,40615,15,633,495,3
195,40740,17,652,512,4
196,40855,10,649,513,0
197,40979,18,650,512,1
198,41156,31,659,522,0
199,41320,20,656,511,4
200,41455,23,656,497,16
201,41625,22,640,495,2
202,41818,16,647,504,0
203,41955,21,650,502,7
204,42098,15,643,500,3
205,42224,8,640,500,0
206,42358,15,640,499,1
207,42507,17,652,509,3
208,42660,18,650,505,6
209,42846,33,645,503,4
210,43046,24,642,503,1
211,43237,29,654,508,7
212,43362,14,648,509,0
213,43480,19,661,512,7
214,43616,15,670,526,1
215,43735,18,673,528,2
216,44602,752,683,528,11
217,44819,32,681,525,7
218,44958,15,679,530,0
219,45077,14,683,534,0
220,45203,24,715,559,8
221,45369,16,717,567,4
222,45526,11,717,570,0
223,45659,14,720,571,0
224,45801,15,725,575,0
225,45962,22,727,577,0
226,46163,22,731,581,0
227,46351,17,734,584,0
228,46469,13,735,585,0
229,46574,12,741,591,0
230,46698,16,745,589,4
231,46822,19,746,588,6
232,46950,7,741,584,0
233,47074,20,746,579,9
234,47183,10,738,580,0
235,47438,34,744,581,1
236,47596,20,743,575,6
237,47754,18,739,574,1
238,47880,19,744,573,8
239,47996,16,745,581,1
240,48118,19,754,587,4
241,48251,12,755,592,0
242,48432,34,759,586,6
243,48567,26,766,591,5
244,48776,20,761,591,0
245,48934,8,762,591,0
246,49053,15,768,595,0
247,49200,14,770,596,1
248,49348,23,778,603,1
249,49477,14,788,611,2
250,49615,19,795,616,4
251,49755,12,803,628,0
252,49885,20,805,627,5
253,50067,29,811,636,4
254,50261,33,818,645,2
255,50374,15,819,647,0
256,50519,27,821,647,4
257,51640,70,833,558,119
258,51783,21,720,557,10
259,51927,16,713,551,12
260,52057,23,716,550,17
261,52200,22,703,548,2
262,52327,16,710,550,1
263,52449,11,714,555,0
264,52595,20,718,549,7
265,52804,39,714,529,26
266,52985,19,690,529,3
267,53125,24,693,517,19
268,53242,6,686,529,0
269,53341,12,690,525,7
270,53449,10,695,525,15
271,53626,9,682,522,4
272,53729,9,683,518,8
273,53837,9,675,509,9
274,53983,14,674,517,0
275,54174,23,675,518,0
276,54333,11,676,519,0
277,54442,9,679,514,9
278,54533,11,670,507,9
279,54651,26,667,512,0
280,54799,13,668,488,29
281,54921,16,644,483,11
282,55038,14,642,482,8
283,55138,11,644,485,8
284,55233,7,639,488,0
285,55435,41,641,482,10
286,55670,35,637,479,7
287,55870,28,635,477,8
288,56065,29,632,471,10
289,56253,20,623,469,3
290,56438,30,620,452,19
291,56621,36,602,443,11
292,56878,40,592,425,19
293,57091,22,576,420,6
294,57252,21,572,419,5
295,57391,12,572,424,0
296,59189,1687,574,413,13
297,59398,53,566,324,106
298,59523,11,462,326,0
299,59667,16,477,335,10
300,59797,10,468,335,0
301,59895,11,486,350,0
302,60063,20,494,356,1
303,60176,11,499,355,9
304,60881,17,490,309,56
305,60969,6,450,320,2
306,61079,8,466,336,0
307,61218,4,473,342,0
308,61325,5,483,352,0
309,61397,5,487,354,1
310,61511,16,486,346,8
311,61847,8,495,355,9
312,61918,6,480,349,3
313,62012,7,483,345,11
314,62094,14,480,343,10
315,62168,5,473,343,0
316,62234,4,481,351,0
317,62293,6,488,357,1
318,62377,10,488,350,8
319,62457,5,489,359,0
320,62539,13,500,368,3
321,62628,7,501,370,2
322,62774,15,505,365,11
323,62899,16,499,361,12
324,62998,7,496,367,4
325,63094,13,499,372,2
326,63199,11,499,371,3
327,63313,14,497,363,9
328,63427,8,489,356,9
329,63516,9,483,352,5
330,63600,5,480,354,0
331,63708,5,480,354,0
332,63779,6,484,355,1
333,63852,5,496,366,0
334,63929,4,507,374,0
335,64050,10,527,390,0
336,64180,17,532,389,5
337,64298,13,536,396,3
338,64388,8,540,396,10
339,65203,750,530,396,0
340,65288,11,532,374,26
341,65494,24,509,370,7
342,65619,8,505,372,1
343,65710,5,505,371,0
344,65805,6,509,375,0
345,65886,7,519,382,3
346,65962,7,526,389,5
347,66047,5,523,391,0
348,66137,6,529,397,0
349,66246,8,534,398,4
350,66338,9,532,400,0
351,66428,8,532,396,4
352,66507,10,538,406,0
353,66622,11,549,417,0
354,66859,23,550,417,1
355,67023,15,551,415,8
356,67128,11,550,421,1
357,67234,12,559,428,9
358,67323,5,553,431,0
359,67419,9,564,442,0
360,67532,6,572,450,0
361,67639,10,577,454,0
362,67861,18,592,467,2
363,68193,63,592,466,3
364,68618,31,589,456,11
365,68744,11,580,455,4
366,68850,6,587,465,0
367,68961,15,592,470,0
368,69079,13,606,477,5
369,69201,13,602,475,2
370,69323,8,607,482,0
371,69441,12,617,481,9
372,69579,18,612,483,2
373,69747,32,612,478,5
374,69937,12,608,477,0
375,70099,10,614,480,2
376,70249,18,632,495,3
377,70374,11,640,493,14
378,70470,10,632,495,7
379,70559,6,626,496,0
380,70648,8,639,509,0
381,71192,22,643,502,9
382,71334,25,646,513,0
383,71446,7,657,521,0
384,71512,7,660,523,0
385,71609,7,672,535,0
386,71678,7,680,543,0
387,71778,12,681,544,0
388,71869,10,704,566,2
389,71953,8,705,568,0
390,72078,9,723,585,0
391,72161,7,725,587,0
392,72245,8,733,593,2
393,72327,7,731,593,0
394,72413,9,739,598,3
395,72591,23,747,606,4
396,72710,21,745,604,3
397,72829,8,748,609,2
398,72917,7,748,611,0
399,73014,9,751,613,1
400,73077,13,758,621,0
401,73209,14,758,617,5
402,73286,9,763,625,1
403,73388,9,765,627,1
404,73506,15,768,627,3
405,73589,10,767,627,2
406,73660,9,779,637,2
407,73734,8,787,647,0
408,73831,27,788,639,9
409,73974,16,781,638,0
410,74090,17,786,643,0
411,74194,8,792,649,0
412,74274,8,795,652,0
413,74363,7,804,661,0
414,74444,7,805,662,0
415,74511,9,819,676,0
416,74573,8,820,677,0
417,74664,10,831,685,2
418,74744,10,840,696,0
419,74844,8,841,697,0
420,74909,9,842,698,0
421,74987,10,843,690,8
422,75534,30,841,684,10
423,75678,28,836,682,3
424,75809,23,833,676,6
425,75888,8,844,693,0
426,75979,8,855,704,0
427,76058,11,872,718,3
428,76140,12,873,720,3
429,76199,8,874,724,0
430,76280,8,885,729,0
431,76368,10,892,731,3
432,76467,11,893,733,2
433,76544,8,905,746,0
434,76640,11,907,746,2
435,76744,9,907,746,1
436,76824,11,911,746,5
437,76942,20,915,754,0
438,77053,17,931,769,0
439,77178,13,934,771,1
440,77246,8,933,771,0
441,77330,9,936,774,0
442,77406,8,944,782,0
443,77530,22,950,787,1
444,77656,21,955,791,3
445,77765,12,962,799,1
446,77855,9,964,801,0
447,77933,12,974,809,1
448,78035,26,976,809,3
449,78142,12,976,808,2
450,78293,24,981,813,2
451,78406,27,979,806,6
452,78516,21,975,803,6
453,78609,13,972,803,3
454,78663,12,969,801,0
455,78728,9,987,819,0
456,78804,11,991,822,1
457,78881,9,992,820,0
458,78951,14,1001,818,7
459,79036,13,997,812,10
460,79383,288,997,813,8
461,79476,13,991,806,3
462,79658,52,998,810,8
463,79819,31,995,803,11
464,79964,31,995,808,9
465,80070,9,1010,829,0
466,80160,13,1010,826,4
467,80247,14,1008,828,0
468,80342,12,1009,828,1
469,80429,12,1009,823,3
470,80516,11,1014,830,1
471,80577,12,1014,829,2
472,80681,16,1013,830,0
473,80809,17,1019,836,0
474,80904,10,1019,836,0
475,81031,27,1028,845,0
476,81220,36,1037,854,0
477,81396,15,1042,859,0
478,81481,13,1054,864,9
479,81608,36,1048,849,17
480,81715,23,1031,848,5
481,81890,16,1030,821,35
482,81995,27,996,806,20
483,82126,30,980,785,31
484,82248,25,951,776,14
485,82357,20,946,775,10
486,82562,45,938,743,36
487,82910,116,913,734,12
488,83100,35,905,716,23
489,83245,22,891,722,4
490,83352,16,906,724,17
491,83448,17,902,705,30
492,83523,11,879,705,8
493,83611,8,872,705,0
494,83691,12,875,699,9
495,83798,17,870,690,11
496,84010,58,866,674,18
497,84548,35,868,652,46
498,84641,14,827,644,16
499,84736,19,814,646,2
500,84881,31,819,634,28
501,85068,65,792,631,4
502,85195,23,790,617,14
503,85329,15,774,615,0
504,85474,18,777,617,0
505,85652,36,781,606,16
506,85843,43,775,600,23
507,85974,15,762,607,1
508,86124,56,777,612,12
509,86304,19,772,606,8
510,86463,23,774,611,5
511,86593,24,770,588,26
512,86715,18,749,593,0
513,86826,17,751,592,3
514,86991,38,757,595,6
515,87191,38,755,597,1
516,87364,24,763,592,12
517,87543,53,759,592,6
518,87685,13,756,595,0
519,87819,15,759,598,0
520,87934,13,764,603,0
521,88059,11,769,608,0
522,88172,14,784,622,0
523,88417,20,791,629,0
524,88605,20,791,629,0
525,88723,21,792,630,0
526,88840,17,794,632,0
527,88970,17,800,636,0
528,89093,15,808,644,0
529,89230,17,815,649,2
530,89354,16,816,651,0
531,89533,22,817,639,18
532,89662,28,801,623,19
533,89797,24,785,622,1
534,89880,12,785,616,9
535,89973,11,789,626,3
536,90552,53,787,594,37
537,90685,21,756,600,0
538,90800,14,757,601,0
539,90978,38,759,576,27
540,91136,25,742,570,18
541,91255,21,731,575,2
542,91361,19,730,559,18
543,91491,21,725,566,10
544,91692,22,720,567,1
545,91814,14,721,569,0
546,91937,20,733,575,3
547,92068,20,732,562,21
548,92226,35,712,548,15
549,92418,36,704,545,16
550,92536,21,695,545,4
551,92664,32,694,538,11
552,92819,20,684,533,4
553,92945,22,692,538,7
554,93058,17,691,541,2
555,93153,9,695,541,7
556,93221,10,701,553,1
557,93283,9,700,551,2
558,93359,9,698,547,4
559,93496,32,697,544,3
560,93642,25,701,538,11
561,93835,22,692,532,8
562,93954,20,692,531,12
563,94061,8,690,538,0
564,94158,10,696,535,6
565,94249,8,696,539,2
566,94331,9,711,551,2
567,94417,12,713,543,10
568,94510,10,709,547,2
569,94577,7,711,551,0
570,94656,9,719,559,0
571,94734,8,722,562,0
572,94897,15,728,568,0
573,95061,18,741,579,0
574,95184,16,744,582,0
575,95317,20,744,580,3
576,95840,26,751,551,37
577,96089,24,723,544,18
578,96252,40,718,532,25
579,96389,10,701,537,1
580,96458,11,717,552,2
581,96539,10,717,549,3
582,96614,8,718,550,2
583,96697,10,724,556,2
584,96784,9,722,554,3
585,96866,9,729,561,2
586,96971,16,736,569,1
587,97117,7,742,576,0
588,97200,9,743,576,1
589,97292,11,757,589,2
590,97350,8,759,593,0
591,97484,23,762,585,13
592,97687,37,761,583,17
593,97828,16,745,580,1
594,97944,7,747,583,0
595,98105,45,751,587,0
596,98288,19,769,604,0
597,98402,16,776,609,0
598,98510,11,780,613,0
599,98637,10,787,620,0
600,98758,13,792,624,0
601,98913,27,793,614,9
602,99027,20,786,614,2
603,99122,11,788,606,9
604,99212,9,792,618,1
605,99377,14,799,609,22
606,99450,9,777,605,2
607,99506,10,785,613,4
608,99578,10,786,612,3
609,99668,26,787,613,4
610,100044,16,798,613,13
611,100223,14,785,603,9
612,100595,24,787,610,6
613,100774,13,789,598,15
614,101532,25,787,598,12
615,101640,22,778,592,10
616,102352,29,770,557,40
617,102590,22,732,555,4
618,102721,20,740,563,5
619,102852,21,739,555,13
620,102975,9,740,565,3
621,103048,11,750,577,1
622,103136,11,753,578,4
623,103214,9,749,578,0
624,103314,11,751,577,6
625,103382,10,749,573,6
626,103476,9,748,576,2
627,103613,24,751,580,1
628,103803,36,766,592,4
629,103949,16,763,593,0
630,104066,18,764,589,7
631,104178,22,764,595,2
632,104311,22,764,588,11
633,104435,25,755,586,3
634,104716,50,758,582,8
635,104871,23,753,572,15
636,105043,34,741,558,15
637,105158,16,734,566,0
638,105248,8,742,571,0
639,105324,10,750,579,0
640,105392,7,775,602,0
641,105484,12,775,602,0
642,105572,10,777,602,3
643,105648,8,777,605,0
644,105773,26,785,613,0
645,105955,12,789,605,13
646,106055,16,782,606,6
647,106122,11,778,601,6
648,106289,37,779,601,7
649,106400,12,773,595,4
650,106532,20,779,600,3
651,106643,11,778,597,6
652,106708,9,775,597,2
653,106763,9,774,595,3
654,106864,19,776,596,4
655,107791,25,776,588,14
656,107919,26,767,585,5
657,108007,12,770,592,1
658,108156,9,774,595,0
659,108259,10,775,593,3
660,108360,8,774,595,0
661,108446,8,774,595,0
662,108518,8,788,607,0
663,108634,21,792,608,3
664,108805,25,792,607,5
665,108930,20,789,602,9
666,109114,39,782,595,9
667,109307,18,778,600,0
668,109400,7,780,602,0
669,109495,9,783,605,0
670,109559,7,787,609,0
671,109638,8,812,632,0
672,109734,11,816,635,3
673,109823,9,816,636,1
674,109904,13,818,633,3
675,110003,10,822,639,1
676,110067,10,822,637,4
677,110148,8,841,660,0
678,110307,16,844,661,1
679,110424,27,859,667,8
680,110559,27,854,659,14
681,110688,36,848,666,2
682,110816,14,847,646,23
683,110905,14,831,625,37
684,110977,10,804,631,4
685,111062,11,805,623,14
686,111168,10,791,618,8
687,111250,11,788,614,9
688,111461,18,783,606,8
689,111549,12,788,604,15
690,111686,17,779,610,0
691,111854,28,782,591,28
692,112011,26,756,583,9
693,113046,916,763,582,14
694,113193,30,758,527,70
695,113301,7,692,531,0
696,113406,12,698,526,12
697,113521,20,688,524,6
698,113618,20,691,532,1
699,113747,12,698,529,15
700,113813,10,689,534,1
701,113914,12,692,531,9
702,114003,9,687,534,0
703,114087,8,694,539,1
704,114176,7,699,544,0
705,114326,16,704,548,0
706,114436,11,706,550,0
707,114525,11,722,557,14
708,114625,7,720,560,0
709,114808,21,725,528,41
710,114879,10,685,527,3
711,114974,16,690,535,0
712,115093,14,695,540,0
713,115227,25,717,553,9
714,115355,24,713,546,14
715,115515,45,700,515,35
716,115677,32,667,514,5
717,115921,53,664,516,0
718,116069,20,670,515,11
719,116179,17,672,526,2
720,116309,18,677,526,5
721,116611,16,679,506,29
722,116723,10,651,502,4
723,116825,12,652,506,1
724,116922,10,656,507,6
725,117085,21,660,513,5
726,117208,9,655,504,8
727,117292,10,651,500,9
728,117374,10,643,493,12
729,117452,9,641,497,8
730,117538,9,640,498,3
731,117629,12,645,485,18
732,117717,9,643,493,4
733,120383,2593,648,408,108
734,120542,17,547,408,5
735,120638,8,563,418,9
736,120731,7,555,416,3
737,120809,8,560,422,2
738,120893,8,560,416,9
739,120998,6,572,437,0
740,121115,35,580,442,0
741,121255,8,584,443,3
742,121328,8,588,445,3
743,121409,9,607,465,2
744,121479,6,609,469,0
745,121552,6,617,477,0
746,121656,13,618,478,0
747,121812,14,620,473,8
748,121942,16,614,471,4
749,122054,7,615,475,1
750,122116,7,621,482,0
751,122240,31,627,487,0
752,122407,8,635,491,4
753,122494,8,633,488,6
754,122580,10,630,480,11
755,122727,22,624,482,6
756,122828,19,618,472,9
757,122960,19,620,474,10
758,123114,29,619,478,5
759,123278,24,615,467,15
760,123460,27,601,453,15
761,123584,13,589,454,0
762,123693,22,595,455,4
763,123858,19,596,450,10
764,123986,13,599,462,1
765,124106,18,601,459,9
766,124226,14,602,458,16
767,124407,44,593,456,8
768,124936,23,600,445,23
769,125048,17,582,446,3
770,125168,17,585,451,0
771,125230,5,591,455,0
772,125517,8,597,458,1
773,125610,7,601,463,0
774,125992,8,617,474,3
775,126073,9,619,474,4
776,126144,7,624,483,0
777,126244,12,628,486,0
778,126363,20,636,490,4
779,126467,11,635,486,6
780,126534,8,630,481,1
781,126597,9,633,484,2
782,126674,10,637,485,1
783,126729,7,646,495,0
784,126811,8,654,500,2
785,126881,8,661,507,1
786,126955,9,670,512,6
787,127037,8,664,507,5
788,127117,11,659,504,3
789,127183,7,659,506,1
790,127274,8,662,505,4
791,127368,10,663,501,12
792,127465,21,659,505,5
793,127595,13,662,513,0
794,127722,18,662,512,1
795,127821,10,662,497,16
796,127890,9,656,506,1
797,127970,9,660,510,1
798,128054,8,665,511,4
799,128131,7,669,518,0
800,128202,8,674,522,2
801,128275,10,677,525,1
802,128375,11,690,535,3
803,128450,7,697,544,0
804,128534,10,702,546,5
805,128607,7,700,549,0
806,128688,8,710,559,0
807,128763,9,724,571,2
808,128897,21,730,577,2
809,129015,17,733,580,0
810,129147,18,736,582,1
811,129225,8,741,588,0
812,129309,8,748,595,0
813,129388,10,751,595,4
814,129470,9,761,603,3
815,129841,12,759,596,7
816,129909,9,761,605,0
817,129976,8,766,610,0
818,130052,12,790,632,2
819,130127,9,788,632,0
820,130246,24,790,628,3
821,130357,22,788,626,3
822,130466,17,786,627,0
823,130529,8,792,632,0
824,130589,8,801,641,0
825,130665,9,813,650,1
826,130740,9,822,658,3
827,130806,8,831,670,0
828,130885,8,834,673,0
829,130964,8,836,675,0
830,131025,9,839,678,0
831,131108,10,848,687,0
832,131197,9,849,688,0
833,131270,9,856,695,0
834,131351,11,868,707,0
835,131433,10,868,705,1
836,131535,17,869,705,0
837,131704,36,883,716,3
838,131873,25,893,726,0
839,131961,9,896,729,0
840,132038,9,906,739,0
841,132104,9,907,740,0
842,132174,10,908,740,0
843,132261,14,921,747,11
844,132323,10,916,753,0
845,132398,9,924,759,0
846,132470,10,932,767,0
847,132544,12,935,765,5
848,132628,14,938,769,3
849,132713,12,936,764,5
850,132815,11,932,762,3
851,132891,16,940,771,2
852,133017,31,939,763,12
853,133152,28,934,761,10
854,133634,32,936,751,20
855,133733,13,930,763,2
856,133822,11,937,769,3
857,133888,11,936,771,0
858,133956,12,943,776,2
859,134014,13,946,774,5
860,134086,12,957,783,4
861,134168,12,957,786,0
862,134239,13,969,792,1
863,134301,13,970,790,6
864,134393,10,975,799,0
865,134487,13,976,799,1
866,134571,11,978,801,1
867,134652,13,978,800,1
868,134787,20,979,800,3
869,134936,31,980,800,3
870,135067,26,979,794,5
871,135174,19,974,788,3
872,135242,11,975,791,1
873,135337,10,987,804,0
874,135414,13,998,805,7
875,135496,9,991,804,0
876,135569,12,999,810,2
877,135634,12,998,803,8
878,135725,14,990,796,8
879,135806,10,982,796,0
880,135887,10,989,803,0
881,135963,11,998,812,0
882,136041,11,1001,814,0
883,136114,11,1022,831,2
884,136248,25,1032,840,2
885,136392,31,1035,842,6
886,136539,27,1036,839,10
887,136636,29,1029,834,8
888,136712,14,1029,833,12
889,136786,10,1024,840,0
890,136869,12,1030,844,2
891,137443,521,1041,851,2
892,137530,13,1053,865,0
893,137692,35,1057,869,0
894,137819,19,1061,872,1
895,137885,13,1064,867,5
896,137978,13,1061,866,3
897,138065,13,1066,865,7
898,138142,11,1077,883,0
899,138231,14,1083,886,1
900,138302,15,1086,888,1
901,138381,13,1087,885,4
902,138451,12,1083,885,0
903,138537,13,1088,880,8
904,138612,13,1081,880,1
905,138740,14,1097,895,4
906,138796,11,1103,905,0
907,138940,24,1105,906,0
908,139080,31,1109,906,4
909,139200,14,1111,911,0
910,139297,14,1122,919,3
911,139376,16,1119,915,7
912,139450,12,1117,920,0
913,139525,15,1119,919,4
914,139607,15,1127,926,6
915,139688,18,1123,923,6
916,139761,14,1129,932,1
917,139859,16,1132,931,11
918,139923,13,1121,925,0
919,140001,14,1123,921,4
920,140082,14,1120,919,2
921,140173,14,1118,913,4
922,140301,29,1114,904,7
923,140431,31,1123,917,2
924,140630,51,1124,916,4
925,140935,77,1132,868,69
926,141046,16,1065,861,10
927,143492,107,1065,681,198
928,143610,16,867,660,27
929,143696,11,850,661,9
930,143775,12,845,652,13
931,143865,14,834,642,14
932,143962,13,824,630,18
933,144035,11,808,625,8
934,144123,12,809,623,14
935,144193,9,802,630,0
936,144273,10,812,624,10
937,144379,19,807,626,4
938,144500,22,806,620,9
939,144678,34,803,611,12
940,144863,34,799,617,2
941,145103,26,810,599,32
942,145204,10,794,609,1
943,145268,8,812,628,0
944,145339,11,820,624,13
945,145425,11,810,619,10
946,145500,11,812,618,4
947,145593,12,814,617,8
948,145667,8,817,627,0
949,145747,11,822,631,1
950,145824,10,828,635,2
951,145915,8,829,638,0
952,146041,28,831,624,17
953,146250,31,818,607,22
954,146382,22,803,606,9
955,146460,10,794,606,0
956,146530,8,797,609,0
957,146613,7,803,615,0
958,146687,10,811,620,3
959,146761,8,816,628,0
960,146847,12,821,623,13
961,146933,11,812,621,7
962,147002,10,814,624,6
963,147071,8,815,629,0
964,147160,16,819,621,11
965,147569,30,814,596,32
966,147702,28,800,596,19
967,147844,26,782,568,30
968,147929,7,768,583,0
969,147989,8,790,605,0
970,148067,7,794,609,0
971,148150,8,807,619,0
972,148228,9,812,624,0
973,148394,21,820,632,0
974,148475,8,825,637,0
975,148573,12,830,642,0
976,148640,8,835,647,0
977,148707,9,844,656,0
978,148776,8,850,662,0
979,148864,26,862,674,0
980,148986,14,869,681,0
981,149114,19,872,684,0
982,149226,9,876,688,0
983,149281,9,885,697,0
984,149403,19,892,704,0
985,149552,8,894,706,0
986,149625,9,901,713,0
987,149687,9,903,715,0
988,149761,9,908,720,0
989,149827,9,913,725,0
990,149905,8,918,730,0
991,149998,9,918,730,0
992,150089,9,925,737,0
993,150174,9,928,740,0
994,150269,18,930,742,0
995,150394,20,936,748,0
996,150785,51,942,741,12
997,150855,13,933,735,9
998,150941,13,928,725,11
999,151015,9,929,737,0
1000,151083,12,936,738,10
1001,151159,12,933,744,1
1002,151234,9,933,745,0
1003,151314,14,945,738,14
1004,151683,17,932,714,30
1005,151755,13,915,725,3
1006,151884,28,912,718,7
1007,152002,26,905,717,1
1008,152103,10,906,713,5
1009,152176,10,908,715,5
1010,152262,11,913,723,2
1011,152340,9,912,724,0
1012,152429,12,920,727,7
1013,152511,12,914,725,3
1014,152588,13,914,723,10
1015,152657,13,905,721,3
1016,152731,12,906,722,3
1017,152948,13,908,709,21
1018,153037,12,897,714,3
1019,153138,25,900,718,3
1020,153249,23,904,723,1
1021,153381,25,914,733,1
1022,153467,11,916,734,1
1023,153581,13,917,724,4
1024,153660,10,925,735,0
1025,153737,11,935,744,1
1026,153822,9,936,744,0
1027,153888,16,939,745,0
1028,154067,47,943,724,23
1029,154162,9,921,725,0
1030,154231,9,927,730,0
1031,154323,13,933,735,1
1032,154443,34,932,728,9
1033,154561,24,923,726,2
1034,154684,18,924,729,0
1035,154788,10,934,739,0
1036,154864,10,937,742,0
1037,154936,13,948,746,8
1038,155004,8,946,752,0
1039,155172,68,954,740,24
1040,155296,17,930,729,12
1041,155376,10,926,736,0
1042,155937,15,935,725,17
1043,156182,18,919,715,21
1044,156509,26,903,714,5
1045,156621,13,908,717,5
1046,156686,12,905,715,6
1047,156759,12,899,714,1
1048,156825,13,898,708,5
1049,156899,18,902,714,3
1050,156979,15,901,705,10
1051,157052,15,892,694,13
1052,157132,11,881,694,2
1053,157239,14,882,679,18
1054,157375,34,864,674,6
1055,157448,11,863,678,4
1056,157511,12,874,688,6
1057,157653,28,885,693,15
1058,157789,27,889,710,2
1059,157915,13,887,695,13
1060,157997,12,879,691,6
1061,158078,11,873,685,1
1062,158151,13,880,684,12
1063,158215,12,873,680,7
1064,158289,12,866,677,3
1065,158378,28,882,683,15
1066,158560,11,870,680,7
1067,158615,8,864,680,0
1068,158677,9,868,684,0
1069,158755,9,873,686,0
1070,158821,12,885,693,5
1071,158899,13,887,697,3
1072,159030,11,889,695,5
1073,159089,11,888,695,4
1074,159228,29,897,702,7
1075,159347,26,893,698,9
1076,159456,16,887,684,24
1077,159601,43,866,687,0
1078,159768,19,867,688,0
1079,159875,11,876,696,1
1080,160349,11,878,693,4
1081,160436,20,879,694,4
1082,160576,26,894,703,8
1083,160794,36,889,688,7
1084,160897,17,897,684,19
1085,160979,13,887,686,9
1086,161048,11,885,690,6
1087,161119,9,890,700,0
1088,161216,11,896,703,4
1089,161315,17,901,705,10
1090,161386,12,901,709,6
1091,161458,11,903,717,0
1092,161536,11,916,726,4
1093,161609,9,913,726,0
1094,161677,8,920,730,0
1095,161790,20,928,735,0
1096,161919,25,934,735,6
1097,162041,24,939,731,11
1098,162167,30,935,736,2
1099,162233,11,935,734,3
1100,162309,13,934,730,7
1101,162388,9,927,729,0
1102,162486,13,934,730,4
1103,162550,10,935,733,0
1104,162622,11,939,736,2
1105,162692,11,940,736,3
1106,162755,12,957,749,6
1107,162980,23,957,745,8
1108,163059,14,958,751,3
1109,163149,10,965,756,0
1110,163296,27,974,763,3
1111,163441,31,972,764,0
1112,163576,17,975,767,0
1113,163658,12,979,768,1
1114,163747,9,983,769,0
1115,163825,15,984,762,8
1116,163892,11,985,771,0
1117,163982,18,997,769,10
1118,166606,36,993,705,63
1119,166789,26,931,694,5
1120,166879,10,928,694,1
1121,166941,10,946,705,4
1122,167101,15,948,710,0
1123,167171,9,953,715,0
1124,167250,9,955,717,0
1125,167328,8,964,722,0
1126,167424,9,981,738,0
1127,167521,11,988,743,2
1128,167599,9,987,744,0
1129,167679,8,1009,766,0
1130,167764,11,1013,770,0
1131,167823,9,1022,777,0
1132,168033,27,1034,781,6
1133,168322,45,1038,783,5
1134,168410,13,1036,774,11
1135,168483,10,1032,780,1
1136,168562,13,1034,779,5
1137,168654,12,1029,773,4
1138,168748,10,1028,776,0
1139,168814,9,1030,777,0
1140,168882,10,1030,777,0
1141,168982,13,1033,774,4
1142,169056,13,1041,780,3
1143,169141,11,1050,791,0
1144,169220,13,1058,793,3
1145,169286,11,1056,793,1
1146,169520,29,1058,789,7
1147,169669,31,1053,788,7
1148,169818,29,1060,799,5
1149,169908,12,1061,801,4
1150,169989,12,1062,805,1
1151,170079,13,1062,805,3
1152,170159,10,1060,806,0
1153,170265,13,1064,809,2
1154,170337,10,1064,811,0
1155,170745,16,1070,804,16
1156,170836,12,1060,810,0
1157,171005,35,1065,801,14
1158,171171,32,1057,791,21
1159,171248,11,1037,792,0
1160,171321,10,1053,808,0
1161,171410,11,1071,826,0
1162,171495,13,1074,829,0
1163,171646,55,1082,837,0
1164,171789,9,1082,837,0
1165,171891,12,1086,841,0
1166,171975,11,1094,846,0
1167,172067,12,1103,854,0
1168,172151,14,1112,863,0
1169,172315,26,1116,867,0
1170,172447,22,1116,867,0
1171,172543,10,1117,868,0
1172,172634,12,1121,872,0
1173,172720,12,1123,874,0
1174,172910,23,1126,877,0
1175,172980,11,1128,878,0
1176,173060,11,1134,884,0
1177,173138,12,1134,884,0
1178,173234,11,1134,884,0
1179,173315,12,1146,896,0
1180,173401,12,1153,903,0
1181,173481,11,1158,908,0
1182,173654,42,1159,887,25
1183,173797,43,1148,880,21
1184,173918,33,1131,865,20
1185,174190,28,1118,817,59
1186,174280,19,1063,796,39
1187,174382,14,1030,789,10
1188,174472,15,1028,783,21
1189,174569,16,1014,782,6
1190,174946,296,1017,777,17
1191,175092,26,1006,772,19
1192,175320,25,992,735,32
1193,175389,13,968,733,9
1194,175472,16,960,711,24
1195,175561,15,942,696,20
1196,175637,12,929,692,7
1197,175703,10,933,703,0
1198,175776,13,940,707,3
1199,175874,15,944,697,16
1200,175962,12,933,700,2
1201,176062,12,940,701,9
1202,176163,14,937,697,9
1203,176246,12,940,705,3
1204,176417,45,939,695,14
1205,176583,41,931,675,32
1206,176745,38,904,662,25
1207,176866,15,884,650,19
1208,176941,13,869,645,11
1209,177019,13,862,643,12
1210,177113,14,860,641,15
1211,177201,12,850,642,4
1212,177274,10,849,644,1
1213,177362,13,861,650,10
1214,177555,50,863,662,0
1215,177676,13,863,657,5
1216,177744,12,864,660,3
1217,177889,20,866,665,0
1218,178049,31,878,662,11
1219,178173,14,869,655,7
1220,178282,18,864,633,26
1221,178351,10,842,637,0
1222,178429,10,846,638,3
1223,178524,12,845,637,6
1224,178711,56,843,594,49
1225,178803,12,801,591,7
1226,178882,10,797,593,1
1227,179358,31,800,572,24
1228,179493,28,792,588,0
1229,179647,22,802,574,25
1230,179840,69,790,558,30
1231,179942,11,768,563,3
1232,180011,9,780,578,0
1233,180086,8,797,595,0
1234,180201,27,802,592,11
1235,180323,25,806,598,9
1236,180432,22,804,603,3
1237,180547,12,806,607,0
1238,180712,36,809,606,3
1239,180956,71,813,599,15
1240,181188,38,799,591,8
1241,181310,20,794,584,9
1242,181419,20,791,582,8
1243,181532,17,796,595,0
1244,181630,15,801,600,0
1245,181745,20,804,600,3
1246,181859,21,805,593,13
1247,181991,17,800,598,3
1248,182129,21,797,590,12
1249,182300,35,791,591,4
1250,182424,24,789,586,7
1251,182540,14,791,574,22
1252,182632,13,771,568,9
1253,182706,10,768,572,1
1254,182780,11,772,568,12
1255,182845,7,772,578,0
1256,182901,10,777,583,0
1257,182962,8,778,584,0
1258,183040,10,787,590,3
1259,183200,51,793,594,8
1260,183286,11,787,593,1
1261,183378,11,790,592,6
1262,183447,11,786,593,1
1263,183564,24,795,601,4
1264,183703,28,804,605,8
1265,184376,33,796,582,25
1266,184488,11,776,583,5
1267,184579,11,773,580,5
1268,184645,11,770,577,5
1269,184732,12,766,575,4
1270,184801,10,769,581,1
1271,184880,8,770,583,0
1272,184952,11,779,588,5
1273,185031,15,777,572,24
1274,185116,13,758,562,17
1275,185191,8,745,564,0
1276,185281,10,750,562,6
1277,185373,10,754,569,1
1278,185463,12,755,571,0
1279,185597,27,759,575,0
1280,185820,31,769,581,0
1281,185988,37,773,577,9
1282,186135,18,768,579,1
1283,186244,21,779,588,3
1284,186364,13,792,604,0
1285,186500,23,803,610,12
1286,186629,16,792,602,8
1287,186758,22,785,600,2
1288,186902,35,795,609,2
1289,187318,33,795,592,18
1290,187757,24,791,593,12
1291,188030,34,781,579,14
1292,188437,18,779,556,38
1293,188529,12,742,557,0
1294,188676,29,753,563,4
1295,188773,12,755,563,6
1296,188857,12,754,563,11
1297,188945,8,753,573,0
1298,189025,10,754,570,3
1299,189105,12,757,566,7
1300,189187,14,751,566,0
1301,189277,10,756,571,0
1302,189361,10,760,574,3
1303,189450,8,760,575,0
1304,192492,2959,768,530,46
1305,192612,27,724,500,21
1306,192749,17,709,505,5
1307,192849,10,705,503,7
1308,192930,8,705,509,0
1309,192990,9,713,517,0
1310,193075,8,715,514,0
1311,193145,9,716,511,3
1312,193206,8,720,516,0
1313,193271,8,733,529,0
1314,193347,8,750,545,0
1315,193420,9,753,545,3
1316,193496,9,754,549,0
1317,193572,11,757,548,6
1318,193672,13,765,561,1
1319,193767,11,766,562,2
1320,193887,26,767,559,9
1321,194007,24,773,567,3
1322,194122,24,779,574,3
1323,194245,8,784,582,0
1324,194330,8,792,590,0
1325,194404,9,799,597,0
1326,194495,8,809,607,0
1327,194559,7,811,609,0
1328,194648,8,819,617,0
1329,194724,8,824,621,0
1330,194795,8,825,622,0
1331,194860,9,836,633,0
1332,194942,9,846,643,0
1333,195008,9,849,646,0
1334,195089,9,851,648,0
1335,195170,7,852,649,0
1336,195274,34,858,654,0
1337,195447,16,863,658,0
1338,195577,17,871,666,0
1339,195695,19,881,676,0
1340,195789,8,883,678,0
1341,195856,9,884,679,0
1342,195932,9,888,682,0
1343,196013,8,900,694,0
1344,196335,9,900,694,0
1345,196402,9,902,696,0
1346,196483,12,905,699,0
1347,196573,10,919,711,1
1348,196633,12,918,709,2
1349,196708,12,922,713,2
1350,196831,22,922,715,0
1351,196981,34,924,707,10
1352,197093,12,916,708,1
1353,197167,10,916,708,0
1354,197250,12,919,707,4
1355,197334,14,916,705,7
1356,197422,11,913,708,1
1357,197500,13,916,710,3
1358,197572,9,913,710,0
1359,197654,12,915,705,8
1360,197742,14,907,703,2
1361,197816,13,907,702,3
1362,197892,13,905,697,6
1363,197961,10,908,706,0
1364,198034,11,924,719,2
1365,198154,24,922,717,3
1366,198326,33,922,720,0
1367,198488,33,923,713,8
1368,198574,13,926,719,7
1369,198668,15,931,722,6
1370,198739,11,928,724,0
1371,198819,10,938,734,0
1372,198888,13,940,732,4
1373,198953,11,942,738,0
1374,199036,13,942,736,4
1375,199128,14,945,731,11
1376,199196,13,939,735,1
1377,199268,10,938,734,0
1378,199361,16,939,734,1
1379,199434,10,945,741,0
1380,199525,13,947,740,3
1381,199666,28,952,746,1
1382,200125,37,955,736,13
1383,200244,28,950,742,3
1384,200371,21,955,747,1
1385,200486,12,956,749,0
1386,200578,11,961,754,0
1387,200684,21,979,772,0
1388,200849,40,990,735,59
1389,201008,33,938,715,32
1390,201158,32,911,693,28
1391,201319,46,886,683,14
1392,201515,46,874,653,33
1393,201712,36,843,643,12
1394,201830,21,832,643,3
1395,201981,29,830,603,47
1396,202051,13,787,605,0
1397,202139,9,789,604,0
1398,202221,11,801,613,3
1399,202303,8,807,619,0
1400,202433,20,813,622,1
1401,202515,11,814,619,7
1402,202596,13,823,614,18
1403,202682,14,822,610,22
1404,202860,33,807,608,8
1405,203016,30,803,603,9
1406,203129,16,804,590,26
1407,203227,15,783,579,17
1408,203303,8,778,589,0
1409,203410,13,781,583,9
1410,203490,10,773,583,1
1411,203590,18,774,579,9
1412,203677,9,768,582,0
1413,203758,9,771,585,0
1414,203844,10,771,584,1
1415,203922,14,775,577,13
1416,204009,13,781,589,7
1417,204167,25,783,598,0
1418,204349,31,789,587,22
1419,204872,33,783,576,41
1420,204968,9,749,583,0
1421,205069,13,766,592,11
1422,205162,11,758,593,0
1423,205236,11,760,594,1
1424,205331,8,760,595,0
1425,205439,13,763,588,11
1426,205532,13,752,577,11
1427,205619,8,743,574,0
1428,205704,15,749,565,18
1429,205780,11,737,562,7
1430,205852,10,732,562,1
1431,206024,41,735,551,14
1432,206248,47,725,539,16
1433,206382,22,721,540,10
1434,206468,8,712,541,0
1435,206562,11,723,542,10
1436,206665,11,725,548,3
1437,206743,9,728,552,0
1438,206813,11,738,558,4
1439,206891,10,756,578,2
1440,206968,11,760,582,2
1441,207055,12,766,583,7
1442,207149,14,765,577,14
1443,207246,25,757,572,12
1444,207443,39,747,565,21
1445,207581,24,742,573,7
1446,207713,26,735,570,5
1447,207781,7,734,574,0
1448,207866,15,736,564,12
1449,207945,11,728,562,7
1450,208013,11,729,561,10
1451,208089,11,722,557,8
1452,208184,8,716,558,0
1453,208277,13,729,561,13
1454,208348,9,718,563,0
1455,208454,11,720,563,1
1456,208545,12,720,550,14
1457,208617,11,719,562,3
1458,209139,34,723,546,34
1459,209271,13,707,564,0
1460,209391,9,712,569,0
1461,209575,84,715,562,10
1462,209699,11,705,552,9
1463,209777,8,705,561,0
1464,209850,7,712,568,0
1465,209949,11,713,564,2
1466,210031,11,713,549,17
1467,210113,18,699,541,12
1468,210205,10,700,552,1
1469,210279,12,713,560,6
1470,210354,11,710,556,8
1471,210473,24,718,561,11
1472,210618,23,717,563,5
1473,210886,25,718,564,5
1474,210959,8,720,570,0
1475,211039,8,725,574,0
1476,211142,11,727,568,8
1477,211231,8,721,570,0
1478,211319,10,725,569,2
1479,211395,13,726,569,4
1480,211467,11,734,577,4
1481,211541,8,739,584,0
1482,211620,11,743,579,9
1483,211695,11,734,577,1
1484,211771,9,736,579,1
1485,211876,13,738,579,0
1486,212011,20,741,579,3
1487,212119,20,738,577,0
1488,212239,11,739,576,0
1489,212335,9,746,581,0
1490,212409,8,754,588,0
1491,212480,8,759,593,0
1492,212572,15,761,580,20
1493,212654,9,745,582,0
1494,212742,10,745,578,2
1495,212810,8,746,579,0
1496,212929,53,752,578,4
1497,213560,31,751,557,22
1498,213711,27,747,567,5
1499,213791,10,750,572,3
1500,213867,11,752,573,8
1501,213949,8,744,573,0
1502,214010,8,752,578,0
1503,214199,48,757,583,0
1504,214323,9,765,591,0
1505,214397,9,769,595,0
1506,214480,14,781,596,15
1507,214551,10,766,594,2
1508,214630,12,779,608,2
1509,214708,12,787,614,5
1510,214837,26,784,609,7
1511,214969,26,783,612,2
1512,215101,25,791,611,6
1513,215202,14,790,602,15
1514,215355,59,775,596,8
1515,215449,11,779,606,2
1516,215515,9,784,610,1
1517,215599,9,784,611,0
1518,215678,14,791,618,0
1519,215752,11,800,626,5
1520,215820,9,807,636,0
1521,215905,12,813,635,8
1522,215995,9,817,647,0
1523,216087,11,824,649,5
1524,216202,25,818,640,13
1525,216347,22,808,641,0
1526,216631,57,813,631,13
1527,216730,13,804,632,6
1528,216802,11,804,633,7
1529,216886,10,800,635,0
1530,216957,9,805,640,0
1531,217027,11,807,640,2
1532,217108,9,808,643,0
1533,217207,10,818,649,3
1534,217282,8,828,659,0
1535,217810,18,828,656,0
1536,217945,22,833,660,1
1537,218077,22,835,663,0
1538,218159,10,837,664,0
1539,218238,9,839,666,0
1540,218315,9,841,668,0
1541,218375,10,850,677,0
1542,218450,23,860,683,5
1543,218530,12,858,682,4
1544,218600,11,862,690,0
1545,218741,58,872,698,2
1546,218852,13,872,686,11
1547,218927,9,861,686,0
1548,219005,11,874,689,5
1549,219075,10,869,689,0
1550,219207,24,877,697,0
1551,219345,28,884,686,15
1552,219465,18,874,688,2
1553,219583,13,879,694,4
1554,219656,9,881,700,0
1555,219733,10,892,711,0
1556,219952,45,893,712,0
1557,220037,10,902,718,0
1558,220098,10,903,719,0
1559,220187,11,903,719,0
1560,220274,9,903,719,0
1561,220364,9,914,730,0
1562,220453,9,916,732,0
1563,220597,24,917,733,0
1564,220711,23,927,743,0
1565,220816,9,936,752,0
1566,220889,10,936,752,0
1567,221027,49,952,768,0
1568,221166,11,953,769,0
1569,221239,11,959,774,0
1570,221322,11,961,776,0
1571,221395,11,969,784,0
1572,221481,11,976,791,0
1573,221561,10,980,795,0
1574,222576,39,988,794,9
1575,222708,18,991,805,0
1576,222813,12,996,809,0
1577,222896,15,1007,811,5
1578,222973,13,1004,806,6
1579,223040,13,1005,809,4
1580,223114,14,1010,816,3
1581,223313,18,1010,814,4
1582,223388,14,1015,818,4
1583,223490,18,1020,806,21
1584,223581,13,1000,807,0
1585,223648,12,1006,812,1
1586,223730,13,1011,811,4
1587,223839,29,1011,814,0
1588,223966,31,1015,812,6
1589,224093,26,1016,817,1
1590,224194,13,1015,815,1
1591,224302,37,1026,824,0
1592,224471,19,1027,806,18
1593,224556,14,1015,810,1
1594,224635,14,1024,816,4
1595,224723,22,1027,819,5
1596,224794,14,1031,824,1
1597,224874,14,1033,824,2
1598,224952,14,1037,827,3
1599,225026,15,1037,825,8
1600,225094,14,1029,824,1
1601,225208,43,1038,824,9
1602,225351,31,1037,819,4
1603,225607,75,1042,824,4
1604,225696,14,1042,823,5
1605,225768,13,1043,824,4
1606,225842,15,1040,823,2
1607,225922,13,1047,826,4
1608,225999,14,1051,829,2
1609,226088,15,1060,832,7
1610,229249,65,1067,751,93
1611,229383,20,977,746,5
1612,229469,12,986,756,3
1613,229544,12,999,765,6
1614,229729,33,1002,771,2
1615,229793,9,1004,775,0
1616,229874,10,1018,786,0
1617,229956,15,1032,800,0
1618,230034,14,1040,808,0
1619,230147,17,1041,806,3
1620,230221,10,1040,808,0
1621,230320,12,1048,814,1
1622,230421,25,1071,833,0
1623,230555,32,1071,824,14
1624,230681,30,1058,816,7
1625,230838,21,1052,769,62
1626,230932,14,1006,772,10
1627,231034,15,999,766,17
1628,231123,14,995,764,21
1629,231218,14,979,755,16
1630,231321,16,972,755,8
1631,231407,13,969,752,9
1632,231490,11,965,757,0
1633,231566,14,972,757,9
1634,231656,15,969,743,16
1635,231736,9,961,751,0
1636,231905,34,961,744,10
1637,232036,29,968,754,6
1638,232187,34,964,731,32
1639,232287,21,934,722,15
1640,232379,13,921,715,9
1641,232455,15,930,723,14
1642,232544,12,919,723,3
1643,232633,15,920,712,19
1644,232734,12,901,705,9
1645,233254,38,903,671,48
1646,233407,35,865,663,21
1647,233532,12,852,665,7
1648,233603,13,848,655,13
1649,233684,13,845,658,9
1650,233771,15,836,638,22
1651,233857,12,818,632,7
1652,233919,11,819,634,8
1653,234014,19,815,624,17
1654,234202,11,802,623,5
1655,234283,10,806,630,2
1656,234361,12,813,632,5
1657,234448,9,817,640,0
1658,234574,14,818,641,0
1659,234705,22,819,642,0
1660,234813,8,825,647,0
1661,234913,11,837,655,7
1662,234980,14,831,637,19
1663,235071,12,814,634,7
1664,235161,18,808,628,6
1665,235374,13,806,620,7
1666,235472,13,812,622,12
1667,235564,11,814,626,8
1668,235633,12,810,626,4
1669,235737,17,807,602,23
1670,235862,30,792,598,14
1671,236006,28,790,606,6
1672,236146,26,799,618,4
1673,236243,12,801,620,7
1674,236338,21,801,623,2
1675,236527,15,799,606,25
1676,236615,10,785,613,1
1677,236713,14,791,601,22
1678,236796,14,770,593,11
1679,236886,12,765,585,12
1680,236960,11,757,586,3
1681,237040,13,758,580,11
1682,237120,11,749,577,5
1683,237567,30,747,569,15
1684,237728,41,742,554,18
1685,237830,11,729,558,5
1686,237910,14,726,543,25
1687,237980,10,718,558,1
1688,238045,8,735,573,0
1689,238140,14,740,563,19
1690,238225,9,726,564,2
1691,238505,12,743,571,6
1692,238729,10,743,575,3
1693,238795,7,746,580,0
1694,238925,16,753,587,0
1695,239068,19,756,590,0
1696,239171,12,769,596,9
1697,239244,8,762,598,0
1698,239318,8,768,604,0
1699,239395,13,768,601,2
1700,239490,13,775,593,17
1701,239576,8,758,593,0
1702,239650,11,760,594,1
1703,239815,61,762,593,4
1704,239923,15,773,588,19
1705,239993,9,758,591,0
1706,240064,12,765,581,12
1707,240205,29,757,580,4
1708,240348,33,754,554,30
1709,240488,25,727,543,16
1710,240593,11,712,535,7
1711,240681,10,715,544,0
1712,240775,10,717,545,3
1713,240925,48,727,554,0
1714,241073,16,727,528,28
1715,241153,10,713,541,1
1716,241228,10,719,542,4
1717,241330,11,719,541,3
1718,241416,21,716,533,10
1719,241506,11,713,537,3
1720,241627,21,729,542,10
1721,242229,27,723,531,16
1722,242354,13,710,533,1
1723,242427,10,725,545,5
1724,242527,13,725,543,8
1725,242604,15,717,516,30
1726,242697,16,699,521,3
1727,242776,10,700,522,3
1728,242853,12,701,518,10
1729,242923,8,695,521,1
1730,242987,8,704,531,0
1731,243076,25,709,534,2
1732,243158,8,711,538,0
1733,243225,8,719,546,0
1734,243297,8,723,550,0
1735,243424,12,727,554,0
1736,243544,11,728,552,0
1737,243763,25,736,555,2
1738,244255,13,740,546,19
1739,244330,8,725,548,0
1740,244424,11,728,544,8
1741,244484,11,730,551,4
1742,244550,10,733,552,4
1743,244632,10,735,557,1
1744,244718,12,742,556,10
1745,244833,24,739,561,5
1746,244960,22,735,558,2
1747,245057,9,740,565,0
1748,245134,9,744,568,1
1749,245204,9,748,571,0
1750,245373,41,755,572,4
1751,245467,12,758,574,5
1752,245543,10,765,582,3
1753,245625,11,770,587,0
1754,245702,12,773,586,5
1755,245779,8,769,585,0
1756,245855,11,771,585,2
1757,245934,8,771,586,0
1758,246014,10,772,586,1
1759,246128,27,777,578,17
1760,246263,24,761,569,13
1761,246869,30,752,543,27
1762,246944,12,727,543,1
1763,247013,11,736,550,4
1764,247075,10,741,553,3
1765,247149,11,741,552,3
1766,247225,11,745,553,3
1767,247300,8,748,555,0
1768,247367,8,749,556,0
1769,247439,8,755,562,0
1770,247544,8,755,562,0
1771,247621,10,758,565,0
1772,247692,8,771,577,0
1773,247773,9,783,588,0
1774,247855,8,784,589,0
1775,247974,21,791,594,0
1776,248094,20,793,596,0
1777,248225,25,799,597,5
1778,248315,13,802,595,10
1779,248395,10,797,599,0
1780,248465,12,806,602,7
1781,248670,52,800,596,6
1782,248762,11,798,599,1
1783,248838,9,803,605,0
1784,248914,11,803,598,5
1785,248981,14,814,603,11
1786,249050,11,811,608,3
1787,249123,9,819,617,0
1788,249198,9,831,629,0
1789,249276,11,837,634,1
1790,249462,38,847,639,5
1791,249662,39,843,628,12
1792,249835,23,831,624,3
1793,249945,19,831,626,3
1794,250068,23,836,627,3
1795,250193,18,840,633,1
1796,250329,32,858,643,10
1797,250448,21,853,646,0
1798,250568,24,860,651,1
1799,250683,21,870,653,8
1800,251734,43,870,639,32
1801,251880,27,842,643,0
1802,252003,10,846,647,0
1803,252072,9,848,649,0
1804,252178,11,856,657,0
1805,252577,9,870,668,0
1806,252645,14,877,669,4
1807,252716,12,877,672,2
1808,252781,14,881,678,0
1809,252862,10,896,693,0
1810,252942,11,901,697,1
1811,253094,36,903,693,1
1812,253295,38,902,688,5
1813,253488,30,903,685,9
1814,253602,23,894,685,0
1815,253715,25,898,686,2
1816,253843,25,903,683,10
1817,253961,19,900,690,0
1818,254074,23,902,688,4
1819,254166,11,899,688,1
1820,254245,10,902,692,0
1821,254314,9,906,696,0
1822,254386,12,916,705,1
1823,254512,27,923,708,3
1824,254650,28,929,709,0
1825,254809,16,930,707,6
1826,254908,14,924,699,8
1827,254995,15,927,710,0
1828,255085,15,929,707,4
1829,255167,13,929,700,11
1830,255267,13,924,704,2
1831,255337,11,922,702,2
1832,255413,10,923,704,0
1833,255494,9,924,703,0
1834,255567,9,924,703,0
1835,255658,12,926,704,1
1836,255726,10,926,704,0
1837,258677,2877,929,706,1
1838,258795,28,939,705,13
1839,258920,22,926,705,0
1840,259038,11,931,710,0
1841,259122,9,942,721,0
1842,259195,13,942,715,6
1843,259266,9,937,716,0
1844,259344,12,940,718,1
1845,259425,12,940,713,3
1846,259524,11,939,713,1
1847,259589,12,947,715,2
1848,259664,9,947,717,0
1849,259747,11,948,717,1
1850,259821,10,952,716,0
1851,259911,11,954,715,1
1852,259979,11,962,723,1
1853,260127,52,970,712,19
1854,260319,33,955,706,0
1855,260504,33,960,707,8
1856,260607,11,956,707,1
1857,260689,12,967,716,3
1858,260782,17,971,708,15
1859,260872,20,959,687,24
1860,260962,15,942,683,19
1861,261038,14,928,676,16
1862,261114,15,921,674,11
1863,261200,12,912,666,9
1864,261284,15,906,652,21
1865,261375,14,887,645,10
1866,261462,13,880,639,12
1867,261556,13,869,626,20
1868,261712,34,853,610,24
1869,261865,32,832,590,31
1870,261991,13,815,596,10
1871,262099,19,814,604,1
1872,262221,16,824,609,0
1873,262374,30,832,606,13
1874,262772,37,826,561,59
1875,262894,24,768,559,4
1876,263045,30,773,565,0
1877,263244,38,784,574,1
1878,263402,39,792,551,39
1879,263512,15,756,554,0
1880,263648,21,759,548,9
1881,263790,23,751,534,17
1882,263941,24,734,525,8
1883,264081,19,736,529,8
1884,264160,11,735,536,0
1885,264230,12,736,530,9
1886,264321,20,728,531,0
1887,264477,27,728,511,20
1888,264583,10,716,515,1
1889,264657,14,733,514,25
1890,264721,8,712,518,0
1891,264787,10,721,521,6
1892,264875,12,715,512,9
1893,264957,28,722,518,15
1894,265047,16,714,519,6
1895,265121,12,715,519,8
1896,265205,15,709,521,0
1897,265276,9,709,521,0
1898,265360,10,712,519,4
1899,265442,11,710,519,3
1900,265536,13,709,508,18
1901,265678,21,698,512,1
1902,265822,23,711,513,16
1903,265942,12,698,508,8
1904,266031,11,695,504,9
1905,266116,9,701,517,2
1906,266198,8,701,516,0
1907,266281,9,704,518,1
1908,266357,8,705,520,0
1909,266437,10,708,519,5
1910,266504,9,715,530,0
1911,266576,11,715,524,3
1912,266952,316,723,521,15
1913,267082,29,709,499,23
1914,267222,22,694,505,7
1915,267295,8,692,510,0
1916,267369,7,692,510,0
1917,267441,8,717,534,0
1918,267508,10,728,543,2
1919,267595,11,731,547,5
1920,267661,9,735,556,0
1921,267738,8,743,563,0
1922,267807,8,753,573,0
1923,267898,10,762,572,3
1924,267969,9,773,585,1
1925,268050,12,775,579,10
1926,268140,11,769,578,5
1927,268220,10,767,578,3
1928,268411,43,767,575,8
1929,268615,25,759,574,2
1930,268737,20,758,570,2
1931,268822,12,763,568,11
1932,268892,9,754,569,0
1933,268965,12,759,559,15
1934,269040,10,754,560,9
1935,269116,8,751,565,0
1936,269210,15,757,552,20
1937,269283,8,743,556,0
1938,269353,11,749,556,7
1939,269431,11,747,558,3
1940,269523,12,750,549,20
1941,269677,24,730,538,13
1942,269784,29,722,534,14
1943,269925,24,708,530,6
1944,270079,27,705,524,15
1945,270221,10,698,524,9
1946,270296,9,703,535,1
1947,270372,9,720,546,2
1948,270442,9,721,548,1
1949,270520,9,733,561,0
1950,270593,10,752,576,3
1951,271130,14,749,560,12
1952,271206,21,745,567,3
1953,271351,39,745,566,4
1954,271537,35,743,553,13
1955,271655,22,733,553,2
1956,271850,56,740,559,3
1957,271980,17,741,563,0
1958,272118,20,748,570,0
1959,272242,18,750,571,2
1960,272352,21,752,567,7
1961,272455,19,752,562,4
1962,272539,11,751,562,4
1963,272676,27,747,556,8
1964,272805,23,741,542,20
1965,272942,27,736,544,14
1966,273015,11,734,553,4
1967,273077,8,731,554,0
1968,273144,13,743,553,14
1969,273224,10,731,550,4
1970,273298,10,727,549,2
1971,273387,10,739,557,1
1972,273455,10,740,558,2
1973,273530,10,743,556,2
1974,273605,12,756,562,8
1975,273676,8,755,569,0
1976,273745,8,757,571,0
1977,273850,17,757,571,0
1978,274052,32,776,588,0
1979,274215,20,773,585,0
1980,274330,11,774,581,1
1981,274403,11,776,582,3
1982,274483,11,779,587,0
1983,274563,10,785,592,1
1984,274630,12,794,600,2
1985,274695,10,796,604,0
1986,274765,11,799,604,2
1987,274853,10,797,604,0
1988,274931,10,802,609,0
1989,275011,11,804,609,2
1990,275583,31,813,587,23
1991,275726,34,792,580,12
1992,275820,17,780,572,8
1993,275901,12,776,573,2
1994,275963,13,774,563,12
1995,276037,9,764,564,0
1996,276165,48,782,579,1
1997,276287,10,783,577,2
1998,276374,9,784,580,0
1999,276471,8,784,580,0
2000,276550,9,788,584,0
2001,276643,9,797,593,0
2002,276732,10,806,602,0
2003,276837,22,813,605,2
2004,276962,27,822,613,3
2005,277104,27,823,607,12
2006,277190,13,821,613,4
2007,277368,56,823,607,13
2008,277469,12,821,611,0
2009,277553,11,825,613,3
2010,277629,11,834,621,3
2011,277723,12,841,629,1
2012,277790,11,840,627,3
2013,277877,14,840,630,0
2014,277954,12,844,627,10
2015,278036,13,842,635,0
2016,278125,10,843,634,0
2017,278273,26,847,636,1
2018,278466,65,847,635,3
2019,278602,16,851,636,5
2020,278676,10,853,643,0
2021,278744,10,855,642,0
2022,278826,12,858,639,7
2023,278914,12,851,634,5
2024,278998,14,854,635,10
2025,279065,10,854,645,0
2026,279159,12,859,645,5
2027,279258,12,855,642,6
2028,279791,32,853,636,5
2029,279923,27,858,639,9
2030,280023,14,849,637,2
2031,280116,18,850,640,0
2032,280184,12,851,635,6
2033,280249,12,850,637,2
2034,280319,13,854,642,6
2035,280384,10,855,649,0
2036,280457,10,869,663,0
2037,280595,45,872,664,3
2038,280747,16,870,661,6
2039,280817,10,867,663,0
2040,280894,12,870,666,0
2041,280969,9,892,688,0
2042,281138,30,902,697,0
2043,281327,30,903,698,0
2044,281496,21,904,699,0
2045,281563,9,919,714,0
2046,281641,9,921,716,0
2047,281853,44,922,717,0
2048,281947,16,926,717,2
2049,282008,10,930,723,0
2050,282091,11,937,727,4
2051,282171,11,933,724,3
2052,282251,10,933,727,0
2053,282326,13,938,731,0
2054,282409,10,944,737,0
2055,282492,13,954,741,2
2056,282625,20,952,741,0
2057,282760,28,959,747,1
2058,282931,72,967,750,7
2059,283064,11,961,749,0
2060,283145,10,966,751,0
2061,283215,12,967,752,0
2062,283290,13,968,752,1
2063,283361,14,968,751,4
2064,283459,13,965,751,1
2065,283545,11,967,754,0
2066,286266,50,973,697,61
2067,286392,27,918,702,0
2068,286490,10,930,713,0
2069,286558,10,932,715,0
2070,286622,10,942,725,0
2071,286687,9,952,735,0
2072,286764,12,956,739,0
2073,286833,10,960,743,0
2074,286906,9,962,745,0
2075,286990,10,965,748,0
2076,287188,12,968,751,0
2077,287281,10,968,751,0
2078,287360,10,969,752,0
2079,287426,11,980,763,0
2080,287558,22,987,767,0
2081,287679,19,987,767,0
2082,287809,20,987,767,0
2083,287884,10,988,768,0
2084,287970,17,990,770,0
2085,288041,11,993,773,0
2086,288123,14,1000,780,0
2087,288305,10,1001,781,0
2088,288392,10,1004,783,0
2089,288467,16,1011,790,0
2090,288548,10,1013,792,0
2091,288621,10,1017,796,0
2092,288707,10,1018,797,0
2093,288774,13,1018,796,1
2094,288875,25,1018,797,0
2095,289009,27,1019,796,2
2096,289152,33,1021,797,5
2097,289251,20,1019,794,5
2098,289429,19,1016,787,5
2099,289531,15,1020,786,10
2100,289617,12,1012,785,3
2101,289711,16,1013,785,3
2102,289795,18,1013,785,2
2103,290083,13,1011,781,2
2104,290166,11,1022,794,0
2105,290354,50,1033,798,9
2106,290619,44,1027,797,5
2107,290762,44,1032,787,30
2108,290901,32,1006,758,38
2109,291050,34,977,735,39
2110,291144,12,944,736,1
2111,291251,16,948,722,21
2112,291343,15,931,712,21
2113,291434,17,911,685,32
2114,291529,19,888,674,15
2115,291744,31,882,663,16
2116,291895,38,871,637,35
2117,292009,12,840,634,10
2118,292106,18,840,624,24
2119,292193,14,822,615,18
2120,292254,9,822,633,0
2121,292349,12,831,637,10
2122,292423,9,821,635,0
2123,292509,9,829,643,0
2124,292585,10,834,646,0
2125,292735,13,839,636,25
2126,292818,9,825,646,0
2127,292897,11,833,651,1
2128,292981,15,839,642,17
2129,293131,34,823,629,12
2130,293257,28,819,631,6
2131,293364,15,817,627,7
2132,293440,9,813,630,0
2133,293522,15,816,611,24
2134,293594,11,800,611,8
2135,293657,9,807,627,0
2136,293824,56,819,626,10
2137,293965,10,821,635,0
2138,294044,13,826,634,9
2139,294487,35,820,596,41
2140,294625,29,781,591,11
2141,294735,16,773,565,30
2142,294819,15,752,551,21
2143,294938,48,736,552,9
2144,295078,10,734,556,3
2145,295168,14,740,562,6
2146,295261,11,738,564,3
2147,295332,9,742,569,0
2148,295403,11,753,575,7
2149,295474,13,753,575,10
2150,295557,15,750,573,9
2151,295646,11,743,569,4
2152,295763,29,749,579,0
2153,295891,22,751,573,7
2154,296008,13,748,566,15
2155,296195,15,743,546,29
2156,296265,10,714,542,2
2157,296330,8,719,546,0
2158,296412,11,720,539,7
2159,296478,11,714,538,7
2160,296552,10,713,543,1
2161,296630,11,716,544,3
2162,296709,8,716,546,0
2163,296788,11,720,550,0
2164,296850,8,722,552,0
2165,296913,9,728,558,0
2166,296987,11,728,556,2
2167,297273,95,733,548,14
2168,297515,45,728,522,36
2169,297646,21,699,526,2
2170,297760,28,698,515,14
2171,297874,28,687,497,24
2172,298006,22,669,497,8
2173,298112,12,682,512,5
2174,298202,10,679,507,9
2175,298278,8,683,520,0
2176,298364,30,702,538,1
2177,298460,9,709,545,1
2178,298996,43,725,510,53
2179,299134,23,677,509,6
2180,299234,12,680,505,12
2181,299306,11,681,507,4
2182,299425,48,682,510,2
2183,299532,13,688,500,21
2184,299614,8,680,513,0
2185,299680,10,689,520,4
2186,299771,10,692,522,3
2187,299835,11,691,523,1
2188,299903,9,692,524,1
2189,299968,8,693,524,0
2190,300060,14,698,516,16
