tick,timestamp,query_runtime,trav_index_nodes,trav_vol_nodes,trav_unprod_nodes
0,5752,53,138,138,0
1,9385,19,303,303,0
2,12491,28,499,499,0
3,15140,35,655,655,0
4,17992,75,764,764,0
5,20791,28,881,881,0
6,23450,35,1009,1009,0
7,26020,28,1121,1121,0
8,28322,44,1216,1216,0
9,31187,46,1352,1240,53
10,33601,81,1470,1051,236
11,35874,63,1612,932,404
12,37894,33,1723,866,538
13,39941,93,1802,775,681
14,42068,60,1907,775,769
15,44717,39,1991,763,814
16,46533,34,2036,743,870
17,48482,44,2167,821,894
18,50285,82,2232,846,907
19,52903,60,2361,908,955
20,54650,59,2435,952,976
21,56473,42,2497,970,1007
22,57985,45,2549,1002,1019
23,59637,49,2590,1029,1009
24,65405,59,1720,550,745
25,67492,36,1868,591,827
26,70760,54,1956,535,1006
27,72695,22,2063,525,1122
28,74663,34,2152,564,1162
29,76626,58,2243,579,1235
30,78739,71,2304,593,1291
31,80598,41,2367,595,1346
32,82248,44,2466,679,1340
33,84138,57,2527,725,1349
34,86283,47,2585,748,1373
35,87761,33,2656,802,1378
36,89511,30,2775,901,1382
37,94144,161,1540,892,155
38,96253,55,1726,771,471
39,98175,35,1857,774,610
40,99796,36,1982,841,645
41,101720,44,2058,779,811
42,103290,26,2137,760,930
43,106197,24,2215,705,1080
44,107480,47,2276,733,1102
45,108552,26,2372,791,1097
46,109981,23,2487,862,1105
47,111397,36,2588,918,1143
48,112778,90,2695,975,1185
49,114059,31,2753,1021,1182
50,115299,29,2821,1064,1197
51,116632,54,2908,1118,1201
52,117612,27,3032,1193,1241
53,118736,27,3106,1265,1225
54,120025,29,3194,1325,1242
55,122635,257,2110,1399,76
56,124074,46,2226,1308,281
57,125380,45,2372,1300,422
58,126618,169,2500,1322,507
59,127749,24,2566,1223,698
60,129006,55,2686,1180,842
61,130056,44,2768,1162,949
62,131222,168,2883,1192,1015
63,132330,26,3007,1218,1079
64,133397,61,3079,1216,1147
65,136134,27,3179,1209,1263
66,137446,69,3294,1249,1319
67,138414,31,3366,1269,1361
68,139744,31,3433,1291,1390
69,140806,86,3525,1289,1458
70,141970,31,3596,1289,1492
71,143286,36,3666,1341,1497
72,144403,82,3700,1300,1594
73,145407,55,3790,1352,1618
74,146737,35,3874,1388,1646
75,148044,86,3952,1445,1651
76,149173,229,3991,1459,1663
77,153037,226,2348,1048,520
78,154402,22,2524,966,806
79,155655,224,2645,921,984
80,156830,25,2771,882,1192
81,158250,26,2870,795,1394
82,159466,63,2912,753,1489
83,160610,28,3022,820,1543
84,161840,28,3112,808,1653
85,163090,71,3206,844,1715
86,164009,60,3283,885,1736
87,165303,31,3361,972,1692
88,166720,36,3466,1014,1754
89,169395,76,3542,989,1881
90,170453,30,3631,1019,1937
91,171729,33,3695,1047,1970
92,173007,79,3788,1107,1994
93,174682,226,3874,1163,2000
94,175575,36,3931,1204,2021
95,176833,35,4019,1273,2016
96,177972,86,4070,1297,2022
97,179059,39,4125,1331,2028
98,184657,25,2231,960,600
99,185810,22,2338,920,745
100,187155,43,2412,781,995
101,188361,55,2523,749,1157
102,189439,27,2619,706,1316
103,190799,35,2743,720,1450
104,192179,35,2838,739,1512
105,193378,243,2945,796,1554
106,194517,30,3073,850,1624
107,195886,32,3173,872,1702
108,197152,74,3243,892,1765
109,198209,31,3300,951,1752
110,199568,35,3402,1036,1736
111,200972,35,3478,1066,1752
112,202141,260,3560,1111,1780
113,203483,40,3635,1150,1801
114,204871,38,3739,1237,1803
115,207988,111,3832,1224,1913
116,209083,39,3878,1243,1933
117,214251,234,2091,1219,183
118,215522,21,2191,1033,490
119,217229,25,2339,889,829
120,218511,36,2430,816,1031
121,219804,28,2539,793,1168
122,221217,63,2620,783,1258
123,222189,27,2718,827,1296
124,223633,27,2775,797,1391
125,225103,54,2847,771,1504
126,226243,200,2938,834,1522
127,227495,36,3041,900,1536
128,229005,31,3127,943,1594
129,230260,68,3217,984,1644
130,231398,35,3262,1011,1627
131,232927,56,3303,1036,1635
132,234840,172,3413,1102,1659
133,236523,37,3471,1146,1657
134,237779,92,3540,1226,1628
135,238967,41,3618,1271,1629
136,240366,58,3671,1207,1749
137,242939,203,2074,1286,49
138,244133,194,2224,1351,129
139,245143,22,2363,1287,327
140,247999,28,2487,1028,770
141,249147,58,2601,976,962
142,250311,30,2701,963,1093
143,251662,28,2789,960,1178
144,252996,70,2874,976,1233
145,254049,31,2969,959,1361
146,255373,30,3025,995,1371
147,256805,48,3087,1016,1407
148,257893,235,3154,1032,1458
149,259190,35,3230,1061,1511
150,260654,34,3293,1051,1577
151,262033,75,3360,1079,1633
152,263118,38,3490,1177,1623
153,264520,33,3558,1225,1631
154,265967,92,3617,1278,1621
155,267132,194,3655,1306,1609
156,268322,36,3740,1357,1613
157,269833,39,3806,1406,1615
158,272609,138,2315,1150,437
159,274298,26,2432,1023,728
160,276190,25,2519,900,948
161,277443,27,2656,1008,950
162,278789,27,2758,925,1151
163,281550,69,2901,835,1403
164,282654,27,2997,877,1468
165,283992,29,3098,899,1519
166,285256,72,3207,952,1584
167,286182,30,3274,966,1618
168,287601,40,3331,966,1676
169,288974,33,3399,1005,1697
170,290152,99,3516,1083,1707
171,291271,34,3546,1070,1762
172,292824,40,3628,1108,1796
173,294139,80,3688,1157,1766
174,295140,40,3761,1183,1808
175,296858,75,3817,1201,1838
176,298479,37,3854,1222,1855
177,299700,84,3929,1284,1842
178,302680,129,2158,1076,350
