tick,timestamp,query_runtime,trav_index_nodes,trav_vol_nodes,trav_unprod_nodes
0,5673,20,164,164,0
1,9006,22,317,317,0
2,11961,22,457,457,0
3,14610,51,603,603,0
4,17312,23,717,717,0
5,20279,22,816,816,0
6,22728,35,947,947,0
7,24942,25,1062,1062,0
8,27116,39,1151,1151,0
9,29622,33,1255,1255,0
10,32012,107,1440,1185,131
11,34257,162,1425,1012,178
12,36986,117,1389,882,195
13,39202,102,1303,813,129
14,41431,94,1320,743,184
15,44054,72,1280,691,179
16,45856,62,1226,733,82
17,47689,51,1260,739,86
18,49308,51,1335,817,69
19,51170,62,1419,875,86
20,52552,48,1491,966,54
21,54096,45,1553,1004,62
22,55608,51,1629,1055,63
23,57248,48,1695,1112,52
24,58765,47,1809,1228,31
25,61884,156,1901,984,429
26,63894,109,1625,854,315
27,65705,104,1458,887,104
28,67521,74,1500,926,114
29,69133,93,1539,924,151
30,70546,180,1572,992,113
31,71663,24,1607,1055,49
32,73259,66,1694,1081,99
33,74969,68,1758,1115,75
34,77010,75,1827,1133,121
35,78383,39,1813,1133,110
36,79761,47,1789,1134,77
37,81200,35,1880,1207,69
38,82401,114,1947,1251,78
39,83783,69,2005,1293,80
40,85124,62,2048,1318,77
41,87090,121,2078,1294,113
42,89821,86,2108,1295,127
43,91335,77,2150,1359,99
44,93048,109,2194,1195,364
45,94208,78,1956,1213,112
46,95652,113,2004,1142,222
47,96950,48,1922,1131,165
48,98598,57,1889,1122,156
49,99852,41,1850,1110,134
50,101151,41,1837,1106,131
51,102533,91,1878,1127,148
52,103558,180,1897,1203,78
53,104708,37,1939,1220,98
54,106057,34,1993,1297,67
55,107339,63,2021,1324,53
56,108532,98,2059,1314,109
57,109650,40,2086,1359,84
58,110940,36,2123,1390,80
59,112233,80,2163,1391,88
60,113201,33,2254,1506,53
61,114551,75,2336,1530,88
62,115856,37,2405,1602,55
63,117242,66,2490,1668,50
64,119957,104,2550,1699,66
65,121158,94,2625,1483,407
66,122510,71,2379,1363,300
67,123847,50,2196,1307,173
68,125183,123,2169,1248,225
69,126177,47,2074,1235,143
70,127602,60,2059,1195,171
71,128957,42,2070,1248,125
72,130196,102,2079,1231,160
73,131308,37,2066,1281,80
74,132767,180,2118,1313,100
75,134133,43,2149,1339,118
76,135273,242,2162,1348,103
77,136441,49,2164,1303,156
78,137744,35,2125,1329,80
79,139009,86,2195,1387,99
80,140005,60,2245,1381,112
81,141359,46,2255,1383,122
82,142711,56,2321,1482,88
83,143896,79,2335,1518,69
84,145098,51,2384,1548,63
85,146496,46,2409,1527,87
86,147775,86,2439,1561,76
87,148703,30,2544,1714,9
88,152369,179,2666,1316,608
89,154091,73,2224,1175,319
90,155629,57,2043,1087,222
91,157054,115,1973,1063,206
92,158073,41,1893,1052,131
93,159846,55,1912,1042,190
94,161183,44,1836,1047,136
95,162491,189,1840,1082,104
96,163578,92,1891,1097,138
97,164722,46,1894,1100,144
98,165992,37,1898,1162,73
99,167159,45,1959,1166,141
100,168316,83,1956,1175,117
101,169470,31,1987,1243,45
102,170868,191,2071,1280,67
103,172053,34,2096,1300,76
104,173114,76,2180,1398,57
105,174331,35,2224,1417,64
106,175541,37,2285,1446,58
107,176826,84,2370,1496,79
108,177884,39,2407,1549,56
109,179180,42,2498,1636,67
110,180388,26,2556,1746,0
111,182005,140,2712,1632,306
112,184850,123,2540,1288,542
113,186219,167,2102,1202,193
114,187522,56,2041,1144,203
115,188836,44,1979,1144,139
116,190299,54,1959,1088,188
117,191718,255,1946,1130,128
118,192920,56,1941,1114,146
119,195004,69,1931,1029,228
120,196695,49,1847,1008,148
121,198191,134,1847,1022,118
122,199596,40,1866,1062,94
123,201243,40,1865,1057,96
124,202568,193,1877,1083,87
125,203755,75,1920,1117,79
126,204835,38,2004,1203,78
127,206131,39,2117,1308,71
128,207325,36,2171,1348,67
129,208737,118,2217,1384,66
130,209998,39,2273,1429,72
131,211519,240,2378,1258,414
132,213015,65,2109,1207,210
133,214417,28,2037,1304,29
134,215923,99,2164,1215,279
135,216917,67,2025,1282,73
136,220977,341,2080,1010,476
137,222094,39,1779,1070,110
138,223410,38,1814,1108,103
139,224529,34,1868,1207,54
140,225740,92,1930,1230,101
141,226866,36,2001,1314,73
142,228299,188,2070,1360,87
143,229602,55,2079,1347,113
144,231023,87,2147,1432,67
145,232513,100,2169,1421,86
146,233620,48,2213,1452,112
147,235127,50,2228,1454,78
148,236664,104,2290,1492,75
149,238005,278,2311,1492,93
150,239232,36,2290,1509,49
151,240801,80,2398,1397,304
152,242431,142,2232,1239,349
153,243635,275,2076,1219,227
154,244852,62,1985,1159,228
155,246308,97,1853,1109,149
156,247640,95,1822,1095,132
157,248665,23,1811,1200,0
158,250156,50,1926,1191,119
159,253593,88,1959,1058,307
160,255076,110,1812,1113,114
161,256111,40,1858,1170,90
162,257538,40,1920,1195,110
163,259041,93,1953,1189,137
164,259996,37,1946,1241,67
165,261671,91,2046,1301,89
166,263313,49,2109,1344,101
167,265006,183,2138,1380,73
168,266044,50,2203,1422,101
169,267562,47,2193,1441,68
170,269060,46,2255,1492,56
171,270384,117,2296,1457,124
172,271724,110,2333,1211,477
173,273230,70,1984,1097,283
174,274765,63,1886,1051,233
175,276258,105,1785,1014,177
176,277307,105,1754,1032,127
177,278759,47,1829,1068,143
178,280169,54,1849,1080,155
179,281882,84,1876,1202,47
180,283095,62,1945,1290,15
181,284329,45,2065,1301,124
182,287479,93,2055,1172,278
183,289008,54,1911,1170,129
184,290190,85,1914,1195,70
185,291381,37,1993,1263,63
186,292701,34,2052,1314,55
187,293889,40,2135,1364,87
188,295154,76,2200,1461,25
189,296412,42,2316,1515,75
190,297865,247,2332,1526,81
191,299082,37,2365,1569,39
192,300497,114,2413,1554,98
