tick,timestamp,query_runtime,trav_index_nodes,trav_vol_nodes,trav_unprod_nodes
0,1823,5,12,12,0
1,2425,8,41,41,0
2,3257,5,52,52,0
3,3774,3,73,73,0
4,6728,15,89,89,0
5,7227,2,96,96,0
6,7862,9,101,101,0
7,8330,2,112,112,0
8,8766,3,134,134,0
9,9382,8,145,145,0
10,9807,3,161,161,0
11,10262,13,169,169,0
12,10763,6,175,175,0
13,11180,3,179,179,0
14,11664,15,187,187,0
15,12479,14,187,187,0
16,13223,14,195,195,0
17,13918,12,208,208,0
18,14668,14,220,220,0
19,15357,36,230,230,0
20,16076,14,242,242,0
21,17590,4,262,262,0
22,18064,8,268,268,0
23,18499,8,296,296,0
24,19066,10,306,306,0
25,19444,9,326,326,0
26,19856,5,338,338,0
27,20407,12,355,355,0
28,20838,10,380,380,0
29,21378,19,389,389,0
30,21821,13,394,394,0
31,22234,38,404,404,0
32,22764,20,421,421,0
33,23147,8,431,431,0
34,23603,7,447,447,0
35,23998,24,452,452,0
36,24408,17,456,456,0
37,24864,6,464,464,0
38,25164,9,474,474,0
39,26271,11,493,493,0
40,26656,17,511,511,0
41,27080,12,524,524,0
42,27462,14,529,529,0
43,27847,9,534,534,0
44,28242,18,544,544,0
45,28643,12,547,547,0
46,29088,18,550,550,0
47,29445,15,559,559,0
48,29762,16,570,570,0
49,30225,17,577,561,10
50,30656,14,584,548,19
51,30962,12,604,544,32
52,31358,14,609,529,42
53,31705,19,621,523,51
54,32058,13,628,503,67
55,32539,13,631,485,76
56,32879,14,636,464,97
57,33302,13,642,450,113
58,34072,21,660,426,151
59,34470,27,666,433,150
60,34855,15,698,467,148
61,35168,16,707,476,147
62,35493,12,717,488,138
63,35925,15,738,509,138
64,36199,15,747,520,136
65,36650,56,768,501,171
66,37053,26,770,488,187
67,37408,13,784,484,196
68,37743,27,797,491,199
69,38542,67,806,452,245
70,39047,23,827,458,261
71,39346,15,841,472,261
72,39606,13,848,476,263
73,40181,47,861,467,284
74,40643,32,874,465,289
75,41088,33,881,455,297
76,41649,45,897,462,301
77,42504,21,898,445,315
78,42903,39,903,447,316
79,43218,73,908,448,315
80,43519,18,913,452,316
81,43880,19,904,450,308
82,44309,20,901,450,305
83,44605,20,899,449,304
84,44921,20,901,450,305
85,45218,16,902,443,317
86,45641,35,913,446,324
87,45987,18,916,448,321
88,46289,20,925,459,313
89,46574,17,928,461,314
90,46936,18,930,463,314
91,47294,18,944,480,311
92,47596,16,946,479,307
93,47898,24,945,466,319
94,48233,29,972,488,318
95,48609,15,978,494,316
96,49358,19,987,497,319
97,49745,33,999,494,333
98,50078,17,1006,468,371
99,50391,19,1017,446,408
100,50692,19,1023,436,426
101,51098,30,1025,418,444
102,51431,10,1032,412,463
103,51697,15,1032,402,473
104,51957,16,1046,401,485
105,52148,9,1065,404,508
106,52507,20,1067,392,520
107,52730,21,1076,401,515
108,52975,15,1090,391,546
109,53212,9,1095,389,553
110,53455,11,1107,399,556
111,53833,28,1121,397,582
112,54212,34,1129,386,600
113,54485,15,1147,406,593
114,55191,41,1155,368,641
115,55543,10,1160,369,647
116,55703,12,1163,373,645
117,55973,18,1184,397,640
118,56195,14,1193,407,638
119,56444,18,1195,408,644
120,56815,34,1197,403,653
121,57041,10,1212,412,658
122,57307,22,1210,405,662
123,57582,14,1228,399,685
124,57930,41,1234,382,712
125,58257,27,1240,374,723
126,58504,18,1254,382,724
127,58697,19,1257,395,711
128,58871,14,1263,401,710
129,59068,13,1261,402,706
130,59235,11,1260,401,707
131,59557,22,1272,411,702
132,60277,32,1291,389,736
133,61083,94,584,397,17
134,61403,13,591,391,34
135,61784,17,610,402,39
136,62148,24,626,407,55
137,62484,14,644,412,69
138,62889,15,650,411,74
139,63202,16,659,416,76
140,63677,11,665,410,91
141,63978,14,673,426,83
142,64282,15,673,421,88
143,64602,25,681,428,87
144,65133,7,685,421,93
145,65346,8,700,432,97
146,65520,9,708,436,100
147,65685,8,720,450,98
148,65918,7,739,464,104
149,66090,10,764,485,106
150,66973,42,769,472,121
151,67236,17,776,477,124
152,67536,14,782,482,125
153,67806,21,793,490,125
154,68061,11,801,498,125
155,68312,15,804,504,121
156,68590,8,808,509,118
157,68753,7,812,515,117
158,68933,8,812,515,117
159,69269,7,825,519,123
160,69479,10,831,520,129
161,69762,16,836,523,131
162,70010,8,841,523,138
163,70366,21,861,534,147
164,70620,8,875,543,152
165,70808,9,879,555,141
166,71084,16,893,568,142
167,71539,28,901,571,146
168,71707,9,912,579,149
169,72704,21,933,594,152
170,72882,11,934,593,155
171,73043,9,946,602,154
172,73229,9,959,616,153
173,73396,9,961,612,160
174,73611,34,970,617,161
175,74072,23,997,635,164
176,74294,9,1009,647,156
177,74444,10,1013,646,165
178,74602,12,1030,662,166
179,74821,10,1036,664,173
180,75173,18,1039,662,176
181,75596,35,1046,668,174
182,75906,19,1064,684,174
183,76300,63,1071,688,177
184,76599,17,1090,704,179
185,76925,28,1089,694,189
186,77253,25,1126,720,201
187,78497,858,1141,710,221
188,78755,12,1151,720,219
189,78920,11,1169,734,222
190,79072,10,1178,743,222
191,79270,12,1189,757,211
192,79448,15,1195,762,212
193,79870,36,1212,762,232
194,80277,16,1216,701,301
195,80447,11,1223,681,326
196,80727,72,1228,657,358
197,81035,12,1247,665,368
198,81204,14,1255,651,391
199,81487,28,1272,619,439
200,81721,20,1284,613,458
201,82023,15,1283,594,479
202,82180,12,1294,593,492
203,82357,11,1296,586,504
204,82628,29,1291,559,533
205,83485,18,1303,509,618
206,83703,24,1313,510,630
207,83946,14,1309,509,634
208,84103,12,1311,508,644
209,84366,14,1324,514,654
210,84628,48,1340,505,679
211,84981,24,1355,519,676
212,85266,24,1363,528,674
213,85620,14,1373,528,683
214,85785,13,1375,523,689
215,86105,35,1387,532,694
216,86371,13,1417,555,702
217,86699,13,1421,546,714
218,86851,14,1422,549,711
219,87016,15,1438,550,726
220,87282,13,1454,550,740
221,87544,30,1469,541,770
222,88325,15,1481,526,796
223,88501,15,1487,521,811
224,88745,58,1501,524,826
225,89234,25,1497,503,845
226,89492,30,1504,504,846
227,89771,27,1514,509,850
228,89956,19,1518,514,848
229,92200,112,706,462,59
230,92486,11,721,462,66
231,92783,13,739,476,73
232,93173,19,747,465,92
233,93570,14,756,456,107
234,93849,10,763,452,120
235,94098,7,782,455,132
236,94314,17,797,467,135
237,95010,9,805,461,148
238,95153,8,833,486,145
239,95298,8,845,498,144
240,95573,49,852,496,157
241,95981,23,870,501,172
242,96233,13,873,505,172
243,96491,19,894,523,168
244,96866,19,903,525,172
245,97228,33,922,539,177
246,97555,12,941,548,192
247,97936,26,969,562,200
248,98209,20,985,565,213
249,98516,24,993,556,232
250,98792,9,1004,564,235
251,99231,56,1003,556,245
252,99527,11,1022,569,249
253,99774,25,1035,580,254
254,100045,21,1042,583,261
255,100257,14,1034,582,253
256,100933,10,1038,573,267
257,101148,22,1046,577,265
258,101471,22,1067,591,263
259,101700,11,1075,597,258
260,101877,12,1084,603,259
261,102044,11,1098,619,253
262,102203,12,1100,629,244
263,102410,18,1113,643,243
264,102697,27,1113,640,251
265,102923,11,1128,650,253
266,103191,25,1137,636,276
267,103462,16,1128,627,281
268,103742,19,1132,635,275
269,103987,22,1135,637,276
270,104207,11,1139,629,294
271,104454,41,1155,640,302
272,104788,23,1167,642,310
273,105258,46,1190,660,315
274,107005,17,1185,641,334
275,107206,13,1194,653,333
276,107358,12,1213,668,338
277,107530,13,1220,672,335
278,107681,13,1227,678,330
279,107845,15,1239,692,326
280,108091,33,1254,706,326
281,108375,19,1267,713,322
282,108542,12,1270,722,313
283,108704,13,1285,735,318
284,108859,12,1318,764,319
285,109021,13,1317,766,316
286,109266,27,1316,766,312
287,109599,45,1323,771,313
288,109888,12,1323,755,337
289,110066,12,1333,750,350
290,110245,13,1344,726,391
291,114030,3574,1362,642,508
292,114405,34,1354,358,831
293,114595,11,1358,344,848
294,114832,27,1365,357,841
295,115120,29,1375,340,872
296,115420,27,1379,338,881
297,115807,32,1386,320,918
298,116007,14,1401,326,936
299,116179,15,1407,332,936
300,116387,13,1410,328,949
301,116568,13,1413,328,951
302,116738,14,1419,343,942
303,116944,26,1423,337,951
304,117236,28,1439,352,950
305,117453,13,1442,356,947
306,117622,13,1451,353,962
307,117866,14,1460,365,957
308,118038,13,1466,371,955
309,118484,38,1482,378,966
310,118768,14,1508,398,967
311,118924,14,1514,414,957
312,119096,16,1528,430,952
313,119253,14,1534,435,953
314,119408,15,1551,438,965
315,119590,15,1568,455,965
316,119767,30,1567,445,976
317,120153,77,1582,442,996
318,120760,110,626,454,26
319,121047,13,643,468,26
320,121317,13,653,478,26
321,121728,24,669,494,26
322,122028,15,681,506,26
323,122286,16,684,504,32
324,122455,13,700,513,39
325,122953,11,718,516,52
326,123201,9,743,535,53
327,123411,15,764,550,54
328,123563,8,767,551,57
329,123740,7,786,559,65
330,123898,8,801,568,71
331,124066,8,824,576,84
332,124280,14,835,568,105
333,124571,18,846,565,114
334,124832,44,860,577,116
335,125087,8,861,584,108
336,125244,9,863,580,113
337,125402,8,871,581,114
338,125599,29,885,595,114
339,125867,15,883,585,119
340,126140,9,901,599,121
341,126312,9,913,602,129
342,126502,21,928,605,141
343,126698,9,955,615,153
344,127453,21,963,591,181
345,127649,10,985,608,186
346,127810,10,991,610,192
347,127969,12,1004,622,193
348,128222,12,1008,613,203
349,128387,12,1011,608,207
350,128536,12,1021,618,204
351,128810,24,1049,645,205
352,129021,12,1059,649,214
353,129201,27,1078,671,209
354,129514,17,1090,684,209
355,129724,11,1096,686,214
356,129869,10,1102,692,218
357,130140,22,1106,691,225
358,130486,12,1122,704,225
359,130633,11,1129,711,225
360,130827,11,1136,718,225
361,130991,10,1135,715,226
362,133614,21,1136,642,294
363,133826,10,1141,649,292
364,133973,11,1163,676,282
365,134123,11,1178,691,282
366,134282,11,1194,708,282
367,134474,56,1197,715,278
368,134696,11,1203,714,282
369,134927,20,1207,714,283
370,135205,25,1210,712,289
371,135367,12,1218,724,285
372,135525,11,1240,747,283
373,135801,11,1250,758,282
374,135943,14,1243,759,274
375,136087,12,1255,771,274
376,136314,25,1269,783,272
377,136729,49,1289,807,268
378,137153,11,1290,804,269
379,137304,12,1296,808,272
380,137653,12,1325,826,286
381,137821,13,1351,851,287
382,137986,16,1363,860,287
383,138293,28,1369,861,287
384,138544,12,1367,862,281
385,138685,12,1377,871,281
386,138836,17,1385,874,285
387,138992,12,1389,870,288
388,139283,13,1397,881,285
389,139441,14,1410,892,283
390,139720,28,1429,910,282
391,139986,14,1437,818,394
392,140159,16,1436,786,430
393,140532,14,1440,751,482
394,140702,13,1449,761,481
395,140871,13,1459,776,476
396,141128,31,1472,790,473
397,141822,16,1484,805,468
398,141975,15,1507,830,464
399,142132,14,1505,838,454
400,142287,14,1510,842,454
401,142450,14,1514,847,452
402,142626,15,1524,860,449
403,142910,34,1530,866,449
404,143198,27,1535,871,449
405,143345,15,1552,888,445
406,143489,16,1563,898,445
407,143649,14,1568,905,439
408,144017,64,1599,936,439
409,144267,34,1600,909,471
410,144536,37,1613,899,492
411,144688,15,1619,884,510
412,144856,14,1633,883,529
413,145055,43,1643,882,537
414,147625,35,1646,669,776
415,147829,19,1652,655,796
416,147971,15,1662,658,800
417,148249,84,1664,653,804
418,148446,14,1669,650,822
419,148640,22,1686,663,825
420,148945,31,1688,654,839
421,149216,21,1701,647,860
422,149485,17,1713,651,869
423,149775,37,1716,630,895
424,149964,18,1732,640,903
425,150632,281,838,640,11
426,150906,7,853,634,20
427,151056,8,857,629,29
428,151215,9,865,620,41
429,151342,8,892,640,47
430,151753,9,902,635,61
431,152002,21,920,646,65
432,152248,9,923,624,95
433,152391,9,936,625,111
434,152556,12,942,614,130
435,152853,59,968,639,129
436,153001,10,977,640,135
437,153168,10,999,659,136
438,153417,23,1001,624,169
439,153705,14,1016,611,190
440,153967,49,1031,615,204
441,154170,9,1062,635,215
442,154320,12,1074,648,210
443,154490,10,1083,642,227
444,154631,11,1107,657,233
445,154896,25,1119,665,238
446,155309,11,1146,667,249
447,155450,15,1156,680,243
448,155886,11,1158,652,268
449,156024,12,1191,681,269
450,156196,12,1197,680,274
451,156430,30,1202,658,310
452,156687,16,1203,654,316
453,156863,12,1215,666,316
454,157012,12,1212,671,305
455,157151,12,1218,677,305
456,157435,42,1225,677,309
457,157653,24,1229,677,312
458,158214,17,1230,660,332
459,158382,20,1233,665,329
460,158732,12,1256,672,349
461,158885,12,1263,671,359
462,159037,12,1268,680,355
463,159190,14,1269,680,358
464,159477,34,1290,696,361
465,160200,460,1297,690,365
466,160367,13,1298,688,363
467,160528,13,1316,705,364
468,160753,25,1327,706,376
469,161081,13,1345,710,388
470,161253,16,1349,717,384
471,161408,15,1367,735,381
472,161570,13,1368,739,378
473,161732,14,1383,758,374
474,161893,14,1392,767,374
475,162175,28,1396,778,367
476,162484,27,1410,795,363
477,162660,14,1428,817,358
478,162806,17,1427,819,351
479,163042,86,1446,838,350
480,163289,14,1450,844,348
481,163432,14,1456,850,348
482,163686,29,1457,841,354
483,166543,17,1479,742,469
484,166804,30,1477,745,463
485,167000,13,1491,760,459
486,167291,26,1491,752,469
487,167511,30,1499,762,465
488,167888,43,1509,753,482
489,168213,29,1508,752,481
490,168503,34,1515,746,498
491,168810,18,1520,753,497
492,169080,14,1531,753,505
493,169438,30,1537,748,516
494,169618,13,1531,748,513
495,169789,15,1552,760,525
496,169971,13,1558,743,556
497,170191,13,1560,696,614
498,170366,15,1559,686,625
499,170590,29,1565,677,642
500,171112,32,1576,593,763
501,171330,14,1581,605,755
502,171486,17,1577,607,752
503,171693,15,1583,614,750
504,171849,15,1600,629,753
505,172013,13,1597,603,784
506,172165,14,1602,605,786
507,172428,31,1616,588,833
508,172696,21,1618,560,872
509,172876,17,1610,561,862
510,173038,15,1611,565,863
511,173235,13,1619,568,865
512,173400,14,1623,562,882
513,173564,14,1628,541,914
514,173778,35,1636,538,922
515,174070,30,1645,533,926
516,174561,15,1660,518,959
517,174728,19,1665,526,954
518,174915,14,1679,533,958
519,175086,15,1681,535,960
520,175342,37,1686,549,952
521,175603,16,1689,552,952
522,175766,18,1694,557,948
523,175954,17,1698,561,948
524,176125,15,1721,584,946
525,176280,16,1726,589,946
526,176444,16,1754,615,942
527,176670,33,1757,621,937
528,176993,33,1764,628,937
529,177168,17,1775,642,933
530,177325,15,1789,664,925
531,177499,18,1797,679,911
532,177656,17,1797,674,918
533,178280,32,1803,625,978
534,178513,16,1820,635,987
535,178680,18,1828,634,996
536,178857,25,1852,645,1010
537,179022,19,1874,665,1012
538,179175,17,1881,666,1018
539,179340,16,1885,668,1022
540,179581,44,1884,655,1038
541,179874,40,1884,641,1056
542,180042,27,1903,659,1055
543,181329,135,863,610,53
544,181474,9,884,619,59
545,181611,9,892,628,58
546,181796,37,911,643,59
547,182466,20,918,599,102
548,182721,19,920,587,112
549,182882,9,939,607,111
550,183040,9,950,615,114
551,183182,10,972,625,121
552,183334,9,982,636,119
553,183489,10,984,627,132
554,183647,9,991,621,146
555,183844,22,1001,614,164
556,184241,20,1014,601,202
557,184404,10,1041,622,197
558,184554,10,1042,626,193
559,184694,9,1047,629,196
560,184843,10,1069,648,195
561,185017,13,1081,656,197
562,185232,16,1085,659,199
563,185479,25,1103,673,200
564,185766,22,1123,689,198
565,186352,27,1126,679,213
566,186509,12,1146,696,214
567,186661,13,1164,710,218
568,186850,27,1184,708,236
569,187138,24,1187,696,254
570,187280,12,1208,717,254
571,187528,12,1217,720,261
572,187676,11,1226,728,257
573,187815,12,1233,735,257
574,187976,13,1245,746,255
575,188165,34,1243,745,254
576,188588,67,1256,754,262
577,188896,12,1262,751,262
578,189044,11,1260,752,259
579,189187,13,1276,759,267
580,189327,13,1280,763,266
581,189507,12,1282,757,272
582,189787,27,1281,755,273
583,190408,28,1287,747,291
584,190571,12,1306,762,289
585,190784,54,1321,772,292
586,190978,16,1327,778,291
587,191147,14,1328,784,287
588,191295,13,1347,795,285
589,191480,37,1357,805,283
590,191750,31,1358,801,287
591,192086,12,1367,803,297
592,192246,13,1382,816,299
593,192399,18,1382,818,296
594,192558,12,1384,820,295
595,192704,16,1393,827,289
596,192887,13,1396,818,293
597,193182,28,1415,830,301
598,193437,27,1424,835,300
599,193608,13,1438,851,295
600,196235,28,1448,858,289
601,196458,13,1464,871,286
602,196602,15,1469,876,286
603,196750,14,1470,871,287
604,196901,14,1486,885,290
605,197062,14,1505,902,292
606,197211,19,1517,914,292
607,197485,32,1532,925,291
608,197808,46,1539,932,291
609,198099,29,1561,945,294
610,198394,83,1569,945,299
611,198679,17,1594,960,305
612,198830,15,1597,960,307
613,199051,29,1598,959,309
614,199319,19,1599,952,317
615,199471,18,1610,960,314
616,199715,14,1625,965,317
617,200115,15,1627,838,464
618,200293,16,1640,810,509
619,200600,35,1649,791,535
620,200949,15,1661,787,553
621,201118,15,1667,781,567
622,201277,15,1669,763,586
623,201445,18,1691,763,606
624,201618,16,1698,741,653
625,201785,14,1706,743,659
626,202185,36,1714,679,746
627,202423,18,1735,678,773
628,202590,15,1735,667,787
629,202769,16,1743,670,794
630,202944,20,1758,671,819
631,203280,15,1759,638,869
632,203521,31,1762,622,887
633,204083,22,1760,586,928
634,204406,24,1765,570,954
635,204583,17,1799,601,963
636,204767,18,1805,605,970
637,204940,18,1827,611,991
638,205160,44,1835,604,1007
639,205578,112,1843,595,1023
640,205802,17,1860,586,1046
641,205973,18,1866,584,1052
642,206143,19,1876,582,1068
643,206304,18,1882,578,1081
644,206483,18,1889,578,1090
645,206687,41,1894,582,1091
646,207004,47,1905,583,1111
647,207198,17,1910,581,1120
648,207358,17,1916,580,1126
649,208001,504,1922,574,1142
650,208242,42,1926,564,1159
651,208474,20,1920,561,1156
652,208644,19,1923,562,1157
653,208823,23,1932,564,1159
654,209158,20,1932,553,1169
655,209336,20,1936,542,1184
656,209582,43,1945,544,1188
657,209822,18,1949,546,1189
658,209977,18,1946,551,1181
659,211108,141,776,554,3
660,211409,11,793,549,25
661,211690,15,797,535,44
662,211971,28,805,536,52
663,212705,27,818,532,68
664,212948,9,850,526,98
665,213105,9,857,526,107
666,213266,9,874,537,110
667,213495,52,885,545,116
668,213654,9,896,545,132
669,213806,9,899,538,141
670,214029,18,915,554,140
671,214297,12,924,561,141
672,214442,10,935,565,148
673,214732,9,948,570,151
674,214875,9,969,576,169
675,215044,13,974,578,176
676,215204,11,986,575,192
677,215420,19,992,580,190
678,215730,56,1002,576,204
679,216018,10,1014,576,214
680,216163,15,1023,586,213
681,218628,2320,1043,534,289
682,218955,58,1057,549,283
683,219099,10,1078,564,291
684,219237,10,1102,588,288
685,219391,10,1107,595,285
686,219551,10,1101,590,282
687,219825,11,1120,603,287
688,220063,22,1154,636,288
689,220323,24,1163,642,289
690,220512,12,1163,642,289
691,220662,12,1168,644,294
692,220811,12,1182,660,289
693,220959,11,1191,663,296
694,221265,11,1204,667,305
695,221412,11,1202,662,303
696,221693,22,1210,663,304
697,221906,12,1212,673,295
698,222041,11,1222,681,294
699,222495,15,1245,674,318
700,222652,12,1248,676,316
701,222809,13,1250,679,313
702,223096,30,1256,683,317
703,223313,11,1259,686,315
704,223570,11,1257,685,316
705,223709,13,1264,690,318
706,223873,12,1267,695,316
707,224033,13,1269,698,315
708,224196,13,1283,709,312
709,224424,27,1289,718,309
710,224857,14,1308,741,302
711,224986,13,1319,752,301
712,225120,13,1333,767,300
713,225283,13,1353,790,295
714,225430,12,1373,810,295
715,225590,13,1372,811,292
716,226033,303,1373,812,286
717,226366,35,1381,817,287
718,226598,14,1398,825,296
719,226746,14,1390,820,290
720,227026,18,1393,822,289
721,227170,14,1396,824,290
722,227333,16,1404,826,300
723,227502,18,1407,827,301
724,227863,40,1402,826,297
725,228339,33,1411,828,307
726,228619,29,1427,844,305
727,228822,15,1443,846,315
728,228975,15,1445,846,318
729,229132,18,1440,841,319
730,229527,50,1447,847,319
731,229912,30,1465,840,350
732,230624,28,1476,770,450
733,231329,34,1481,702,533
734,231582,15,1479,653,590
735,231745,15,1480,646,604
736,231907,18,1491,644,618
737,232119,18,1519,666,624
738,232278,15,1536,665,645
739,232446,14,1543,665,652
740,232689,33,1548,639,683
741,232985,15,1552,601,734
742,233137,15,1548,597,734
743,233299,15,1564,600,740
744,233466,15,1563,592,754
745,233624,15,1565,584,767
746,233800,18,1579,591,776
747,234102,59,1598,615,771
748,234420,34,1609,621,773
749,234596,15,1613,611,794
750,237323,32,1623,458,988
751,237488,16,1622,457,997
752,237659,15,1623,458,997
753,237803,15,1644,482,994
754,237979,17,1643,483,992
755,238142,17,1643,481,991
756,238308,16,1647,489,984
757,238590,37,1653,493,982
758,238839,16,1660,489,992
759,239035,18,1669,492,992
760,239217,21,1688,500,1004
761,239379,17,1716,523,1002
762,239543,16,1725,531,1005
763,239698,15,1755,560,1005
764,239950,39,1765,572,1003
765,241009,48,768,578,0
766,241159,9,785,595,0
767,241322,8,804,605,3
768,241596,15,806,585,21
769,241757,8,823,599,23
770,241916,9,845,613,23
771,242078,8,861,618,33
772,242255,9,880,616,49
773,242417,9,899,635,49
774,242562,10,916,652,49
775,242910,35,928,657,52
776,243256,12,937,611,112
777,243438,9,945,602,124
778,243569,10,948,602,128
779,243739,9,958,594,144
780,243895,10,972,603,145
781,244051,10,984,603,155
782,244547,29,1016,602,180
783,244840,20,1022,600,190
784,245044,11,1039,606,204
785,245309,24,1074,630,211
786,245456,12,1095,651,210
787,245611,11,1101,650,220
788,245777,11,1103,651,223
789,245933,12,1109,664,214
790,246169,22,1115,658,219
791,246543,68,1119,657,224
792,246705,15,1128,666,224
793,246850,11,1146,688,218
794,246996,11,1156,702,208
795,247148,11,1175,723,205
796,247294,11,1182,730,205
797,247445,11,1194,742,204
798,247711,32,1203,750,204
799,247963,26,1228,775,203
800,248475,13,1242,790,195
801,248779,13,1257,800,199
802,248944,15,1267,807,201
803,249109,15,1268,804,203
804,249267,12,1276,795,221
805,249484,30,1278,787,232
806,249866,77,1295,785,249
807,250018,12,1296,787,248
808,250160,12,1304,793,248
809,250308,13,1314,797,251
810,250451,12,1313,798,245
811,250597,13,1316,783,263
812,250760,12,1327,790,268
813,251104,45,1336,780,286
814,251474,24,1344,776,295
815,251646,13,1344,779,294
816,251804,12,1358,786,300
817,254378,28,1370,715,371
818,254580,14,1369,713,372
819,254726,13,1374,717,369
820,254874,12,1380,727,363
821,255027,12,1385,726,376
822,255251,13,1399,719,388
823,255400,13,1405,724,381
824,255602,26,1404,726,378
825,255882,31,1421,738,383
826,256079,13,1420,739,383
827,256325,68,1421,740,382
828,256488,13,1428,745,385
829,256628,13,1434,746,390
830,256773,13,1435,750,388
831,256913,13,1436,751,388
832,257178,46,1452,769,386
833,257705,46,1462,763,403
834,258164,13,1467,766,405
835,258302,14,1481,777,405
836,258459,13,1487,785,401
837,258647,15,1501,797,395
838,258909,29,1509,788,411
839,259111,13,1524,791,411
840,259270,14,1543,810,409
841,259404,14,1540,810,406
842,259552,14,1546,817,404
843,259828,14,1548,815,409
844,260002,13,1558,792,445
845,260312,34,1574,777,480
846,260567,18,1588,793,476
847,260731,14,1597,782,501
848,261034,14,1595,753,531
849,261203,14,1604,762,528
850,261389,14,1603,758,535
851,262035,105,1613,632,705
852,262343,15,1622,615,739
853,262502,17,1640,619,741
854,262670,17,1647,615,759
855,262835,15,1665,625,764
856,262999,16,1679,626,780
857,263233,86,1681,595,824
858,263573,48,1699,566,886
859,263938,36,1705,540,920
860,264110,14,1711,543,922
861,264370,71,1719,547,931
862,264540,15,1733,523,975
863,264697,15,1737,521,991
864,264867,15,1742,530,984
865,265185,41,1747,537,981
866,265450,67,1749,541,979
867,266081,16,1762,554,979
868,266257,17,1769,561,979
869,266560,42,1785,578,978
870,266746,16,1787,580,978
871,266903,19,1781,581,971
872,267075,17,1782,584,968
873,267231,18,1785,586,966
874,267389,16,1796,591,972
875,267558,17,1803,587,985
876,267945,33,1802,568,1016
877,268176,20,1824,579,1026
878,268359,17,1839,578,1032
879,268522,16,1847,583,1038
880,268679,18,1856,584,1046
881,268952,67,1859,574,1064
882,269172,59,1864,569,1074
883,269822,43,1855,536,1111
884,270229,39,1858,511,1146
885,270567,13,732,524,6
886,270715,15,747,532,6
887,270872,7,753,536,6
888,271251,65,773,535,29
889,271593,14,789,520,48
890,271738,8,802,523,57
891,271914,11,824,533,67
892,272081,9,849,551,73
893,272250,11,857,549,85
894,272496,9,860,534,95
895,272775,19,884,543,114
896,272994,9,894,545,119
897,273125,9,900,534,133
898,273284,9,912,544,131
899,273923,440,915,526,154
900,274201,22,937,524,176
901,274367,11,938,526,175
902,274510,10,967,558,171
903,274705,11,981,566,179
904,274844,10,982,559,186
905,275001,10,999,572,183
906,275161,12,1006,581,182
907,275401,25,1019,592,182
908,275795,86,1032,580,204
909,276004,10,1046,582,228
910,276166,10,1060,591,238
911,276341,11,1056,593,230
912,276498,11,1067,604,229
913,276645,11,1081,614,226
914,276822,21,1093,613,237
915,277151,27,1108,611,249
916,277359,11,1110,610,253
917,278010,60,1114,604,261
918,278211,16,1112,606,257
919,278460,24,1111,600,260
920,278691,11,1125,601,271
921,278846,12,1147,624,273
922,278989,15,1151,631,269
923,279250,12,1169,640,276
924,279415,13,1188,666,268
925,279559,12,1198,672,273
926,279802,29,1208,684,273
927,280084,31,1238,700,284
928,280350,52,1238,691,283
929,280489,11,1245,691,294
930,280657,14,1258,698,300
931,280819,12,1256,694,296
932,280977,14,1254,694,290
933,281177,33,1267,706,289
934,284037,26,1276,696,309
935,284230,13,1288,711,306
936,284392,12,1298,724,303
937,284603,58,1301,723,308
938,284743,12,1311,732,310
939,284882,14,1316,736,310
940,285040,13,1343,762,308
941,285250,25,1349,769,309
942,285542,27,1359,758,329
943,285911,13,1374,764,341
944,286089,15,1381,766,343
945,286244,12,1383,761,344
946,286385,13,1388,763,347
947,286545,13,1394,771,342
948,286708,16,1410,787,338
949,287026,45,1425,797,341
950,287262,13,1426,799,340
951,287642,221,1424,798,334
952,287798,13,1417,795,332
953,288060,16,1444,817,331
954,288238,14,1449,813,342
955,288546,31,1464,816,356
956,288744,15,1471,825,356
957,288915,14,1478,840,346
958,289240,14,1495,850,351
959,289387,15,1511,866,351
960,289531,15,1529,880,351
961,289742,32,1538,886,354
962,290100,39,1548,842,418
963,290531,23,1563,819,472
964,290740,20,1564,773,537
965,290933,15,1571,768,555
966,291231,36,1571,742,586
967,291677,56,1585,714,626
968,292127,18,1583,702,636
969,292330,17,1583,681,661
970,292892,68,1585,617,747
971,293234,32,1595,593,785
972,293523,31,1603,596,791
973,293809,34,1607,584,810
974,294109,44,1626,569,837
975,294531,33,1629,547,869
976,294916,17,1640,527,908
977,295094,16,1650,518,930
978,295277,17,1645,509,941
979,295455,17,1662,524,943
980,295784,38,1672,515,958
981,296026,17,1684,530,948
982,296188,18,1689,521,964
983,296368,21,1691,510,977
984,296563,17,1701,515,978
985,297084,36,1729,507,1018
986,297327,16,1737,510,1026
987,297486,17,1750,517,1032
988,297644,17,1760,509,1052
989,297816,16,1779,525,1055
990,297997,19,1790,532,1058
991,298152,18,1796,532,1067
992,298398,40,1785,519,1075
993,298694,25,1800,514,1096
994,298844,16,1803,513,1107
995,299004,17,1804,521,1093
996,299182,19,1806,527,1088
997,299364,19,1810,525,1098
998,299524,17,1819,535,1094
999,299709,33,1827,541,1092
1000,300010,44,1852,564,1091
