tick,timestamp,query_runtime,trav_index_nodes,trav_vol_nodes,trav_unprod_nodes
0,486,3,6,6,0
1,725,1,18,18,0
2,950,2,35,35,0
3,1145,2,38,38,0
4,1456,2,43,43,0
5,1662,4,62,62,0
6,1827,12,71,71,0
7,2094,1,78,78,0
8,2295,3,101,101,0
9,2417,1,123,123,0
10,2598,2,131,131,0
11,2788,2,158,158,0
12,2944,5,160,160,0
13,3097,1,163,163,0
14,3254,2,181,181,0
15,3404,4,185,185,0
16,3546,3,194,194,0
17,3650,3,202,202,0
18,3845,11,206,206,0
19,4052,2,212,212,0
20,4242,3,219,219,0
21,4495,2,224,224,0
22,4595,2,242,242,0
23,4687,2,258,258,0
24,4812,2,259,259,0
25,4959,3,273,273,0
26,5081,2,277,277,0
27,5188,2,281,281,0
28,5302,2,283,283,0
29,5426,3,286,286,0
30,5620,2,291,291,0
31,5706,2,294,294,0
32,5791,2,307,307,0
33,5901,3,313,313,0
34,6009,3,332,332,0
35,6086,2,357,357,0
36,6190,2,364,364,0
37,6297,3,377,377,0
38,6419,3,391,391,0
39,6535,3,413,413,0
40,6642,11,427,427,0
41,6782,14,432,432,0
42,6914,10,434,434,0
43,7053,8,442,442,0
44,7200,11,448,448,0
45,7374,4,463,463,0
46,7545,12,474,474,0
47,7790,3,483,483,0
48,7893,3,510,510,0
49,7997,3,519,519,0
50,8103,4,527,527,0
51,8212,3,543,543,0
52,8317,3,545,545,0
53,8435,3,551,551,0
54,8542,4,555,555,0
55,8643,4,560,560,0
56,8758,4,578,578,0
57,8901,4,590,590,0
58,9004,4,598,598,0
59,9104,4,603,603,0
60,9226,4,609,609,0
61,9311,4,639,639,0
62,9413,4,652,652,0
63,9827,3,668,668,0
64,9897,5,674,674,0
65,9994,4,680,680,0
66,10093,5,695,695,0
67,10194,5,709,709,0
68,10277,5,716,716,0
69,10371,4,732,732,0
70,10476,5,738,738,0
71,10570,5,743,743,0
72,10665,5,747,747,0
73,10749,5,757,757,0
74,10835,5,770,770,0
75,10926,5,784,784,0
76,11034,6,795,795,0
77,11142,6,799,799,0
78,11241,5,808,808,0
79,11337,6,824,824,0
80,11436,13,828,828,0
81,11595,26,831,831,0
82,11742,16,836,836,0
83,11943,24,853,853,0
84,12145,21,861,861,0
85,12353,24,863,863,0
86,12641,6,882,882,0
87,12722,6,883,883,0
88,12795,5,892,892,0
89,12886,6,896,896,0
90,12983,6,907,907,0
91,13063,6,926,926,0
92,13159,6,932,932,0
93,13247,6,948,948,0
94,13326,7,961,961,0
95,13402,6,966,966,0
96,13498,8,970,970,0
97,13603,7,975,975,0
98,13705,6,978,978,0
99,13796,6,980,980,0
100,13908,7,990,990,0
101,13983,7,1013,1013,0
102,14105,7,1019,1019,0
103,14185,9,1024,1024,0
104,14281,7,1027,1027,0
105,14381,7,1033,1033,0
106,14479,7,1041,1041,0
107,14575,7,1060,1060,0
108,14692,7,1064,1064,0
109,14775,7,1068,1068,0
110,15104,9,1073,1053,12
111,15171,9,1070,1056,0
112,15268,8,1080,1055,0
113,15367,8,1085,1043,6
114,15460,7,1089,1036,9
115,15543,7,1106,1024,27
116,15630,8,1106,1014,28
117,15707,7,1113,1008,32
118,15805,8,1117,977,60
119,15897,7,1128,964,75
120,16022,7,1119,933,77
121,16115,10,1155,957,72
122,16206,8,1177,959,84
123,16293,8,1195,977,83
124,16362,10,1197,968,87
125,16432,8,1213,952,113
126,16525,8,1216,926,139
127,16606,7,1219,916,140
128,16690,8,1226,912,145
129,16777,8,1225,893,168
130,16859,8,1228,881,182
131,16946,8,1233,858,204
132,17047,8,1243,833,238
133,17145,8,1238,836,228
134,17230,8,1228,836,219
135,17356,14,1233,799,259
136,17456,8,1236,770,288
137,17654,70,1231,761,282
138,17996,15,1218,733,279
139,18126,11,1195,705,278
140,18252,10,1215,703,287
141,18392,54,1204,694,280
142,18521,22,1207,673,298
143,18690,11,1232,662,329
144,18810,14,1243,652,346
145,19684,7,1233,557,406
146,19774,8,1209,560,373
147,19865,9,1221,543,397
148,19973,8,1219,521,417
149,20070,8,1229,502,438
150,20165,7,1237,506,439
151,20248,8,1237,507,444
152,20335,8,1247,500,461
153,20425,8,1250,494,473
154,20522,8,1254,499,469
155,20597,8,1252,495,468
156,20695,8,1252,472,501
157,20794,8,1245,460,507
158,20893,9,1247,462,508
159,20996,8,1254,449,526
160,21083,8,1240,444,514
161,21168,9,1249,435,531
162,21270,8,1247,410,554
163,21370,8,1250,409,548
164,21466,8,1250,392,569
165,21552,8,1268,385,585
166,21641,9,1299,416,580
167,21739,8,1301,415,580
168,21848,9,1298,414,578
169,21942,8,1303,427,563
170,22058,12,1288,426,551
171,22147,8,1292,414,572
172,22243,9,1283,415,558
173,22328,9,1307,438,561
174,22417,9,1307,429,573
175,22507,10,1307,426,581
176,22611,8,1309,428,581
177,22821,8,1306,419,590
178,22900,8,1292,419,576
179,22984,7,1293,422,586
180,23057,8,1290,417,590
181,23176,10,1293,421,588
182,23272,11,1285,411,591
183,23361,8,1281,400,595
184,23460,8,1296,391,616
185,23551,8,1306,400,614
186,23633,8,1307,387,631
187,23713,8,1269,387,595
188,23797,9,1286,403,585
189,23895,9,1284,392,593
190,23992,8,1275,391,587
191,24090,8,1266,377,603
192,24183,9,1266,381,603
193,24265,9,1254,377,590
194,24354,8,1244,376,582
195,24448,8,1264,397,584
196,24550,8,1276,409,581
197,24634,9,1283,423,571
198,24712,8,1288,428,569
199,24796,9,1304,443,568
200,24866,8,1288,433,569
201,24964,8,1287,433,567
202,25052,9,1283,428,568
203,25149,9,1280,425,572
204,25253,8,1281,436,561
205,25334,8,1284,438,563
206,25419,8,1281,448,547
207,25512,9,1284,436,565
208,25615,8,1288,428,579
209,25712,9,1279,429,571
210,25820,10,1296,435,577
211,25914,10,1296,424,588
212,26004,9,1299,427,589
213,26097,9,1322,440,585
214,26250,25,1327,430,601
215,27296,9,1330,360,683
216,27371,8,1337,366,682
217,27463,8,1339,366,681
218,27539,8,1341,368,681
219,27639,8,1323,370,661
220,27744,8,1320,362,667
221,27824,8,1321,360,668
222,27896,8,1321,369,659
223,27983,8,1337,377,660
224,28061,9,1314,346,674
225,28154,8,1322,349,686
226,28253,9,1325,350,690
227,28330,9,1310,358,663
228,28410,8,1312,359,662
229,28514,9,1311,336,687
230,28609,9,1310,334,699
231,28694,8,1295,332,687
232,28763,9,1308,350,673
233,28840,8,1307,350,669
234,28926,9,1326,365,670
235,29016,9,1344,380,680
236,29089,9,1340,376,684
237,29191,9,1345,377,686
238,29277,9,1349,369,697
239,29359,9,1333,365,691
240,29444,8,1353,386,689
241,29528,9,1364,397,686
242,29618,9,1369,400,684
243,29714,9,1384,413,686
244,29851,10,1385,409,689
245,29967,14,1376,411,674
246,30061,9,1387,421,670
247,30178,10,1392,425,671
248,30303,10,1388,401,696
249,30419,10,1394,408,695
250,30521,9,1399,409,692
251,30629,9,1402,413,693
252,30797,79,1408,412,700
253,30907,10,1411,411,705
254,31007,9,1421,415,710
255,31114,9,1433,413,722
256,31193,9,1448,411,734
257,31281,10,1452,402,746
258,31383,9,1458,385,772
259,31481,8,1461,387,771
260,31585,9,1464,379,786
261,31679,9,1463,379,787
262,31787,9,1467,375,800
263,31886,9,1466,363,814
264,31961,10,1493,388,812
265,32046,10,1506,396,817
266,32148,10,1505,395,822
267,32268,10,1508,398,820
268,32381,9,1506,398,817
269,32465,9,1509,387,837
270,32557,10,1525,402,832
271,32639,10,1527,404,832
272,32733,9,1533,410,829
273,32839,10,1537,412,829
274,32942,10,1540,416,823
275,33027,10,1539,414,825
276,33104,10,1553,425,817
277,33188,10,1556,418,833
278,33305,10,1563,417,840
279,33417,10,1575,427,844
280,33504,10,1581,426,851
281,33607,10,1587,432,851
282,33688,11,1590,418,871
283,33773,10,1599,423,872
284,33877,11,1600,422,868
285,33976,11,1600,425,865
286,34074,11,1605,433,856
287,34164,11,1614,444,854
288,34428,11,1618,448,853
289,34521,10,1613,448,848
290,34617,10,1614,451,846
291,34708,10,1619,443,858
292,34782,10,1633,445,870
293,34873,11,1633,440,882
294,34981,11,1635,439,888
295,35076,10,1635,434,889
296,35168,10,1643,426,902
297,35265,10,1647,430,902
298,35350,9,1658,435,905
299,35424,10,1668,443,904
300,35524,11,1672,448,905
301,35642,11,1698,471,897
302,35735,12,1710,479,899
303,35832,11,1719,473,911
304,35911,11,1727,468,922
305,35991,10,1728,459,927
306,36077,11,1726,456,935
307,36165,10,1738,464,946
308,36243,11,1755,477,949
309,36324,11,1762,477,957
310,36413,11,1767,467,980
311,36508,11,1766,456,994
312,36601,11,1772,460,998
313,36692,11,1783,459,1008
314,36794,11,1781,460,1005
315,36871,11,1792,470,1001
316,36956,11,1795,466,1003
317,37044,11,1798,469,999
318,37131,13,1802,476,991
319,37226,12,1804,469,998
320,37313,12,1814,478,998
321,37421,12,1829,492,990
322,38700,17,1836,448,1039
323,38818,11,1834,448,1032
324,38892,12,1830,447,1029
325,38979,12,1834,443,1042
326,39100,11,1833,433,1045
327,39191,11,1837,437,1046
328,39280,11,1838,431,1047
329,39362,11,1843,432,1046
330,39446,11,1843,436,1041
331,39534,11,1851,431,1055
332,39626,12,1864,437,1061
333,39726,11,1876,449,1057
334,39825,12,1883,456,1057
335,39944,12,1885,452,1059
336,40033,11,1891,453,1062
337,40115,16,1898,456,1065
338,40211,12,1903,463,1063
339,40290,12,1905,465,1063
340,40369,12,1903,463,1064
341,40472,17,1915,472,1066
342,40568,12,1916,470,1071
343,40657,11,1913,458,1085
344,40735,12,1903,456,1080
345,40811,11,1912,463,1081
346,40907,12,1924,474,1078
347,40986,14,1934,484,1070
348,41088,16,1941,493,1063
349,41196,16,1941,492,1066
350,41296,13,1949,489,1078
351,41399,12,1953,493,1078
352,41503,12,1958,498,1075
353,41588,13,1960,500,1075
354,41685,14,1955,501,1067
355,41820,60,1963,515,1052
356,41903,12,1962,520,1045
357,41994,12,1971,533,1041
358,42092,12,1971,537,1036
359,42187,12,1974,539,1030
360,42285,12,1976,541,1030
361,42384,12,1988,551,1029
362,42461,13,2002,562,1026
363,42538,12,2016,575,1027
364,42619,13,2026,587,1030
365,42698,12,2044,602,1027
366,42798,13,2049,604,1032
367,42872,13,2057,614,1028
368,42942,13,2068,624,1032
369,43014,12,2069,620,1039
370,43122,13,2068,621,1036
371,43198,14,2084,637,1031
372,43278,14,2098,657,1025
373,43364,13,2099,657,1027
374,43445,13,2101,656,1028
375,43519,13,2099,655,1025
376,43604,14,2100,653,1023
377,43693,13,2101,645,1038
378,43788,14,2103,645,1041
379,43873,13,2102,648,1040
380,43941,13,2118,667,1037
381,44027,13,2111,664,1032
382,44112,14,2115,659,1048
383,44197,14,2124,663,1053
384,44287,13,2134,675,1050
385,44385,14,2142,683,1050
386,44491,16,2143,681,1053
387,44594,15,2148,686,1048
388,44798,14,2150,686,1048
389,44890,13,2162,696,1044
390,44972,14,2186,719,1042
391,45054,13,2191,694,1086
392,45129,14,2191,691,1088
393,45211,13,2189,696,1081
394,45300,16,2195,681,1104
395,45376,13,2182,675,1100
396,45467,13,2183,660,1111
397,45561,14,2201,659,1136
398,45663,14,2206,649,1154
399,45763,13,2190,639,1158
400,45851,14,2192,623,1181
401,45963,14,2200,611,1206
402,46066,14,2195,594,1215
403,46164,14,2199,575,1257
404,46269,14,2197,552,1291
405,46350,14,2211,553,1311
406,46439,14,2218,552,1324
407,46514,13,2220,544,1341
408,46610,14,2218,529,1355
409,46703,14,2208,500,1383
410,46803,13,2207,496,1387
411,46898,13,2215,501,1385
412,46982,14,2193,510,1347
413,47068,12,2164,490,1339
414,47167,14,2178,498,1340
415,47261,13,2167,496,1329
416,47376,14,2177,504,1334
417,47458,14,2169,476,1357
418,47810,13,2188,476,1360
419,47891,14,2200,487,1362
420,47972,13,2220,503,1358
421,48057,14,2227,509,1365
422,48155,14,2231,509,1361
423,48242,14,2245,518,1358
424,48326,17,2253,514,1374
425,48423,14,2269,524,1379
426,48526,14,2254,501,1393
427,48612,15,2265,515,1391
428,48706,15,2266,497,1416
429,48792,14,2267,489,1432
430,48877,14,2284,499,1433
431,48982,14,2274,493,1431
432,49069,14,2275,494,1430
433,49150,15,2269,482,1439
434,49237,15,2269,482,1439
435,49325,15,2270,484,1435
436,49401,14,2286,500,1433
437,49478,16,2271,498,1424
438,49560,15,2267,490,1429
439,49662,14,2266,474,1453
440,49745,15,2259,465,1459
441,49817,13,2257,460,1465
442,49900,15,2251,462,1455
443,50000,16,2241,465,1438
444,50086,14,2251,446,1475
445,50180,15,2251,430,1500
446,50277,14,2244,432,1490
447,50360,14,2254,449,1483
448,50541,88,2247,441,1492
449,50641,14,2244,441,1489
450,50740,15,2241,449,1474
451,50839,14,2247,456,1471
452,50924,14,2240,454,1474
453,50999,15,2246,460,1469
454,51089,15,2261,468,1476
455,51173,14,2262,455,1491
456,51235,13,2254,455,1479
457,51316,14,2289,491,1469
458,51398,14,2288,498,1454
459,51483,14,2279,500,1443
460,51574,14,2281,493,1455
461,51668,14,2289,506,1448
462,51745,15,2288,501,1453
463,51827,13,2297,494,1471
464,51914,15,2298,482,1486
465,52022,15,2299,479,1495
466,52107,16,2292,480,1490
467,52188,15,2287,472,1495
468,52273,14,2300,477,1497
469,52356,14,2300,473,1501
470,52451,14,2315,488,1493
471,52545,15,2325,485,1512
472,52615,14,2314,486,1500
473,52691,14,2307,488,1489
474,52783,14,2310,492,1484
475,52874,15,2312,494,1483
476,52951,15,2323,509,1471
477,53043,14,2316,516,1453
478,53256,18,2326,525,1448
479,53326,14,2346,543,1445
480,53428,16,2344,544,1442
481,53518,15,2350,553,1433
482,53600,15,2350,555,1429
483,53692,14,2351,559,1425
484,53788,15,2337,560,1408
485,53874,15,2349,559,1414
486,53978,14,2348,544,1434
487,54058,14,2347,543,1431
488,54137,15,2367,556,1432
489,54218,14,2376,546,1451
490,54310,16,2372,532,1459
491,54407,15,2376,515,1500
492,54497,16,2381,511,1508
493,54595,16,2380,493,1535
494,54684,15,2377,502,1520
495,54780,15,2368,511,1499
496,54871,15,2378,518,1510
497,54967,15,2381,531,1499
498,55068,14,2389,538,1491
499,55154,16,2386,530,1500
500,55254,17,2380,531,1494
501,55334,15,2373,528,1489
502,55414,13,2371,506,1513
503,55518,15,2382,506,1517
504,55624,20,2381,518,1507
505,55730,15,2379,513,1515
506,57191,1359,2376,462,1578
507,57273,15,2389,405,1663
508,57350,14,2378,408,1649
509,57456,15,2373,399,1658
510,57544,14,2371,402,1655
511,57628,15,2361,404,1643
512,57713,15,2349,394,1646
513,57811,14,2344,395,1641
514,57904,15,2343,392,1648
515,57990,14,2342,390,1650
516,58061,15,2329,389,1636
517,58154,14,2325,390,1631
518,58244,15,2331,396,1626
519,58327,15,2336,404,1621
520,58441,15,2337,407,1620
521,58533,15,2338,411,1615
522,58612,14,2326,411,1603
523,58689,13,2315,411,1591
524,58785,12,2310,413,1583
525,58893,15,2308,413,1591
526,58977,14,2292,403,1588
527,59065,14,2297,405,1594
528,59136,14,2303,408,1601
529,59223,14,2314,404,1621
530,59302,15,2325,413,1623
531,59392,15,2335,418,1627
532,59501,18,2350,423,1636
533,59591,18,2373,440,1645
534,59754,69,2388,441,1656
535,59832,14,2376,440,1648
536,59920,14,2373,438,1649
537,60030,14,2370,442,1642
538,60122,14,2368,436,1648
539,60223,15,2368,429,1660
540,60340,17,2376,432,1665
541,60444,14,2379,426,1672
542,60556,14,2382,429,1675
543,60659,14,2395,411,1703
544,60768,14,2397,408,1710
545,60881,15,2399,398,1722
546,60984,15,2404,391,1738
547,61077,15,2404,389,1738
548,61181,16,2413,388,1755
549,61288,15,2416,381,1762
550,61371,16,2427,362,1788
551,61463,16,2445,371,1796
552,61544,15,2450,374,1795
553,61652,16,2458,384,1790
554,61751,16,2458,371,1809
555,61842,16,2468,378,1806
556,61954,20,2472,375,1816
557,62065,27,2468,362,1822
558,62173,15,2471,370,1813
559,62265,16,2482,368,1823
560,62358,16,2487,371,1819
561,62537,86,2490,372,1820
562,62631,15,2492,374,1820
563,62732,14,2495,376,1817
564,62818,15,2494,342,1854
565,62912,15,2507,355,1851
566,63026,14,2509,342,1871
567,63140,15,2515,346,1872
568,63225,15,2516,348,1871
569,63326,15,2537,346,1890
570,63406,14,2547,357,1880
571,63504,16,2560,364,1877
572,63590,15,2561,363,1881
573,63699,16,2563,365,1880
574,63804,16,2563,362,1887
575,63899,16,2561,361,1884
576,63998,16,2558,357,1890
577,64098,16,2555,355,1887
578,64207,17,2557,358,1883
579,64283,18,2564,367,1878
580,64399,16,2564,360,1887
581,64500,16,2566,361,1880
582,64591,16,2564,362,1877
583,64691,16,2569,357,1879
584,64792,16,2568,359,1875
585,64884,16,2580,367,1873
586,64984,16,2586,373,1869
587,65083,17,2584,374,1865
588,65253,111,2595,384,1862
589,65344,15,2601,385,1858
590,65432,17,2605,389,1857
591,65530,16,2607,398,1849
592,65622,17,2611,401,1854
593,65718,15,2619,399,1871
594,65808,17,2632,395,1885
595,65892,16,2643,405,1886
596,66010,16,2646,395,1901
597,66129,16,2648,398,1899
598,66211,16,2657,398,1910
599,66313,16,2660,395,1917
600,66418,15,2660,389,1927
601,66517,17,2669,394,1930
602,66614,17,2677,401,1930
603,66731,17,2679,402,1931
604,66825,17,2696,413,1933
605,66900,17,2702,419,1935
606,67011,18,2705,404,1968
607,67111,16,2721,418,1970
608,67202,18,2723,419,1969
609,67295,16,2720,415,1972
610,67391,17,2718,413,1968
611,67485,16,2721,408,1978
612,67575,17,2721,394,1998
613,67663,16,2739,412,1995
614,67752,17,2739,412,1996
615,67955,16,2742,412,1998
616,68054,16,2743,414,1995
617,68137,17,2745,416,1992
618,68232,16,2740,411,2000
619,68319,17,2748,423,1994
620,68407,18,2756,428,1987
621,68503,17,2757,426,1992
622,68613,17,2763,415,2000
623,68720,19,2762,413,2002
624,68824,17,2759,413,1999
625,68918,17,2759,410,2006
626,69005,17,2769,417,2007
627,69096,18,2769,412,2011
628,69188,17,2776,418,2018
629,69311,18,2779,417,2025
630,69389,17,2793,430,2023
631,69478,18,2796,434,2016
632,69587,17,2798,438,2010
633,69668,18,2810,450,2008
634,69762,17,2817,453,2004
635,69843,19,2822,453,2008
636,69936,17,2821,455,2005
637,70023,18,2837,470,2005
638,70105,18,2838,470,2004
639,70299,17,2843,465,2023
640,70393,17,2845,465,2022
641,70493,17,2843,460,2027
642,70576,17,2841,461,2023
643,70670,17,2856,474,2016
644,70769,17,2861,477,2014
645,70869,18,2854,475,2012
646,70965,18,2855,479,2004
647,71057,18,2862,486,1999
648,71146,17,2867,493,1990
649,71232,18,2872,498,1984
650,71313,17,2874,500,1982
651,71381,18,2895,521,1982
652,71479,18,2897,525,1977
653,71584,18,2902,532,1973
654,71671,18,2902,534,1968
655,71760,16,2903,539,1961
656,71851,18,2911,547,1957
657,71940,19,2925,562,1951
658,72019,18,2943,580,1947
659,72108,19,2944,582,1943
660,72206,18,2954,593,1941
661,72305,18,2953,594,1939
662,72507,117,2957,600,1935
663,72598,17,2960,605,1932
664,72698,17,2961,603,1931
665,72788,18,2977,616,1936
666,72872,18,2978,614,1939
667,72968,19,2979,614,1937
668,73058,19,2996,633,1931
669,73153,18,3011,641,1939
670,73256,19,3012,629,1954
671,73347,18,3008,630,1947
672,73435,21,3027,647,1949
673,73520,25,3026,649,1940
674,73616,19,3030,649,1938
675,73710,20,3047,665,1937
676,73790,19,3055,671,1934
677,73905,18,3059,668,1940
678,74015,19,3060,663,1951
679,74111,19,3076,676,1964
680,74205,18,3087,682,1962
681,74302,19,3100,694,1956
682,74398,19,3103,697,1955
683,74573,120,3106,700,1955
684,74672,22,3114,702,1962
685,74775,23,3116,704,1962
686,74859,18,3126,711,1966
687,74949,19,3138,713,1972
688,75065,25,3134,690,2004
689,75174,18,3122,669,2025
690,75275,19,3115,669,2022
691,75376,19,3117,659,2050
692,75463,19,3108,653,2045
693,75534,19,3104,649,2044
694,75628,18,3111,645,2052
695,75714,20,3108,629,2067
696,75809,18,3118,626,2080
697,75898,19,3110,621,2084
698,75979,18,3092,588,2113
699,76068,19,3122,613,2106
700,76170,19,3128,601,2127
701,76274,20,3122,589,2149
702,76369,21,3109,581,2149
703,76468,18,3100,575,2153
704,76658,17,3106,560,2171
705,76747,18,3104,552,2189
706,76841,17,3105,543,2198
707,76924,19,3128,566,2191
708,77005,19,3129,564,2194
709,77108,19,3135,548,2217
710,77195,19,3134,521,2254
711,77289,19,3136,509,2268
712,77379,20,3140,503,2279
713,77470,19,3140,495,2291
714,77544,19,3151,513,2278
715,77635,20,3142,511,2271
716,77737,22,3125,484,2282
717,77834,18,3125,465,2309
718,77931,18,3114,448,2325
719,78021,19,3102,448,2313
720,78123,18,3099,448,2307
721,78410,211,3100,437,2328
722,78498,19,3098,415,2362
723,78609,18,3105,422,2364
724,78694,19,3119,417,2386
725,78789,19,3110,397,2406
726,78876,19,3107,400,2394
727,78965,19,3114,412,2388
728,79066,19,3114,411,2391
729,79165,19,3111,414,2381
730,79265,19,3109,387,2406
731,79363,19,3098,380,2410
732,79452,19,3089,368,2415
733,79550,19,3094,373,2414
734,79647,19,3095,350,2436
735,79731,19,3091,343,2441
736,79828,20,3076,345,2426
737,79926,20,3056,334,2424
738,80015,19,3061,352,2405
739,80215,18,3052,349,2408
740,80310,23,3039,344,2405
741,80398,18,3035,349,2391
742,80502,18,3032,349,2390
743,80595,19,3006,344,2372
744,80678,19,3017,351,2373
745,80763,21,3051,385,2360
746,80865,18,3050,383,2362
747,80946,19,3048,388,2355
748,81060,19,3038,378,2356
749,81176,19,3045,372,2379
750,81261,19,3058,384,2377
751,81351,19,3055,384,2367
752,81445,20,3049,376,2368
753,81554,19,3046,373,2371
754,81647,18,3037,375,2358
755,81735,19,3039,367,2372
756,83216,1418,3054,338,2428
757,83305,19,3095,351,2459
758,83402,19,3098,344,2470
759,83489,18,3093,335,2475
760,83587,19,3089,323,2491
761,83673,17,3091,320,2499
762,83765,20,3084,324,2487
763,83829,17,3070,325,2472
764,83904,19,3066,326,2469
765,84008,18,3077,319,2499
766,84106,19,3078,321,2490
767,84214,19,3082,310,2513
768,84300,19,3085,313,2512
769,84391,19,3092,324,2507
770,84498,18,3095,334,2494
771,84591,20,3105,342,2498
772,84677,19,3111,345,2494
773,84811,62,3108,346,2484
774,84909,18,3109,336,2497
775,84998,19,3110,336,2487
776,85089,18,3096,333,2479
777,85183,19,3094,335,2470
778,85263,20,3094,335,2470
779,85369,19,3083,340,2453
780,85476,18,3083,329,2467
781,85579,19,3077,328,2467
782,85671,19,3091,333,2479
783,85769,19,3103,343,2485
784,85855,19,3112,342,2493
785,85952,20,3099,341,2479
786,86049,19,3106,341,2481
787,86152,19,3105,343,2471
788,86248,20,3096,335,2480
789,86347,19,3101,335,2479
790,86452,20,3087,335,2467
791,86586,18,3086,335,2471
792,86674,17,3086,332,2471
793,86767,20,3076,322,2485
794,86861,19,3060,325,2462
795,86953,19,3060,322,2475
796,87049,18,3061,325,2474
797,87141,18,3066,335,2464
798,87225,19,3097,365,2465
799,87324,18,3101,364,2464
800,87414,19,3092,366,2446
801,87498,19,3073,370,2417
802,87605,19,3066,367,2414
803,87713,20,3067,358,2432
804,87811,18,3066,357,2434
805,87903,18,3062,357,2430
806,88007,19,3061,356,2430
807,88107,20,3060,357,2424
808,88262,20,3063,357,2430
809,88355,19,3085,371,2439
810,88456,18,3085,370,2441
811,88545,19,3085,370,2441
812,88631,19,3084,365,2448
813,88721,19,3083,365,2447
814,88805,18,3064,348,2449
815,88890,19,3075,351,2457
816,88979,19,3081,348,2457
817,89077,19,3082,350,2453
818,89170,19,3084,352,2453
819,89273,20,3075,344,2461
820,89392,18,3071,341,2463
821,89492,19,3059,342,2450
822,89573,19,3050,342,2441
823,89663,19,3052,351,2431
824,89767,21,3064,362,2429
825,89962,18,3063,345,2443
826,90062,18,3064,346,2443
827,90170,18,3059,332,2452
828,90285,19,3067,326,2463
829,90400,19,3064,327,2459
830,90544,28,3067,327,2461
831,90673,18,3068,313,2479
832,90779,24,3081,324,2479
833,90886,19,3096,331,2478
834,90979,20,3095,324,2491
835,91070,19,3103,308,2504
836,91183,19,3100,305,2507
837,91299,24,3099,307,2499
838,91410,22,3108,314,2503
839,91518,19,3119,314,2506
840,91615,20,3115,316,2498
841,91809,95,3112,298,2515
842,91918,18,3115,301,2508
843,92013,19,3127,311,2509
844,92109,18,3129,305,2522
845,92211,19,3132,307,2518
846,92308,18,3136,308,2523
847,92410,19,3137,305,2530
848,92500,19,3151,319,2527
849,92597,19,3149,317,2528
850,92687,19,3152,319,2524
851,92784,20,3151,309,2537
852,92899,19,3158,311,2540
853,93011,19,3162,313,2542
854,93115,20,3171,318,2545
855,93213,23,3175,310,2556
856,93303,20,3185,320,2554
857,93397,20,3184,322,2550
858,93483,20,3188,317,2560
859,93588,20,3194,317,2557
860,93762,19,3205,314,2572
861,93837,20,3223,337,2564
862,93934,19,3236,347,2570
863,94031,20,3243,355,2570
864,94157,26,3243,355,2573
865,94268,20,3251,365,2570
866,94367,20,3262,373,2572
867,94452,19,3260,362,2583
868,94547,19,3260,362,2586
869,94649,20,3268,369,2579
870,94756,20,3273,367,2589
871,94861,22,3275,371,2587
872,94956,21,3278,371,2586
873,95053,20,3279,371,2589
874,95156,21,3287,379,2589
875,95261,21,3291,369,2608
876,95370,26,3305,374,2610
877,95558,120,3321,386,2614
878,95643,20,3319,373,2626
879,95738,20,3328,382,2625
880,95839,18,3328,380,2632
881,95932,20,3329,379,2630
882,96032,20,3327,369,2639
883,96141,20,3327,366,2646
884,96241,20,3326,356,2656
885,96355,19,3324,353,2660
886,96471,20,3326,344,2681
887,96582,21,3325,344,2681
888,96679,20,3324,344,2680
889,96777,21,3326,336,2688
890,96866,21,3322,339,2674
891,96955,19,3321,339,2673
892,97037,21,3317,339,2669
893,97146,19,3319,345,2663
894,97251,20,3315,347,2657
895,97462,135,3329,361,2650
896,97559,20,3337,369,2646
897,97685,21,3341,373,2646
898,97781,20,3349,382,2638
899,97882,20,3364,398,2630
900,97976,20,3354,401,2615
901,98061,20,3369,415,2606
902,98164,21,3369,421,2596
903,98270,21,3376,425,2597
904,98366,21,3379,427,2597
905,98458,21,3383,427,2603
906,98558,21,3386,431,2600
907,98660,21,3383,424,2611
908,98752,24,3396,435,2611
909,98863,22,3409,449,2608
910,98969,21,3423,463,2607
911,99059,21,3430,471,2605
912,99283,151,3446,477,2616
913,99379,21,3447,473,2621
914,99458,20,3448,476,2616
915,99549,21,3445,477,2611
916,99650,20,3441,474,2614
917,99749,20,3442,474,2618
918,99834,21,3444,484,2613
919,99934,21,3441,485,2607
920,100036,21,3442,480,2616
921,100144,21,3444,480,2615
922,100230,21,3442,479,2614
923,100344,22,3446,480,2617
924,100427,22,3448,482,2615
925,100519,21,3456,490,2615
926,100612,21,3455,486,2623
927,100716,21,3460,490,2619
928,100938,152,3455,470,2635
929,101020,21,3455,466,2645
930,101107,21,3460,472,2644
931,101230,20,3465,471,2654
932,101322,21,3465,471,2654
933,101412,21,3466,454,2665
934,101527,21,3464,455,2661
935,101621,21,3467,460,2654
936,101714,21,3475,468,2651
937,101829,23,3479,468,2653
938,101938,28,3480,461,2651
939,102039,21,3482,461,2652
940,102142,21,3484,460,2652
941,102233,21,3493,470,2650
942,102339,22,3501,478,2642
943,102595,168,3502,475,2642
944,102693,21,3500,472,2653
945,102786,21,3497,462,2665
946,102870,21,3499,462,2665
947,102959,21,3503,464,2666
948,103058,21,3500,466,2656
949,103142,21,3498,466,2651
950,103241,21,3500,463,2657
951,103340,24,3500,461,2658
952,103444,21,3506,465,2657
953,103521,21,3507,463,2661
954,103636,21,3504,464,2655
955,103735,21,3521,479,2655
956,103837,22,3528,487,2651
957,104060,20,3548,502,2662
958,104148,21,3557,509,2664
959,104241,20,3557,500,2676
960,104332,22,3560,500,2679
961,104412,22,3577,517,2676
962,104505,21,3577,515,2678
963,104586,21,3577,512,2681
964,104697,21,3582,518,2682
965,104794,21,3582,513,2687
966,104879,22,3601,530,2684
967,104977,20,3599,529,2684
968,105096,26,3600,484,2749
969,105209,22,3599,453,2785
970,105424,21,3618,453,2808
971,105525,20,3605,439,2816
972,105618,23,3607,433,2828
973,105707,21,3594,423,2827
974,105803,21,3578,429,2805
975,105902,22,3598,431,2817
976,105994,21,3577,443,2779
977,106080,22,3575,435,2793
978,106188,22,3576,438,2786
979,106279,23,3597,433,2797
980,106383,23,3595,412,2821
981,106484,21,3583,405,2814
982,106581,21,3583,420,2797
983,106820,165,3578,416,2801
984,106920,20,3562,419,2786
985,107021,21,3559,420,2784
986,107116,22,3571,427,2789
987,107226,21,3568,426,2791
988,107322,21,3572,418,2801
989,107426,22,3576,419,2806
990,107529,22,3580,422,2809
991,107615,21,3578,431,2800
992,107705,22,3590,437,2799
993,107797,23,3571,432,2780
994,107899,22,3584,431,2788
995,107994,21,3589,411,2816
996,108077,22,3581,410,2809
997,109532,22,3581,328,2961
998,109638,21,3554,324,2933
999,109727,21,3549,322,2940
1000,109824,22,3559,321,2956
1001,109920,23,3531,315,2938
1002,110006,22,3551,332,2934
1003,110087,21,3551,332,2934
1004,110190,22,3563,332,2950
1005,110287,19,3563,328,2962
1006,110375,21,3572,331,2975
1007,110468,22,3576,332,2974
1008,110567,22,3580,337,2963
1009,110687,22,3579,329,2972
1010,110829,23,3568,333,2965
1011,110932,21,3559,313,2977
1012,111025,21,3567,317,2985
1013,111122,21,3576,319,2999
1014,111199,20,3566,317,2990
1015,111295,20,3557,298,3005
1016,111381,20,3548,291,3005
1017,111474,21,3541,296,2993
1018,111568,22,3549,295,3001
1019,111654,21,3547,296,2999
1020,111732,21,3564,307,3002
1021,111830,21,3563,318,2988
1022,111930,21,3561,318,2989
1023,112032,21,3568,329,2980
1024,112158,21,3590,335,2998
1025,112251,21,3594,332,3003
1026,112334,22,3594,321,3013
1027,112414,21,3583,322,3001
1028,112506,22,3581,312,3012
1029,112590,20,3564,312,2995
1030,112686,21,3563,308,3000
1031,112766,20,3557,314,2992
1032,112853,20,3565,307,3023
1033,112934,20,3589,332,3010
1034,113037,22,3564,331,2989
1035,113142,21,3560,313,3011
1036,113242,21,3562,303,3025
1037,113333,24,3565,302,3030
1038,113464,20,3566,303,3031
1039,113549,21,3573,310,3029
1040,113639,20,3566,304,3031
1041,113724,22,3582,322,3025
1042,113812,22,3582,330,3018
1043,113904,21,3582,331,3018
1044,113997,21,3583,331,3021
1045,114079,22,3581,328,3025
1046,114175,23,3578,322,3019
1047,114267,22,3590,337,3008
1048,114369,22,3590,340,2988
1049,114462,21,3595,346,2978
1050,114558,22,3591,348,2970
1051,114647,21,3591,347,2971
1052,114799,75,3596,359,2957
1053,114903,21,3594,359,2958
1054,115000,21,3596,356,2964
1055,115104,22,3601,365,2955
1056,115211,21,3605,368,2947
1057,115320,21,3611,361,2952
1058,115433,28,3611,364,2949
1059,115517,22,3615,366,2943
1060,115613,21,3634,363,2970
1061,115710,23,3639,366,2968
1062,115801,22,3649,376,2968
1063,115897,22,3648,376,2967
1064,116000,22,3649,378,2964
1065,116093,22,3652,378,2961
1066,116256,94,3652,368,2981
1067,116349,22,3657,361,2996
1068,116436,22,3660,371,2982
1069,116536,22,3661,369,2984
1070,116634,22,3673,377,2991
1071,116737,22,3682,386,2991
1072,116847,24,3680,387,2985
1073,116947,23,3683,390,2980
1074,117035,23,3660,389,2962
1075,117128,23,3658,397,2949
1076,117223,22,3656,385,2962
1077,117316,22,3657,396,2957
1078,117427,22,3660,397,2960
1079,117510,21,3671,408,2955
1080,117586,22,3671,411,2951
1081,117734,23,3673,410,2950
1082,117833,20,3677,404,2956
1083,117950,23,3686,409,2968
1084,118052,22,3688,408,2969
1085,118164,23,3687,401,2976
1086,118241,23,3685,400,2976
1087,118345,23,3688,403,2973
1088,118447,22,3696,410,2968
1089,118517,23,3709,425,2966
1090,118617,25,3714,426,2974
1091,118723,23,3716,418,2986
1092,118821,23,3715,418,2985
1093,118913,26,3730,428,2982
1094,119016,29,3734,432,2982
1095,119177,21,3733,422,2996
1096,119258,22,3734,425,2990
1097,119338,22,3745,434,2994
1098,119420,23,3745,433,2993
1099,119518,22,3736,434,2978
1100,119618,23,3743,441,2978
1101,119719,23,3751,451,2972
1102,119810,23,3755,448,2982
1103,119911,24,3770,450,2995
1104,120003,23,3772,459,2988
1105,120120,24,3773,458,2992
1106,120232,22,3780,467,2987
1107,120349,23,3780,471,2972
1108,120448,22,3779,465,2981
1109,120619,90,3778,454,2998
1110,120706,22,3777,456,2995
1111,120809,23,3787,453,3014
1112,120911,23,3798,452,3016
1113,121022,23,3807,461,3010
1114,121130,21,3803,449,3031
1115,121246,23,3805,436,3046
1116,121343,23,3818,436,3053
1117,121460,23,3823,431,3067
1118,121558,23,3821,430,3068
1119,121661,23,3820,414,3086
1120,121762,23,3817,416,3078
1121,121869,23,3817,416,3078
1122,121972,22,3825,404,3101
1123,122061,22,3823,405,3098
1124,122235,92,3825,397,3108
1125,122335,23,3829,388,3120
1126,122435,23,3830,381,3128
1127,122536,23,3847,395,3122
1128,122668,27,3846,385,3148
1129,122783,22,3847,373,3165
1130,122889,23,3849,372,3169
1131,122991,23,3849,358,3197
1132,123080,22,3864,352,3211
1133,123184,23,3867,360,3199
1134,123281,23,3868,362,3194
1135,123386,23,3870,364,3189
1136,123484,23,3869,367,3181
1137,123588,23,3878,380,3174
1138,123686,23,3878,381,3172
1139,123795,24,3887,392,3160
1140,123998,24,3888,393,3160
1141,124128,29,3895,404,3151
1142,124250,24,3894,404,3150
1143,124364,25,3895,411,3143
1144,124469,23,3911,424,3141
1145,124555,23,3912,417,3152
1146,124661,28,3925,428,3148
1147,124753,24,3928,423,3157
1148,125089,33,3926,419,3163
1149,125203,25,3924,417,3152
1150,125313,25,3939,429,3157
1151,125429,36,3939,417,3169
1152,125521,26,3963,440,3163
1153,125616,27,3963,439,3170
1154,125733,31,3981,456,3161
1155,125933,132,3989,463,3168
1156,126034,25,3997,469,3164
1157,126143,25,4004,471,3164
1158,126258,24,4007,471,3166
1159,126363,26,4019,478,3160
1160,126478,28,4026,478,3173
1161,126588,25,4027,479,3173
1162,126692,25,4026,461,3196
1163,126810,31,4025,462,3193
1164,126920,28,4027,461,3198
1165,127024,30,4040,470,3203
1166,127151,25,4032,468,3200
1167,127264,26,4037,457,3211
1168,127364,29,4042,450,3224
1169,127487,36,4059,465,3218
1170,127585,27,4064,461,3216
1171,127805,133,4065,448,3241
1172,127907,24,4066,446,3240
1173,127994,24,4066,448,3235
1174,128110,26,4069,446,3253
1175,128197,23,4071,449,3252
1176,128308,25,4070,427,3275
1177,128407,25,4069,428,3267
1178,128498,23,4089,447,3264
1179,128601,25,4093,448,3267
1180,128695,25,4090,437,3274
1181,128798,25,4097,442,3274
1182,128901,25,4097,442,3274
1183,129015,25,4096,440,3278
1184,129094,25,4105,437,3289
1185,129201,24,4106,438,3289
1186,129292,25,4121,453,3286
1187,129500,23,4120,451,3297
1188,129596,27,4140,462,3308
1189,129695,25,4141,464,3305
1190,129796,28,4155,478,3292
1191,129900,25,4157,468,3302
1192,130017,25,4154,468,3300
1193,130112,25,4167,479,3294
1194,130218,25,4177,487,3293
1195,130310,24,4175,487,3293
1196,130409,26,4175,475,3306
1197,130496,26,4189,488,3304
1198,130604,25,4194,491,3302
1199,130704,25,4193,487,3311
1200,130796,25,4190,487,3304
1201,130913,25,4188,488,3301
1202,131129,25,4190,487,3311
1203,131251,25,4189,487,3307
1204,131347,26,4183,487,3297
1205,131442,26,4194,487,3299
1206,131549,25,4201,497,3294
1207,131637,26,4208,500,3285
1208,131729,25,4203,496,3284
1209,131842,25,4198,498,3275
1210,131942,26,4204,504,3277
1211,132046,26,4207,503,3285
1212,132146,25,4207,496,3293
1213,132242,25,4226,511,3282
1214,132356,25,4221,509,3274
1215,132562,126,4216,506,3277
1216,132647,25,4215,505,3282
1217,132745,28,4216,508,3279
1218,132834,25,4216,504,3283
1219,132935,25,4218,509,3273
1220,133046,25,4219,506,3277
1221,133153,25,4224,499,3296
1222,133244,25,4227,491,3306
1223,133354,25,4241,507,3300
1224,133465,26,4235,508,3295
1225,133570,26,4236,508,3296
1226,133673,25,4234,507,3298
1227,133776,25,4230,507,3294
1228,133863,25,4228,505,3295
1229,133965,26,4228,506,3291
1230,134197,25,4254,532,3285
1231,134300,26,4255,532,3285
1232,134416,28,4253,525,3287
1233,134499,25,4251,526,3284
1234,134604,26,4249,523,3285
1235,134714,26,4252,526,3279
1236,134833,25,4267,539,3276
1237,134940,26,4279,550,3270
1238,135040,25,4287,561,3266
1239,135123,26,4288,536,3301
1240,135220,26,4291,529,3312
1241,135312,26,4299,532,3316
1242,135390,26,4281,533,3296
1243,135492,26,4278,523,3303
1244,135706,25,4269,472,3370
1245,135803,26,4278,444,3416
1246,135910,26,4278,432,3423
1247,136042,26,4279,391,3487
1248,136152,26,4260,360,3522
1249,136245,25,4260,343,3549
1250,136344,25,4246,341,3538
1251,136462,26,4250,342,3540
1252,136558,25,4259,349,3545
1253,136653,25,4266,358,3545
1254,136749,24,4248,357,3534
1255,136847,25,4236,334,3547
1256,136937,25,4228,332,3539
1257,138353,1339,4226,316,3564
1258,138470,23,4227,197,3775
1259,138577,25,4227,198,3771
1260,138680,25,4227,195,3773
1261,138785,25,4228,186,3784
1262,138887,24,4210,187,3760
1263,138996,25,4209,195,3761
1264,139077,25,4206,195,3758
1265,139173,25,4225,204,3773
1266,139263,25,4206,205,3754
1267,139339,25,4208,213,3743
1268,139440,25,4219,223,3747
1269,139533,25,4199,224,3722
1270,139637,25,4200,221,3734
1271,139765,56,4188,218,3730
1272,139859,25,4181,240,3695
1273,139959,24,4162,241,3672
1274,140046,25,4161,252,3650
1275,140142,23,4166,257,3646
1276,140238,25,4159,256,3637
1277,140340,25,4167,259,3639
1278,140427,24,4167,259,3639
1279,140524,25,4166,258,3648
1280,140623,24,4157,257,3642
1281,140711,25,4148,265,3621
1282,140823,24,4157,274,3625
1283,140952,25,4166,271,3636
1284,141046,25,4164,261,3656
1285,141151,26,4183,277,3660
1286,141296,25,4193,273,3676
1287,141393,25,4191,272,3676
1288,141503,24,4202,282,3670
1289,141611,25,4203,285,3655
1290,141699,25,4210,279,3669
1291,141793,26,4227,295,3670
1292,141891,27,4245,301,3680
1293,142005,25,4240,301,3675
1294,142108,25,4240,289,3696
1295,142229,25,4252,301,3693
1296,142326,25,4264,313,3689
1297,142424,25,4255,313,3680
1298,142508,25,4266,324,3675
1299,142606,26,4278,343,3662
1300,142747,77,4269,343,3653
1301,142835,25,4269,343,3653
1302,142918,26,4271,322,3684
1303,143016,25,4285,335,3681
1304,143118,26,4289,339,3673
1305,143247,31,4280,340,3663
1306,143369,26,4275,337,3663
1307,143453,26,4292,351,3666
1308,143566,28,4282,362,3640
1309,143707,43,4277,361,3641
1310,143799,31,4267,361,3631
1311,144066,182,4263,339,3662
1312,144146,24,4269,333,3678
1313,144808,49,4273,272,3767
1314,144964,40,4274,272,3768
1315,145231,39,4278,265,3783
1316,145362,31,4268,267,3766
1317,145473,29,4263,272,3752
1318,145606,30,4256,279,3730
1319,145724,27,4256,262,3752
1320,145850,31,4251,253,3764
1321,145948,27,4244,250,3760
1322,146056,27,4246,252,3753
1323,146145,27,4246,261,3736
1324,146238,29,4250,265,3728
1325,146347,28,4229,265,3707
1326,146454,27,4220,264,3698
1327,146568,25,4218,264,3696
1328,146671,27,4224,269,3692
1329,146766,26,4235,279,3690
1330,146948,27,4251,288,3685
1331,147071,47,4260,285,3707
1332,147186,25,4255,290,3687
1333,147277,27,4255,293,3683
1334,147360,26,4255,293,3683
1335,147457,25,4244,302,3659
1336,147567,26,4244,303,3657
1337,147665,27,4257,320,3644
1338,147785,27,4255,318,3651
1339,147887,26,4256,320,3652
1340,147979,25,4266,330,3637
1341,148061,25,4275,336,3644
1342,148155,27,4288,345,3643
1343,148259,26,4297,350,3644
1344,148435,100,4314,356,3665
1345,148518,25,4309,357,3661
1346,148627,26,4311,357,3667
1347,148737,24,4318,363,3666
1348,148846,25,4325,374,3659
1349,148940,27,4323,374,3657
1350,149055,27,4340,390,3641
1351,149132,26,4331,380,3643
1352,149224,26,4332,378,3645
1353,149341,27,4332,377,3650
1354,149433,26,4342,387,3649
1355,149530,25,4352,397,3649
1356,149628,25,4340,399,3627
1357,149721,26,4348,382,3658
1358,149812,27,4348,381,3662
1359,149996,117,4335,382,3648
1360,150115,27,4329,374,3648
1361,150228,24,4330,369,3654
1362,150343,25,4335,349,3689
1363,150451,26,4346,339,3712
1364,150569,25,4349,342,3707
1365,150679,27,4354,337,3717
1366,150831,25,4361,335,3725
1367,150944,26,4383,356,3727
1368,151043,25,4398,366,3731
1369,151163,26,4399,367,3726
1370,151288,36,4403,352,3751
1371,151412,27,4396,351,3749
1372,151518,26,4394,341,3765
1373,151641,27,4403,330,3800
1374,151830,118,4400,322,3809
1375,151949,26,4401,314,3820
1376,152053,27,4401,314,3820
1377,152158,27,4403,316,3818
1378,152265,27,4403,319,3815
1379,152367,26,4408,325,3810
1380,152465,26,4416,333,3806
1381,152580,27,4421,340,3799
1382,152685,27,4419,340,3797
1383,152801,26,4416,341,3793
1384,152892,26,4420,348,3784
1385,152998,31,4427,355,3784
1386,153110,26,4434,363,3778
1387,153223,27,4445,374,3775
1388,153327,27,4450,380,3774
1389,153432,27,4446,363,3798
1390,153626,26,4443,344,3819
1391,153743,27,4439,335,3827
1392,153845,25,4441,333,3830
1393,153940,26,4456,348,3829
1394,154044,28,4457,350,3825
1395,154165,26,4466,337,3845
1396,154279,26,4471,340,3843
1397,154392,26,4478,332,3858
1398,154511,28,4478,329,3863
1399,154630,26,4473,328,3852
1400,154726,27,4468,317,3866
1401,154841,28,4482,331,3862
1402,154955,27,4480,315,3878
1403,155046,27,4491,317,3888
1404,155153,27,4501,312,3907
1405,155354,118,4507,316,3904
1406,155475,26,4502,308,3911
1407,155572,27,4505,311,3911
1408,155686,27,4515,319,3906
1409,155782,28,4517,321,3904
1410,155879,26,4517,318,3913
1411,155994,29,4522,313,3918
1412,156100,27,4533,315,3929
1413,156201,27,4539,319,3926
1414,156309,28,4539,320,3927
1415,156421,27,4540,321,3919
1416,156541,28,4542,323,3910
1417,156627,26,4547,321,3916
1418,156735,27,4549,315,3926
1419,156842,28,4561,319,3934
1420,156961,29,4558,321,3927
1421,157135,100,4559,322,3925
1422,157242,27,4561,317,3931
1423,157335,26,4563,314,3948
1424,157452,28,4564,312,3954
1425,157541,27,4569,315,3954
1426,157642,29,4573,317,3954
1427,157762,27,4572,318,3947
1428,157862,26,4586,330,3947
1429,157959,28,4587,321,3965
1430,158062,27,4588,319,3965
1431,158169,26,4591,322,3958
1432,158277,27,4599,331,3950
1433,158401,27,4602,334,3943
1434,158500,28,4603,336,3939
1435,158596,28,4613,347,3939
1436,158720,28,4608,344,3944
1437,158818,28,4608,345,3942
1438,159019,29,4609,345,3942
1439,159128,28,4605,333,3961
1440,159223,28,4617,343,3959
1441,159340,30,4627,353,3959
1442,159439,28,4639,365,3955
1443,159539,27,4647,373,3951
1444,159627,27,4654,379,3948
1445,159736,27,4649,379,3943
1446,159839,27,4647,378,3941
1447,159941,26,4652,381,3928
1448,160052,26,4653,382,3928
1449,160146,27,4661,390,3923
1450,160252,28,4662,391,3923
1451,160352,27,4663,381,3937
1452,160458,27,4666,371,3960
1453,160576,28,4669,374,3958
1454,160773,111,4672,372,3961
1455,160885,27,4672,368,3973
1456,160982,27,4683,379,3962
1457,161092,30,4682,376,3969
1458,161202,25,4684,378,3967
1459,161320,35,4685,376,3967
1460,161423,27,4686,369,3978
1461,161525,27,4694,378,3970
1462,161613,28,4716,396,3962
1463,161731,27,4718,388,3978
1464,161845,28,4718,391,3972
1465,161935,28,4735,408,3968
1466,162052,31,4731,404,3974
1467,162153,29,4742,411,3972
1468,162250,29,4751,420,3968
1469,162374,32,4753,422,3963
1470,162489,29,4762,429,3965
1471,162675,29,4760,428,3968
1472,162762,28,4761,428,3964
1473,162861,28,4765,429,3966
1474,162960,29,4788,451,3968
1475,163051,28,4793,450,3967
1476,163157,30,4797,454,3958
1477,163255,29,4799,454,3959
1478,163352,29,4800,455,3955
1479,163438,29,4810,466,3949
1480,163552,28,4814,469,3942
1481,163657,29,4816,471,3939
1482,163777,29,4818,473,3939
1483,163879,28,4822,477,3937
1484,163974,28,4822,477,3937
1485,164073,29,4833,495,3926
1486,164177,26,4833,493,3926
1487,164285,29,4831,493,3924
1488,164472,28,4832,494,3923
1489,164559,27,4844,504,3925
1490,164661,29,4842,498,3931
1491,164788,27,4845,500,3931
1492,164893,27,4847,502,3929
1493,165010,29,4850,505,3927
1494,165115,29,4851,463,3979
1495,165207,28,4837,466,3970
1496,165306,29,4864,476,3983
1497,165418,31,4852,447,4015
1498,165521,28,4853,440,4031
1499,165628,28,4844,431,4038
1500,165730,28,4854,420,4066
1501,165817,28,4839,423,4050
1502,165921,30,4850,382,4123
1503,166027,30,4839,366,4138
1504,166136,30,4841,362,4152
1505,166380,29,4827,340,4173
1506,166476,32,4820,328,4174
1507,166581,29,4815,324,4170
1508,166691,29,4817,324,4183
1509,166802,29,4824,333,4173
1510,166912,29,4833,333,4180
1511,167019,29,4853,352,4182
1512,167110,29,4861,356,4189
1513,167210,30,4853,352,4189
1514,167311,29,4863,349,4192
1515,167429,30,4864,336,4206
1516,167526,29,4848,337,4192
1517,167614,29,4857,343,4187
1518,167713,30,4846,332,4188
1519,167815,29,4843,324,4201
1520,167920,29,4849,328,4201
1521,168021,32,4841,329,4194
1522,168220,134,4842,325,4201
1523,168313,28,4848,342,4186
1524,168407,28,4846,321,4209
1525,168505,29,4841,324,4195
1526,168620,29,4835,315,4203
1527,168726,29,4831,316,4189
1528,168806,28,4812,309,4173
1529,168902,29,4789,309,4150
1530,169013,28,4796,305,4162
1531,169113,28,4795,305,4161
1532,169206,27,4796,296,4178
1533,169306,29,4793,298,4175
1534,169405,28,4778,279,4191
1535,169508,28,4780,275,4199
1536,169622,29,4798,292,4199
1537,169734,28,4805,304,4193
1538,169823,27,4801,312,4180
1539,170019,123,4816,319,4170
1540,170105,26,4827,316,4194
1541,170210,26,4829,317,4197
1542,170325,28,4833,321,4197
1543,170432,29,4838,331,4188
1544,170540,28,4838,330,4189
1545,170637,28,4853,340,4187
1546,170743,29,4856,337,4197
1547,170854,30,4855,335,4197
1548,170972,29,4863,340,4195
1549,171086,31,4865,340,4196
1550,171201,29,4861,333,4193
1551,171298,30,4869,338,4202
1552,171396,29,4869,337,4202
1553,171484,29,4877,342,4207
1554,171582,30,4887,342,4212
1555,171677,29,4880,334,4213
1556,173092,1339,4882,266,4323
1557,173194,28,4878,248,4345
1558,173278,29,4860,246,4332
1559,173382,29,4869,250,4336
1560,173487,28,4860,249,4333
1561,173594,29,4850,247,4323
1562,173689,28,4860,256,4321
1563,173788,28,4850,256,4314
1564,173888,29,4856,263,4305
1565,173978,28,4852,255,4314
1566,174071,30,4858,261,4313
1567,174179,30,4878,277,4313
1568,174287,30,4891,286,4306
1569,174392,28,4893,278,4314
1570,174500,27,4880,277,4303
1571,174608,29,4859,266,4297
1572,174720,28,4850,266,4286
1573,174866,27,4840,267,4269
1574,174971,27,4842,267,4277
1575,175074,28,4839,258,4281
1576,175181,28,4837,251,4292
1577,175278,28,4850,264,4289
1578,175367,27,4860,271,4289
1579,175480,28,4852,261,4293
1580,175569,31,4842,251,4296
1581,175668,27,4835,247,4300
1582,175772,28,4836,248,4299
1583,175884,27,4824,249,4283
1584,175980,27,4824,257,4275
1585,176102,28,4820,227,4314
1586,176204,27,4821,225,4326
1587,176302,28,4827,233,4318
1588,176394,29,4834,242,4313
1589,176544,72,4847,242,4334
1590,176662,27,4850,226,4357
1591,176774,28,4850,226,4357
1592,176868,29,4849,218,4367
1593,176972,29,4828,215,4353
1594,177073,32,4822,219,4336
1595,177172,28,4823,217,4348
1596,177265,27,4829,225,4348
1597,177364,28,4826,223,4363
1598,177461,28,4832,229,4352
1599,177552,29,4833,231,4344
1600,177651,26,4837,234,4338
1601,177754,29,4835,234,4336
1602,177853,29,4822,242,4315
1603,177952,29,4816,233,4309
1604,178040,28,4826,240,4309
1605,178206,94,4828,236,4319
1606,178292,28,4809,236,4300
1607,178382,27,4806,246,4287
1608,178473,27,4796,234,4298
1609,178579,29,4788,226,4300
1610,178684,28,4785,216,4311
1611,178780,28,4787,218,4305
1612,178886,28,4787,218,4305
1613,178994,31,4795,224,4311
1614,179074,28,4803,239,4301
1615,179164,29,4810,249,4283
1616,179266,27,4812,249,4284
1617,179359,28,4813,250,4284
1618,179471,29,4806,250,4275
1619,179575,29,4813,257,4272
1620,179672,28,4804,258,4262
1621,179767,27,4808,266,4256
1622,179939,100,4810,267,4257
1623,180058,29,4808,268,4250
1624,180182,28,4807,251,4280
1625,180297,25,4807,238,4295
1626,180402,29,4812,250,4281
1627,180518,28,4812,238,4300
1628,180639,27,4812,236,4305
1629,180759,29,4810,225,4313
1630,180875,29,4820,235,4311
1631,180992,29,4828,238,4313
1632,181102,29,4833,233,4313
1633,181218,27,4845,243,4307
1634,181314,30,4866,261,4300
1635,181436,29,4868,259,4313
1636,181542,28,4868,257,4318
1637,181644,30,4869,250,4334
1638,181834,28,4868,250,4332
1639,181944,27,4879,258,4342
1640,182025,28,4899,276,4340
1641,182130,28,4905,274,4367
1642,182234,29,4906,265,4381
1643,182337,28,4916,275,4380
1644,182442,27,4919,277,4379
1645,182563,28,4919,277,4379
1646,182673,30,4930,287,4379
1647,182769,30,4937,294,4373
1648,182860,30,4949,299,4376
1649,182971,29,4951,301,4379
1650,183081,34,4952,292,4389
1651,183189,29,4954,299,4384
1652,183301,29,4957,301,4382
1653,183406,28,4954,298,4384
1654,183594,110,4958,292,4381
1655,183712,29,4958,291,4376
1656,183810,30,4963,297,4368
1657,183929,29,4963,295,4375
1658,184044,29,4963,286,4386
1659,184154,28,4961,283,4395
1660,184251,29,4959,272,4408
1661,184357,29,4958,270,4413
1662,184457,29,4959,270,4416
1663,184584,31,4953,270,4408
1664,184679,29,4959,277,4407
1665,184776,29,4970,290,4400
1666,184892,29,4971,283,4417
1667,185000,30,4980,293,4415
1668,185118,28,4979,294,4410
1669,185219,30,4985,296,4414
1670,185327,28,4994,297,4422
1671,185574,28,4996,289,4439
1672,185683,29,5005,288,4442
1673,185780,29,5005,289,4438
1674,185876,29,5016,299,4431
1675,185988,29,5017,300,4429
1676,186100,36,5025,308,4425
1677,186209,30,5028,309,4424
1678,186299,29,5023,308,4421
1679,186403,30,5025,301,4424
1680,186508,29,5022,300,4425
1681,186609,30,5029,309,4422
1682,186718,30,5036,318,4422
1683,186821,30,5036,319,4424
1684,186932,30,5043,328,4419
1685,187043,32,5041,328,4417
1686,187252,123,5040,329,4411
1687,187370,30,5043,332,4406
1688,187464,30,5047,336,4400
1689,187578,30,5043,337,4395
1690,187698,28,5046,340,4385
1691,187812,29,5044,340,4383
1692,187930,31,5044,341,4379
1693,188044,31,5044,344,4376
1694,188154,31,5046,344,4374
1695,188246,31,5047,335,4386
1696,188363,30,5056,343,4391
1697,188482,31,5053,343,4388
1698,188591,38,5064,351,4388
1699,188700,31,5062,351,4386
1700,188808,28,5060,352,4380
1701,188905,30,5065,356,4375
1702,189163,29,5065,339,4404
1703,189260,27,5065,337,4405
1704,189355,28,5062,336,4406
1705,189455,29,5070,343,4401
1706,189560,29,5071,344,4399
1707,189672,30,5081,354,4392
1708,189792,30,5081,352,4396
1709,189897,28,5081,352,4396
1710,190011,30,5080,349,4402
1711,190104,32,5089,355,4402
1712,190210,29,5094,361,4399
1713,190323,30,5101,367,4396
1714,190424,30,5105,372,4395
1715,190538,30,5114,374,4403
1716,190792,31,5114,371,4418
1717,190895,31,5121,365,4435
1718,190995,31,5128,371,4439
1719,191086,31,5130,373,4431
1720,191208,28,5131,374,4429
1721,191311,30,5135,374,4431
1722,191427,30,5138,373,4432
1723,191532,30,5149,386,4427
1724,191626,31,5158,393,4427
1725,191731,30,5170,396,4426
1726,191848,31,5171,399,4422
1727,191948,32,5175,402,4427
1728,192063,31,5183,411,4427
1729,192178,30,5190,411,4435
1730,192408,29,5193,416,4436
1731,192491,29,5196,418,4434
1732,192584,30,5205,426,4437
1733,192691,30,5213,430,4440
1734,192805,31,5224,441,4433
1735,192907,32,5225,447,4423
1736,192999,29,5229,451,4423
1737,193111,30,5232,454,4419
1738,193220,30,5226,452,4417
1739,193339,30,5227,451,4421
1740,193438,30,5227,449,4426
1741,193549,32,5227,449,4426
1742,193803,164,5227,449,4430
1743,193912,28,5228,446,4432
1744,194006,29,5236,453,4432
1745,194111,32,5241,457,4423
1746,194222,31,5249,465,4420
1747,194336,32,5256,466,4418
1748,194445,32,5264,471,4420
1749,194568,31,5266,472,4413
1750,194678,31,5265,474,4407
1751,194773,32,5271,478,4411
1752,194880,29,5276,480,4406
1753,194988,30,5283,487,4397
1754,195218,155,5294,478,4426
1755,195333,31,5307,447,4487
1756,195441,31,5302,421,4505
1757,195551,31,5303,420,4501
1758,195649,31,5310,428,4494
1759,195758,31,5307,409,4514
1760,195860,31,5295,401,4514
1761,195971,32,5309,409,4516
1762,196085,32,5309,398,4526
1763,196176,30,5309,409,4511
1764,196289,33,5314,378,4566
1765,196399,32,5308,362,4587
1766,196504,32,5318,354,4610
1767,196720,30,5312,334,4643
1768,196833,31,5282,336,4608
1769,196935,31,5286,343,4598
1770,197031,31,5298,355,4600
1771,197158,31,5280,354,4580
1772,197255,30,5279,340,4601
1773,197350,30,5271,337,4598
1774,197453,30,5272,327,4611
1775,197567,31,5274,295,4660
1776,197668,30,5277,292,4671
1777,197765,30,5282,294,4681
1778,197880,37,5296,310,4671
1779,198096,121,5290,307,4666
1780,198193,31,5304,314,4673
1781,198297,31,5319,309,4702
1782,198406,30,5340,329,4696
1783,198509,32,5341,320,4721
1784,198605,32,5334,321,4712
1785,198720,31,5345,328,4717
1786,198822,30,5356,348,4697
1787,198933,31,5349,342,4711
1788,199040,31,5347,328,4732
1789,199157,31,5348,311,4761
1790,199292,45,5352,302,4775
1791,199410,32,5343,297,4776
1792,200863,30,5337,233,4867
1793,200971,30,5337,236,4867
1794,201083,31,5341,246,4850
1795,201193,31,5342,235,4865
1796,201305,30,5341,236,4863
1797,201401,31,5352,238,4880
1798,201499,30,5357,249,4867
1799,201609,30,5357,246,4872
1800,201716,32,5349,247,4863
1801,201814,31,5348,247,4862
1802,201920,31,5346,256,4846
1803,202040,35,5347,258,4846
1804,202161,31,5325,249,4838
1805,202303,28,5326,250,4836
1806,202410,35,5326,250,4836
1807,202496,29,5326,249,4842
1808,202615,31,5326,243,4853
1809,202719,30,5317,231,4860
1810,202830,30,5315,231,4864
1811,202923,30,5311,250,4840
1812,203021,31,5311,249,4848
1813,203136,29,5307,251,4839
1814,203251,31,5306,253,4834
1815,203353,31,5306,248,4848
1816,203456,30,5311,254,4838
1817,203558,31,5300,254,4827
1818,203711,79,5292,253,4823
1819,203809,29,5291,254,4816
1820,203916,30,5289,253,4818
1821,204026,30,5281,255,4805
1822,204143,34,5279,248,4818
1823,204248,31,5291,257,4823
1824,204359,30,5289,241,4836
1825,204476,29,5289,239,4840
1826,204591,33,5289,233,4845
1827,204691,31,5292,236,4838
1828,204788,30,5296,235,4845
1829,204897,30,5285,234,4830
1830,204980,31,5295,242,4834
1831,205143,90,5298,245,4823
1832,205256,30,5286,242,4815
1833,205355,31,5278,246,4797
1834,205471,32,5280,245,4798
1835,205573,29,5281,246,4797
1836,205707,34,5279,252,4789
1837,205804,32,5277,260,4772
1838,205905,31,5264,258,4764
1839,206015,31,5265,268,4755
1840,206131,32,5277,274,4751
1841,206236,32,5270,273,4746
1842,206361,33,5266,270,4743
1843,206466,32,5272,267,4747
1844,206622,78,5271,269,4737
1845,206740,32,5283,261,4763
1846,206835,30,5282,255,4773
1847,206939,31,5286,260,4774
1848,207045,32,5287,249,4800
1849,207147,37,5297,259,4799
1850,207244,32,5296,260,4794
1851,207345,32,5304,268,4787
1852,207451,35,5316,266,4802
1853,207552,31,5315,263,4807
1854,207654,35,5321,270,4801
1855,207771,31,5321,270,4801
1856,207878,31,5312,270,4792
1857,208051,83,5311,272,4788
1858,208140,30,5307,267,4793
1859,208223,30,5313,274,4791
1860,208340,31,5313,274,4791
1861,208440,31,5313,270,4803
1862,208528,30,5318,281,4795
1863,208641,34,5324,284,4795
1864,208735,30,5328,288,4792
1865,208841,33,5328,288,4792
1866,208936,30,5331,291,4792
1867,209036,29,5326,286,4802
1868,209140,29,5323,286,4799
1869,209233,31,5330,291,4803
1870,209339,31,5335,284,4818
1871,209486,35,5332,284,4815
1872,209594,35,5329,283,4815
1873,209703,31,5330,284,4811
1874,209810,31,5318,282,4805
1875,209920,31,5307,282,4794
1876,210030,32,5296,279,4793
1877,210150,33,5306,289,4782
1878,210279,40,5317,301,4780
1879,210398,31,5320,302,4780
1880,210512,30,5318,290,4792
1881,210609,31,5316,275,4811
1882,210723,30,5315,277,4804
1883,210842,33,5316,279,4803
1884,211025,96,5316,269,4818
1885,211135,30,5317,274,4822
1886,211258,32,5315,275,4815
1887,211381,32,5313,273,4816
1888,211493,30,5322,282,4813
1889,211611,31,5326,286,4803
1890,211720,31,5328,286,4806
1891,211840,33,5329,284,4813
1892,211944,32,5326,284,4810
1893,212060,30,5321,261,4835
1894,212166,31,5320,260,4836
1895,212292,32,5316,249,4845
1896,212406,32,5318,228,4867
1897,212527,32,5320,219,4875
1898,212713,32,5328,205,4901
1899,212826,31,5335,212,4892
1900,212940,31,5335,210,4896
1901,213044,32,5341,213,4891
1902,213159,35,5341,209,4901
1903,213272,32,5353,210,4905
1904,213385,32,5348,202,4916
1905,213510,32,5345,180,4948
1906,213619,32,5344,181,4946
1907,213739,32,5345,181,4942
1908,213862,32,5348,179,4947
1909,213980,31,5350,181,4940
1910,214067,33,5358,190,4929
1911,214249,100,5362,193,4926
1912,214352,30,5369,202,4924
1913,214468,31,5369,199,4929
1914,214581,33,5369,199,4929
1915,214699,30,5375,208,4922
1916,214816,30,5374,208,4921
1917,214908,31,5387,221,4921
1918,215026,30,5396,229,4921
1919,215143,32,5396,230,4918
1920,215235,38,5423,257,4915
1921,215347,31,5426,260,4914
1922,215464,31,5425,261,4908
1923,215564,32,5418,261,4901
1924,215685,32,5429,272,4901
1925,215871,117,5431,274,4898
1926,215990,32,5436,272,4907
1927,216105,30,5442,281,4896
1928,216233,32,5445,282,4896
1929,216355,31,5449,281,4898
1930,216442,31,5448,282,4895
1931,216545,30,5446,282,4893
1932,216651,31,5456,282,4884
1933,216769,31,5462,290,4877
1934,216888,38,5464,293,4868
1935,216999,32,5466,292,4866
1936,217102,34,5466,292,4866
1937,217216,33,5471,287,4879
1938,217341,41,5474,290,4874
1939,217544,115,5472,288,4876
1940,217659,32,5468,288,4874
1941,217761,32,5480,296,4879
1942,217865,31,5480,294,4879
1943,217981,31,5478,293,4881
1944,218076,31,5493,310,4867
1945,218187,31,5501,317,4864
1946,218292,31,5512,328,4857
1947,218393,31,5523,339,4853
1948,218508,37,5523,339,4853
1949,218621,30,5522,326,4868
1950,218730,31,5518,329,4854
1951,218826,32,5521,332,4853
1952,218949,32,5521,326,4862
1953,219060,32,5522,329,4857
1954,219272,135,5526,330,4860
1955,219376,32,5527,326,4869
1956,219488,31,5537,332,4865
1957,219605,32,5539,322,4873
1958,219708,33,5554,337,4862
1959,219817,33,5560,344,4858
1960,219925,33,5564,346,4854
1961,220028,33,5565,339,4866
1962,220133,32,5565,335,4875
1963,220241,32,5566,336,4874
1964,220342,31,5574,343,4866
1965,220465,33,5579,343,4870
1966,220585,34,5582,345,4870
1967,220698,36,5581,340,4876
1968,220809,34,5584,344,4875
1969,221016,31,5588,349,4877
1970,221123,31,5590,349,4881
1971,221224,33,5597,356,4869
1972,221335,33,5597,357,4867
1973,221440,33,5600,359,4871
1974,221560,33,5621,378,4858
1975,221674,32,5619,378,4858
1976,221785,33,5624,382,4848
1977,221883,32,5633,387,4853
1978,221993,33,5625,386,4851
1979,222102,34,5625,384,4859
1980,222236,35,5624,381,4858
1981,222340,34,5628,384,4858
1982,222465,33,5639,392,4860
1983,222643,123,5651,399,4866
1984,222743,32,5656,401,4860
1985,222862,32,5667,409,4866
1986,222980,32,5673,413,4868
1987,223086,33,5678,421,4865
1988,223192,33,5678,419,4872
1989,223317,33,5679,420,4872
1990,223433,31,5681,421,4872
1991,223537,33,5683,421,4875
1992,223653,33,5689,422,4874
1993,223756,33,5690,419,4876
1994,223853,33,5701,435,4865
1995,223957,33,5712,444,4866
1996,224066,34,5711,446,4854
1997,224269,119,5709,446,4852
1998,224366,33,5710,442,4858
1999,224472,34,5708,444,4853
2000,224598,33,5714,451,4837
2001,224696,34,5722,457,4829
2002,224810,34,5724,457,4831
2003,224902,34,5729,461,4829
2004,225022,34,5733,457,4837
2005,225127,37,5748,432,4884
2006,225231,38,5744,425,4881
2007,225338,33,5758,439,4883
2008,225443,34,5747,434,4880
2009,225536,36,5753,440,4879
2010,225641,34,5751,426,4903
2011,225757,35,5743,385,4938
2012,225963,33,5740,367,4976
2013,226076,32,5741,367,4983
2014,226179,32,5747,374,4982
2015,226277,35,5767,380,4997
2016,226395,33,5769,361,5032
2017,226491,32,5788,361,5052
2018,226595,33,5796,367,5049
2019,226704,35,5796,368,5048
2020,226808,34,5797,366,5049
2021,226923,34,5791,370,5038
2022,227020,33,5792,376,5038
2023,227119,32,5804,387,5033
2024,227228,35,5801,375,5048
2025,227344,37,5802,358,5071
2026,227531,114,5801,364,5059
2027,227634,34,5801,375,5050
2028,227746,32,5794,372,5045
2029,227850,35,5805,365,5066
2030,227952,35,5800,371,5055
2031,228070,35,5799,358,5070
2032,228181,32,5788,347,5074
2033,228299,35,5771,336,5084
2034,228394,35,5789,358,5075
2035,228501,33,5791,358,5084
2036,228617,34,5802,369,5085
2037,228734,35,5803,362,5095
2038,228849,35,5814,372,5092
2039,228964,35,5807,360,5109
2040,229077,36,5801,354,5118
2041,230538,35,5803,265,5298
2042,230658,36,5804,268,5297
2043,230764,34,5791,269,5281
2044,230866,34,5773,271,5257
2045,230976,34,5769,272,5248
2046,231091,32,5757,272,5235
2047,231198,33,5745,279,5209
2048,231309,35,5752,282,5213
2049,231416,34,5751,273,5232
2050,231515,34,5754,277,5223
2051,231620,32,5748,275,5223
2052,231750,35,5748,261,5249
2053,231862,34,5748,259,5254
2054,231967,35,5758,265,5256
2055,232101,72,5770,272,5260
2056,232197,33,5777,278,5256
2057,232309,34,5777,270,5269
2058,232409,34,5777,271,5263
2059,232510,33,5761,272,5239
2060,232621,34,5769,278,5231
2061,232743,36,5771,267,5254
2062,232840,34,5793,284,5249
2063,232949,33,5802,295,5241
2064,233069,33,5790,294,5231
2065,233185,34,5789,265,5269
2066,233299,34,5785,254,5277
2067,233404,33,5814,273,5282
2068,233517,33,5827,282,5276
2069,233627,35,5827,285,5273
2070,233805,99,5827,283,5276
2071,233919,34,5828,283,5286
2072,234034,34,5828,282,5292
2073,234154,33,5836,290,5290
2074,234266,35,5823,292,5271
2075,234375,33,5806,292,5254
2076,234480,34,5809,301,5245
2077,234577,33,5809,299,5255
2078,234672,34,5804,300,5243
2079,234786,35,5812,310,5241
2080,234877,32,5826,330,5226
2081,234991,34,5822,330,5222
2082,235112,34,5819,320,5232
2083,235233,35,5812,309,5242
2084,235325,33,5799,309,5229
2085,235498,92,5797,291,5247
2086,235593,33,5793,291,5251
2087,235702,36,5798,302,5237
2088,235806,34,5812,314,5231
2089,235909,34,5811,305,5242
2090,236009,34,5823,317,5236
2091,236113,34,5824,315,5239
2092,236209,33,5824,299,5265
2093,236324,37,5835,308,5265
2094,236452,37,5833,308,5263
2095,236567,33,5839,313,5255
2096,236675,35,5838,306,5266
2097,236769,34,5837,309,5258
2098,236874,34,5835,309,5256
2099,236963,33,5811,310,5233
2100,237168,127,5811,309,5233
2101,237282,35,5813,310,5229
2102,237395,33,5804,303,5234
2103,237513,33,5791,296,5235
2104,237653,35,5792,297,5230
2105,237764,33,5783,278,5248
2106,237871,33,5783,275,5254
2107,237989,34,5792,279,5256
2108,238102,34,5812,297,5253
2109,238211,34,5808,284,5266
2110,238320,33,5818,293,5261
2111,238423,33,5808,293,5251
2112,238515,33,5807,289,5255
2113,238622,33,5807,267,5289
2114,238744,42,5807,256,5307
2115,238940,33,5807,251,5311
2116,239053,32,5808,254,5304
2117,239169,34,5807,246,5314
2118,239276,34,5807,246,5314
2119,239374,34,5793,247,5297
2120,239492,32,5793,248,5291
2121,239596,34,5782,241,5292
2122,239698,33,5768,231,5291
2123,239800,34,5753,237,5275
2124,239914,34,5755,239,5275
2125,240036,35,5745,238,5272
2126,240187,33,5743,238,5267
2127,240320,35,5744,218,5302
2128,240438,34,5748,222,5295
2129,240559,35,5760,234,5284
2130,240766,119,5754,222,5291
2131,240869,31,5754,221,5294
2132,240992,32,5752,221,5292
2133,241105,34,5762,219,5310
2134,241230,33,5763,221,5305
2135,241325,34,5776,222,5313
2136,241435,34,5786,226,5321
2137,241553,35,5790,223,5329
2138,241678,34,5793,227,5322
2139,241806,34,5796,230,5321
2140,241930,33,5793,229,5319
2141,242042,34,5793,225,5326
2142,242160,33,5803,232,5326
2143,242271,36,5802,226,5336
2144,242419,34,5800,223,5340
2145,242527,34,5814,238,5331
2146,242732,33,5820,241,5339
2147,242844,35,5826,247,5335
2148,242955,34,5826,242,5344
2149,243069,33,5827,233,5358
2150,243186,33,5829,234,5358
2151,243313,35,5826,231,5367
2152,243425,34,5828,222,5378
2153,243548,35,5828,222,5378
2154,243666,33,5836,231,5369
2155,243769,34,5838,232,5371
2156,243867,32,5848,241,5362
2157,243988,34,5849,233,5368
2158,244108,34,5850,231,5373
2159,244224,33,5853,238,5364
2160,244331,33,5866,252,5353
2161,244522,32,5873,259,5341
2162,244638,40,5879,265,5335
2163,244783,41,5885,273,5329
2164,244907,35,5894,282,5324
2165,245024,33,5894,282,5324
2166,245133,34,5893,282,5323
2167,245244,37,5895,285,5319
2168,245355,32,5908,298,5311
2169,245453,34,5914,306,5309
2170,245562,34,5918,312,5297
2171,245672,36,5919,301,5311
2172,245787,34,5930,312,5310
2173,245917,35,5930,310,5314
2174,246033,35,5926,311,5308
2175,246144,35,5933,318,5303
2176,246372,36,5930,292,5329
2177,246489,33,5933,276,5349
2178,246605,34,5943,273,5363
2179,246714,34,5943,273,5363
2180,246834,35,5953,282,5354
2181,246967,36,5964,291,5355
2182,247096,35,5973,302,5350
2183,247229,32,5965,299,5347
2184,247332,33,5963,293,5354
2185,247442,34,5963,288,5364
2186,247542,34,5964,288,5365
2187,247663,37,5977,306,5359
2188,247744,32,5980,306,5370
2189,247845,35,5978,307,5367
2190,248047,130,5991,312,5375
2191,248155,34,6004,322,5376
2192,248291,35,6005,324,5369
2193,248401,35,6006,313,5388
2194,248524,37,6006,312,5390
2195,248632,36,6008,313,5386
2196,248737,35,6026,327,5382
2197,248837,37,6021,328,5376
2198,248956,35,6013,328,5372
2199,249069,35,6013,326,5374
2200,249184,34,6010,316,5384
2201,249306,37,6008,313,5384
2202,249419,36,6019,326,5382
2203,249543,36,6019,324,5389
2204,249662,38,6019,324,5388
2205,249855,34,6022,324,5398
2206,249967,35,6021,325,5391
2207,250068,35,6023,325,5384
2208,250167,33,6029,330,5382
2209,250276,34,6030,331,5377
2210,250384,35,6024,331,5371
2211,250488,35,6025,331,5373
2212,250613,36,6036,341,5361
2213,250729,37,6038,343,5357
2214,250832,36,6038,344,5353
2215,250954,36,6045,350,5355
2216,251072,36,6045,347,5363
2217,251177,35,6045,346,5366
2218,251285,35,6045,346,5366
2219,251464,114,6044,342,5372
2220,251581,34,6044,337,5383
2221,251704,37,6048,342,5376
2222,251829,36,6047,343,5370
2223,251933,36,6056,352,5364
2224,252032,34,6058,354,5358
2225,252142,36,6058,354,5358
2226,252247,36,6067,361,5360
2227,252348,37,6069,360,5363
2228,252465,36,6070,359,5361
2229,252575,35,6070,359,5361
2230,252674,36,6074,360,5364
2231,252784,36,6076,364,5360
2232,252903,35,6073,362,5357
2233,253031,36,6074,362,5353
2234,253206,35,6079,364,5360
2235,253324,38,6079,364,5360
2236,253447,35,6090,375,5353
2237,253558,36,6089,373,5355
2238,253665,36,6122,406,5352
2239,253777,37,6122,397,5352
2240,253855,34,6140,414,5345
2241,253957,37,6141,415,5343
2242,254056,37,6142,415,5343
2243,254197,37,6137,414,5344
2244,254316,35,6138,414,5346
2245,254430,37,6137,415,5347
2246,254531,36,6144,421,5348
2247,254633,35,6148,425,5342
2248,254820,105,6149,426,5339
2249,254916,35,6154,430,5339
2250,255020,35,6154,421,5351
2251,255128,37,6155,431,5342
2252,255261,34,6157,428,5346
2253,255377,37,6153,402,5378
2254,255486,36,6139,376,5398
2255,255595,37,6138,350,5436
2256,255708,36,6148,347,5453
2257,255818,36,6147,342,5454
2258,255942,36,6146,322,5480
2259,256047,36,6128,314,5478
2260,256158,36,6136,323,5472
2261,256276,38,6151,322,5492
2262,256374,37,6142,318,5493
2263,256566,37,6144,303,5524
2264,256679,36,6129,303,5509
2265,256810,43,6128,293,5516
2266,256910,37,6129,285,5536
2267,257023,36,6119,264,5561
2268,257142,36,6107,255,5565
2269,257261,35,6108,247,5578
2270,257372,35,6126,249,5594
2271,257496,35,6133,253,5587
2272,257608,36,6129,263,5573
2273,257722,37,6124,265,5560
2274,257833,36,6110,274,5539
2275,257952,36,6110,282,5527
2276,258061,36,6115,280,5520
2277,258222,94,6138,300,5516
2278,258334,34,6130,285,5533
2279,258441,36,6137,292,5533
2280,258544,36,6123,276,5540
2281,258653,35,6114,270,5540
2282,258769,35,6113,263,5561
2283,258873,36,6112,259,5558
2284,259001,37,6115,244,5587
2285,259115,36,6117,234,5603
2286,259228,36,6135,234,5630
2287,259323,32,6141,236,5624
2288,259439,37,6130,232,5622
2289,259562,36,6131,233,5618
2290,259662,35,6120,234,5606
2291,259774,39,6115,235,5601
2292,259965,105,6114,230,5600
2293,260064,34,6119,253,5576
2294,260166,36,6133,267,5575
2295,260282,36,6132,272,5569
2296,260388,36,6141,277,5568
2297,260512,36,6144,273,5574
2298,260611,37,6142,273,5562
2299,260723,37,6166,294,5548
2300,260845,38,6167,285,5560
2301,260957,37,6168,285,5559
2302,261072,36,6168,284,5564
2303,261199,36,6168,284,5564
2304,261306,40,6160,287,5549
2305,261412,36,6159,280,5542
2306,261525,35,6154,283,5528
2307,261707,105,6176,295,5534
2308,261810,35,6164,280,5542
2309,261902,35,6158,287,5525
2310,262025,37,6159,282,5536
2311,262144,36,6147,274,5541
2312,262260,37,6152,276,5543
2313,262391,46,6164,278,5554
2314,262500,37,6160,278,5543
2315,262617,37,6149,259,5571
2316,262728,37,6159,266,5567
2317,262832,40,6179,256,5599
2318,262954,36,6167,253,5594
2319,263056,37,6159,254,5581
2320,263168,40,6154,252,5580
2321,263281,36,6171,268,5578
2322,263460,113,6171,268,5578
2323,263574,37,6161,251,5597
2324,263689,37,6162,252,5597
2325,263787,35,6174,264,5593
2326,263902,38,6174,264,5593
2327,264003,37,6174,263,5597
2328,264108,38,6172,252,5618
2329,264234,38,6172,250,5627
2330,264357,36,6174,252,5622
2331,264470,37,6169,257,5605
2332,264575,37,6169,257,5605
2333,264705,45,6168,258,5595
2334,264830,37,6168,258,5595
2335,264950,38,6164,262,5583
2336,265075,34,6166,259,5587
2337,265286,122,6168,258,5595
2338,265403,36,6171,250,5610
2339,265508,37,6175,244,5616
2340,265619,38,6163,254,5594
2341,265736,37,6163,253,5596
2342,265865,38,6160,249,5599
2343,265985,34,6143,247,5586
2344,266101,37,6145,254,5574
2345,266214,35,6134,253,5562
2346,266323,35,6132,251,5564
2347,266422,36,6122,252,5549
2348,266546,39,6121,252,5548
2349,266659,37,6140,268,5548
2350,266756,37,6135,278,5532
2351,266866,39,6139,280,5526
2352,266958,35,6129,280,5519
2353,268626,40,6136,207,5674
2354,268744,43,6142,207,5671
2355,268880,46,6139,205,5669
2356,268989,36,6142,208,5664
2357,269107,36,6144,214,5655
2358,269222,36,6134,214,5645
2359,269327,35,6144,221,5647
2360,269416,37,6140,221,5652
2361,269527,35,6127,223,5632
2362,269641,39,6129,225,5632
2363,269752,43,6131,233,5628
2364,269874,40,6125,229,5630
2365,270027,35,6125,221,5643
2366,270157,36,6118,221,5636
2367,270287,36,6123,226,5633
2368,270464,87,6130,228,5636
2369,270593,39,6132,199,5687
2370,270715,36,6136,200,5688
2371,270835,37,6142,206,5679
2372,270965,35,6150,206,5680
2373,271090,35,6150,205,5684
2374,271228,41,6157,203,5697
2375,271359,37,6161,193,5721
2376,271489,39,6160,193,5720
2377,271603,42,6178,201,5730
2378,271745,39,6190,198,5753
2379,271885,43,6194,194,5758
2380,272003,36,6196,193,5758
2381,272139,38,6196,183,5776
2382,272281,47,6196,183,5776
2383,272475,110,6191,183,5771
2384,272635,42,6192,182,5772
2385,272739,36,6196,176,5785
2386,272854,36,6196,176,5785
2387,272967,35,6197,177,5785
2388,273064,35,6198,178,5785
2389,273180,36,6211,193,5778
2390,273294,36,6211,184,5790
2391,273394,35,6217,192,5788
2392,273519,37,6228,203,5782
2393,273642,36,6231,206,5775
2394,273750,37,6230,206,5776
2395,273857,35,6227,206,5775
2396,273969,35,6241,218,5769
2397,274074,35,6239,210,5782
2398,274190,37,6233,210,5776
2399,274390,34,6245,206,5803
2400,274473,35,6254,215,5803
2401,274592,36,6262,219,5808
2402,274705,38,6265,219,5808
2403,274851,59,6284,237,5796
2404,274989,44,6289,239,5793
2405,275114,39,6290,239,5795
2406,275239,39,6289,236,5808
2407,275369,49,6289,232,5823
2408,275494,35,6289,230,5827
2409,275616,38,6294,233,5824
2410,275708,41,6310,237,5846
2411,275824,38,6311,237,5847
2412,275949,37,6309,240,5838
2413,276070,38,6309,239,5843
2414,276267,42,6321,248,5834
2415,276398,46,6326,256,5819
2416,276526,37,6327,252,5827
2417,276635,36,6332,248,5836
2418,276738,37,6330,246,5836
2419,276872,41,6327,241,5834
2420,277014,45,6325,241,5832
2421,277136,36,6330,238,5839
2422,277249,36,6329,235,5842
2423,277374,39,6334,240,5834
2424,277500,36,6333,233,5845
2425,277615,42,6333,229,5849
2426,277741,44,6332,229,5848
2427,277866,41,6333,229,5853
2428,277958,37,6333,229,5853
2429,278182,138,6333,228,5858
2430,278312,37,6336,230,5858
2431,278420,37,6345,239,5848
2432,278526,37,6352,243,5843
2433,278653,36,6355,248,5840
2434,278764,36,6355,248,5840
2435,278891,39,6360,253,5837
2436,279013,38,6368,261,5835
2437,279129,36,6368,258,5835
2438,279235,38,6382,269,5827
2439,279351,38,6392,279,5823
2440,279489,37,6399,286,5823
2441,279586,37,6400,287,5823
2442,279704,41,6400,286,5825
2443,279830,45,6400,284,5828
2444,280029,126,6400,282,5832
2445,280129,39,6398,278,5835
2446,280243,40,6394,277,5833
2447,280354,37,6391,277,5830
2448,280465,37,6389,278,5824
2449,280574,37,6394,283,5823
2450,280696,37,6403,292,5818
2451,280821,42,6406,293,5819
2452,280947,45,6405,293,5818
2453,281063,39,6408,296,5812
2454,281190,41,6409,298,5803
2455,281324,46,6414,306,5795
2456,281442,47,6411,305,5796
2457,281576,38,6408,301,5795
2458,281710,49,6417,309,5799
2459,281949,143,6417,308,5805
2460,282064,38,6417,306,5811
2461,282186,36,6418,307,5809
2462,282298,40,6414,307,5805
2463,282420,37,6415,310,5800
2464,282547,40,6412,310,5797
2465,282661,38,6423,321,5797
2466,282778,41,6422,322,5795
2467,282895,48,6428,330,5783
2468,283021,40,6423,330,5778
2469,283144,43,6424,334,5768
2470,283260,39,6423,334,5767
2471,283391,37,6421,335,5760
2472,283509,44,6422,336,5756
2473,283643,46,6434,348,5746
2474,283859,138,6427,347,5739
2475,283984,39,6425,347,5737
2476,284098,37,6422,347,5734
2477,284231,39,6419,352,5718
2478,284341,37,6419,352,5716
2479,284461,38,6423,356,5713
2480,284563,38,6433,362,5716
2481,284692,45,6442,372,5710
2482,284835,43,6441,373,5709
2483,284954,39,6447,382,5706
2484,285077,46,6455,379,5714
2485,285190,48,6455,362,5742
2486,285326,44,6446,345,5760
2487,285456,41,6447,338,5762
2488,285574,44,6462,341,5781
2489,285709,48,6463,328,5804
2490,285956,160,6463,280,5870
2491,286096,51,6456,282,5858
2492,286218,39,6464,272,5869
2493,286325,40,6461,257,5882
2494,286459,47,6466,258,5886
2495,286587,48,6455,247,5897
2496,286722,43,6442,243,5893
2497,286826,44,6461,269,5875
2498,286955,43,6466,246,5903
2499,287059,39,6475,243,5919
2500,287187,41,6490,255,5920
2501,287305,41,6502,250,5935
2502,287418,38,6520,260,5947
2503,287532,38,6520,258,5951
2504,287657,37,6518,257,5952
2505,287777,45,6497,257,5931
2506,287963,38,6485,260,5905
2507,288070,37,6480,262,5898
2508,288187,43,6487,266,5909
2509,288305,38,6487,262,5917
2510,288416,38,6499,265,5924
2511,288523,37,6490,274,5902
2512,288637,37,6475,258,5915
2513,288778,51,6475,258,5915
2514,289099,217,6473,240,5964
2515,289231,41,6467,231,5976
2516,289339,41,6446,230,5962
2517,289452,39,6440,221,5969
2518,289585,38,6430,223,5955
2519,289715,40,6436,228,5952
2520,289846,42,6437,229,5950
2521,290037,124,6432,235,5929
2522,290154,37,6434,218,5955
2523,290278,39,6429,215,5958
2524,290377,37,6427,222,5939
2525,290506,39,6432,217,5957
2526,290640,39,6435,216,5963
2527,290751,39,6446,227,5949
2528,290878,39,6439,228,5935
2529,290985,39,6439,219,5951
2530,291107,39,6439,219,5951
2531,291229,37,6416,210,5943
2532,291345,43,6405,207,5936
2533,291459,38,6409,202,5950
2534,291573,36,6430,221,5943
2535,291683,38,6432,227,5940
2536,291812,39,6443,238,5933
2537,292002,124,6447,254,5906
2538,292115,39,6457,259,5924
2539,292238,38,6466,260,5935
2540,292349,35,6458,250,5939
2541,292455,36,6458,237,5962
2542,292558,36,6470,248,5965
2543,292676,37,6470,248,5965
2544,292785,37,6470,248,5965
2545,292911,40,6467,234,5991
2546,293005,38,6481,250,5987
2547,293128,39,6479,250,5985
2548,293246,38,6475,250,5981
2549,293360,37,6475,251,5976
2550,293469,38,6472,241,5987
2551,293578,36,6463,231,5991
2552,293690,37,6472,239,5981
2553,293856,98,6475,239,5983
2554,293981,38,6475,239,5983
2555,294079,37,6477,237,5986
2556,294196,39,6480,243,5983
2557,294318,39,6480,229,6004
2558,294431,36,6473,228,6003
2559,294535,39,6465,229,5990
2560,294649,39,6461,229,5986
2561,294760,37,6461,216,6009
2562,294885,40,6470,223,6011
2563,294999,38,6480,232,6009
2564,295110,40,6480,232,6009
2565,295212,37,6461,221,6003
2566,295326,40,6463,230,5985
2567,295444,38,6469,236,5967
2568,295558,38,6471,239,5961
2569,295733,37,6475,239,5970
2570,295846,37,6470,244,5954
2571,295959,37,6472,229,5981
2572,296063,39,6476,238,5972
2573,296179,37,6479,241,5961
2574,296301,38,6476,240,5966
2575,296429,39,6481,252,5954
2576,296539,36,6478,248,5951
2577,296653,39,6476,240,5962
2578,296759,37,6476,239,5970
2579,296884,39,6477,241,5969
2580,296991,39,6481,244,5962
2581,297101,39,6491,254,5957
2582,297225,38,6479,236,5970
2583,297343,38,6476,237,5964
2584,297529,98,6488,249,5964
2585,297644,37,6498,245,5984
2586,297769,39,6496,239,5991
2587,297891,45,6483,239,5978
2588,298010,39,6487,240,5975
2589,298126,40,6504,256,5967
2590,298227,39,6517,269,5961
2591,298328,36,6531,282,5951
2592,298424,38,6531,281,5953
2593,298557,49,6533,272,5964
2594,298695,42,6524,272,5955
2595,298800,37,6508,272,5939
2596,298914,40,6508,274,5934
2597,299037,40,6515,284,5924
2598,299151,42,6526,299,5923
2599,299266,50,6545,312,5910
2600,299462,120,6546,313,5917
2601,299563,43,6555,321,5922
2602,299694,43,6565,323,5921
2603,299814,50,6573,330,5921
2604,299937,41,6572,332,5910
2605,300069,42,6564,332,5903
