tick,timestamp,query_runtime,trav_index_nodes,trav_vol_nodes,trav_unprod_nodes
0,506,3,6,6,0
1,786,0,10,10,0
2,997,1,14,14,0
3,1218,1,14,14,0
4,1385,1,19,19,0
5,1572,2,36,36,0
6,1775,2,44,44,0
7,1952,3,52,52,0
8,2125,2,55,55,0
9,2286,3,59,59,0
10,2403,1,72,72,0
11,6653,2,74,74,0
12,6818,1,76,76,0
13,6955,1,77,77,0
14,7095,2,80,80,0
15,7230,2,84,84,0
16,7390,1,90,90,0
17,7540,2,97,97,0
18,7717,2,100,100,0
19,7914,4,104,104,0
20,8059,1,104,104,0
21,8189,2,119,119,0
22,8312,2,123,123,0
23,8441,2,126,126,0
24,8571,2,140,140,0
25,8699,1,142,142,0
26,8838,5,149,149,0
27,8979,2,150,150,0
28,9136,2,153,153,0
29,9242,2,153,153,0
30,9878,3,161,161,0
31,9976,2,164,164,0
32,10079,2,166,166,0
33,10193,2,175,175,0
34,10287,2,179,179,0
35,10366,2,190,190,0
36,10489,2,190,190,0
37,10568,2,207,207,0
38,10654,2,208,208,0
39,10749,2,212,212,0
40,10868,2,214,214,0
41,10975,2,216,216,0
42,11065,2,218,218,0
43,11167,2,218,218,0
44,11296,2,220,220,0
45,11412,2,225,225,0
46,11541,2,230,230,0
47,11651,2,233,233,0
48,11757,3,241,241,0
49,12037,190,248,248,0
50,12156,2,260,260,0
51,12248,3,279,279,0
52,12351,3,280,280,0
53,12439,2,287,287,0
54,12588,4,295,295,0
55,12672,2,296,296,0
56,12764,2,297,297,0
57,12855,2,298,298,0
58,12957,2,302,302,0
59,13050,2,306,306,0
60,13123,3,315,315,0
61,13218,2,315,315,0
62,13323,3,320,320,0
63,13419,2,323,323,0
64,13499,3,323,323,0
65,13602,3,334,334,0
66,13702,2,342,342,0
67,13799,2,350,350,0
68,13888,3,350,350,0
69,14160,2,350,350,0
70,14245,3,354,354,0
71,14340,3,356,356,0
72,14444,5,357,357,0
73,14546,2,358,358,0
74,14650,3,360,360,0
75,14745,3,360,360,0
76,14841,3,366,366,0
77,14927,3,371,371,0
78,15002,3,390,390,0
79,15098,3,399,399,0
80,15195,4,403,392,0
81,15300,4,403,383,5
82,15371,3,416,385,13
83,15454,4,435,397,15
84,15549,3,435,381,27
85,15646,4,433,378,26
86,15746,4,435,364,36
87,15825,3,435,347,47
88,16112,4,437,313,75
89,16206,3,438,310,77
90,16298,3,443,296,89
91,16386,4,445,290,92
92,16468,3,456,295,98
93,16566,3,464,294,106
94,16654,4,470,297,108
95,16742,4,482,306,111
96,16845,3,483,306,112
97,16952,3,483,304,110
98,17053,3,480,298,109
99,17129,4,500,315,110
100,17269,3,502,316,110
101,17376,4,502,299,130
102,17456,4,502,302,125
103,17549,4,504,306,123
104,17654,5,505,307,123
105,17733,4,506,309,122
106,19481,4,506,309,122
107,19583,5,509,312,122
108,19687,4,511,314,122
109,19752,3,511,314,122
110,19837,4,520,323,122
111,19936,3,521,325,121
112,20015,4,526,330,121
113,20107,4,533,337,119
114,20198,5,531,337,117
115,20287,4,534,340,117
116,20382,4,540,347,116
117,20502,4,543,350,116
118,20604,4,547,354,116
119,20704,4,548,355,116
120,20793,4,555,362,115
121,20913,4,554,362,114
122,20990,4,556,364,114
123,21087,4,558,368,112
124,21275,5,558,368,112
125,21363,4,564,376,110
126,21438,5,564,376,110
127,21524,4,569,381,107
128,21596,4,574,385,108
129,21686,4,576,372,112
130,21786,5,578,370,113
131,21886,4,581,369,117
132,21984,4,583,362,118
133,22068,4,580,362,115
134,22144,5,582,358,119
135,22245,4,584,356,121
136,22313,4,584,356,121
137,22392,5,593,364,123
138,22472,4,601,370,125
139,22555,4,611,374,128
140,22641,5,609,370,130
141,22742,4,615,370,132
142,23061,228,618,371,134
143,23153,4,627,370,142
144,23246,5,629,367,145
145,23335,7,642,368,156
146,23415,4,643,363,159
147,23487,4,642,362,161
148,23572,5,641,360,162
149,23682,4,640,358,162
150,23791,5,646,361,166
151,23873,4,645,357,169
152,23982,5,645,340,185
153,24074,6,645,337,189
154,24180,4,648,337,191
155,24306,7,650,337,192
156,24394,4,651,339,189
157,24470,7,651,339,189
158,24560,8,650,340,187
159,24645,8,661,352,182
160,24888,6,670,359,186
161,24973,5,683,364,193
162,25051,5,689,372,191
163,25136,5,692,365,198
164,25235,5,693,364,200
165,25330,5,701,368,206
166,25422,5,703,362,214
167,25535,7,704,362,216
168,25617,6,702,359,215
169,25714,5,709,354,228
170,25795,6,715,357,232
171,25883,5,715,357,232
172,26012,6,710,354,231
173,26104,5,707,356,226
174,26180,5,702,350,228
175,26269,5,709,350,239
176,26378,6,710,325,264
177,26473,5,708,315,271
178,26747,5,683,293,267
179,26839,4,674,278,275
180,26917,5,691,295,273
181,26989,5,701,302,273
182,27068,4,720,315,282
183,27136,5,719,300,296
184,27227,5,714,301,290
185,27313,5,718,282,327
186,27401,10,729,300,320
187,27480,5,731,294,328
188,27587,4,727,286,335
189,27676,5,735,286,343
190,27764,5,733,277,351
191,27888,5,744,285,354
192,27969,6,753,290,362
193,28045,6,751,290,362
194,28132,6,753,291,363
195,28422,207,752,253,411
196,28505,5,739,242,411
197,28588,5,756,261,406
198,28668,6,758,260,408
199,28745,5,750,260,399
200,28836,6,748,252,403
201,28926,5,745,252,394
202,29002,6,746,261,386
203,29178,6,745,270,375
204,29267,5,748,268,382
205,29363,6,756,269,387
206,29465,6,757,268,387
207,29551,6,766,274,386
208,29638,6,775,274,394
209,29733,6,780,278,389
210,29819,6,772,270,394
211,29913,6,781,275,399
212,29984,7,791,272,415
213,30272,6,785,252,433
214,30353,5,786,255,424
215,30435,5,785,254,425
216,30511,6,784,250,428
217,30631,5,782,241,436
218,30721,6,792,240,445
219,30805,6,801,243,457
220,30884,5,795,245,448
221,30972,5,792,252,436
222,31055,6,806,264,436
223,31144,6,806,256,446
224,31270,8,814,261,443
225,31382,7,809,256,446
226,31478,12,810,263,441
227,31622,7,811,253,451
228,31710,6,804,249,449
229,31784,6,796,255,434
230,32089,7,801,241,460
231,32185,6,803,225,478
232,32252,5,818,244,466
233,32348,7,820,246,466
234,32408,6,818,249,459
235,32499,6,820,242,469
236,32578,6,819,244,467
237,32644,6,829,255,466
238,32715,6,819,256,455
239,32791,6,825,261,456
240,32857,6,811,261,442
241,32930,6,821,271,442
242,32988,6,821,280,433
243,33070,6,818,280,430
244,33178,7,819,283,428
245,33261,6,816,283,425
246,33352,6,822,289,425
247,33445,6,824,291,424
248,33569,6,833,301,423
249,33658,7,833,301,423
250,33735,6,840,306,423
251,33831,6,844,310,422
252,33917,6,856,321,420
253,34005,7,865,332,418
254,34081,6,871,341,415
255,34169,6,869,344,410
256,34248,6,871,348,408
257,34337,6,883,360,403
258,34428,7,883,363,400
259,34495,6,891,370,399
260,34591,7,880,372,386
261,34663,7,876,378,376
262,34739,6,887,390,374
263,34809,6,895,394,376
264,34915,7,898,387,379
265,35062,60,884,378,378
266,35153,6,882,369,382
267,35246,7,893,375,382
268,35332,6,898,375,384
269,35429,7,898,365,394
270,35581,11,902,367,401
271,35676,10,895,356,410
272,35754,7,901,360,416
273,35826,7,894,357,413
274,35909,6,895,358,412
275,35993,6,900,353,418
276,36068,7,910,362,419
277,36147,6,911,359,427
278,36244,7,921,367,426
279,36325,7,912,367,417
280,36394,7,909,372,409
281,36486,7,915,378,409
282,36585,6,922,382,412
283,36792,124,923,376,417
284,36862,7,917,375,411
285,36933,7,919,375,414
286,37030,9,919,375,414
287,37123,6,920,367,424
288,37206,6,914,366,420
289,37289,7,913,359,426
290,37359,7,916,359,427
291,37457,6,910,351,434
292,37552,9,918,360,430
293,37638,7,918,359,431
294,37725,7,918,348,443
295,37809,7,914,347,441
296,37896,6,911,347,438
297,37967,6,894,347,421
298,38038,7,905,369,403
299,38119,7,917,381,402
300,38201,7,925,381,414
301,38283,7,921,379,411
302,38381,7,922,373,417
303,38557,9,926,362,432
304,38662,6,915,358,426
305,38752,7,914,356,427
306,38899,7,923,365,426
307,39009,7,926,360,433
308,39095,7,934,369,432
309,39172,9,945,380,426
310,39245,6,953,371,447
311,39321,6,967,385,447
312,39416,7,974,379,458
313,39516,8,978,382,459
314,39599,8,972,370,466
315,39699,8,974,367,477
316,39811,8,982,375,477
317,39907,8,984,378,476
318,40020,7,981,366,489
319,40115,7,981,357,497
320,40194,7,989,364,499
321,40277,7,994,375,488
322,40461,14,1005,374,499
323,40551,8,1003,378,493
324,40654,7,1015,381,499
325,40737,9,1018,372,514
326,40812,7,1009,357,523
327,40891,8,1010,349,536
328,40988,7,1010,352,533
329,41112,7,1008,352,531
330,41216,7,1013,354,533
331,41331,9,1016,341,555
332,41427,8,1017,341,555
333,41509,8,1015,343,551
334,41619,8,1025,353,551
335,41708,8,1033,361,550
336,41793,8,1040,360,558
337,41879,8,1043,362,558
338,41976,8,1044,353,568
339,42098,8,1049,345,584
340,42202,11,1053,349,584
341,42294,8,1056,334,603
342,42475,8,1061,312,634
343,42557,8,1060,304,642
344,42663,10,1061,305,642
345,42768,13,1061,305,642
346,42874,8,1061,304,645
347,42985,8,1061,305,644
348,43097,8,1057,297,650
349,43198,8,1068,305,655
350,43290,8,1075,310,661
351,43383,7,1078,313,661
352,43491,8,1078,313,661
353,43592,9,1083,301,675
354,43683,11,1094,310,678
355,43777,8,1089,300,682
356,43866,8,1094,303,682
357,43949,8,1101,309,684
358,44042,7,1108,303,696
359,44139,10,1116,310,696
360,44229,8,1127,320,696
361,44443,143,1125,320,694
362,44532,8,1127,297,717
363,44652,9,1128,294,721
364,44747,8,1128,289,727
365,44828,8,1133,293,726
366,44913,9,1144,302,728
367,45008,14,1137,294,729
368,45106,12,1139,296,727
369,45225,15,1145,302,725
370,45311,9,1149,307,724
371,45402,8,1149,308,722
372,45517,8,1149,306,726
373,45590,8,1148,297,736
374,45674,8,1146,295,737
375,45757,8,1158,306,731
376,45850,8,1158,296,741
377,45936,8,1162,300,739
378,46006,8,1167,303,741
379,46094,9,1164,293,746
380,46191,9,1164,291,749
381,46296,11,1164,291,749
382,46527,142,1158,288,750
383,46618,24,1158,280,757
384,46729,13,1174,295,758
385,46867,8,1169,298,749
386,46977,15,1173,306,745
387,47084,12,1177,312,743
388,47857,54,1186,289,776
389,47979,15,1185,288,776
390,48110,10,1188,278,790
391,48241,11,1196,273,803
392,48348,26,1209,281,807
393,48452,13,1213,282,807
394,48567,11,1220,285,814
395,48666,11,1221,289,811
396,48766,11,1220,289,810
397,48885,11,1218,291,805
398,49001,12,1220,291,809
399,49108,12,1222,295,807
400,49291,14,1225,280,834
401,49387,12,1226,286,825
402,49504,11,1227,293,817
403,49876,11,1232,289,826
404,49995,13,1241,292,835
405,50089,10,1237,292,831
406,50197,11,1240,295,830
407,50290,9,1240,296,829
408,50378,11,1242,290,837
409,50482,13,1243,290,837
410,50583,9,1252,301,835
411,50677,10,1259,308,831
412,50771,10,1257,308,829
413,50872,8,1257,307,829
414,50970,12,1257,305,832
415,51068,9,1258,305,832
416,51152,10,1258,304,828
417,51234,9,1257,304,827
418,51342,14,1255,303,824
419,51448,10,1253,297,830
420,51706,10,1262,304,834
421,51812,14,1262,304,834
422,51950,11,1270,307,834
423,52148,13,1281,319,830
424,52316,18,1279,319,828
425,52485,11,1280,320,831
426,52629,28,1281,320,832
427,52711,13,1286,324,833
428,52820,9,1297,331,837
429,52932,9,1296,331,836
430,53023,9,1302,336,834
431,53105,10,1299,336,831
432,53229,9,1304,338,832
433,53321,9,1302,335,832
434,53398,9,1304,334,833
435,53498,12,1305,335,832
436,53827,234,1303,334,829
437,53940,10,1304,331,830
438,54025,15,1307,339,823
439,54115,9,1308,339,825
440,54774,17,1306,332,833
441,54874,10,1305,335,829
442,54959,10,1302,324,834
443,55060,11,1310,331,834
444,55164,16,1311,331,839
445,55270,13,1318,338,838
446,55361,20,1328,342,846
447,55462,10,1326,342,844
448,55557,11,1323,340,841
449,55633,11,1328,343,842
450,55726,13,1328,341,844
451,56081,9,1329,337,849
452,56161,9,1338,342,847
453,56277,12,1334,327,859
454,56382,10,1335,298,891
455,56464,9,1337,304,888
456,56541,9,1322,274,915
457,56630,9,1327,269,931
458,56717,9,1325,249,954
459,56828,8,1316,236,965
460,56908,9,1311,238,961
461,56996,10,1322,256,954
462,57086,9,1331,264,957
463,57185,14,1324,265,948
464,57264,9,1321,260,951
465,57371,12,1327,257,956
466,60519,10,1343,98,1165
467,60619,10,1336,97,1162
468,60701,10,1329,97,1155
469,60785,10,1329,90,1167
470,60889,9,1311,87,1155
471,60970,10,1291,87,1135
472,61076,10,1291,71,1154
473,61159,10,1292,74,1150
474,61241,9,1293,77,1151
475,61325,9,1284,70,1151
476,61420,9,1275,76,1133
477,61517,9,1278,79,1133
478,61607,9,1274,79,1125
479,61708,10,1273,79,1124
480,61841,8,1274,79,1126
481,61995,10,1269,79,1121
482,62085,9,1279,95,1112
483,62163,9,1259,95,1092
484,62237,10,1259,103,1081
485,62320,9,1252,104,1071
486,62408,9,1250,110,1062
487,62501,11,1256,116,1057
488,62594,9,1256,116,1057
489,62673,8,1266,138,1037
490,62773,9,1263,138,1034
491,62878,10,1267,146,1029
492,62969,9,1267,146,1029
493,63069,10,1271,154,1025
494,63143,9,1263,156,1015
495,63358,63,1264,157,1015
496,63449,9,1264,150,1024
497,63540,9,1266,151,1024
498,63619,9,1273,167,1014
499,63717,10,1276,169,1017
500,63800,9,1267,169,1008
501,63906,10,1265,168,1007
502,64018,9,1265,174,998
503,64122,9,1265,169,1007
504,64194,11,1256,179,985
505,64279,9,1255,179,984
506,64365,12,1249,181,976
507,64457,11,1260,190,976
508,64542,9,1260,186,982
509,64636,8,1256,186,978
510,64715,9,1256,195,966
511,64848,9,1256,195,966
512,64933,9,1254,196,963
513,65015,9,1252,190,969
514,65114,11,1261,199,969
515,65219,10,1265,203,966
516,65305,9,1276,205,976
517,65393,9,1276,201,983
518,65478,9,1270,201,978
519,65628,9,1270,188,994
520,65726,9,1279,190,997
521,65837,11,1291,194,1002
522,65931,14,1293,199,996
523,66033,12,1296,202,994
524,66144,14,1299,197,1013
525,66264,20,1298,191,1021
526,66454,10,1303,197,1017
527,66564,10,1286,197,1000
528,66651,10,1285,197,999
529,66728,9,1286,198,998
530,66814,11,1296,206,997
531,66892,10,1294,213,987
532,66979,10,1311,225,990
533,67078,10,1305,225,984
534,67164,9,1302,221,988
535,67261,10,1301,219,991
536,67347,11,1310,227,987
537,67444,10,1322,237,986
538,67532,10,1320,239,981
539,67646,9,1320,239,981
540,67746,10,1322,236,989
541,67917,8,1308,237,974
542,68002,9,1317,243,974
543,68091,9,1317,242,980
544,68178,9,1329,253,976
545,68242,9,1329,250,976
546,68327,9,1330,249,981
547,68407,9,1333,253,983
548,68484,10,1333,254,982
549,68558,9,1337,259,981
550,68638,9,1324,259,968
551,68714,10,1332,268,967
552,68794,9,1335,277,960
553,68893,10,1332,278,956
554,68986,10,1332,270,967
555,69078,9,1322,270,958
556,69155,10,1326,274,956
557,69323,9,1326,273,960
558,69401,9,1337,283,957
559,69494,9,1347,297,948
560,69571,10,1344,297,945
561,69644,9,1344,297,945
562,69725,9,1344,297,945
563,69815,9,1346,298,945
564,69911,9,1346,296,946
565,69983,10,1352,295,954
566,70075,9,1352,291,958
567,70156,9,1352,285,966
568,70253,9,1356,282,971
569,70332,9,1356,281,972
570,70416,9,1349,281,965
571,70495,10,1355,287,962
572,70574,10,1356,289,960
573,70655,10,1353,292,952
574,70831,10,1358,282,967
575,70898,10,1362,286,962
576,70985,9,1364,288,962
577,71078,10,1356,290,952
578,71164,14,1366,289,958
579,71271,13,1365,291,955
580,71371,9,1367,290,955
581,71463,9,1367,272,976
582,71562,10,1367,269,978
583,71665,10,1365,269,976
584,71757,9,1371,276,975
585,71860,10,1372,277,974
586,71950,9,1386,281,986
587,72046,10,1389,283,986
588,72131,10,1388,281,987
589,72258,10,1387,281,986
590,72431,92,1388,282,989
591,72540,9,1388,284,985
592,72627,9,1390,286,985
593,72727,10,1392,289,984
594,72822,9,1394,295,974
595,72918,9,1394,295,974
596,73003,11,1404,306,972
597,73097,10,1407,309,969
598,73178,10,1417,321,967
599,73267,10,1417,321,967
600,73358,9,1424,328,966
601,73439,10,1425,336,955
602,73544,10,1427,338,952
603,73644,10,1430,341,952
604,73736,11,1423,341,945
605,73810,10,1423,344,942
606,73889,9,1425,346,942
607,73985,10,1429,353,938
608,74164,9,1430,355,937
609,74248,10,1432,363,931
610,74354,10,1432,363,931
611,74437,10,1435,366,931
612,74511,10,1434,367,929
613,74583,11,1452,378,928
614,74668,10,1461,387,928
615,74779,16,1460,390,923
616,74865,10,1457,390,920
617,74963,11,1461,394,920
618,75072,14,1461,394,920
619,75196,23,1461,394,920
620,75312,12,1470,402,919
621,75402,12,1472,404,919
622,75505,16,1485,415,919
623,75596,10,1485,415,919
624,75688,12,1490,414,928
625,75940,176,1498,395,954
626,76035,10,1511,403,962
627,76117,10,1513,398,968
628,76210,11,1514,397,970
629,76294,11,1517,388,983
630,76378,12,1526,394,983
631,76459,12,1537,404,983
632,76548,11,1540,407,983
633,76639,11,1540,393,1002
634,76732,11,1541,375,1021
635,76815,11,1551,375,1031
636,76905,11,1553,375,1033
637,77008,11,1554,376,1033
638,77081,11,1566,386,1037
639,77178,11,1576,394,1037
640,77268,12,1582,394,1047
641,77339,11,1588,400,1049
642,77430,12,1590,401,1050
643,77656,10,1593,397,1058
644,77741,14,1594,394,1060
645,77859,15,1598,394,1062
646,77943,13,1605,392,1071
647,78038,10,1609,391,1079
648,78135,11,1611,381,1091
649,78216,13,1620,389,1091
650,78313,13,1617,388,1091
651,78430,11,1623,384,1099
652,78504,11,1623,383,1100
653,78628,17,1619,375,1106
654,78783,21,1618,369,1111
655,78871,12,1631,382,1111
656,78962,19,1649,401,1108
657,79117,12,1651,392,1122
658,79212,14,1652,394,1121
659,79292,13,1658,395,1122
660,79379,12,1666,403,1122
661,79590,12,1673,385,1151
662,79685,11,1674,388,1144
663,79779,12,1665,383,1138
664,79862,12,1659,382,1133
665,79974,12,1661,382,1136
666,80074,11,1665,388,1134
667,80165,12,1664,385,1137
668,80258,11,1674,384,1149
669,80345,12,1679,386,1148
670,80461,13,1682,385,1147
671,80570,24,1682,385,1147
672,80658,11,1684,387,1147
673,80775,12,1682,388,1145
674,80872,12,1683,387,1147
675,80968,13,1695,399,1147
676,81051,12,1703,407,1147
677,81597,13,1702,400,1156
678,81683,13,1706,401,1156
679,81799,18,1713,405,1159
680,81902,12,1713,397,1168
681,81984,12,1713,390,1172
682,82106,14,1707,382,1173
683,82200,13,1708,381,1179
684,82293,13,1719,390,1176
685,82400,15,1716,389,1175
686,82479,14,1723,396,1175
687,82590,15,1718,394,1176
688,82682,14,1718,394,1176
689,82817,13,1718,393,1177
690,82911,23,1720,394,1180
691,83036,15,1717,396,1172
692,83127,16,1727,401,1177
693,83432,23,1727,385,1198
694,83538,12,1732,386,1196
695,83679,33,1741,396,1196
696,83793,18,1742,396,1196
697,83968,25,1747,392,1209
698,84123,31,1748,392,1212
699,85612,48,1749,362,1224
700,85741,22,1754,366,1225
701,85867,20,1753,368,1222
702,85982,20,1752,366,1226
703,86105,19,1759,368,1231
704,86215,18,1757,368,1229
705,86314,18,1754,361,1232
706,86425,18,1754,343,1253
707,86879,18,1745,256,1341
708,86989,14,1732,254,1338
709,87090,15,1725,246,1343
710,87195,15,1706,240,1332
711,87297,16,1707,247,1325
712,87418,16,1716,263,1315
713,87516,16,1701,265,1296
714,87602,12,1685,260,1285
715,87676,11,1702,254,1315
716,87770,13,1702,254,1313
717,87860,11,1699,253,1309
718,87961,15,1700,248,1313
719,88056,11,1700,247,1314
720,88300,12,1716,248,1331
721,88388,10,1715,231,1353
722,88478,11,1715,216,1374
723,88584,12,1727,221,1373
724,88674,12,1736,226,1374
725,88767,12,1734,229,1364
726,88845,12,1720,213,1363
727,88923,12,1683,213,1326
728,89002,12,1677,212,1329
729,89109,12,1680,208,1332
730,89193,12,1696,214,1351
731,89287,13,1690,203,1360
732,89392,14,1705,206,1374
733,89502,15,1704,202,1383
734,89812,12,1711,198,1398
735,89911,12,1710,198,1400
736,90005,15,1701,188,1413
737,90105,13,1692,182,1412
738,90196,13,1691,181,1414
739,90287,12,1701,180,1426
740,90366,12,1689,181,1411
741,90463,14,1688,168,1427
742,90560,12,1680,169,1415
743,90648,12,1674,172,1406
744,90748,12,1678,169,1420
745,90834,11,1677,169,1419
746,90923,12,1670,171,1410
747,91224,223,1664,172,1403
748,91317,11,1662,172,1401
749,91396,12,1665,175,1393
750,91471,12,1683,184,1402
751,91565,12,1686,183,1408
752,91656,12,1679,183,1401
753,91796,12,1679,182,1409
754,91901,12,1675,172,1415
755,91989,12,1668,172,1409
756,92092,14,1668,173,1407
757,92197,11,1665,169,1411
758,92291,13,1664,167,1416
759,92379,12,1659,170,1408
760,92465,13,1662,166,1417
761,95390,2849,1657,120,1476
762,95493,12,1652,101,1492
763,95581,11,1652,101,1492
764,95666,11,1652,101,1492
765,95739,10,1653,101,1495
766,95842,11,1653,98,1499
767,95939,11,1652,86,1511
768,96032,11,1652,85,1512
769,96114,12,1650,85,1510
770,96206,12,1655,90,1502
771,96304,13,1652,90,1499
772,96397,12,1652,91,1497
773,96486,12,1644,92,1486
774,96576,13,1641,97,1478
775,96688,14,1640,94,1483
776,96785,13,1639,94,1482
777,96885,10,1635,95,1476
778,96956,11,1636,93,1479
779,97050,11,1635,98,1473
780,97124,11,1625,97,1467
781,97228,11,1617,99,1453
782,97307,11,1603,99,1439
783,97402,11,1603,98,1443
784,97501,11,1608,108,1436
785,97597,13,1609,109,1434
786,97699,11,1609,110,1430
787,97795,12,1601,109,1422
788,97940,11,1602,111,1422
789,98039,11,1602,111,1422
790,98141,11,1599,111,1419
791,98225,10,1598,111,1420
792,98309,10,1600,114,1419
793,98400,13,1613,127,1417
794,98487,11,1616,130,1414
795,98575,12,1622,136,1413
796,98671,12,1623,143,1404
797,98751,11,1615,144,1392
798,98850,12,1615,144,1392
799,98963,12,1619,150,1390
800,99049,12,1611,151,1381
801,99198,64,1606,152,1373
802,99292,11,1609,154,1372
803,99369,12,1601,154,1364
804,99467,15,1599,155,1358
805,99548,11,1592,157,1349
806,99636,11,1594,159,1348
807,99720,11,1598,169,1341
808,99791,10,1598,172,1335
809,99871,12,1607,182,1332
810,99973,11,1606,183,1329
811,100056,11,1605,184,1327
812,100144,12,1606,187,1325
813,100246,12,1599,188,1316
814,100326,12,1606,195,1315
815,100470,70,1606,197,1309
816,100548,12,1612,203,1306
817,100639,11,1612,200,1310
818,100718,11,1611,201,1307
819,100812,10,1611,196,1312
820,100893,11,1607,210,1289
821,100970,12,1614,217,1289
822,101068,12,1608,218,1282
823,101154,11,1617,227,1282
824,101233,11,1624,234,1279
825,101343,12,1622,232,1279
826,101438,12,1619,230,1278
827,101539,11,1615,229,1276
828,101634,12,1624,238,1274
829,101795,73,1628,242,1274
830,101886,11,1629,243,1274
831,101995,12,1628,234,1283
832,102090,11,1628,227,1291
833,102161,12,1646,244,1290
834,102247,12,1651,240,1295
835,102343,11,1650,220,1320
836,102456,14,1662,226,1325
837,102555,11,1657,225,1322
838,102640,12,1664,232,1322
839,102722,11,1664,225,1330
840,102807,11,1664,224,1332
841,102897,14,1673,233,1334
842,102979,12,1668,226,1338
843,103158,118,1675,233,1337
844,103243,13,1690,248,1337
845,103341,12,1688,247,1333
846,103442,11,1689,244,1337
847,103537,12,1692,238,1345
848,103633,11,1697,243,1340
849,103724,14,1700,246,1341
850,103825,14,1697,244,1339
851,103913,12,1701,248,1337
852,104005,11,1703,250,1336
853,104097,12,1710,258,1335
854,104185,13,1709,258,1334
855,104267,14,1711,258,1336
856,104360,12,1712,256,1340
857,104525,80,1712,256,1340
858,104630,11,1712,261,1338
859,104725,14,1714,268,1333
860,104834,12,1717,271,1333
861,104935,14,1718,266,1340
862,105015,11,1727,276,1339
863,105098,13,1728,277,1339
864,105194,18,1728,273,1344
865,105318,15,1732,265,1355
866,105397,14,1737,269,1355
867,105476,13,1745,278,1355
868,105565,12,1745,278,1355
869,105670,12,1746,279,1353
870,105775,14,1748,279,1354
871,105900,23,1757,287,1357
872,106114,12,1757,277,1366
873,106204,14,1758,278,1365
874,106298,12,1755,277,1362
875,106394,13,1755,276,1363
876,106484,12,1761,279,1362
877,106575,13,1773,291,1361
878,106659,14,1784,296,1370
879,106766,19,1785,297,1374
880,106878,13,1799,313,1372
881,106973,14,1806,320,1371
882,107079,15,1805,323,1367
883,107189,17,1805,320,1367
884,107291,13,1804,316,1371
885,107384,27,1811,323,1370
886,107569,109,1811,318,1369
887,107671,12,1812,319,1366
888,107757,12,1815,323,1365
889,107863,13,1813,323,1363
890,107950,12,1813,323,1363
891,108053,13,1819,332,1356
892,108137,14,1827,340,1356
893,108232,13,1827,340,1356
894,108330,13,1826,340,1355
895,108431,17,1826,340,1355
896,108497,13,1830,344,1355
897,108586,14,1831,345,1355
898,108672,12,1833,347,1355
899,108767,13,1837,352,1353
900,108859,13,1840,355,1350
901,108947,13,1848,363,1349
902,109159,12,1845,365,1344
903,109243,12,1846,367,1343
904,109331,12,1844,367,1341
905,109442,23,1844,367,1341
906,109519,14,1873,395,1341
907,109600,12,1873,395,1341
908,109687,12,1872,396,1339
909,109772,13,1872,396,1339
910,109850,12,1874,398,1339
911,109938,14,1875,401,1334
912,110032,13,1872,401,1331
913,110135,13,1877,406,1331
914,110237,13,1877,407,1328
915,110325,13,1877,407,1328
916,110413,13,1879,401,1338
917,110634,143,1879,396,1340
918,110732,16,1888,397,1348
919,110814,12,1897,399,1355
920,110903,14,1900,394,1366
921,110989,13,1900,396,1363
922,111076,14,1905,396,1366
923,111184,13,1903,392,1369
924,111268,12,1903,385,1378
925,111367,13,1898,372,1388
926,111461,14,1895,372,1385
927,111566,17,1900,373,1385
928,111677,14,1908,376,1387
929,111763,16,1908,372,1393
930,111863,13,1901,370,1386
931,111958,14,1899,367,1394
932,112053,14,1900,366,1397
933,112339,14,1904,359,1414
934,112429,13,1911,363,1415
935,112522,14,1929,382,1411
936,112605,14,1929,382,1411
937,112699,13,1940,392,1412
938,112789,14,1937,390,1411
939,112880,14,1943,395,1410
940,112971,12,1942,386,1418
941,113064,14,1942,377,1427
942,113149,14,1953,383,1423
943,113240,13,1953,382,1424
944,113333,13,1952,379,1426
945,113421,13,1956,378,1430
946,113504,14,1956,377,1433
947,113597,15,1954,378,1430
948,113700,17,1955,377,1430
949,113909,13,1967,386,1430
950,114011,14,1968,385,1432
951,114110,13,1968,387,1428
952,114207,13,1968,384,1433
953,114280,14,1969,387,1430
954,114367,14,1970,390,1425
955,114452,14,1972,391,1427
956,114538,13,1969,391,1424
957,114631,13,1977,405,1413
958,114741,14,1977,402,1417
959,114821,14,1974,403,1412
960,114902,14,1975,402,1415
961,115001,16,1978,401,1417
962,115078,15,1975,399,1416
963,115166,14,1977,399,1420
964,115277,14,1971,397,1414
965,115508,13,1970,395,1418
966,115567,13,1978,403,1418
967,115659,14,1979,403,1420
968,115769,26,1979,403,1418
969,115875,13,1974,399,1415
970,115969,13,1981,402,1417
971,116060,13,1990,412,1415
972,116152,15,1998,415,1414
973,116226,14,1998,413,1416
974,116321,14,1993,395,1434
975,116400,14,1989,395,1430
976,116481,13,1985,363,1456
977,116588,13,1997,359,1473
978,116691,13,1994,348,1483
979,116783,13,1986,348,1475
980,116877,14,1991,333,1492
981,117101,166,1988,332,1491
982,117193,14,1989,306,1526
983,117288,13,1997,311,1535
984,117380,14,2006,311,1538
985,117473,15,2011,310,1544
986,117551,15,2018,307,1547
987,117645,14,2019,298,1560
988,117743,14,2024,302,1558
989,117838,14,2008,302,1542
990,117922,13,2010,305,1540
991,118003,13,1997,295,1541
992,118096,13,1991,298,1530
993,118184,13,1992,305,1524
994,118268,15,1988,311,1514
995,118513,14,1990,305,1524
996,118593,14,1990,305,1524
997,118682,13,2001,301,1540
998,118759,14,2004,294,1553
999,118846,14,2004,293,1556
1000,118964,15,1999,291,1551
1001,119049,13,1993,292,1544
1002,119142,13,1993,290,1546
1003,119230,14,1982,282,1543
1004,119312,14,1976,278,1541
1005,119412,14,1984,271,1557
1006,119511,15,1991,271,1567
1007,119612,14,1991,262,1578
1008,119694,15,1990,261,1580
1009,119966,13,1986,237,1605
1010,120070,13,1983,231,1613
1011,120154,14,1992,239,1614
1012,120232,12,1988,239,1614
1013,120322,15,1998,246,1617
1014,120405,14,1998,246,1617
1015,120485,13,1999,239,1625
1016,120575,14,2015,254,1628
1017,120666,14,2017,256,1630
1018,120739,14,2016,262,1622
1019,120828,14,2003,260,1614
1020,120912,13,2005,271,1604
1021,121184,179,2018,283,1602
1022,121281,14,2033,290,1611
1023,121381,14,2055,310,1612
1024,121450,15,2059,316,1610
1025,121524,14,2050,315,1604
1026,121620,15,2063,323,1600
1027,121724,15,2069,312,1620
1028,121809,15,2055,296,1628
1029,121904,14,2044,279,1635
1030,122008,18,2050,288,1631
1031,122094,13,2039,288,1620
1032,122181,14,2053,302,1620
1033,122298,13,2056,304,1621
1034,122534,14,2053,287,1637
1035,122639,15,2054,273,1654
1036,122718,14,2054,270,1657
1037,122806,15,2054,263,1666
1038,122898,14,2061,261,1676
1039,123001,15,2063,255,1685
1040,123094,14,2073,256,1694
1041,123194,23,2074,242,1711
1042,123286,17,2068,235,1715
1043,123380,17,2068,243,1703
1044,123457,15,2071,243,1706
1045,123539,14,2071,243,1706
1046,123760,147,2068,243,1701
1047,123860,14,2072,241,1708
1048,123958,15,2073,240,1710
1049,124027,13,2068,242,1703
1050,124153,15,2068,243,1702
1051,124235,15,2081,261,1698
1052,124324,15,2083,267,1692
1053,124418,14,2086,253,1709
1054,124505,16,2087,251,1710
1055,124592,15,2078,251,1701
1056,124686,15,2073,239,1706
1057,124772,14,2063,231,1704
1058,124863,14,2083,243,1715
1059,125112,15,2083,228,1735
1060,125217,14,2091,223,1753
1061,125292,15,2091,223,1753
1062,125381,15,2091,220,1755
1063,125468,14,2091,225,1751
1064,125549,14,2099,237,1746
1065,125634,15,2093,237,1740
1066,125728,15,2093,237,1740
1067,125816,15,2097,241,1738
1068,125889,14,2093,250,1728
1069,125973,15,2095,252,1728
1070,126063,15,2091,251,1725
1071,126141,14,2098,254,1731
1072,126368,142,2102,264,1730
1073,126496,15,2100,263,1730
1074,126587,15,2098,267,1723
1075,126665,15,2098,263,1732
1076,126750,14,2088,251,1725
1077,126828,16,2080,251,1717
1078,126918,15,2080,250,1719
1079,127015,15,2082,249,1724
1080,127108,15,2066,241,1722
1081,127200,15,2075,251,1720
1082,127295,14,2067,251,1712
1083,127387,15,2069,253,1710
1084,127476,14,2060,255,1697
1085,127726,194,2058,254,1696
1086,127828,19,2056,248,1705
1087,127916,15,2052,248,1701
1088,128013,15,2053,241,1710
1089,128106,19,2052,232,1718
1090,128200,18,2041,225,1712
1091,128326,17,2029,224,1701
1092,128414,16,2021,224,1693
1093,128672,13,2015,215,1697
1094,128777,14,2028,222,1704
1095,128850,14,2041,236,1701
1096,128947,15,2043,244,1694
1097,129043,14,2044,237,1702
1098,129130,14,2040,240,1694
1099,129216,14,2024,239,1679
1100,129442,14,2023,240,1677
1101,129528,14,2023,239,1680
1102,129620,14,2022,238,1680
1103,129698,13,2021,238,1679
1104,129785,14,2004,239,1660
1105,129880,13,2006,241,1660
1106,129976,14,2008,236,1668
1107,130076,14,2009,237,1667
1108,130175,14,2008,235,1669
1109,130271,14,2015,242,1667
1110,130353,14,2022,250,1663
1111,130433,15,2022,249,1663
1112,130519,16,2042,267,1661
1113,130610,14,2049,277,1656
1114,130704,15,2056,284,1652
1115,130930,14,2057,280,1659
1116,131013,15,2049,279,1653
1117,131094,14,2055,281,1654
1118,131179,15,2062,288,1651
1119,131306,14,2062,286,1651
1120,131405,14,2062,286,1651
1121,131497,15,2070,293,1650
1122,131589,16,2074,295,1652
1123,131684,14,2073,287,1661
1124,131773,14,2079,284,1671
1125,131878,15,2081,283,1673
1126,131972,14,2084,277,1681
1127,132057,15,2086,280,1680
1128,132157,15,2088,281,1676
1129,132269,15,2098,281,1677
1130,132492,147,2104,291,1672
1131,132593,15,2106,283,1686
1132,132687,15,2108,268,1706
1133,132775,14,2107,267,1706
1134,132873,14,2109,266,1709
1135,132960,14,2127,281,1706
1136,133052,15,2128,270,1723
1137,133148,15,2135,272,1731
1138,133247,16,2144,276,1738
1139,133338,15,2144,277,1737
1140,133425,15,2144,277,1737
1141,133527,15,2145,274,1739
1142,133653,15,2141,266,1745
1143,133754,14,2141,266,1745
1144,133842,17,2136,249,1764
1145,135988,2055,2130,242,1765
1146,136087,15,2127,168,1850
1147,136180,16,2137,179,1845
1148,136268,14,2137,168,1855
1149,136361,15,2134,165,1855
1150,136454,15,2141,170,1856
1151,136552,14,2149,177,1855
1152,136622,16,2158,187,1850
1153,136716,15,2168,196,1850
1154,136805,15,2176,205,1849
1155,136891,14,2175,206,1845
1156,136977,15,2174,206,1844
1157,137074,18,2189,221,1842
1158,137169,16,2202,236,1837
1159,137272,16,2198,235,1833
1160,137392,55,2198,226,1844
1161,137473,14,2199,229,1840
1162,137565,14,2201,231,1839
1163,137658,15,2202,232,1836
1164,137755,15,2203,233,1836
1165,137852,15,2216,245,1836
1166,137936,15,2216,233,1851
1167,138041,15,2216,233,1849
1168,138148,18,2215,232,1849
1169,138245,18,2212,229,1852
1170,138356,15,2210,223,1856
1171,138445,15,2210,214,1865
1172,138531,15,2220,223,1858
1173,138630,16,2212,223,1850
1174,138712,15,2214,225,1849
1175,138853,15,2216,225,1850
1176,138943,15,2230,233,1859
1177,139036,15,2223,225,1870
1178,139116,15,2235,237,1870
1179,139216,16,2236,237,1873
1180,139320,16,2235,237,1874
1181,139411,16,2244,244,1880
1182,139512,18,2246,246,1877
1183,139588,17,2244,246,1875
1184,139689,16,2255,256,1877
1185,139783,15,2256,257,1876
1186,139898,15,2256,256,1879
1187,140055,15,2263,266,1872
1188,140147,16,2265,268,1872
1189,140241,15,2262,265,1881
1190,140338,15,2262,265,1881
1191,140423,16,2267,274,1874
1192,140522,15,2265,274,1871
1193,140600,16,2277,284,1868
1194,140697,16,2276,282,1872
1195,140766,16,2279,283,1874
1196,140855,15,2279,281,1877
1197,140951,16,2276,281,1875
1198,141045,15,2283,288,1875
1199,141203,81,2285,283,1883
1200,141297,16,2289,287,1883
1201,141388,15,2288,290,1879
1202,141471,16,2286,285,1886
1203,141566,15,2282,288,1881
1204,141672,16,2282,288,1881
1205,141775,16,2280,286,1879
1206,141864,16,2279,286,1878
1207,141958,20,2279,284,1880
1208,142060,15,2277,283,1881
1209,142154,16,2277,279,1888
1210,142255,16,2279,279,1884
1211,142429,93,2285,284,1886
1212,142527,15,2292,292,1883
1213,142606,16,2292,292,1883
1214,142705,16,2294,294,1881
1215,142812,15,2305,305,1881
1216,142917,15,2307,306,1882
1217,143001,17,2331,330,1879
1218,143095,15,2336,332,1882
1219,143176,16,2334,332,1880
1220,143261,16,2335,333,1877
1221,143346,17,2343,341,1877
1222,143435,18,2343,341,1877
1223,143614,100,2340,342,1873
1224,143699,16,2339,341,1873
1225,143777,17,2342,347,1869
1226,143851,16,2339,347,1866
1227,143939,15,2342,349,1867
1228,144052,17,2344,352,1866
1229,144153,16,2343,350,1865
1230,144241,17,2346,345,1869
1231,144313,15,2347,346,1869
1232,144391,16,2347,346,1869
1233,144492,16,2349,348,1869
1234,144577,16,2351,350,1869
1235,144672,16,2348,347,1866
1236,144836,17,2350,349,1867
1237,144929,17,2357,357,1862
1238,145016,15,2359,358,1862
1239,145105,16,2359,358,1862
1240,145211,16,2364,364,1861
1241,145297,16,2365,365,1861
1242,145403,16,2364,360,1865
1243,145512,15,2362,359,1863
1244,145595,16,2363,360,1863
1245,145698,16,2363,363,1859
1246,145793,17,2354,366,1847
1247,145882,16,2353,367,1844
1248,146066,17,2357,369,1846
1249,146164,16,2358,364,1844
1250,146250,16,2358,367,1838
1251,146342,20,2364,367,1843
1252,146442,17,2360,341,1862
1253,146506,15,2350,337,1856
1254,146581,16,2357,336,1863
1255,146660,15,2360,320,1886
1256,146749,16,2358,312,1896
1257,146841,16,2343,313,1879
1258,146927,21,2360,329,1879
1259,147028,19,2357,323,1884
1260,147125,17,2359,301,1909
1261,147316,116,2360,278,1943
1262,147397,16,2368,286,1942
1263,147494,16,2362,290,1932
1264,147580,19,2370,298,1930
1265,147663,17,2360,293,1923
1266,147766,16,2360,277,1941
1267,147859,16,2360,265,1963
1268,147961,16,2364,252,1982
1269,148060,15,2360,250,1978
1270,148152,16,2349,236,1978
1271,148232,17,2354,243,1970
1272,148330,17,2349,239,1971
1273,148418,17,2339,239,1959
1274,148616,120,2338,239,1958
1275,148718,17,2358,250,1971
1276,148805,15,2363,254,1974
1277,148883,15,2371,262,1973
1278,148971,17,2352,258,1958
1279,149071,16,2350,258,1956
1280,149162,17,2350,258,1956
1281,149265,15,2349,258,1955
1282,149361,17,2347,259,1952
1283,149445,17,2356,268,1952
1284,149531,15,2348,268,1944
1285,149625,15,2341,268,1937
1286,149716,15,2341,268,1937
1287,149802,16,2342,277,1927
1288,150053,152,2343,283,1918
1289,150142,16,2343,283,1918
1290,150233,16,2333,283,1908
1291,150324,16,2342,292,1907
1292,150418,18,2350,300,1901
1293,150517,16,2347,300,1898
1294,150607,16,2364,317,1893
1295,150687,16,2377,330,1892
1296,150784,16,2385,338,1889
1297,150872,16,2384,338,1888
1298,150978,15,2382,338,1886
1299,151060,20,2377,333,1886
1300,151157,22,2385,313,1917
1301,151249,17,2392,314,1927
1302,151453,127,2393,310,1933
1303,151538,16,2404,306,1949
1304,151628,16,2403,291,1966
1305,151720,18,2392,272,1977
1306,151815,16,2392,262,1990
1307,151901,16,2382,260,1984
1308,152002,16,2386,256,1993
1309,152090,19,2377,256,1984
1310,152194,17,2373,243,1990
1311,152292,16,2366,240,1986
1312,152388,15,2360,240,1980
1313,152476,17,2360,239,1982
1314,152571,17,2363,232,1996
1315,152666,16,2359,231,1995
1316,152755,16,2350,219,1999
1317,152865,16,2342,218,1991
1318,153070,16,2351,206,2024
1319,153142,14,2353,216,2016
1320,153227,15,2357,206,2031
1321,153325,16,2358,216,2022
1322,153410,15,2367,219,2029
1323,153525,16,2369,211,2035
1324,153613,17,2367,212,2032
1325,153687,16,2359,211,2027
1326,153765,16,2374,224,2034
1327,153854,18,2364,224,2024
1328,153932,16,2345,219,2013
1329,154015,17,2355,229,2003
1330,154113,16,2371,243,2002
1331,154195,16,2365,240,2000
1332,154288,17,2366,240,2004
1333,154387,17,2366,222,2024
1334,154606,15,2360,221,2019
1335,154698,16,2360,229,2008
1336,154792,17,2348,215,2011
1337,154881,17,2362,230,2010
1338,154969,17,2362,230,2010
1339,155057,15,2364,232,2009
1340,155134,16,2360,231,2007
1341,155218,16,2372,242,2007
1342,155308,16,2376,245,2009
1343,155386,16,2380,242,2015
1344,155480,16,2379,240,2025
1345,155569,16,2369,244,2005
1346,155660,16,2362,250,1989
1347,155741,15,2370,242,2004
1348,155821,16,2352,241,1987
1349,156089,16,2353,225,2010
1350,156161,16,2340,221,2004
1351,156257,16,2340,221,2004
1352,156352,15,2341,218,2011
1353,156449,20,2335,218,2005
1354,156537,15,2336,219,2000
1355,156620,15,2340,223,2000
1356,156696,16,2338,224,1996
1357,156783,15,2348,234,1992
1358,156869,15,2361,248,1987
1359,156964,17,2352,250,1975
1360,157048,16,2353,251,1975
1361,157146,16,2362,260,1970
1362,157218,16,2366,272,1962
1363,157305,15,2364,271,1959
1364,157387,16,2363,272,1957
1365,157625,15,2362,266,1964
1366,157715,16,2362,267,1963
1367,157798,16,2352,269,1951
1368,157908,16,2348,269,1947
1369,158003,17,2361,284,1943
1370,158111,15,2361,273,1963
1371,158233,16,2359,273,1961
1372,158320,16,2359,274,1959
1373,158404,17,2360,275,1957
1374,158478,16,2368,282,1959
1375,158560,19,2368,282,1959
1376,158640,16,2359,286,1940
1377,158725,16,2359,286,1940
1378,158831,16,2359,286,1940
1379,159076,16,2356,274,1956
1380,159172,16,2367,286,1954
1381,159274,16,2365,289,1951
1382,159359,17,2366,274,1978
1383,159457,16,2366,266,1987
1384,159532,17,2379,277,1987
1385,159633,19,2381,272,1995
1386,159728,16,2381,266,2004
1387,159827,16,2374,268,1995
1388,159926,16,2387,281,1993
1389,160012,16,2390,279,2000
1390,160111,17,2391,278,2002
1391,160189,16,2393,280,1998
1392,160408,16,2392,284,1992
1393,160499,16,2385,285,1984
1394,160589,17,2387,278,1999
1395,160678,16,2372,278,1984
1396,160783,21,2372,277,1985
1397,160871,15,2372,280,1980
1398,160966,16,2374,281,1978
1399,161050,16,2368,282,1971
1400,161135,16,2349,282,1952
1401,161246,33,2352,278,1963
1402,161331,15,2354,272,1973
1403,161418,17,2356,272,1976
1404,161515,17,2364,276,1982
1405,161748,15,2365,274,1984
1406,161848,16,2378,285,1981
1407,161937,16,2391,272,2006
1408,162038,16,2391,272,2006
1409,162135,16,2393,273,2009
1410,162243,16,2390,276,2003
1411,162366,16,2394,280,2001
1412,162473,16,2389,270,2007
1413,162571,16,2399,271,2012
1414,162670,16,2397,268,2013
1415,162774,16,2397,252,2029
1416,162889,20,2395,248,2032
1417,163149,17,2394,239,2042
1418,163224,16,2397,237,2037
1419,163332,31,2404,234,2057
1420,163412,16,2413,240,2061
1421,163496,16,2414,239,2065
1422,163595,17,2409,241,2058
1423,163694,16,2409,241,2058
1424,163777,16,2409,241,2058
1425,163884,17,2406,236,2061
1426,163973,17,2411,236,2068
1427,164071,20,2412,236,2067
1428,164178,17,2412,229,2080
1429,164437,16,2428,234,2092
1430,164544,16,2428,234,2092
1431,164645,17,2427,234,2091
1432,164729,17,2429,222,2108
1433,164829,17,2433,214,2124
1434,164927,17,2437,219,2120
1435,165020,17,2436,219,2119
1436,165107,16,2444,223,2115
1437,165195,16,2444,223,2115
1438,165295,15,2447,225,2116
1439,165391,16,2458,224,2126
1440,165482,17,2455,223,2127
1441,165719,17,2461,229,2127
1442,165803,17,2462,223,2134
1443,165887,16,2467,224,2133
1444,165981,17,2465,222,2135
1445,166076,17,2464,223,2132
1446,166163,16,2460,217,2136
1447,166253,17,2458,215,2138
1448,166349,17,2464,219,2141
1449,166432,17,2464,219,2141
1450,166513,17,2463,223,2132
1451,166610,16,2463,220,2135
1452,166707,17,2464,220,2135
1453,166940,16,2465,211,2146
1454,167038,16,2469,218,2141
1455,167120,18,2476,209,2162
1456,167201,17,2475,212,2154
1457,167296,17,2473,209,2155
1458,167378,17,2473,204,2155
1459,167466,18,2475,207,2153
1460,167552,17,2481,203,2162
1461,167636,17,2490,211,2158
1462,167732,16,2491,212,2157
1463,167818,18,2492,214,2154
1464,167903,16,2492,208,2162
1465,168144,17,2508,222,2160
1466,168256,17,2508,221,2161
1467,168350,17,2509,222,2159
1468,168449,20,2513,224,2160
1469,168524,18,2530,242,2158
1470,168633,17,2529,242,2159
1471,168730,18,2531,245,2159
1472,168808,17,2540,254,2157
1473,168911,19,2541,255,2157
1474,169007,16,2540,256,2155
1475,169108,17,2539,256,2154
1476,169205,17,2545,261,2154
1477,171371,16,2547,202,2223
1478,171464,16,2547,203,2222
1479,171560,18,2549,203,2222
1480,171663,17,2552,206,2221
1481,171754,17,2548,206,2217
1482,171846,16,2544,208,2211
1483,171947,18,2547,205,2212
1484,172052,16,2553,207,2217
1485,172134,17,2560,214,2217
1486,172222,17,2568,223,2216
1487,172322,17,2572,227,2215
1488,172426,17,2570,228,2212
1489,172555,17,2571,229,2212
1490,172645,21,2576,232,2211
1491,172729,18,2574,230,2212
1492,172811,18,2573,231,2209
1493,172899,18,2570,230,2209
1494,172999,17,2560,230,2199
1495,173086,17,2560,227,2204
1496,173177,16,2556,227,2200
1497,173263,16,2547,226,2192
1498,173367,16,2546,225,2190
1499,173457,16,2546,222,2194
1500,173570,52,2553,227,2190
1501,173681,24,2553,227,2190
1502,173778,18,2555,225,2199
1503,173863,18,2569,238,2199
1504,173935,18,2569,241,2194
1505,174034,18,2569,242,2192
1506,174128,17,2568,242,2191
1507,174215,17,2569,243,2187
1508,174304,18,2567,244,2184
1509,174402,17,2576,248,2188
1510,174503,18,2578,250,2188
1511,174637,69,2578,249,2188
1512,174735,18,2584,253,2191
1513,174853,18,2584,252,2193
1514,174947,17,2584,250,2196
1515,175026,18,2584,247,2198
1516,175117,18,2586,248,2201
1517,175205,18,2586,247,2203
1518,175297,18,2584,246,2199
1519,175402,17,2583,247,2196
1520,175496,17,2587,253,2194
1521,175585,17,2587,252,2199
1522,175760,100,2583,256,2194
1523,175845,17,2585,257,2195
1524,175929,18,2585,257,2195
1525,176020,16,2587,258,2197
1526,176126,18,2595,266,2195
1527,176229,17,2595,258,2204
1528,176330,17,2593,248,2222
1529,176434,18,2593,226,2248
1530,176527,17,2581,229,2230
1531,176616,17,2590,236,2230
1532,176715,17,2590,221,2248
1533,176821,18,2602,237,2245
1534,176953,17,2626,260,2245
1535,177050,18,2627,262,2241
1536,177140,17,2617,253,2250
1537,177220,18,2626,252,2259
1538,177312,18,2634,250,2280
1539,177399,17,2632,237,2297
1540,177475,18,2656,262,2293
1541,177564,18,2644,257,2293
1542,177654,17,2644,258,2290
1543,177732,18,2639,262,2279
1544,177833,18,2638,251,2291
1545,177991,18,2632,244,2290
1546,178069,16,2639,251,2288
1547,178142,18,2641,252,2288
1548,178225,18,2641,256,2278
1549,178336,22,2628,255,2266
1550,178419,18,2644,260,2276
1551,178515,18,2649,244,2296
1552,178600,17,2650,244,2294
1553,178680,17,2642,241,2293
1554,178759,16,2649,240,2298
1555,178839,17,2638,233,2295
1556,179046,119,2650,228,2304
1557,179153,18,2653,214,2326
1558,179246,17,2642,214,2315
1559,179348,18,2643,216,2313
1560,179445,18,2634,216,2304
1561,179543,18,2647,231,2298
1562,179630,19,2671,254,2297
1563,179730,17,2665,256,2288
1564,179811,19,2659,255,2286
1565,179925,20,2649,236,2303
1566,180004,18,2648,229,2310
1567,180105,17,2642,209,2335
1568,180293,17,2633,184,2354
1569,180374,19,2631,176,2363
1570,180457,17,2646,183,2369
1571,180549,17,2646,192,2359
1572,180652,18,2656,202,2359
1573,180736,18,2657,202,2350
1574,180827,18,2649,193,2354
1575,180921,19,2649,183,2372
1576,181005,18,2651,176,2384
1577,181099,17,2648,175,2381
1578,181172,17,2648,167,2389
1579,181278,18,2649,168,2388
1580,181452,19,2641,161,2387
1581,181533,18,2641,160,2390
1582,181630,16,2624,160,2373
1583,181724,18,2637,172,2367
1584,181805,17,2638,168,2375
1585,181899,18,2642,172,2363
1586,182003,18,2631,161,2361
1587,182090,18,2628,154,2368
1588,182179,19,2636,151,2382
1589,182262,17,2655,165,2380
1590,182361,18,2662,171,2372
1591,182440,18,2657,171,2367
1592,182608,93,2658,166,2374
1593,182681,17,2649,171,2359
1594,182773,18,2641,169,2356
1595,182880,18,2639,165,2363
1596,182972,18,2639,165,2363
1597,183077,18,2640,166,2362
1598,183158,17,2647,173,2361
1599,183230,18,2652,187,2348
1600,183317,18,2645,176,2353
1601,183412,17,2650,181,2353
1602,183505,18,2652,182,2354
1603,183588,18,2645,182,2347
1604,183687,17,2646,183,2347
1605,183877,112,2648,187,2339
1606,183956,18,2657,196,2337
1607,184048,17,2649,198,2320
1608,184147,18,2648,196,2324
1609,184229,19,2648,196,2324
1610,184310,19,2638,196,2314
1611,184403,17,2648,206,2314
1612,184495,18,2641,207,2306
1613,184586,18,2647,213,2305
1614,184671,17,2661,225,2304
1615,184753,17,2661,233,2296
1616,184830,18,2660,233,2295
1617,184921,18,2662,235,2295
1618,185013,18,2668,241,2290
1619,185221,134,2668,241,2290
1620,185314,18,2669,242,2289
1621,185398,18,2669,242,2289
1622,185487,17,2676,251,2274
1623,185581,19,2681,257,2271
1624,185662,18,2687,263,2269
1625,185745,18,2685,263,2267
1626,185826,18,2685,265,2265
1627,185906,18,2685,268,2262
1628,185993,18,2683,268,2260
1629,186092,18,2685,270,2259
1630,186193,18,2692,277,2257
1631,186278,18,2692,277,2257
1632,186362,17,2693,277,2259
1633,186551,111,2694,271,2266
1634,186639,19,2697,273,2266
1635,186727,17,2697,269,2272
1636,186828,19,2717,270,2278
1637,186910,18,2709,270,2270
1638,186998,18,2704,266,2277
1639,187083,18,2703,261,2277
1640,187160,18,2716,267,2283
1641,187261,17,2716,260,2291
1642,187364,19,2717,255,2299
1643,187451,18,2723,262,2304
1644,187532,18,2721,271,2293
1645,187644,23,2722,271,2294
1646,187755,19,2722,271,2294
1647,187842,18,2731,274,2305
1648,188051,18,2730,260,2323
1649,188142,20,2731,261,2324
1650,188245,21,2745,274,2327
1651,188329,19,2744,272,2328
1652,188418,20,2741,278,2320
1653,188517,22,2741,280,2315
1654,188607,19,2754,300,2302
1655,188692,19,2753,300,2301
1656,188788,18,2752,299,2304
1657,188916,23,2751,290,2314
1658,189005,17,2744,290,2305
1659,189086,18,2738,284,2307
1660,189189,19,2738,287,2298
1661,189311,22,2738,281,2306
1662,189474,52,2739,278,2306
1663,189757,18,2739,273,2311
1664,189837,19,2740,273,2312
1665,189927,18,2739,272,2312
1666,190035,18,2739,272,2312
1667,190132,18,2732,265,2315
1668,190227,17,2744,271,2318
1669,190320,18,2751,275,2319
1670,190398,18,2757,282,2318
1671,190493,19,2760,272,2334
1672,190582,18,2763,275,2334
1673,190680,19,2762,275,2340
1674,190767,18,2770,286,2335
1675,190848,19,2770,284,2337
1676,190939,19,2764,285,2330
1677,191173,139,2754,279,2326
1678,191282,23,2757,273,2341
1679,191395,19,2761,265,2356
1680,191498,18,2763,268,2352
1681,191609,18,2763,263,2360
1682,191718,18,2763,262,2363
1683,191809,18,2762,256,2370
1684,191918,19,2766,250,2382
1685,192024,19,2766,241,2391
1686,192132,18,2764,209,2427
1687,192221,18,2782,229,2421
1688,192322,25,2788,210,2446
1689,192427,24,2791,198,2464
1690,192519,19,2808,209,2462
1691,192757,18,2809,209,2462
1692,192841,19,2826,225,2460
1693,192932,19,2822,224,2457
1694,193022,19,2830,232,2455
1695,193111,18,2830,226,2469
1696,193200,18,2832,216,2487
1697,193299,19,2832,216,2487
1698,193387,19,2836,221,2486
1699,193494,17,2844,227,2488
1700,193585,19,2847,225,2496
1701,193682,20,2846,224,2496
1702,193771,18,2848,224,2497
1703,193870,18,2855,229,2500
1704,194102,18,2859,233,2500
1705,194179,18,2870,241,2506
1706,194267,19,2877,248,2506
1707,194345,19,2877,245,2513
1708,194441,19,2883,236,2531
1709,194520,19,2884,237,2528
1710,194634,19,2886,234,2526
1711,194740,19,2886,234,2526
1712,194835,21,2885,234,2525
1713,194933,20,2882,234,2522
1714,195018,18,2883,223,2537
1715,195107,19,2880,213,2544
1716,195318,137,2879,214,2538
1717,195426,20,2882,217,2538
1718,195516,18,2882,212,2543
1719,195613,19,2891,215,2542
1720,195702,19,2892,213,2549
1721,195792,19,2892,206,2555
1722,195880,20,2908,222,2549
1723,195974,19,2914,225,2556
1724,196073,19,2921,229,2559
1725,196163,19,2919,227,2559
1726,196255,19,2920,230,2557
1727,196347,20,2923,234,2556
1728,196556,148,2924,231,2563
1729,196635,19,2922,231,2562
1730,196726,18,2920,230,2563
1731,196827,19,2926,235,2558
1732,196934,19,2926,235,2558
1733,197026,20,2934,243,2556
1734,197108,19,2935,251,2548
1735,197204,19,2936,249,2549
1736,197291,18,2937,246,2553
1737,197383,19,2938,247,2552
1738,197479,19,2942,254,2549
1739,197567,19,2942,256,2547
1740,197788,158,2940,245,2559
1741,197880,19,2940,243,2561
1742,197973,20,2939,240,2562
1743,198080,18,2950,241,2580
1744,198187,20,2948,240,2581
1745,198270,19,2947,240,2580
1746,198364,20,2947,237,2584
1747,198456,20,2955,245,2584
1748,198553,19,2956,246,2581
1749,198660,19,2958,250,2577
1750,198744,20,2966,258,2575
1751,198840,21,2966,258,2575
1752,199062,18,2970,260,2579
1753,199170,19,2978,267,2580
1754,199274,19,2980,267,2582
1755,199374,20,2980,266,2582
1756,199473,20,2987,272,2582
1757,199563,19,3001,281,2585
1758,199652,20,3005,285,2578
1759,199735,20,3005,284,2578
1760,199833,19,3012,291,2578
1761,199918,20,3012,291,2578
1762,200014,20,3013,292,2577
1763,200236,158,3010,292,2574
1764,200333,19,3010,286,2581
1765,200428,20,3013,282,2588
1766,200521,20,3023,292,2588
1767,200626,20,3022,291,2591
1768,200716,20,3021,292,2583
1769,200803,21,3015,289,2577
1770,200896,20,3018,293,2576
1771,201012,22,3019,297,2573
1772,201100,21,3032,307,2575
1773,201189,20,3030,304,2578
1774,201277,19,3030,303,2578
1775,201513,22,3030,300,2587
1776,201593,21,3041,311,2586
1777,201671,19,3040,309,2587
1778,201772,19,3039,309,2583
1779,201860,20,3043,310,2587
1780,201944,19,3043,303,2595
1781,202038,20,3044,307,2591
1782,202126,20,3051,314,2587
1783,202209,19,3050,311,2589
1784,202301,21,3055,315,2586
1785,202396,20,3064,324,2581
1786,204376,1909,3067,289,2627
1787,204485,19,3081,298,2629
1788,204583,20,3085,305,2620
1789,204671,21,3085,305,2620
1790,204764,20,3090,309,2619
1791,204849,21,3090,309,2619
1792,204952,21,3089,309,2620
1793,205060,20,3084,308,2616
1794,205161,21,3084,306,2616
1795,205245,20,3092,310,2623
1796,205341,20,3087,309,2619
1797,205461,51,3095,310,2626
1798,205558,20,3097,310,2627
1799,205676,20,3096,304,2633
1800,205772,21,3096,304,2633
1801,205864,20,3096,304,2633
1802,205950,19,3096,304,2633
1803,206036,21,3106,314,2633
1804,206142,21,3107,315,2633
1805,206232,20,3107,306,2646
1806,206332,21,3109,296,2661
1807,206414,21,3106,296,2658
1808,206503,20,3106,276,2686
1809,206655,20,3102,261,2702
1810,206744,21,3103,251,2712
1811,206853,21,3099,237,2722
1812,206954,19,3096,220,2735
1813,207041,20,3097,212,2745
1814,207123,20,3075,213,2719
1815,207221,19,3079,221,2718
1816,207314,20,3083,219,2727
1817,207408,19,3089,219,2730
1818,207498,22,3102,222,2750
1819,207589,20,3117,230,2756
1820,207718,21,3106,230,2745
1821,207791,22,3106,229,2748
1822,207894,20,3091,222,2740
1823,207998,23,3092,215,2758
1824,208086,20,3090,222,2747
1825,208178,21,3081,222,2738
1826,208266,20,3069,223,2722
1827,208349,21,3067,216,2729
1828,208439,20,3071,223,2728
1829,208548,22,3077,229,2722
1830,208634,20,3061,218,2724
1831,208787,19,3068,205,2752
1832,208881,20,3073,210,2749
1833,208966,20,3080,210,2752
1834,209083,26,3073,203,2757
1835,209179,20,3080,208,2758
1836,209270,19,3084,215,2755
1837,209359,20,3091,224,2748
1838,209457,19,3083,205,2764
1839,209550,19,3090,202,2773
1840,209637,21,3098,211,2772
1841,209738,21,3098,199,2787
1842,209911,22,3113,206,2798
1843,209999,21,3104,204,2786
1844,210092,20,3104,196,2795
1845,210193,21,3115,199,2806
1846,210300,24,3130,214,2798
1847,210385,21,3130,213,2799
1848,210463,21,3136,220,2797
1849,210563,21,3140,224,2803
1850,210647,21,3144,221,2808
1851,210738,20,3138,218,2808
1852,210823,21,3149,218,2816
1853,210983,21,3156,206,2832
1854,211085,20,3156,196,2839
1855,211182,21,3157,193,2840
1856,211273,20,3177,213,2828
1857,211381,28,3177,215,2826
1858,211461,21,3170,200,2835
1859,211560,21,3170,200,2835
1860,211661,19,3160,200,2826
1861,211757,21,3150,201,2813
1862,211837,21,3133,201,2796
1863,211930,25,3130,201,2795
1864,212092,20,3130,190,2807
1865,212171,21,3121,179,2814
1866,212271,21,3121,178,2816
1867,212389,20,3121,178,2819
1868,212504,20,3112,178,2810
1869,212577,20,3105,175,2807
1870,212676,20,3105,176,2806
1871,212766,20,3104,183,2798
1872,212859,21,3092,183,2786
1873,212958,21,3094,188,2784
1874,213060,21,3094,187,2786
1875,213233,20,3096,196,2778
1876,213329,21,3091,198,2771
1877,213423,21,3087,199,2765
1878,213514,20,3087,199,2765
1879,213606,20,3090,202,2765
1880,213707,20,3090,201,2769
1881,213787,21,3096,211,2765
1882,213883,21,3093,205,2774
1883,213973,21,3093,205,2774
1884,214067,21,3093,205,2774
1885,214155,20,3094,198,2786
1886,214253,20,3101,195,2801
1887,214463,137,3101,189,2807
1888,214569,20,3101,191,2803
1889,214656,20,3100,194,2799
1890,214770,20,3087,190,2789
1891,214870,20,3089,179,2804
1892,214947,19,3089,177,2808
1893,215032,20,3089,169,2816
1894,215126,19,3085,159,2822
1895,215222,20,3092,166,2819
1896,215300,20,3090,166,2817
1897,215397,22,3090,177,2798
1898,215513,21,3090,177,2798
1899,215707,132,3109,195,2801
1900,215801,23,3091,198,2780
1901,215898,21,3093,200,2780
1902,215992,20,3096,206,2776
1903,216068,21,3089,210,2763
1904,216162,20,3091,212,2762
1905,216252,20,3085,213,2753
1906,216336,20,3092,221,2748
1907,216433,20,3081,222,2733
1908,216541,20,3084,225,2731
1909,216628,21,3088,213,2752
1910,216711,21,3093,218,2752
1911,216794,20,3111,235,2749
1912,216890,21,3112,235,2751
1913,217093,20,3110,229,2758
1914,217189,21,3100,229,2748
1915,217284,20,3095,223,2751
1916,217370,20,3096,223,2762
1917,217460,21,3100,225,2762
1918,217581,20,3089,225,2751
1919,217676,20,3091,227,2751
1920,217763,20,3082,227,2742
1921,217854,21,3076,227,2736
1922,217945,20,3076,227,2736
1923,218038,21,3088,239,2731
1924,218134,21,3083,239,2726
1925,218233,22,3083,240,2725
1926,218433,19,3075,240,2717
1927,218543,29,3077,242,2711
1928,218651,20,3084,256,2698
1929,218734,21,3085,261,2691
1930,218820,21,3085,261,2691
1931,218918,21,3089,265,2688
1932,219021,23,3091,267,2687
1933,219116,20,3106,281,2686
1934,219200,21,3103,284,2679
1935,219294,22,3113,294,2679
1936,219390,20,3111,295,2674
1937,219477,21,3117,289,2688
1938,219592,20,3115,283,2696
1939,219727,21,3114,283,2699
1940,219824,21,3114,283,2699
1941,220037,20,3114,276,2707
1942,220127,20,3117,268,2714
1943,220199,20,3125,273,2719
1944,220292,20,3124,273,2718
1945,220368,21,3124,265,2729
1946,220445,20,3121,260,2734
1947,220539,20,3113,253,2735
1948,220643,21,3113,253,2735
1949,220757,21,3119,258,2728
1950,220832,21,3118,260,2725
1951,220916,21,3109,264,2707
1952,221014,20,3112,267,2705
1953,221105,21,3119,274,2705
1954,221189,22,3129,284,2702
1955,221411,142,3129,282,2706
1956,221504,20,3137,286,2709
1957,221613,21,3141,284,2715
1958,221706,23,3144,287,2715
1959,221808,20,3142,279,2721
1960,221922,22,3139,269,2732
1961,222017,19,3141,276,2727
1962,222120,21,3140,276,2726
1963,222227,20,3139,261,2748
1964,222324,20,3147,263,2760
1965,222419,20,3157,263,2768
1966,222529,22,3157,256,2779
1967,222631,20,3158,250,2785
1968,222741,31,3162,254,2785
1969,222822,20,3170,254,2794
1970,223048,21,3166,255,2789
1971,223151,21,3166,249,2793
1972,223252,21,3167,249,2787
1973,223348,22,3166,244,2793
1974,223439,22,3178,252,2798
1975,223532,20,3179,240,2818
1976,223613,21,3186,244,2817
1977,223713,21,3188,228,2837
1978,223802,20,3196,229,2835
1979,223897,21,3201,238,2831
1980,223997,21,3202,230,2839
1981,224102,26,3208,234,2839
1982,224194,21,3210,225,2849
1983,224285,22,3218,231,2851
1984,224495,21,3221,230,2860
1985,224601,22,3221,230,2860
1986,224700,21,3226,222,2872
1987,224803,24,3230,224,2869
1988,224882,21,3229,224,2865
1989,224970,20,3224,227,2856
1990,225065,21,3224,227,2856
1991,225148,21,3224,227,2856
1992,225239,21,3234,232,2863
1993,225345,21,3233,230,2864
1994,225439,23,3224,230,2855
1995,225530,22,3234,234,2858
1996,225773,153,3230,219,2867
1997,225889,21,3231,212,2875
1998,225982,21,3231,212,2875
1999,226085,22,3235,214,2877
2000,226210,20,3235,214,2877
2001,226311,21,3235,213,2878
2002,226411,21,3245,222,2879
2003,226520,22,3252,227,2882
2004,226621,22,3253,219,2892
2005,226712,22,3246,219,2885
2006,226792,22,3246,219,2885
2007,226918,23,3248,221,2883
2008,227009,22,3253,226,2882
2009,227222,21,3260,226,2893
2010,227305,20,3262,227,2894
2011,227403,21,3262,227,2894
2012,227490,21,3265,231,2895
2013,227592,21,3269,234,2898
2014,227670,22,3279,235,2908
2015,227750,22,3286,238,2913
2016,227837,23,3286,238,2913
2017,227947,21,3285,234,2916
2018,228042,22,3284,234,2915
2019,228136,25,3297,247,2915
2020,228360,145,3298,253,2908
2021,228460,22,3298,254,2908
2022,228538,21,3310,261,2914
2023,228627,21,3307,262,2908
2024,228734,23,3306,263,2903
2025,228833,22,3304,253,2910
2026,228927,25,3300,248,2911
2027,229040,21,3304,246,2908
2028,229143,23,3303,246,2906
2029,229236,22,3309,247,2913
2030,229350,26,3309,245,2915
2031,229455,22,3309,245,2915
2032,229655,20,3322,254,2918
2033,229745,23,3323,255,2918
2034,229834,21,3324,256,2918
2035,229932,22,3325,256,2918
2036,230029,24,3333,261,2920
2037,230131,23,3329,260,2917
2038,230228,22,3325,258,2915
2039,230319,22,3327,258,2916
2040,230408,22,3327,258,2916
2041,230518,21,3334,253,2933
2042,230600,23,3339,257,2932
2043,230824,22,3343,268,2922
2044,230928,20,3343,268,2922
2045,231054,22,3341,269,2916
2046,231149,21,3347,275,2913
2047,231255,23,3352,280,2909
2048,231371,23,3352,282,2907
2049,231465,22,3352,280,2912
2050,231556,22,3357,284,2910
2051,231650,23,3358,285,2908
2052,231755,24,3357,277,2924
2053,231858,22,3352,277,2920
2054,232125,28,3353,277,2919
2055,232217,23,3357,280,2917
2056,232323,23,3358,280,2920
2057,232425,22,3363,284,2920
2058,232512,22,3366,287,2920
2059,232594,22,3383,301,2918
2060,232686,21,3383,301,2918
2061,232787,22,3383,301,2918
2062,232887,22,3384,305,2912
2063,232984,23,3392,311,2913
2064,233095,27,3392,310,2913
2065,233314,147,3392,306,2915
2066,233397,22,3392,306,2915
2067,233498,23,3396,311,2911
2068,233580,22,3403,318,2908
2069,233669,23,3410,325,2907
2070,233760,22,3408,323,2908
2071,233856,22,3408,321,2910
2072,233941,22,3409,318,2916
2073,234032,24,3415,323,2916
2074,234129,27,3421,328,2914
2075,234232,24,3419,327,2909
2076,234324,24,3419,326,2911
2077,236276,21,3427,279,3000
2078,236358,22,3419,279,2992
2079,236455,22,3418,274,2999
2080,236544,24,3420,261,3016
2081,236630,22,3411,237,3035
2082,236731,21,3426,235,3054
2083,236825,24,3410,225,3053
2084,236926,22,3412,221,3060
2085,237032,22,3416,207,3085
2086,237123,23,3404,204,3072
2087,237233,22,3410,202,3080
2088,237330,24,3410,192,3090
2089,237453,21,3413,187,3095
2090,237543,21,3411,188,3091
2091,237634,23,3417,184,3092
2092,237728,23,3426,193,3092
2093,237828,24,3426,192,3095
2094,237935,23,3437,203,3088
2095,238021,22,3452,212,3097
2096,238125,24,3461,206,3114
2097,238211,27,3461,201,3117
2098,238305,22,3461,201,3117
2099,238395,23,3457,201,3109
2100,238484,22,3449,195,3112
2101,238643,22,3449,188,3131
2102,238744,23,3446,188,3128
2103,238841,25,3438,188,3120
2104,238938,22,3426,186,3108
2105,239030,23,3430,189,3104
2106,239118,22,3433,186,3115
2107,239219,22,3432,187,3113
2108,239318,24,3426,189,3112
2109,239417,21,3426,189,3112
2110,239507,22,3422,184,3116
2111,239619,23,3413,175,3119
2112,239754,60,3408,173,3124
2113,239850,25,3413,173,3129
2114,239946,22,3425,183,3125
2115,240041,22,3417,176,3128
2116,240133,22,3413,177,3122
2117,240215,22,3420,184,3121
2118,240323,22,3421,188,3123
2119,240420,22,3421,187,3127
2120,240515,21,3421,187,3127
2121,240622,23,3419,185,3131
2122,240757,23,3435,202,3130
2123,240848,23,3446,201,3140
2124,240984,22,3455,190,3147
2125,241092,23,3447,185,3147
2126,241181,23,3437,167,3157
2127,241283,23,3435,159,3168
2128,241377,21,3433,162,3163
2129,241471,23,3432,147,3181
2130,241556,22,3436,156,3174
2131,241654,21,3436,154,3177
2132,241743,22,3428,156,3165
2133,241833,23,3423,136,3189
2134,241932,23,3412,137,3174
2135,242026,23,3405,131,3175
2136,242200,22,3396,133,3167
2137,242298,23,3398,135,3163
2138,242400,23,3398,130,3172
2139,242498,23,3397,130,3171
2140,242595,23,3400,142,3154
2141,242696,23,3401,142,3157
2142,242785,22,3404,145,3156
2143,242882,22,3395,145,3147
2144,242977,23,3398,147,3149
2145,243067,22,3388,147,3139
2146,243152,22,3393,154,3134
2147,243327,97,3392,154,3133
2148,243451,23,3378,152,3119
2149,243543,23,3388,148,3138
2150,243651,22,3390,154,3132
2151,243753,23,3389,154,3131
2152,243855,22,3389,154,3131
2153,243947,22,3381,144,3133
2154,244019,22,3376,148,3125
2155,244103,21,3378,147,3126
2156,244205,21,3374,147,3122
2157,244304,21,3373,141,3132
2158,244418,31,3382,150,3127
2159,244587,103,3376,153,3118
2160,244689,25,3380,169,3106
2161,244778,22,3383,175,3100
2162,244865,21,3392,183,3101
2163,244972,22,3393,174,3117
2164,245063,22,3404,182,3117
2165,245161,23,3404,175,3120
2166,245255,22,3399,172,3120
2167,245346,22,3406,174,3122
2168,245451,39,3392,183,3099
2169,245537,23,3392,171,3117
2170,245627,22,3397,178,3114
2171,245816,118,3397,179,3113
2172,245912,22,3397,179,3113
2173,246000,22,3406,180,3120
2174,246086,22,3406,178,3130
2175,246181,23,3399,178,3123
2176,246277,23,3394,178,3118
2177,246367,22,3391,178,3115
2178,246469,22,3388,175,3113
2179,246551,22,3378,175,3103
2180,246674,24,3378,177,3098
2181,246766,21,3396,195,3093
2182,246860,22,3397,188,3100
2183,246953,22,3404,198,3096
2184,247147,22,3404,189,3105
2185,247244,21,3404,180,3120
2186,247333,23,3408,185,3111
2187,247420,23,3417,183,3125
2188,247514,24,3422,178,3135
2189,247618,22,3429,175,3150
2190,247722,24,3429,176,3147
2191,247815,23,3437,185,3146
2192,247902,22,3452,201,3145
2193,247991,23,3450,207,3135
2194,248080,23,3441,199,3134
2195,248176,26,3441,199,3134
2196,248301,23,3442,200,3134
2197,248489,22,3448,206,3134
2198,248588,33,3464,222,3132
2199,248671,23,3475,224,3142
2200,248766,24,3468,224,3135
2201,248855,23,3470,226,3133
2202,248952,23,3476,230,3133
2203,249045,25,3467,225,3129
2204,249116,22,3476,234,3129
2205,249212,22,3472,234,3125
2206,249310,22,3479,241,3124
2207,249406,24,3479,242,3122
2208,249505,23,3474,244,3115
2209,249617,40,3481,251,3114
2210,249712,24,3480,252,3110
2211,249930,22,3479,253,3107
2212,250008,23,3491,265,3102
2213,250107,23,3488,265,3099
2214,250206,23,3481,265,3092
2215,250315,27,3481,265,3092
2216,250438,25,3481,265,3092
2217,250632,42,3481,265,3092
2218,250780,23,3468,268,3074
2219,250888,22,3470,270,3074
2220,250971,22,3483,283,3069
2221,251069,22,3483,283,3069
2222,251160,23,3478,283,3064
2223,251261,23,3479,279,3077
2224,251363,23,3478,281,3070
2225,251600,22,3478,274,3078
2226,251690,23,3482,266,3089
2227,251793,22,3482,258,3098
2228,251940,23,3482,255,3102
2229,252054,22,3480,251,3101
2230,252145,24,3482,249,3111
2231,252245,23,3484,246,3113
2232,252343,23,3490,254,3109
2233,252448,22,3490,242,3126
2234,252540,24,3495,250,3118
2235,252639,22,3504,245,3135
2236,252753,25,3517,248,3141
2237,252866,22,3516,248,3140
2238,252962,24,3515,245,3142
2239,253204,22,3516,230,3163
2240,253311,23,3526,240,3163
2241,253413,22,3528,234,3167
2242,253518,24,3528,228,3171
2243,253619,22,3528,227,3172
2244,253727,23,3525,227,3169
2245,253820,22,3526,227,3171
2246,253919,23,3529,215,3187
2247,254017,22,3529,215,3187
2248,254128,26,3537,223,3186
2249,254227,23,3543,228,3180
2250,254332,23,3544,221,3190
2251,254426,24,3553,228,3192
2252,254543,25,3553,220,3202
2253,254754,154,3558,225,3199
2254,254852,24,3565,227,3207
2255,254954,24,3565,226,3207
2256,255060,24,3561,225,3204
2257,255161,24,3564,228,3201
2258,255267,23,3567,231,3201
2259,255371,24,3568,221,3211
2260,255468,24,3573,222,3215
2261,255567,24,3581,216,3233
2262,255662,24,3597,229,3233
2263,255758,25,3597,229,3233
2264,255866,24,3598,220,3247
2265,255969,24,3596,220,3245
2266,256216,163,3601,222,3248
2267,256330,25,3601,210,3267
2268,256437,25,3605,213,3264
2269,256539,24,3606,214,3261
2270,256653,27,3608,208,3271
2271,256741,24,3616,215,3265
2272,256862,31,3616,214,3267
2273,256962,25,3624,212,3277
2274,257064,25,3629,217,3276
2275,257175,25,3628,217,3275
2276,257269,22,3634,224,3272
2277,257406,27,3635,225,3272
2278,257502,24,3638,224,3269
2279,257753,165,3639,225,3269
2280,257891,31,3639,222,3272
2281,258003,29,3651,234,3268
2282,258130,30,3652,235,3264
2283,258245,27,3651,234,3264
2284,258360,26,3651,233,3268
2285,258465,25,3654,234,3268
2286,258594,30,3654,231,3270
2287,258697,29,3660,237,3270
2288,258804,24,3660,229,3281
2289,258933,27,3666,234,3281
2290,259257,240,3666,232,3283
2291,259367,23,3666,214,3310
2292,259461,22,3666,214,3310
2293,259572,24,3669,209,3317
2294,259672,24,3665,210,3310
2295,259775,25,3666,206,3318
2296,259884,24,3673,213,3318
2297,259979,24,3670,213,3315
2298,260074,24,3675,215,3315
2299,260190,25,3672,215,3312
2300,260294,26,3672,214,3313
2301,260386,24,3677,219,3314
2302,260619,23,3681,217,3319
2303,260712,23,3682,215,3319
2304,260825,26,3684,217,3319
2305,260920,23,3688,220,3321
2306,261020,25,3688,217,3325
2307,261117,25,3695,225,3319
2308,261230,23,3693,224,3320
2309,261336,23,3691,219,3318
2310,261438,24,3698,227,3312
2311,261532,27,3705,226,3321
2312,261639,29,3703,225,3323
2313,261846,24,3704,223,3330
2314,261937,25,3704,223,3330
2315,262043,24,3709,228,3330
2316,262140,23,3709,228,3330
2317,262245,25,3709,227,3331
2318,262346,24,3717,228,3333
2319,262444,24,3726,236,3333
2320,262548,24,3735,245,3332
2321,262651,24,3734,245,3331
2322,262750,23,3736,247,3331
2323,262840,24,3736,246,3333
2324,263053,24,3746,254,3337
2325,263144,27,3750,262,3333
2326,263234,24,3750,261,3337
2327,263312,24,3750,259,3343
2328,263395,25,3752,267,3334
2329,263490,24,3753,269,3328
2330,263591,26,3750,269,3325
2331,263684,25,3750,270,3323
2332,263785,25,3750,270,3323
2333,263892,26,3749,269,3323
2334,263988,25,3747,269,3321
2335,264206,142,3744,269,3314
2336,264312,25,3751,276,3313
2337,264408,24,3756,281,3307
2338,264499,26,3767,289,3312
2339,264591,25,3769,291,3312
2340,264705,25,3765,291,3308
2341,264797,26,3764,291,3307
2342,264893,25,3764,291,3307
2343,264980,26,3763,291,3306
2344,265090,24,3762,291,3305
2345,265189,23,3762,291,3305
2346,265383,125,3767,296,3305
2347,265473,24,3768,297,3303
2348,265570,25,3767,297,3302
2349,265672,25,3768,298,3301
2350,265773,24,3767,300,3290
2351,265888,26,3767,301,3289
2352,265979,25,3768,302,3287
2353,266073,24,3781,317,3284
2354,266169,32,3779,315,3284
2355,266268,26,3787,319,3285
2356,266366,25,3787,310,3306
2357,266458,26,3782,309,3304
2358,268630,2093,3798,251,3401
2359,268716,24,3783,176,3495
2360,268828,26,3783,176,3495
2361,268910,25,3770,154,3509
2362,269016,26,3761,154,3500
2363,269118,24,3753,153,3494
2364,269228,24,3757,154,3497
2365,269330,23,3757,154,3497
2366,269425,24,3758,150,3504
2367,269513,24,3759,140,3518
2368,269612,24,3750,132,3519
2369,269707,24,3742,133,3510
2370,269839,24,3730,133,3498
2371,269938,25,3753,153,3496
2372,270040,25,3757,151,3504
2373,270144,23,3742,149,3496
2374,270240,24,3735,146,3498
2375,270341,24,3728,146,3491
2376,270446,24,3735,144,3504
2377,270538,23,3726,144,3495
2378,270639,25,3718,145,3485
2379,270752,25,3718,140,3496
2380,270842,25,3725,149,3493
2381,270933,25,3744,168,3486
2382,271072,74,3744,155,3505
2383,271179,25,3742,160,3495
2384,271283,25,3741,154,3498
2385,271372,24,3733,154,3490
2386,271468,25,3735,145,3507
2387,271571,30,3743,161,3493
2388,271655,23,3761,179,3488
2389,271765,24,3753,179,3480
2390,271862,24,3747,181,3470
2391,271963,25,3758,192,3466
2392,272063,25,3767,201,3463
2393,272159,25,3778,211,3460
2394,272316,86,3786,218,3460
2395,272420,24,3785,219,3456
2396,272499,25,3784,212,3463
2397,272589,25,3786,214,3463
2398,272675,24,3815,243,3454
2399,272783,25,3815,243,3454
2400,272884,25,3813,236,3459
2401,272975,25,3812,242,3452
2402,273075,24,3815,245,3447
2403,273172,25,3815,237,3460
2404,273267,25,3802,239,3441
2405,273381,38,3795,240,3429
2406,273538,77,3786,241,3419
2407,273638,25,3778,241,3411
2408,273737,23,3789,251,3413
2409,273833,24,3789,251,3414
2410,273926,25,3793,256,3413
2411,274022,25,3792,249,3420
2412,274111,24,3800,257,3418
2413,274204,25,3809,265,3418
2414,274299,25,3809,265,3418
2415,274402,25,3809,262,3422
2416,274507,25,3814,264,3426
2417,274614,26,3814,253,3442
2418,274779,26,3806,242,3446
2419,274877,26,3813,249,3444
2420,274973,25,3813,242,3452
2421,275068,25,3811,233,3459
2422,275166,25,3808,235,3454
2423,275271,26,3811,237,3459
2424,275354,23,3819,235,3464
2425,275444,25,3819,224,3476
2426,275542,24,3823,228,3473
2427,275630,25,3829,225,3481
2428,275721,24,3832,228,3474
2429,275836,26,3832,218,3485
2430,276013,90,3832,191,3524
2431,276113,25,3831,191,3523
2432,276201,24,3838,197,3527
2433,276296,24,3838,190,3537
2434,276387,24,3838,190,3537
2435,276481,25,3848,200,3532
2436,276580,25,3848,200,3532
2437,276669,25,3848,199,3535
2438,276759,26,3843,203,3524
2439,276873,36,3843,203,3524
2440,276968,28,3843,201,3525
2441,277076,27,3843,192,3539
2442,277267,133,3828,188,3528
2443,277373,27,3823,175,3544
2444,277487,25,3823,175,3544
2445,277581,25,3822,168,3552
2446,277685,29,3822,168,3552
2447,277796,25,3815,168,3546
2448,277905,29,3815,168,3546
2449,278008,29,3812,173,3532
2450,278113,24,3812,173,3532
2451,278225,27,3808,173,3528
2452,278332,27,3807,166,3537
2453,278437,35,3814,171,3535
2454,278550,41,3807,169,3529
2455,278730,117,3807,168,3532
2456,278841,25,3807,159,3542
2457,278934,26,3820,174,3537
2458,279030,24,3810,164,3537
2459,279126,23,3807,164,3534
2460,279218,24,3809,167,3533
2461,279332,26,3810,175,3526
2462,279430,24,3810,175,3526
2463,279526,24,3813,178,3526
2464,279607,26,3810,178,3523
2465,279700,27,3814,182,3522
2466,279814,29,3804,175,3521
2467,279906,26,3795,175,3512
2468,280139,127,3795,168,3524
2469,280225,25,3804,177,3523
2470,280315,27,3812,185,3512
2471,280405,24,3817,190,3510
2472,280504,26,3817,190,3510
2473,280605,24,3812,189,3508
2474,280705,27,3806,190,3501
2475,280800,25,3812,199,3497
2476,280917,27,3804,193,3498
2477,281035,23,3820,199,3505
2478,281137,28,3819,196,3507
2479,281232,34,3816,203,3495
2480,281348,27,3816,201,3497
2481,281456,24,3816,201,3497
2482,281692,132,3814,201,3495
2483,281794,26,3815,202,3491
2484,281900,25,3815,202,3491
2485,282008,24,3817,204,3491
2486,282123,25,3831,219,3483
2487,282223,25,3831,219,3483
2488,282330,24,3832,221,3478
2489,282437,25,3828,221,3474
2490,282542,25,3828,222,3471
2491,282643,25,3838,232,3471
2492,282749,27,3840,234,3471
2493,282857,27,3849,243,3469
2494,282955,26,3854,248,3469
2495,283046,27,3856,250,3469
2496,283245,125,3867,261,3467
2497,283331,25,3869,263,3467
2498,283438,24,3871,268,3462
2499,283544,25,3870,268,3461
2500,283637,26,3870,268,3461
2501,283745,26,3870,262,3471
2502,283862,31,3872,263,3470
2503,283973,25,3880,270,3472
2504,284076,27,3888,277,3471
2505,284186,26,3890,277,3468
2506,284284,25,3893,271,3479
2507,284385,26,3893,257,3494
2508,284481,26,3899,257,3504
2509,284568,27,3906,255,3515
2510,284677,27,3907,251,3520
2511,284906,25,3908,239,3541
2512,285006,28,3905,238,3539
2513,285129,26,3905,229,3550
2514,285223,25,3906,220,3558
2515,285336,26,3907,211,3571
2516,285430,26,3911,214,3572
2517,285541,25,3917,213,3582
2518,285633,26,3920,207,3584
2519,285731,26,3919,203,3587
2520,285840,24,3920,197,3598
2521,285948,26,3919,189,3618
2522,286055,25,3922,194,3607
2523,286163,25,3930,187,3626
2524,286274,26,3931,188,3631
2525,286502,26,3943,195,3638
2526,286598,25,3943,195,3638
2527,286695,26,3942,194,3640
2528,286794,29,3941,195,3633
2529,286880,25,3959,213,3627
2530,286976,26,3960,211,3626
2531,287073,25,3974,223,3621
2532,287166,25,3978,229,3618
2533,287263,30,3986,228,3624
2534,287384,40,3988,229,3626
2535,287477,25,3993,217,3649
2536,287576,28,3993,217,3648
2537,287695,25,4000,224,3647
2538,287890,129,4000,223,3650
2539,287980,25,4000,223,3650
2540,288083,27,4000,223,3650
2541,288179,27,4001,223,3648
2542,288275,28,4008,230,3647
2543,288374,26,4017,234,3654
2544,288484,24,4025,242,3654
2545,288602,26,4026,239,3654
2546,288704,26,4031,243,3653
2547,288804,27,4031,241,3656
2548,288908,27,4039,243,3666
2549,289008,28,4039,240,3674
2550,289110,26,4043,244,3674
2551,289349,170,4045,234,3689
2552,289447,26,4042,234,3686
2553,289554,24,4036,236,3673
2554,289659,27,4037,236,3670
2555,289768,26,4037,236,3669
2556,289865,26,4048,245,3673
2557,289963,26,4049,246,3671
2558,290067,26,4050,246,3673
2559,290169,26,4045,246,3668
2560,290280,28,4045,246,3668
2561,290391,27,4046,245,3668
2562,290643,170,4046,238,3676
2563,290773,27,4046,236,3678
2564,290884,27,4046,235,3680
2565,290976,27,4048,237,3672
2566,291068,25,4051,240,3672
2567,291171,26,4062,251,3672
2568,291266,27,4068,257,3670
2569,291371,38,4075,263,3674
2570,291457,25,4075,262,3674
2571,291553,25,4075,262,3674
2572,291659,27,4079,264,3672
2573,291914,182,4080,262,3676
2574,292008,27,4080,262,3676
2575,292156,27,4080,263,3675
2576,292266,28,4079,263,3674
2577,292380,28,4078,262,3678
2578,292464,27,4087,271,3678
2579,292572,25,4088,267,3680
2580,292666,26,4087,267,3679
2581,292771,27,4087,264,3684
2582,292864,26,4089,268,3679
2583,293096,165,4088,267,3678
2584,293220,28,4088,260,3689
2585,293329,27,4098,270,3687
2586,293448,32,4098,270,3687
2587,293535,28,4098,272,3673
2588,293633,26,4100,274,3673
2589,293738,26,4100,274,3673
2590,293830,27,4100,274,3673
2591,293937,27,4096,274,3669
2592,294035,27,4104,274,3677
2593,294270,149,4104,267,3679
2594,294376,26,4107,270,3679
2595,294474,34,4116,278,3678
2596,294572,27,4122,278,3675
2597,294676,26,4118,275,3673
2598,294768,26,4118,274,3674
2599,294871,28,4124,282,3671
2600,294974,28,4130,291,3668
2601,295072,27,4130,291,3668
2602,295181,28,4130,291,3668
2603,295406,146,4130,291,3668
2604,295524,36,4129,290,3668
2605,295622,27,4131,296,3664
2606,295716,26,4130,294,3663
2607,295801,29,4128,296,3659
2608,295901,28,4140,308,3656
2609,295998,27,4146,314,3656
2610,296104,27,4147,314,3660
2611,296205,27,4156,320,3661
2612,296313,28,4161,318,3665
2613,296557,153,4161,297,3699
2614,296657,27,4153,296,3693
2615,296758,26,4145,293,3688
2616,296852,27,4148,296,3687
2617,296938,28,4153,282,3714
2618,297042,26,4151,267,3730
2619,297146,29,4157,264,3741
2620,297251,27,4156,255,3759
2621,297350,26,4159,261,3756
2622,297434,28,4153,269,3742
2623,297551,35,4154,260,3751
2624,297755,140,4147,256,3747
2625,297885,28,4147,252,3767
2626,297968,27,4158,253,3775
2627,298061,29,4162,247,3788
2628,298154,29,4162,219,3818
2629,298259,28,4158,220,3813
2630,298373,26,4166,228,3809
2631,298473,26,4158,231,3803
2632,298569,28,4151,231,3796
2633,298670,28,4143,218,3803
2634,298769,29,4143,214,3808
2635,300690,1835,4148,139,3911
