tick,timestamp,query_runtime,trav_index_nodes,trav_vol_nodes,trav_unprod_nodes
0,499,5,6,6,0
1,787,1,12,12,0
2,1022,0,13,13,0
3,1234,1,14,14,0
4,1435,1,16,16,0
5,1616,2,27,27,0
6,1765,4,40,40,0
7,1970,2,43,43,0
8,2193,11,56,56,0
9,4668,2,68,68,0
10,4821,3,79,79,0
11,4962,3,88,88,0
12,5146,2,90,90,0
13,5283,2,102,102,0
14,5443,4,115,115,0
15,5588,3,120,120,0
16,5769,5,122,122,0
17,5890,2,128,128,0
18,6053,2,128,128,0
19,6188,2,129,129,0
20,6325,1,131,131,0
21,6467,2,135,135,0
22,6600,2,139,139,0
23,6746,3,144,144,0
24,6905,4,156,156,0
25,7058,2,159,159,0
26,7205,2,162,162,0
27,7308,3,171,171,0
28,7704,1,179,179,0
29,7823,2,185,185,0
30,7980,3,187,187,0
31,8121,3,194,194,0
32,8251,2,194,194,0
33,8388,2,203,203,0
34,8510,4,205,205,0
35,8624,2,216,216,0
36,8727,2,216,216,0
37,8865,3,218,218,0
38,9017,2,220,220,0
39,9167,2,221,221,0
40,9280,2,222,222,0
41,9379,2,222,222,0
42,9495,3,229,229,0
43,9598,2,240,240,0
44,9685,2,243,243,0
45,9794,3,253,253,0
46,9897,2,264,264,0
47,10069,2,267,267,0
48,10181,5,269,269,0
49,10285,2,269,269,0
50,10387,2,278,278,0
51,10494,4,278,278,0
52,10609,7,281,281,0
53,10730,3,284,284,0
54,10805,3,292,292,0
55,10888,4,293,293,0
56,11005,2,296,296,0
57,11107,3,305,305,0
58,11203,2,306,306,0
59,11302,3,310,310,0
60,11417,6,329,329,0
61,11551,4,333,333,0
62,11650,4,342,342,0
63,11752,3,342,342,0
64,11830,4,344,344,0
65,11910,4,351,351,0
66,12074,3,355,355,0
67,12185,3,356,356,0
68,12298,7,360,360,0
69,12375,4,371,371,0
70,12473,3,378,378,0
71,12553,4,383,383,0
72,12637,4,387,387,0
73,12745,3,387,387,0
74,12821,4,398,398,0
75,12908,3,408,408,0
76,12995,4,408,408,0
77,13082,4,416,416,0
78,13174,4,422,422,0
79,13272,3,426,426,0
80,13378,4,426,426,0
81,13471,3,430,430,0
82,13550,4,443,443,0
83,13629,4,444,444,0
84,13735,4,448,448,0
85,15374,4,449,449,0
86,15449,3,461,461,0
87,15540,4,469,469,0
88,15628,4,479,479,0
89,15715,4,489,489,0
90,15817,4,489,489,0
91,15904,3,493,493,0
92,15981,3,505,505,0
93,16078,4,505,505,0
94,16188,4,507,507,0
95,16269,4,520,520,0
96,16353,4,520,520,0
97,16467,5,522,522,0
98,16562,4,523,523,0
99,16660,4,527,527,0
100,16755,4,529,529,0
101,16832,5,541,541,0
102,16933,4,550,550,0
103,17062,5,551,551,0
104,17155,5,554,554,0
105,17251,5,560,560,0
106,17348,4,570,570,0
107,17439,4,577,577,0
108,17546,5,580,580,0
109,17630,4,581,581,0
110,17757,5,581,581,0
111,17835,4,592,592,0
112,17925,5,596,596,0
113,18022,4,597,597,0
114,18108,5,598,598,0
115,18205,5,603,603,0
116,18302,5,612,612,0
117,18386,5,613,613,0
118,18489,7,614,614,0
119,18571,5,614,614,0
120,18675,5,617,617,0
121,18839,5,619,619,0
122,18934,5,622,622,0
123,19038,5,624,624,0
124,19122,5,628,628,0
125,19222,5,632,632,0
126,19331,6,634,634,0
127,19421,6,636,636,0
128,19518,5,651,651,0
129,19620,5,652,652,0
130,19726,5,657,657,0
131,19826,5,672,672,0
132,19927,5,684,684,0
133,20053,5,689,689,0
134,20163,6,695,695,0
135,20258,5,698,698,0
136,20369,5,699,699,0
137,20462,6,704,704,0
138,20607,5,707,707,0
139,20710,6,707,707,0
140,20797,5,717,717,0
141,20916,5,722,722,0
142,21023,5,726,726,0
143,21143,6,729,729,0
144,21232,5,733,733,0
145,21321,6,743,743,0
146,21400,6,755,755,0
147,21499,5,766,766,0
148,21595,6,767,767,0
149,21699,6,777,777,0
150,21796,6,781,781,0
151,21908,6,783,783,0
152,22008,7,784,784,0
153,22100,7,800,800,0
154,22196,6,801,801,0
155,22367,68,803,803,0
156,22478,11,806,806,0
157,22560,6,815,815,0
158,22664,7,817,817,0
159,22760,6,826,826,0
160,22875,9,826,826,0
161,23012,7,832,832,0
162,23091,7,835,835,0
163,23183,6,837,837,0
164,23286,7,837,837,0
165,23374,8,837,837,0
166,23458,7,837,837,0
167,23558,9,837,837,0
168,23666,6,844,844,0
169,23759,7,849,849,0
170,23864,7,864,864,0
171,23965,7,875,875,0
172,24133,6,876,876,0
173,24218,8,884,884,0
174,24308,7,893,893,0
175,24395,9,905,905,0
176,24502,11,911,911,0
177,24610,8,911,911,0
178,24720,7,923,923,0
179,24820,7,928,928,0
180,24903,8,929,929,0
181,25006,7,930,930,0
182,25107,7,938,938,0
183,25191,11,941,927,0
184,25271,8,945,930,0
185,25380,14,946,896,26
186,25488,19,952,888,29
187,25585,8,954,882,36
188,25661,7,955,873,36
189,25818,10,955,867,40
190,25923,12,963,860,48
191,26015,8,967,858,51
192,26182,12,984,857,60
193,26269,9,995,854,70
194,26350,9,1006,841,94
195,26455,8,1006,834,100
196,26533,9,1014,823,118
197,26630,8,1027,824,123
198,26734,8,1028,809,133
199,26835,9,1029,796,143
200,26924,8,1034,790,152
201,27021,9,1034,771,164
202,27105,10,1043,771,173
203,27191,8,1048,773,176
204,27279,8,1062,786,176
205,27458,8,1058,786,172
206,27541,8,1066,794,172
207,27626,8,1076,804,172
208,27720,8,1076,804,172
209,27819,8,1079,807,172
210,27916,8,1080,808,172
211,28002,9,1091,819,172
212,28108,7,1100,828,172
213,28215,9,1106,834,172
214,28303,9,1120,848,172
215,28400,8,1120,850,170
216,28502,9,1123,853,169
217,28590,9,1132,862,167
218,28658,9,1133,863,167
219,28736,9,1136,866,165
220,28848,9,1139,869,163
221,28980,9,1150,880,162
222,29066,10,1153,883,162
223,29164,9,1154,884,162
224,29270,8,1154,884,162
225,29360,9,1157,887,162
226,29456,9,1157,887,162
227,29541,8,1159,889,162
228,29631,9,1171,891,169
229,29722,9,1172,888,170
230,29808,9,1173,874,182
231,29901,8,1177,872,185
232,29995,11,1182,872,191
233,30082,9,1185,874,190
234,30179,9,1193,881,190
235,30250,9,1192,863,205
236,30378,52,1192,849,219
237,30473,11,1198,847,221
238,30579,10,1206,851,224
239,30678,10,1207,848,228
240,30773,10,1214,855,228
241,30852,9,1222,851,241
242,30932,10,1222,843,249
243,31020,10,1221,835,254
244,31107,9,1221,817,272
245,31191,9,1221,811,274
246,31279,10,1228,803,287
247,31377,10,1228,793,292
248,31473,9,1228,789,295
249,31563,9,1236,794,298
250,31668,9,1231,780,306
251,31753,9,1238,779,321
252,31908,60,1241,776,323
253,31975,11,1242,776,324
254,32067,12,1248,781,324
255,32142,11,1249,778,325
256,32237,9,1248,775,325
257,32334,9,1250,773,325
258,32443,9,1260,783,325
259,32539,9,1261,784,325
260,32618,9,1263,775,336
261,32707,10,1272,784,336
262,32806,12,1272,781,337
263,32903,11,1277,766,351
264,32988,9,1280,764,356
265,33052,9,1278,760,359
266,33132,9,1278,749,367
267,33225,10,1282,747,374
268,33326,15,1282,744,377
269,33480,9,1293,751,381
270,33562,10,1295,746,388
271,33646,9,1297,747,389
272,33735,10,1297,734,399
273,33821,9,1302,729,409
274,33907,10,1311,729,412
275,34007,9,1310,716,418
276,34093,10,1317,702,437
277,34172,10,1322,707,434
278,34259,10,1319,695,443
279,34359,11,1316,682,448
280,34439,10,1335,692,457
281,34539,10,1341,686,465
282,34630,10,1349,692,465
283,34728,10,1346,684,470
284,34832,10,1344,681,472
285,34928,10,1346,673,482
286,35082,10,1351,668,493
287,35182,10,1347,665,492
288,35267,10,1347,661,494
289,35341,10,1349,663,495
290,35449,10,1348,661,494
291,35543,10,1349,658,495
292,35638,11,1357,665,493
293,35710,11,1376,684,493
294,35789,10,1377,678,501
295,35868,11,1374,677,499
296,35972,9,1374,675,502
297,36061,11,1388,680,507
298,36152,11,1388,680,507
299,36261,11,1388,683,504
300,36359,11,1390,683,506
301,36460,15,1391,682,508
302,36622,10,1394,670,526
303,36706,10,1396,676,522
304,36804,10,1398,674,525
305,36884,10,1399,675,524
306,36966,10,1410,687,523
307,37056,10,1408,688,520
308,37132,10,1417,691,526
309,37215,10,1420,684,537
310,37323,11,1421,681,543
311,37423,10,1428,685,544
312,37558,10,1426,681,542
313,37648,10,1426,685,538
314,37729,10,1428,689,534
315,37815,10,1429,686,535
316,37910,10,1429,682,540
317,38000,10,1433,685,540
318,38087,10,1440,681,552
319,38203,12,1445,670,570
320,38370,10,1441,667,571
321,38448,10,1435,665,566
322,38524,10,1436,660,573
323,38646,13,1439,663,573
324,38738,14,1443,664,582
325,38814,11,1444,661,584
326,38903,11,1444,662,583
327,38984,11,1445,663,583
328,39079,11,1442,663,580
329,39170,11,1442,664,579
330,39253,11,1442,666,576
331,39338,10,1442,670,572
332,39422,11,1444,674,568
333,39489,10,1451,683,565
334,39598,10,1449,687,559
335,39692,11,1452,690,559
336,39767,11,1454,692,559
337,39963,10,1461,699,559
338,40050,11,1463,701,559
339,40143,11,1462,701,558
340,40243,17,1461,703,555
341,40353,10,1458,703,552
342,40415,10,1473,719,551
343,40497,12,1472,716,555
344,40585,11,1473,714,558
345,40693,12,1476,708,568
346,40765,11,1476,707,569
347,40835,11,1484,709,576
348,40917,10,1503,720,575
349,41002,12,1500,720,572
350,41112,10,1501,721,573
351,41202,10,1506,724,573
352,41299,11,1516,734,570
353,41385,11,1519,733,571
354,41606,10,1523,732,573
355,41682,11,1517,732,567
356,41767,10,1530,744,569
357,41845,11,1544,758,569
358,41922,11,1542,753,571
359,42014,11,1546,756,572
360,42108,11,1548,758,572
361,42209,12,1547,753,578
362,42294,11,1547,752,578
363,42379,11,1545,747,581
364,42491,14,1549,746,582
365,42581,12,1545,746,578
366,42658,12,1554,739,589
367,42756,11,1560,736,594
368,42849,11,1552,736,586
369,42953,11,1554,736,590
370,43026,12,1556,737,591
371,43240,149,1556,733,596
372,43380,16,1556,726,602
373,43477,13,1565,729,608
374,43563,11,1563,727,608
375,43648,13,1564,727,609
376,43719,12,1566,727,612
377,43796,12,1583,744,612
378,43891,14,1589,749,613
379,43975,15,1594,752,615
380,44090,12,1598,755,618
381,44179,13,1593,755,613
382,44290,12,1601,756,625
383,44375,12,1607,762,623
384,44467,14,1606,762,622
385,44565,13,1608,736,654
386,44665,15,1599,708,676
387,44747,11,1606,703,691
388,44973,10,1598,670,726
389,45068,12,1604,672,728
390,45164,13,1604,661,738
391,45255,12,1608,654,747
392,45346,12,1600,642,757
393,45440,11,1596,647,748
394,45547,10,1598,648,750
395,45621,11,1602,653,748
396,45686,14,1600,649,749
397,45775,12,1595,621,773
398,45864,12,1582,621,762
399,45951,11,1580,608,770
400,46046,11,1582,611,768
401,46143,11,1569,583,784
402,46230,11,1572,587,779
403,46320,12,1575,580,800
404,46557,13,1580,568,814
405,46648,12,1575,554,823
406,46739,13,1582,557,826
407,46812,11,1586,562,825
408,46908,15,1593,547,847
409,47000,11,1599,539,862
410,47068,16,1624,554,868
411,47141,12,1625,554,867
412,47224,11,1608,546,860
413,47323,12,1611,544,857
414,47405,12,1603,540,855
415,47492,12,1612,553,849
416,47570,11,1620,560,857
417,47662,11,1613,544,869
418,47896,11,1616,532,886
419,47975,13,1618,534,886
420,48081,11,1620,528,893
421,48166,11,1627,535,893
422,48254,12,1625,522,903
423,48351,14,1622,505,922
424,48439,12,1629,505,924
425,48519,11,1602,505,897
426,48613,11,1593,490,907
427,48696,12,1602,492,917
428,48768,12,1602,490,916
429,48880,11,1602,487,924
430,48978,11,1603,471,943
431,49072,11,1597,477,929
432,49320,12,1584,476,916
433,49412,12,1575,475,908
434,49497,11,1568,476,906
435,49600,10,1563,476,901
436,49688,12,1564,480,897
437,49785,13,1571,455,927
438,49876,11,1569,455,925
439,49976,12,1569,460,920
440,50071,11,1579,469,921
441,50168,12,1587,460,940
442,50245,12,1593,466,938
443,50336,12,1602,475,938
444,50431,11,1603,469,945
445,50667,143,1603,468,945
446,50764,11,1606,471,945
447,50841,11,1623,487,946
448,50936,12,1624,482,953
449,51028,11,1619,481,949
450,51126,11,1620,482,949
451,51224,12,1622,476,957
452,51331,12,1624,473,966
453,51415,12,1639,487,960
454,51513,12,1644,493,958
455,51609,12,1651,498,961
456,51705,12,1652,498,963
457,51795,12,1665,503,970
458,51886,12,1673,509,975
459,54287,2332,1675,412,1097
460,54392,12,1675,401,1107
461,54471,13,1679,405,1107
462,54566,13,1676,393,1125
463,54654,12,1677,391,1125
464,54748,13,1675,392,1122
465,54852,13,1676,380,1136
466,54946,13,1676,382,1134
467,55035,13,1679,375,1144
468,55133,12,1676,375,1141
469,55218,12,1670,366,1145
470,55332,14,1679,367,1153
471,55425,13,1680,370,1151
472,55527,14,1678,369,1151
473,55645,12,1676,362,1156
474,55722,12,1678,368,1152
475,55810,13,1679,369,1152
476,55896,13,1682,365,1165
477,55990,13,1687,369,1164
478,56083,13,1686,362,1170
479,56176,13,1686,359,1176
480,56264,12,1686,362,1172
481,56362,13,1689,365,1172
482,56457,14,1689,365,1172
483,56587,12,1688,364,1170
484,56689,12,1683,366,1160
485,56789,13,1680,366,1157
486,56914,60,1682,370,1153
487,57008,12,1678,367,1152
488,57099,11,1677,361,1159
489,57191,14,1673,358,1159
490,57272,11,1669,357,1159
491,57354,12,1669,358,1159
492,57426,11,1674,365,1157
493,57502,12,1674,364,1162
494,57591,12,1668,363,1159
495,57691,12,1663,363,1154
496,57795,15,1663,363,1154
497,57889,13,1671,371,1152
498,57986,12,1670,371,1149
499,58078,13,1670,370,1150
500,58232,14,1669,371,1148
501,58318,14,1669,368,1148
502,58411,12,1676,375,1147
503,58505,11,1675,377,1144
504,58600,13,1675,377,1144
505,58675,13,1675,377,1144
506,58761,13,1683,380,1147
507,58867,14,1691,391,1137
508,58964,12,1694,394,1137
509,59050,12,1693,388,1142
510,59136,14,1692,388,1141
511,59233,13,1696,392,1141
512,59347,12,1704,392,1152
513,59446,13,1703,382,1161
514,59572,14,1706,386,1156
515,59677,12,1705,385,1156
516,59756,12,1708,389,1158
517,59845,11,1716,393,1164
518,59926,13,1724,397,1169
519,60012,13,1727,401,1165
520,60126,13,1728,404,1163
521,60220,13,1736,412,1162
522,60303,13,1752,423,1161
523,60378,12,1765,435,1157
524,60472,13,1764,428,1163
525,60560,13,1765,428,1165
526,60663,13,1781,438,1167
527,60738,13,1789,442,1175
528,60894,12,1793,449,1172
529,60988,13,1793,436,1179
530,61073,12,1794,438,1178
531,61185,18,1803,446,1180
532,61297,13,1801,446,1178
533,61429,14,1807,447,1183
534,61513,13,1810,448,1181
535,61599,16,1807,448,1178
536,61696,14,1807,449,1178
537,61784,13,1807,450,1176
538,61867,15,1807,449,1177
539,61961,13,1813,458,1174
540,62055,13,1815,460,1171
541,62203,80,1817,453,1181
542,62303,13,1823,459,1180
543,62403,14,1824,460,1180
544,62486,13,1830,466,1180
545,62581,14,1831,467,1180
546,62674,16,1834,466,1183
547,62751,13,1834,466,1183
548,62843,14,1837,468,1183
549,62934,14,1834,468,1180
550,63017,14,1852,486,1176
551,63105,17,1852,485,1178
552,63183,14,1857,488,1179
553,63274,14,1870,501,1179
554,63379,19,1872,499,1186
555,63476,15,1866,498,1180
556,63657,13,1871,496,1185
557,63758,15,1872,492,1192
558,63853,14,1881,500,1189
559,63936,14,1879,500,1187
560,64027,15,1896,520,1183
561,64114,14,1896,516,1190
562,64197,14,1906,525,1188
563,64282,15,1913,533,1183
564,64378,13,1916,535,1181
565,64477,14,1921,540,1181
566,64565,14,1916,536,1182
567,64678,15,1916,536,1183
568,64795,19,1919,533,1190
569,64881,14,1919,533,1190
570,65126,15,1919,526,1200
571,65204,14,1920,520,1201
572,65297,13,1922,522,1196
573,65388,14,1920,508,1210
574,65460,14,1920,508,1210
575,65546,14,1924,509,1215
576,65632,15,1924,506,1217
577,65729,15,1924,506,1217
578,65826,13,1928,510,1217
579,65909,13,1929,511,1217
580,66002,14,1935,520,1214
581,66095,15,1938,523,1214
582,66178,14,1941,522,1218
583,66278,15,1940,516,1224
584,66365,15,1938,513,1224
585,66570,14,1938,516,1222
586,66662,14,1938,511,1233
587,66757,14,1937,508,1236
588,66842,13,1939,504,1235
589,66922,14,1941,503,1238
590,67002,15,1953,513,1240
591,67096,14,1956,514,1242
592,67200,15,1961,519,1242
593,67294,15,1965,519,1244
594,67383,15,1975,519,1247
595,67476,15,1977,515,1253
596,67561,15,1987,525,1253
597,67651,15,1986,525,1252
598,67748,14,1986,522,1251
599,67829,15,1987,525,1249
600,68011,14,1990,522,1255
601,68102,17,1996,528,1257
602,68214,14,1996,528,1257
603,68312,14,1999,530,1260
604,68383,14,2005,533,1263
605,68484,15,2004,534,1261
606,68567,14,2009,539,1255
607,68643,15,2022,551,1254
608,68730,14,2018,549,1251
609,68815,15,2023,553,1253
610,68894,14,2023,552,1255
611,68989,15,2026,552,1256
612,69078,15,2027,549,1261
613,69171,14,2033,557,1259
614,69264,15,2031,557,1257
615,69466,15,2045,567,1262
616,69559,14,2043,563,1264
617,69650,19,2056,570,1274
618,69746,15,2055,567,1280
619,69832,14,2066,578,1278
620,69921,15,2066,580,1276
621,70012,13,2059,580,1273
622,70091,16,2061,580,1275
623,70180,14,2061,580,1275
624,70278,14,2059,572,1284
625,70382,15,2059,565,1292
626,70473,16,2071,572,1287
627,70568,16,2070,567,1288
628,70668,15,2077,570,1290
629,70761,15,2076,564,1298
630,71009,183,2076,559,1302
631,71094,15,2079,560,1302
632,71182,15,2091,562,1308
633,71275,16,2091,562,1308
634,71358,18,2094,563,1309
635,71443,15,2095,565,1308
636,71526,14,2093,566,1303
637,71604,17,2106,579,1302
638,71691,14,2098,580,1293
639,71784,16,2097,577,1295
640,71866,14,2119,597,1291
641,71967,17,2135,614,1290
642,72056,15,2136,615,1290
643,72147,19,2138,601,1307
644,72242,16,2131,590,1311
645,72317,16,2136,595,1311
646,72548,14,2133,591,1311
647,72640,18,2134,588,1311
648,72732,15,2130,588,1306
649,72826,15,2140,598,1305
650,72916,16,2139,598,1304
651,73031,23,2144,604,1300
652,73121,16,2148,610,1298
653,73210,16,2148,609,1295
654,73307,16,2148,609,1295
655,73401,16,2149,610,1294
656,73488,15,2152,613,1294
657,73594,16,2151,613,1293
658,73684,15,2148,613,1288
659,73760,15,2156,618,1291
660,73846,16,2155,617,1286
661,73930,16,2155,619,1283
662,74285,20,2157,616,1286
663,74373,15,2154,608,1292
664,74447,17,2166,620,1290
665,74544,17,2166,600,1313
666,74641,16,2168,578,1343
667,74736,16,2162,560,1357
668,74824,15,2150,552,1359
669,74929,16,2156,524,1396
670,75022,15,2158,518,1411
671,75133,15,2149,510,1408
672,75222,19,2146,508,1405
673,75317,16,2159,507,1423
674,75426,15,2158,495,1440
675,75519,16,2157,480,1453
676,75765,15,2161,472,1464
677,75848,16,2168,477,1460
678,75943,15,2172,481,1460
679,76031,15,2178,460,1491
680,76115,15,2172,461,1484
681,76211,17,2176,465,1484
682,76316,16,2178,452,1502
683,76419,16,2166,446,1495
684,76508,18,2166,443,1496
685,76605,15,2167,451,1486
686,76695,16,2175,456,1489
687,76801,18,2173,449,1502
688,76900,15,2172,437,1516
689,76985,16,2175,445,1511
690,77077,16,2175,452,1501
691,77343,16,2165,457,1486
692,77430,15,2179,468,1484
693,77519,16,2178,475,1476
694,77606,16,2172,477,1468
695,77701,15,2164,477,1460
696,77814,15,2172,485,1459
697,77897,16,2176,493,1454
698,77987,16,2160,495,1435
699,78078,16,2161,496,1435
700,78169,17,2155,496,1429
701,78261,16,2157,498,1428
702,78366,16,2162,504,1424
703,78649,15,2161,510,1414
704,78730,16,2160,511,1412
705,78826,16,2169,520,1411
706,78911,16,2163,521,1402
707,79003,16,2161,521,1400
708,79088,16,2157,522,1395
709,79175,15,2156,522,1394
710,79256,17,2181,547,1390
711,79336,16,2182,548,1390
712,79410,16,2173,551,1378
713,79508,17,2187,558,1383
714,79614,17,2191,543,1408
715,79874,179,2200,543,1417
716,79997,16,2199,536,1429
717,80113,16,2198,529,1438
718,80215,15,2213,531,1450
719,80336,32,2209,524,1458
720,80433,16,2220,535,1456
721,80532,16,2218,528,1464
722,80634,16,2219,506,1493
723,80731,16,2219,506,1493
724,80825,16,2231,501,1511
725,80935,15,2232,495,1517
726,81018,16,2244,495,1531
727,81296,16,2246,495,1535
728,81442,17,2246,490,1542
729,81539,17,2248,479,1555
730,81622,17,2246,467,1568
731,81719,16,2248,467,1578
732,81813,16,2248,467,1578
733,81908,17,2248,466,1581
734,82001,16,2254,468,1584
735,82096,17,2258,476,1580
736,82193,17,2259,476,1583
737,82280,16,2258,476,1582
738,82383,17,2266,469,1604
739,82624,20,2272,469,1610
740,82732,16,2273,462,1618
741,82829,17,2277,459,1626
742,82930,16,2282,461,1629
743,83019,18,2284,459,1640
744,83102,17,2287,462,1638
745,83210,16,2287,461,1639
746,83298,17,2289,466,1635
747,83386,17,2289,463,1638
748,83496,18,2294,470,1636
749,83584,16,2286,452,1648
750,83684,23,2296,459,1654
751,83928,18,2297,448,1671
752,84018,17,2300,449,1673
753,84107,17,2307,449,1683
754,84213,17,2308,442,1692
755,84299,17,2314,437,1703
756,84396,17,2317,429,1714
757,84511,15,2319,431,1714
758,84607,16,2316,427,1714
759,84712,16,2317,418,1724
760,84809,17,2326,422,1731
761,84907,17,2325,416,1738
762,85001,17,2326,417,1738
763,85251,15,2330,409,1753
764,85352,24,2335,412,1755
765,85433,17,2348,425,1755
766,85546,20,2351,409,1772
767,85628,17,2366,422,1768
768,85725,16,2372,426,1770
769,85820,17,2371,426,1769
770,85922,16,2377,429,1770
771,86013,18,2377,423,1776
772,86109,17,2380,429,1773
773,86204,19,2384,417,1798
774,86310,18,2385,416,1800
775,86411,16,2387,418,1799
776,86689,21,2394,415,1810
777,86782,18,2400,417,1814
778,86867,18,2399,417,1813
779,86963,17,2394,413,1811
780,87055,17,2398,407,1826
781,87152,17,2406,415,1826
782,87251,17,2406,412,1830
783,87347,17,2406,419,1823
784,87451,18,2404,419,1821
785,87556,17,2402,421,1817
786,87659,17,2398,423,1811
787,87738,18,2394,425,1805
788,87977,169,2402,417,1825
789,88076,18,2407,421,1825
790,88163,18,2410,416,1830
791,88257,17,2415,420,1827
792,88364,17,2421,429,1824
793,88450,17,2423,432,1823
794,88535,17,2426,434,1820
795,88626,18,2428,434,1817
796,88734,21,2438,429,1831
797,88815,18,2435,429,1828
798,88919,17,2436,436,1820
799,89020,17,2441,437,1824
800,89129,18,2441,431,1832
801,89389,18,2439,427,1839
802,89480,19,2440,427,1840
803,89580,18,2442,429,1840
804,89673,20,2453,431,1848
805,89774,17,2456,435,1847
806,89870,17,2458,435,1848
807,89971,17,2457,435,1847
808,90067,17,2459,439,1842
809,90150,18,2464,446,1839
810,90235,17,2472,450,1843
811,90330,17,2472,449,1844
812,90426,20,2471,450,1842
813,90682,18,2472,445,1848
814,90767,18,2474,446,1850
815,90858,18,2471,442,1851
816,90946,18,2471,447,1846
817,91039,18,2481,457,1845
818,91131,17,2481,443,1863
819,91228,17,2483,445,1861
820,91319,19,2500,458,1864
821,91409,18,2500,458,1864
822,91493,18,2508,473,1857
823,91596,20,2508,469,1856
824,91722,29,2511,466,1865
825,91821,20,2513,460,1872
826,92099,19,2513,454,1878
827,92209,18,2513,451,1881
828,92292,18,2508,453,1873
829,92380,18,2508,449,1885
830,92474,18,2516,458,1884
831,92559,18,2516,459,1883
832,92642,18,2513,458,1881
833,92742,18,2516,453,1886
834,92839,19,2528,466,1884
835,92927,19,2535,470,1881
836,93030,18,2541,484,1869
837,93128,18,2539,476,1873
838,93385,18,2537,470,1873
839,93478,18,2537,468,1877
840,93559,18,2549,477,1883
841,93643,18,2555,478,1887
842,93725,20,2567,488,1886
843,93815,20,2568,490,1882
844,93907,19,2566,487,1883
845,93999,18,2573,492,1883
846,94092,19,2577,491,1888
847,94177,18,2578,492,1888
848,94265,18,2578,486,1895
849,94362,18,2578,486,1895
850,94455,18,2589,497,1895
851,94716,20,2590,486,1903
852,94817,21,2591,475,1911
853,94903,30,2599,484,1910
854,94991,18,2599,483,1911
855,95077,20,2602,482,1912
856,95157,19,2611,491,1901
857,95253,19,2602,488,1900
858,95339,17,2608,494,1900
859,95434,19,2609,491,1903
860,95535,18,2619,502,1895
861,95630,19,2618,502,1894
862,95715,20,2623,507,1893
863,98175,20,2622,468,1937
864,98269,20,2622,474,1931
865,98362,23,2621,470,1939
866,98446,19,2626,477,1937
867,98529,20,2628,479,1937
868,98608,19,2642,491,1938
869,98707,19,2644,492,1937
870,98797,19,2655,498,1936
871,98891,20,2657,500,1934
872,98999,23,2661,505,1933
873,99101,20,2668,512,1933
874,99204,20,2665,512,1930
875,99305,21,2668,512,1932
876,99455,58,2669,520,1924
877,99560,18,2669,517,1929
878,99647,20,2670,519,1928
879,99737,21,2675,523,1931
880,99818,20,2676,516,1935
881,99913,19,2691,525,1938
882,100010,19,2688,525,1935
883,100098,20,2692,523,1942
884,100189,20,2699,532,1939
885,100293,19,2701,541,1932
886,100391,20,2706,550,1926
887,100494,20,2707,548,1932
888,100592,21,2716,555,1936
889,100755,73,2720,562,1933
890,100852,22,2717,555,1937
891,100939,20,2718,555,1934
892,101056,20,2718,556,1932
893,101145,19,2719,553,1936
894,101261,20,2719,554,1935
895,101358,24,2718,551,1938
896,101460,22,2717,550,1937
897,101548,18,2728,559,1932
898,101643,20,2726,559,1930
899,101756,20,2732,563,1932
900,101863,20,2732,558,1938
901,101983,62,2741,564,1934
902,102084,20,2740,564,1933
903,102194,19,2741,568,1930
904,102284,22,2765,593,1927
905,102363,20,2775,596,1934
906,102454,21,2776,596,1932
907,102558,25,2775,598,1929
908,102646,20,2774,598,1928
909,102734,20,2774,597,1928
910,102831,21,2786,611,1926
911,102922,20,2784,611,1924
912,103006,20,2792,618,1925
913,103156,20,2806,628,1926
914,103246,21,2806,621,1936
915,103341,19,2815,628,1936
916,103447,21,2824,640,1931
917,103527,20,2824,640,1931
918,103609,20,2832,648,1930
919,103705,23,2832,647,1931
920,103801,21,2831,646,1933
921,103893,23,2841,657,1924
922,103991,20,2842,656,1925
923,104080,20,2840,656,1926
924,104252,20,2839,651,1928
925,104337,19,2839,649,1930
926,104416,20,2847,656,1927
927,104516,22,2852,658,1936
928,104613,20,2852,646,1957
929,104730,25,2846,638,1967
930,104851,25,2847,639,1967
931,104940,24,2851,640,1967
932,105048,20,2858,633,1980
933,105188,21,2843,619,1975
934,105386,49,2838,615,1974
935,105620,21,2839,573,2032
936,105721,21,2848,578,2042
937,105823,20,2835,571,2037
938,105921,19,2835,563,2046
939,106029,20,2836,548,2066
940,106127,20,2837,546,2068
941,106217,20,2826,546,2057
942,106318,29,2818,555,2039
943,106417,19,2805,539,2045
944,106509,19,2808,528,2053
945,106620,20,2805,515,2065
946,106798,20,2805,478,2115
947,106881,21,2797,472,2114
948,106980,20,2797,463,2127
949,107090,20,2790,464,2121
950,107194,19,2790,462,2123
951,107295,22,2785,450,2133
952,107382,19,2790,442,2151
953,107473,20,2784,433,2152
954,107564,23,2777,434,2143
955,107656,21,2784,440,2146
956,107755,20,2795,431,2166
957,107949,105,2804,440,2169
958,108074,19,2810,436,2184
959,108174,20,2804,436,2175
960,108261,20,2805,432,2180
961,108351,21,2808,430,2187
962,108468,20,2813,427,2196
963,108568,19,2812,422,2201
964,108663,21,2812,420,2203
965,108755,20,2820,425,2209
966,108863,19,2818,423,2204
967,108954,21,2821,426,2204
968,109046,21,2840,437,2210
969,109138,20,2839,409,2234
970,109320,20,2829,414,2220
971,109412,19,2828,408,2227
972,109493,19,2818,402,2225
973,109610,20,2821,388,2244
974,109718,20,2820,381,2249
975,109833,19,2820,362,2271
976,109943,21,2818,351,2280
977,110049,20,2819,354,2278
978,110142,20,2820,347,2284
979,110244,20,2827,355,2282
980,110336,20,2838,350,2293
981,110545,115,2840,343,2306
982,110636,21,2843,348,2304
983,110742,22,2848,342,2318
984,110847,20,2846,344,2314
985,110955,21,2844,338,2321
986,111050,21,2850,343,2322
987,111154,20,2850,337,2332
988,111246,19,2850,335,2332
989,111348,22,2859,322,2355
990,111441,21,2858,318,2360
991,111547,20,2861,324,2353
992,111665,22,2863,321,2357
993,111768,20,2863,315,2368
994,111969,125,2872,324,2366
995,112073,22,2864,322,2361
996,112173,23,2872,323,2373
997,112254,21,2878,330,2372
998,112364,19,2880,332,2370
999,112464,21,2887,337,2371
1000,112569,20,2887,337,2372
1001,112684,31,2886,339,2367
1002,112787,21,2884,328,2379
1003,112877,20,2887,329,2379
1004,112970,20,2884,329,2376
1005,113081,21,2885,330,2373
1006,113179,21,2879,328,2372
1007,113395,21,2878,309,2408
1008,113490,21,2885,310,2413
1009,113587,22,2889,310,2420
1010,113682,20,2894,305,2431
1011,113784,20,2897,295,2444
1012,113889,21,2902,293,2454
1013,113995,22,2899,286,2455
1014,114091,20,2900,287,2455
1015,114192,21,2906,291,2455
1016,114286,22,2906,292,2454
1017,114392,22,2908,295,2453
1018,114495,22,2906,295,2451
1019,114591,20,2903,294,2447
1020,114698,22,2909,304,2442
1021,114909,20,2918,313,2443
1022,115023,22,2923,318,2443
1023,115109,22,2922,313,2448
1024,115215,21,2923,308,2458
1025,115309,20,2921,310,2448
1026,115413,21,2922,310,2450
1027,115511,21,2927,312,2449
1028,115615,22,2925,312,2447
1029,115725,22,2937,323,2450
1030,115833,21,2944,318,2470
1031,115938,21,2948,322,2470
1032,116057,20,2946,322,2467
1033,116150,23,2953,325,2466
1034,116358,20,2952,318,2470
1035,116450,22,2953,319,2470
1036,116555,21,2956,314,2478
1037,116654,21,2964,320,2478
1038,116745,21,2975,332,2481
1039,116821,21,2970,334,2473
1040,116926,20,2973,337,2472
1041,117033,21,2978,342,2472
1042,117130,24,2982,346,2469
1043,117236,22,2991,349,2480
1044,117330,22,2993,353,2478
1045,117419,21,2992,353,2477
1046,117521,21,2994,354,2477
1047,117626,21,2997,355,2476
1048,117874,21,3004,362,2475
1049,117971,22,3007,365,2473
1050,118069,23,3010,366,2470
1051,118162,23,3015,371,2472
1052,118268,22,3013,371,2470
1053,118376,22,3015,373,2468
1054,118472,22,3017,379,2463
1055,118567,22,3017,385,2453
1056,118676,22,3016,382,2455
1057,118749,23,3018,384,2455
1058,118845,21,3028,392,2454
1059,118946,23,3026,386,2459
1060,119040,22,3027,380,2466
1061,119129,24,3038,389,2464
1062,119362,23,3035,385,2463
1063,119440,22,3035,380,2471
1064,119517,22,3042,384,2474
1065,119601,22,3042,384,2474
1066,119689,22,3045,383,2476
1067,119791,22,3045,383,2476
1068,119890,23,3047,386,2474
1069,119998,23,3044,386,2471
1070,120090,22,3057,399,2467
1071,120185,23,3055,394,2474
1072,120279,23,3063,402,2471
1073,120391,23,3069,408,2470
1074,120495,30,3076,411,2477
1075,120750,166,3076,399,2494
1076,120835,21,3084,407,2493
1077,120932,22,3092,417,2491
1078,121039,22,3093,418,2491
1079,121154,25,3094,419,2489
1080,121249,22,3095,420,2489
1081,121356,21,3097,423,2488
1082,121467,22,3099,425,2487
1083,121556,22,3110,436,2486
1084,121649,22,3112,438,2486
1085,121753,23,3113,439,2486
1086,121863,25,3126,452,2486
1087,121957,23,3135,461,2470
1088,122211,187,3133,462,2457
1089,122319,24,3135,464,2457
1090,122411,21,3135,464,2457
1091,122496,22,3135,470,2449
1092,122615,21,3140,475,2446
1093,123153,47,3143,478,2445
1094,123349,39,3143,475,2448
1095,123457,24,3148,480,2445
1096,123556,23,3150,475,2453
1097,123653,24,3150,469,2461
1098,123733,22,3150,466,2465
1099,123843,21,3157,472,2467
1100,123942,22,3158,472,2467
1101,124164,22,3158,468,2472
1102,124260,24,3158,462,2479
1103,124361,24,3163,462,2482
1104,124464,24,3173,471,2484
1105,124544,24,3176,473,2484
1106,124653,27,3175,472,2484
1107,124753,22,3173,473,2481
1108,124859,29,3173,461,2492
1109,124963,22,3175,458,2497
1110,125040,22,3175,456,2499
1111,125133,22,3175,456,2499
1112,125238,24,3184,464,2498
1113,125529,181,3190,467,2497
1114,125644,35,3192,468,2497
1115,125735,21,3192,464,2504
1116,125815,22,3197,470,2501
1117,125902,21,3195,466,2506
1118,125997,21,3192,466,2503
1119,126091,22,3196,467,2507
1120,126190,22,3195,466,2507
1121,126293,23,3195,463,2512
1122,126387,23,3201,469,2512
1123,126484,24,3216,482,2511
1124,126582,24,3217,480,2513
1125,126841,23,3218,478,2516
1126,126943,23,3232,488,2523
1127,127054,23,3242,494,2520
1128,127150,22,3243,494,2521
1129,127246,22,3249,492,2528
1130,127363,23,3250,492,2528
1131,127490,23,3254,496,2526
1132,127588,23,3254,494,2529
1133,127686,23,3260,497,2532
1134,127806,24,3260,497,2532
1135,127896,24,3273,510,2530
1136,128147,168,3274,512,2529
1137,128256,24,3275,513,2529
1138,128370,24,3279,517,2526
1139,128462,23,3279,517,2526
1140,128555,22,3276,517,2523
1141,128649,25,3274,514,2524
1142,128739,24,3279,519,2523
1143,128854,38,3285,524,2524
1144,128987,27,3284,524,2523
1145,129085,23,3291,531,2523
1146,129187,26,3289,531,2521
1147,129283,25,3292,533,2523
1148,129524,22,3293,527,2532
1149,129615,22,3301,530,2536
1150,129723,23,3301,529,2534
1151,129824,25,3301,528,2534
1152,129915,22,3304,520,2544
1153,130012,24,3311,525,2549
1154,130112,23,3319,532,2548
1155,130203,24,3325,539,2547
1156,130312,23,3322,539,2544
1157,130407,23,3320,538,2543
1158,130503,23,3324,540,2540
1159,130607,24,3325,531,2551
1160,130918,37,3323,519,2560
1161,131068,25,3336,526,2563
1162,131187,25,3348,530,2571
1163,131296,28,3348,530,2571
1164,131407,25,3350,523,2580
1165,131508,25,3349,522,2582
1166,131617,24,3349,522,2582
1167,131711,22,3350,519,2587
1168,131806,24,3350,519,2587
1169,131892,23,3350,510,2598
1170,132022,28,3350,490,2616
1171,132280,172,3350,485,2620
1172,132379,25,3350,488,2617
1173,132472,26,3351,488,2617
1174,132575,24,3354,492,2615
1175,132664,25,3358,496,2608
1176,132776,24,3358,494,2609
1177,132873,24,3354,490,2607
1178,132998,27,3354,489,2607
1179,133136,24,3354,490,2603
1180,133234,32,3360,499,2598
1181,133312,25,3363,502,2598
1182,133431,23,3365,503,2596
1183,133671,24,3368,501,2599
1184,133771,30,3368,494,2606
1185,133874,32,3366,494,2603
1186,133978,29,3365,493,2604
1187,134085,26,3365,492,2605
1188,134188,32,3365,492,2605
1189,134320,27,3370,498,2604
1190,134437,29,3364,496,2600
1191,134549,27,3366,502,2596
1192,134655,27,3370,495,2612
1193,134759,24,3377,485,2634
1194,134997,169,3366,454,2663
1195,135105,24,3359,410,2716
1196,135209,24,3354,397,2733
1197,135323,26,3340,384,2734
1198,135441,24,3331,376,2743
1199,135533,23,3340,386,2740
1200,135628,24,3341,379,2756
1201,135731,25,3336,378,2751
1202,135835,25,3340,374,2763
1203,135931,25,3349,377,2762
1204,136032,32,3363,390,2765
1205,136127,24,3349,389,2752
1206,136409,190,3351,376,2768
1207,136564,39,3352,363,2787
1208,136684,30,3345,361,2781
1209,136792,24,3329,358,2766
1210,136902,26,3334,360,2767
1211,137003,24,3330,356,2769
1212,137109,24,3319,343,2772
1213,137215,24,3328,346,2778
1214,137316,25,3291,345,2743
1215,137415,24,3299,350,2751
1216,137517,23,3310,363,2744
1217,137646,24,3308,354,2755
1218,137945,29,3312,349,2770
1219,138063,24,3310,333,2798
1220,138160,25,3311,335,2798
1221,138278,24,3318,343,2795
1222,138375,23,3303,344,2778
1223,138486,35,3303,345,2777
1224,138573,25,3297,344,2771
1225,138673,26,3300,348,2770
1226,138790,25,3301,342,2777
1227,138904,30,3309,356,2766
1228,139039,35,3314,356,2774
1229,139146,24,3326,360,2782
1230,141676,2454,3327,254,2931
1231,141794,25,3328,245,2945
1232,141911,24,3327,244,2945
1233,142042,25,3325,235,2956
1234,142158,26,3329,240,2954
1235,142271,24,3336,242,2958
1236,142386,23,3338,243,2958
1237,142503,24,3342,248,2962
1238,142594,24,3349,249,2969
1239,142709,28,3347,247,2971
1240,142822,27,3363,267,2965
1241,142933,23,3363,267,2964
1242,143128,85,3363,261,2970
1243,143243,23,3365,262,2969
1244,143340,24,3365,262,2969
1245,143447,26,3371,271,2966
1246,143562,25,3370,265,2971
1247,143657,23,3372,270,2963
1248,143756,24,3368,270,2957
1249,143856,25,3364,270,2953
1250,143982,29,3366,270,2955
1251,144077,23,3360,257,2965
1252,144220,24,3360,257,2966
1253,144322,24,3362,259,2966
1254,144420,24,3361,259,2965
1255,144565,77,3372,270,2965
1256,144661,23,3370,268,2968
1257,144765,23,3382,269,2973
1258,144879,27,3388,276,2971
1259,144979,24,3390,278,2970
1260,145088,26,3398,278,2981
1261,145183,27,3399,278,2981
1262,145273,25,3403,283,2980
1263,145389,25,3403,283,2980
1264,145500,35,3393,283,2970
1265,145608,26,3393,275,2983
1266,145766,76,3394,276,2981
1267,145862,26,3394,276,2981
1268,145961,26,3402,274,2996
1269,146064,24,3420,290,2995
1270,146173,26,3428,296,3000
1271,146275,24,3428,289,3008
1272,146360,25,3429,290,3007
1273,146456,24,3434,295,3003
1274,146561,24,3434,297,3000
1275,146667,26,3437,301,2997
1276,146772,24,3443,307,2996
1277,146930,88,3441,307,2985
1278,147044,25,3440,309,2982
1279,147140,24,3441,310,2982
1280,147260,43,3441,308,2984
1281,147379,24,3444,311,2984
1282,147481,25,3443,309,2981
1283,147587,25,3443,309,2981
1284,147685,26,3447,311,2985
1285,147782,24,3443,315,2976
1286,147881,27,3448,318,2969
1287,147980,24,3447,319,2967
1288,148150,25,3446,319,2966
1289,148249,25,3451,324,2964
1290,148355,24,3456,327,2967
1291,148467,25,3457,328,2967
1292,148574,24,3466,329,2973
1293,148663,25,3466,328,2971
1294,148780,25,3466,328,2971
1295,148886,26,3465,327,2970
1296,148997,26,3460,327,2965
1297,149097,26,3459,327,2964
1298,149267,99,3460,328,2963
1299,149380,25,3463,325,2969
1300,149488,25,3466,322,2981
1301,149600,27,3468,328,2977
1302,149691,25,3466,326,2977
1303,149791,23,3466,325,2978
1304,149888,25,3466,324,2978
1305,149983,26,3467,322,2983
1306,150088,25,3473,322,2987
1307,150191,24,3480,328,2989
1308,150285,24,3477,326,2987
1309,150495,109,3477,326,2987
1310,150587,24,3477,326,2987
1311,150708,24,3478,327,2984
1312,150823,25,3480,327,2985
1313,150923,24,3480,326,2986
1314,151029,25,3481,319,2996
1315,151132,25,3481,320,2997
1316,151256,24,3481,319,3000
1317,151341,27,3489,333,2994
1318,151454,26,3490,330,3003
1319,151563,26,3489,322,3010
1320,151759,25,3492,316,3019
1321,151872,26,3493,318,3015
1322,151967,23,3496,322,3012
1323,152063,25,3496,320,3015
1324,152173,25,3491,320,3010
1325,152274,24,3492,321,3010
1326,152376,28,3497,325,3011
1327,152522,30,3497,324,3014
1328,152608,24,3498,328,3008
1329,152723,27,3505,335,3008
1330,152819,28,3513,343,3005
1331,153041,145,3513,343,3005
1332,153152,32,3512,341,3006
1333,153292,51,3512,341,3006
1334,153438,24,3511,332,3016
1335,153542,24,3505,332,3010
1336,153630,25,3508,336,3008
1337,153724,24,3505,332,3015
1338,153841,25,3503,333,3012
1339,153947,26,3504,334,3011
1340,154050,26,3513,341,3013
1341,154158,25,3514,344,3014
1342,154264,28,3514,344,3014
1343,154448,27,3516,346,3011
1344,154553,27,3516,346,3011
1345,154645,25,3516,346,3011
1346,154751,25,3529,356,3010
1347,154862,28,3536,363,3010
1348,154960,25,3544,369,3010
1349,155052,25,3553,378,3008
1350,155151,25,3554,375,3012
1351,155235,25,3563,384,3012
1352,155322,26,3563,380,3018
1353,155420,25,3565,382,3018
1354,155524,31,3558,381,3014
1355,155729,25,3559,380,3012
1356,155824,26,3560,381,3010
1357,155925,25,3574,396,3006
1358,156031,27,3582,403,3006
1359,156138,29,3585,405,3006
1360,156240,25,3590,408,3005
1361,156335,26,3608,426,3000
1362,156430,25,3608,426,3000
1363,156516,25,3608,426,3000
1364,156623,25,3609,427,3000
1365,156728,25,3611,429,3000
1366,156830,26,3605,425,2996
1367,157025,112,3603,414,3008
1368,157112,26,3607,418,3004
1369,157202,25,3614,425,3000
1370,157313,25,3626,439,2997
1371,157420,24,3631,446,2993
1372,157526,28,3635,446,2996
1373,157637,28,3633,445,2995
1374,157739,27,3634,439,2995
1375,157865,26,3643,438,3007
1376,157958,27,3643,438,3007
1377,158061,26,3646,435,3007
1378,158162,24,3646,432,3010
1379,158250,26,3649,437,3007
1380,158451,124,3648,422,3017
1381,158559,25,3648,422,3017
1382,158673,26,3642,421,3014
1383,158785,25,3642,423,3011
1384,158885,24,3641,422,3011
1385,158973,26,3641,422,3011
1386,159075,28,3644,426,3009
1387,159164,24,3646,427,3010
1388,159264,25,3654,435,3010
1389,159362,26,3649,433,3008
1390,159457,24,3649,432,3008
1391,159560,26,3650,433,3007
1392,159650,26,3648,435,3003
1393,159911,166,3650,434,3009
1394,160006,28,3651,435,3009
1395,160114,24,3653,431,3014
1396,160222,26,3653,418,3031
1397,160320,27,3654,419,3031
1398,160418,27,3655,419,3030
1399,160519,29,3671,428,3035
1400,160633,27,3671,428,3036
1401,160765,28,3669,429,3030
1402,160854,26,3668,430,3021
1403,160962,25,3668,430,3021
1404,161054,26,3675,438,3021
1405,161149,27,3686,449,3021
1406,161396,152,3685,448,3021
1407,161508,25,3686,449,3020
1408,161603,27,3687,448,3024
1409,161728,29,3685,452,3015
1410,161852,28,3687,452,3016
1411,161956,25,3685,444,3022
1412,162077,29,3691,449,3019
1413,162172,28,3707,464,3018
1414,162294,27,3706,463,3019
1415,162373,27,3723,479,3023
1416,162472,36,3730,485,3023
1417,162608,26,3737,494,3019
1418,162720,27,3737,493,3020
1419,162835,37,3749,505,3017
1420,163078,165,3751,510,3016
1421,163186,28,3753,514,3014
1422,163277,27,3753,514,3014
1423,163380,26,3752,514,3008
1424,163469,27,3752,514,3008
1425,163584,28,3753,511,3007
1426,163715,32,3747,511,3001
1427,163839,30,3747,511,3001
1428,163941,27,3744,505,3005
1429,164047,28,3744,504,3006
1430,164144,29,3746,503,3009
1431,164258,30,3745,503,3008
1432,164369,29,3742,503,3005
1433,164601,27,3741,504,3001
1434,164706,25,3740,504,3000
1435,164805,26,3740,504,3000
1436,164957,36,3746,510,2995
1437,165078,27,3750,514,2995
1438,165201,35,3750,514,2995
1439,165288,28,3756,520,2992
1440,165384,28,3755,520,2991
1441,165508,28,3754,520,2990
1442,165616,28,3754,520,2990
1443,165732,29,3757,523,2979
1444,165850,29,3757,523,2979
1445,166095,185,3758,525,2978
1446,166237,46,3768,535,2978
1447,166358,29,3768,535,2978
1448,166466,30,3770,537,2978
1449,166597,37,3769,537,2977
1450,166729,40,3776,528,2993
1451,166859,43,3784,509,3023
1452,166962,28,3787,489,3053
1453,167060,27,3788,476,3068
1454,167158,28,3800,467,3088
1455,167258,28,3781,457,3090
1456,167359,27,3801,477,3088
1457,167610,27,3794,444,3126
1458,167729,29,3792,426,3144
1459,167814,26,3774,419,3136
1460,167930,25,3774,418,3134
1461,168030,26,3752,402,3136
1462,168128,26,3759,409,3136
1463,168231,27,3756,415,3126
1464,168331,26,3752,413,3131
1465,168441,28,3769,421,3142
1466,168535,26,3763,414,3145
1467,168648,30,3759,419,3136
1468,168763,27,3757,418,3135
1469,168993,29,3756,406,3161
1470,169100,27,3754,404,3162
1471,169186,27,3745,395,3166
1472,169288,26,3738,394,3162
1473,169386,27,3732,383,3171
1474,169479,26,3737,386,3170
1475,169602,27,3745,394,3169
1476,169707,26,3751,396,3172
1477,169827,28,3752,394,3175
1478,169930,26,3755,383,3191
1479,170044,28,3758,371,3209
1480,170293,164,3765,371,3212
1481,170401,29,3765,360,3226
1482,170515,27,3769,359,3234
1483,170631,25,3774,352,3253
1484,170747,27,3775,348,3261
1485,170864,35,3775,339,3271
1486,170977,28,3775,337,3271
1487,171089,29,3782,338,3271
1488,171191,26,3781,338,3270
1489,171286,27,3794,339,3286
1490,171399,27,3794,336,3291
1491,171516,28,3794,326,3304
1492,171761,28,3790,325,3302
1493,171872,28,3790,317,3304
1494,171967,27,3790,316,3308
1495,172070,25,3794,313,3312
1496,172167,26,3797,306,3326
1497,172279,27,3798,307,3322
1498,172377,26,3798,300,3330
1499,172489,28,3794,293,3336
1500,172598,29,3794,293,3336
1501,172704,30,3802,291,3349
1502,172806,30,3801,291,3348
1503,173034,148,3809,276,3377
1504,173158,34,3807,275,3376
1505,173271,28,3806,270,3382
1506,173388,26,3798,262,3378
1507,173493,27,3801,266,3376
1508,173599,26,3798,264,3375
1509,173703,28,3805,271,3372
1510,173795,30,3810,276,3372
1511,173896,25,3810,277,3371
1512,174011,29,3817,284,3370
1513,174124,28,3818,287,3368
1514,174366,163,3816,282,3376
1515,174467,26,3817,282,3376
1516,174575,27,3833,298,3374
1517,174675,27,3835,298,3373
1518,174789,27,3830,297,3369
1519,174895,34,3828,293,3376
1520,175008,27,3828,293,3376
1521,175102,28,3834,299,3372
1522,175208,29,3835,301,3369
1523,175305,29,3839,304,3368
1524,175404,28,3838,297,3377
1525,175646,156,3841,299,3379
1526,175766,28,3841,297,3385
1527,175873,29,3841,288,3393
1528,175985,30,3834,289,3379
1529,176082,26,3831,290,3374
1530,176189,27,3829,291,3369
1531,176290,26,3832,294,3367
1532,176393,28,3830,281,3383
1533,176490,28,3831,281,3386
1534,176583,27,3838,286,3386
1535,176694,28,3840,288,3384
1536,176809,26,3849,296,3383
1537,177047,28,3848,288,3391
1538,177136,28,3849,262,3428
1539,177233,28,3861,273,3426
1540,177341,29,3871,284,3426
1541,177442,27,3884,297,3425
1542,177553,27,3889,299,3430
1543,177657,27,3889,291,3438
1544,177768,28,3901,303,3432
1545,177878,28,3905,304,3439
1546,177986,29,3909,307,3437
1547,178111,27,3909,309,3435
1548,178355,26,3921,324,3432
1549,178444,29,3927,332,3439
1550,178546,27,3929,334,3436
1551,178646,29,3935,335,3438
1552,178740,27,3930,335,3431
1553,178834,27,3930,330,3434
1554,178944,29,3935,333,3430
1555,179054,29,3937,332,3428
1556,179171,29,3934,328,3430
1557,179278,30,3936,331,3428
1558,179396,31,3943,338,3425
1559,179634,29,3958,348,3427
1560,179742,29,3957,348,3426
1561,179846,28,3964,354,3417
1562,179937,27,3963,349,3418
1563,180054,29,3963,348,3420
1564,180174,30,3964,349,3419
1565,180285,27,3960,350,3411
1566,180411,28,3956,350,3407
1567,180509,27,3962,356,3404
1568,180624,27,3961,352,3411
1569,180731,30,3957,352,3407
1570,180968,161,3957,351,3410
1571,181069,28,3957,347,3416
1572,181180,29,3960,350,3416
1573,181294,27,3960,350,3417
1574,181390,27,3962,351,3420
1575,181505,28,3969,358,3419
1576,181608,31,3970,355,3426
1577,181702,29,3977,362,3421
1578,181831,27,3977,362,3421
1579,181943,28,3978,362,3424
1580,182059,27,3978,362,3424
1581,182339,196,3978,357,3431
1582,182444,29,3977,349,3439
1583,182548,28,3976,344,3447
1584,182653,29,3977,346,3446
1585,182761,27,3975,346,3444
1586,182872,28,3980,351,3440
1587,183006,32,3980,351,3440
1588,183138,48,3987,348,3459
1589,183236,29,3987,348,3459
1590,183347,28,3990,351,3458
1591,183455,28,3989,353,3455
1592,183545,29,3989,352,3456
1593,186221,2599,3989,328,3487
1594,186361,31,3994,317,3503
1595,186479,28,4001,324,3502
1596,186582,31,4008,331,3500
1597,186699,30,4008,331,3500
1598,186804,30,4016,340,3495
1599,186931,29,4023,345,3495
1600,187024,34,4024,342,3501
1601,187146,37,4024,342,3501
1602,187253,31,4027,345,3501
1603,187371,30,4022,346,3493
1604,187473,32,4024,349,3488
1605,187608,28,4025,350,3486
1606,187714,30,4024,346,3493
1607,187819,27,4025,340,3496
1608,187916,26,4025,335,3496
1609,188009,27,4033,343,3495
1610,188095,27,4038,349,3488
1611,188186,28,4044,356,3486
1612,188282,27,4048,358,3489
1613,188377,27,4048,355,3490
1614,188503,35,4050,358,3489
1615,188624,30,4050,358,3489
1616,188768,80,4058,364,3487
1617,188874,34,4061,367,3487
1618,188967,28,4060,368,3485
1619,189051,28,4065,374,3482
1620,189152,27,4067,378,3481
1621,189251,26,4073,385,3475
1622,189356,27,4071,382,3477
1623,189463,28,4068,383,3473
1624,189567,29,4073,388,3469
1625,189698,43,4077,393,3468
1626,189814,31,4081,399,3463
1627,189966,87,4082,400,3462
1628,190059,33,4082,400,3462
1629,190152,30,4084,402,3461
1630,190253,32,4084,400,3463
1631,190364,35,4085,401,3462
1632,190470,32,4093,409,3456
1633,190584,31,4095,411,3456
1634,190695,34,4095,411,3456
1635,190804,29,4099,416,3456
1636,190928,41,4100,417,3456
1637,191102,89,4101,419,3454
1638,191207,32,4107,425,3450
1639,191293,30,4118,436,3450
1640,191405,29,4118,433,3453
1641,191508,31,4115,432,3453
1642,191625,31,4115,431,3455
1643,191739,32,4115,429,3455
1644,191865,31,4125,439,3454
1645,191982,27,4124,439,3453
1646,192078,28,4126,433,3463
1647,192266,107,4123,427,3466
1648,192389,53,4124,423,3475
1649,192504,29,4125,424,3473
1650,192606,33,4134,432,3471
1651,192722,30,4149,446,3470
1652,192860,27,4153,449,3470
1653,192977,33,4157,452,3470
1654,193079,29,4155,448,3472
1655,193184,29,4162,455,3470
1656,193291,30,4162,455,3470
1657,193412,28,4166,455,3473
1658,193601,30,4166,455,3473
1659,193697,30,4166,455,3473
1660,193799,33,4168,457,3472
1661,193893,31,4170,459,3472
1662,194005,34,4170,458,3475
1663,194110,28,4177,465,3475
1664,194210,28,4182,470,3475
1665,194306,30,4182,464,3482
1666,194417,29,4175,461,3473
1667,194522,30,4175,448,3488
1668,194671,28,4176,434,3526
1669,194773,28,4168,421,3525
1670,194873,30,4159,414,3524
1671,194963,28,4159,411,3530
1672,195067,27,4158,417,3523
1673,195175,30,4146,402,3524
1674,195273,29,4163,427,3513
1675,195381,27,4157,419,3516
1676,195488,34,4138,402,3525
1677,195586,28,4138,399,3534
1678,195756,92,4138,383,3559
1679,195857,30,4139,366,3586
1680,195956,28,4142,373,3583
1681,196057,29,4153,377,3588
1682,196143,30,4152,378,3584
1683,196258,29,4151,365,3603
1684,196355,28,4163,370,3612
1685,196462,36,4156,367,3608
1686,196624,49,4151,375,3595
1687,196793,29,4157,368,3610
1688,196896,29,4164,361,3621
1689,197083,29,4167,345,3644
1690,197174,29,4170,352,3636
1691,197265,27,4170,354,3633
1692,197341,28,4164,354,3630
1693,197446,29,4170,356,3633
1694,197532,28,4167,359,3622
1695,197637,28,4170,342,3650
1696,197763,27,4169,338,3650
1697,197869,30,4175,343,3642
1698,197967,28,4174,350,3636
1699,198092,31,4171,342,3648
1700,198295,28,4178,339,3659
1701,198399,29,4192,352,3660
1702,198504,29,4191,349,3656
1703,198614,29,4181,349,3646
1704,198711,29,4179,346,3647
1705,198820,30,4173,340,3650
1706,198976,28,4166,316,3674
1707,199078,29,4160,315,3672
1708,199191,29,4171,326,3668
1709,199289,28,4161,326,3658
1710,199392,30,4169,334,3650
1711,199585,28,4169,328,3658
1712,199716,32,4169,328,3658
1713,199837,28,4172,324,3659
1714,199950,28,4181,327,3669
1715,200099,33,4182,328,3668
1716,200224,29,4180,331,3668
1717,200321,29,4189,329,3685
1718,200436,27,4188,328,3683
1719,200537,29,4191,333,3680
1720,200642,30,4190,333,3679
1721,200760,28,4192,333,3681
1722,200865,28,4194,333,3682
1723,201065,28,4187,326,3692
1724,201185,32,4190,327,3694
1725,201307,39,4195,326,3707
1726,201416,28,4195,317,3723
1727,201528,28,4195,317,3723
1728,201646,28,4195,317,3723
1729,201765,29,4192,300,3741
1730,201865,28,4187,301,3735
1731,201978,28,4191,305,3736
1732,202089,30,4191,301,3745
1733,202198,28,4193,299,3755
1734,202435,168,4207,302,3767
1735,202540,28,4213,304,3775
1736,202625,28,4221,311,3773
1737,202729,29,4220,302,3782
1738,202841,29,4229,304,3791
1739,202953,29,4227,304,3789
1740,203059,30,4229,307,3788
1741,203163,29,4234,312,3787
1742,203271,29,4234,314,3785
1743,203385,29,4234,314,3785
1744,203497,39,4234,314,3786
1745,203626,33,4234,312,3788
1746,203744,30,4235,312,3789
1747,203960,134,4235,311,3792
1748,204057,29,4238,314,3789
1749,204163,29,4241,316,3790
1750,204271,30,4251,323,3791
1751,204376,29,4251,325,3789
1752,204477,28,4251,325,3789
1753,204588,32,4248,325,3786
1754,204698,27,4245,323,3786
1755,204814,29,4245,325,3783
1756,204905,28,4250,330,3783
1757,205007,30,4259,339,3783
1758,205110,29,4258,332,3789
1759,205214,28,4259,320,3801
1760,205422,28,4262,302,3818
1761,205506,29,4266,307,3813
1762,205605,29,4269,309,3814
1763,205708,35,4267,305,3818
1764,205816,32,4259,301,3816
1765,205931,29,4259,301,3816
1766,206033,29,4263,303,3819
1767,206141,30,4263,296,3823
1768,206250,28,4260,296,3820
1769,206349,28,4275,310,3817
1770,206452,29,4273,307,3821
1771,206578,30,4272,297,3833
1772,206806,157,4279,305,3830
1773,206909,30,4289,313,3835
1774,207049,32,4289,313,3835
1775,207165,28,4297,321,3835
1776,207272,29,4298,323,3832
1777,207382,31,4297,323,3831
1778,207479,30,4297,321,3833
1779,207571,28,4311,335,3827
1780,207687,43,4311,332,3830
1781,207793,31,4307,332,3826
1782,207913,28,4307,332,3826
1783,208022,31,4308,335,3824
1784,208260,153,4308,335,3824
1785,208388,30,4308,331,3826
1786,208501,29,4303,313,3842
1787,208596,28,4313,322,3842
1788,208707,38,4316,329,3838
1789,208833,28,4314,329,3836
1790,208924,30,4314,329,3836
1791,209024,29,4316,331,3836
1792,209126,30,4325,335,3834
1793,209232,29,4325,336,3832
1794,209342,29,4327,338,3828
1795,209442,30,4336,347,3826
1796,209687,30,4330,347,3820
1797,209798,28,4328,347,3818
1798,209900,30,4330,348,3818
1799,210000,29,4332,350,3817
1800,210100,29,4342,360,3817
1801,210194,32,4354,372,3810
1802,210302,30,4361,380,3807
1803,210402,29,4363,382,3805
1804,210525,31,4372,391,3805
1805,210625,33,4380,401,3801
1806,210729,30,4380,401,3801
1807,210972,155,4380,401,3801
1808,211084,31,4381,402,3799
1809,211184,30,4381,402,3799
1810,211293,29,4386,402,3800
1811,211396,31,4389,396,3807
1812,211497,28,4389,396,3807
1813,211608,29,4389,396,3807
1814,211736,32,4395,400,3807
1815,211846,40,4403,407,3809
1816,211949,30,4407,406,3812
1817,212046,30,4409,406,3814
1818,212277,148,4406,401,3818
1819,212380,29,4406,398,3820
1820,212495,29,4405,398,3819
1821,212602,29,4405,398,3818
1822,212717,36,4411,402,3820
1823,212821,30,4412,403,3820
1824,212926,29,4411,402,3822
1825,213016,30,4418,401,3830
1826,213120,29,4419,402,3830
1827,213225,42,4433,415,3829
1828,213323,30,4434,416,3828
1829,213550,152,4432,416,3826
1830,213656,28,4432,415,3829
1831,213748,29,4433,416,3829
1832,213853,30,4433,413,3834
1833,213992,32,4434,410,3841
1834,214082,30,4434,411,3839
1835,214197,30,4434,409,3839
1836,214311,29,4435,410,3837
1837,214404,28,4438,413,3837
1838,214506,30,4449,424,3835
1839,214619,32,4451,423,3838
1840,214868,170,4456,428,3838
1841,214973,38,4460,432,3839
1842,215084,40,4460,432,3839
1843,215186,33,4471,443,3837
1844,215296,31,4470,443,3836
1845,215396,30,4468,443,3834
1846,215499,33,4470,451,3824
1847,215608,30,4477,458,3820
1848,215709,30,4477,458,3820
1849,215823,31,4484,465,3821
1850,215923,29,4492,471,3824
1851,216208,189,4492,466,3830
1852,216316,30,4511,483,3830
1853,216448,29,4523,488,3831
1854,216550,33,4527,483,3841
1855,216653,32,4530,482,3847
1856,216760,31,4534,486,3847
1857,216862,31,4532,486,3845
1858,216965,35,4530,486,3843
1859,217080,31,4531,487,3842
1860,217195,40,4530,487,3841
1861,217292,30,4530,487,3841
1862,217524,30,4532,487,3845
1863,217635,32,4532,485,3843
1864,217739,37,4534,480,3845
1865,217847,30,4530,479,3842
1866,217947,32,4532,481,3841
1867,218063,29,4541,490,3840
1868,218149,33,4544,492,3841
1869,218257,32,4545,492,3845
1870,218364,32,4551,496,3847
1871,218461,32,4551,493,3853
1872,218679,150,4570,512,3853
1873,218797,31,4569,512,3852
1874,218911,29,4570,511,3852
1875,219000,29,4570,519,3843
1876,219118,30,4572,521,3843
1877,219227,38,4581,529,3845
1878,219323,31,4581,529,3845
1879,219432,32,4577,530,3840
1880,219531,33,4591,536,3845
1881,219628,31,4583,536,3837
1882,219751,31,4584,536,3837
1883,219995,39,4585,522,3850
1884,220183,44,4591,524,3855
1885,220346,30,4589,512,3865
1886,220445,32,4599,522,3860
1887,220549,30,4598,519,3864
1888,220648,31,4604,524,3861
1889,220749,33,4601,524,3858
1890,220862,30,4602,525,3858
1891,220974,33,4603,514,3872
1892,221079,34,4605,518,3870
1893,221318,164,4607,509,3881
1894,221430,31,4614,511,3889
1895,221544,31,4614,502,3899
1896,221642,30,4616,504,3896
1897,221744,33,4617,504,3891
1898,221863,32,4618,501,3897
1899,221969,32,4618,501,3897
1900,222074,33,4620,503,3897
1901,222200,34,4619,501,3897
1902,222306,33,4620,506,3893
1903,222412,31,4619,500,3900
1904,222651,30,4623,497,3907
1905,222762,31,4639,505,3916
1906,222870,31,4650,513,3919
1907,222976,32,4650,507,3925
1908,223085,32,4651,508,3922
1909,223203,43,4645,508,3916
1910,223299,31,4650,514,3914
1911,223397,33,4651,506,3925
1912,223489,31,4651,508,3923
1913,223613,31,4646,507,3920
1914,223862,176,4646,507,3920
1915,223982,33,4650,511,3918
1916,224095,33,4648,511,3916
1917,224199,31,4656,519,3915
1918,224314,33,4656,519,3915
1919,224416,32,4663,524,3922
1920,224519,34,4667,528,3919
1921,224624,32,4670,524,3924
1922,224712,31,4673,527,3925
1923,224818,32,4690,523,3942
1924,224933,33,4685,510,3954
1925,225168,157,4686,472,4000
1926,225291,42,4682,457,4014
1927,225415,34,4680,445,4024
1928,225520,34,4673,434,4036
1929,225610,32,4661,428,4031
1930,225727,33,4661,427,4032
1931,225833,33,4666,426,4040
1932,225936,32,4675,421,4058
1933,226045,32,4669,412,4058
1934,226141,32,4662,407,4059
1935,226246,32,4663,413,4052
1936,226509,43,4674,404,4077
1937,226626,31,4672,385,4098
1938,226744,36,4672,377,4107
1939,226850,31,4669,374,4107
1940,226955,33,4638,363,4088
1941,227096,32,4637,351,4099
1942,227190,32,4633,344,4104
1943,227313,39,4629,329,4121
1944,227426,31,4629,329,4121
1945,227534,31,4636,327,4133
1946,227664,41,4633,328,4132
1947,227979,259,4626,317,4147
1948,228177,32,4633,318,4158
1949,228301,33,4637,317,4164
1950,228408,33,4643,321,4167
1951,228509,31,4653,329,4167
1952,228600,30,4648,335,4153
1953,228704,32,4635,327,4150
1954,228802,29,4639,331,4148
1955,228919,33,4638,336,4138
1956,229019,33,4640,331,4145
1957,229126,32,4642,332,4146
1958,231425,2209,4632,317,4158
1959,231538,30,4630,251,4240
1960,231647,32,4634,249,4245
1961,231760,32,4631,249,4242
1962,231875,32,4637,255,4240
1963,231990,32,4639,256,4240
1964,232099,32,4639,254,4240
1965,232217,32,4649,258,4245
1966,232328,32,4654,253,4260
1967,232433,30,4664,263,4258
1968,232568,30,4665,263,4259
1969,232686,32,4662,266,4253
1970,232845,65,4662,244,4280
1971,232954,33,4665,252,4275
1972,233057,32,4671,257,4276
1973,233175,30,4672,255,4278
1974,233297,33,4671,253,4282
1975,233412,32,4672,252,4285
1976,233516,29,4672,250,4285
1977,233628,32,4673,250,4283
1978,233738,31,4672,245,4287
1979,233842,32,4673,246,4287
1980,233938,31,4675,248,4287
1981,234041,32,4675,246,4287
1982,234219,100,4672,238,4292
1983,234335,34,4670,238,4290
1984,234437,31,4668,238,4288
1985,234538,29,4678,248,4288
1986,234651,29,4670,249,4274
1987,234782,31,4669,246,4278
1988,234890,32,4669,240,4286
1989,234990,31,4671,241,4286
1990,235093,31,4672,235,4287
1991,235219,33,4672,235,4287
1992,235315,31,4681,242,4290
1993,235477,34,4683,245,4284
1994,235594,34,4691,249,4284
1995,235708,32,4689,248,4282
1996,235818,31,4701,259,4278
1997,235928,34,4702,259,4279
1998,236031,32,4703,260,4279
1999,236137,30,4706,256,4286
2000,236249,30,4706,243,4302
2001,236350,30,4706,244,4301
2002,236448,31,4706,244,4301
2003,236619,93,4708,246,4301
2004,236731,32,4714,245,4310
2005,236839,30,4715,245,4311
2006,236948,32,4715,245,4311
2007,237061,31,4717,247,4307
2008,237168,32,4719,246,4312
2009,237285,36,4717,247,4308
2010,237383,31,4718,243,4314
2011,237504,32,4718,238,4324
2012,237617,34,4711,230,4325
2013,237807,101,4711,228,4327
2014,237920,31,4717,232,4329
2015,238017,32,4728,243,4323
2016,238128,31,4728,239,4329
2017,238238,31,4732,235,4339
