tick,timestamp,query_runtime,trav_index_nodes,trav_vol_nodes,trav_unprod_nodes
0,571,3.0,6.0,6.0,0.0
1,807,1.0,29.0,29.0,0.0
2,1035,1.0,48.0,48.0,0.0
3,1363,2.0,68.0,68.0,0.0
4,1553,1.0,76.0,76.0,0.0
5,1814,10.0,80.0,80.0,0.0
6,2060,3.0,86.0,86.0,0.0
7,2356,2.0,91.0,91.0,0.0
8,2537,2.0,97.0,97.0,0.0
9,2738,2.0,100.0,100.0,0.0
10,2907,1.0,105.0,105.0,0.0
11,3146,2.0,113.0,113.0,0.0
12,3348,1.0,125.0,125.0,0.0
13,3520,1.0,131.0,131.0,0.0
14,3645,2.0,149.0,149.0,0.0
15,3828,2.0,155.0,155.0,0.0
16,4021,12.0,162.0,162.0,0.0
17,4293,3.0,164.0,164.0,0.0
18,4539,2.0,180.0,180.0,0.0
19,4745,2.0,185.0,185.0,0.0
20,5034,3.0,190.0,190.0,0.0
21,5170,2.0,205.0,205.0,0.0
22,5306,2.0,223.0,223.0,0.0
23,5417,1.0,225.0,225.0,0.0
24,5539,1.0,242.0,242.0,0.0
25,5661,2.0,248.0,248.0,0.0
26,5809,2.0,263.0,263.0,0.0
27,5938,2.0,284.0,284.0,0.0
28,6058,5.0,289.0,289.0,0.0
29,6347,3.0,294.0,294.0,0.0
30,6449,3.0,301.0,301.0,0.0
31,6599,1.0,303.0,303.0,0.0
32,6690,1.0,309.0,309.0,0.0
33,6824,2.0,313.0,313.0,0.0
34,6986,1.0,328.0,328.0,0.0
35,7084,2.0,333.0,333.0,0.0
36,7183,2.0,353.0,353.0,0.0
37,7260,3.0,359.0,359.0,0.0
38,7379,23.0,367.0,367.0,0.0
39,7495,3.0,373.0,373.0,0.0
40,7653,3.0,398.0,398.0,0.0
41,7869,14.0,401.0,401.0,0.0
42,8046,11.0,411.0,411.0,0.0
43,8239,12.0,417.0,417.0,0.0
44,8420,12.0,430.0,430.0,0.0
45,8624,21.0,435.0,435.0,0.0
46,8804,3.0,443.0,443.0,0.0
47,9027,13.0,462.0,462.0,0.0
48,9395,2.0,484.0,484.0,0.0
49,9500,3.0,492.0,492.0,0.0
50,9600,2.0,514.0,514.0,0.0
51,9707,3.0,524.0,524.0,0.0
52,9829,3.0,538.0,538.0,0.0
53,9938,3.0,540.0,540.0,0.0
54,10066,3.0,553.0,553.0,0.0
55,10146,3.0,566.0,566.0,0.0
56,10272,3.0,570.0,570.0,0.0
57,10376,3.0,578.0,578.0,0.0
58,10477,3.0,591.0,591.0,0.0
59,10572,3.0,602.0,602.0,0.0
60,10680,3.0,607.0,607.0,0.0
61,10771,3.0,612.0,612.0,0.0
62,10856,5.0,624.0,624.0,0.0
63,10949,4.0,634.0,634.0,0.0
64,11040,4.0,639.0,639.0,0.0
65,11150,3.0,655.0,655.0,0.0
66,11708,3.0,657.0,657.0,0.0
67,11789,4.0,659.0,659.0,0.0
68,11897,3.0,664.0,664.0,0.0
69,12008,4.0,672.0,672.0,0.0
70,12093,4.0,679.0,679.0,0.0
71,12191,3.0,683.0,683.0,0.0
72,12275,3.0,702.0,702.0,0.0
73,12395,4.0,710.0,710.0,0.0
74,12502,4.0,714.0,714.0,0.0
75,12591,4.0,735.0,735.0,0.0
76,12693,4.0,747.0,747.0,0.0
77,12813,5.0,751.0,751.0,0.0
78,12920,4.0,762.0,762.0,0.0
79,13024,5.0,770.0,770.0,0.0
80,13108,4.0,784.0,784.0,0.0
81,13207,4.0,791.0,791.0,0.0
82,13308,4.0,798.0,798.0,0.0
83,13397,5.0,808.0,808.0,0.0
84,13486,4.0,825.0,825.0,0.0
85,13608,5.0,833.0,833.0,0.0
86,13733,6.0,838.0,838.0,0.0
87,13839,7.0,840.0,840.0,0.0
88,13929,6.0,852.0,852.0,0.0
89,14051,6.0,859.0,859.0,0.0
90,14178,6.0,859.0,859.0,0.0
91,14281,6.0,864.0,864.0,0.0
92,14385,6.0,896.0,896.0,0.0
93,14471,6.0,898.0,898.0,0.0
94,14651,4.0,905.0,905.0,0.0
95,14722,5.0,909.0,909.0,0.0
96,14808,5.0,912.0,912.0,0.0
97,14907,4.0,926.0,926.0,0.0
98,14994,4.0,928.0,928.0,0.0
99,15084,5.0,934.0,934.0,0.0
100,15184,8.0,951.0,912.0,23.0
101,15287,7.0,953.0,896.0,35.0
102,15385,5.0,955.0,874.0,46.0
103,15459,6.0,949.0,877.0,37.0
104,15539,6.0,964.0,892.0,37.0
105,15652,6.0,971.0,872.0,49.0
106,15740,5.0,976.0,850.0,66.0
107,15856,9.0,978.0,826.0,83.0
108,15979,6.0,967.0,791.0,88.0
109,16080,6.0,973.0,778.0,104.0
110,16168,5.0,979.0,784.0,104.0
111,16251,5.0,978.0,791.0,93.0
112,16345,8.0,1003.0,802.0,98.0
113,16433,11.0,1010.0,792.0,111.0
114,16518,6.0,1000.0,780.0,112.0
115,16613,7.0,1003.0,775.0,113.0
116,16726,6.0,1007.0,760.0,124.0
117,16826,6.0,1012.0,754.0,127.0
118,16928,8.0,1042.0,777.0,128.0
119,17034,6.0,1037.0,767.0,126.0
120,17158,14.0,1041.0,766.0,124.0
121,17902,7.0,1048.0,650.0,219.0
122,18001,6.0,1059.0,656.0,225.0
123,18106,6.0,1070.0,648.0,236.0
124,18193,5.0,1071.0,633.0,249.0
125,18291,6.0,1064.0,600.0,270.0
126,18397,5.0,1078.0,594.0,291.0
127,18504,5.0,1057.0,577.0,280.0
128,18594,6.0,1075.0,570.0,304.0
129,18693,5.0,1071.0,562.0,308.0
130,18799,6.0,1070.0,562.0,303.0
131,18922,7.0,1076.0,564.0,306.0
132,19030,7.0,1065.0,557.0,288.0
133,19128,7.0,1076.0,560.0,291.0
134,19231,5.0,1074.0,558.0,288.0
135,19311,5.0,1082.0,566.0,286.0
136,19414,7.0,1086.0,567.0,287.0
137,19507,7.0,1089.0,563.0,297.0
138,19609,6.0,1100.0,562.0,297.0
139,19693,6.0,1091.0,562.0,286.0
140,19792,6.0,1083.0,549.0,289.0
141,19884,6.0,1093.0,559.0,287.0
142,19972,6.0,1096.0,552.0,296.0
143,20077,6.0,1087.0,541.0,286.0
144,20173,7.0,1107.0,551.0,289.0
145,20286,9.0,1119.0,555.0,294.0
146,20384,6.0,1120.0,528.0,323.0
147,20504,7.0,1137.0,535.0,325.0
148,20620,6.0,1129.0,513.0,342.0
149,20729,7.0,1131.0,496.0,348.0
150,20835,14.0,1138.0,499.0,351.0
151,20989,20.0,1142.0,480.0,377.0
152,21145,18.0,1115.0,470.0,357.0
153,21317,22.0,1117.0,471.0,358.0
154,21502,19.0,1115.0,450.0,377.0
155,21667,21.0,1108.0,432.0,387.0
156,21828,21.0,1116.0,420.0,398.0
157,21996,25.0,1105.0,416.0,394.0
158,22161,18.0,1106.0,399.0,416.0
159,22318,23.0,1119.0,404.0,425.0
160,22493,22.0,1142.0,414.0,435.0
161,22773,6.0,1143.0,413.0,444.0
162,22866,5.0,1168.0,434.0,440.0
163,22968,7.0,1180.0,446.0,440.0
164,23065,6.0,1155.0,434.0,430.0
165,23147,6.0,1168.0,440.0,437.0
166,23237,6.0,1182.0,442.0,444.0
167,23309,6.0,1185.0,443.0,442.0
168,23403,6.0,1201.0,452.0,453.0
169,23490,6.0,1203.0,454.0,449.0
170,23590,6.0,1208.0,458.0,448.0
171,23686,7.0,1196.0,448.0,440.0
172,23764,6.0,1199.0,460.0,430.0
173,23859,7.0,1202.0,468.0,421.0
174,23943,6.0,1198.0,462.0,421.0
175,24041,6.0,1204.0,457.0,430.0
176,24126,7.0,1214.0,462.0,432.0
177,24208,6.0,1219.0,468.0,430.0
178,24291,6.0,1223.0,476.0,425.0
179,24362,8.0,1221.0,483.0,418.0
180,24440,7.0,1215.0,472.0,429.0
181,24521,6.0,1213.0,483.0,417.0
182,24610,7.0,1224.0,477.0,445.0
183,24711,7.0,1229.0,474.0,449.0
184,24806,7.0,1230.0,466.0,456.0
185,24901,8.0,1243.0,470.0,476.0
186,24984,8.0,1258.0,479.0,476.0
187,25108,7.0,1263.0,464.0,498.0
188,25218,7.0,1255.0,453.0,500.0
189,25327,7.0,1254.0,441.0,514.0
190,25419,8.0,1219.0,432.0,494.0
191,25512,7.0,1207.0,429.0,485.0
192,25610,6.0,1196.0,425.0,477.0
193,25700,7.0,1212.0,439.0,474.0
194,25798,7.0,1216.0,419.0,505.0
195,25886,8.0,1229.0,429.0,507.0
196,25976,7.0,1218.0,430.0,490.0
197,26049,7.0,1231.0,442.0,493.0
198,26129,7.0,1247.0,458.0,490.0
199,26211,7.0,1236.0,454.0,488.0
200,26309,7.0,1260.0,478.0,488.0
201,26387,8.0,1258.0,487.0,477.0
202,27469,6.0,1244.0,433.0,534.0
203,27552,6.0,1235.0,433.0,526.0
204,27647,7.0,1237.0,427.0,534.0
205,27727,6.0,1249.0,435.0,538.0
206,27815,8.0,1244.0,433.0,534.0
207,27889,7.0,1247.0,424.0,551.0
208,27977,7.0,1269.0,445.0,550.0
209,28075,10.0,1271.0,445.0,549.0
210,28175,9.0,1280.0,450.0,556.0
211,28281,7.0,1263.0,436.0,556.0
212,28380,7.0,1254.0,434.0,549.0
213,28480,6.0,1241.0,410.0,562.0
214,28562,6.0,1255.0,418.0,568.0
215,28659,6.0,1256.0,419.0,566.0
216,28769,6.0,1270.0,429.0,570.0
217,28865,6.0,1257.0,430.0,556.0
218,28937,7.0,1251.0,432.0,547.0
219,29038,6.0,1251.0,425.0,552.0
220,29123,6.0,1261.0,427.0,566.0
221,29213,7.0,1265.0,424.0,583.0
222,29295,7.0,1276.0,433.0,582.0
223,29385,7.0,1268.0,436.0,567.0
224,29488,8.0,1256.0,428.0,566.0
225,29579,7.0,1256.0,430.0,560.0
226,29683,7.0,1259.0,435.0,555.0
227,29773,8.0,1265.0,439.0,555.0
228,29859,7.0,1261.0,434.0,558.0
229,29960,7.0,1255.0,423.0,564.0
230,30090,7.0,1258.0,421.0,572.0
231,30189,7.0,1262.0,421.0,571.0
232,30299,7.0,1264.0,416.0,585.0
233,30407,8.0,1274.0,415.0,597.0
234,30523,7.0,1278.0,413.0,605.0
235,30621,8.0,1286.0,407.0,621.0
236,30710,7.0,1307.0,416.0,636.0
237,30804,8.0,1311.0,406.0,661.0
238,30908,7.0,1311.0,394.0,676.0
239,31025,10.0,1319.0,402.0,671.0
240,31151,10.0,1320.0,399.0,674.0
241,31249,8.0,1324.0,402.0,672.0
242,31447,7.0,1325.0,397.0,687.0
243,31533,7.0,1331.0,401.0,686.0
244,31622,7.0,1336.0,392.0,699.0
245,31723,6.0,1334.0,375.0,721.0
246,31819,7.0,1338.0,371.0,725.0
247,31914,7.0,1338.0,369.0,729.0
248,31991,6.0,1339.0,357.0,742.0
249,32083,7.0,1351.0,366.0,736.0
250,32163,7.0,1364.0,374.0,744.0
251,32262,7.0,1363.0,374.0,743.0
252,32365,7.0,1370.0,381.0,739.0
253,32479,7.0,1380.0,391.0,738.0
254,32594,7.0,1376.0,391.0,734.0
255,32699,11.0,1376.0,395.0,729.0
256,32797,7.0,1384.0,406.0,726.0
257,32878,8.0,1389.0,410.0,724.0
258,32966,7.0,1391.0,412.0,724.0
259,33061,8.0,1409.0,422.0,727.0
260,33145,7.0,1408.0,419.0,726.0
261,33227,7.0,1415.0,422.0,730.0
262,33321,7.0,1418.0,430.0,716.0
263,33419,8.0,1418.0,419.0,730.0
264,33514,8.0,1420.0,420.0,731.0
265,33619,8.0,1422.0,420.0,733.0
266,33746,7.0,1425.0,428.0,728.0
267,33857,8.0,1440.0,431.0,741.0
268,33955,8.0,1444.0,429.0,746.0
269,34051,8.0,1455.0,435.0,751.0
270,34158,8.0,1459.0,438.0,752.0
271,34256,8.0,1460.0,438.0,753.0
272,34356,8.0,1454.0,439.0,749.0
273,34452,7.0,1457.0,441.0,748.0
274,34553,8.0,1464.0,446.0,745.0
275,34644,8.0,1468.0,455.0,739.0
276,34752,8.0,1468.0,452.0,744.0
277,34869,12.0,1473.0,453.0,752.0
278,34990,8.0,1475.0,440.0,762.0
279,35075,7.0,1474.0,429.0,774.0
280,35170,8.0,1481.0,433.0,770.0
281,35273,8.0,1483.0,432.0,773.0
282,35475,8.0,1491.0,432.0,780.0
283,35566,9.0,1487.0,429.0,773.0
284,35654,8.0,1492.0,431.0,772.0
285,35762,8.0,1499.0,423.0,779.0
286,35846,8.0,1510.0,433.0,779.0
287,35937,7.0,1518.0,442.0,773.0
288,36049,8.0,1537.0,459.0,774.0
289,36179,7.0,1552.0,451.0,800.0
290,36264,8.0,1547.0,440.0,804.0
291,36361,7.0,1566.0,456.0,800.0
292,36457,8.0,1574.0,464.0,798.0
293,36530,7.0,1578.0,467.0,794.0
294,36623,8.0,1591.0,467.0,810.0
295,36746,12.0,1595.0,468.0,814.0
296,36841,9.0,1618.0,491.0,811.0
297,36943,13.0,1624.0,494.0,814.0
298,37026,9.0,1635.0,504.0,813.0
299,37118,10.0,1642.0,512.0,806.0
300,37218,8.0,1646.0,515.0,807.0
301,37311,8.0,1642.0,516.0,800.0
302,37398,10.0,1641.0,518.0,793.0
303,37489,10.0,1640.0,516.0,792.0
304,37587,8.0,1654.0,520.0,803.0
305,37678,10.0,1665.0,531.0,799.0
306,37765,8.0,1668.0,533.0,803.0
307,37885,9.0,1664.0,527.0,808.0
308,37980,8.0,1664.0,527.0,810.0
309,38059,9.0,1685.0,540.0,826.0
310,38137,9.0,1690.0,545.0,824.0
311,38235,11.0,1695.0,532.0,846.0
312,38331,10.0,1698.0,519.0,868.0
313,38445,9.0,1713.0,522.0,872.0
314,38543,9.0,1719.0,514.0,885.0
315,38650,9.0,1720.0,519.0,879.0
316,38728,10.0,1725.0,511.0,892.0
317,38816,9.0,1726.0,514.0,888.0
318,38912,9.0,1723.0,511.0,888.0
319,39005,9.0,1726.0,513.0,888.0
320,40406,9.0,1727.0,429.0,983.0
321,40483,8.0,1733.0,435.0,985.0
322,40562,9.0,1738.0,439.0,987.0
323,40675,9.0,1752.0,450.0,985.0
324,40768,9.0,1755.0,457.0,980.0
325,40862,12.0,1750.0,452.0,979.0
326,41000,10.0,1749.0,451.0,980.0
327,41092,10.0,1755.0,457.0,980.0
328,41197,12.0,1766.0,465.0,987.0
329,41299,11.0,1770.0,466.0,988.0
330,41392,9.0,1765.0,467.0,981.0
331,41484,11.0,1764.0,468.0,977.0
332,41582,15.0,1774.0,478.0,977.0
333,41704,9.0,1774.0,479.0,974.0
334,41810,8.0,1778.0,484.0,971.0
335,41897,9.0,1793.0,505.0,944.0
336,41995,9.0,1797.0,509.0,939.0
337,42075,9.0,1815.0,526.0,933.0
338,42167,9.0,1819.0,530.0,931.0
339,42250,9.0,1819.0,531.0,929.0
340,42331,10.0,1830.0,543.0,927.0
341,42424,9.0,1840.0,553.0,925.0
342,42511,10.0,1850.0,555.0,929.0
343,42607,9.0,1858.0,561.0,929.0
344,42700,10.0,1864.0,570.0,920.0
345,42803,11.0,1870.0,564.0,939.0
346,42885,12.0,1888.0,583.0,935.0
347,42999,10.0,1894.0,581.0,947.0
348,43085,11.0,1905.0,591.0,948.0
349,43170,11.0,1911.0,595.0,943.0
350,43254,11.0,1913.0,594.0,943.0
351,43345,12.0,1913.0,593.0,943.0
352,43426,11.0,1921.0,598.0,948.0
353,43516,11.0,1922.0,595.0,955.0
354,43617,10.0,1932.0,602.0,952.0
355,43710,9.0,1940.0,611.0,953.0
356,43795,11.0,1948.0,618.0,955.0
357,43908,11.0,1950.0,619.0,957.0
358,44160,12.0,1967.0,621.0,972.0
359,44293,10.0,1973.0,619.0,977.0
360,44375,12.0,1977.0,623.0,972.0
361,44449,9.0,1980.0,625.0,972.0
362,44555,9.0,1976.0,617.0,968.0
363,44652,9.0,1983.0,621.0,971.0
364,44736,11.0,1993.0,630.0,967.0
365,44830,10.0,2006.0,639.0,965.0
366,44921,10.0,2008.0,636.0,972.0
367,45006,10.0,2016.0,635.0,983.0
368,45105,11.0,2016.0,599.0,1022.0
369,45187,9.0,1993.0,584.0,1035.0
370,45262,9.0,1989.0,580.0,1045.0
371,45359,11.0,1982.0,544.0,1080.0
372,45467,10.0,1982.0,537.0,1084.0
373,45572,10.0,1981.0,523.0,1105.0
374,45669,11.0,1983.0,528.0,1100.0
375,45765,10.0,1970.0,530.0,1084.0
376,45864,12.0,1977.0,532.0,1086.0
377,45953,11.0,1995.0,551.0,1086.0
378,46052,12.0,1985.0,533.0,1100.0
379,46157,10.0,1982.0,520.0,1111.0
380,46254,12.0,1971.0,499.0,1127.0
381,46356,10.0,1982.0,510.0,1124.0
382,46449,11.0,1999.0,498.0,1163.0
383,46558,12.0,1984.0,492.0,1157.0
384,46669,11.0,1985.0,462.0,1193.0
385,46772,12.0,1990.0,461.0,1198.0
386,46877,12.0,1996.0,448.0,1219.0
387,46953,11.0,2006.0,454.0,1228.0
388,47025,13.0,1999.0,446.0,1229.0
389,47096,11.0,2013.0,457.0,1229.0
390,47183,11.0,2003.0,457.0,1217.0
391,47272,14.0,2014.0,469.0,1212.0
392,47371,13.0,2013.0,458.0,1237.0
393,47462,10.0,2033.0,465.0,1240.0
394,47673,10.0,2037.0,453.0,1264.0
395,47764,9.0,2046.0,456.0,1278.0
396,47866,14.0,2020.0,443.0,1271.0
397,47957,10.0,2031.0,445.0,1287.0
398,48067,10.0,2029.0,426.0,1315.0
399,48160,10.0,2040.0,432.0,1319.0
400,48240,11.0,2031.0,432.0,1309.0
401,48333,9.0,2023.0,431.0,1299.0
402,48427,11.0,2035.0,445.0,1295.0
403,48508,10.0,2025.0,410.0,1334.0
404,48588,10.0,2026.0,412.0,1331.0
405,48672,17.0,2023.0,391.0,1352.0
406,48767,11.0,2024.0,393.0,1343.0
407,48870,11.0,2002.0,376.0,1343.0
408,48956,11.0,1999.0,386.0,1323.0
409,49084,16.0,2009.0,392.0,1322.0
410,49187,10.0,2002.0,377.0,1330.0
411,49268,10.0,2004.0,365.0,1355.0
412,49360,12.0,2022.0,375.0,1364.0
413,49464,12.0,2012.0,378.0,1349.0
414,49652,9.0,1992.0,383.0,1323.0
415,49733,10.0,2011.0,393.0,1335.0
416,49812,10.0,2023.0,414.0,1324.0
417,49911,10.0,2028.0,403.0,1337.0
418,50004,11.0,2040.0,387.0,1367.0
419,50094,11.0,2020.0,379.0,1365.0
420,50171,12.0,2030.0,366.0,1391.0
421,50243,10.0,2033.0,363.0,1394.0
422,50334,10.0,2030.0,364.0,1386.0
423,50435,11.0,2043.0,375.0,1383.0
424,50523,11.0,2059.0,379.0,1390.0
425,50604,11.0,2065.0,385.0,1388.0
426,50686,10.0,2053.0,384.0,1378.0
427,50769,10.0,2046.0,374.0,1383.0
428,50853,10.0,2044.0,371.0,1386.0
429,50937,11.0,2041.0,379.0,1365.0
430,52423,1410.0,2008.0,368.0,1356.0
431,52512,9.0,2010.0,299.0,1445.0
432,52593,10.0,2010.0,306.0,1437.0
433,52665,10.0,2001.0,309.0,1421.0
434,52745,9.0,2002.0,301.0,1427.0
435,52857,9.0,2002.0,312.0,1409.0
436,52940,9.0,1999.0,313.0,1404.0
437,53024,11.0,1985.0,312.0,1390.0
438,53127,9.0,1985.0,303.0,1402.0
439,53220,12.0,1982.0,285.0,1420.0
440,53314,9.0,1981.0,280.0,1426.0
441,53404,10.0,2010.0,308.0,1421.0
442,53495,10.0,2024.0,320.0,1422.0
443,53578,11.0,2009.0,320.0,1407.0
444,53674,10.0,2011.0,314.0,1419.0
445,53750,10.0,1992.0,315.0,1393.0
446,53830,10.0,1994.0,318.0,1386.0
447,53927,9.0,1977.0,309.0,1383.0
448,53992,9.0,1987.0,318.0,1383.0
449,54086,10.0,1986.0,318.0,1383.0
450,54165,10.0,1989.0,320.0,1380.0
451,54264,11.0,1986.0,326.0,1369.0
452,54369,12.0,2010.0,350.0,1366.0
453,54514,14.0,2019.0,357.0,1364.0
454,54587,10.0,2003.0,361.0,1342.0
455,54676,11.0,1981.0,361.0,1320.0
456,54771,12.0,1990.0,372.0,1312.0
457,54867,11.0,1993.0,375.0,1310.0
458,54966,11.0,1999.0,394.0,1295.0
459,55056,12.0,2001.0,398.0,1292.0
460,55133,10.0,1992.0,399.0,1279.0
461,55214,11.0,1980.0,399.0,1267.0
462,55300,11.0,1981.0,401.0,1265.0
463,55389,11.0,1985.0,404.0,1261.0
464,55475,11.0,1977.0,414.0,1238.0
465,55548,10.0,1999.0,434.0,1237.0
466,55700,10.0,2008.0,435.0,1247.0
467,55798,10.0,2008.0,435.0,1250.0
468,55877,10.0,2004.0,440.0,1239.0
469,55974,10.0,1996.0,432.0,1240.0
470,56052,9.0,2009.0,435.0,1252.0
471,56140,9.0,1995.0,430.0,1252.0
472,56246,11.0,1998.0,433.0,1247.0
473,56327,9.0,2001.0,437.0,1246.0
474,56407,11.0,1991.0,435.0,1237.0
475,56486,11.0,1991.0,434.0,1239.0
476,56566,11.0,1978.0,427.0,1238.0
477,56651,11.0,1983.0,427.0,1234.0
478,56741,10.0,1990.0,434.0,1237.0
479,56832,10.0,1992.0,429.0,1242.0
480,56920,11.0,1992.0,417.0,1262.0
481,56991,12.0,2006.0,427.0,1268.0
482,57072,12.0,2017.0,435.0,1269.0
483,57161,10.0,2029.0,443.0,1271.0
484,57247,11.0,2049.0,447.0,1284.0
485,57365,13.0,2050.0,435.0,1303.0
486,57450,10.0,2055.0,433.0,1312.0
487,57543,11.0,2068.0,446.0,1315.0
488,57643,13.0,2068.0,435.0,1330.0
489,57738,11.0,2047.0,436.0,1308.0
490,57822,11.0,2050.0,437.0,1304.0
491,57914,10.0,2047.0,439.0,1300.0
492,58011,11.0,2045.0,420.0,1332.0
493,58085,11.0,2047.0,403.0,1358.0
494,58175,11.0,2043.0,411.0,1347.0
495,58280,12.0,2043.0,385.0,1374.0
496,58373,15.0,2043.0,385.0,1374.0
497,58467,11.0,2043.0,375.0,1389.0
498,58560,12.0,2042.0,378.0,1378.0
499,58650,11.0,2040.0,379.0,1374.0
500,58752,11.0,2044.0,377.0,1380.0
501,58916,10.0,2048.0,358.0,1408.0
502,58986,10.0,2060.0,366.0,1410.0
503,59073,11.0,2062.0,379.0,1397.0
504,59157,11.0,2053.0,381.0,1386.0
505,59256,11.0,2076.0,402.0,1389.0
506,59340,11.0,2087.0,411.0,1390.0
507,59428,11.0,2090.0,412.0,1389.0
508,59518,11.0,2095.0,412.0,1395.0
509,59595,11.0,2084.0,412.0,1388.0
510,59683,11.0,2077.0,416.0,1377.0
511,59780,12.0,2083.0,419.0,1380.0
512,59906,10.0,2109.0,441.0,1379.0
513,59994,13.0,2131.0,462.0,1372.0
514,60112,9.0,2125.0,451.0,1381.0
515,60214,13.0,2135.0,448.0,1404.0
516,60316,12.0,2136.0,445.0,1406.0
517,60425,10.0,2138.0,436.0,1409.0
518,60523,11.0,2148.0,444.0,1410.0
519,60623,12.0,2158.0,436.0,1426.0
520,60731,11.0,2161.0,438.0,1427.0
521,60831,12.0,2170.0,435.0,1439.0
522,60936,11.0,2183.0,426.0,1460.0
523,61056,12.0,2186.0,430.0,1457.0
524,61175,11.0,2184.0,418.0,1473.0
525,61258,11.0,2182.0,411.0,1484.0
526,61341,13.0,2192.0,413.0,1485.0
527,61436,11.0,2192.0,415.0,1481.0
528,61527,12.0,2190.0,416.0,1478.0
529,61607,12.0,2198.0,423.0,1481.0
530,61685,12.0,2231.0,455.0,1480.0
531,61775,14.0,2234.0,450.0,1494.0
532,61887,13.0,2244.0,462.0,1484.0
533,61987,13.0,2246.0,455.0,1495.0
534,62077,12.0,2249.0,438.0,1519.0
535,62174,11.0,2256.0,431.0,1521.0
536,62392,16.0,2256.0,409.0,1546.0
537,62507,17.0,2263.0,408.0,1552.0
538,62596,12.0,2267.0,407.0,1559.0
539,62679,11.0,2266.0,407.0,1558.0
540,62766,12.0,2276.0,404.0,1565.0
541,62868,11.0,2265.0,404.0,1557.0
542,62957,11.0,2262.0,398.0,1561.0
543,63063,12.0,2271.0,408.0,1550.0
544,63151,11.0,2272.0,411.0,1545.0
545,63288,10.0,2272.0,398.0,1555.0
546,63381,11.0,2289.0,415.0,1556.0
547,63486,11.0,2291.0,403.0,1574.0
548,63581,14.0,2291.0,405.0,1570.0
549,63743,14.0,2295.0,398.0,1586.0
550,63841,12.0,2298.0,398.0,1585.0
551,63947,12.0,2298.0,393.0,1593.0
552,64051,13.0,2296.0,396.0,1586.0
553,64151,12.0,2296.0,399.0,1581.0
554,64241,11.0,2309.0,412.0,1578.0
555,64324,12.0,2321.0,426.0,1580.0
556,64432,14.0,2326.0,418.0,1597.0
557,64520,13.0,2337.0,430.0,1593.0
558,64620,14.0,2338.0,424.0,1600.0
559,64712,12.0,2337.0,425.0,1594.0
560,64812,13.0,2344.0,424.0,1599.0
561,64906,13.0,2363.0,440.0,1597.0
562,65000,13.0,2370.0,433.0,1609.0
563,65076,13.0,2389.0,447.0,1603.0
564,65165,13.0,2388.0,415.0,1632.0
565,65261,13.0,2394.0,417.0,1635.0
566,65360,17.0,2394.0,416.0,1637.0
567,65470,14.0,2395.0,404.0,1646.0
568,65558,15.0,2401.0,408.0,1644.0
569,65796,12.0,2404.0,405.0,1660.0
570,65897,11.0,2410.0,412.0,1648.0
571,66007,13.0,2412.0,408.0,1649.0
572,66109,13.0,2409.0,416.0,1638.0
573,66206,12.0,2426.0,435.0,1629.0
574,66314,14.0,2424.0,436.0,1625.0
575,66387,12.0,2435.0,447.0,1620.0
576,66477,12.0,2438.0,451.0,1616.0
577,66575,17.0,2437.0,455.0,1608.0
578,66657,12.0,2436.0,456.0,1604.0
579,66740,13.0,2447.0,468.0,1600.0
580,66824,13.0,2452.0,474.0,1597.0
581,66926,14.0,2454.0,476.0,1597.0
582,67008,15.0,2476.0,498.0,1588.0
583,67109,13.0,2476.0,500.0,1585.0
584,67223,12.0,2487.0,512.0,1584.0
585,67343,13.0,2485.0,512.0,1582.0
586,67440,14.0,2485.0,514.0,1580.0
587,67529,13.0,2504.0,530.0,1580.0
588,67626,13.0,2506.0,519.0,1595.0
589,67727,14.0,2504.0,519.0,1592.0
590,67839,13.0,2511.0,520.0,1605.0
591,67930,14.0,2521.0,528.0,1608.0
592,68028,13.0,2532.0,536.0,1615.0
593,68148,19.0,2533.0,536.0,1620.0
594,68263,15.0,2544.0,540.0,1628.0
595,68359,13.0,2548.0,541.0,1637.0
596,68485,15.0,2552.0,534.0,1646.0
597,70067,12.0,2552.0,498.0,1710.0
598,70159,14.0,2558.0,489.0,1719.0
599,70260,12.0,2557.0,490.0,1717.0
600,70350,13.0,2558.0,487.0,1723.0
601,70426,13.0,2558.0,489.0,1719.0
602,70503,13.0,2578.0,501.0,1725.0
603,70602,13.0,2584.0,491.0,1742.0
604,70701,13.0,2583.0,490.0,1740.0
605,70777,13.0,2583.0,490.0,1740.0
606,70865,13.0,2595.0,498.0,1734.0
607,70956,12.0,2592.0,494.0,1737.0
608,71050,13.0,2604.0,505.0,1736.0
609,71162,13.0,2606.0,506.0,1737.0
610,71261,16.0,2606.0,500.0,1741.0
611,71335,13.0,2606.0,499.0,1743.0
612,71417,15.0,2617.0,496.0,1754.0
613,71516,15.0,2616.0,489.0,1763.0
614,71604,13.0,2613.0,487.0,1760.0
615,71678,13.0,2631.0,503.0,1754.0
616,71768,14.0,2635.0,502.0,1761.0
617,71853,14.0,2659.0,526.0,1761.0
618,71935,15.0,2665.0,527.0,1766.0
619,72031,15.0,2667.0,528.0,1767.0
620,72129,14.0,2671.0,534.0,1767.0
621,72214,12.0,2668.0,530.0,1769.0
622,72330,15.0,2667.0,527.0,1769.0
623,72427,20.0,2661.0,527.0,1763.0
624,72522,13.0,2658.0,523.0,1768.0
625,72683,74.0,2662.0,522.0,1779.0
626,72765,12.0,2667.0,524.0,1780.0
627,72852,13.0,2665.0,523.0,1779.0
628,72939,13.0,2674.0,529.0,1782.0
629,73011,12.0,2684.0,526.0,1802.0
630,73115,14.0,2681.0,527.0,1798.0
631,73197,12.0,2683.0,528.0,1799.0
632,73303,14.0,2683.0,526.0,1801.0
633,73394,13.0,2692.0,534.0,1795.0
634,73484,12.0,2692.0,526.0,1803.0
635,73591,14.0,2702.0,536.0,1805.0
636,73711,18.0,2687.0,523.0,1807.0
637,73807,14.0,2684.0,522.0,1808.0
638,73890,14.0,2687.0,525.0,1807.0
639,73987,13.0,2685.0,521.0,1807.0
640,74083,15.0,2687.0,522.0,1810.0
641,74170,15.0,2695.0,528.0,1806.0
642,74248,14.0,2699.0,534.0,1807.0
643,74328,13.0,2705.0,543.0,1804.0
644,74414,14.0,2715.0,550.0,1799.0
645,74502,14.0,2719.0,552.0,1801.0
646,74577,15.0,2728.0,561.0,1798.0
647,74679,15.0,2727.0,555.0,1797.0
648,74774,15.0,2726.0,556.0,1794.0
649,74860,15.0,2746.0,574.0,1790.0
650,74960,16.0,2751.0,578.0,1786.0
651,75059,13.0,2755.0,561.0,1823.0
652,75165,14.0,2746.0,537.0,1852.0
653,75263,12.0,2755.0,538.0,1847.0
654,75422,13.0,2765.0,509.0,1908.0
655,75504,13.0,2747.0,482.0,1927.0
656,75592,15.0,2746.0,488.0,1915.0
657,75679,15.0,2752.0,474.0,1944.0
658,75761,14.0,2744.0,487.0,1915.0
659,75853,13.0,2755.0,485.0,1922.0
660,75951,13.0,2754.0,482.0,1921.0
661,76048,21.0,2754.0,475.0,1927.0
662,76163,17.0,2763.0,461.0,1954.0
663,76253,13.0,2768.0,449.0,1967.0
664,76360,13.0,2770.0,428.0,1996.0
665,76453,15.0,2773.0,410.0,2018.0
666,76524,13.0,2727.0,410.0,1972.0
667,76608,14.0,2728.0,411.0,1980.0
668,76692,13.0,2738.0,414.0,1988.0
669,76780,15.0,2752.0,406.0,2024.0
670,76878,14.0,2772.0,409.0,2045.0
671,76961,15.0,2770.0,400.0,2056.0
672,77046,13.0,2777.0,416.0,2038.0
673,77123,16.0,2777.0,426.0,2025.0
674,77227,14.0,2766.0,419.0,2029.0
675,77355,17.0,2773.0,420.0,2036.0
676,77445,14.0,2774.0,429.0,2025.0
677,77527,16.0,2775.0,422.0,2033.0
678,77617,15.0,2768.0,426.0,2016.0
679,77709,14.0,2759.0,412.0,2032.0
680,77803,14.0,2759.0,413.0,2026.0
681,77883,14.0,2766.0,410.0,2029.0
682,78057,96.0,2763.0,404.0,2037.0
683,78152,14.0,2764.0,399.0,2052.0
684,78241,13.0,2769.0,389.0,2064.0
685,78340,14.0,2770.0,395.0,2058.0
686,78436,17.0,2778.0,399.0,2052.0
687,78528,14.0,2779.0,401.0,2052.0
688,78622,16.0,2782.0,407.0,2051.0
689,78705,13.0,2766.0,403.0,2043.0
690,78794,15.0,2765.0,403.0,2033.0
691,78886,15.0,2758.0,407.0,2017.0
692,78968,13.0,2763.0,409.0,2012.0
693,79053,14.0,2770.0,407.0,2023.0
694,79151,13.0,2786.0,420.0,2022.0
695,79249,15.0,2789.0,421.0,2021.0
696,79350,13.0,2787.0,400.0,2047.0
697,79435,15.0,2777.0,402.0,2027.0
698,79524,13.0,2779.0,403.0,2030.0
699,79616,15.0,2779.0,392.0,2050.0
700,79751,15.0,2778.0,393.0,2044.0
701,79854,14.0,2782.0,397.0,2041.0
702,79943,15.0,2771.0,389.0,2039.0
703,80028,14.0,2784.0,403.0,2033.0
704,80121,18.0,2781.0,402.0,2035.0
705,80212,13.0,2782.0,397.0,2042.0
706,80312,13.0,2783.0,395.0,2046.0
707,80410,14.0,2790.0,404.0,2047.0
708,80505,16.0,2800.0,401.0,2061.0
709,80609,14.0,2802.0,402.0,2059.0
710,80686,16.0,2802.0,402.0,2059.0
711,80905,14.0,2795.0,365.0,2109.0
712,80993,14.0,2787.0,374.0,2092.0
713,81078,15.0,2801.0,353.0,2136.0
714,81164,15.0,2796.0,342.0,2141.0
715,81248,13.0,2803.0,339.0,2145.0
716,81335,13.0,2805.0,345.0,2148.0
717,81423,14.0,2818.0,346.0,2156.0
718,81495,14.0,2828.0,346.0,2161.0
719,81582,13.0,2828.0,354.0,2146.0
720,81666,13.0,2829.0,359.0,2141.0
721,81738,15.0,2829.0,345.0,2156.0
722,81826,14.0,2827.0,347.0,2148.0
723,81903,14.0,2827.0,355.0,2141.0
724,81989,14.0,2827.0,361.0,2127.0
725,82063,14.0,2837.0,368.0,2133.0
726,82162,15.0,2825.0,365.0,2131.0
727,82256,14.0,2830.0,364.0,2135.0
728,82344,14.0,2832.0,369.0,2128.0
729,82443,15.0,2822.0,360.0,2130.0
730,82527,14.0,2823.0,349.0,2146.0
731,82632,16.0,2823.0,346.0,2148.0
732,82729,15.0,2819.0,344.0,2151.0
733,82820,15.0,2820.0,340.0,2157.0
734,82909,15.0,2805.0,338.0,2148.0
735,82999,15.0,2800.0,340.0,2142.0
736,83093,16.0,2803.0,343.0,2144.0
737,83184,14.0,2807.0,346.0,2143.0
738,83492,213.0,2796.0,330.0,2150.0
739,83566,14.0,2797.0,317.0,2173.0
740,83649,14.0,2785.0,319.0,2158.0
741,83746,15.0,2794.0,328.0,2156.0
742,83844,14.0,2799.0,333.0,2146.0
743,83932,14.0,2800.0,336.0,2140.0
744,84016,15.0,2800.0,337.0,2136.0
745,84117,13.0,2798.0,337.0,2134.0
746,84203,14.0,2800.0,339.0,2131.0
747,84305,15.0,2805.0,345.0,2124.0
748,84388,15.0,2809.0,349.0,2121.0
749,84466,14.0,2821.0,365.0,2117.0
750,84551,15.0,2819.0,367.0,2113.0
751,84635,15.0,2814.0,368.0,2107.0
752,84727,15.0,2811.0,369.0,2103.0
753,84824,14.0,2822.0,379.0,2103.0
754,84917,14.0,2824.0,381.0,2099.0
755,85020,14.0,2814.0,383.0,2082.0
756,85125,14.0,2826.0,388.0,2091.0
757,85215,14.0,2814.0,379.0,2089.0
758,85309,17.0,2824.0,393.0,2076.0
759,85389,15.0,2827.0,394.0,2081.0
760,85477,14.0,2822.0,393.0,2077.0
761,85570,15.0,2842.0,414.0,2070.0
762,85662,13.0,2820.0,413.0,2049.0
763,85863,131.0,2826.0,415.0,2055.0
764,85949,13.0,2805.0,391.0,2071.0
765,86052,13.0,2806.0,388.0,2074.0
766,86145,15.0,2794.0,385.0,2070.0
767,86225,14.0,2804.0,394.0,2074.0
768,86313,14.0,2805.0,395.0,2074.0
769,86385,14.0,2803.0,384.0,2089.0
770,86466,14.0,2805.0,386.0,2088.0
771,86558,15.0,2798.0,389.0,2079.0
772,86649,16.0,2802.0,391.0,2078.0
773,86727,15.0,2797.0,377.0,2091.0
774,86812,14.0,2817.0,390.0,2092.0
775,86900,14.0,2802.0,389.0,2078.0
776,86994,14.0,2805.0,383.0,2091.0
777,87074,14.0,2815.0,392.0,2093.0
778,87153,15.0,2809.0,394.0,2088.0
779,87259,13.0,2798.0,382.0,2101.0
780,87359,14.0,2787.0,380.0,2092.0
781,87449,15.0,2797.0,389.0,2092.0
782,87524,15.0,2794.0,389.0,2089.0
783,87608,13.0,2794.0,386.0,2091.0
784,87706,14.0,2803.0,400.0,2079.0
785,87803,14.0,2808.0,401.0,2081.0
786,87899,15.0,2807.0,402.0,2081.0
787,88002,15.0,2801.0,405.0,2072.0
788,88238,14.0,2816.0,385.0,2111.0
789,88327,15.0,2822.0,393.0,2107.0
790,88411,14.0,2834.0,396.0,2119.0
791,88511,18.0,2835.0,396.0,2121.0
792,88606,15.0,2837.0,411.0,2104.0
793,88688,14.0,2824.0,411.0,2088.0
794,88775,17.0,2814.0,401.0,2091.0
795,88868,15.0,2804.0,390.0,2096.0
796,88958,13.0,2797.0,390.0,2080.0
797,89049,15.0,2813.0,403.0,2079.0
798,89143,14.0,2836.0,426.0,2075.0
799,89209,15.0,2846.0,430.0,2075.0
800,89285,15.0,2842.0,424.0,2077.0
801,89396,15.0,2844.0,408.0,2101.0
802,89488,15.0,2848.0,411.0,2097.0
803,89560,15.0,2850.0,422.0,2087.0
804,89663,16.0,2852.0,424.0,2085.0
805,89762,16.0,2857.0,425.0,2087.0
806,89858,19.0,2866.0,432.0,2093.0
807,89956,16.0,2874.0,434.0,2093.0
808,90224,14.0,2878.0,422.0,2121.0
809,90333,14.0,2872.0,402.0,2147.0
810,90444,14.0,2872.0,403.0,2146.0
811,90552,14.0,2874.0,407.0,2139.0
812,90649,15.0,2878.0,392.0,2166.0
813,90748,15.0,2886.0,396.0,2176.0
814,90866,18.0,2894.0,400.0,2178.0
815,90972,15.0,2893.0,393.0,2194.0
816,91084,15.0,2892.0,391.0,2187.0
817,91191,15.0,2888.0,391.0,2177.0
818,91289,14.0,2886.0,391.0,2175.0
819,91392,15.0,2886.0,376.0,2190.0
820,91496,16.0,2891.0,378.0,2191.0
821,91602,15.0,2897.0,384.0,2183.0
822,91708,14.0,2896.0,364.0,2209.0
823,91810,14.0,2895.0,343.0,2239.0
824,91922,16.0,2897.0,337.0,2247.0
825,92037,16.0,2905.0,347.0,2239.0
826,92131,16.0,2928.0,336.0,2271.0
827,92354,144.0,2930.0,318.0,2299.0
828,92431,13.0,2932.0,320.0,2299.0
829,92534,13.0,2926.0,316.0,2299.0
830,92655,15.0,2932.0,323.0,2282.0
831,92764,15.0,2932.0,311.0,2294.0
832,92845,14.0,2937.0,306.0,2308.0
833,92933,14.0,2947.0,307.0,2316.0
834,93033,14.0,2944.0,307.0,2312.0
835,93134,16.0,2959.0,318.0,2306.0
836,93255,19.0,2964.0,320.0,2313.0
837,93367,16.0,2963.0,321.0,2311.0
838,93443,14.0,2976.0,333.0,2315.0
839,93618,73.0,2984.0,333.0,2321.0
840,93722,15.0,2983.0,334.0,2321.0
841,93816,15.0,2991.0,347.0,2316.0
842,93901,14.0,2999.0,357.0,2310.0
843,93986,16.0,2999.0,356.0,2313.0
844,94084,13.0,3000.0,354.0,2318.0
845,94184,19.0,3006.0,358.0,2318.0
846,94419,13.0,3006.0,345.0,2331.0
847,94530,16.0,3007.0,342.0,2345.0
848,94616,15.0,3029.0,360.0,2349.0
849,94702,14.0,3033.0,354.0,2363.0
850,94788,15.0,3033.0,354.0,2365.0
851,94888,16.0,3037.0,347.0,2381.0
852,94981,16.0,3052.0,363.0,2377.0
853,95080,16.0,3051.0,355.0,2389.0
854,95177,15.0,3060.0,363.0,2391.0
855,95270,16.0,3068.0,372.0,2389.0
856,95360,16.0,3074.0,382.0,2385.0
857,95454,15.0,3075.0,374.0,2401.0
858,95551,16.0,3080.0,377.0,2404.0
859,95652,15.0,3084.0,380.0,2400.0
860,95746,16.0,3086.0,372.0,2412.0
861,95842,19.0,3093.0,378.0,2408.0
862,95932,19.0,3099.0,381.0,2408.0
863,96024,17.0,3096.0,375.0,2417.0
864,96281,14.0,3097.0,346.0,2449.0
865,96373,16.0,3107.0,353.0,2448.0
866,96464,17.0,3116.0,362.0,2439.0
867,96557,14.0,3129.0,374.0,2436.0
868,96661,18.0,3126.0,373.0,2437.0
869,96770,16.0,3122.0,373.0,2429.0
870,96863,14.0,3140.0,372.0,2450.0
871,96968,15.0,3144.0,375.0,2448.0
872,97057,16.0,3160.0,389.0,2450.0
873,97155,17.0,3169.0,397.0,2448.0
874,97237,15.0,3169.0,398.0,2444.0
875,97334,17.0,3176.0,405.0,2454.0
876,97427,16.0,3176.0,407.0,2450.0
877,97524,17.0,3177.0,407.0,2449.0
878,97627,16.0,3179.0,407.0,2452.0
879,97882,186.0,3178.0,388.0,2481.0
880,97978,15.0,3186.0,394.0,2491.0
881,98073,16.0,3198.0,406.0,2493.0
882,98158,17.0,3198.0,406.0,2492.0
883,98253,17.0,3209.0,417.0,2487.0
884,98335,16.0,3212.0,420.0,2486.0
885,98445,15.0,3212.0,423.0,2480.0
886,98552,15.0,3208.0,424.0,2474.0
887,98643,16.0,3222.0,426.0,2483.0
888,98740,15.0,3224.0,428.0,2480.0
889,98844,18.0,3226.0,429.0,2474.0
890,98933,17.0,3229.0,431.0,2476.0
891,99026,16.0,3236.0,435.0,2475.0
892,99130,21.0,3245.0,440.0,2470.0
893,99236,20.0,3242.0,428.0,2492.0
894,99524,17.0,3244.0,429.0,2493.0
895,99610,17.0,3247.0,427.0,2491.0
896,99709,17.0,3258.0,437.0,2489.0
897,99798,16.0,3273.0,455.0,2486.0
898,99892,17.0,3277.0,450.0,2483.0
899,99983,17.0,3288.0,461.0,2492.0
900,100076,15.0,3288.0,458.0,2496.0
901,100168,15.0,3298.0,467.0,2491.0
902,100246,16.0,3315.0,486.0,2486.0
903,100338,17.0,3316.0,486.0,2488.0
904,100434,16.0,3314.0,486.0,2487.0
905,100533,16.0,3316.0,485.0,2492.0
906,100620,16.0,3320.0,491.0,2487.0
907,102222,1519.0,3320.0,466.0,2520.0
908,102326,18.0,3321.0,465.0,2527.0
909,102416,16.0,3318.0,461.0,2529.0
910,102499,15.0,3324.0,470.0,2516.0
911,102588,18.0,3326.0,471.0,2517.0
912,102685,16.0,3337.0,482.0,2515.0
913,102778,16.0,3338.0,486.0,2506.0
914,102881,16.0,3337.0,481.0,2506.0
915,102965,15.0,3338.0,481.0,2508.0
916,103058,15.0,3337.0,483.0,2501.0
917,103152,16.0,3334.0,484.0,2495.0
918,103233,15.0,3331.0,484.0,2492.0
919,103322,15.0,3330.0,482.0,2494.0
920,103404,16.0,3332.0,483.0,2494.0
921,103533,16.0,3329.0,485.0,2490.0
922,103626,17.0,3330.0,486.0,2487.0
923,103713,14.0,3327.0,487.0,2483.0
924,103870,14.0,3327.0,485.0,2486.0
925,104084,15.0,3341.0,497.0,2490.0
926,104182,16.0,3347.0,501.0,2488.0
927,104284,16.0,3347.0,501.0,2486.0
928,104393,18.0,3348.0,501.0,2489.0
929,104477,15.0,3348.0,501.0,2489.0
930,104581,16.0,3353.0,504.0,2486.0
931,104674,15.0,3349.0,504.0,2481.0
932,104773,17.0,3358.0,513.0,2475.0
933,104852,14.0,3358.0,515.0,2473.0
934,104987,69.0,3359.0,512.0,2484.0
935,105068,16.0,3359.0,496.0,2507.0
936,105147,14.0,3351.0,498.0,2491.0
937,105245,16.0,3352.0,500.0,2489.0
938,105333,15.0,3353.0,456.0,2540.0
939,105424,15.0,3373.0,458.0,2561.0
940,105506,16.0,3372.0,452.0,2565.0
941,105616,17.0,3375.0,426.0,2598.0
942,105709,16.0,3386.0,438.0,2596.0
943,105833,16.0,3372.0,431.0,2592.0
944,105920,17.0,3388.0,435.0,2593.0
945,106009,16.0,3392.0,422.0,2617.0
946,106088,15.0,3391.0,423.0,2616.0
947,106178,15.0,3392.0,392.0,2658.0
948,106336,16.0,3404.0,378.0,2693.0
949,106435,16.0,3405.0,366.0,2710.0
950,106527,15.0,3412.0,376.0,2702.0
951,106619,16.0,3416.0,368.0,2720.0
952,106705,18.0,3406.0,369.0,2713.0
953,106800,16.0,3386.0,361.0,2705.0
954,106897,15.0,3406.0,367.0,2722.0
955,107016,16.0,3413.0,368.0,2719.0
956,107124,16.0,3407.0,350.0,2730.0
957,107216,16.0,3399.0,341.0,2734.0
958,107314,15.0,3396.0,351.0,2719.0
959,107413,20.0,3405.0,362.0,2711.0
960,107499,15.0,3417.0,366.0,2726.0
961,107650,73.0,3420.0,369.0,2725.0
962,107743,15.0,3413.0,357.0,2735.0
963,107850,16.0,3389.0,348.0,2727.0
964,107939,14.0,3389.0,348.0,2727.0
965,108039,16.0,3379.0,326.0,2739.0
966,108136,15.0,3374.0,321.0,2740.0
967,108256,21.0,3383.0,331.0,2741.0
968,108357,15.0,3382.0,320.0,2757.0
969,108450,17.0,3400.0,287.0,2818.0
970,108569,16.0,3392.0,281.0,2812.0
971,108662,18.0,3400.0,298.0,2792.0
972,108759,16.0,3430.0,320.0,2785.0
973,108846,17.0,3435.0,328.0,2781.0
974,108944,16.0,3425.0,313.0,2794.0
975,109091,80.0,3426.0,309.0,2807.0
976,109177,17.0,3424.0,311.0,2805.0
977,109270,17.0,3437.0,324.0,2799.0
978,109359,18.0,3416.0,325.0,2775.0
979,109471,16.0,3406.0,328.0,2763.0
980,109572,16.0,3399.0,329.0,2757.0
981,109664,15.0,3405.0,335.0,2754.0
982,109777,35.0,3408.0,342.0,2749.0
983,109872,17.0,3410.0,345.0,2746.0
984,109956,15.0,3401.0,345.0,2737.0
985,110046,15.0,3401.0,345.0,2737.0
986,110140,15.0,3414.0,358.0,2734.0
987,110219,17.0,3407.0,368.0,2713.0
988,110328,16.0,3407.0,342.0,2747.0
989,110420,16.0,3407.0,342.0,2747.0
990,110589,16.0,3379.0,334.0,2736.0
991,110698,15.0,3377.0,339.0,2735.0
992,110800,17.0,3385.0,335.0,2747.0
993,110887,15.0,3396.0,330.0,2767.0
994,110977,17.0,3387.0,316.0,2786.0
995,111069,16.0,3391.0,320.0,2781.0
996,111153,15.0,3380.0,312.0,2776.0
997,111238,15.0,3389.0,323.0,2769.0
998,111321,16.0,3381.0,305.0,2779.0
999,111425,17.0,3385.0,301.0,2792.0
1000,111513,15.0,3381.0,300.0,2797.0
1001,111609,17.0,3383.0,294.0,2804.0
1002,111683,15.0,3393.0,302.0,2803.0
1003,111765,17.0,3398.0,307.0,2808.0
1004,111954,109.0,3397.0,300.0,2822.0
1005,112047,21.0,3396.0,293.0,2829.0
1006,112152,17.0,3386.0,293.0,2819.0
1007,112237,17.0,3384.0,299.0,2820.0
1008,112325,15.0,3388.0,289.0,2837.0
1009,112424,15.0,3375.0,276.0,2843.0
1010,112507,15.0,3377.0,265.0,2860.0
1011,112590,16.0,3360.0,270.0,2833.0
1012,112678,15.0,3348.0,273.0,2815.0
1013,112765,15.0,3358.0,273.0,2817.0
1014,112856,16.0,3371.0,290.0,2804.0
1015,112939,16.0,3381.0,308.0,2794.0
1016,113086,14.0,3388.0,325.0,2777.0
1017,113181,21.0,3393.0,334.0,2773.0
1018,113278,17.0,3392.0,323.0,2790.0
1019,113391,16.0,3392.0,326.0,2784.0
1020,113585,119.0,3390.0,332.0,2767.0
1021,113681,14.0,3385.0,316.0,2780.0
1022,113775,17.0,3384.0,308.0,2800.0
1023,113865,17.0,3391.0,309.0,2795.0
1024,113946,16.0,3392.0,299.0,2805.0
1025,114030,19.0,3393.0,298.0,2809.0
1026,114115,15.0,3405.0,310.0,2800.0
1027,114196,16.0,3408.0,313.0,2798.0
1028,114332,17.0,3400.0,319.0,2780.0
1029,114460,20.0,3391.0,320.0,2767.0
1030,114563,14.0,3387.0,319.0,2768.0
1031,114657,15.0,3382.0,314.0,2770.0
1032,114744,17.0,3406.0,338.0,2769.0
1033,114827,16.0,3416.0,347.0,2768.0
1034,114911,16.0,3402.0,357.0,2742.0
1035,115007,16.0,3419.0,364.0,2752.0
1036,115226,142.0,3420.0,362.0,2757.0
1037,115320,15.0,3431.0,368.0,2767.0
1038,115417,15.0,3440.0,370.0,2778.0
1039,115504,14.0,3443.0,371.0,2783.0
1040,115601,16.0,3433.0,366.0,2783.0
1041,115689,16.0,3433.0,369.0,2779.0
1042,115784,14.0,3432.0,363.0,2785.0
1043,115872,16.0,3440.0,375.0,2770.0
1044,115970,15.0,3439.0,377.0,2761.0
1045,116068,17.0,3428.0,380.0,2743.0
1046,116145,16.0,3421.0,383.0,2733.0
1047,116250,15.0,3412.0,385.0,2717.0
1048,116323,14.0,3411.0,394.0,2707.0
1049,116399,17.0,3424.0,407.0,2700.0
1050,116501,16.0,3425.0,408.0,2697.0
1051,116582,15.0,3423.0,409.0,2693.0
1052,116679,16.0,3426.0,422.0,2681.0
1053,116765,17.0,3443.0,437.0,2677.0
1054,116984,133.0,3440.0,439.0,2667.0
1055,117084,17.0,3438.0,440.0,2662.0
1056,117176,16.0,3437.0,441.0,2656.0
1057,117260,17.0,3442.0,447.0,2656.0
1058,117364,17.0,3441.0,445.0,2664.0
1059,117447,17.0,3451.0,453.0,2666.0
1060,117545,17.0,3463.0,464.0,2654.0
1061,117639,15.0,3466.0,466.0,2653.0
1062,117730,16.0,3473.0,470.0,2652.0
1063,117829,16.0,3475.0,461.0,2659.0
1064,117924,17.0,3478.0,442.0,2680.0
1065,118016,17.0,3476.0,434.0,2691.0
1066,118118,17.0,3479.0,429.0,2714.0
1067,118213,17.0,3483.0,429.0,2719.0
1068,118297,17.0,3489.0,433.0,2719.0
1069,118391,18.0,3493.0,435.0,2720.0
1070,118524,16.0,3489.0,436.0,2712.0
1071,118614,18.0,3491.0,437.0,2713.0
1072,118835,16.0,3496.0,441.0,2721.0
1073,118923,16.0,3482.0,443.0,2704.0
1074,119013,16.0,3486.0,447.0,2704.0
1075,119103,15.0,3509.0,466.0,2703.0
1076,119194,15.0,3506.0,474.0,2691.0
1077,119275,17.0,3505.0,465.0,2704.0
1078,119349,18.0,3503.0,467.0,2695.0
1079,119448,16.0,3492.0,465.0,2690.0
1080,119546,16.0,3495.0,467.0,2691.0
1081,119641,17.0,3499.0,466.0,2697.0
1082,119726,18.0,3499.0,458.0,2708.0
1083,119825,17.0,3497.0,458.0,2707.0
1084,119906,16.0,3502.0,463.0,2705.0
1085,119991,16.0,3508.0,465.0,2709.0
1086,120103,17.0,3508.0,465.0,2705.0
1087,120219,19.0,3506.0,466.0,2702.0
1088,120330,17.0,3507.0,466.0,2702.0
1089,120449,17.0,3504.0,456.0,2714.0
1090,120691,20.0,3512.0,449.0,2735.0
1091,120794,15.0,3517.0,444.0,2745.0
1092,120907,15.0,3518.0,444.0,2747.0
1093,121003,18.0,3529.0,443.0,2753.0
1094,121110,16.0,3528.0,443.0,2752.0
1095,121216,15.0,3542.0,448.0,2762.0
1096,121323,15.0,3544.0,439.0,2771.0
1097,121417,17.0,3546.0,440.0,2775.0
1098,121597,17.0,3548.0,439.0,2782.0
1099,121695,16.0,3553.0,438.0,2791.0
1100,121806,18.0,3555.0,431.0,2797.0
1101,121936,21.0,3556.0,428.0,2799.0
1102,122039,17.0,3563.0,436.0,2796.0
1103,122138,18.0,3558.0,434.0,2794.0
1104,122226,17.0,3568.0,442.0,2795.0
1105,122332,17.0,3579.0,434.0,2807.0
1106,122434,17.0,3583.0,408.0,2846.0
1107,122663,18.0,3594.0,401.0,2861.0
1108,122759,17.0,3597.0,404.0,2860.0
1109,122854,16.0,3605.0,414.0,2857.0
1110,122959,16.0,3606.0,408.0,2862.0
1111,123087,25.0,3607.0,392.0,2881.0
1112,123191,17.0,3612.0,397.0,2876.0
1113,123290,17.0,3620.0,396.0,2889.0
1114,123397,18.0,3621.0,388.0,2904.0
1115,123496,15.0,3615.0,388.0,2902.0
1116,123600,20.0,3617.0,388.0,2907.0
1117,123694,17.0,3624.0,375.0,2923.0
1118,123775,20.0,3625.0,375.0,2923.0
1119,123870,17.0,3633.0,381.0,2922.0
1120,123975,17.0,3634.0,384.0,2914.0
1121,124060,18.0,3635.0,385.0,2914.0
1122,124158,18.0,3633.0,385.0,2912.0
1123,124256,17.0,3631.0,367.0,2943.0
1124,124521,16.0,3633.0,366.0,2953.0
1125,124613,17.0,3643.0,354.0,2976.0
1126,124701,16.0,3644.0,355.0,2976.0
1127,124773,17.0,3653.0,364.0,2971.0
1128,124872,17.0,3660.0,371.0,2967.0
1129,124954,16.0,3670.0,381.0,2963.0
1130,125050,16.0,3688.0,398.0,2955.0
1131,125162,16.0,3689.0,387.0,2972.0
1132,125253,16.0,3685.0,381.0,2979.0
1133,125353,17.0,3680.0,378.0,2978.0
1134,125439,16.0,3677.0,364.0,2992.0
1135,125514,18.0,3696.0,382.0,2987.0
1136,125630,16.0,3701.0,381.0,2991.0
1137,125735,17.0,3706.0,381.0,3002.0
1138,125834,17.0,3705.0,384.0,2995.0
1139,125935,16.0,3711.0,389.0,2992.0
1140,126033,17.0,3714.0,388.0,2995.0
1141,126257,17.0,3712.0,382.0,3005.0
1142,126350,17.0,3708.0,379.0,3004.0
1143,126447,17.0,3709.0,368.0,3015.0
1144,126540,16.0,3717.0,356.0,3041.0
1145,126634,16.0,3735.0,374.0,3038.0
1146,126723,17.0,3746.0,376.0,3054.0
1147,126828,18.0,3744.0,372.0,3062.0
1148,126928,19.0,3753.0,378.0,3062.0
1149,127043,17.0,3753.0,369.0,3082.0
1150,127126,18.0,3754.0,369.0,3087.0
1151,127214,18.0,3754.0,365.0,3092.0
1152,127295,18.0,3767.0,378.0,3084.0
1153,127399,19.0,3770.0,379.0,3087.0
1154,127506,16.0,3771.0,379.0,3093.0
1155,127610,20.0,3781.0,380.0,3091.0
1156,127707,17.0,3781.0,379.0,3093.0
1157,127795,17.0,3787.0,383.0,3091.0
1158,128031,155.0,3792.0,382.0,3088.0
1159,128137,23.0,3790.0,365.0,3101.0
1160,128237,17.0,3792.0,365.0,3104.0
1161,128336,17.0,3799.0,370.0,3108.0
1162,128433,16.0,3796.0,369.0,3104.0
1163,128527,17.0,3798.0,371.0,3100.0
1164,128632,18.0,3795.0,361.0,3112.0
1165,128754,18.0,3798.0,364.0,3110.0
1166,128837,18.0,3799.0,364.0,3114.0
1167,128936,17.0,3805.0,369.0,3110.0
1168,129035,18.0,3822.0,381.0,3104.0
1169,129136,18.0,3824.0,385.0,3101.0
1170,129227,17.0,3823.0,378.0,3111.0
1171,129330,17.0,3816.0,372.0,3112.0
1172,129415,18.0,3815.0,374.0,3103.0
1173,129509,17.0,3814.0,372.0,3100.0
1174,129599,18.0,3828.0,374.0,3105.0
1175,131118,1448.0,3828.0,369.0,3114.0
1176,131215,16.0,3822.0,329.0,3191.0
1177,131300,16.0,3821.0,328.0,3193.0
1178,131375,17.0,3825.0,329.0,3191.0
1179,131482,16.0,3830.0,335.0,3181.0
1180,131567,19.0,3831.0,336.0,3180.0
1181,131673,17.0,3838.0,340.0,3180.0
1182,131758,16.0,3839.0,339.0,3184.0
1183,131856,18.0,3844.0,342.0,3191.0
1184,131954,17.0,3842.0,342.0,3189.0
1185,132054,17.0,3838.0,341.0,3189.0
1186,132146,17.0,3834.0,341.0,3185.0
1187,132258,17.0,3835.0,340.0,3189.0
1188,132372,22.0,3827.0,340.0,3181.0
1189,132463,17.0,3832.0,343.0,3180.0
1190,132572,18.0,3835.0,345.0,3181.0
1191,132676,19.0,3860.0,369.0,3173.0
1192,132775,18.0,3848.0,365.0,3169.0
1193,132923,18.0,3852.0,372.0,3165.0
1194,133013,18.0,3858.0,382.0,3159.0
1195,133110,17.0,3871.0,387.0,3153.0
1196,133194,18.0,3866.0,387.0,3148.0
1197,133308,19.0,3867.0,390.0,3144.0
1198,133396,16.0,3870.0,393.0,3144.0
1199,133496,18.0,3881.0,405.0,3133.0
1200,133592,18.0,3879.0,402.0,3130.0
1201,133694,17.0,3876.0,402.0,3127.0
1202,133771,16.0,3890.0,418.0,3125.0
1203,133855,17.0,3894.0,422.0,3121.0
1204,133941,17.0,3901.0,432.0,3118.0
1205,134018,18.0,3901.0,432.0,3118.0
1206,134119,17.0,3902.0,430.0,3115.0
1207,134212,17.0,3907.0,435.0,3117.0
1208,134305,17.0,3904.0,435.0,3114.0
1209,134419,21.0,3912.0,444.0,3111.0
1210,134515,23.0,3917.0,448.0,3110.0
1211,134718,17.0,3920.0,445.0,3115.0
1212,134830,17.0,3917.0,446.0,3108.0
1213,134912,19.0,3919.0,445.0,3111.0
1214,135010,20.0,3918.0,443.0,3107.0
1215,135102,17.0,3899.0,409.0,3135.0
1216,135203,19.0,3899.0,406.0,3144.0
1217,135278,19.0,3915.0,414.0,3154.0
1218,135370,19.0,3902.0,413.0,3144.0
1219,135466,19.0,3914.0,416.0,3143.0
1220,135569,17.0,3918.0,420.0,3140.0
1221,135655,17.0,3930.0,389.0,3201.0
1222,135752,17.0,3932.0,380.0,3214.0
1223,135843,18.0,3941.0,379.0,3227.0
1224,135952,20.0,3950.0,379.0,3240.0
1225,136055,20.0,3963.0,369.0,3278.0
1226,136157,19.0,3949.0,367.0,3266.0
1227,136249,20.0,3943.0,361.0,3264.0
1228,136413,17.0,3945.0,364.0,3264.0
1229,136507,18.0,3950.0,370.0,3266.0
1230,136608,20.0,3961.0,379.0,3267.0
1231,136699,17.0,3964.0,376.0,3261.0
1232,136789,18.0,3950.0,365.0,3268.0
1233,136894,19.0,3943.0,356.0,3265.0
1234,136989,18.0,3955.0,359.0,3272.0
1235,137076,18.0,3938.0,368.0,3246.0
1236,137180,18.0,3939.0,351.0,3271.0
1237,137276,19.0,3939.0,341.0,3287.0
1238,137373,17.0,3951.0,349.0,3292.0
1239,137467,17.0,3965.0,360.0,3286.0
1240,137551,16.0,3956.0,362.0,3272.0
1241,137646,17.0,3958.0,354.0,3281.0
1242,137739,19.0,3962.0,357.0,3282.0
1243,137830,20.0,3960.0,358.0,3282.0
1244,137927,20.0,3961.0,341.0,3308.0
1245,138027,18.0,3969.0,339.0,3321.0
1246,138198,94.0,3967.0,342.0,3320.0
1247,138288,18.0,3970.0,331.0,3332.0
1248,138388,16.0,3956.0,320.0,3332.0
1249,138484,17.0,3954.0,317.0,3338.0
1250,138580,17.0,3942.0,309.0,3336.0
1251,138665,21.0,3952.0,319.0,3333.0
1252,138744,18.0,3945.0,322.0,3318.0
1253,138845,19.0,3926.0,320.0,3301.0
1254,138935,17.0,3924.0,318.0,3301.0
1255,139023,17.0,3928.0,319.0,3300.0
1256,139119,18.0,3917.0,297.0,3334.0
1257,139218,18.0,3928.0,293.0,3350.0
1258,139323,16.0,3919.0,292.0,3342.0
1259,139416,17.0,3936.0,308.0,3330.0
1260,139516,20.0,3940.0,308.0,3338.0
1261,139622,20.0,3944.0,309.0,3328.0
1262,139727,20.0,3935.0,292.0,3348.0
1263,139821,19.0,3936.0,294.0,3349.0
1264,140023,17.0,3938.0,283.0,3374.0
1265,140123,16.0,3952.0,290.0,3376.0
1266,140211,18.0,3952.0,280.0,3393.0
1267,140311,23.0,3967.0,289.0,3392.0
1268,140435,17.0,3961.0,264.0,3426.0
1269,140524,18.0,3953.0,266.0,3412.0
1270,140615,17.0,3950.0,265.0,3413.0
1271,140709,18.0,3962.0,265.0,3422.0
1272,140792,19.0,3949.0,265.0,3409.0
1273,140879,18.0,3952.0,267.0,3400.0
1274,140967,19.0,3972.0,273.0,3407.0
1275,141050,20.0,3973.0,264.0,3425.0
1276,141155,19.0,3978.0,268.0,3422.0
1277,141249,19.0,3977.0,269.0,3418.0
1278,141359,20.0,3973.0,260.0,3428.0
1279,141456,18.0,3965.0,256.0,3424.0
1280,141563,18.0,3970.0,253.0,3442.0
1281,141658,17.0,3961.0,252.0,3436.0
1282,141852,122.0,3961.0,250.0,3441.0
1283,141937,17.0,3953.0,251.0,3439.0
1284,142030,18.0,3945.0,233.0,3455.0
1285,142125,18.0,3953.0,242.0,3461.0
1286,142220,18.0,3955.0,243.0,3461.0
1287,142323,19.0,3959.0,243.0,3463.0
1288,142415,19.0,3975.0,246.0,3471.0
1289,142498,16.0,3953.0,237.0,3466.0
1290,142583,19.0,3940.0,246.0,3440.0
1291,142683,18.0,3937.0,245.0,3440.0
1292,142769,17.0,3936.0,254.0,3427.0
1293,142862,24.0,3945.0,263.0,3422.0
1294,142967,18.0,3952.0,268.0,3426.0
1295,143056,17.0,3942.0,268.0,3414.0
1296,143149,18.0,3922.0,269.0,3393.0
1297,143255,18.0,3926.0,263.0,3414.0
1298,143349,18.0,3943.0,275.0,3411.0
1299,143445,19.0,3949.0,286.0,3408.0
1300,143545,17.0,3938.0,285.0,3398.0
1301,143744,17.0,3949.0,287.0,3401.0
1302,143847,21.0,3973.0,311.0,3387.0
1303,143946,21.0,3985.0,313.0,3396.0
1304,144036,19.0,3972.0,313.0,3382.0
1305,144143,18.0,3953.0,306.0,3375.0
1306,144241,19.0,3954.0,306.0,3374.0
1307,144346,21.0,3953.0,305.0,3375.0
1308,144429,19.0,3959.0,313.0,3370.0
1309,144510,18.0,3961.0,315.0,3367.0
1310,144604,18.0,3949.0,306.0,3370.0
1311,144697,19.0,3948.0,301.0,3384.0
1312,144789,19.0,3952.0,310.0,3372.0
1313,144894,19.0,3961.0,321.0,3362.0
1314,144987,16.0,3960.0,323.0,3358.0
1315,145086,17.0,3953.0,324.0,3348.0
1316,145194,23.0,3952.0,325.0,3346.0
1317,145288,19.0,3954.0,328.0,3341.0
1318,145397,20.0,3954.0,328.0,3341.0
1319,145496,18.0,3961.0,337.0,3338.0
1320,145760,23.0,3967.0,351.0,3325.0
1321,145865,19.0,3949.0,355.0,3301.0
1322,145969,22.0,3950.0,359.0,3298.0
1323,146044,19.0,3936.0,359.0,3284.0
1324,146151,18.0,3938.0,359.0,3287.0
1325,146244,19.0,3948.0,368.0,3285.0
1326,146349,20.0,3959.0,375.0,3282.0
1327,146430,18.0,3959.0,380.0,3274.0
1328,146519,20.0,3972.0,390.0,3275.0
1329,146614,19.0,3972.0,388.0,3276.0
1330,146729,18.0,3977.0,371.0,3298.0
1331,146826,21.0,3989.0,380.0,3295.0
1332,146926,18.0,3997.0,380.0,3304.0
1333,147020,21.0,4013.0,394.0,3299.0
1334,147129,23.0,4009.0,390.0,3306.0
1335,147226,20.0,4011.0,395.0,3295.0
1336,147313,20.0,4019.0,405.0,3296.0
1337,147396,20.0,4019.0,414.0,3283.0
1338,147629,19.0,4020.0,385.0,3319.0
1339,147720,18.0,4015.0,384.0,3320.0
1340,147821,17.0,4021.0,385.0,3329.0
1341,147915,20.0,4033.0,396.0,3331.0
1342,148004,18.0,4034.0,387.0,3348.0
1343,148107,22.0,4041.0,393.0,3354.0
1344,148205,20.0,4030.0,390.0,3352.0
1345,148310,17.0,4038.0,367.0,3382.0
1346,148398,19.0,4036.0,357.0,3400.0
1347,148485,20.0,4056.0,370.0,3392.0
1348,148571,20.0,4062.0,369.0,3397.0
1349,148661,18.0,4060.0,370.0,3391.0
1350,148756,19.0,4078.0,381.0,3397.0
1351,148845,23.0,4078.0,392.0,3383.0
1352,148936,19.0,4078.0,393.0,3379.0
1353,149028,20.0,4083.0,402.0,3374.0
1354,149135,18.0,4084.0,401.0,3371.0
1355,149234,19.0,4082.0,399.0,3378.0
1356,149471,174.0,4092.0,398.0,3386.0
1357,149578,19.0,4093.0,389.0,3402.0
1358,149680,18.0,4081.0,379.0,3412.0
1359,149780,19.0,4092.0,385.0,3412.0
1360,149878,19.0,4095.0,388.0,3408.0
1361,149959,17.0,4091.0,388.0,3404.0
1362,150069,18.0,4092.0,389.0,3404.0
1363,150183,21.0,4097.0,381.0,3425.0
1364,150290,20.0,4103.0,377.0,3432.0
1365,150390,19.0,4117.0,368.0,3455.0
1366,150489,18.0,4116.0,359.0,3466.0
1367,150593,23.0,4118.0,358.0,3464.0
1368,150701,18.0,4116.0,360.0,3457.0
1369,150821,18.0,4115.0,355.0,3464.0
1370,150931,21.0,4129.0,367.0,3465.0
1371,151042,21.0,4136.0,367.0,3471.0
1372,151143,21.0,4145.0,374.0,3481.0
1373,151402,19.0,4147.0,365.0,3492.0
1374,151491,20.0,4159.0,375.0,3500.0
1375,151582,18.0,4167.0,379.0,3499.0
1376,151680,18.0,4171.0,381.0,3493.0
1377,151770,18.0,4177.0,393.0,3487.0
1378,151865,19.0,4179.0,395.0,3482.0
1379,151965,19.0,4179.0,391.0,3483.0
1380,152063,19.0,4185.0,397.0,3479.0
1381,152170,20.0,4191.0,403.0,3483.0
1382,152275,19.0,4186.0,400.0,3478.0
1383,152373,18.0,4187.0,393.0,3486.0
1384,152472,24.0,4192.0,388.0,3492.0
1385,152577,22.0,4197.0,393.0,3491.0
1386,152690,23.0,4198.0,395.0,3490.0
1387,152800,21.0,4218.0,404.0,3505.0
1388,152893,20.0,4217.0,395.0,3514.0
1389,152998,20.0,4220.0,395.0,3517.0
1390,153240,20.0,4222.0,383.0,3530.0
1391,153339,22.0,4219.0,384.0,3524.0
1392,153434,21.0,4226.0,379.0,3535.0
1393,153529,18.0,4237.0,381.0,3547.0
1394,153630,19.0,4239.0,374.0,3558.0
1395,153736,19.0,4246.0,362.0,3585.0
1396,153852,22.0,4259.0,375.0,3583.0
1397,153953,19.0,4259.0,363.0,3597.0
1398,154055,19.0,4270.0,374.0,3596.0
1399,154142,21.0,4277.0,369.0,3600.0
1400,154239,21.0,4289.0,369.0,3617.0
1401,154347,22.0,4289.0,371.0,3614.0
1402,154459,21.0,4293.0,373.0,3610.0
1403,154577,23.0,4296.0,368.0,3619.0
1404,154669,20.0,4309.0,375.0,3620.0
1405,154765,22.0,4326.0,392.0,3620.0
1406,154862,23.0,4324.0,388.0,3630.0
1407,155104,22.0,4326.0,375.0,3650.0
1408,155195,21.0,4340.0,378.0,3662.0
1409,155280,21.0,4340.0,374.0,3665.0
1410,155381,23.0,4343.0,376.0,3670.0
1411,155480,22.0,4349.0,380.0,3674.0
1412,155578,20.0,4350.0,380.0,3668.0
1413,155690,20.0,4353.0,382.0,3667.0
1414,155811,19.0,4352.0,368.0,3681.0
1415,155906,19.0,4354.0,368.0,3678.0
1416,155997,24.0,4358.0,359.0,3691.0
1417,156076,19.0,4359.0,351.0,3700.0
1418,156188,20.0,4358.0,350.0,3704.0
1419,156295,19.0,4368.0,348.0,3717.0
1420,156388,21.0,4370.0,350.0,3712.0
1421,156488,21.0,4369.0,350.0,3711.0
1422,156591,20.0,4367.0,351.0,3706.0
1423,156683,22.0,4368.0,348.0,3712.0
1424,158192,19.0,4368.0,294.0,3776.0
1425,158309,20.0,4383.0,306.0,3768.0
1426,158406,19.0,4377.0,302.0,3770.0
1427,158511,23.0,4377.0,298.0,3777.0
1428,158608,21.0,4380.0,295.0,3777.0
1429,158705,21.0,4401.0,316.0,3769.0
1430,158803,21.0,4414.0,328.0,3760.0
1431,158899,20.0,4410.0,327.0,3759.0
1432,159007,20.0,4417.0,332.0,3760.0
1433,159108,20.0,4417.0,330.0,3765.0
1434,159195,18.0,4425.0,337.0,3762.0
1435,159298,26.0,4422.0,336.0,3759.0
1436,159392,18.0,4422.0,335.0,3762.0
1437,159502,24.0,4419.0,334.0,3759.0
1438,159618,23.0,4414.0,334.0,3755.0
1439,159722,23.0,4416.0,335.0,3755.0
1440,159838,24.0,4417.0,333.0,3752.0
1441,159998,20.0,4425.0,338.0,3745.0
1442,160096,20.0,4415.0,336.0,3739.0
1443,160211,21.0,4407.0,332.0,3738.0
1444,160307,20.0,4416.0,339.0,3734.0
1445,160403,17.0,4421.0,342.0,3737.0
1446,160494,20.0,4426.0,350.0,3736.0
1447,160604,21.0,4424.0,351.0,3730.0
1448,160725,21.0,4417.0,352.0,3722.0
1449,160810,18.0,4414.0,358.0,3709.0
1450,160911,19.0,4420.0,362.0,3716.0
1451,161007,20.0,4422.0,360.0,3721.0
1452,161097,21.0,4434.0,369.0,3729.0
1453,161193,19.0,4435.0,363.0,3735.0
1454,161299,20.0,4431.0,362.0,3728.0
1455,161387,18.0,4430.0,358.0,3739.0
1456,161472,23.0,4431.0,359.0,3736.0
1457,161569,19.0,4431.0,362.0,3733.0
1458,161664,21.0,4440.0,371.0,3727.0
1459,161834,24.0,4455.0,375.0,3732.0
1460,161957,20.0,4449.0,374.0,3726.0
1461,162045,19.0,4446.0,372.0,3725.0
1462,162128,21.0,4454.0,373.0,3733.0
1463,162227,18.0,4453.0,373.0,3732.0
1464,162324,19.0,4451.0,373.0,3730.0
1465,162410,21.0,4451.0,372.0,3720.0
1466,162495,24.0,4460.0,383.0,3718.0
1467,162585,21.0,4464.0,386.0,3716.0
1468,162693,20.0,4463.0,386.0,3715.0
1469,162783,20.0,4463.0,382.0,3723.0
1470,162870,20.0,4477.0,393.0,3712.0
1471,162957,21.0,4472.0,394.0,3706.0
1472,163058,20.0,4469.0,390.0,3707.0
1473,163148,20.0,4468.0,391.0,3705.0
1474,163248,20.0,4465.0,391.0,3702.0
1475,163343,21.0,4462.0,390.0,3702.0
1476,163498,81.0,4464.0,387.0,3708.0
1477,163593,20.0,4465.0,391.0,3705.0
1478,163700,19.0,4463.0,389.0,3706.0
1479,163786,20.0,4477.0,402.0,3704.0
1480,163873,19.0,4481.0,405.0,3700.0
1481,163969,21.0,4484.0,406.0,3699.0
1482,164051,20.0,4493.0,412.0,3703.0
1483,164141,20.0,4504.0,420.0,3700.0
1484,164248,20.0,4504.0,420.0,3700.0
1485,164366,20.0,4505.0,420.0,3704.0
1486,164471,22.0,4506.0,421.0,3702.0
1487,164562,22.0,4508.0,422.0,3705.0
1488,164657,21.0,4512.0,426.0,3700.0
1489,164741,20.0,4521.0,435.0,3700.0
1490,164822,21.0,4521.0,436.0,3699.0
1491,164919,20.0,4529.0,442.0,3706.0
1492,165001,21.0,4536.0,451.0,3698.0
1493,165097,23.0,4539.0,437.0,3718.0
1494,165277,19.0,4539.0,404.0,3770.0
1495,165373,20.0,4534.0,400.0,3764.0
1496,165492,21.0,4533.0,382.0,3792.0
1497,165598,21.0,4514.0,354.0,3807.0
1498,165693,21.0,4521.0,331.0,3841.0
1499,165799,19.0,4538.0,327.0,3877.0
1500,165904,21.0,4550.0,326.0,3900.0
1501,166003,21.0,4543.0,290.0,3949.0
1502,166102,22.0,4532.0,290.0,3938.0
1503,166197,20.0,4517.0,281.0,3942.0
1504,166303,21.0,4514.0,286.0,3924.0
1505,166396,20.0,4515.0,275.0,3941.0
1506,166483,19.0,4495.0,273.0,3926.0
1507,166578,20.0,4481.0,265.0,3925.0
1508,166693,19.0,4474.0,264.0,3919.0
1509,166787,21.0,4464.0,262.0,3911.0
1510,166878,21.0,4470.0,250.0,3930.0
1511,167061,20.0,4479.0,241.0,3949.0
1512,167147,19.0,4471.0,242.0,3942.0
1513,167245,18.0,4455.0,241.0,3928.0
1514,167341,19.0,4472.0,254.0,3935.0
1515,167426,19.0,4470.0,262.0,3918.0
1516,167514,19.0,4464.0,270.0,3899.0
1517,167606,20.0,4455.0,268.0,3896.0
1518,167694,19.0,4462.0,260.0,3913.0
1519,167795,19.0,4455.0,245.0,3930.0
1520,167891,20.0,4495.0,278.0,3918.0
1521,167983,20.0,4507.0,294.0,3907.0
1522,168069,19.0,4483.0,295.0,3882.0
1523,168146,19.0,4498.0,322.0,3860.0
1524,168250,21.0,4509.0,333.0,3858.0
1525,168327,22.0,4516.0,321.0,3881.0
1526,168413,23.0,4535.0,344.0,3872.0
1527,168511,20.0,4528.0,328.0,3888.0
1528,168599,21.0,4539.0,313.0,3936.0
1529,168809,19.0,4553.0,328.0,3925.0
1530,168904,18.0,4552.0,329.0,3921.0
1531,168986,20.0,4547.0,325.0,3924.0
1532,169084,21.0,4564.0,330.0,3935.0
1533,169187,21.0,4553.0,323.0,3935.0
1534,169274,20.0,4554.0,322.0,3943.0
1535,169365,19.0,4564.0,325.0,3951.0
1536,169453,21.0,4566.0,324.0,3949.0
1537,169552,22.0,4569.0,312.0,3976.0
1538,169651,20.0,4559.0,303.0,3980.0
1539,169779,21.0,4573.0,304.0,4007.0
1540,169888,21.0,4572.0,303.0,4009.0
1541,169974,20.0,4586.0,321.0,3999.0
1542,170049,19.0,4584.0,312.0,4010.0
1543,170148,21.0,4585.0,306.0,4021.0
1544,170242,21.0,4585.0,297.0,4029.0
1545,170365,28.0,4569.0,300.0,4009.0
1546,170472,21.0,4570.0,297.0,4009.0
1547,170655,19.0,4575.0,289.0,4021.0
1548,170747,20.0,4576.0,282.0,4035.0
1549,170840,20.0,4585.0,291.0,4025.0
1550,170940,21.0,4601.0,293.0,4040.0
1551,171033,19.0,4592.0,299.0,4027.0
1552,171124,20.0,4595.0,296.0,4040.0
1553,171220,20.0,4596.0,304.0,4032.0
1554,171319,22.0,4597.0,286.0,4052.0
1555,171425,20.0,4596.0,287.0,4047.0
1556,171524,21.0,4606.0,290.0,4045.0
1557,171640,21.0,4609.0,280.0,4059.0
1558,171735,20.0,4603.0,280.0,4051.0
1559,171832,20.0,4603.0,280.0,4051.0
1560,171937,20.0,4596.0,283.0,4033.0
1561,172042,22.0,4594.0,284.0,4027.0
1562,172129,22.0,4583.0,286.0,4013.0
1563,172226,21.0,4604.0,309.0,4002.0
1564,172306,22.0,4606.0,311.0,3996.0
1565,172554,22.0,4597.0,311.0,3987.0
1566,172674,20.0,4581.0,312.0,3970.0
1567,172787,22.0,4599.0,331.0,3962.0
1568,172887,20.0,4596.0,332.0,3956.0
1569,172994,21.0,4588.0,334.0,3946.0
1570,173096,22.0,4591.0,337.0,3940.0
1571,173190,22.0,4580.0,333.0,3927.0
1572,173300,23.0,4584.0,325.0,3936.0
1573,173396,20.0,4580.0,322.0,3945.0
1574,173480,23.0,4585.0,327.0,3939.0
1575,173589,20.0,4589.0,333.0,3929.0
1576,173682,23.0,4589.0,324.0,3945.0
1577,173778,19.0,4603.0,334.0,3955.0
1578,173875,20.0,4604.0,345.0,3942.0
1579,174000,21.0,4601.0,338.0,3956.0
1580,174094,21.0,4619.0,354.0,3953.0
1581,174182,20.0,4629.0,364.0,3945.0
1582,174398,154.0,4632.0,360.0,3949.0
1583,174506,24.0,4628.0,349.0,3967.0
1584,174605,21.0,4627.0,346.0,3967.0
1585,174700,19.0,4626.0,331.0,3987.0
1586,174789,21.0,4634.0,348.0,3966.0
1587,174886,20.0,4632.0,350.0,3964.0
1588,174984,21.0,4632.0,348.0,3969.0
1589,175094,24.0,4639.0,354.0,3965.0
1590,175200,22.0,4654.0,362.0,3970.0
1591,175303,19.0,4657.0,356.0,3981.0
1592,175398,23.0,4679.0,350.0,4015.0
1593,175495,20.0,4668.0,349.0,4001.0
1594,175567,19.0,4683.0,359.0,3987.0
1595,175656,24.0,4685.0,371.0,3976.0
1596,175748,21.0,4676.0,382.0,3953.0
1597,175861,29.0,4675.0,392.0,3937.0
1598,175962,25.0,4677.0,386.0,3946.0
1599,176050,21.0,4672.0,388.0,3936.0
1600,176311,180.0,4663.0,369.0,3948.0
1601,176408,21.0,4668.0,376.0,3950.0
1602,176501,22.0,4669.0,370.0,3970.0
1603,176591,21.0,4675.0,373.0,3976.0
1604,176681,22.0,4686.0,374.0,3982.0
1605,176771,23.0,4694.0,393.0,3970.0
1606,176861,21.0,4674.0,395.0,3949.0
1607,176963,22.0,4668.0,394.0,3946.0
1608,177063,23.0,4663.0,387.0,3958.0
1609,177164,23.0,4662.0,386.0,3954.0
1610,177244,20.0,4657.0,386.0,3945.0
1611,177340,21.0,4658.0,384.0,3948.0
1612,177436,22.0,4658.0,385.0,3946.0
1613,177526,25.0,4660.0,384.0,3947.0
1614,177651,29.0,4660.0,375.0,3958.0
1615,177730,21.0,4666.0,384.0,3951.0
1616,177991,21.0,4684.0,385.0,3971.0
1617,178093,20.0,4676.0,385.0,3962.0
1618,178199,19.0,4676.0,383.0,3967.0
1619,178296,24.0,4678.0,373.0,3983.0
1620,178405,25.0,4679.0,362.0,4008.0
1621,178504,21.0,4669.0,363.0,3994.0
1622,178597,20.0,4671.0,362.0,3993.0
1623,178696,22.0,4671.0,365.0,3985.0
1624,178800,22.0,4660.0,365.0,3971.0
1625,178898,23.0,4656.0,370.0,3957.0
1626,179030,22.0,4665.0,377.0,3957.0
1627,179130,23.0,4667.0,375.0,3967.0
1628,179227,24.0,4666.0,373.0,3963.0
1629,179328,22.0,4667.0,366.0,3977.0
1630,179431,20.0,4676.0,379.0,3968.0
1631,179529,22.0,4708.0,407.0,3967.0
1632,179744,20.0,4710.0,396.0,3984.0
1633,179842,23.0,4716.0,402.0,3975.0
1634,179955,22.0,4728.0,412.0,3969.0
1635,180080,23.0,4728.0,411.0,3969.0
1636,180204,23.0,4730.0,415.0,3962.0
1637,180311,20.0,4731.0,415.0,3965.0
1638,180422,22.0,4741.0,425.0,3962.0
1639,180534,23.0,4749.0,417.0,3976.0
1640,180647,20.0,4750.0,404.0,3994.0
1641,180770,23.0,4750.0,400.0,3999.0
1642,180884,21.0,4759.0,398.0,4016.0
1643,180991,20.0,4747.0,398.0,4000.0
1644,181109,22.0,4750.0,402.0,3999.0
1645,181232,23.0,4750.0,400.0,4005.0
1646,181341,21.0,4753.0,401.0,4005.0
1647,181550,20.0,4755.0,382.0,4019.0
1648,181654,21.0,4764.0,392.0,4012.0
1649,181755,20.0,4778.0,407.0,4007.0
1650,181848,22.0,4786.0,408.0,4020.0
1651,181950,21.0,4784.0,394.0,4043.0
1652,182044,20.0,4785.0,395.0,4043.0
1653,182144,22.0,4793.0,399.0,4050.0
1654,182240,22.0,4800.0,394.0,4062.0
1655,182346,24.0,4801.0,396.0,4064.0
1656,182444,26.0,4801.0,386.0,4077.0
1657,182544,20.0,4795.0,386.0,4072.0
1658,182643,21.0,4802.0,385.0,4081.0
1659,182741,23.0,4803.0,380.0,4088.0
1660,182849,23.0,4803.0,371.0,4099.0
1661,182958,22.0,4799.0,359.0,4109.0
1662,183065,21.0,4804.0,363.0,4110.0
1663,183289,21.0,4801.0,354.0,4125.0
1664,183388,21.0,4797.0,354.0,4121.0
1665,183498,20.0,4794.0,342.0,4131.0
1666,183600,23.0,4792.0,335.0,4138.0
1667,183689,22.0,4808.0,345.0,4139.0
1668,183792,21.0,4806.0,346.0,4136.0
1669,183885,19.0,4818.0,355.0,4130.0
1670,183991,21.0,4830.0,365.0,4131.0
1671,184108,22.0,4833.0,349.0,4168.0
1672,184216,20.0,4855.0,371.0,4161.0
1673,184321,23.0,4871.0,378.0,4166.0
1674,184437,22.0,4870.0,367.0,4180.0
1675,184552,22.0,4878.0,366.0,4189.0
1676,184675,24.0,4880.0,356.0,4204.0
1677,184769,23.0,4887.0,353.0,4220.0
1678,186478,1609.0,4886.0,330.0,4261.0
1679,186572,21.0,4887.0,304.0,4313.0
1680,186683,22.0,4893.0,313.0,4309.0
1681,186782,19.0,4896.0,315.0,4307.0
1682,186885,24.0,4896.0,305.0,4314.0
1683,186995,21.0,4898.0,305.0,4315.0
1684,187103,22.0,4895.0,305.0,4312.0
1685,187226,21.0,4913.0,322.0,4305.0
1686,187327,24.0,4913.0,311.0,4319.0
1687,187453,29.0,4910.0,310.0,4317.0
1688,187588,24.0,4908.0,310.0,4315.0
1689,187689,21.0,4919.0,321.0,4313.0
1690,187779,19.0,4929.0,331.0,4310.0
1691,187880,21.0,4935.0,328.0,4319.0
1692,187984,23.0,4945.0,329.0,4325.0
1693,188107,26.0,4954.0,336.0,4332.0
1694,188243,61.0,4956.0,337.0,4331.0
1695,188349,21.0,4960.0,337.0,4335.0
1696,188449,22.0,4962.0,328.0,4347.0
1697,188552,26.0,4969.0,327.0,4355.0
1698,188665,19.0,4973.0,330.0,4359.0
1699,188787,22.0,4981.0,339.0,4349.0
1700,188905,26.0,4981.0,339.0,4349.0
1701,189015,24.0,4984.0,339.0,4362.0
1702,189129,21.0,5004.0,360.0,4358.0
1703,189232,24.0,5003.0,363.0,4354.0
1704,189379,24.0,5006.0,366.0,4354.0
1705,189477,24.0,5004.0,365.0,4356.0
1706,189580,23.0,5000.0,358.0,4355.0
1707,189671,24.0,5001.0,359.0,4353.0
1708,189769,24.0,5001.0,361.0,4354.0
1709,189861,23.0,4996.0,359.0,4352.0
1710,190029,95.0,4993.0,338.0,4372.0
1711,190133,23.0,4993.0,338.0,4372.0
1712,190223,23.0,5013.0,355.0,4367.0
1713,190314,27.0,5027.0,365.0,4373.0
1714,190407,21.0,5024.0,367.0,4365.0
1715,190513,24.0,5023.0,363.0,4378.0
1716,190608,21.0,5022.0,364.0,4376.0
1717,190718,22.0,5020.0,362.0,4378.0
1718,190809,22.0,5014.0,360.0,4374.0
1719,190903,23.0,5014.0,353.0,4390.0
1720,190993,22.0,5025.0,364.0,4388.0
1721,191112,23.0,5027.0,365.0,4385.0
1722,191221,22.0,5033.0,375.0,4377.0
1723,191336,23.0,5033.0,376.0,4374.0
1724,191444,27.0,5037.0,380.0,4369.0
1725,191551,26.0,5038.0,381.0,4366.0
1726,191727,105.0,5046.0,392.0,4358.0
1727,191825,24.0,5062.0,408.0,4348.0
1728,191913,21.0,5063.0,404.0,4350.0
1729,191996,22.0,5075.0,409.0,4360.0
1730,192101,25.0,5085.0,419.0,4357.0
1731,192197,20.0,5090.0,410.0,4372.0
1732,192289,25.0,5091.0,407.0,4370.0
1733,192388,23.0,5108.0,424.0,4360.0
1734,192489,23.0,5107.0,424.0,4359.0
1735,192581,25.0,5115.0,432.0,4359.0
1736,192677,22.0,5124.0,438.0,4360.0
1737,192771,21.0,5133.0,447.0,4364.0
1738,192858,22.0,5142.0,455.0,4360.0
1739,192942,22.0,5143.0,456.0,4360.0
1740,193046,24.0,5149.0,461.0,4359.0
1741,193142,26.0,5150.0,459.0,4365.0
1742,193252,24.0,5151.0,461.0,4362.0
1743,193423,22.0,5166.0,468.0,4369.0
1744,193516,23.0,5168.0,470.0,4368.0
1745,193647,32.0,5163.0,470.0,4363.0
1746,193762,32.0,5164.0,470.0,4363.0
1747,193883,25.0,5172.0,478.0,4357.0
1748,193989,22.0,5169.0,479.0,4350.0
1749,194090,23.0,5164.0,478.0,4350.0
1750,194185,21.0,5174.0,490.0,4343.0
1751,194284,24.0,5178.0,497.0,4330.0
1752,194382,25.0,5188.0,506.0,4330.0
1753,194482,25.0,5186.0,503.0,4331.0
1754,194576,22.0,5183.0,503.0,4334.0
1755,194692,24.0,5176.0,505.0,4325.0
1756,194792,25.0,5177.0,508.0,4323.0
1757,194900,23.0,5177.0,506.0,4325.0
1758,195095,109.0,5178.0,501.0,4336.0
1759,195191,21.0,5168.0,467.0,4377.0
1760,195298,21.0,5169.0,447.0,4414.0
1761,195395,22.0,5170.0,425.0,4441.0
1762,195484,23.0,5169.0,412.0,4453.0
1763,195595,22.0,5177.0,414.0,4458.0
1764,195677,22.0,5170.0,411.0,4453.0
1765,195767,21.0,5197.0,402.0,4486.0
1766,195862,22.0,5197.0,404.0,4481.0
1767,195974,22.0,5186.0,392.0,4480.0
1768,196077,24.0,5172.0,378.0,4488.0
1769,196181,23.0,5180.0,383.0,4495.0
1770,196274,24.0,5173.0,377.0,4499.0
1771,196370,22.0,5167.0,367.0,4513.0
1772,196473,25.0,5156.0,358.0,4514.0
1773,196555,23.0,5159.0,373.0,4491.0
1774,196662,25.0,5150.0,330.0,4550.0
1775,196853,25.0,5151.0,329.0,4546.0
1776,196954,22.0,5164.0,330.0,4552.0
1777,197067,21.0,5165.0,325.0,4558.0
1778,197158,22.0,5145.0,310.0,4562.0
1779,197260,25.0,5171.0,335.0,4552.0
1780,197350,21.0,5166.0,326.0,4553.0
1781,197448,28.0,5201.0,343.0,4575.0
1782,197572,26.0,5191.0,332.0,4581.0
1783,197691,23.0,5207.0,344.0,4573.0
1784,197806,23.0,5218.0,348.0,4590.0
1785,197916,23.0,5220.0,348.0,4590.0
1786,198016,26.0,5221.0,335.0,4612.0
1787,198128,25.0,5212.0,336.0,4600.0
1788,198249,23.0,5207.0,336.0,4595.0
1789,198346,27.0,5209.0,318.0,4617.0
1790,198439,24.0,5198.0,307.0,4624.0
1791,198637,116.0,5196.0,307.0,4626.0
1792,198788,23.0,5205.0,314.0,4613.0
1793,198912,26.0,5214.0,323.0,4612.0
1794,199013,27.0,5208.0,311.0,4611.0
1795,199111,22.0,5234.0,327.0,4630.0
1796,199221,21.0,5243.0,327.0,4638.0
1797,199320,22.0,5253.0,320.0,4663.0
1798,199434,25.0,5242.0,307.0,4660.0
1799,199533,23.0,5244.0,306.0,4669.0
1800,199628,26.0,5254.0,315.0,4669.0
1801,199742,22.0,5247.0,306.0,4673.0
1802,199838,24.0,5244.0,305.0,4670.0
1803,199949,23.0,5258.0,319.0,4660.0
1804,200057,23.0,5251.0,319.0,4653.0
1805,200159,27.0,5252.0,320.0,4649.0
1806,200258,24.0,5252.0,322.0,4647.0
1807,200354,23.0,5252.0,323.0,4641.0
1808,200530,110.0,5272.0,343.0,4631.0
1809,200622,23.0,5269.0,351.0,4620.0
1810,200716,25.0,5267.0,361.0,4602.0
1811,200802,26.0,5278.0,372.0,4602.0
1812,200899,25.0,5275.0,391.0,4567.0
1813,200990,22.0,5291.0,408.0,4560.0
1814,201085,26.0,5295.0,421.0,4548.0
1815,201181,28.0,5304.0,431.0,4542.0
1816,201302,25.0,5295.0,431.0,4533.0
1817,201393,24.0,5289.0,433.0,4523.0
1818,201494,24.0,5289.0,433.0,4523.0
1819,201593,25.0,5289.0,432.0,4522.0
1820,201682,25.0,5277.0,421.0,4533.0
1821,201783,23.0,5277.0,422.0,4529.0
1822,201886,25.0,5279.0,406.0,4540.0
1823,201992,23.0,5270.0,387.0,4571.0
1824,202105,24.0,5274.0,389.0,4574.0
1825,202280,115.0,5264.0,389.0,4564.0
1826,202404,25.0,5265.0,396.0,4555.0
1827,202520,26.0,5265.0,379.0,4576.0
1828,202597,24.0,5274.0,377.0,4584.0
1829,202687,22.0,5274.0,360.0,4606.0
1830,202779,25.0,5263.0,348.0,4615.0
1831,202880,22.0,5253.0,348.0,4605.0
1832,202981,23.0,5261.0,359.0,4601.0
1833,203073,25.0,5273.0,355.0,4630.0
1834,203173,23.0,5276.0,349.0,4634.0
1835,203274,26.0,5262.0,354.0,4623.0
1836,203375,23.0,5255.0,346.0,4620.0
1837,203487,25.0,5256.0,331.0,4645.0
1838,203580,25.0,5254.0,340.0,4633.0
1839,203672,24.0,5260.0,341.0,4642.0
1840,203768,23.0,5252.0,334.0,4643.0
1841,203859,24.0,5251.0,344.0,4624.0
1842,203959,24.0,5236.0,337.0,4621.0
1843,204157,121.0,5245.0,344.0,4611.0
1844,204249,23.0,5245.0,344.0,4611.0
1845,204341,22.0,5252.0,351.0,4606.0
1846,204436,22.0,5250.0,347.0,4609.0
1847,204544,22.0,5251.0,345.0,4614.0
1848,204631,23.0,5252.0,365.0,4588.0
1849,204729,24.0,5226.0,360.0,4571.0
1850,204829,23.0,5234.0,378.0,4558.0
1851,204925,21.0,5226.0,381.0,4542.0
1852,205028,23.0,5227.0,372.0,4554.0
1853,205124,25.0,5234.0,388.0,4538.0
1854,205224,25.0,5223.0,383.0,4535.0
1855,205332,24.0,5213.0,373.0,4548.0
1856,205414,26.0,5213.0,363.0,4558.0
1857,205515,23.0,5209.0,363.0,4554.0
1858,205617,23.0,5211.0,360.0,4558.0
1859,205742,27.0,5205.0,359.0,4556.0
1860,205844,24.0,5207.0,361.0,4552.0
1861,206040,108.0,5201.0,348.0,4559.0
1862,206131,25.0,5201.0,348.0,4559.0
1863,206242,24.0,5198.0,344.0,4569.0
1864,206336,22.0,5194.0,348.0,4555.0
1865,206417,22.0,5205.0,358.0,4561.0
1866,206513,22.0,5206.0,341.0,4591.0
1867,206616,25.0,5197.0,329.0,4604.0
1868,206713,24.0,5187.0,330.0,4590.0
1869,206805,22.0,5189.0,336.0,4581.0
1870,206911,24.0,5185.0,308.0,4616.0
1871,207009,25.0,5205.0,328.0,4615.0
1872,207111,27.0,5196.0,328.0,4606.0
1873,207208,27.0,5198.0,310.0,4636.0
1874,207316,23.0,5190.0,309.0,4632.0
1875,207426,24.0,5192.0,311.0,4629.0
1876,207517,25.0,5197.0,313.0,4638.0
1877,207610,23.0,5199.0,304.0,4648.0
1878,207709,24.0,5188.0,305.0,4635.0
1879,207816,24.0,5191.0,308.0,4630.0
1880,208008,126.0,5181.0,308.0,4620.0
1881,208103,21.0,5184.0,309.0,4623.0
1882,208183,21.0,5171.0,309.0,4610.0
1883,208271,24.0,5174.0,308.0,4620.0
1884,208373,23.0,5188.0,322.0,4606.0
1885,208478,25.0,5195.0,331.0,4603.0
1886,208578,25.0,5202.0,350.0,4580.0
1887,208669,23.0,5205.0,353.0,4574.0
1888,208771,27.0,5204.0,353.0,4565.0
1889,208878,26.0,5217.0,357.0,4569.0
1890,208986,23.0,5217.0,357.0,4567.0
1891,209089,23.0,5205.0,357.0,4555.0
1892,209191,21.0,5208.0,370.0,4539.0
1893,209287,24.0,5205.0,362.0,4546.0
1894,209382,24.0,5193.0,361.0,4534.0
1895,209484,23.0,5204.0,366.0,4541.0
1896,209581,24.0,5206.0,357.0,4551.0
1897,209679,25.0,5206.0,354.0,4557.0
1898,209766,27.0,5213.0,359.0,4555.0
1899,209960,126.0,5205.0,354.0,4550.0
1900,210072,24.0,5207.0,354.0,4548.0
1901,210170,21.0,5211.0,353.0,4550.0
1902,210280,22.0,5212.0,344.0,4555.0
1903,210396,26.0,5212.0,336.0,4563.0
1904,210495,21.0,5232.0,362.0,4555.0
1905,210598,23.0,5232.0,352.0,4567.0
1906,210701,26.0,5236.0,355.0,4565.0
1907,210814,25.0,5242.0,348.0,4584.0
1908,210924,24.0,5246.0,349.0,4582.0
1909,211028,25.0,5243.0,329.0,4604.0
1910,211129,24.0,5254.0,337.0,4603.0
1911,211229,23.0,5256.0,328.0,4611.0
1912,211339,25.0,5258.0,304.0,4651.0
1913,211473,22.0,5263.0,303.0,4659.0
1914,211581,25.0,5274.0,307.0,4668.0
1915,211682,24.0,5284.0,316.0,4666.0
1916,211783,25.0,5284.0,315.0,4669.0
1917,211881,24.0,5293.0,323.0,4665.0
1918,211991,25.0,5292.0,323.0,4664.0
1919,212226,28.0,5301.0,289.0,4722.0
1920,212346,27.0,5310.0,296.0,4727.0
1921,212457,21.0,5310.0,287.0,4740.0
1922,212553,23.0,5314.0,289.0,4749.0
1923,212665,23.0,5315.0,291.0,4746.0
1924,212765,26.0,5312.0,287.0,4750.0
1925,212873,23.0,5312.0,281.0,4758.0
1926,212981,23.0,5326.0,298.0,4738.0
1927,213089,24.0,5325.0,296.0,4741.0
1928,213201,25.0,5328.0,288.0,4765.0
1929,213306,24.0,5338.0,296.0,4770.0
1930,213414,24.0,5339.0,298.0,4767.0
1931,213528,26.0,5343.0,301.0,4768.0
1932,213637,27.0,5350.0,311.0,4760.0
1933,213746,27.0,5348.0,310.0,4761.0
1934,213845,28.0,5346.0,314.0,4758.0
1935,213954,23.0,5346.0,314.0,4753.0
1936,214068,25.0,5346.0,306.0,4765.0
1937,214183,24.0,5344.0,306.0,4760.0
1938,214419,151.0,5344.0,304.0,4771.0
1939,214522,30.0,5341.0,294.0,4781.0
1940,214626,25.0,5336.0,283.0,4795.0
1941,214730,23.0,5339.0,284.0,4796.0
1942,214820,24.0,5337.0,284.0,4794.0
1943,214919,24.0,5341.0,288.0,4789.0
1944,215025,23.0,5356.0,298.0,4793.0
1945,215125,23.0,5361.0,287.0,4809.0
1946,215242,26.0,5365.0,283.0,4817.0
1947,215337,23.0,5373.0,291.0,4814.0
1948,215436,24.0,5373.0,291.0,4814.0
1949,215553,27.0,5374.0,292.0,4814.0
1950,215648,24.0,5374.0,280.0,4830.0
1951,215760,24.0,5365.0,278.0,4817.0
1952,215865,32.0,5374.0,287.0,4817.0
1953,215967,25.0,5381.0,291.0,4823.0
1954,216071,26.0,5377.0,283.0,4824.0
1955,216190,27.0,5379.0,282.0,4829.0
1956,216311,25.0,5378.0,283.0,4825.0
1957,216539,149.0,5378.0,280.0,4835.0
1958,216645,27.0,5385.0,273.0,4843.0
1959,216744,24.0,5394.0,271.0,4841.0
1960,216846,24.0,5407.0,284.0,4834.0
1961,216960,24.0,5418.0,290.0,4843.0
1962,217044,23.0,5431.0,307.0,4830.0
1963,217147,24.0,5429.0,304.0,4834.0
1964,217237,24.0,5427.0,307.0,4825.0
1965,217330,28.0,5427.0,304.0,4834.0
1966,217419,24.0,5428.0,305.0,4829.0
1967,217516,25.0,5433.0,290.0,4851.0
1968,217633,26.0,5443.0,297.0,4852.0
1969,217750,26.0,5451.0,302.0,4858.0
1970,217852,26.0,5450.0,301.0,4859.0
1971,217965,24.0,5449.0,301.0,4853.0
1972,218067,27.0,5454.0,304.0,4853.0
1973,218173,24.0,5462.0,312.0,4848.0
1974,218275,23.0,5463.0,313.0,4844.0
1975,218390,25.0,5466.0,316.0,4842.0
1976,218606,147.0,5468.0,316.0,4846.0
1977,218723,25.0,5472.0,321.0,4850.0
1978,218841,24.0,5488.0,337.0,4839.0
1979,218954,24.0,5489.0,335.0,4829.0
1980,219048,23.0,5492.0,339.0,4820.0
1981,219156,27.0,5508.0,354.0,4813.0
1982,219254,26.0,5515.0,361.0,4806.0
1983,219396,24.0,5515.0,354.0,4823.0
1984,219517,26.0,5519.0,361.0,4820.0
1985,219617,24.0,5536.0,378.0,4805.0
1986,219727,26.0,5532.0,378.0,4798.0
1987,219835,28.0,5533.0,377.0,4805.0
1988,219927,26.0,5531.0,374.0,4808.0
1989,220025,27.0,5539.0,384.0,4804.0
1990,220131,27.0,5542.0,365.0,4827.0
1991,220228,25.0,5542.0,365.0,4827.0
1992,220337,27.0,5546.0,370.0,4824.0
1993,220439,27.0,5549.0,374.0,4823.0
1994,220528,24.0,5556.0,381.0,4823.0
1995,220730,24.0,5559.0,377.0,4831.0
1996,220840,28.0,5563.0,381.0,4829.0
1997,220936,27.0,5565.0,380.0,4828.0
1998,221032,24.0,5588.0,403.0,4822.0
1999,221132,25.0,5589.0,404.0,4820.0
2000,221225,25.0,5598.0,415.0,4821.0
2001,221325,28.0,5597.0,411.0,4827.0
2002,221431,25.0,5597.0,412.0,4826.0
2003,221539,26.0,5597.0,412.0,4826.0
2004,221643,26.0,5599.0,412.0,4828.0
2005,221749,27.0,5599.0,412.0,4828.0
2006,221866,25.0,5600.0,410.0,4835.0
2007,221961,25.0,5597.0,409.0,4832.0
2008,222074,29.0,5607.0,417.0,4829.0
2009,222180,25.0,5619.0,427.0,4827.0
2010,222277,25.0,5628.0,433.0,4824.0
2011,222379,26.0,5638.0,441.0,4819.0
2012,222485,27.0,5643.0,446.0,4809.0
2013,222585,26.0,5642.0,444.0,4805.0
2014,224090,25.0,5646.0,433.0,4841.0
2015,224193,28.0,5652.0,440.0,4832.0
2016,224284,24.0,5658.0,446.0,4823.0
2017,224375,24.0,5656.0,445.0,4824.0
2018,224466,23.0,5656.0,445.0,4824.0
2019,224566,24.0,5660.0,449.0,4822.0
2020,224668,24.0,5657.0,450.0,4816.0
2021,224780,26.0,5659.0,447.0,4823.0
2022,224884,25.0,5676.0,463.0,4815.0
2023,224981,24.0,5672.0,463.0,4811.0
2024,225089,28.0,5675.0,448.0,4826.0
2025,225183,23.0,5676.0,425.0,4864.0
2026,225294,24.0,5648.0,420.0,4853.0
2027,225400,26.0,5649.0,388.0,4913.0
2028,225488,26.0,5653.0,392.0,4912.0
2029,225582,25.0,5649.0,396.0,4906.0
2030,225671,24.0,5657.0,393.0,4915.0
2031,225771,26.0,5654.0,375.0,4939.0
2032,225878,26.0,5657.0,379.0,4936.0
2033,226023,25.0,5656.0,371.0,4949.0
2034,226132,26.0,5654.0,366.0,4962.0
2035,226239,26.0,5659.0,345.0,5003.0
2036,226354,23.0,5652.0,340.0,5000.0
2037,226459,30.0,5654.0,348.0,4989.0
2038,226563,24.0,5656.0,353.0,4990.0
2039,226676,24.0,5676.0,363.0,5000.0
2040,226788,28.0,5665.0,361.0,4995.0
2041,226888,25.0,5663.0,355.0,5011.0
2042,226988,24.0,5668.0,364.0,5008.0
2043,227085,24.0,5670.0,361.0,5018.0
2044,227195,28.0,5672.0,363.0,5011.0
2045,227301,29.0,5669.0,362.0,5011.0
2046,227404,30.0,5659.0,349.0,5016.0
2047,227500,24.0,5639.0,345.0,5003.0
2048,227614,28.0,5638.0,325.0,5030.0
2049,227726,30.0,5616.0,306.0,5038.0
2050,227839,24.0,5624.0,299.0,5057.0
2051,227985,24.0,5621.0,302.0,5050.0
2052,228082,26.0,5638.0,291.0,5091.0
2053,228176,24.0,5631.0,294.0,5076.0
2054,228273,24.0,5636.0,278.0,5097.0
2055,228364,23.0,5640.0,282.0,5087.0
2056,228465,26.0,5628.0,268.0,5098.0
2057,228581,24.0,5628.0,268.0,5097.0
2058,228676,25.0,5635.0,267.0,5107.0
2059,228767,24.0,5646.0,268.0,5115.0
2060,228896,36.0,5645.0,250.0,5140.0
2061,228994,24.0,5658.0,246.0,5153.0
2062,229096,26.0,5662.0,255.0,5141.0
2063,229183,24.0,5659.0,269.0,5114.0
2064,229278,29.0,5658.0,270.0,5108.0
2065,229382,25.0,5657.0,270.0,5107.0
2066,229500,26.0,5658.0,261.0,5118.0
2067,229604,26.0,5668.0,262.0,5134.0
2068,229709,29.0,5663.0,253.0,5143.0
2069,229802,24.0,5669.0,270.0,5129.0
2070,229971,23.0,5664.0,260.0,5150.0
2071,230071,25.0,5667.0,246.0,5171.0
2072,230197,26.0,5667.0,243.0,5177.0
2073,230299,23.0,5625.0,243.0,5135.0
2074,230404,24.0,5625.0,243.0,5135.0
2075,230487,22.0,5622.0,243.0,5138.0
2076,230585,26.0,5613.0,248.0,5131.0
2077,230695,31.0,5627.0,261.0,5129.0
2078,230806,25.0,5623.0,262.0,5124.0
2079,230899,25.0,5630.0,266.0,5130.0
2080,230994,25.0,5643.0,267.0,5133.0
2081,231102,25.0,5631.0,259.0,5134.0
2082,231205,27.0,5640.0,272.0,5124.0
2083,231304,28.0,5664.0,276.0,5134.0
2084,231420,24.0,5666.0,276.0,5128.0
2085,231519,23.0,5666.0,276.0,5128.0
2086,231621,26.0,5676.0,283.0,5122.0
2087,231700,23.0,5674.0,284.0,5121.0
2088,231853,102.0,5673.0,276.0,5139.0
2089,231957,25.0,5674.0,266.0,5156.0
2090,232069,26.0,5677.0,258.0,5172.0
2091,232166,24.0,5653.0,257.0,5150.0
2092,232266,25.0,5658.0,260.0,5156.0
2093,232375,26.0,5657.0,260.0,5155.0
2094,232477,25.0,5657.0,260.0,5155.0
2095,232606,32.0,5648.0,261.0,5149.0
2096,232716,26.0,5637.0,242.0,5163.0
2097,232801,24.0,5618.0,240.0,5155.0
2098,232900,28.0,5626.0,248.0,5147.0
2099,232990,24.0,5627.0,259.0,5130.0
2100,233103,27.0,5623.0,258.0,5128.0
2101,233224,28.0,5618.0,252.0,5140.0
2102,233317,25.0,5616.0,261.0,5123.0
2103,233416,25.0,5618.0,264.0,5121.0
2104,233506,27.0,5626.0,272.0,5123.0
2105,233625,27.0,5628.0,274.0,5121.0
2106,233717,25.0,5639.0,275.0,5130.0
2107,233919,24.0,5639.0,261.0,5147.0
2108,234025,26.0,5641.0,263.0,5140.0
2109,234119,28.0,5645.0,269.0,5131.0
2110,234226,25.0,5650.0,265.0,5135.0
2111,234331,26.0,5648.0,262.0,5140.0
2112,234433,24.0,5649.0,254.0,5161.0
2113,234529,24.0,5649.0,254.0,5161.0
2114,234632,25.0,5655.0,261.0,5159.0
2115,234731,25.0,5657.0,261.0,5159.0
2116,234829,27.0,5657.0,261.0,5161.0
2117,234929,26.0,5660.0,264.0,5158.0
2118,235038,26.0,5661.0,263.0,5157.0
2119,235126,29.0,5672.0,267.0,5169.0
2120,235231,27.0,5672.0,270.0,5159.0
2121,235313,26.0,5673.0,264.0,5169.0
2122,235414,26.0,5679.0,269.0,5167.0
2123,235530,25.0,5681.0,271.0,5164.0
2124,235631,29.0,5672.0,281.0,5139.0
2125,235736,26.0,5672.0,282.0,5134.0
2126,235946,25.0,5672.0,272.0,5150.0
2127,236045,25.0,5678.0,276.0,5154.0
2128,236158,25.0,5681.0,271.0,5153.0
2129,236266,26.0,5682.0,272.0,5147.0
2130,236384,24.0,5682.0,272.0,5140.0
2131,236496,25.0,5679.0,265.0,5150.0
2132,236589,25.0,5679.0,264.0,5150.0
2133,236704,26.0,5679.0,263.0,5154.0
2134,236817,26.0,5679.0,262.0,5159.0
2135,236925,26.0,5679.0,262.0,5160.0
2136,237020,24.0,5678.0,253.0,5164.0
2137,237121,27.0,5675.0,253.0,5161.0
2138,237230,27.0,5687.0,256.0,5174.0
2139,237331,26.0,5682.0,257.0,5167.0
2140,237461,30.0,5686.0,258.0,5181.0
2141,237581,25.0,5676.0,255.0,5168.0
2142,237714,29.0,5683.0,263.0,5162.0
2143,237821,29.0,5672.0,264.0,5150.0
2144,238023,136.0,5673.0,265.0,5148.0
2145,238129,26.0,5677.0,269.0,5145.0
2146,238224,28.0,5679.0,271.0,5145.0
2147,238317,27.0,5681.0,275.0,5139.0
2148,238417,24.0,5672.0,280.0,5124.0
2149,238513,27.0,5672.0,280.0,5124.0
2150,238618,26.0,5674.0,282.0,5121.0
2151,238715,24.0,5678.0,288.0,5113.0
2152,238814,24.0,5687.0,297.0,5107.0
2153,238903,25.0,5673.0,303.0,5081.0
2154,239006,26.0,5679.0,309.0,5080.0
2155,239105,26.0,5668.0,313.0,5064.0
2156,239202,28.0,5677.0,322.0,5064.0
2157,239320,33.0,5674.0,323.0,5056.0
2158,239417,27.0,5674.0,326.0,5049.0
2159,239537,26.0,5672.0,323.0,5048.0
2160,239638,25.0,5683.0,333.0,5049.0
2161,239733,25.0,5683.0,333.0,5049.0
2162,239832,27.0,5685.0,328.0,5052.0
2163,240129,27.0,5695.0,328.0,5070.0
2164,240260,25.0,5694.0,318.0,5080.0
2165,240378,25.0,5696.0,322.0,5074.0
2166,240492,26.0,5704.0,299.0,5105.0
2167,240607,27.0,5714.0,300.0,5116.0
2168,240732,29.0,5714.0,293.0,5130.0
2169,240854,25.0,5717.0,288.0,5140.0
2170,240967,24.0,5717.0,288.0,5140.0
2171,241081,25.0,5717.0,287.0,5143.0
2172,241195,24.0,5720.0,290.0,5143.0
2173,241292,26.0,5731.0,293.0,5152.0
2174,241415,27.0,5732.0,293.0,5154.0
2175,241543,27.0,5731.0,285.0,5169.0
2176,241654,27.0,5735.0,289.0,5157.0
2177,241762,26.0,5746.0,297.0,5160.0
2178,241868,26.0,5751.0,294.0,5159.0
2179,242107,27.0,5760.0,303.0,5153.0
2180,242205,26.0,5766.0,311.0,5143.0
2181,242313,27.0,5787.0,333.0,5134.0
2182,242414,24.0,5796.0,341.0,5137.0
2183,242520,34.0,5795.0,326.0,5161.0
2184,242626,27.0,5800.0,311.0,5191.0
2185,242731,26.0,5804.0,313.0,5197.0
2186,242838,23.0,5807.0,315.0,5196.0
2187,242939,25.0,5816.0,311.0,5208.0
2188,243028,26.0,5814.0,310.0,5206.0
2189,243124,24.0,5814.0,310.0,5206.0
2190,243225,26.0,5822.0,317.0,5203.0
2191,243347,29.0,5825.0,321.0,5193.0
2192,243447,27.0,5825.0,312.0,5206.0
2193,243562,29.0,5833.0,314.0,5210.0
2194,243677,27.0,5832.0,317.0,5204.0
2195,243945,164.0,5830.0,296.0,5221.0
2196,244046,25.0,5837.0,301.0,5215.0
2197,244154,28.0,5838.0,300.0,5215.0
2198,244242,24.0,5851.0,313.0,5206.0
2199,244337,25.0,5859.0,321.0,5197.0
2200,244445,25.0,5857.0,320.0,5195.0
2201,244552,27.0,5869.0,332.0,5190.0
2202,244648,26.0,5870.0,333.0,5186.0
2203,244747,26.0,5895.0,353.0,5191.0
2204,244864,27.0,5909.0,366.0,5188.0
2205,244967,24.0,5910.0,364.0,5191.0
2206,245075,27.0,5911.0,363.0,5196.0
2207,245179,27.0,5912.0,359.0,5201.0
2208,245294,26.0,5912.0,355.0,5208.0
2209,245397,27.0,5914.0,355.0,5216.0
2210,245630,147.0,5921.0,354.0,5225.0
2211,245724,25.0,5930.0,351.0,5245.0
2212,245829,24.0,5931.0,348.0,5257.0
2213,245919,27.0,5928.0,348.0,5254.0
2214,246025,25.0,5928.0,337.0,5265.0
2215,246124,26.0,5933.0,341.0,5267.0
2216,246236,28.0,5942.0,342.0,5285.0
2217,246355,34.0,5945.0,324.0,5319.0
2218,246459,26.0,5946.0,322.0,5326.0
2219,246558,28.0,5946.0,317.0,5331.0
2220,246658,27.0,5949.0,319.0,5331.0
2221,246760,27.0,5955.0,324.0,5332.0
2222,246867,26.0,5964.0,335.0,5329.0
2223,246976,26.0,5975.0,345.0,5328.0
2224,247073,28.0,5986.0,342.0,5340.0
2225,247192,29.0,5985.0,343.0,5331.0
2226,247411,157.0,5989.0,340.0,5344.0
2227,247529,26.0,5990.0,341.0,5341.0
2228,247643,27.0,5989.0,337.0,5340.0
2229,247746,26.0,5989.0,335.0,5344.0
2230,247869,26.0,5991.0,330.0,5350.0
2231,247976,28.0,5986.0,320.0,5356.0
2232,248083,30.0,5984.0,317.0,5359.0
2233,248185,28.0,5984.0,315.0,5366.0
2234,248302,28.0,5983.0,316.0,5370.0
2235,248401,26.0,5990.0,326.0,5365.0
2236,248504,25.0,5990.0,325.0,5371.0
2237,248621,32.0,5996.0,333.0,5369.0
2238,248739,34.0,6001.0,337.0,5373.0
2239,248846,30.0,6001.0,337.0,5373.0
2240,248952,31.0,6012.0,348.0,5370.0
2241,249163,136.0,6013.0,348.0,5367.0
2242,249273,28.0,6023.0,351.0,5362.0
2243,249384,27.0,6025.0,351.0,5365.0
2244,249517,27.0,6020.0,349.0,5362.0
2245,249604,27.0,6027.0,353.0,5366.0
2246,249720,26.0,6034.0,355.0,5367.0
2247,249844,34.0,6037.0,357.0,5362.0
2248,249991,31.0,6035.0,353.0,5364.0
2249,250097,26.0,6030.0,351.0,5370.0
2250,250205,28.0,6031.0,349.0,5372.0
2251,250308,25.0,6031.0,347.0,5376.0
2252,250407,31.0,6043.0,359.0,5373.0
2253,250504,27.0,6046.0,361.0,5372.0
2254,250599,29.0,6044.0,360.0,5377.0
2255,250712,29.0,6045.0,365.0,5378.0
2256,250821,27.0,6049.0,365.0,5379.0
2257,251028,29.0,6049.0,363.0,5386.0
2258,251161,28.0,6049.0,365.0,5381.0
2259,251260,25.0,6049.0,364.0,5383.0
2260,251378,26.0,6052.0,366.0,5385.0
2261,251494,27.0,6052.0,364.0,5386.0
2262,251599,27.0,6060.0,372.0,5368.0
2263,251696,27.0,6067.0,374.0,5368.0
2264,251803,27.0,6070.0,377.0,5361.0
2265,251902,27.0,6071.0,378.0,5355.0
2266,252017,32.0,6075.0,382.0,5350.0
2267,252142,27.0,6083.0,387.0,5348.0
2268,252252,27.0,6086.0,386.0,5344.0
2269,252358,27.0,6088.0,387.0,5341.0
2270,252458,29.0,6089.0,383.0,5342.0
2271,252556,33.0,6100.0,395.0,5325.0
2272,253951,1320.0,6117.0,403.0,5332.0
2273,254062,26.0,6121.0,406.0,5332.0
2274,254186,27.0,6121.0,405.0,5334.0
2275,254283,26.0,6127.0,412.0,5337.0
2276,254400,29.0,6127.0,411.0,5339.0
2277,254496,27.0,6128.0,408.0,5333.0
2278,254608,26.0,6129.0,405.0,5341.0
2279,254716,28.0,6136.0,415.0,5334.0
2280,254819,27.0,6137.0,415.0,5336.0
2281,254917,26.0,6157.0,434.0,5329.0
2282,255023,28.0,6159.0,438.0,5322.0
2283,255121,27.0,6172.0,428.0,5356.0
2284,255244,29.0,6176.0,404.0,5392.0
2285,255351,26.0,6172.0,390.0,5411.0
2286,255465,29.0,6180.0,373.0,5447.0
2287,255570,26.0,6155.0,357.0,5451.0
2288,255701,25.0,6130.0,338.0,5455.0
2289,255809,27.0,6130.0,326.0,5478.0
2290,255902,27.0,6141.0,332.0,5484.0
2291,256005,29.0,6150.0,331.0,5493.0
2292,256109,27.0,6155.0,328.0,5506.0
2293,256201,26.0,6152.0,312.0,5531.0
2294,256320,31.0,6159.0,315.0,5530.0
2295,256435,29.0,6141.0,308.0,5524.0
2296,256530,31.0,6178.0,340.0,5522.0
2297,256634,27.0,6177.0,334.0,5529.0
2298,256745,28.0,6178.0,318.0,5549.0
2299,256858,31.0,6176.0,302.0,5573.0
2300,256963,27.0,6166.0,302.0,5559.0
2301,257060,27.0,6159.0,312.0,5539.0
2302,257170,25.0,6161.0,299.0,5557.0
2303,257329,78.0,6171.0,307.0,5559.0
2304,257434,25.0,6171.0,281.0,5600.0
2305,257549,26.0,6148.0,281.0,5577.0
2306,257655,27.0,6145.0,278.0,5580.0
2307,257753,27.0,6132.0,262.0,5589.0
2308,257840,25.0,6137.0,252.0,5608.0
2309,257946,26.0,6141.0,247.0,5617.0
2310,258059,29.0,6134.0,248.0,5608.0
2311,258169,28.0,6135.0,247.0,5603.0
2312,258294,29.0,6133.0,238.0,5618.0
2313,258389,27.0,6143.0,237.0,5622.0
2314,258491,25.0,6149.0,242.0,5620.0
2315,258610,27.0,6149.0,242.0,5623.0
2316,258721,27.0,6141.0,240.0,5619.0
2317,258859,28.0,6133.0,231.0,5636.0
2318,258954,27.0,6138.0,238.0,5628.0
2319,259103,26.0,6155.0,234.0,5647.0
2320,259199,28.0,6156.0,235.0,5641.0
2321,259292,25.0,6175.0,249.0,5648.0
2322,259402,27.0,6167.0,242.0,5651.0
2323,259496,27.0,6172.0,239.0,5663.0
2324,259599,26.0,6175.0,234.0,5676.0
2325,259690,27.0,6191.0,243.0,5681.0
2326,259792,29.0,6192.0,243.0,5680.0
2327,259897,27.0,6179.0,231.0,5683.0
2328,260003,25.0,6162.0,230.0,5670.0
2329,260115,27.0,6153.0,222.0,5675.0
2330,260228,27.0,6164.0,229.0,5679.0
2331,260328,26.0,6154.0,211.0,5696.0
2332,260445,29.0,6155.0,212.0,5692.0
2333,260564,27.0,6147.0,212.0,5687.0
2334,260666,27.0,6135.0,212.0,5675.0
2335,260831,26.0,6133.0,210.0,5679.0
2336,260928,29.0,6133.0,208.0,5683.0
2337,261029,26.0,6129.0,201.0,5690.0
2338,261133,29.0,6129.0,201.0,5690.0
2339,261254,26.0,6139.0,201.0,5700.0
2340,261357,26.0,6137.0,199.0,5702.0
2341,261466,28.0,6130.0,199.0,5695.0
2342,261572,26.0,6139.0,208.0,5693.0
2343,261656,26.0,6119.0,203.0,5685.0
2344,261763,26.0,6120.0,203.0,5688.0
2345,261868,28.0,6129.0,213.0,5685.0
2346,261962,25.0,6123.0,218.0,5670.0
2347,262057,27.0,6106.0,218.0,5652.0
2348,262164,25.0,6106.0,208.0,5669.0
2349,262269,26.0,6107.0,209.0,5665.0
2350,262480,114.0,6120.0,219.0,5663.0
2351,262584,24.0,6130.0,228.0,5653.0
2352,262684,26.0,6128.0,228.0,5651.0
2353,262787,26.0,6121.0,221.0,5645.0
2354,262894,26.0,6122.0,211.0,5652.0
2355,262994,29.0,6119.0,211.0,5649.0
2356,263087,26.0,6135.0,219.0,5656.0
2357,263187,26.0,6138.0,216.0,5654.0
2358,263287,28.0,6141.0,223.0,5656.0
2359,263387,26.0,6156.0,226.0,5667.0
2360,263484,27.0,6174.0,238.0,5659.0
2361,263598,27.0,6162.0,235.0,5655.0
2362,263696,27.0,6154.0,235.0,5647.0
2363,263806,29.0,6135.0,232.0,5636.0
2364,263917,28.0,6151.0,236.0,5655.0
2365,264024,27.0,6151.0,235.0,5655.0
2366,264210,117.0,6151.0,235.0,5655.0
2367,264305,29.0,6159.0,238.0,5660.0
2368,264406,26.0,6159.0,238.0,5660.0
2369,264500,27.0,6146.0,232.0,5650.0
2370,264587,26.0,6142.0,226.0,5661.0
2371,264694,26.0,6131.0,227.0,5646.0
2372,264805,27.0,6122.0,226.0,5642.0
2373,264897,27.0,6132.0,235.0,5640.0
2374,264998,28.0,6136.0,238.0,5632.0
2375,265105,28.0,6139.0,240.0,5630.0
2376,265199,26.0,6148.0,250.0,5625.0
2377,265312,30.0,6149.0,242.0,5642.0
2378,265419,26.0,6144.0,232.0,5649.0
2379,265520,28.0,6149.0,235.0,5652.0
2380,265620,27.0,6160.0,245.0,5647.0
2381,265711,27.0,6166.0,234.0,5668.0
2382,265812,27.0,6155.0,220.0,5673.0
2383,266008,26.0,6153.0,222.0,5663.0
2384,266112,25.0,6151.0,228.0,5651.0
2385,266235,26.0,6151.0,229.0,5647.0
2386,266325,26.0,6141.0,229.0,5637.0
2387,266420,29.0,6154.0,239.0,5640.0
2388,266518,26.0,6154.0,231.0,5656.0
2389,266627,27.0,6158.0,237.0,5642.0
2390,266716,28.0,6158.0,239.0,5636.0
2391,266830,27.0,6160.0,242.0,5632.0
2392,266928,26.0,6146.0,241.0,5621.0
2393,267027,28.0,6139.0,233.0,5628.0
2394,267131,28.0,6147.0,243.0,5624.0
2395,267241,29.0,6131.0,245.0,5613.0
2396,267348,29.0,6128.0,247.0,5603.0
2397,267432,27.0,6145.0,262.0,5603.0
2398,267525,28.0,6138.0,261.0,5599.0
2399,267705,105.0,6149.0,272.0,5597.0
2400,267809,33.0,6151.0,274.0,5588.0
2401,267918,26.0,6151.0,278.0,5578.0
2402,268027,26.0,6145.0,278.0,5572.0
2403,268123,26.0,6147.0,280.0,5571.0
2404,268227,27.0,6155.0,290.0,5569.0
2405,268326,26.0,6156.0,291.0,5565.0
2406,268426,27.0,6160.0,301.0,5551.0
2407,268549,30.0,6159.0,302.0,5549.0
2408,268657,30.0,6156.0,303.0,5544.0
2409,268766,26.0,6165.0,314.0,5541.0
2410,268852,27.0,6148.0,314.0,5524.0
2411,268942,27.0,6164.0,328.0,5515.0
2412,269047,28.0,6164.0,323.0,5520.0
2413,269150,29.0,6155.0,326.0,5508.0
2414,269252,28.0,6156.0,327.0,5506.0
2415,269358,31.0,6162.0,332.0,5511.0
2416,269553,126.0,6171.0,340.0,5509.0
2417,269679,26.0,6176.0,340.0,5522.0
2418,269781,34.0,6189.0,352.0,5509.0
2419,269890,26.0,6192.0,335.0,5527.0
2420,269992,30.0,6201.0,335.0,5538.0
2421,270109,27.0,6202.0,335.0,5542.0
2422,270226,28.0,6200.0,335.0,5538.0
2423,270330,27.0,6216.0,345.0,5546.0
2424,270443,27.0,6230.0,349.0,5549.0
2425,270557,28.0,6233.0,350.0,5549.0
2426,270676,27.0,6236.0,355.0,5534.0
2427,270795,37.0,6234.0,346.0,5542.0
2428,270906,27.0,6241.0,335.0,5559.0
2429,271051,31.0,6244.0,340.0,5556.0
2430,271145,28.0,6255.0,348.0,5545.0
2431,271265,28.0,6258.0,325.0,5587.0
2432,271382,27.0,6260.0,327.0,5585.0
2433,271577,113.0,6264.0,329.0,5586.0
2434,271690,29.0,6273.0,327.0,5599.0
2435,271803,27.0,6279.0,333.0,5597.0
2436,271921,27.0,6285.0,338.0,5585.0
2437,272040,28.0,6297.0,343.0,5583.0
2438,272164,30.0,6304.0,346.0,5584.0
2439,272275,26.0,6308.0,341.0,5590.0
2440,272383,27.0,6319.0,353.0,5587.0
2441,272501,30.0,6321.0,355.0,5583.0
2442,272612,28.0,6317.0,357.0,5574.0
2443,272745,28.0,6314.0,343.0,5592.0
2444,272876,30.0,6315.0,344.0,5592.0
2445,272988,30.0,6331.0,361.0,5589.0
2446,273100,30.0,6332.0,354.0,5610.0
2447,273217,32.0,6345.0,357.0,5613.0
2448,273331,28.0,6348.0,359.0,5616.0
2449,273447,27.0,6355.0,365.0,5619.0
2450,273564,27.0,6359.0,369.0,5614.0
2451,273751,27.0,6358.0,350.0,5641.0
2452,273847,29.0,6356.0,346.0,5644.0
2453,273956,28.0,6354.0,330.0,5665.0
2454,274071,31.0,6353.0,327.0,5667.0
2455,274192,36.0,6362.0,320.0,5693.0
2456,274317,26.0,6364.0,314.0,5706.0
2457,274437,32.0,6379.0,325.0,5703.0
2458,274544,28.0,6380.0,311.0,5729.0
2459,274637,28.0,6383.0,314.0,5719.0
2460,274742,27.0,6384.0,306.0,5737.0
2461,274842,30.0,6385.0,304.0,5739.0
2462,274948,32.0,6393.0,310.0,5741.0
2463,275053,28.0,6394.0,311.0,5735.0
2464,275150,28.0,6396.0,306.0,5735.0
2465,275258,31.0,6405.0,314.0,5734.0
2466,275358,31.0,6405.0,311.0,5746.0
2467,275473,26.0,6404.0,306.0,5750.0
2468,275577,31.0,6405.0,307.0,5756.0
2469,275778,34.0,6413.0,310.0,5761.0
2470,275880,30.0,6417.0,314.0,5754.0
2471,275978,27.0,6417.0,311.0,5761.0
2472,276083,29.0,6416.0,308.0,5763.0
2473,276202,30.0,6425.0,315.0,5761.0
2474,276323,33.0,6424.0,317.0,5758.0
2475,276435,30.0,6426.0,313.0,5776.0
2476,276538,30.0,6440.0,325.0,5780.0
2477,276642,28.0,6436.0,322.0,5783.0
2478,276744,26.0,6447.0,333.0,5775.0
2479,276858,37.0,6454.0,329.0,5786.0
2480,276989,28.0,6462.0,331.0,5796.0
2481,277105,29.0,6462.0,333.0,5796.0
2482,277214,30.0,6465.0,329.0,5806.0
2483,277339,30.0,6466.0,327.0,5812.0
2484,277442,29.0,6462.0,327.0,5808.0
2485,277526,29.0,6472.0,333.0,5801.0
2486,277618,29.0,6472.0,323.0,5814.0
2487,277829,29.0,6472.0,322.0,5816.0
2488,277940,28.0,6476.0,316.0,5824.0
2489,278057,29.0,6476.0,313.0,5824.0
2490,278167,31.0,6478.0,316.0,5817.0
2491,278284,28.0,6487.0,323.0,5822.0
2492,278389,28.0,6487.0,322.0,5824.0
2493,278496,29.0,6488.0,314.0,5836.0
2494,278608,28.0,6490.0,302.0,5844.0
2495,278716,28.0,6490.0,301.0,5851.0
2496,278826,29.0,6487.0,301.0,5841.0
2497,278926,29.0,6493.0,302.0,5850.0
2498,279019,31.0,6501.0,303.0,5856.0
2499,279128,28.0,6501.0,303.0,5855.0
2500,279237,29.0,6504.0,306.0,5853.0
2501,279350,29.0,6504.0,305.0,5858.0
2502,279477,31.0,6503.0,305.0,5857.0
2503,279571,30.0,6519.0,321.0,5847.0
2504,279674,27.0,6535.0,338.0,5828.0
2505,279876,136.0,6539.0,332.0,5846.0
2506,279972,28.0,6549.0,341.0,5845.0
2507,280086,31.0,6551.0,345.0,5835.0
2508,280203,31.0,6555.0,339.0,5849.0
2509,280294,28.0,6563.0,347.0,5848.0
2510,280420,31.0,6560.0,347.0,5845.0
2511,280519,27.0,6567.0,351.0,5849.0
2512,280627,28.0,6570.0,352.0,5849.0
2513,280741,30.0,6570.0,351.0,5849.0
2514,280837,29.0,6582.0,361.0,5848.0
2515,280947,31.0,6580.0,361.0,5846.0
2516,281066,31.0,6579.0,359.0,5849.0
2517,281170,29.0,6576.0,357.0,5851.0
2518,281295,30.0,6572.0,356.0,5850.0
2519,281416,31.0,6576.0,355.0,5848.0
2520,281516,31.0,6588.0,365.0,5845.0
2521,281615,30.0,6589.0,363.0,5847.0
2522,281731,30.0,6599.0,373.0,5842.0
2523,281837,29.0,6598.0,373.0,5841.0
2524,282029,29.0,6594.0,370.0,5844.0
2525,282139,29.0,6596.0,372.0,5841.0
2526,282252,27.0,6605.0,381.0,5831.0
2527,282354,28.0,6607.0,383.0,5828.0
2528,282448,28.0,6609.0,384.0,5822.0
2529,282550,31.0,6609.0,383.0,5824.0
2530,282657,29.0,6610.0,384.0,5820.0
2531,282760,31.0,6614.0,387.0,5821.0
2532,282892,29.0,6614.0,387.0,5821.0
2533,282992,34.0,6627.0,401.0,5817.0
2534,283101,32.0,6631.0,404.0,5821.0
2535,283205,30.0,6633.0,401.0,5826.0
2536,283289,31.0,6644.0,412.0,5823.0
2537,283394,32.0,6650.0,415.0,5831.0
2538,283500,28.0,6650.0,416.0,5830.0
2539,283609,31.0,6665.0,429.0,5817.0
2540,283721,29.0,6661.0,427.0,5813.0
2541,283826,29.0,6659.0,426.0,5813.0
2542,283949,32.0,6668.0,438.0,5807.0
2543,284159,33.0,6676.0,440.0,5809.0
2544,284284,32.0,6671.0,440.0,5804.0
2545,284385,27.0,6671.0,437.0,5804.0
2546,284496,30.0,6682.0,450.0,5801.0
2547,284605,32.0,6677.0,452.0,5792.0
2548,284739,42.0,6684.0,458.0,5795.0
2549,284867,53.0,6699.0,470.0,5793.0
2550,284971,29.0,6710.0,478.0,5797.0
2551,285078,32.0,6726.0,461.0,5847.0
2552,285184,30.0,6726.0,460.0,5850.0
2553,285284,31.0,6697.0,444.0,5839.0
2554,285419,41.0,6694.0,446.0,5853.0
2555,285541,30.0,6704.0,422.0,5903.0
2556,285653,32.0,6722.0,422.0,5939.0
2557,285777,35.0,6717.0,409.0,5962.0
2558,285901,32.0,6721.0,396.0,5981.0
2559,286017,31.0,6720.0,388.0,5993.0
2560,286119,31.0,6704.0,363.0,6027.0
2561,286374,155.0,6695.0,315.0,6081.0
2562,286490,31.0,6694.0,318.0,6077.0
2563,286627,34.0,6694.0,300.0,6099.0
2564,286762,29.0,6688.0,292.0,6101.0
2565,286861,31.0,6671.0,292.0,6084.0
2566,286965,33.0,6669.0,289.0,6087.0
2567,287081,32.0,6653.0,289.0,6071.0
2568,287201,29.0,6644.0,282.0,6073.0
2569,287305,30.0,6640.0,271.0,6076.0
2570,287424,31.0,6647.0,271.0,6095.0
2571,287524,33.0,6643.0,261.0,6109.0
2572,287637,30.0,6639.0,266.0,6096.0
2573,287738,30.0,6646.0,266.0,6103.0
2574,287850,31.0,6647.0,276.0,6092.0
2575,287963,29.0,6650.0,289.0,6072.0
2576,288079,31.0,6649.0,278.0,6090.0
2577,288181,30.0,6659.0,287.0,6090.0
2578,288282,29.0,6650.0,288.0,6080.0
2579,288392,33.0,6664.0,280.0,6114.0
2580,288608,130.0,6669.0,285.0,6108.0
2581,288699,27.0,6659.0,284.0,6101.0
2582,288804,28.0,6652.0,276.0,6108.0
2583,288913,29.0,6642.0,271.0,6107.0
2584,289032,26.0,6647.0,266.0,6122.0
2585,289143,31.0,6633.0,257.0,6130.0
2586,289244,29.0,6656.0,273.0,6123.0
2587,289356,32.0,6645.0,272.0,6116.0
2588,289465,30.0,6638.0,273.0,6105.0
2589,289578,30.0,6626.0,271.0,6097.0
2590,289678,28.0,6641.0,263.0,6115.0
2591,289774,27.0,6631.0,263.0,6105.0
2592,289896,30.0,6635.0,244.0,6141.0
2593,290009,31.0,6635.0,228.0,6166.0
2594,290105,31.0,6642.0,233.0,6159.0
2595,290204,28.0,6623.0,225.0,6154.0
2596,290317,28.0,6633.0,235.0,6143.0
2597,290413,30.0,6621.0,235.0,6131.0
2598,290509,29.0,6630.0,241.0,6125.0
2599,290712,136.0,6630.0,241.0,6125.0
2600,290811,29.0,6618.0,248.0,6104.0
2601,290918,28.0,6624.0,256.0,6097.0
2602,291036,31.0,6617.0,259.0,6085.0
2603,291158,29.0,6623.0,266.0,6076.0
2604,291258,28.0,6622.0,266.0,6075.0
2605,291365,29.0,6615.0,276.0,6058.0
2606,291484,37.0,6634.0,286.0,6052.0
2607,291600,31.0,6625.0,281.0,6057.0
2608,291705,29.0,6624.0,263.0,6084.0
2609,291809,29.0,6624.0,243.0,6117.0
2610,291917,29.0,6609.0,243.0,6102.0
2611,292017,32.0,6602.0,244.0,6091.0
2612,292134,30.0,6602.0,237.0,6106.0
2613,292226,28.0,6594.0,239.0,6096.0
2614,292334,29.0,6588.0,231.0,6102.0
2615,292443,31.0,6593.0,236.0,6097.0
2616,292547,32.0,6601.0,244.0,6095.0
2617,292676,29.0,6602.0,236.0,6110.0
2618,292801,32.0,6608.0,235.0,6115.0
2619,294281,27.0,6610.0,197.0,6177.0
2620,294362,25.0,6602.0,196.0,6171.0
2621,294466,27.0,6603.0,191.0,6183.0
2622,294569,30.0,6603.0,191.0,6185.0
2623,294664,28.0,6621.0,208.0,6169.0
2624,294773,28.0,6619.0,200.0,6177.0
2625,294886,30.0,6602.0,200.0,6160.0
2626,294991,27.0,6600.0,200.0,6158.0
2627,295105,33.0,6595.0,195.0,6164.0
2628,295220,28.0,6603.0,203.0,6158.0
2629,295345,29.0,6598.0,202.0,6157.0
2630,295458,31.0,6596.0,201.0,6159.0
2631,295585,29.0,6595.0,200.0,6161.0
2632,295689,28.0,6586.0,212.0,6131.0
2633,295788,29.0,6583.0,207.0,6141.0
2634,295896,28.0,6575.0,203.0,6146.0
2635,296004,28.0,6575.0,196.0,6161.0
2636,296128,30.0,6576.0,190.0,6174.0
2637,296231,31.0,6578.0,182.0,6185.0
2638,296371,71.0,6590.0,194.0,6172.0
2639,296473,31.0,6592.0,183.0,6198.0
2640,296599,31.0,6593.0,176.0,6207.0
2641,296711,29.0,6599.0,182.0,6203.0
2642,296808,28.0,6605.0,183.0,6205.0
2643,296915,29.0,6600.0,182.0,6204.0
2644,297029,29.0,6610.0,191.0,6203.0
2645,297138,28.0,6620.0,192.0,6207.0
2646,297258,32.0,6617.0,188.0,6212.0
2647,297355,29.0,6617.0,186.0,6222.0
2648,297472,30.0,6624.0,192.0,6215.0
2649,297559,30.0,6628.0,197.0,6209.0
2650,297683,31.0,6628.0,193.0,6216.0
2651,297812,31.0,6629.0,193.0,6220.0
2652,297920,34.0,6611.0,181.0,6215.0
2653,298017,29.0,6602.0,191.0,6193.0
2654,298113,31.0,6584.0,193.0,6166.0
2655,298232,40.0,6594.0,196.0,6178.0
2656,298343,32.0,6609.0,210.0,6172.0
2657,298536,101.0,6608.0,211.0,6170.0
2658,298653,36.0,6609.0,212.0,6170.0
2659,298745,27.0,6611.0,217.0,6167.0
2660,298843,28.0,6615.0,220.0,6158.0
2661,298970,38.0,6605.0,220.0,6148.0
2662,299067,27.0,6605.0,219.0,6148.0
2663,299194,37.0,6618.0,232.0,6139.0
2664,299307,30.0,6622.0,234.0,6137.0
2665,299418,32.0,6613.0,237.0,6128.0
2666,299533,33.0,6609.0,245.0,6113.0
2667,299664,33.0,6597.0,239.0,6106.0
2668,299781,30.0,6606.0,243.0,6107.0
2669,299882,30.0,6610.0,248.0,6113.0
2670,299978,28.0,6619.0,256.0,6111.0
2671,300104,27.0,6621.0,245.0,6132.0
