tick,timestamp,query_runtime,trav_index_nodes,trav_vol_nodes,trav_unprod_nodes
0,450,3,6,6,0
1,730,1,11,11,0
2,944,2,18,18,0
3,1115,3,42,42,0
4,1336,2,64,64,0
5,1502,2,68,68,0
6,1704,2,87,87,0
7,1872,2,89,89,0
8,2025,3,97,97,0
9,2184,3,115,115,0
10,2347,5,120,120,0
11,2473,2,131,131,0
12,2632,2,137,137,0
13,2789,2,156,156,0
14,2935,2,161,161,0
15,3080,2,173,173,0
16,3214,4,179,179,0
17,3375,2,187,187,0
18,3523,3,189,189,0
19,3662,2,198,198,0
20,3781,3,217,217,0
21,3959,4,220,220,0
22,4085,2,235,235,0
23,4193,2,255,255,0
24,4293,2,262,262,0
25,4409,2,274,274,0
26,4508,2,297,297,0
27,4580,3,311,311,0
28,4654,2,316,316,0
29,4778,2,335,335,0
30,4908,3,344,344,0
31,5010,2,351,351,0
32,5106,3,357,357,0
33,5208,3,362,362,0
34,5319,2,368,368,0
35,5429,2,375,375,0
36,5522,4,379,379,0
37,5618,4,383,383,0
38,5736,6,386,386,0
39,5830,3,408,408,0
40,5948,4,414,414,0
41,6078,4,420,420,0
42,6200,3,431,431,0
43,6324,4,439,439,0
44,6457,36,458,458,0
45,6572,3,461,461,0
46,6649,3,470,470,0
47,6736,3,486,486,0
48,6838,4,500,500,0
49,6914,4,517,517,0
50,7024,3,520,520,0
51,7139,5,529,529,0
52,7254,4,532,532,0
53,7359,3,532,532,0
54,7450,3,537,537,0
55,7568,5,539,539,0
56,7682,4,544,544,0
57,7780,3,550,550,0
58,7878,4,553,553,0
59,8017,47,557,557,0
60,8116,4,570,570,0
61,8214,3,591,591,0
62,8304,4,595,595,0
63,8382,4,603,603,0
64,8465,4,608,608,0
65,8547,4,614,614,0
66,8648,4,618,618,0
67,8748,4,624,624,0
68,8879,4,627,627,0
69,8964,4,632,632,0
70,9061,4,635,635,0
71,9156,4,649,649,0
72,9258,5,650,650,0
73,9344,6,654,654,0
74,9462,5,662,662,0
75,9592,7,675,675,0
76,9664,5,677,677,0
77,9745,8,684,684,0
78,9838,6,693,693,0
79,9965,7,697,697,0
80,10067,6,708,708,0
81,10521,4,716,716,0
82,10581,6,721,721,0
83,10669,5,735,735,0
84,10766,5,741,741,0
85,10873,5,747,747,0
86,10957,5,763,763,0
87,11058,5,767,767,0
88,11168,5,769,769,0
89,11249,5,774,774,0
90,11325,6,779,779,0
91,11429,5,788,788,0
92,11538,5,795,795,0
93,11647,6,811,811,0
94,11713,5,813,813,0
95,11806,6,815,815,0
96,11893,6,818,818,0
97,11997,6,826,826,0
98,12093,6,829,829,0
99,12193,6,834,834,0
100,12274,5,838,838,0
101,12378,5,840,840,0
102,12489,5,847,847,0
103,12610,5,850,850,0
104,12715,6,851,851,0
105,12823,6,869,869,0
106,12903,6,876,876,0
107,12994,6,885,885,0
108,13087,6,898,898,0
109,13153,6,901,901,0
110,13223,6,902,902,0
111,13302,7,908,908,0
112,13399,6,910,910,0
113,13487,7,916,916,0
114,13578,7,919,919,0
115,13675,6,926,926,0
116,13782,6,931,931,0
117,13871,9,935,935,0
118,13971,9,953,953,0
119,14063,9,966,966,0
120,14158,8,966,966,0
121,14238,7,968,968,0
122,14328,7,994,994,0
123,14406,7,1006,1006,0
124,14489,6,1008,1008,0
125,14581,6,1023,1023,0
126,14685,6,1027,1027,0
127,14784,8,1032,1032,0
128,14900,8,1039,1039,0
129,15016,7,1044,1044,0
130,15176,6,1047,1047,0
131,15280,6,1048,1048,0
132,15364,7,1052,1052,0
133,15463,6,1054,1054,0
134,15542,7,1079,1079,0
135,15637,7,1098,1098,0
136,15745,6,1104,1104,0
137,15833,8,1114,1114,0
138,15919,7,1131,1131,0
139,16025,8,1139,1139,0
140,16120,8,1144,1144,0
141,16221,8,1148,1148,0
142,16336,8,1158,1158,0
143,16441,14,1171,1171,0
144,16543,8,1175,1175,0
145,16615,8,1180,1180,0
146,16705,8,1184,1184,0
147,16813,8,1189,1189,0
148,16910,10,1210,1210,0
149,16997,9,1213,1213,0
150,17105,8,1216,1216,0
151,17201,8,1223,1223,0
152,17282,7,1226,1226,0
153,17374,8,1242,1242,0
154,17466,9,1257,1257,0
155,17526,8,1270,1270,0
156,17651,8,1278,1278,0
157,17720,9,1298,1298,0
158,17799,9,1312,1312,0
159,17905,9,1319,1319,0
160,18062,8,1332,1332,0
161,18156,8,1341,1341,0
162,18234,8,1345,1345,0
163,18344,8,1358,1358,0
164,18432,8,1381,1381,0
165,18516,9,1394,1394,0
166,18587,12,1421,1421,0
167,18679,9,1433,1433,0
168,18753,9,1444,1444,0
169,18859,8,1447,1447,0
170,18959,9,1454,1454,0
171,19075,9,1461,1461,0
172,19166,9,1465,1465,0
173,19261,13,1477,1477,0
174,19354,9,1482,1482,0
175,19443,10,1491,1491,0
176,19537,9,1497,1497,0
177,19620,9,1515,1515,0
178,19715,9,1522,1522,0
179,19810,9,1544,1544,0
180,19904,10,1550,1550,0
181,20016,10,1557,1557,0
182,20115,11,1562,1562,0
183,20205,9,1573,1573,0
184,20295,8,1583,1583,0
185,20367,10,1588,1588,0
186,20463,10,1600,1600,0
187,20547,10,1603,1603,0
188,20629,10,1606,1606,0
189,20733,11,1611,1611,0
190,20836,10,1623,1623,0
191,20929,11,1625,1625,0
192,21862,9,1631,1631,0
193,21959,9,1634,1634,0
194,22031,10,1647,1647,0
195,22142,12,1653,1653,0
196,22225,10,1664,1664,0
197,22302,10,1679,1679,0
198,22383,10,1682,1682,0
199,22466,10,1685,1685,0
200,22565,10,1688,1688,0
201,22641,11,1691,1691,0
202,22731,10,1699,1699,0
203,22824,12,1704,1704,0
204,22910,10,1716,1716,0
205,22976,11,1722,1722,0
206,23072,12,1738,1738,0
207,23182,11,1751,1751,0
208,23278,11,1754,1754,0
209,23347,12,1755,1755,0
210,23438,11,1756,1756,0
211,23526,11,1759,1759,0
212,23613,11,1760,1760,0
213,23708,11,1778,1778,0
214,23792,11,1780,1780,0
215,23865,13,1784,1784,0
216,23939,12,1801,1801,0
217,24030,12,1805,1805,0
218,24120,12,1809,1809,0
219,24207,11,1811,1811,0
220,24325,15,1817,1817,0
221,24420,12,1835,1835,0
222,24510,11,1850,1850,0
223,24664,11,1853,1853,0
224,24768,11,1856,1856,0
225,24863,11,1867,1867,0
226,24966,11,1872,1872,0
227,25058,11,1875,1875,0
228,25139,11,1876,1876,0
229,25233,11,1879,1879,0
230,25293,12,1881,1881,0
231,25371,12,1884,1884,0
232,25439,16,1897,1897,0
233,25542,11,1901,1901,0
234,25614,11,1905,1905,0
235,25707,12,1906,1906,0
236,25801,12,1910,1910,0
237,25895,12,1917,1917,0
238,25988,12,1926,1926,0
239,26060,12,1928,1928,0
240,26127,12,1939,1939,0
241,26220,12,1954,1954,0
242,26306,13,1975,1975,0
243,26407,13,1981,1981,0
244,26503,11,1986,1986,0
245,26590,11,1989,1989,0
246,26672,13,2004,2004,0
247,26769,12,2010,2010,0
248,26897,13,2016,2016,0
249,26973,13,2018,2018,0
250,27055,13,2026,2026,0
251,27141,15,2032,2032,0
252,27226,14,2052,2052,0
253,27307,13,2060,2060,0
254,27389,12,2065,2065,0
255,27473,14,2065,2065,0
256,27552,13,2072,2072,0
257,27712,80,2074,2074,0
258,27799,12,2084,2084,0
259,27881,13,2095,2095,0
260,27969,12,2099,2099,0
261,28083,12,2101,2101,0
262,28158,13,2107,2107,0
263,28225,13,2110,2110,0
264,28321,12,2116,2116,0
265,28413,14,2119,2119,0
266,28489,13,2129,2129,0
267,28568,13,2143,2143,0
268,28668,14,2150,2150,0
269,28773,13,2155,2155,0
270,28863,13,2164,2164,0
271,28957,13,2169,2169,0
272,29030,14,2170,2170,0
273,29132,15,2182,2182,0
274,29236,14,2188,2188,0
275,29323,14,2199,2199,0
276,29408,14,2211,2211,0
277,29508,14,2215,2215,0
278,29592,13,2217,2217,0
279,29686,15,2220,2220,0
280,29769,15,2225,2225,0
281,29858,14,2226,2226,0
282,29958,13,2238,2238,0
283,30057,13,2240,2240,0
284,30169,19,2246,2207,22
285,30299,37,2253,2189,28
286,30443,31,2271,2176,40
287,30568,15,2275,2119,66
288,30669,14,2291,2110,85
289,30843,87,2292,2062,98
290,30942,13,2302,2020,126
291,31032,13,2308,1998,138
292,31142,16,2327,1993,153
293,31247,14,2332,1977,165
294,31358,16,2334,1952,177
295,31469,16,2340,1933,193
296,31568,14,2353,1902,223
297,31682,14,2369,1886,239
298,31791,14,2371,1862,259
299,31919,15,2373,1836,277
300,32024,15,2380,1823,282
301,32112,14,2391,1814,298
302,32213,15,2394,1794,313
303,32320,15,2407,1781,322
304,32414,15,2409,1773,322
305,32508,14,2416,1758,347
306,32597,15,2428,1741,369
307,32703,15,2432,1732,384
308,32796,15,2473,1751,396
309,32891,15,2478,1737,412
310,33002,15,2482,1726,416
311,33120,16,2487,1715,422
312,33233,15,2493,1696,451
313,33329,15,2500,1697,452
314,33441,16,2504,1672,471
315,33544,15,2508,1638,495
316,33636,15,2510,1620,509
317,33732,15,2512,1597,521
318,33831,16,2514,1592,520
319,35194,14,2515,1288,766
320,35314,20,2516,1275,774
321,35411,18,2519,1268,775
322,35510,16,2536,1252,815
323,35596,15,2538,1247,825
324,35684,15,2545,1247,828
325,35784,15,2551,1247,828
326,35900,17,2556,1239,841
327,36011,17,2555,1231,846
328,36108,14,2566,1233,855
329,36211,23,2571,1224,867
330,36328,23,2575,1206,887
331,36440,18,2587,1205,890
332,36536,17,2601,1200,905
333,36638,16,2604,1193,911
334,36736,15,2610,1190,918
335,36833,16,2617,1180,929
336,36919,16,2618,1178,930
337,37022,15,2620,1168,944
338,37109,17,2631,1173,947
339,37219,16,2646,1173,958
340,37315,16,2649,1165,969
341,37407,17,2649,1125,1010
342,37519,16,2656,1121,1014
343,37621,17,2669,1127,1020
344,37728,16,2672,1124,1028
345,37822,16,2675,1115,1041
346,37900,17,2685,1116,1046
347,37998,18,2697,1123,1049
348,38171,16,2701,1114,1057
349,38262,16,2699,1093,1077
350,38364,16,2693,1088,1073
351,38468,16,2694,1067,1096
352,38567,16,2693,1064,1096
353,38665,19,2697,1060,1100
354,38747,19,2710,1067,1106
355,38845,15,2707,1038,1130
356,38984,16,2702,1026,1140
357,39086,16,2703,1018,1153
358,39163,16,2705,1020,1154
359,39243,16,2728,1029,1158
360,39351,18,2730,1028,1159
361,39442,15,2731,1014,1174
362,39539,17,2747,1017,1183
363,39626,17,2749,1002,1195
364,39718,17,2753,1006,1194
365,39814,20,2760,1011,1190
366,39897,17,2759,1001,1205
367,40016,17,2767,993,1218
368,40132,18,2773,994,1222
369,40225,19,2784,1008,1219
370,40312,18,2786,1010,1219
371,40405,18,2796,1016,1213
372,40500,17,2805,1017,1216
373,40584,18,2812,1006,1229
374,40680,18,2816,1006,1229
375,40777,16,2832,1011,1236
376,40924,16,2831,987,1263
377,41022,17,2830,977,1272
378,41121,17,2849,981,1290
379,41218,16,2850,973,1293
380,41319,19,2859,972,1300
381,41401,17,2859,971,1299
382,41496,17,2858,963,1306
383,41591,19,2861,949,1318
384,41670,17,2865,949,1319
385,41769,17,2879,956,1324
386,41869,17,2888,959,1327
387,41956,18,2895,962,1332
388,42040,17,2897,942,1356
389,42134,19,2912,950,1366
390,42234,18,2926,960,1368
391,42339,21,2933,953,1371
392,42445,18,2939,946,1381
393,42538,18,2943,950,1378
394,42640,19,2956,962,1376
395,42730,19,2962,957,1394
396,42836,17,2962,957,1392
397,42921,18,2959,946,1401
398,43022,19,2969,943,1411
399,43125,19,2971,945,1411
400,43222,17,2979,950,1408
401,43312,18,2999,962,1404
402,43414,17,2999,951,1412
403,43615,110,3010,946,1438
404,43694,18,3013,945,1453
405,43787,22,3025,950,1461
406,43887,22,3029,950,1467
407,44016,26,3036,950,1482
408,44129,18,3041,941,1495
409,44220,19,3049,952,1494
410,44316,17,3062,952,1506
411,44407,19,3072,950,1522
412,44514,19,3084,957,1519
413,44615,26,3085,958,1518
414,44704,19,3085,949,1530
415,44808,21,3093,952,1528
416,44898,19,3095,940,1546
417,45010,20,3091,930,1554
418,45103,21,3093,926,1556
419,45191,20,3102,933,1553
420,45286,20,3119,937,1577
421,45382,18,3123,926,1595
422,45485,19,3124,923,1600
423,45571,20,3140,937,1595
424,45658,20,3149,942,1593
425,45735,20,3167,955,1591
426,45824,19,3165,949,1590
427,45904,19,3160,949,1584
428,46087,119,3166,946,1592
429,46198,19,3169,921,1627
430,46303,20,3175,925,1629
431,46390,20,3180,919,1636
432,46473,19,3191,927,1638
433,46571,19,3192,918,1653
434,46666,20,3206,929,1656
435,46766,19,3210,928,1649
436,46858,18,3211,928,1650
437,46954,20,3212,926,1656
438,47047,20,3217,923,1661
439,47144,20,3217,921,1660
440,47250,20,3218,921,1663
441,47369,27,3221,919,1673
442,47462,20,3223,917,1675
443,47542,21,3229,920,1679
444,47644,19,3228,917,1676
445,47737,20,3231,919,1675
446,47834,18,3232,910,1690
447,47922,21,3247,917,1696
448,48017,19,3252,920,1697
449,48106,19,3255,922,1700
450,48207,19,3262,926,1694
451,48292,19,3271,934,1693
452,48396,21,3275,931,1699
453,48573,23,3283,928,1715
454,48658,19,3289,935,1714
455,48751,19,3288,926,1719
456,48846,20,3286,924,1722
457,48931,19,3290,924,1726
458,49023,19,3301,932,1725
459,49119,21,3303,930,1729
460,49211,19,3301,929,1727
461,49306,20,3301,922,1735
462,49405,20,3303,922,1738
463,49532,19,3309,921,1744
464,49621,20,3312,920,1749
465,49698,19,3326,931,1749
466,49804,26,3326,927,1752
467,49927,20,3325,919,1757
468,50017,19,3320,915,1752
469,50114,21,3319,914,1755
470,50211,22,3326,917,1762
471,50307,19,3328,921,1759
472,50411,25,3339,932,1763
473,50499,22,3338,928,1768
474,50594,20,3337,927,1770
475,50702,19,3362,947,1765
476,50886,115,3369,946,1775
477,50976,20,3378,951,1779
478,51082,21,3382,954,1776
479,51173,22,3379,956,1769
480,51277,21,3383,960,1765
481,51367,20,3398,972,1762
482,51467,21,3405,980,1761
483,51554,20,3409,984,1761
484,51663,20,3414,989,1756
485,51749,19,3416,991,1753
486,51837,20,3420,997,1742
487,51920,20,3420,996,1744
488,52025,19,3414,999,1734
489,52127,20,3418,1000,1735
490,52214,20,3428,1007,1749
491,52306,20,3447,1023,1751
492,52411,23,3452,1026,1756
493,52515,21,3454,1026,1759
494,52618,20,3457,1021,1762
495,52707,21,3463,1022,1762
496,52803,21,3465,1024,1758
497,52889,22,3462,1022,1753
498,52972,22,3460,1023,1745
499,53073,21,3460,1026,1740
500,53259,19,3459,1018,1739
501,53345,20,3465,1023,1737
502,53432,21,3472,1027,1737
503,53528,20,3472,1030,1732
504,53625,21,3476,1033,1730
505,53717,20,3479,1031,1733
506,53803,21,3483,1028,1743
507,53884,21,3500,1043,1739
508,53965,22,3512,1053,1738
509,54064,20,3515,1050,1742
510,54169,22,3515,1049,1745
511,54271,22,3529,1055,1753
512,54357,21,3534,1060,1749
513,54440,22,3539,1068,1741
514,54522,21,3539,1065,1748
515,54621,24,3541,1069,1749
516,54714,22,3544,1060,1753
517,54809,24,3544,1058,1756
518,54902,26,3551,1062,1760
519,54977,23,3560,1066,1772
520,56474,1434,3568,1068,1781
521,56578,21,3568,1015,1861
522,56670,19,3571,1014,1866
523,56765,22,3573,1011,1866
524,56836,21,3574,1009,1868
525,56931,21,3577,1010,1871
526,57004,20,3578,1011,1871
527,57090,25,3575,1007,1870
528,57196,22,3571,1006,1862
529,57289,21,3572,1011,1856
530,57380,22,3572,1008,1862
531,57485,20,3572,1006,1861
532,57589,20,3572,1005,1865
533,57696,25,3574,1005,1865
534,57819,31,3580,1015,1860
535,57928,31,3588,1024,1857
536,58014,20,3594,1027,1859
537,58114,22,3606,1037,1855
538,58206,23,3602,1036,1851
539,58311,26,3607,1036,1855
540,58406,24,3607,1030,1861
541,58542,20,3611,1026,1868
542,58631,20,3618,1028,1863
543,58723,19,3618,1021,1867
544,58802,22,3617,1021,1868
545,58891,22,3627,1029,1871
546,58982,21,3633,1038,1868
547,59075,22,3636,1038,1872
548,59173,22,3633,1036,1864
549,59272,21,3633,1034,1867
550,59347,21,3637,1037,1866
551,59432,22,3638,1038,1865
552,59533,22,3639,1037,1866
553,59627,22,3649,1047,1864
554,59722,23,3648,1043,1874
555,59831,22,3644,1043,1870
556,59940,23,3645,1041,1876
557,60040,23,3644,1027,1897
558,60158,22,3657,1000,1944
559,60276,23,3657,981,1986
560,60389,21,3663,975,2001
561,60534,21,3682,966,2039
562,60641,21,3690,948,2070
563,60741,24,3691,915,2114
564,60840,21,3696,910,2122
565,60929,22,3704,907,2129
566,61033,20,3704,898,2136
567,61122,22,3713,907,2140
568,61210,23,3713,891,2159
569,61294,21,3723,898,2163
570,61389,22,3723,875,2189
571,61483,23,3732,876,2193
572,61582,21,3731,861,2206
573,61697,21,3729,847,2218
574,61805,23,3733,843,2224
575,61915,23,3734,831,2247
576,62013,22,3732,827,2251
577,62109,22,3743,837,2250
578,62215,21,3739,838,2245
579,62323,22,3739,838,2244
580,62444,22,3736,810,2271
581,62600,22,3742,791,2308
582,62694,21,3753,788,2316
583,62786,22,3757,795,2315
584,62883,21,3759,803,2304
585,62983,22,3751,794,2308
586,63092,22,3755,783,2321
587,63186,22,3760,780,2328
588,63286,24,3764,772,2342
589,63381,22,3767,747,2383
590,63486,23,3773,751,2390
591,63585,22,3774,738,2412
592,63703,23,3778,738,2418
593,63824,23,3786,737,2426
594,63932,22,3781,725,2437
595,64039,21,3791,735,2435
596,64141,22,3795,738,2430
597,64235,23,3803,743,2426
598,64331,22,3801,745,2421
599,64437,23,3805,750,2419
600,64542,28,3815,760,2419
601,64717,22,3826,771,2416
602,64820,23,3828,773,2416
603,64924,26,3831,779,2410
604,65023,22,3839,787,2410
605,65125,23,3847,795,2404
606,65209,24,3851,805,2393
607,65307,22,3854,793,2408
608,65411,23,3859,796,2413
609,65513,22,3863,799,2409
610,65624,23,3862,800,2408
611,65721,22,3876,789,2442
612,65826,24,3899,801,2449
613,65930,23,3906,802,2450
614,66040,23,3909,793,2464
615,66142,25,3910,787,2468
616,66231,24,3927,791,2489
617,66325,25,3924,783,2499
618,66433,22,3919,783,2494
619,66524,24,3930,792,2497
620,66702,112,3934,795,2494
621,66790,23,3947,791,2503
622,66890,22,3952,778,2525
623,66979,22,3953,777,2530
624,67066,24,3957,781,2526
625,67155,23,3967,769,2544
626,67258,24,3978,767,2567
627,67350,24,3986,768,2570
628,67441,27,3995,776,2570
629,67532,23,4007,765,2596
630,67633,23,4012,758,2612
631,67731,25,4016,746,2635
632,67815,22,4027,746,2649
633,67914,24,4044,754,2662
634,68012,23,4050,756,2676
635,68106,23,4053,758,2675
636,68208,27,4054,748,2687
637,68302,26,4055,745,2691
638,68407,25,4060,748,2686
639,68595,118,4060,733,2710
640,68703,24,4058,728,2715
641,68800,25,4057,727,2717
642,68890,23,4059,728,2715
643,68991,25,4059,729,2711
644,69088,24,4061,723,2721
645,69189,24,4070,729,2723
646,69278,24,4068,727,2723
647,69371,24,4074,735,2722
648,69472,25,4076,731,2735
649,69567,24,4080,728,2748
650,69668,25,4092,739,2739
651,69760,24,4083,734,2736
652,69872,25,4087,737,2736
653,69959,23,4090,738,2735
654,70067,24,4093,734,2747
655,70174,27,4087,714,2759
656,70273,28,4086,713,2755
657,70370,26,4086,710,2763
658,70589,139,4084,707,2765
659,70697,25,4093,711,2754
660,70801,25,4092,708,2756
661,70906,33,4095,710,2758
662,71003,25,4104,710,2767
663,71094,24,4108,716,2765
664,71185,25,4108,710,2774
665,71272,27,4108,705,2786
666,71370,23,4109,699,2796
667,71464,24,4109,688,2803
668,71568,23,4119,695,2802
669,71662,27,4122,698,2800
670,71768,24,4124,697,2802
671,71877,25,4128,698,2806
672,71986,25,4125,696,2803
673,72091,26,4123,695,2800
674,72206,24,4131,697,2803
675,72447,24,4147,697,2828
676,72540,25,4154,704,2828
677,72639,27,4156,697,2839
678,72735,25,4159,699,2843
679,72832,23,4160,698,2847
680,72918,22,4159,699,2845
681,73017,28,4170,701,2853
682,73102,25,4174,705,2851
683,73193,24,4185,712,2860
684,73298,25,4197,715,2870
685,73404,26,4197,710,2881
686,73506,26,4197,704,2877
687,73609,25,4194,704,2874
688,73719,23,4198,698,2881
689,73820,24,4201,698,2881
690,73911,24,4203,703,2876
691,74008,25,4200,695,2888
692,74224,26,4196,677,2909
693,74329,25,4196,670,2917
694,74421,27,4199,671,2921
695,74538,24,4205,673,2920
696,74624,25,4210,676,2919
697,74729,23,4207,672,2923
698,74820,29,4212,673,2926
699,74910,27,4216,675,2927
700,75014,27,4222,679,2931
701,75118,27,4234,687,2923
702,75219,23,4238,688,2931
703,75322,26,4251,699,2934
704,75417,26,4251,696,2939
705,75510,26,4259,701,2938
706,75753,26,4265,699,2948
707,75862,25,4266,698,2952
708,75956,24,4290,723,2943
709,76054,25,4288,727,2937
710,76143,29,4294,731,2930
711,76269,30,4301,727,2940
712,76376,27,4303,729,2938
713,76484,27,4307,731,2939
714,76590,26,4308,733,2938
715,76693,25,4313,737,2935
716,76787,25,4314,731,2945
717,76882,27,4319,734,2945
718,76989,32,4323,741,2943
719,77264,184,4317,740,2940
720,77348,25,4315,739,2939
721,77449,26,4312,739,2936
722,77556,28,4311,741,2931
723,77664,30,4322,750,2926
724,77778,27,4318,750,2922
725,77879,27,4326,752,2925
726,77974,27,4329,753,2928
727,78072,26,4328,751,2930
728,78168,24,4329,748,2932
729,78285,27,4330,747,2931
730,78537,175,4324,739,2942
731,78642,26,4332,747,2941
732,78747,28,4330,746,2942
733,78850,26,4336,747,2950
734,78936,25,4335,745,2951
735,79049,29,4344,752,2949
736,79130,25,4342,748,2955
737,79226,25,4338,738,2967
738,79311,27,4336,734,2977
739,79405,26,4339,734,2982
740,79513,26,4342,734,2979
741,79759,177,4349,741,2979
742,79864,26,4350,742,2979
743,79964,26,4362,753,2975
744,80068,26,4362,756,2970
745,80160,26,4362,750,2983
746,80246,27,4358,751,2977
747,80341,27,4359,752,2975
748,80438,27,4356,750,2976
749,80527,27,4357,750,2979
750,80617,26,4359,753,2979
751,80719,26,4375,762,2984
752,80926,143,4386,772,2982
753,81028,30,4392,778,2980
754,81125,27,4395,781,2977
755,81209,27,4394,778,2975
756,81302,26,4418,800,2975
757,81412,30,4416,800,2973
758,81522,28,4421,803,2976
759,81619,26,4418,801,2979
760,81724,27,4426,801,2990
761,81812,27,4438,812,2987
762,81934,25,4437,813,2984
763,82154,27,4446,815,2990
764,82257,26,4455,824,2995
765,82359,29,4453,823,2997
766,82445,29,4453,823,2997
767,82544,27,4448,816,3000
768,82633,27,4448,821,2990
769,82745,26,4448,820,2995
770,82838,28,4454,826,2990
771,82932,26,4454,825,2990
772,83023,31,4465,834,2992
773,83109,27,4470,836,2985
774,84659,28,4470,809,3024
775,84783,26,4468,802,3032
776,84888,25,4480,807,3023
777,84978,27,4491,821,3020
778,85072,27,4492,822,3018
779,85165,27,4492,825,3015
780,85265,28,4499,834,3009
781,85361,27,4498,835,3005
782,85467,28,4491,836,2995
783,85576,27,4491,840,2987
784,85701,56,4490,842,2981
785,85824,24,4488,842,2979
786,85927,25,4493,847,2975
787,86020,26,4492,850,2971
788,86133,24,4501,859,2971
789,86221,26,4507,865,2971
790,86330,27,4509,867,2969
791,86427,27,4509,870,2965
792,86526,28,4510,877,2957
793,86622,26,4510,869,2972
794,86713,27,4525,874,2975
795,86806,28,4526,874,2977
796,86951,26,4526,872,2980
797,87050,27,4526,870,2990
798,87153,27,4522,870,2986
799,87274,27,4523,869,2989
800,87377,26,4529,880,2977
801,87480,25,4535,877,2994
802,87584,29,4531,879,2988
803,87666,26,4536,887,2982
804,87760,26,4538,889,2980
805,87856,27,4548,899,2978
806,87955,25,4547,898,2982
807,88117,69,4546,897,2981
808,88225,26,4548,897,2987
809,88324,26,4559,906,2983
810,88416,25,4559,902,2985
811,88533,27,4570,912,2981
812,88626,27,4576,918,2973
813,88719,26,4588,928,2967
814,88819,28,4589,932,2964
815,88912,26,4592,935,2962
816,89008,27,4601,944,2956
817,89112,27,4601,941,2959
818,89207,27,4621,959,2957
819,89372,89,4630,967,2956
820,89458,27,4630,966,2960
821,89569,28,4636,961,2970
822,89657,28,4652,973,2967
823,89748,26,4660,976,2967
824,89869,29,4659,974,2966
825,89957,26,4660,976,2957
826,90047,28,4659,958,2982
827,90169,27,4661,932,3015
828,90287,26,4655,913,3042
829,90409,28,4656,903,3058
830,90527,26,4657,891,3088
831,90700,36,4664,864,3131
832,90825,31,4660,853,3149
833,90942,27,4662,847,3160
834,91049,31,4681,865,3159
835,91144,28,4696,873,3166
836,91263,29,4700,871,3177
837,91363,29,4708,859,3199
838,91460,30,4719,853,3215
839,91576,27,4721,835,3241
840,91691,27,4717,807,3277
841,91796,27,4720,785,3312
842,91996,87,4722,776,3326
843,92097,27,4717,770,3323
844,92201,26,4724,772,3331
845,92285,27,4726,752,3354
846,92399,29,4743,750,3369
847,92502,31,4747,743,3383
848,92598,27,4747,736,3389
849,92685,29,4755,733,3403
850,92777,30,4751,725,3405
851,92878,29,4748,697,3437
852,92982,29,4749,688,3456
853,93103,37,4750,674,3469
854,93286,84,4757,673,3476
855,93378,31,4767,667,3492
856,93472,31,4781,668,3504
857,93580,28,4783,666,3510
858,93682,29,4789,670,3511
859,93786,27,4792,670,3518
860,93902,30,4792,652,3538
861,94001,30,4798,655,3543
862,94111,30,4799,636,3574
863,94217,34,4811,623,3605
864,94331,29,4823,634,3604
865,94436,28,4830,633,3615
866,94539,29,4826,618,3632
867,94720,28,4828,619,3637
868,94825,28,4828,618,3639
869,94929,29,4825,612,3639
870,95037,27,4840,615,3651
871,95156,29,4840,601,3678
872,95252,27,4833,601,3671
873,95348,28,4828,593,3678
874,95466,37,4830,584,3686
875,95580,29,4832,582,3688
876,95691,29,4839,576,3709
877,95797,27,4837,560,3733
878,95885,29,4842,560,3743
879,96063,108,4848,556,3755
880,96173,29,4850,549,3774
881,96288,28,4852,552,3763
882,96397,30,4855,550,3774
883,96499,28,4868,555,3775
884,96616,29,4868,551,3782
885,96736,27,4872,555,3777
886,96839,29,4876,555,3790
887,96942,29,4884,554,3800
888,97041,28,4883,558,3789
889,97147,30,4895,557,3794
890,97261,30,4896,560,3791
891,97369,27,4895,560,3790
892,97475,30,4909,568,3800
893,97661,28,4935,582,3800
894,97765,29,4939,579,3808
895,97885,33,4943,581,3816
896,97994,29,4957,584,3828
897,98106,29,4963,585,3825
898,98209,32,4961,581,3829
899,98307,29,4966,579,3831
900,98404,27,4967,581,3829
901,98513,30,4964,582,3828
902,98615,34,4968,585,3823
903,98719,29,4970,584,3825
904,98823,31,4982,585,3832
905,98930,32,4981,579,3841
906,99116,29,4979,577,3846
907,99236,30,4977,575,3856
908,99340,28,4981,568,3875
909,99431,28,4980,571,3867
910,99542,31,4977,570,3868
911,99643,31,4986,573,3876
912,99742,30,4983,573,3873
913,99837,29,4981,572,3869
914,99933,28,4982,571,3877
915,100034,28,4975,565,3870
916,100134,28,4973,565,3867
917,100241,32,4975,565,3870
918,100370,30,4976,563,3878
919,100477,31,4976,561,3882
920,100645,31,4987,571,3881
921,100738,32,4992,576,3880
922,100840,27,4999,582,3872
923,100933,31,5000,583,3867
924,101028,29,5003,582,3869
925,101130,29,5004,583,3867
926,101219,28,5018,585,3873
927,101320,30,5016,584,3875
928,101430,29,5015,584,3874
929,101539,29,5024,588,3875
930,101631,30,5032,593,3872
931,101729,33,5034,594,3869
932,101836,30,5032,597,3863
933,101937,31,5029,595,3864
934,102099,90,5040,594,3878
935,102203,29,5045,591,3890
936,102298,30,5062,603,3889
937,102402,33,5062,603,3889
938,102518,30,5059,592,3904
939,102632,35,5057,591,3905
940,102723,28,5058,590,3900
941,102817,30,5061,586,3898
942,102909,31,5068,593,3901
943,102997,28,5074,598,3901
944,103098,30,5078,602,3893
945,103199,30,5078,596,3896
946,103299,30,5080,601,3895
947,103400,30,5082,597,3906
948,103522,30,5085,602,3900
949,103692,101,5090,609,3895
950,103800,33,5090,607,3892
951,103895,30,5101,606,3890
952,103992,29,5097,610,3879
953,104109,31,5101,614,3873
954,104206,32,5102,615,3873
955,104305,33,5112,625,3873
956,104409,29,5109,621,3883
957,104510,31,5112,622,3882
958,104607,30,5114,624,3881
959,104715,31,5115,621,3889
960,104816,31,5112,622,3885
961,104914,32,5118,625,3886
962,105025,35,5120,629,3878
963,105125,30,5128,635,3885
964,105286,104,5129,636,3883
965,105387,29,5127,632,3884
966,105486,31,5144,642,3877
967,105569,31,5148,646,3870
968,105671,31,5157,655,3868
969,105759,30,5167,665,3862
970,105866,30,5171,666,3865
971,105962,31,5172,667,3865
972,106067,31,5168,666,3865
973,106177,34,5176,673,3863
974,106287,30,5177,676,3863
975,106388,33,5188,680,3873
976,106497,32,5187,680,3871
977,106592,31,5187,680,3871
978,106697,31,5185,680,3869
979,106803,31,5183,678,3871
980,106964,91,5182,677,3874
981,107060,31,5189,683,3869
982,107166,45,5192,683,3872
983,107274,32,5198,692,3867
984,107416,38,5208,699,3866
985,107530,32,5216,703,3872
986,107639,32,5218,705,3869
987,107732,33,5227,703,3889
988,107830,30,5225,705,3889
989,107943,32,5223,701,3894
990,108050,31,5235,701,3899
991,108158,31,5234,700,3899
992,108256,33,5235,699,3905
993,108375,34,5238,696,3918
994,108486,42,5237,698,3912
995,108666,103,5238,692,3926
996,108764,31,5246,698,3927
997,108865,29,5259,712,3921
998,108969,31,5266,718,3917
999,109070,32,5274,718,3927
1000,109166,32,5273,722,3914
1001,109263,33,5271,722,3909
1002,109364,31,5272,723,3905
1003,109456,30,5272,723,3905
1004,109550,30,5278,729,3895
1005,109666,32,5280,730,3897
1006,109795,31,5281,734,3890
1007,109901,32,5281,733,3890
1008,110015,35,5288,738,3888
1009,110122,31,5291,732,3893
1010,110225,31,5295,736,3889
1011,110332,33,5303,745,3880
1012,110520,31,5303,739,3891
1013,110628,31,5306,741,3888
1014,110730,31,5306,742,3884
1015,110831,32,5305,739,3883
1016,110949,31,5301,739,3879
1017,111058,31,5308,742,3889
1018,111173,35,5314,747,3885
1019,111286,32,5316,754,3875
1020,111388,31,5318,757,3871
1021,111481,35,5319,757,3874
1022,111586,32,5322,763,3862
1023,111688,32,5319,762,3862
1024,111792,32,5318,762,3861
1025,111895,30,5326,769,3864
1026,111989,33,5335,774,3863
1027,112092,33,5335,774,3863
1028,112291,112,5344,778,3870
1029,112397,31,5343,782,3864
1030,112507,32,5341,782,3859
1031,112608,30,5350,782,3865
1032,112701,31,5354,784,3867
1033,112794,31,5362,785,3880
1034,112888,33,5364,784,3889
1035,112989,31,5367,783,3896
1036,113100,32,5363,782,3892
1037,113191,32,5366,784,3892
1038,113300,31,5359,784,3885
1039,113404,29,5359,784,3885
1040,113517,31,5362,786,3882
1041,113624,31,5362,789,3874
1042,113723,33,5366,793,3871
1043,113823,32,5376,803,3867
1044,114019,137,5379,810,3863
1045,114127,33,5378,810,3862
1046,114240,31,5381,814,3859
1047,114347,30,5384,818,3856
1048,114443,30,5395,829,3851
1049,114547,32,5395,830,3848
1050,114659,40,5399,831,3850
1051,114759,32,5406,835,3852
1052,114870,33,5409,832,3854
1053,114979,31,5413,838,3850
1054,115065,30,5425,847,3847
1055,115175,36,5433,853,3844
1056,115283,32,5429,853,3840
1057,115405,33,5430,850,3835
1058,115525,33,5439,856,3839
1059,115624,33,5446,853,3846
1060,115849,153,5451,852,3848
1061,115965,32,5469,867,3842
1062,116048,32,5467,864,3847
1063,116145,35,5474,871,3841
1064,116240,32,5482,876,3844
1065,116353,30,5488,876,3850
1066,116478,35,5491,874,3855
1067,116563,33,5488,873,3853
1068,116669,33,5497,878,3854
1069,116759,32,5494,877,3852
1070,116872,31,5491,878,3853
1071,116987,36,5492,881,3849
1072,117101,32,5499,888,3846
1073,117209,34,5508,897,3844
1074,117305,30,5512,901,3844
1075,117504,35,5512,900,3849
1076,117602,32,5512,899,3855
1077,117709,30,5515,898,3863
1078,117816,31,5515,895,3874
1079,117909,31,5515,894,3877
1080,118026,32,5516,893,3881
1081,118128,32,5520,889,3888
1082,118233,33,5522,892,3887
1083,118348,34,5522,888,3888
1084,118443,37,5529,891,3898
1085,118545,33,5539,898,3908
1086,118630,34,5540,896,3911
1087,118727,34,5543,895,3908
1088,118838,34,5549,904,3905
1089,118936,33,5547,903,3905
1090,119154,30,5549,899,3911
1091,119240,33,5546,899,3908
1092,119345,33,5545,901,3904
1093,119449,33,5557,912,3900
1094,119559,30,5555,907,3899
1095,119656,31,5559,907,3899
1096,119754,32,5563,915,3898
1097,119846,36,5569,917,3898
1098,119936,33,5572,920,3898
1099,120049,33,5575,901,3934
1100,120166,34,5586,897,3959
1101,120280,35,5588,868,4012
1102,120403,31,5589,841,4046
1103,120523,34,5598,837,4062
1104,122072,30,5608,598,4433
1105,122197,36,5608,576,4458
1106,122311,32,5607,577,4451
1107,122430,33,5606,564,4464
1108,122547,32,5604,557,4470
1109,122669,33,5602,555,4474
1110,122796,32,5603,558,4470
1111,122913,34,5614,569,4460
1112,123037,37,5620,558,4478
1113,123151,34,5618,543,4497
1114,123264,32,5617,534,4502
1115,123388,35,5616,535,4499
1116,123511,34,5619,530,4508
1117,123647,64,5624,523,4538
1118,123766,32,5626,503,4579
1119,123878,32,5627,486,4608
1120,123996,34,5619,485,4599
1121,124093,33,5629,487,4617
1122,124206,32,5632,493,4608
1123,124313,34,5639,492,4619
1124,124445,32,5643,490,4621
1125,124552,31,5655,488,4647
1126,124665,33,5656,482,4655
1127,124776,34,5655,481,4660
1128,124883,32,5656,473,4674
1129,124997,30,5655,466,4693
1130,125086,33,5659,460,4702
1131,125243,77,5655,458,4697
1132,125340,30,5662,455,4712
1133,125450,34,5672,452,4723
1134,125574,32,5672,454,4721
1135,125684,30,5688,466,4718
1136,125791,33,5708,484,4713
1137,125899,33,5709,484,4716
1138,126014,37,5714,489,4710
1139,126126,35,5723,499,4705
1140,126233,33,5714,498,4699
1141,126346,33,5719,503,4695
1142,126455,38,5722,506,4693
1143,126577,35,5727,501,4701
1144,126694,31,5728,494,4710
1145,126858,94,5728,494,4709
1146,126960,32,5726,484,4722
1147,127072,33,5727,476,4739
1148,127178,33,5728,484,4725
1149,127294,34,5727,484,4720
1150,127412,33,5731,477,4731
1151,127522,34,5729,480,4729
1152,127642,36,5726,480,4726
1153,127753,33,5737,493,4719
1154,127864,32,5745,497,4720
1155,127969,33,5752,498,4732
1156,128075,33,5754,485,4755
1157,128193,38,5759,489,4757
1158,128297,34,5773,498,4760
1159,128459,34,5773,492,4776
1160,128556,33,5779,498,4771
1161,128674,33,5776,490,4783
1162,128774,33,5786,498,4788
1163,128879,34,5795,503,4793
1164,129000,36,5793,501,4796
1165,129151,56,5794,505,4793
1166,129269,34,5793,502,4801
1167,129383,34,5795,496,4808
1168,129486,35,5798,495,4813
1169,129600,36,5796,492,4810
1170,129697,34,5797,493,4809
1171,129801,33,5805,499,4807
1172,129927,36,5810,505,4798
1173,130113,33,5805,505,4793
1174,130217,33,5805,500,4797
1175,130330,32,5814,503,4803
1176,130434,33,5810,503,4798
1177,130538,33,5828,513,4805
1178,130636,35,5836,521,4800
1179,130752,35,5846,525,4810
1180,130870,35,5847,527,4804
1181,130989,35,5844,526,4801
1182,131150,34,5847,524,4800
1183,131267,34,5847,519,4811
1184,131362,33,5850,522,4807
1185,131489,33,5852,524,4806
1186,131600,33,5855,526,4805
1187,131778,34,5877,541,4810
1188,131878,31,5882,546,4810
1189,131988,37,5891,543,4813
1190,132087,34,5898,548,4818
1191,132202,35,5901,543,4834
1192,132312,34,5906,546,4834
1193,132422,35,5903,543,4836
1194,132532,33,5904,546,4826
1195,132617,36,5905,546,4826
1196,132745,34,5907,548,4822
1197,132869,34,5903,546,4824
1198,132966,32,5910,550,4828
1199,133087,37,5906,549,4827
1200,133193,34,5918,553,4820
1201,133371,117,5924,554,4832
1202,133472,35,5937,564,4844
1203,133579,34,5948,572,4853
1204,133693,34,5948,573,4851
1205,133795,33,5955,579,4848
1206,133905,36,5956,580,4848
1207,134016,36,5965,594,4832
1208,134135,36,5964,591,4836
1209,134243,36,5965,592,4834
1210,134359,35,5963,591,4832
1211,134477,35,5966,592,4838
1212,134592,33,5955,592,4829
1213,134702,34,5956,582,4840
1214,134815,35,5957,578,4845
1215,135043,140,5969,587,4844
1216,135169,36,5969,586,4837
1217,135279,37,5970,587,4836
1218,135378,35,5970,589,4831
1219,135495,33,5979,594,4838
1220,135612,36,5971,594,4830
1221,135734,35,5966,592,4834
1222,135840,35,5966,587,4835
1223,135935,34,5979,598,4837
1224,136048,40,5989,599,4840
1225,136159,36,6007,620,4830
1226,136281,37,6011,624,4829
1227,136399,37,6018,630,4829
1228,136517,37,6018,629,4834
1229,136743,145,6025,633,4821
1230,136854,37,6035,638,4829
1231,136965,36,6036,637,4827
1232,137090,36,6036,634,4822
1233,137202,36,6043,634,4824
1234,137313,34,6048,642,4821
1235,137431,35,6066,659,4814
1236,137547,37,6068,661,4812
1237,137655,37,6070,663,4811
1238,137752,36,6068,670,4802
1239,137861,42,6064,665,4803
1240,137971,37,6079,673,4802
1241,138077,36,6078,665,4815
1242,138193,38,6079,665,4822
1243,138405,35,6077,664,4823
1244,138530,39,6076,664,4822
1245,138651,34,6087,672,4822
1246,138758,35,6085,672,4820
1247,138858,35,6100,687,4815
1248,138974,36,6101,685,4819
1249,139080,36,6110,693,4824
1250,139182,39,6107,691,4825
1251,139295,37,6105,692,4819
1252,139394,33,6103,688,4820
1253,139501,35,6109,695,4813
1254,139607,37,6114,703,4809
1255,139716,34,6113,695,4813
1256,139936,41,6114,697,4812
1257,140043,35,6114,694,4822
1258,140160,37,6115,694,4821
1259,140278,37,6116,695,4819
1260,140402,40,6124,697,4820
1261,140517,42,6127,702,4813
1262,140633,42,6133,705,4812
1263,140757,41,6142,715,4811
1264,140889,48,6146,717,4821
1265,141021,42,6157,718,4832
1266,141168,42,6160,718,4834
1267,141286,40,6158,715,4836
1268,141419,42,6164,719,4848
1269,141641,36,6166,714,4865
1270,141734,36,6165,711,4870
1271,141842,36,6175,721,4867
1272,141928,37,6187,732,4867
1273,142028,37,6185,732,4864
1274,142148,37,6196,738,4860
1275,142277,46,6195,740,4855
1276,142399,38,6198,742,4861
1277,142499,36,6200,740,4852
1278,142599,35,6201,739,4842
1279,142700,36,6204,740,4847
1280,142806,37,6211,748,4841
1281,142920,36,6213,751,4839
1282,143108,121,6212,751,4838
1283,143230,40,6213,752,4838
1284,143346,36,6208,751,4836
1285,143440,36,6208,746,4832
1286,143552,39,6215,743,4843
1287,143660,37,6224,753,4837
1288,143771,39,6226,755,4837
1289,143905,36,6226,753,4837
1290,144011,36,6219,753,4830
1291,144120,35,6219,755,4824
1292,144221,35,6214,755,4821
1293,144337,34,6215,753,4822
1294,144455,38,6209,748,4821
1295,144643,131,6216,753,4823
1296,144765,36,6211,753,4818
1297,144879,35,6213,761,4809
1298,144979,36,6219,767,4809
1299,145086,36,6218,765,4814
1300,145189,38,6225,768,4821
1301,145293,37,6226,767,4824
1302,145402,37,6227,766,4825
1303,145518,35,6229,763,4830
1304,145628,35,6235,770,4830
1305,145739,37,6240,776,4826
1306,145854,36,6241,777,4822
1307,145961,36,6253,788,4821
1308,146129,96,6255,790,4819
1309,146235,36,6258,800,4807
1310,146321,37,6263,805,4805
1311,146419,38,6265,800,4810
1312,146527,35,6268,803,4808
1313,146620,37,6268,800,4810
1314,146719,34,6270,801,4809
1315,146825,35,6277,809,4806
1316,146931,34,6288,820,4801
1317,147038,48,6289,820,4799
1318,147148,37,6293,826,4797
1319,147258,35,6303,834,4798
1320,147378,36,6305,833,4803
1321,147486,39,6308,837,4798
1322,147635,33,6310,838,4801
1323,147718,36,6318,843,4806
1324,147818,37,6323,847,4806
1325,147922,37,6322,839,4814
1326,148041,37,6321,840,4812
1327,148150,40,6324,838,4817
1328,148262,37,6326,839,4819
1329,148392,40,6332,842,4815
1330,148513,38,6337,845,4814
1331,148634,37,6336,845,4813
1332,148742,37,6328,844,4808
1333,148853,36,6328,844,4808
1334,148949,40,6332,846,4808
1335,149104,84,6331,844,4814
1336,149218,35,6334,846,4816
1337,149332,37,6344,856,4816
1338,149438,37,6345,856,4817
1339,149553,38,6346,858,4820
1340,149677,38,6343,859,4814
1341,149785,36,6359,876,4799
1342,149897,37,6369,885,4792
1343,149999,37,6373,884,4796
1344,150134,39,6379,836,4857
1345,150257,36,6375,834,4863
1346,150375,36,6376,806,4900
1347,150507,40,6386,797,4922
1348,152147,1538,6386,765,4979
1349,152283,39,6386,733,5028
1350,152400,36,6392,733,5040
1351,152519,35,6392,720,5050
1352,152638,35,6387,706,5068
1353,152763,37,6389,682,5096
1354,152876,38,6385,675,5101
1355,152998,37,6386,655,5140
1356,153111,35,6403,669,5141
1357,153225,40,6414,645,5173
1358,153336,35,6420,653,5165
1359,153463,38,6413,653,5158
1360,153576,35,6415,653,5158
1361,153692,36,6424,649,5173
1362,153870,37,6428,638,5197
1363,153975,38,6429,632,5201
1364,154087,36,6431,618,5217
1365,154197,36,6436,605,5236
1366,154313,34,6435,603,5238
1367,154443,35,6439,607,5228
1368,154567,35,6441,590,5255
1369,154675,41,6450,591,5263
1370,154779,35,6454,598,5255
1371,154886,37,6454,599,5254
1372,155004,37,6458,589,5261
1373,155121,41,6465,590,5270
1374,155240,37,6462,574,5289
1375,155401,91,6478,578,5300
1376,155517,35,6474,563,5312
1377,155622,36,6474,559,5325
1378,155744,39,6482,560,5334
1379,155853,38,6492,556,5354
1380,155978,41,6493,539,5376
1381,156094,39,6505,550,5381
1382,156214,42,6512,558,5376
1383,156329,37,6517,560,5378
1384,156445,41,6529,572,5373
1385,156564,41,6528,571,5372
1386,156665,37,6533,580,5365
1387,156783,36,6530,573,5365
1388,156963,107,6527,565,5371
1389,157072,36,6530,538,5415
1390,157180,39,6533,540,5419
1391,157312,38,6529,534,5426
1392,157421,35,6530,509,5461
1393,157537,37,6540,515,5454
1394,157644,36,6544,518,5457
1395,157757,39,6539,524,5442
1396,157882,40,6539,525,5437
1397,157999,36,6542,524,5440
1398,158108,38,6542,524,5440
1399,158233,38,6541,523,5441
1400,158334,38,6541,516,5457
1401,158449,41,6554,521,5464
1402,158638,120,6554,510,5485
1403,158753,36,6555,500,5496
1404,158871,37,6559,499,5514
1405,158990,39,6565,494,5520
1406,159121,41,6569,480,5546
1407,159236,37,6569,480,5546
1408,159338,36,6584,493,5545
1409,159456,43,6587,493,5540
1410,159563,42,6585,485,5551
1411,159666,37,6591,481,5562
1412,159788,40,6591,470,5588
1413,159901,41,6591,461,5599
1414,160004,36,6597,469,5597
1415,160104,39,6614,483,5594
1416,160311,40,6615,463,5630
1417,160432,45,6626,456,5652
1418,160546,38,6645,469,5656
1419,160652,39,6654,476,5655
1420,160762,37,6651,474,5657
1421,160870,38,6649,468,5663
1422,160980,36,6648,462,5672
1423,161089,37,6654,469,5671
1424,161203,38,6651,469,5671
1425,161315,39,6650,469,5671
1426,161436,38,6654,470,5675
1427,161539,37,6655,467,5677
1428,161653,38,6675,486,5663
1429,161843,116,6685,496,5663
1430,161953,41,6683,489,5677
1431,162072,38,6684,491,5669
1432,162177,38,6686,477,5694
1433,162301,38,6686,478,5694
1434,162407,38,6682,471,5698
1435,162527,40,6689,482,5688
1436,162652,38,6697,489,5689
1437,162765,38,6698,486,5693
1438,162862,37,6703,491,5691
1439,162983,36,6703,489,5690
1440,163108,36,6705,484,5699
1441,163225,41,6708,488,5701
1442,163348,37,6706,482,5715
1443,163560,136,6711,486,5720
1444,163676,38,6712,485,5726
1445,163802,39,6712,486,5724
1446,163922,38,6712,481,5730
1447,164044,39,6715,483,5728
1448,164166,40,6714,485,5712
1449,164298,38,6719,488,5713
1450,164401,42,6736,504,5715
1451,164514,39,6739,506,5712
1452,164619,37,6740,505,5719
1453,164719,39,6741,502,5722
1454,164825,38,6745,506,5720
1455,164942,40,6744,506,5719
1456,165051,40,6746,508,5716
1457,165282,39,6745,503,5729
1458,165389,38,6745,503,5729
1459,165494,38,6752,502,5733
1460,165600,39,6750,497,5742
1461,165722,40,6756,506,5734
1462,165838,38,6752,507,5726
1463,165951,40,6754,509,5723
1464,166058,38,6761,513,5724
1465,166156,39,6758,513,5721
1466,166270,39,6762,515,5723
1467,166410,39,6760,516,5718
1468,166528,41,6757,515,5710
1469,166625,40,6769,523,5704
1470,166736,38,6778,533,5699
1471,166936,39,6778,532,5703
1472,167055,39,6782,529,5710
1473,167162,45,6781,529,5709
1474,167271,40,6783,526,5719
1475,167398,38,6774,524,5718
1476,167519,40,6778,523,5721
1477,167632,39,6784,524,5720
1478,167735,40,6789,533,5719
1479,167837,39,6787,533,5717
1480,167947,40,6787,533,5717
1481,168061,40,6790,540,5713
1482,168173,41,6791,540,5710
1483,168284,41,6794,542,5706
1484,168399,40,6792,542,5704
1485,168596,39,6790,536,5714
1486,168717,39,6793,539,5714
1487,168846,42,6803,549,5704
1488,168950,43,6809,552,5706
1489,169069,42,6817,559,5699
1490,169195,41,6819,561,5697
1491,169325,39,6818,562,5692
1492,169444,39,6818,554,5703
1493,169587,45,6821,559,5703
1494,169698,40,6825,563,5699
1495,169824,37,6831,566,5700
1496,169932,40,6834,573,5694
1497,170031,44,6836,571,5691
1498,170212,106,6839,574,5693
1499,170323,39,6843,574,5700
1500,170436,42,6849,580,5698
1501,170559,42,6870,601,5692
1502,170675,40,6872,603,5692
1503,170789,40,6872,607,5680
1504,170911,39,6870,604,5683
1505,171044,41,6870,604,5683
1506,171139,40,6880,605,5678
1507,171257,39,6881,604,5675
1508,171363,40,6892,610,5673
1509,171467,40,6897,613,5670
1510,171582,40,6897,613,5670
1511,171700,40,6897,611,5672
1512,171908,127,6885,612,5659
1513,172030,41,6881,612,5655
1514,172122,40,6893,623,5656
1515,172226,39,6900,621,5656
1516,172333,40,6898,622,5650
1517,172439,37,6903,629,5647
1518,172535,41,6913,639,5647
1519,172639,43,6914,640,5647
1520,172764,43,6916,641,5650
1521,172880,41,6929,647,5660
1522,172996,40,6930,645,5659
1523,173107,40,6936,651,5654
1524,173212,42,6936,651,5654
1525,173348,58,6937,647,5660
1526,173562,115,6940,650,5657
1527,173690,42,6943,652,5654
1528,173794,43,6949,658,5655
1529,173896,42,6950,658,5653
1530,174010,40,6952,657,5651
1531,174120,40,6953,656,5648
1532,174243,40,6953,656,5648
1533,174351,43,6954,656,5652
1534,174452,42,6962,659,5658
1535,174557,40,6969,666,5654
1536,174667,40,6970,668,5652
1537,174771,38,6970,663,5665
1538,174876,40,6969,661,5668
1539,174984,39,6970,661,5672
1540,175096,40,6973,659,5679
1541,175283,39,6976,660,5679
1542,175415,42,6976,660,5680
1543,175519,40,6978,661,5681
1544,175635,41,6987,671,5673
1545,175749,47,6989,670,5677
1546,175865,40,6989,670,5677
1547,175970,41,6995,676,5667
1548,176079,41,6997,677,5665
1549,176207,42,6998,678,5658
1550,176336,42,6998,678,5658
1551,176456,39,7006,685,5658
1552,176574,41,7016,695,5652
1553,176685,42,7022,704,5646
1554,176808,41,7015,701,5641
1555,177010,114,7014,702,5637
1556,177122,39,7016,702,5641
1557,177231,40,7028,713,5637
1558,177335,42,7028,713,5637
1559,177439,42,7045,723,5650
1560,177552,42,7047,725,5650
1561,177661,44,7047,725,5648
1562,177772,41,7051,722,5645
1563,177888,42,7057,721,5645
1564,177991,41,7066,732,5638
1565,178108,42,7066,730,5638
1566,178225,41,7066,726,5648
1567,178340,46,7072,729,5641
1568,178465,42,7066,729,5628
1569,178577,42,7070,733,5624
1570,178789,41,7076,731,5638
1571,178917,43,7079,733,5635
1572,179044,44,7085,739,5626
1573,179157,42,7085,736,5629
1574,179274,42,7082,727,5645
1575,179391,41,7080,724,5648
1576,179504,41,7087,737,5628
1577,179605,41,7095,745,5621
1578,179718,40,7094,743,5616
1579,179835,39,7094,740,5623
1580,179959,44,7094,740,5618
1581,180087,45,7097,709,5659
1582,180218,42,7097,671,5726
1583,180356,44,7097,671,5726
1584,180574,128,7104,654,5766
1585,180696,40,7111,636,5799
1586,180827,41,7111,637,5796
1587,180958,40,7117,643,5791
1588,181083,41,7131,654,5786
1589,181211,42,7131,655,5783
1590,181332,43,7143,668,5782
1591,181449,41,7140,668,5779
1592,181562,41,7149,678,5774
1593,181690,42,7150,679,5772
1594,181852,59,7146,679,5768
1595,181981,39,7146,680,5766
1596,182108,45,7150,686,5762
1597,182224,45,7152,680,5769
1598,182360,43,7153,671,5788
1599,182569,43,7152,645,5834
1600,182678,38,7163,654,5828
1601,182787,41,7166,653,5822
1602,182902,44,7173,646,5842
1603,183032,43,7176,628,5874
1604,183157,41,7177,594,5914
1605,183268,41,7187,592,5928
1606,183385,44,7195,593,5938
1607,183503,39,7191,584,5949
1608,183623,41,7192,569,5976
1609,183732,41,7201,569,5998
1610,183859,41,7200,570,6000
1611,183993,43,7203,572,6009
1612,184124,41,7207,556,6035
1613,184331,117,7205,517,6088
1614,184452,43,7206,520,6088
1615,184563,42,7206,517,6095
1616,184683,44,7206,518,6093
1617,184790,41,7224,529,6095
1618,184899,41,7224,530,6099
1619,185006,41,7231,537,6099
1620,185133,41,7233,528,6120
1621,185250,41,7240,537,6119
1622,185387,41,7230,538,6103
1623,185494,42,7229,516,6124
1624,185603,44,7251,530,6124
1625,185717,41,7253,533,6119
1626,185837,41,7249,521,6136
1627,185953,42,7249,521,6136
1628,186142,123,7248,505,6159
1629,186260,41,7262,515,6158
1630,186369,42,7261,508,6170
1631,186487,41,7275,509,6190
1632,186606,40,7284,513,6204
1633,186738,41,7285,499,6235
1634,186859,43,7299,503,6244
1635,186988,43,7301,507,6235
1636,187099,42,7312,514,6238
1637,187218,44,7317,516,6237
1638,187346,47,7311,513,6239
1639,187455,42,7314,521,6228
1640,187577,41,7326,531,6230
1641,187713,45,7330,536,6220
1642,187823,44,7336,533,6234
1643,188044,140,7332,526,6240
1644,188166,43,7338,532,6243
1645,188288,43,7339,533,6243
1646,188398,42,7338,524,6253
1647,188502,42,7340,526,6254
1648,188615,43,7335,526,6249
1649,188718,43,7333,525,6249
1650,188845,42,7344,534,6241
1651,188960,42,7344,535,6239
1652,189061,40,7345,535,6243
1653,189176,41,7347,530,6248
1654,189298,42,7362,542,6250
1655,189415,44,7373,555,6252
1656,189531,42,7376,554,6247
1657,189633,43,7375,553,6250
1658,189753,44,7382,552,6266
1659,189979,40,7384,560,6257
1660,190108,43,7384,552,6270
1661,190227,43,7384,552,6270
1662,190338,50,7384,549,6276
1663,190449,41,7386,552,6272
1664,190558,42,7394,561,6270
1665,190675,45,7394,560,6272
1666,190776,41,7418,583,6271
1667,190912,45,7431,590,6278
1668,191039,42,7436,591,6284
1669,191144,43,7453,605,6278
1670,191267,45,7449,603,6277
1671,191361,47,7458,610,6274
1672,191491,48,7458,600,6288
1673,191622,44,7460,588,6306
1674,191805,41,7467,587,6314
1675,191925,42,7466,582,6321
1676,192045,42,7480,595,6316
1677,192156,42,7483,591,6325
1678,192262,42,7482,589,6319
1679,192377,43,7486,592,6320
1680,192500,44,7491,595,6320
1681,192618,45,7502,606,6320
1682,192747,45,7502,604,6322
1683,192881,42,7501,606,6318
1684,192996,44,7502,606,6321
1685,193126,45,7501,606,6320
1686,193245,46,7505,593,6333
1687,193359,45,7518,604,6335
1688,193463,45,7528,610,6338
1689,194964,53,7526,590,6377
1690,195096,47,7527,581,6391
1691,195215,44,7526,581,6390
1692,195345,45,7527,580,6383
1693,195472,45,7539,591,6374
1694,195588,44,7540,595,6372
1695,195707,45,7539,584,6382
1696,195828,47,7540,583,6386
1697,195947,45,7543,585,6391
1698,196081,45,7551,591,6392
1699,196229,45,7552,591,6396
1700,196360,48,7553,592,6395
1701,196488,49,7555,592,6396
1702,196608,45,7573,608,6385
1703,196724,46,7573,603,6402
1704,196903,50,7569,601,6403
1705,197025,45,7576,598,6417
1706,197142,46,7581,601,6420
1707,197262,44,7582,599,6430
1708,197389,44,7589,606,6425
1709,197518,45,7595,602,6429
1710,197652,44,7598,602,6438
1711,197778,47,7608,595,6456
1712,197896,45,7606,593,6457
1713,198017,48,7612,600,6453
1714,198129,44,7619,610,6442
1715,198238,43,7628,615,6443
1716,198365,49,7631,612,6450
1717,198487,45,7634,614,6455
1718,198594,48,7635,615,6455
1719,198754,43,7652,629,6453
1720,198870,48,7652,625,6464
1721,198989,43,7661,634,6460
1722,199108,43,7662,631,6466
1723,199224,44,7664,630,6466
1724,199338,44,7664,630,6469
1725,199469,48,7665,627,6472
1726,199596,43,7664,627,6465
1727,199734,44,7666,624,6472
1728,199846,46,7679,640,6463
1729,199972,43,7671,636,6455
1730,200061,46,7676,636,6455
1731,200168,43,7672,636,6451
1732,200274,43,7676,640,6451
1733,200387,44,7677,627,6472
1734,200561,95,7678,628,6470
1735,200688,44,7670,629,6461
1736,200826,45,7666,627,6462
1737,200952,47,7666,625,6469
1738,201060,44,7666,627,6466
1739,201170,42,7673,634,6457
1740,201288,43,7676,639,6455
1741,201392,44,7701,665,6443
1742,201504,42,7701,665,6443
1743,201623,42,7699,658,6453
1744,201748,42,7699,660,6447
1745,201859,43,7711,674,6440
1746,201989,44,7710,673,6443
1747,202095,46,7730,692,6434
1748,202206,42,7732,692,6433
1749,202391,47,7742,703,6430
1750,202501,45,7741,700,6434
1751,202612,45,7742,704,6426
1752,202715,45,7743,700,6435
1753,202853,42,7740,696,6441
1754,202976,47,7748,700,6443
1755,203079,41,7744,688,6459
1756,203216,41,7746,691,6450
1757,203341,46,7757,699,6436
1758,203459,45,7770,709,6429
1759,203572,42,7770,710,6425
1760,203669,43,7772,709,6420
1761,203776,47,7772,707,6422
1762,203902,46,7770,706,6419
1763,204018,44,7778,717,6412
1764,204220,50,7778,712,6420
1765,204331,45,7775,712,6417
1766,204452,47,7774,711,6420
1767,204571,49,7774,711,6420
1768,204683,44,7773,705,6428
1769,204802,44,7781,716,6424
1770,204907,46,7780,719,6419
1771,205017,45,7781,719,6421
1772,205136,46,7782,720,6420
1773,205244,43,7779,719,6419
1774,205354,43,7781,716,6423
1775,205483,48,7782,717,6420
1776,205595,45,7782,714,6427
1777,205735,43,7777,711,6420
1778,205963,150,7785,715,6415
1779,206084,46,7785,714,6415
1780,206200,44,7782,710,6417
1781,206324,45,7783,704,6415
1782,206449,44,7780,701,6415
1783,206567,45,7785,705,6415
1784,206689,44,7785,704,6418
1785,206799,45,7786,707,6416
1786,206910,46,7790,711,6415
1787,207045,47,7790,712,6414
1788,207161,46,7785,712,6409
1789,207274,44,7783,714,6412
1790,207392,49,7782,709,6421
1791,207501,51,7782,709,6421
1792,207624,47,7791,718,6414
1793,207855,44,7792,718,6412
1794,207974,46,7796,720,6408
1795,208109,48,7799,720,6415
1796,208213,45,7812,734,6404
1797,208340,46,7810,736,6399
1798,208462,44,7804,735,6396
1799,208577,45,7807,738,6392
1800,208703,49,7809,740,6387
1801,208815,44,7823,751,6390
1802,208924,45,7824,748,6398
1803,209042,48,7824,745,6399
1804,209164,51,7825,744,6407
1805,209284,46,7830,742,6418
1806,209511,140,7830,742,6418
1807,209618,45,7829,740,6418
1808,209729,46,7829,737,6418
1809,209852,43,7824,737,6410
1810,209979,49,7831,745,6400
1811,210122,46,7832,728,6419
1812,210287,60,7834,711,6459
1813,210428,49,7830,685,6489
1814,210549,47,7852,698,6492
1815,210653,46,7864,696,6510
1816,210781,45,7865,692,6525
1817,210909,46,7865,670,6562
1818,211043,47,7864,639,6606
1819,211169,46,7864,613,6643
1820,211393,140,7864,612,6649
1821,211539,45,7875,610,6667
1822,211661,45,7876,605,6669
1823,211797,47,7876,600,6681
1824,211940,56,7869,581,6702
1825,212085,46,7863,581,6697
1826,212213,46,7862,573,6708
1827,212404,95,7852,552,6728
1828,212536,44,7855,551,6727
1829,212660,47,7866,544,6748
1830,212795,45,7863,543,6747
1831,212915,45,7870,549,6738
1832,213036,45,7875,550,6746
1833,213261,48,7886,540,6787
1834,213393,45,7887,538,6798
1835,213526,45,7888,539,6797
1836,213665,46,7887,515,6838
1837,213794,46,7888,516,6838
1838,213927,45,7884,514,6839
1839,214035,44,7897,514,6857
1840,214150,46,7896,514,6856
1841,214254,45,7915,530,6857
1842,214384,43,7920,535,6857
1843,214518,45,7930,536,6873
1844,214642,43,7934,525,6895
1845,214765,46,7934,516,6909
1846,214983,45,7946,518,6922
1847,215108,49,7949,492,6954
1848,215246,47,7950,473,6987
1849,215381,45,7955,457,7015
1850,215507,46,7959,453,7032
1851,215648,49,7958,449,7040
1852,215769,44,7949,436,7052
1853,215893,50,7956,446,7043
1854,216029,45,7956,443,7058
1855,216158,46,7962,447,7052
1856,216280,45,7988,467,7045
1857,216418,45,7992,469,7044
1858,216631,134,7999,467,7054
1859,216759,49,7998,442,7086
1860,216891,48,8000,443,7084
1861,217013,49,8015,455,7079
1862,217128,47,8019,459,7079
1863,217239,51,8013,459,7073
1864,217358,48,8012,461,7066
1865,217489,47,8016,464,7064
1866,217622,47,8014,460,7062
1867,217742,46,8033,475,7066
1868,217866,44,8035,468,7092
1869,218001,46,8037,453,7118
1870,218124,46,8037,455,7113
1871,218322,117,8035,454,7116
1872,218458,45,8041,447,7141
1873,218616,47,8045,449,7136
1874,218744,47,8044,438,7142
1875,218860,48,8053,446,7145
1876,218972,46,8056,449,7150
1877,219116,46,8047,448,7144
1878,219248,45,8048,445,7144
1879,219378,50,8048,445,7144
1880,219496,46,8048,442,7150
1881,219624,47,8050,444,7145
1882,219758,48,8058,441,7170
1883,219886,48,8069,451,7154
1884,220088,117,8068,451,7153
1885,220214,47,8068,449,7157
1886,220352,49,8068,452,7151
1887,220482,48,8064,432,7175
1888,220612,47,8066,434,7173
1889,220758,59,8067,435,7172
1890,220905,46,8061,431,7173
1891,221034,52,8064,434,7170
1892,221157,47,8065,435,7168
1893,221262,49,8067,437,7168
1894,221387,46,8069,438,7164
1895,221514,47,8069,437,7166
1896,221638,51,8069,435,7170
1897,221748,48,8071,437,7169
1898,221930,47,8076,433,7182
1899,222057,48,8077,431,7191
1900,222169,51,8077,425,7202
1901,222297,48,8083,425,7207
1902,222424,48,8092,434,7202
1903,222542,48,8095,438,7200
1904,222679,46,8097,430,7206
1905,222804,48,8108,439,7203
1906,222914,44,8105,428,7220
1907,223026,45,8105,427,7223
1908,223152,46,8119,428,7232
1909,223272,46,8122,434,7221
1910,223461,109,8130,443,7220
1911,223588,47,8138,451,7220
1912,223715,46,8144,457,7218
1913,223842,45,8146,459,7213
1914,223961,48,8143,459,7210
1915,224084,48,8158,478,7196
1916,224210,54,8157,478,7195
1917,224325,46,8163,484,7193
1918,224450,46,8161,484,7191
1919,224572,45,8161,484,7191
1920,224692,52,8162,487,7186
1921,224813,48,8174,498,7183
1922,224925,47,8182,506,7167
1923,225129,128,8190,512,7167
1924,225249,47,8204,522,7168
1925,225374,46,8206,525,7166
1926,225488,47,8207,522,7167
1927,225609,48,8211,527,7166
1928,225726,52,8220,537,7161
1929,225865,50,8222,540,7151
1930,225987,47,8225,544,7143
1931,226096,48,8233,548,7143
1932,226229,51,8236,545,7153
1933,226361,49,8237,546,7150
1934,226472,47,8249,547,7156
1935,226601,49,8250,546,7160
1936,226780,45,8257,554,7151
1937,226891,45,8263,562,7147
1938,227009,46,8265,563,7143
1939,227138,47,8263,559,7147
1940,227250,48,8288,583,7141
1941,227373,52,8292,584,7139
1942,227486,48,8308,596,7138
1943,227609,48,8309,596,7135
1944,227729,50,8311,596,7139
1945,227855,47,8312,595,7141
1946,227985,48,8313,595,7146
1947,228096,48,8319,603,7144
1948,228227,50,8319,600,7147
1949,228412,46,8321,595,7155
1950,228535,49,8332,606,7153
1951,228653,47,8333,606,7146
1952,228760,50,8335,608,7139
1953,228895,52,8339,612,7131
1954,229031,49,8346,618,7136
1955,229146,50,8346,619,7133
1956,229266,49,8359,631,7130
1957,229380,49,8359,626,7135
1958,229491,55,8362,624,7133
1959,229611,47,8362,624,7133
1960,229736,49,8361,625,7129
1961,229850,49,8367,629,7127
1962,230005,47,8366,623,7138
1963,230120,50,8384,641,7138
1964,230261,47,8390,649,7128
1965,230387,49,8386,649,7129
1966,230500,51,8395,657,7129
1967,230622,47,8394,658,7127
1968,230737,48,8390,658,7123
1969,230853,46,8398,664,7124
1970,230980,50,8404,670,7116
1971,231094,47,8410,676,7116
1972,231215,49,8412,678,7115
1973,231346,50,8415,681,7113
1974,231524,103,8434,699,7106
1975,231648,48,8434,699,7106
1976,231772,48,8442,709,7097
1977,231886,49,8445,711,7102
1978,232019,55,8455,717,7106
1979,232152,47,8453,720,7098
1980,232270,49,8459,729,7095
1981,232393,49,8461,723,7106
1982,232527,51,8464,724,7109
1983,232664,55,8465,725,7108
1984,232779,47,8476,733,7112
1985,232894,50,8480,735,7111
1986,233012,51,8478,736,7106
1987,233202,109,8487,744,7098
1988,233333,48,8491,741,7108
1989,233454,50,8493,740,7109
1990,233593,51,8495,740,7109
1991,233710,49,8512,757,7101
1992,233840,48,8513,758,7101
1993,233971,49,8527,769,7097
1994,234090,49,8526,770,7093
1995,234206,50,8542,783,7092
1996,234315,48,8547,790,7090
1997,234435,50,8556,796,7088
1998,234559,49,8568,808,7082
1999,234686,51,8567,805,7087
2000,234895,136,8567,803,7089
2001,235008,48,8567,805,7079
2002,235124,49,8570,807,7081
2003,235262,51,8572,807,7086
2004,235380,50,8572,795,7100
2005,235507,50,8572,794,7105
2006,235634,50,8575,796,7100
2007,235758,52,8589,809,7101
2008,235872,51,8591,807,7109
2009,235982,49,8593,808,7107
2010,236108,48,8591,801,7117
2011,236238,55,8600,809,7121
2012,236356,51,8602,808,7123
2013,236577,141,8601,809,7121
2014,236694,54,8599,807,7129
2015,236820,50,8594,803,7134
2016,236950,50,8597,804,7136
2017,237080,50,8598,803,7145
2018,237196,50,8596,802,7143
2019,237311,57,8617,821,7133
2020,237438,57,8617,819,7133
2021,237577,48,8617,818,7136
2022,237690,49,8617,816,7142
2023,237811,50,8617,811,7147
2024,237936,49,8616,811,7146
2025,238057,47,8618,810,7145
2026,238257,142,8619,811,7142
2027,238375,49,8633,822,7145
2028,238526,54,8634,823,7142
2029,238652,49,8634,819,7149
2030,238782,52,8636,821,7147
2031,238913,50,8639,823,7144
2032,239037,50,8653,837,7136
2033,239148,49,8653,833,7140
2034,239276,51,8649,830,7143
2035,239398,51,8650,829,7146
2036,239533,51,8652,832,7141
2037,239672,50,8657,838,7143
2038,239778,53,8657,838,7143
2039,241283,1443,8671,746,7288
2040,241425,49,8668,692,7366
2041,241578,51,8673,687,7374
2042,241723,49,8675,664,7412
2043,241855,48,8679,638,7448
2044,241985,49,8691,636,7474
2045,242108,49,8714,650,7473
2046,242238,50,8714,645,7485
2047,242374,49,8714,635,7492
2048,242524,49,8714,619,7513
2049,242632,48,8724,619,7521
2050,242779,51,8725,618,7530
2051,242908,48,8723,615,7541
2052,243068,48,8726,608,7554
2053,243185,48,8726,602,7560
2054,243307,50,8727,603,7559
2055,243445,51,8731,590,7594
2056,243587,49,8729,588,7592
2057,243709,51,8737,594,7591
2058,243843,51,8743,595,7588
2059,243973,49,8743,594,7586
2060,244099,49,8753,604,7581
2061,244230,51,8753,590,7594
2062,244370,47,8752,592,7591
2063,244500,51,8752,574,7613
2064,244672,91,8751,562,7632
2065,244811,51,8748,561,7630
2066,244937,49,8748,564,7627
2067,245061,51,8749,552,7650
2068,245166,51,8761,559,7650
2069,245291,51,8753,557,7643
2070,245433,49,8760,554,7654
2071,245561,52,8767,557,7655
2072,245688,51,8766,556,7658
2073,245837,62,8762,545,7676
2074,245963,50,8770,544,7691
2075,246080,51,8769,533,7718
2076,246192,47,8776,535,7722
2077,246379,108,8788,543,7717
2078,246505,51,8791,543,7721
2079,246633,49,8787,545,7711
2080,246763,50,8777,544,7699
2081,246897,50,8779,540,7700
2082,247046,49,8779,522,7727
2083,247184,52,8778,513,7741
2084,247302,50,8799,526,7739
2085,247428,50,8799,525,7743
2086,247546,48,8796,524,7740
2087,247672,50,8804,523,7752
2088,247799,53,8804,524,7751
2089,247926,51,8803,525,7744
2090,248125,50,8803,515,7760
2091,248267,60,8801,513,7766
2092,248394,52,8804,515,7761
2093,248516,48,8813,522,7766
2094,248638,50,8812,522,7765
2095,248759,51,8810,515,7776
2096,248892,54,8813,520,7775
2097,249027,50,8818,514,7782
2098,249147,50,8819,515,7781
2099,249287,51,8822,510,7790
2100,249418,57,8831,500,7811
2101,249551,51,8840,489,7838
2102,249740,115,8846,478,7857
2103,249879,49,8847,466,7870
2104,250002,50,8851,468,7866
2105,250126,50,8874,487,7861
2106,250242,52,8875,478,7871
2107,250365,52,8874,467,7887
2108,250511,51,8875,459,7900
2109,250636,48,8877,461,7900
2110,250777,61,8876,455,7911
2111,250902,51,8884,453,7920
2112,251035,56,8885,451,7929
2113,251165,51,8888,446,7934
2114,251287,51,8892,450,7931
2115,251508,153,8898,444,7951
2116,251644,51,8897,438,7965
2117,251778,50,8905,446,7958
2118,251899,54,8913,455,7949
2119,252011,50,8914,449,7961
2120,252136,50,8912,440,7973
2121,252265,52,8915,443,7967
2122,252403,50,8925,450,7971
2123,252532,50,8921,442,7981
2124,252664,52,8922,440,7991
2125,252808,50,8920,413,8032
2126,252949,51,8919,406,8041
2127,253075,52,8917,405,8038
2128,253317,165,8912,402,8043
2129,253445,55,8913,403,8038
2130,253571,49,8915,402,8039
2131,253689,53,8915,396,8052
2132,253820,50,8915,398,8048
2133,253945,50,8915,398,8048
2134,254070,56,8913,392,8064
2135,254202,53,8920,397,8058
2136,254331,48,8923,395,8068
2137,254456,53,8945,415,8063
2138,254574,54,8941,415,8059
2139,254701,52,8939,410,8071
2140,254923,141,8938,406,8083
2141,255063,51,8945,412,8071
2142,255188,55,8940,413,8064
2143,255321,52,8939,411,8070
2144,255461,54,8938,403,8074
2145,255584,51,8948,413,8071
2146,255720,54,8957,422,8071
2147,255841,52,8970,422,8080
2148,255969,54,8974,425,8078
2149,256103,54,8981,430,8074
2150,256232,52,8989,437,8080
2151,256377,55,9006,451,8079
2152,256625,168,9012,457,8068
2153,256749,57,9018,466,8057
2154,256875,51,9018,467,8052
2155,257002,53,9024,465,8059
2156,257135,54,9028,469,8057
2157,257271,57,9051,491,8046
2158,257402,54,9054,493,8043
2159,257532,54,9064,502,8038
2160,257665,53,9064,501,8049
2161,257790,53,9064,499,8053
2162,257920,55,9064,497,8058
2163,258052,60,9066,495,8053
2164,258268,130,9066,489,8066
2165,258401,49,9074,496,8075
2166,258511,52,9079,499,8072
2167,258645,52,9080,497,8072
2168,258764,54,9085,502,8077
2169,258884,52,9090,506,8077
2170,259009,54,9103,517,8072
2171,259132,54,9105,515,8070
2172,259253,55,9117,527,8070
2173,259387,55,9118,527,8068
2174,259520,55,9118,526,8074
2175,259642,57,9118,524,8079
2176,259858,135,9118,527,8072
2177,259989,54,9119,526,8075
2178,260115,52,9123,524,8093
2179,260241,55,9123,516,8105
2180,260372,57,9121,516,8103
2181,260498,52,9121,515,8107
2182,260621,54,9130,524,8107
2183,260742,52,9140,531,8107
2184,260866,51,9144,540,8101
2185,260993,54,9148,547,8093
2186,261119,53,9154,550,8095
2187,261267,54,9167,560,8092
2188,261487,137,9167,560,8093
2189,261622,55,9166,560,8092
2190,261760,53,9184,576,8081
2191,261890,53,9181,575,8078
2192,262003,52,9182,575,8081
2193,262126,54,9183,576,8076
2194,262258,65,9184,575,8086
2195,262396,51,9194,586,8073
2196,262526,53,9195,587,8073
2197,262648,53,9192,587,8077
2198,262765,56,9201,593,8089
2199,262896,53,9203,594,8089
2200,263097,126,9214,604,8086
2201,263225,52,9210,601,8085
2202,263346,52,9219,610,8085
2203,263493,54,9219,609,8094
2204,263621,55,9225,611,8105
2205,263747,51,9225,610,8110
2206,263860,58,9248,633,8102
2207,263992,54,9248,628,8104
2208,264121,56,9265,643,8094
2209,264243,57,9264,642,8093
2210,264361,57,9278,656,8089
2211,264483,53,9287,665,8088
2212,264674,123,9286,660,8093
2213,264809,55,9286,658,8101
2214,264928,54,9288,660,8101
2215,265050,52,9298,668,8107
2216,265167,57,9298,668,8107
2217,265290,53,9300,670,8104
2218,265426,57,9312,678,8077
2219,265547,56,9314,680,8077
2220,265691,58,9309,678,8072
2221,265823,52,9312,679,8060
2222,265940,55,9321,686,8064
2223,266060,56,9331,696,8056
2224,266230,98,9334,697,8063
2225,266344,53,9336,697,8069
2226,266464,54,9334,697,8067
2227,266582,55,9335,698,8067
2228,266708,58,9345,708,8058
2229,266836,54,9345,707,8060
2230,266980,56,9347,709,8056
2231,267123,63,9361,723,8057
2232,267250,55,9362,726,8052
2233,267368,55,9381,745,8046
2234,267489,53,9381,745,8046
2235,267620,53,9382,746,8043
2236,267798,107,9382,745,8045
2237,267926,52,9384,744,8048
2238,268047,55,9384,745,8044
2239,268176,54,9384,745,8041
2240,268293,54,9385,746,8041
2241,268420,59,9387,751,8032
2242,268533,54,9393,760,8029
2243,268650,53,9402,762,8033
2244,268774,54,9422,776,8034
2245,268898,56,9425,779,8034
2246,269029,58,9424,778,8028
2247,269156,58,9425,785,8025
2248,269367,121,9425,783,8035
2249,269500,61,9432,786,8030
2250,269626,58,9434,792,8018
2251,269758,54,9430,792,8014
2252,269894,58,9427,791,8014
2253,270015,55,9424,791,8011
2254,270168,53,9422,792,8008
2255,270304,54,9426,798,8000
2256,270444,53,9443,815,7999
2257,270598,57,9438,815,7994
2258,270750,57,9438,815,7994
2259,270897,55,9433,815,7989
2260,271104,125,9433,815,7989
2261,271239,58,9433,816,7988
2262,271355,55,9441,812,7998
2263,271500,55,9450,784,8046
2264,271644,52,9450,751,8086
2265,271805,56,9447,737,8103
2266,271945,55,9440,701,8164
2267,272081,57,9439,673,8204
2268,272215,57,9446,658,8235
2269,272360,58,9445,650,8242
2270,272510,52,9446,639,8256
2271,272650,53,9452,635,8269
2272,272847,112,9450,635,8267
2273,273017,57,9447,615,8293
2274,273154,57,9448,620,8286
2275,273288,55,9452,602,8315
2276,273431,56,9452,595,8330
2277,273568,53,9454,590,8330
2278,273701,53,9450,564,8360
2279,273827,55,9451,556,8371
2280,273971,56,9458,557,8383
2281,274122,58,9458,545,8401
2282,274258,54,9459,526,8428
2283,274379,57,9477,516,8447
2284,274573,118,9471,489,8475
2285,274715,56,9471,489,8475
2286,274845,54,9481,494,8479
2287,274988,54,9482,485,8498
2288,275131,54,9488,496,8485
2289,275279,52,9487,487,8494
2290,275434,58,9488,482,8493
2291,275567,58,9510,499,8498
2292,275686,54,9522,511,8485
2293,275799,54,9528,511,8493
2294,275939,56,9527,510,8493
2295,276073,57,9528,510,8495
2296,276281,120,9527,499,8509
2297,276419,56,9527,483,8535
2298,276541,54,9532,487,8538
2299,276680,56,9532,470,8564
2300,276807,55,9538,469,8574
2301,276931,55,9539,466,8576
2302,277072,55,9541,467,8577
2303,277206,58,9542,460,8589
2304,277340,56,9549,467,8581
2305,277496,69,9548,464,8588
2306,277628,56,9550,449,8600
2307,277766,55,9550,446,8605
2308,277954,111,9548,446,8603
2309,278091,56,9547,439,8613
2310,278222,58,9550,441,8611
2311,278345,53,9546,441,8607
2312,278477,57,9565,459,8608
2313,278619,57,9572,466,8608
2314,278750,55,9576,469,8612
2315,278894,57,9574,461,8622
2316,279036,54,9593,477,8609
2317,279163,54,9593,476,8604
2318,279297,56,9595,478,8597
2319,279423,58,9597,474,8611
2320,279556,57,9598,472,8616
2321,279737,55,9599,473,8614
2322,279873,57,9599,462,8636
2323,279995,57,9597,452,8648
2324,280127,57,9600,455,8649
2325,280253,55,9595,446,8657
2326,280391,55,9599,450,8653
2327,280513,55,9605,457,8643
2328,280639,56,9612,463,8629
2329,280770,54,9611,463,8628
2330,280888,54,9623,474,8626
2331,281060,69,9624,468,8635
2332,281193,58,9621,462,8638
2333,281366,102,9620,447,8656
2334,281486,55,9620,447,8650
2335,281610,55,9622,444,8657
2336,281751,53,9621,444,8656
2337,281892,56,9620,441,8662
2338,282037,54,9616,438,8675
2339,282169,56,9616,436,8683
2340,282300,55,9623,442,8679
2341,282424,55,9622,431,8698
2342,282548,58,9621,426,8699
2343,282684,58,9633,425,8704
2344,282810,53,9645,437,8699
2345,282929,57,9645,433,8704
2346,283106,54,9647,436,8701
2347,283244,64,9655,447,8693
2348,283383,56,9651,447,8689
2349,283519,55,9652,449,8688
2350,283659,57,9660,459,8689
2351,283786,57,9660,460,8686
2352,283907,58,9673,469,8673
2353,284035,55,9665,469,8665
2354,284175,58,9665,468,8665
2355,284313,56,9667,470,8658
2356,284478,53,9670,455,8683
2357,284588,56,9672,455,8681
2358,284790,123,9674,455,8689
2359,284924,55,9684,466,8683
2360,285050,58,9683,460,8688
2361,285175,55,9687,465,8678
2362,285304,57,9692,473,8675
2363,285436,55,9700,479,8675
2364,285568,61,9712,486,8677
2365,285702,57,9717,489,8676
2366,285833,56,9717,488,8681
2367,285974,56,9716,478,8691
2368,286110,54,9713,469,8692
2369,286235,57,9724,468,8711
2370,286363,61,9737,484,8707
2371,286587,151,9733,477,8716
2372,286706,55,9740,486,8714
2373,286851,60,9740,485,8723
2374,286975,60,9742,478,8738
2375,287097,56,9761,490,8728
2376,287225,56,9761,473,8758
2377,287344,57,9761,472,8762
2378,287450,57,9764,475,8762
2379,287595,55,9764,474,8769
2380,287722,56,9764,473,8773
2381,287848,57,9768,476,8772
2382,287988,58,9770,474,8775
2383,288223,59,9775,479,8780
2384,288359,57,9775,478,8781
2385,288485,55,9784,485,8783
2386,288610,54,9789,493,8775
2387,288747,57,9790,493,8773
2388,288875,55,9792,493,8777
2389,289005,56,9800,503,8771
2390,289137,56,9801,504,8773
2391,289276,57,9799,495,8778
2392,289396,56,9818,514,8769
2393,289529,56,9818,514,8769
2394,289651,55,9818,513,8774
2395,289889,54,9823,509,8780
2396,290010,55,9831,519,8770
2397,290148,55,9836,525,8763
2398,290284,55,9836,522,8773
2399,290415,61,9835,523,8769
2400,290550,59,9847,532,8774
2401,290678,61,9849,541,8768
2402,290809,59,9865,558,8756
2403,290939,56,9862,551,8759
2404,291069,56,9862,554,8747
2405,291212,59,9861,555,8743
2406,292697,1407,9859,542,8768
2407,292829,58,9873,542,8799
2408,292956,56,9881,550,8791
2409,293092,59,9881,551,8788
2410,293213,57,9881,549,8799
2411,293333,54,9895,563,8799
2412,293470,54,9894,566,8795
2413,293586,56,9901,573,8795
2414,293711,58,9912,584,8792
2415,293854,61,9911,584,8786
2416,294004,56,9911,585,8781
2417,294162,94,9917,589,8786
2418,294302,56,9920,594,8783
2419,294444,58,9920,593,8783
2420,294582,55,9914,595,8767
2421,294706,56,9914,595,8767
2422,294833,59,9913,596,8760
2423,294950,57,9913,594,8766
2424,295084,57,9913,591,8773
2425,295229,54,9915,591,8777
2426,295363,53,9912,590,8771
2427,295493,58,9929,602,8766
2428,295625,57,9936,611,8762
2429,295798,114,9939,611,8767
2430,295919,57,9948,620,8767
2431,296049,61,9949,621,8765
2432,296176,60,9958,626,8775
2433,296306,56,9957,628,8767
2434,296443,57,9957,627,8763
2435,296565,58,9953,629,8754
2436,296682,58,9954,629,8760
2437,296800,54,9962,637,8756
2438,296925,53,9968,642,8757
2439,297047,56,9966,642,8755
2440,297251,122,9966,642,8755
2441,297375,55,9973,646,8753
2442,297504,57,9970,645,8754
2443,297624,53,9970,645,8754
2444,297757,59,9971,646,8754
2445,297901,57,9972,647,8754
2446,298033,62,9989,663,8746
2447,298171,57,9988,667,8742
2448,298305,58,9988,666,8745
2449,298433,60,9990,666,8745
2450,298572,56,9992,669,8739
2451,298714,59,9990,667,8737
2452,298891,116,10000,676,8729
2453,299026,56,9996,677,8721
2454,299162,55,9997,678,8720
2455,299296,61,10005,677,8721
2456,299414,54,10005,677,8721
2457,299556,53,10015,685,8722
2458,299673,57,10014,694,8713
2459,299812,55,10012,694,8711
2460,299944,55,10005,694,8704
2461,300079,55,10003,690,8710
