tick,timestamp,query_runtime,trav_index_nodes,trav_vol_nodes,trav_unprod_nodes
0,421,3,6,6,0
1,617,1,20,20,0
2,814,1,24,24,0
3,1002,2,36,36,0
4,1183,1,38,38,0
5,1396,2,40,40,0
6,1574,3,46,46,0
7,1722,5,51,51,0
8,1903,3,65,65,0
9,2056,2,70,70,0
10,2201,2,72,72,0
11,2334,1,86,86,0
12,6221,2,96,96,0
13,6363,3,109,109,0
14,6549,2,110,110,0
15,6699,2,114,114,0
16,6910,3,117,117,0
17,7061,2,119,119,0
18,7204,3,126,126,0
19,7381,3,138,138,0
20,7539,4,140,140,0
21,7676,3,142,142,0
22,7823,3,152,152,0
23,7964,2,157,157,0
24,8099,3,158,158,0
25,8221,2,158,158,0
26,8354,4,166,166,0
27,8526,2,169,169,0
28,8654,3,169,169,0
29,8790,2,178,178,0
30,9356,2,179,179,0
31,9513,2,187,187,0
32,9704,5,198,198,0
33,9864,2,201,201,0
34,9976,2,208,208,0
35,10108,2,211,211,0
36,10256,3,212,212,0
37,10403,3,222,222,0
38,10529,3,230,230,0
39,10662,2,231,231,0
40,10847,6,232,232,0
41,10959,3,234,234,0
42,11062,2,236,236,0
43,11228,2,237,237,0
44,11321,3,238,238,0
45,11413,2,242,242,0
46,11540,3,253,253,0
47,11672,5,255,255,0
48,11814,3,264,264,0
49,12104,5,265,265,0
50,12243,2,267,267,0
51,12384,2,267,267,0
52,12502,3,267,267,0
53,12611,2,267,267,0
54,12718,3,279,279,0
55,12861,3,299,299,0
56,12962,4,309,309,0
57,13069,4,334,334,0
58,13167,3,343,343,0
59,13287,4,344,344,0
60,13440,3,344,344,0
61,13568,6,348,348,0
62,13657,3,352,352,0
63,13727,2,352,352,0
64,13824,3,359,359,0
65,13947,3,360,360,0
66,14030,4,361,361,0
67,14142,3,370,370,0
68,14265,4,372,372,0
69,14488,6,392,392,0
70,14609,3,404,404,0
71,14718,3,418,418,0
72,14815,4,418,418,0
73,14890,3,418,418,0
74,14990,3,421,421,0
75,15085,4,429,429,0
76,15200,4,429,429,0
77,15310,4,432,432,0
78,15417,3,432,432,0
79,15491,3,434,434,0
80,15615,3,443,443,0
81,15739,5,445,445,0
82,15856,5,459,459,0
83,15966,4,461,461,0
84,16073,5,466,466,0
85,16164,4,466,466,0
86,16265,4,469,469,0
87,16379,7,489,489,0
88,16529,4,492,492,0
89,16636,3,493,493,0
90,16736,5,501,501,0
91,16879,5,505,505,0
92,16978,4,512,512,0
93,17079,3,513,513,0
94,17176,4,514,514,0
95,17275,5,515,515,0
96,17364,5,524,524,0
97,17477,5,528,528,0
98,17581,4,530,530,0
99,17667,4,537,537,0
100,17746,4,540,540,0
101,17837,6,544,544,0
102,17961,6,546,546,0
103,18088,9,547,547,0
104,18214,7,550,550,0
105,18343,7,557,557,0
106,20658,11,560,560,0
107,20840,6,565,565,0
108,20958,5,565,565,0
109,21077,5,570,570,0
110,21198,4,574,574,0
111,21330,6,581,581,0
112,21460,7,582,582,0
113,21584,6,590,590,0
114,21715,8,601,601,0
115,21871,6,603,603,0
116,22019,6,620,620,0
117,22132,5,623,623,0
118,22223,5,629,629,0
119,22329,5,631,631,0
120,22434,6,633,633,0
121,22561,8,634,634,0
122,22718,7,639,639,0
123,22893,50,643,643,0
124,23069,9,646,646,0
125,23251,11,649,649,0
126,23386,7,651,651,0
127,23503,6,653,653,0
128,23581,6,660,660,0
129,23670,5,662,662,0
130,23767,5,670,670,0
131,23887,6,673,673,0
132,23994,8,681,681,0
133,24101,6,682,682,0
134,24229,10,683,683,0
135,24347,7,684,684,0
136,24431,6,686,686,0
137,24517,5,709,709,0
138,24609,8,710,710,0
139,24699,7,718,718,0
140,24785,6,721,721,0
141,25011,132,722,722,0
142,25113,6,722,722,0
143,25214,5,724,724,0
144,25307,8,724,724,0
145,25430,9,727,727,0
146,25553,10,729,729,0
147,25690,7,729,729,0
148,25783,5,733,733,0
149,25892,5,736,736,0
150,25984,8,738,738,0
151,26090,7,739,739,0
152,26195,10,742,742,0
153,26314,9,748,748,0
154,26420,5,753,753,0
155,26549,8,756,756,0
156,26683,6,758,758,0
157,26769,7,771,771,0
158,26868,8,773,773,0
159,27161,9,777,777,0
160,27283,6,798,798,0
161,27398,9,805,805,0
162,27488,6,806,806,0
163,27592,6,807,807,0
164,27712,9,810,810,0
165,27834,11,810,810,0
166,27940,8,811,811,0
167,28033,7,812,812,0
168,28132,7,822,822,0
169,28253,10,822,822,0
170,28357,7,829,829,0
171,28463,8,833,833,0
172,28576,9,840,840,0
173,28709,12,844,844,0
174,28833,9,851,851,0
175,28924,6,860,860,0
176,29148,7,864,864,0
177,29221,8,864,864,0
178,29328,11,873,873,0
179,29441,8,873,873,0
180,29541,7,873,873,0
181,29634,7,879,879,0
182,29723,7,889,889,0
183,29800,16,897,897,0
184,29901,7,901,901,0
185,29992,6,902,902,0
186,30088,7,905,905,0
187,30183,9,913,885,20
188,30318,8,915,855,35
189,30526,26,916,839,36
190,30636,10,921,820,52
191,30730,11,923,804,63
192,30995,162,924,756,103
193,31124,10,926,721,127
194,31215,8,930,713,137
195,31335,16,940,706,151
196,31476,9,939,694,161
197,31561,7,943,689,170
198,31667,9,943,681,178
199,31752,8,952,685,180
200,31821,7,947,676,177
201,31911,7,947,671,181
202,31995,9,956,674,180
203,32087,8,964,678,180
204,32172,8,970,681,183
205,32260,7,972,674,193
206,32358,7,979,679,188
207,32455,8,988,688,178
208,32564,8,986,691,173
209,32756,9,989,694,173
210,32850,7,988,694,172
211,32952,7,993,699,171
212,33035,7,996,702,171
213,33125,11,999,705,171
214,33213,8,1004,710,169
215,33301,9,1020,726,169
216,33397,9,1028,734,169
217,33479,8,1035,741,169
218,33592,8,1036,742,169
219,33692,11,1038,744,169
220,33791,10,1052,759,168
221,33882,8,1058,765,168
222,33975,9,1058,765,168
223,34060,8,1061,768,168
224,34154,13,1066,773,168
225,34357,8,1069,776,168
226,34458,9,1070,777,168
227,34540,9,1078,785,168
228,34658,9,1083,790,168
229,34742,9,1089,798,163
230,34833,8,1090,799,163
231,34945,15,1090,799,163
232,35060,9,1110,819,163
233,35157,14,1111,820,163
234,35261,10,1119,828,163
235,35371,12,1121,830,163
236,35461,9,1124,833,163
237,35567,9,1130,839,163
238,35677,10,1131,840,163
239,35785,11,1136,845,163
240,35893,12,1139,848,163
241,36032,9,1153,862,163
242,36151,16,1156,856,171
243,36279,10,1169,866,171
244,36394,19,1178,856,182
245,36494,13,1186,851,196
246,36604,12,1188,842,199
247,36714,10,1187,824,211
248,36842,11,1188,816,211
249,36948,12,1189,814,214
250,37047,9,1190,798,225
251,37136,9,1188,794,226
252,37235,13,1199,797,233
253,37326,9,1201,793,240
254,37422,9,1218,809,240
255,37522,10,1219,800,248
256,37622,11,1220,801,248
257,37795,13,1222,788,266
258,37916,10,1220,777,275
259,38016,10,1227,772,287
260,38115,10,1231,768,295
261,38187,9,1237,771,296
262,38296,9,1239,764,304
263,38381,10,1241,759,312
264,38464,11,1245,760,317
265,38582,11,1260,770,322
266,38683,10,1259,768,320
267,38769,9,1261,760,331
268,38910,11,1262,754,335
269,39008,10,1265,757,335
270,39107,10,1274,769,331
271,39241,15,1283,778,330
272,39349,11,1285,781,329
273,39553,14,1290,764,342
274,39704,14,1289,752,351
275,39804,11,1294,760,348
276,39898,12,1302,760,356
277,40001,14,1315,759,376
278,40096,10,1323,765,378
279,40205,11,1330,758,390
280,40304,12,1331,749,401
281,40411,10,1326,748,405
282,40494,10,1333,751,409
283,40580,11,1340,754,409
284,40679,14,1341,754,409
285,40765,11,1341,749,414
286,40868,11,1340,744,415
287,40955,13,1344,746,415
288,41055,21,1346,745,418
289,41114,10,1346,744,420
290,41281,12,1345,737,423
291,41353,10,1347,725,437
292,41438,9,1342,724,434
293,41518,10,1345,714,444
294,41597,9,1355,721,446
295,41671,10,1355,711,456
296,41738,11,1368,724,457
297,41808,9,1372,724,457
298,41905,9,1372,725,458
299,42004,12,1379,731,457
300,42078,10,1381,734,452
301,42173,10,1389,737,457
302,42258,11,1385,737,453
303,42346,10,1389,744,449
304,42437,11,1388,738,453
305,42536,10,1389,737,455
306,42621,11,1402,741,461
307,42767,9,1398,735,460
308,42847,10,1400,738,459
309,42935,10,1402,739,457
310,43007,10,1402,739,457
311,43101,10,1404,741,457
312,43196,13,1404,742,456
313,43295,10,1402,739,456
314,43362,10,1411,747,457
315,43440,10,1418,753,460
316,43520,12,1419,747,467
317,43607,9,1435,755,477
318,43692,11,1437,750,480
319,43780,11,1437,746,483
320,43861,12,1437,748,481
321,43932,10,1438,744,482
322,44012,10,1440,745,482
323,44090,10,1443,746,484
324,44164,12,1445,745,485
325,44328,95,1453,751,487
326,44405,10,1455,754,486
327,44489,10,1457,754,489
328,44577,10,1461,753,493
329,44665,10,1461,751,495
330,44740,11,1467,757,493
331,44813,10,1478,766,495
332,44889,11,1490,775,498
333,44962,10,1492,768,506
334,45049,10,1495,764,514
335,45135,11,1493,755,522
336,45227,12,1493,756,520
337,45310,11,1499,762,520
338,45400,11,1518,779,521
339,45515,14,1520,777,524
340,45607,11,1527,781,523
341,45709,14,1532,786,525
342,45913,120,1531,781,528
343,45993,10,1533,776,535
344,46078,10,1532,770,541
345,46159,13,1532,767,544
346,46248,11,1534,762,547
347,46341,11,1536,763,550
348,46424,12,1537,764,550
349,46499,10,1537,769,545
350,46587,11,1543,774,546
351,46676,11,1542,773,546
352,46768,14,1550,779,540
353,46857,11,1552,783,535
354,46951,12,1560,791,538
355,47033,11,1567,787,549
356,47110,11,1570,790,549
357,47198,11,1579,792,558
358,47266,12,1580,789,559
359,47358,12,1588,797,558
360,47427,11,1591,798,563
361,47623,11,1592,796,564
362,47689,11,1613,814,562
363,47766,12,1621,822,565
364,47851,11,1621,822,565
365,47927,12,1628,825,569
366,48005,12,1628,825,569
367,48090,12,1636,833,568
368,48183,12,1642,836,569
369,48293,13,1644,837,569
370,48384,12,1645,837,569
371,48479,13,1649,843,564
372,48575,12,1648,844,562
373,48670,11,1653,850,560
374,48781,12,1665,860,560
375,48862,12,1671,866,560
376,48957,12,1675,873,556
377,49077,12,1683,882,551
378,49298,12,1688,888,550
379,49385,11,1688,888,550
380,49479,12,1690,890,549
381,49567,11,1691,891,549
382,49657,11,1690,892,547
383,49753,15,1694,896,546
384,49837,12,1699,902,543
385,49919,12,1702,905,542
386,49995,11,1697,906,536
387,50080,12,1689,906,528
388,50170,11,1684,906,523
389,50262,11,1687,910,522
390,50362,16,1695,918,522
391,50444,12,1703,931,517
392,50530,12,1700,938,507
393,50609,14,1703,916,534
394,50817,133,1704,914,534
395,50923,11,1706,891,556
396,50990,12,1714,882,573
397,51073,12,1713,872,584
398,51165,13,1714,864,592
399,51275,12,1714,854,600
400,51361,12,1724,854,610
401,51451,12,1738,859,619
402,51549,12,1729,857,615
403,51628,12,1734,849,632
404,51729,13,1731,831,652
405,51825,16,1735,836,651
406,51909,13,1735,831,655
407,51985,13,1741,837,655
408,52077,12,1745,827,673
409,52179,12,1746,788,718
410,52271,14,1746,780,729
411,52497,12,1740,761,739
412,52584,12,1746,762,747
413,52695,12,1760,765,750
414,52788,13,1760,765,750
415,52876,12,1764,764,757
416,52959,11,1767,767,755
417,53034,13,1781,771,768
418,53115,12,1802,790,766
419,53206,12,1806,788,772
420,53294,13,1813,785,780
421,53388,14,1812,770,796
422,53461,13,1814,765,804
423,53535,13,1814,766,802
424,53621,12,1817,768,803
425,53841,14,1829,766,814
426,53949,13,1844,774,824
427,54019,12,1843,774,823
428,54109,13,1848,769,836
429,54200,13,1850,756,849
430,54286,13,1849,748,854
431,54380,12,1852,749,856
432,54466,14,1855,736,876
433,54556,13,1855,728,885
434,54637,12,1860,720,900
435,54713,12,1860,724,894
436,54795,13,1860,702,921
437,54879,14,1868,706,918
438,55149,13,1871,683,951
439,55230,13,1872,681,951
440,55316,13,1872,667,956
441,55405,13,1872,663,960
442,55494,13,1879,672,957
443,55594,14,1876,670,959
444,55669,13,1880,670,964
445,55756,14,1887,677,964
446,55840,13,1883,672,967
447,55967,14,1901,672,982
448,56065,13,1894,660,988
449,56153,14,1901,664,989
450,56240,13,1912,653,1000
451,56535,14,1911,643,1007
452,56613,14,1926,656,1013
453,56693,14,1927,657,1013
454,56790,13,1926,657,1010
455,56880,13,1926,650,1019
456,56979,13,1927,651,1018
457,57057,13,1929,655,1016
458,57132,13,1933,647,1029
459,57202,13,1934,648,1029
460,57285,14,1943,653,1033
461,57371,14,1944,654,1032
462,57461,14,1950,651,1046
463,57562,14,1951,652,1044
464,57775,14,1950,641,1055
465,57873,13,1951,627,1071
466,57953,14,1951,612,1088
467,58027,14,1951,612,1088
468,58107,14,1960,620,1092
469,58203,13,1959,617,1097
470,58292,14,1961,619,1095
471,58379,14,1976,631,1095
472,58460,14,1979,626,1105
473,58546,14,1981,619,1110
474,58614,15,1985,620,1110
475,58687,14,1994,626,1110
476,58783,14,1995,617,1120
477,58991,14,2002,627,1115
478,59086,14,2004,620,1122
479,59175,14,2005,621,1122
480,59267,14,2021,630,1130
481,59352,14,2024,632,1132
482,59446,14,2024,630,1135
483,59530,15,2025,631,1136
484,59618,15,2031,634,1147
485,59725,15,2032,634,1148
486,59815,13,2045,646,1144
487,59909,15,2046,635,1156
488,60001,14,2055,638,1163
489,60185,125,2057,640,1157
490,60310,13,2060,640,1164
491,60403,15,2062,640,1166
492,60493,13,2069,637,1180
493,60582,14,2071,634,1185
494,60658,15,2076,644,1179
495,60734,14,2078,641,1188
496,60812,14,2089,652,1188
497,60909,15,2088,655,1184
498,60992,15,2096,661,1183
499,61080,16,2095,664,1179
500,61164,14,2094,663,1178
501,61242,15,2112,679,1178
502,61459,143,2117,676,1186
503,61543,15,2116,676,1185
504,61652,14,2114,671,1188
505,61738,17,2114,669,1191
506,61834,15,2107,669,1184
507,61910,17,2106,660,1191
508,62002,14,2112,667,1188
509,62104,14,2112,664,1188
510,62170,15,2114,665,1194
511,62271,15,2113,656,1201
512,62357,15,2119,666,1196
513,62446,14,2124,669,1206
514,62537,15,2129,673,1206
515,65126,18,2139,588,1314
516,65232,19,2140,586,1318
517,65328,16,2142,584,1325
518,65410,15,2151,584,1336
519,65501,16,2161,593,1340
520,65607,18,2162,586,1349
521,65691,16,2158,580,1351
522,65788,16,2159,588,1344
523,65883,16,2159,585,1347
524,65962,16,2160,587,1344
525,66040,16,2162,587,1344
526,66137,18,2164,589,1343
527,66255,44,2155,582,1341
528,66360,22,2155,579,1345
529,66470,15,2160,583,1346
530,66553,16,2161,584,1347
531,66629,16,2172,593,1347
532,66713,15,2165,596,1337
533,66805,16,2166,588,1348
534,66892,17,2189,606,1353
535,66975,16,2193,610,1353
536,67057,15,2193,610,1353
537,67141,16,2185,611,1344
538,67232,16,2185,609,1346
539,67335,16,2191,614,1345
540,67481,14,2191,612,1346
541,67564,16,2190,614,1343
542,67644,15,2197,622,1342
543,67732,19,2197,622,1342
544,67828,14,2195,621,1341
545,67915,15,2194,620,1343
546,67987,16,2200,624,1345
547,68082,15,2198,625,1342
548,68167,15,2209,636,1337
549,68258,15,2217,638,1344
550,68342,16,2228,642,1350
551,68431,15,2235,651,1348
552,68585,70,2240,650,1357
553,68662,20,2244,648,1356
554,68753,16,2256,655,1357
555,68821,19,2264,656,1367
556,68918,19,2275,669,1362
557,68999,17,2276,669,1360
558,69081,16,2276,670,1359
559,69164,16,2278,670,1361
560,69249,22,2286,678,1361
561,69329,17,2286,682,1356
562,69422,16,2284,674,1364
563,69504,16,2293,679,1370
564,69627,65,2302,686,1370
565,69717,16,2304,690,1368
566,69820,17,2303,689,1367
567,69945,20,2309,695,1367
568,70030,16,2313,701,1364
569,70121,21,2320,709,1362
570,70219,21,2320,707,1365
571,70311,16,2321,699,1380
572,70409,15,2321,699,1380
573,70499,16,2332,710,1378
574,70594,16,2337,713,1380
575,70679,17,2350,721,1380
576,70816,68,2352,723,1378
577,70910,16,2355,721,1387
578,71010,17,2362,724,1395
579,71096,17,2366,732,1390
580,71187,16,2366,731,1391
581,71262,16,2367,736,1387
582,71360,17,2366,743,1379
583,71449,17,2374,746,1381
584,71549,18,2379,750,1382
585,71628,17,2394,760,1385
586,71714,18,2395,761,1385
587,71795,17,2403,769,1374
588,71933,77,2403,769,1374
589,72027,16,2400,772,1367
590,72126,22,2402,770,1371
591,72238,17,2401,772,1368
592,72327,16,2410,772,1377
593,72430,21,2410,772,1375
594,72522,21,2414,772,1378
595,72588,18,2414,767,1383
596,72678,17,2422,771,1386
597,72769,18,2429,776,1388
598,72860,17,2432,769,1396
599,72956,19,2428,768,1393
600,73037,17,2430,765,1397
601,73195,16,2431,761,1400
602,73285,19,2444,775,1395
603,73387,18,2456,785,1385
604,73489,17,2464,792,1388
605,73608,18,2470,786,1393
606,73699,17,2467,783,1392
607,73786,17,2476,790,1395
608,73886,18,2479,780,1416
609,73962,17,2479,780,1416
610,74062,17,2465,774,1409
611,74146,17,2466,771,1410
612,74235,17,2464,772,1407
613,74389,83,2472,780,1407
614,74487,17,2478,786,1406
615,74589,30,2483,786,1407
616,74681,17,2484,779,1411
617,74776,17,2484,779,1411
618,74864,17,2489,783,1411
619,74961,17,2485,783,1407
620,75055,18,2489,786,1409
621,75143,17,2495,789,1409
622,75223,17,2503,795,1410
623,75311,20,2504,796,1410
624,75406,17,2494,796,1400
625,75495,17,2497,802,1396
626,75702,117,2495,803,1393
627,75794,18,2494,801,1394
628,75863,20,2494,798,1397
629,75949,18,2495,798,1397
630,76039,17,2490,798,1392
631,76119,21,2488,796,1390
632,76208,17,2493,796,1390
633,76305,17,2497,798,1390
634,76404,17,2503,800,1394
635,76502,18,2505,795,1402
636,76602,18,2507,796,1399
637,76706,16,2509,795,1403
638,76789,18,2514,800,1403
639,76975,113,2511,796,1402
640,77071,17,2513,798,1401
641,77158,17,2514,797,1401
642,77255,17,2514,796,1402
643,77341,16,2513,797,1398
644,77419,18,2514,794,1400
645,77506,17,2526,806,1398
646,77602,17,2528,808,1397
647,77707,18,2526,809,1394
648,77798,19,2533,815,1395
649,77891,20,2533,815,1395
650,77968,20,2540,820,1397
651,78054,19,2550,823,1399
652,78162,18,2546,820,1398
653,78349,18,2548,820,1400
654,78445,17,2555,826,1400
655,78537,17,2558,805,1425
656,78640,18,2559,783,1451
657,78751,27,2560,784,1451
658,78847,18,2557,769,1474
659,78939,18,2565,763,1493
660,79042,18,2567,752,1507
661,79138,17,2573,751,1515
662,79229,19,2566,751,1508
663,79322,17,2567,734,1531
664,79423,25,2581,724,1557
665,79523,20,2587,713,1572
666,79739,18,2588,687,1615
667,79858,19,2584,671,1627
668,79948,17,2584,655,1644
669,80047,16,2586,647,1663
670,80144,18,2584,643,1664
671,80240,18,2584,641,1667
672,80331,17,2588,647,1666
673,80415,17,2599,645,1675
674,80525,19,2611,645,1693
675,80631,19,2611,631,1709
676,80727,19,2617,622,1726
677,80814,19,2618,623,1726
678,80933,23,2622,610,1745
679,81030,19,2622,587,1770
680,81227,18,2628,570,1793
681,81315,21,2629,560,1811
682,81418,18,2631,553,1829
683,81537,19,2631,553,1829
684,81631,19,2641,551,1847
685,81740,18,2649,558,1845
686,81841,18,2650,557,1847
687,81978,28,2663,566,1854
688,82099,19,2663,551,1872
689,82193,21,2657,551,1866
690,82307,22,2659,535,1890
691,82399,19,2660,532,1894
692,82482,20,2664,536,1891
693,82568,20,2663,531,1900
694,82818,19,2679,523,1930
695,82935,19,2677,521,1935
696,83049,18,2677,522,1934
697,83151,18,2672,519,1936
698,83234,18,2675,517,1945
699,83326,19,2691,525,1938
700,83434,19,2700,523,1948
701,83525,19,2699,523,1947
702,83613,19,2702,517,1955
703,83710,19,2703,514,1954
704,83803,20,2704,515,1954
705,83916,19,2704,510,1956
706,84029,25,2706,510,1961
707,84120,19,2705,504,1969
708,84346,170,2705,488,1989
709,84431,19,2700,481,1990
710,84515,21,2706,485,1990
711,84588,18,2703,476,1999
712,84680,20,2707,479,1998
713,84766,19,2709,468,2022
714,84854,18,2712,469,2024
715,84939,18,2726,483,2021
716,85029,22,2733,490,2021
717,85152,20,2734,491,2019
718,85264,21,2751,508,2019
719,85355,20,2751,508,2019
720,85435,18,2755,510,2018
721,85529,20,2754,507,2020
722,85631,21,2755,510,2015
723,85995,19,2756,479,2057
724,86105,21,2756,476,2059
725,86193,20,2756,476,2059
726,86301,23,2750,475,2054
727,86403,19,2751,476,2050
728,86507,18,2749,476,2048
729,86588,20,2751,471,2057
730,86686,20,2760,470,2066
731,86784,20,2765,475,2066
732,86891,21,2768,477,2068
733,86990,20,2766,470,2074
734,87087,21,2766,471,2072
735,87174,20,2766,464,2080
736,87469,23,2773,472,2080
737,87575,20,2775,463,2090
738,87673,20,2773,464,2087
739,87755,19,2778,466,2091
740,87849,20,2776,467,2088
741,87944,20,2794,484,2088
742,88044,20,2790,485,2082
743,88150,25,2789,487,2079
744,88227,20,2793,483,2089
745,88325,21,2797,477,2102
746,88420,21,2812,492,2095
747,88506,21,2813,488,2100
748,88830,228,2815,470,2120
749,88930,20,2812,466,2122
750,89035,21,2812,466,2122
751,89124,21,2812,465,2122
752,89214,20,2816,459,2136
753,89317,24,2811,446,2145
754,89408,20,2810,444,2146
755,89500,21,2808,437,2151
756,89596,21,2808,436,2151
757,89694,21,2811,429,2158
758,89791,21,2817,432,2159
759,89869,22,2819,423,2172
760,90139,189,2817,421,2170
761,90255,34,2818,422,2169
762,90356,21,2817,417,2177
763,90453,21,2817,407,2188
764,90539,20,2823,413,2189
765,90634,20,2829,417,2190
766,90724,21,2832,421,2189
767,90822,20,2830,421,2187
768,90921,19,2828,409,2199
769,91013,22,2829,408,2201
770,91096,21,2834,412,2203
771,91199,24,2834,410,2208
772,91496,222,2837,413,2213
773,91571,20,2844,415,2223
774,91660,19,2842,415,2221
775,91744,20,2852,424,2210
776,91844,24,2854,426,2211
777,91940,21,2860,427,2219
778,92026,19,2866,435,2216
779,92114,22,2863,435,2213
780,92213,22,2865,431,2219
781,92337,20,2872,438,2217
782,92412,22,2875,440,2215
783,92511,22,2874,435,2220
784,92798,21,2898,458,2213
785,92904,21,2894,459,2207
786,92987,20,2891,460,2200
787,93077,21,2886,460,2195
788,93174,19,2889,461,2195
789,93270,22,2890,462,2193
790,93390,20,2893,465,2193
791,93489,21,2896,468,2190
792,93586,22,2899,471,2190
793,93688,22,2903,475,2190
794,93783,21,2903,476,2189
795,94061,21,2907,482,2186
796,94175,22,2910,486,2184
797,94274,23,2914,490,2184
798,94358,20,2911,490,2181
799,94475,22,2911,492,2179
800,94574,20,2912,495,2177
801,94674,20,2914,497,2176
802,94760,20,2916,499,2175
803,94843,21,2939,522,2175
804,94942,21,2941,524,2175
805,95032,22,2946,530,2174
806,95309,20,2946,524,2182
807,95407,19,2946,524,2182
808,95509,26,2943,525,2178
809,95588,20,2948,530,2178
810,95680,20,2946,527,2179
811,95768,20,2944,526,2178
812,95871,21,2948,528,2178
813,95966,22,2948,526,2181
814,96040,20,2953,530,2180
815,96121,20,2953,530,2180
816,96235,22,2953,522,2185
817,96549,217,2956,512,2195
818,96663,22,2957,506,2203
819,96767,22,2957,506,2203
820,96873,22,2964,509,2210
821,96965,21,2967,505,2213
822,97058,22,2965,507,2209
823,97145,22,2972,512,2208
824,97244,22,2975,514,2205
825,97362,27,2977,516,2205
826,97482,28,2979,519,2203
827,97582,22,2987,529,2195
828,97958,295,2987,526,2198
829,98079,22,2991,521,2205
830,98193,25,2997,523,2209
831,98340,63,2999,525,2209
832,98459,21,2999,517,2211
833,98554,27,3014,527,2210
834,98670,22,3015,528,2209
835,98777,21,3017,529,2207
836,98863,21,3017,529,2207
837,98942,22,3017,529,2207
838,99036,21,3019,531,2206
839,99337,227,3026,534,2204
840,99431,23,3036,543,2202
841,99526,23,3040,547,2199
842,99623,22,3039,547,2198
843,99713,21,3045,548,2201
844,99808,22,3041,549,2194
845,99908,21,3046,553,2195
846,100029,21,3056,563,2194
847,100143,21,3058,560,2199
848,100241,23,3063,565,2198
849,100353,26,3064,561,2202
850,100464,23,3061,556,2205
851,100706,22,3067,557,2216
852,100808,22,3076,566,2216
853,100886,23,3092,575,2222
854,100979,24,3094,577,2222
855,101065,23,3086,576,2216
856,101155,22,3087,576,2225
857,101253,21,3084,581,2217
858,101352,21,3087,583,2217
859,101456,22,3087,570,2216
860,101543,23,3092,563,2223
861,101637,22,3089,563,2219
862,101869,155,3089,564,2212
863,101972,22,3090,564,2213
864,102081,22,3098,573,2212
865,102160,22,3108,571,2220
866,102253,22,3110,571,2221
867,102368,23,3109,564,2227
868,102488,27,3118,571,2227
869,102584,23,3119,571,2228
870,102686,22,3116,572,2224
871,102778,24,3118,573,2228
872,102857,21,3120,572,2235
873,102947,22,3123,572,2237
874,103195,167,3125,567,2244
875,103300,21,3130,575,2241
876,103401,23,3141,587,2237
877,103509,23,3140,589,2234
878,103586,23,3137,592,2224
879,103677,22,3136,592,2223
880,103771,21,3138,593,2226
881,103866,22,3141,594,2226
882,103968,23,3136,592,2224
883,104061,22,3138,593,2224
884,104153,24,3138,595,2222
885,104230,23,3140,597,2222
886,104461,25,3143,593,2227
887,104589,27,3140,592,2226
888,104681,24,3146,597,2228
889,104778,23,3147,596,2231
890,104857,23,3147,595,2231
891,104951,23,3147,590,2238
892,105046,22,3145,593,2232
893,105134,23,3146,594,2232
894,105232,24,3145,593,2226
895,105320,22,3140,593,2221
896,105418,23,3144,602,2216
897,105507,21,3150,606,2216
898,105607,22,3162,614,2215
899,107773,23,3164,575,2266
900,107880,25,3164,572,2270
901,107979,24,3169,575,2269
902,108067,23,3169,575,2269
903,108156,24,3169,575,2269
904,108259,22,3167,576,2265
905,108347,27,3167,574,2268
906,108446,25,3167,573,2269
907,108557,25,3164,549,2307
908,108675,22,3162,528,2337
909,108775,22,3178,536,2349
910,108903,24,3178,522,2364
911,109041,23,3188,516,2382
912,109142,21,3199,512,2402
913,109241,22,3201,504,2417
914,109336,21,3213,497,2442
915,109430,23,3213,484,2458
916,109533,23,3213,469,2475
917,109641,23,3217,465,2483
918,109729,22,3217,468,2479
919,109833,22,3216,470,2474
920,109940,23,3219,467,2483
921,110051,22,3228,454,2512
922,110172,24,3226,452,2523
923,110327,67,3229,450,2531
924,110432,24,3233,439,2553
925,110546,22,3234,420,2570
926,110635,22,3238,425,2569
927,110737,22,3234,424,2566
928,110827,22,3234,424,2566
929,110921,21,3242,408,2596
930,111023,22,3245,412,2595
931,111107,22,3250,417,2593
932,111211,24,3255,422,2591
933,111325,24,3255,407,2606
934,111423,23,3260,396,2624
935,111519,23,3261,378,2646
936,111663,22,3266,375,2654
937,111777,21,3265,366,2666
938,111881,24,3268,364,2671
939,111970,23,3268,363,2672
940,112079,23,3275,366,2678
941,112173,23,3275,365,2685
942,112260,23,3269,356,2689
943,112359,24,3275,364,2683
944,112472,23,3276,364,2684
945,112558,22,3283,362,2690
946,112662,23,3286,369,2683
947,112853,104,3290,371,2692
948,112960,28,3288,363,2699
949,113050,22,3298,373,2699
950,113135,26,3298,372,2701
951,113239,24,3298,370,2706
952,113336,26,3296,373,2701
953,113433,25,3302,369,2721
954,113561,30,3303,363,2728
955,113661,25,3304,357,2738
956,113760,24,3305,357,2741
957,113862,31,3308,353,2754
958,114031,89,3309,345,2765
959,114134,24,3311,342,2771
960,114241,23,3314,345,2771
961,114342,24,3320,351,2771
962,114445,26,3320,342,2780
963,114551,23,3325,334,2791
964,114672,22,3323,334,2791
965,114777,22,3328,338,2790
966,114876,24,3330,335,2792
967,114980,23,3339,336,2799
968,115086,23,3340,335,2805
969,115258,96,3341,331,2812
970,115338,22,3350,338,2815
971,115427,23,3349,345,2806
972,115522,22,3351,343,2803
973,115616,23,3351,341,2807
974,115709,22,3349,343,2803
975,115835,28,3348,343,2802
976,115952,30,3343,343,2797
977,116044,23,3337,345,2789
978,116144,23,3334,343,2786
979,116233,23,3335,344,2784
980,116332,23,3339,345,2785
981,116527,27,3342,332,2797
982,116612,22,3348,339,2796
983,116711,24,3349,339,2803
984,116809,24,3347,344,2799
985,116953,32,3347,336,2809
986,117061,23,3350,333,2812
987,117176,26,3349,328,2814
988,117277,24,3350,329,2812
989,117377,25,3351,330,2812
990,117488,27,3351,328,2815
991,117561,22,3351,328,2815
992,117734,93,3350,326,2823
993,117821,23,3350,315,2831
994,117918,23,3351,315,2830
995,118018,32,3353,313,2841
996,118124,23,3353,306,2850
997,118220,25,3369,318,2849
998,118317,24,3368,320,2846
999,118415,25,3368,319,2846
1000,118521,26,3373,325,2843
1001,118621,24,3368,324,2833
1002,118697,22,3374,330,2833
1003,118807,24,3376,332,2830
1004,119007,125,3377,332,2830
1005,119102,25,3377,332,2830
1006,119199,25,3377,333,2832
1007,119297,25,3376,332,2832
1008,119404,25,3376,333,2830
1009,119504,25,3370,329,2833
1010,119595,25,3370,327,2835
1011,119702,26,3372,329,2835
1012,119822,26,3377,332,2834
1013,119911,25,3377,333,2833
1014,120002,26,3387,342,2827
1015,120102,24,3379,342,2819
1016,120203,27,3379,342,2819
1017,120405,27,3373,339,2816
1018,120518,27,3374,335,2822
1019,120617,28,3374,334,2824
1020,120694,23,3376,334,2826
1021,120777,22,3378,333,2826
1022,120864,28,3377,332,2825
1023,120955,22,3375,330,2827
1024,121037,24,3387,336,2827
1025,121143,39,3390,335,2828
1026,121239,24,3390,337,2826
1027,121338,25,3399,346,2826
1028,121437,27,3402,349,2825
1029,121651,130,3404,352,2824
1030,121776,24,3404,351,2825
1031,121865,23,3404,351,2825
1032,121957,29,3409,350,2831
1033,122047,24,3413,349,2835
1034,122155,24,3412,355,2826
1035,122248,23,3422,358,2828
1036,122349,24,3431,368,2826
1037,122447,25,3439,371,2830
1038,122551,24,3435,369,2826
1039,122650,24,3433,369,2824
1040,122747,24,3435,371,2822
1041,122845,24,3433,371,2820
1042,123103,176,3440,378,2820
1043,123203,23,3442,379,2823
1044,123299,22,3443,380,2822
1045,123395,25,3443,380,2822
1046,123490,23,3455,389,2821
1047,123589,23,3458,395,2815
1048,123688,26,3458,392,2820
1049,123780,23,3466,398,2826
1050,123860,24,3460,396,2824
1051,123954,24,3461,397,2824
1052,124057,26,3476,411,2824
1053,124200,25,3479,413,2825
1054,124287,25,3497,430,2825
1055,124377,25,3510,442,2823
1056,124578,25,3510,439,2828
1057,124667,25,3509,436,2833
1058,124757,31,3513,439,2833
1059,124845,24,3510,440,2832
1060,124942,26,3516,441,2835
1061,125028,26,3534,456,2835
1062,125123,26,3544,467,2831
1063,125221,25,3553,476,2830
1064,125319,25,3553,476,2830
1065,125415,25,3555,478,2828
1066,125488,24,3554,470,2834
1067,125589,25,3555,471,2832
1068,125691,25,3557,469,2837
1069,125799,26,3564,472,2839
1070,126046,24,3566,466,2849
1071,126128,24,3583,483,2849
1072,126228,26,3581,480,2850
1073,126345,24,3580,481,2848
1074,126434,27,3584,484,2848
1075,126527,30,3580,486,2842
1076,126633,27,3581,486,2843
1077,126741,25,3581,486,2843
1078,126855,27,3581,478,2853
1079,126953,26,3587,485,2848
1080,127050,25,3582,485,2843
1081,127140,27,3584,482,2851
1082,127247,25,3584,482,2851
1083,127331,27,3586,478,2859
1084,127643,25,3586,471,2871
1085,127744,26,3604,488,2870
1086,127842,30,3599,488,2865
1087,127941,29,3608,496,2863
1088,128034,25,3613,501,2863
1089,128136,27,3613,500,2864
1090,128233,27,3614,497,2870
1091,128322,27,3620,503,2867
1092,128400,25,3625,506,2870
1093,128498,27,3627,506,2872
1094,128598,27,3620,504,2868
1095,128690,26,3634,518,2868
1096,128953,168,3633,518,2867
1097,129044,27,3642,523,2870
1098,129132,26,3642,523,2870
1099,129220,28,3634,523,2862
1100,129313,26,3632,523,2860
1101,129413,26,3635,529,2857
1102,129504,28,3643,537,2857
1103,129612,26,3643,534,2863
1104,129701,25,3643,534,2863
1105,129799,26,3651,540,2862
1106,129896,26,3653,539,2864
1107,129995,26,3651,535,2868
1108,130102,27,3652,535,2869
1109,130363,25,3656,538,2871
1110,130448,23,3664,546,2869
1111,130551,25,3663,546,2868
1112,130639,25,3662,547,2866
1113,130727,25,3663,548,2866
1114,130812,24,3670,554,2865
1115,130908,25,3670,554,2865
1116,131009,29,3671,560,2861
1117,131111,27,3671,561,2859
1118,131201,25,3670,555,2860
1119,131293,24,3672,557,2857
1120,131399,25,3675,557,2853
1121,131646,25,3680,562,2853
1122,131738,25,3677,557,2851
1123,131827,25,3677,557,2851
1124,131915,25,3689,572,2848
1125,132028,27,3685,565,2853
1126,132119,26,3700,578,2852
1127,132208,26,3709,587,2841
1128,132302,25,3715,591,2841
1129,132391,25,3714,591,2840
1130,132493,28,3714,590,2842
1131,132590,26,3715,587,2846
1132,132832,155,3718,594,2840
1133,132922,27,3715,586,2839
1134,133009,26,3714,586,2833
1135,133123,27,3717,590,2829
1136,133243,27,3717,590,2829
1137,133354,28,3717,592,2823
1138,133438,27,3717,592,2823
1139,133535,26,3717,592,2823
1140,133621,25,3717,592,2823
1141,133716,27,3725,600,2821
1142,133807,27,3725,603,2818
1143,133900,27,3727,597,2831
1144,134149,25,3726,596,2831
1145,134247,27,3733,598,2831
1146,134343,27,3739,602,2833
1147,134441,28,3752,613,2824
1148,134536,27,3752,613,2824
1149,134628,27,3752,613,2824
1150,134724,28,3754,614,2823
1151,134830,26,3751,613,2820
1152,134910,27,3758,618,2818
1153,135001,26,3757,618,2817
1154,135112,27,3766,624,2818
1155,135335,150,3767,620,2823
1156,135425,25,3778,630,2820
1157,135563,29,3781,633,2819
1158,135664,27,3788,640,2818
1159,135761,27,3791,642,2818
1160,135856,27,3803,654,2815
1161,135946,25,3803,661,2808
1162,136042,29,3805,663,2808
1163,136140,27,3811,670,2806
1164,136244,27,3818,677,2806
1165,136342,33,3823,683,2805
1166,136568,165,3836,700,2796
1167,136683,26,3836,700,2796
1168,136768,29,3836,700,2796
1169,136858,26,3838,702,2795
1170,136957,27,3837,704,2792
1171,137062,27,3842,709,2792
1172,137149,25,3842,710,2791
1173,137255,28,3841,710,2790
1174,137367,26,3841,712,2785
1175,137465,26,3842,713,2785
1176,137559,27,3842,713,2785
1177,137650,28,3853,726,2778
1178,137888,36,3854,719,2794
1179,137995,31,3852,717,2804
1180,138088,30,3866,727,2800
1181,138185,30,3872,732,2799
1182,138284,27,3872,731,2800
1183,138392,27,3876,732,2802
1184,138502,28,3874,731,2801
1185,138622,27,3876,719,2818
1186,138735,26,3876,699,2845
1187,138851,27,3874,676,2860
1188,139094,162,3879,681,2857
1189,139215,27,3878,664,2875
1190,139301,28,3881,654,2885
1191,139424,27,3890,652,2897
1192,139532,26,3890,638,2915
1193,139622,26,3897,635,2929
1194,139728,27,3904,630,2947
1195,139832,27,3904,620,2967
1196,139941,28,3905,606,2983
1197,140043,27,3906,593,2998
1198,140160,28,3907,587,3006
1199,140412,156,3908,576,3009
1200,140523,27,3921,589,3009
1201,140625,26,3917,581,3014
1202,140732,26,3918,573,3022
1203,140838,27,3921,558,3040
1204,140930,27,3919,550,3055
1205,141031,27,3936,563,3054
1206,141129,27,3938,557,3059
1207,141237,27,3941,551,3068
1208,141352,29,3938,549,3068
1209,141465,33,3944,540,3090
1210,141708,161,3939,529,3094
1211,141812,30,3950,528,3105
1212,141904,28,3950,524,3112
1213,142024,28,3951,513,3126
1214,142120,29,3957,513,3127
1215,142214,30,3957,520,3120
1216,142320,30,3954,520,3121
1217,142437,27,3954,514,3133
1218,142528,31,3960,518,3134
1219,142631,27,3960,517,3137
1220,142738,33,3960,514,3143
1221,144853,2035,3968,517,3146
1222,144966,26,3966,424,3277
1223,145063,27,3972,415,3298
1224,145193,28,3964,415,3290
1225,145296,27,3963,416,3286
1226,145400,26,3959,413,3293
1227,145495,27,3962,416,3293
1228,145603,31,3968,423,3290
1229,145701,28,3965,423,3287
1230,145812,27,3963,410,3310
1231,145925,27,3966,408,3317
1232,146052,30,3966,387,3344
1233,146192,26,3972,394,3342
1234,146285,26,3972,389,3352
1235,146376,27,3973,385,3358
1236,146483,26,3972,385,3357
1237,146579,27,3967,381,3358
1238,146689,31,3965,381,3356
1239,146782,26,3964,371,3368
1240,146897,27,3970,371,3373
1241,147004,28,3976,364,3389
1242,147102,28,3970,352,3396
1243,147211,25,3970,350,3400
1244,147367,26,3977,358,3399
1245,147472,27,3977,348,3415
1246,147568,26,3983,349,3419
1247,147676,28,3984,344,3427
1248,147779,27,3979,345,3421
1249,147871,27,3976,346,3416
1250,147968,26,3986,356,3416
1251,148078,27,3984,356,3414
1252,148186,28,3984,357,3413
1253,148284,26,3984,357,3413
1254,148450,77,3985,360,3412
1255,148546,27,3985,360,3412
1256,148642,28,3987,358,3418
1257,148766,42,3990,359,3420
1258,148875,31,3985,360,3411
1259,148969,27,3985,360,3411
1260,149069,30,3987,354,3421
1261,149170,27,3983,354,3417
1262,149269,26,3982,354,3416
1263,149361,26,3990,349,3430
1264,149515,80,3991,341,3437
1265,149632,35,3992,338,3439
1266,149728,26,3999,337,3452
1267,149820,27,4011,349,3452
1268,149907,28,4010,344,3453
1269,150025,27,4010,343,3456
1270,150119,27,4012,338,3464
1271,150224,28,4013,338,3467
1272,150348,32,4026,350,3465
1273,150445,28,4027,348,3472
1274,150623,101,4037,358,3469
1275,150729,27,4039,357,3468
1276,150850,33,4041,357,3475
1277,150951,27,4042,351,3483
1278,151044,26,4047,357,3481
1279,151143,29,4055,363,3483
1280,151230,27,4057,360,3488
1281,151344,29,4062,365,3486
1282,151450,26,4068,364,3494
1283,151554,27,4068,364,3494
1284,151748,118,4074,370,3493
1285,151874,43,4077,363,3507
1286,151968,29,4085,371,3507
1287,152063,31,4085,371,3507
1288,152165,26,4088,373,3504
1289,152258,26,4091,376,3504
1290,152362,27,4089,373,3510
1291,152470,27,4084,372,3506
1292,152557,28,4084,372,3506
1293,152644,27,4093,381,3506
1294,152816,101,4099,386,3503
1295,152930,31,4099,385,3504
1296,153030,29,4099,385,3504
1297,153135,27,4098,380,3511
1298,153233,28,4117,399,3509
1299,153342,28,4117,392,3516
1300,153438,27,4124,398,3515
1301,153535,32,4124,398,3515
1302,153639,31,4124,393,3522
1303,153755,30,4131,396,3527
1304,154015,186,4145,408,3525
1305,154141,30,4144,405,3526
1306,154240,28,4153,414,3525
1307,154346,31,4153,413,3526
1308,154456,28,4168,428,3525
1309,154553,28,4168,429,3523
1310,154642,30,4168,428,3523
1311,154731,31,4180,439,3520
1312,154835,27,4178,439,3516
1313,154940,28,4178,439,3515
1314,155050,30,4179,439,3518
1315,155237,114,4180,440,3518
1316,155344,28,4180,437,3521
1317,155428,28,4184,443,3518
1318,155536,29,4184,443,3518
1319,155638,27,4189,450,3516
1320,155739,28,4194,455,3516
1321,155857,28,4194,451,3520
1322,155954,29,4195,458,3512
1323,156052,28,4198,456,3519
1324,156156,30,4202,461,3518
1325,156261,31,4202,451,3528
1326,156480,27,4196,449,3530
1327,156589,29,4200,452,3530
1328,156678,29,4200,452,3530
1329,156779,28,4200,446,3537
1330,156873,30,4200,438,3545
1331,156972,28,4202,441,3544
1332,157073,29,4206,446,3540
1333,157179,28,4206,443,3543
1334,157292,30,4205,442,3542
1335,157404,28,4204,442,3541
1336,157499,32,4204,442,3541
1337,157699,29,4210,437,3557
1338,157814,29,4210,437,3557
1339,157921,31,4212,427,3572
1340,158004,28,4216,421,3576
1341,158097,29,4216,421,3576
1342,158204,26,4216,418,3583
1343,158295,28,4218,420,3583
1344,158405,29,4215,421,3579
1345,158496,28,4228,437,3572
1346,158597,29,4237,445,3574
1347,158694,29,4237,450,3566
1348,158918,131,4237,450,3566
1349,159014,31,4237,448,3567
1350,159113,29,4233,448,3562
1351,159212,33,4233,448,3562
1352,159316,28,4237,450,3564
1353,159409,33,4233,455,3549
1354,159524,33,4241,462,3549
1355,159639,30,4238,454,3551
1356,159750,35,4242,461,3549
1357,159852,29,4247,468,3546
1358,159998,51,4247,466,3548
1359,160197,59,4247,458,3558
1360,160414,132,4248,459,3555
1361,160515,27,4249,459,3555
1362,160610,30,4250,460,3555
1363,160696,30,4251,461,3555
1364,160795,30,4252,464,3550
1365,160897,29,4249,465,3545
1366,161000,34,4249,465,3545
1367,161099,34,4249,464,3547
1368,161197,31,4261,476,3539
1369,161309,28,4262,477,3539
1370,161413,31,4264,483,3535
1371,161515,30,4264,483,3535
1372,161601,28,4263,483,3534
1373,161820,131,4264,475,3544
1374,161916,29,4265,479,3541
1375,162006,28,4265,474,3549
1376,162093,29,4275,486,3547
1377,162196,28,4273,485,3547
1378,162306,30,4279,490,3547
1379,162416,30,4293,492,3547
1380,162511,30,4293,492,3547
1381,162602,30,4293,491,3548
1382,162704,28,4302,499,3548
1383,162798,29,4310,507,3548
1384,162889,35,4325,522,3548
1385,162990,30,4322,522,3544
1386,163234,157,4321,518,3550
1387,163331,29,4322,519,3550
1388,163426,30,4339,535,3552
1389,163534,31,4341,537,3552
1390,163641,29,4350,546,3549
1391,163768,32,4352,547,3552
1392,163861,29,4350,547,3550
1393,163962,30,4350,547,3551
1394,164045,36,4350,547,3551
1395,164139,29,4349,547,3550
1396,164240,30,4346,547,3547
1397,164340,29,4352,553,3544
1398,164444,30,4354,553,3550
1399,164665,160,4356,546,3556
1400,164771,30,4363,553,3553
1401,164854,29,4375,560,3553
1402,164962,30,4385,572,3546
1403,165046,31,4393,575,3553
1404,165150,30,4393,575,3553
1405,165254,29,4385,568,3554
1406,165360,30,4383,568,3552
1407,165464,32,4391,575,3552
1408,165567,30,4398,582,3549
1409,165669,30,4397,582,3544
1410,165765,30,4395,582,3542
1411,166026,174,4396,586,3536
1412,166131,31,4404,596,3533
1413,166231,32,4404,595,3534
1414,166327,30,4405,594,3539
1415,166423,30,4405,594,3539
1416,166513,31,4407,596,3538
1417,166611,31,4407,596,3538
1418,166693,32,4412,603,3536
1419,166801,31,4411,603,3535
1420,166906,30,4416,606,3537
1421,167010,29,4412,603,3540
1422,167128,38,4406,603,3534
1423,167385,167,4409,604,3536
1424,167478,29,4409,604,3536
1425,167576,28,4407,604,3534
1426,167667,30,4408,603,3535
1427,167778,31,4412,609,3531
1428,167868,30,4416,612,3529
1429,167993,33,4415,612,3528
1430,168077,33,4413,609,3529
1431,168177,28,4419,614,3529
1432,168289,32,4425,620,3529
1433,168398,30,4427,623,3526
1434,168503,32,4426,621,3526
1435,168742,27,4424,591,3559
1436,168826,28,4431,584,3573
1437,168925,29,4430,570,3591
1438,169037,30,4430,566,3597
1439,169139,29,4438,574,3596
1440,169246,30,4446,571,3614
1441,169368,38,4446,537,3656
1442,169476,40,4461,534,3672
1443,169588,31,4460,522,3685
1444,169682,29,4460,518,3699
1445,169787,31,4462,510,3713
1446,170036,170,4462,479,3752
1447,170145,29,4462,470,3767
1448,170243,29,4460,458,3783
1449,170349,32,4460,458,3783
1450,170460,30,4460,458,3783
1451,170560,28,4458,459,3779
1452,170662,30,4458,452,3794
1453,170772,30,4455,451,3793
1454,170886,32,4455,450,3785
1455,170991,33,4457,448,3794
1456,171079,29,4465,450,3801
1457,171296,145,4471,426,3844
1458,171405,33,4468,410,3861
1459,171515,30,4469,403,3876
1460,171626,32,4468,405,3872
1461,171739,29,4474,411,3868
1462,171833,32,4481,416,3867
1463,171943,31,4481,413,3864
1464,172033,31,4480,412,3865
1465,172133,31,4480,410,3867
1466,172234,30,4478,409,3866
1467,172344,29,4476,397,3879
1468,172561,148,4482,388,3899
1469,172674,29,4481,384,3905
1470,172795,30,4484,379,3913
1471,172900,30,4489,385,3912
1472,173012,29,4488,385,3911
1473,173113,30,4492,389,3901
1474,173229,33,4491,391,3895
1475,173326,33,4492,392,3894
1476,173437,31,4498,400,3892
1477,173528,32,4505,407,3887
1478,173645,36,4503,409,3881
1479,173896,170,4508,414,3879
1480,174026,30,4510,416,3878
1481,174135,30,4511,417,3873
1482,174224,29,4508,417,3870
1483,174328,30,4508,417,3870
1484,174436,31,4515,424,3870
1485,174528,30,4532,442,3864
1486,174630,34,4536,451,3857
1487,174736,30,4541,456,3855
1488,174840,31,4549,464,3853
1489,174939,31,4548,459,3859
1490,175169,153,4548,450,3868
1491,175273,29,4543,431,3884
1492,175376,32,4543,429,3886
1493,175467,29,4541,421,3900
1494,175571,30,4541,415,3907
1495,175675,31,4548,413,3908
1496,175763,31,4560,425,3908
1497,175866,31,4560,417,3918
1498,175984,33,4562,416,3921
1499,176088,31,4561,411,3924
1500,176190,32,4559,405,3932
1501,176426,158,4561,402,3932
1502,176536,30,4561,402,3932
1503,176643,33,4561,397,3939
1504,176750,29,4560,392,3944
1505,176860,30,4556,383,3950
1506,176971,33,4560,388,3945
1507,177080,31,4561,384,3954
1508,177191,31,4560,383,3956
1509,177289,31,4563,384,3958
1510,177394,30,4568,391,3956
1511,177493,30,4562,391,3950
1512,177737,181,4568,379,3968
1513,177854,32,4568,378,3967
1514,177956,30,4583,392,3964
1515,178056,34,4583,391,3964
1516,178158,33,4582,391,3963
1517,178262,32,4590,399,3963
1518,178374,31,4592,392,3969
1519,178478,30,4591,394,3966
1520,178576,32,4592,383,3980
1521,178681,31,4599,390,3980
1522,178806,31,4601,390,3983
1523,179035,31,4601,390,3983
1524,179126,31,4608,397,3983
1525,179245,31,4611,402,3981
1526,179338,30,4607,400,3979
1527,179439,31,4608,401,3979
1528,179542,31,4609,402,3977
1529,179648,33,4608,402,3976
1530,179741,31,4617,403,3976
1531,179846,31,4624,411,3967
1532,179950,32,4623,411,3966
1533,180196,179,4617,410,3962
1534,180297,31,4621,412,3963
1535,180407,32,4621,409,3966
1536,180511,33,4625,413,3966
1537,180609,35,4626,406,3975
1538,180719,31,4624,397,3983
1539,180822,31,4631,401,3987
1540,180937,32,4630,398,3991
1541,181037,31,4633,401,3991
1542,181150,31,4635,401,3989
1543,181283,32,4645,409,3987
1544,181522,173,4645,399,4004
1545,181636,31,4644,390,4014
1546,181731,33,4644,390,4014
1547,181833,36,4649,385,4022
1548,181948,32,4646,375,4033
1549,182048,32,4648,383,4025
1550,182160,34,4649,367,4035
1551,182262,33,4663,379,4033
1552,182359,31,4662,373,4042
1553,182472,30,4666,369,4051
1554,182578,32,4679,382,4047
1555,184670,2006,4681,346,4095
1556,184768,31,4682,340,4106
1557,184868,33,4684,342,4105
1558,184956,31,4687,345,4105
1559,185052,33,4696,354,4104
1560,185166,36,4695,351,4106
1561,185275,32,4693,351,4104
1562,185368,32,4700,358,4104
1563,185470,32,4698,357,4105
1564,185572,32,4694,355,4103
1565,185683,37,4694,353,4103
1566,185806,63,4703,362,4102
1567,185935,33,4702,362,4101
1568,186054,33,4703,363,4101
1569,186157,31,4700,359,4107
1570,186260,30,4707,369,4103
1571,186363,33,4707,369,4103
1572,186467,32,4708,370,4101
1573,186570,31,4709,371,4097
1574,186670,34,4712,374,4097
1575,186782,33,4711,377,4091
1576,186879,34,4717,387,4083
1577,187038,76,4716,385,4085
1578,187152,32,4718,381,4093
1579,187265,33,4710,381,4084
1580,187363,33,4712,378,4084
1581,187466,33,4712,377,4087
1582,187568,33,4718,383,4083
1583,187679,32,4718,383,4083
1584,187788,35,4725,379,4089
1585,187888,33,4725,379,4088
1586,187991,32,4726,380,4088
1587,188156,92,4725,378,4093
1588,188285,38,4728,380,4091
1589,188376,32,4725,379,4089
1590,188486,32,4728,383,4087
1591,188585,31,4734,389,4084
1592,188683,32,4741,396,4082
1593,188776,32,4740,397,4080
1594,188881,32,4740,400,4079
1595,188984,31,4738,399,4078
1596,189093,31,4745,406,4084
1597,189252,104,4742,406,4086
1598,189353,32,4751,415,4083
1599,189463,31,4752,415,4081
1600,189551,31,4752,414,4084
1601,189649,32,4749,415,4077
1602,189748,33,4746,415,4074
1603,189861,32,4747,416,4073
1604,189961,31,4750,419,4064
1605,190073,31,4750,419,4064
1606,190179,34,4750,419,4064
1607,190375,33,4749,418,4064
1608,190481,30,4742,417,4058
1609,190594,33,4742,415,4060
1610,190710,34,4744,417,4057
1611,190812,35,4744,417,4057
1612,190917,36,4741,419,4052
1613,191019,32,4747,425,4049
1614,191130,35,4753,429,4046
1615,191232,32,4753,429,4046
1616,191399,89,4753,419,4053
1617,191497,31,4749,416,4053
1618,191606,32,4759,426,4050
1619,191725,31,4763,423,4059
1620,191824,32,4763,423,4059
1621,191925,41,4762,423,4058
1622,192036,32,4754,423,4050
1623,192142,34,4754,423,4050
1624,192231,34,4763,429,4045
1625,192349,34,4765,429,4050
1626,192518,104,4766,426,4057
1627,192626,36,4768,427,4055
1628,192748,33,4768,427,4054
1629,192863,31,4769,430,4052
1630,192965,31,4771,433,4049
1631,193060,32,4775,437,4046
1632,193169,32,4776,438,4045
1633,193278,32,4777,439,4044
1634,193403,32,4773,442,4036
1635,193518,32,4773,442,4036
1636,193697,109,4774,442,4035
1637,193792,32,4773,441,4035
1638,193900,34,4780,448,4033
1639,193998,31,4780,448,4033
1640,194105,32,4780,444,4040
1641,194211,32,4780,443,4041
1642,194307,32,4780,442,4041
1643,194413,37,4788,450,4041
1644,194528,31,4790,452,4041
1645,194628,31,4789,452,4040
1646,194834,127,4794,460,4035
1647,194950,32,4794,457,4040
1648,195081,34,4798,461,4035
1649,195175,32,4797,461,4034
1650,195284,31,4801,462,4038
1651,195373,33,4806,465,4036
1652,195477,32,4806,465,4036
1653,195579,32,4806,464,4040
1654,195672,33,4805,463,4042
1655,195767,32,4812,470,4041
1656,195875,33,4819,477,4039
1657,196074,34,4823,481,4039
1658,196188,33,4829,484,4041
1659,196288,34,4829,482,4041
1660,196387,31,4828,482,4041
1661,196513,35,4830,484,4041
1662,196628,32,4837,491,4040
1663,196734,35,4839,491,4046
1664,196837,34,4855,510,4038
1665,196942,31,4855,509,4039
1666,197053,33,4856,509,4042
1667,197154,33,4860,513,4039
1668,197352,33,4856,507,4047
1669,197454,31,4856,507,4047
1670,197535,33,4858,513,4040
1671,197633,32,4857,513,4039
1672,197739,32,4861,513,4043
1673,197845,32,4859,508,4050
1674,197959,32,4860,509,4050
1675,198074,32,4861,510,4050
1676,198175,34,4859,510,4048
1677,198275,33,4866,517,4048
1678,198375,34,4864,519,4042
1679,198587,32,4865,482,4089
1680,198720,35,4861,483,4083
1681,198847,32,4861,453,4138
1682,198967,32,4857,432,4162
1683,199086,33,4858,417,4181
1684,199201,32,4863,401,4205
1685,199311,33,4871,399,4212
1686,199424,33,4875,396,4224
1687,199527,33,4879,393,4231
1688,199637,33,4878,378,4253
1689,199767,33,4882,382,4250
1690,199964,126,4889,379,4270
1691,200079,32,4897,376,4281
1692,200181,32,4897,373,4284
1693,200284,31,4901,374,4296
1694,200396,32,4901,366,4312
1695,200501,32,4903,372,4308
1696,200628,37,4903,368,4313
1697,200737,33,4909,362,4328
1698,200854,34,4913,361,4333
1699,200979,34,4913,353,4346
1700,201084,34,4917,354,4351
1701,201179,33,4923,361,4349
1702,201383,129,4917,361,4343
1703,201502,35,4928,351,4363
1704,201616,38,4928,350,4365
1705,201734,34,4928,346,4369
1706,201848,32,4927,346,4368
1707,201974,36,4929,339,4372
1708,202086,34,4937,341,4382
1709,202187,34,4936,336,4391
1710,202295,33,4935,336,4390
1711,202402,33,4941,342,4390
1712,202510,34,4940,343,4387
1713,202614,33,4942,341,4392
1714,202711,35,4941,330,4409
1715,202946,33,4941,329,4410
1716,203061,33,4940,320,4427
1717,203186,37,4942,314,4442
1718,203292,33,4942,312,4444
1719,203390,33,4951,317,4454
1720,203505,33,4951,309,4464
1721,203611,33,4951,309,4464
1722,203733,32,4957,309,4468
1723,203851,35,4958,310,4467
1724,203967,33,4956,310,4465
1725,204061,33,4954,315,4458
1726,204165,33,4960,320,4465
1727,204407,34,4963,314,4473
1728,204511,35,4962,314,4476
1729,204617,35,4960,314,4474
1730,204735,37,4960,314,4474
1731,204836,34,4965,306,4489
1732,204942,34,4965,306,4489
1733,205063,36,4966,307,4489
1734,205165,33,4965,307,4488
1735,205259,33,4979,321,4484
1736,205375,33,4979,321,4484
1737,205491,32,4979,321,4484
1738,205727,35,4985,316,4499
1739,205832,32,4990,312,4509
1740,205930,34,4992,312,4508
1741,206030,32,4993,308,4517
1742,206133,33,4995,310,4514
1743,206247,42,5010,324,4513
1744,206356,33,5010,320,4516
1745,206474,35,5022,324,4524
1746,206569,33,5024,323,4530
1747,206682,34,5024,321,4535
1748,206805,43,5024,320,4535
1749,207019,160,5024,313,4543
1750,207125,34,5024,313,4543
1751,207242,37,5023,313,4542
1752,207346,33,5024,314,4540
1753,207438,34,5034,324,4541
1754,207552,35,5037,327,4541
1755,207652,33,5048,338,4538
1756,207760,35,5050,340,4536
1757,207870,35,5050,334,4538
1758,207992,34,5052,330,4544
1759,208101,39,5054,333,4541
1760,208321,33,5055,321,4558
1761,208426,35,5054,324,4552
1762,208522,35,5055,324,4553
1763,208627,35,5058,329,4547
1764,208732,35,5069,340,4543
1765,208851,50,5072,347,4532
1766,208966,37,5067,347,4527
1767,209072,35,5068,348,4525
1768,209181,35,5071,351,4524
1769,209282,36,5068,352,4519
1770,209523,170,5063,352,4513
1771,209632,32,5062,351,4515
1772,209730,33,5069,359,4511
1773,209815,33,5077,358,4517
1774,209934,40,5082,360,4520
1775,210033,35,5089,362,4520
1776,210149,34,5090,363,4518
1777,210256,34,5082,363,4510
1778,210362,34,5083,355,4517
1779,210465,33,5088,359,4521
1780,210576,35,5094,365,4523
1781,210795,150,5103,368,4533
1782,210905,45,5112,376,4532
1783,211003,34,5121,385,4526
1784,211115,36,5124,388,4525
1785,211220,35,5123,388,4524
1786,211343,35,5129,390,4529
1787,211451,42,5135,396,4528
1788,211557,39,5132,396,4525
1789,211674,38,5145,404,4536
1790,211775,36,5145,402,4539
1791,212147,297,5144,402,4538
1792,212256,36,5150,401,4545
1793,212351,36,5167,416,4546
1794,212462,38,5168,410,4554
1795,212559,33,5181,424,4554
1796,212661,35,5182,419,4561
1797,212764,36,5183,421,4558
1798,212865,35,5179,421,4554
1799,212984,36,5180,422,4552
1800,213097,38,5181,423,4550
1801,213201,38,5189,431,4550
1802,213447,36,5193,436,4549
1803,213566,36,5193,436,4549
1804,213693,40,5196,438,4548
1805,213801,37,5196,438,4548
1806,213907,36,5198,441,4547
1807,214022,34,5198,441,4547
1808,214154,38,5207,451,4542
1809,214252,37,5209,453,4542
1810,214360,35,5211,454,4542
1811,214474,35,5209,454,4540
1812,214703,153,5212,462,4533
1813,214809,35,5215,458,4540
1814,214910,36,5220,466,4537
1815,215014,36,5220,467,4535
1816,215123,44,5230,476,4538
1817,215237,36,5229,477,4534
1818,215353,38,5228,477,4533
1819,215471,36,5228,475,4535
1820,215577,35,5230,475,4532
1821,215684,36,5228,472,4536
1822,215911,159,5237,479,4530
1823,216020,35,5237,478,4532
1824,216115,42,5237,477,4535
1825,216218,37,5238,477,4537
1826,216341,36,5241,478,4538
1827,216453,40,5245,482,4537
1828,216563,36,5249,484,4534
1829,216664,38,5250,485,4532
1830,216770,38,5250,485,4532
1831,216874,35,5250,479,4540
1832,216973,37,5262,494,4537
1833,219090,36,5264,451,4588
1834,219210,36,5264,451,4588
1835,219302,36,5262,451,4586
1836,219397,35,5266,456,4585
1837,219501,35,5272,463,4586
1838,219620,34,5274,465,4586
1839,219720,35,5273,465,4585
1840,219829,39,5268,465,4580
1841,219932,36,5268,465,4580
1842,220045,36,5268,464,4581
1843,220200,69,5268,465,4580
1844,220341,39,5268,465,4580
1845,220458,37,5275,472,4578
1846,220559,35,5276,472,4571
1847,220669,38,5279,471,4575
1848,220792,48,5290,479,4574
1849,220892,36,5294,482,4578
1850,221006,38,5300,488,4576
1851,221116,37,5306,493,4576
1852,221230,39,5306,484,4589
1853,221379,48,5310,488,4585
1854,221643,38,5308,486,4583
1855,221731,34,5312,491,4579
1856,221824,35,5312,491,4579
1857,221933,41,5309,486,4583
1858,222036,36,5309,486,4583
1859,222139,34,5313,490,4583
1860,222248,36,5314,488,4589
1861,222347,34,5314,483,4597
1862,222455,36,5315,483,4599
1863,222571,36,5315,483,4597
1864,222744,92,5315,482,4599
1865,222860,37,5315,482,4599
1866,222969,35,5321,490,4595
1867,223058,34,5319,490,4593
1868,223164,37,5316,490,4590
1869,223268,38,5316,484,4600
1870,223375,37,5323,487,4602
1871,223485,35,5323,484,4607
1872,223582,36,5325,480,4610
1873,223690,37,5328,483,4609
1874,223861,96,5334,489,4607
1875,223968,34,5334,488,4609
1876,224073,35,5334,490,4602
1877,224176,35,5334,490,4602
1878,224285,36,5334,490,4602
1879,224389,34,5334,488,4606
1880,224488,37,5333,486,4610
1881,224596,34,5335,487,4611
1882,224701,34,5336,488,4611
1883,224807,37,5336,492,4605
1884,224978,102,5336,492,4605
1885,225082,35,5338,494,4605
1886,225192,37,5340,496,4604
1887,225287,35,5346,500,4596
1888,225411,48,5340,499,4593
1889,225527,35,5347,506,4593
1890,225629,35,5349,502,4603
1891,225743,35,5350,505,4601
1892,225865,35,5346,507,4593
1893,225974,36,5358,519,4587
1894,226160,113,5358,521,4582
1895,226293,40,5359,521,4585
1896,226393,37,5368,529,4588
1897,226496,36,5365,528,4586
1898,226606,38,5376,529,4587
1899,226726,35,5375,529,4586
1900,226830,35,5377,530,4580
1901,226935,36,5374,530,4577
1902,227029,36,5380,534,4576
1903,227145,36,5386,542,4573
1904,227328,106,5386,543,4573
1905,227453,39,5389,546,4568
1906,227546,36,5394,551,4565
1907,227646,35,5391,550,4562
1908,227748,35,5391,548,4563
1909,227854,36,5402,556,4562
1910,227967,36,5407,562,4559
1911,228071,38,5410,565,4559
1912,228178,38,5410,565,4559
1913,228283,38,5410,565,4559
1914,228479,120,5410,561,4566
1915,228604,36,5408,561,4564
1916,228722,36,5412,553,4586
1917,228851,36,5410,551,4584
1918,228978,37,5408,545,4591
1919,229094,35,5408,537,4599
1920,229216,35,5409,517,4629
1921,229340,38,5417,509,4659
1922,229461,38,5411,492,4673
1923,229582,37,5411,483,4684
1924,229714,39,5421,470,4714
1925,229929,131,5419,451,4735
1926,230047,36,5419,451,4735
1927,230175,35,5420,448,4740
1928,230284,35,5418,441,4745
1929,230401,38,5424,414,4781
1930,230515,36,5426,406,4792
1931,230630,36,5428,398,4807
1932,230751,36,5437,395,4820
1933,230879,35,5441,388,4834
1934,230998,36,5444,388,4839
1935,231106,36,5441,385,4840
1936,231292,37,5448,384,4847
1937,231398,38,5447,384,4846
1938,231511,36,5441,370,4857
1939,231623,35,5440,356,4878
1940,231740,36,5441,357,4878
1941,231839,35,5441,351,4888
1942,231965,36,5438,348,4895
1943,232082,37,5438,342,4901
1944,232190,39,5446,348,4904
1945,232311,39,5445,335,4924
1946,232416,38,5442,328,4932
1947,232606,121,5456,341,4929
1948,232722,37,5456,338,4934
1949,232842,38,5456,344,4925
1950,232945,35,5452,345,4920
1951,233061,37,5457,354,4917
1952,233171,35,5464,358,4920
1953,233292,36,5471,358,4930
1954,233421,36,5468,358,4927
1955,233538,37,5467,344,4943
1956,233648,38,5487,364,4943
1957,233748,36,5497,366,4950
1958,233854,38,5511,371,4958
1959,234083,153,5511,354,4976
1960,234208,34,5517,361,4974
1961,234327,37,5517,361,4974
1962,234418,36,5523,367,4973
1963,234531,39,5521,367,4971
1964,234641,36,5512,367,4962
1965,234756,39,5514,368,4958
1966,234877,38,5516,369,4961
1967,234998,42,5511,361,4963
1968,235113,41,5518,364,4962
1969,235223,37,5513,364,4957
1970,235361,38,5506,363,4951
1971,235577,143,5503,354,4962
1972,235694,37,5504,351,4968
1973,235799,36,5502,351,4966
1974,235917,36,5506,341,4984
1975,236039,38,5507,334,4991
1976,236152,36,5507,326,5002
1977,236262,39,5510,330,4994
1978,236378,37,5509,318,5007
1979,236484,37,5509,318,5007
1980,236603,36,5509,314,5015
1981,236713,37,5510,317,5013
1982,236816,36,5510,309,5024
1983,237111,214,5511,308,5026
1984,237204,36,5519,312,5030
1985,237312,36,5525,316,5029
1986,237419,36,5524,310,5036
1987,237513,40,5524,305,5045
1988,237621,36,5528,295,5062
1989,237720,39,5534,301,5057
1990,237842,39,5533,306,5049
1991,237949,37,5529,306,5045
1992,238053,36,5533,310,5043
1993,238183,37,5531,300,5055
1994,238288,37,5538,307,5055
1995,238523,159,5534,308,5050
1996,238645,37,5533,302,5057
1997,238758,37,5539,301,5065
1998,238867,40,5539,301,5065
1999,238991,36,5531,294,5066
2000,239116,36,5531,292,5068
2001,239236,37,5531,277,5093
2002,239349,43,5536,277,5098
2003,239467,40,5536,277,5098
2004,239573,43,5539,282,5094
2005,239691,39,5541,275,5104
2006,239956,186,5545,276,5107
2007,240091,40,5545,274,5109
2008,240199,39,5562,285,5109
2009,240314,37,5562,285,5109
2010,240433,37,5562,284,5109
2011,240541,37,5560,278,5111
2012,240649,37,5560,277,5112
2013,240768,39,5559,277,5111
2014,240897,53,5557,272,5116
2015,240992,38,5559,274,5114
2016,241235,177,5561,275,5112
2017,241353,39,5566,279,5112
2018,241467,37,5566,273,5120
2019,241575,37,5568,274,5125
2020,241697,37,5567,274,5123
2021,241802,36,5577,278,5125
2022,241921,51,5574,277,5126
2023,242027,36,5572,277,5124
2024,242128,37,5575,280,5124
2025,242236,39,5572,280,5121
2026,242359,40,5568,284,5113
2027,242601,35,5575,282,5113
2028,242720,37,5581,286,5119
2029,242824,37,5583,294,5108
2030,242945,47,5579,295,5104
2031,243033,35,5579,295,5104
2032,243139,41,5584,294,5109
2033,243257,39,5585,292,5109
2034,243358,37,5590,297,5107
2035,243457,39,5599,305,5106
2036,243571,38,5600,300,5105
2037,243806,35,5608,306,5107
2038,243911,42,5618,315,5103
2039,244026,36,5624,315,5110
2040,244134,37,5624,316,5109
2041,244248,37,5624,316,5109
2042,244345,38,5633,323,5112
2043,244440,38,5633,324,5111
2044,244557,37,5632,324,5110
2045,244662,40,5634,319,5118
2046,244774,38,5642,327,5116
2047,245056,40,5654,336,5120
2048,245167,38,5656,342,5115
2049,245291,38,5657,344,5113
2050,245414,39,5654,343,5111
2051,245520,37,5652,337,5120
2052,245622,38,5667,352,5119
2053,245727,38,5667,352,5119
2054,245839,44,5670,355,5119
2055,245961,40,5677,365,5112
2056,246201,159,5679,367,5107
2057,246320,38,5689,374,5106
2058,246431,39,5690,375,5106
2059,246552,40,5688,372,5108
2060,246653,37,5694,378,5108
2061,246755,38,5696,380,5107
2062,246859,42,5694,376,5114
2063,246967,40,5699,381,5114
2064,247068,46,5706,387,5112
2065,247168,39,5704,390,5098
2066,247388,151,5706,392,5096
2067,247508,41,5713,403,5091
2068,247611,40,5725,415,5091
2069,247724,42,5724,415,5090
2070,247806,37,5731,422,5088
2071,247920,39,5731,422,5088
2072,248067,40,5734,425,5088
2073,248184,42,5737,428,5087
2074,248283,38,5736,428,5086
2075,248394,41,5736,428,5086
2076,248612,152,5744,437,5085
2077,248744,38,5752,445,5082
2078,248842,37,5750,450,5075
2079,248950,39,5760,460,5075
2080,249064,38,5764,463,5074
2081,249188,38,5765,464,5074
2082,249290,37,5768,463,5071
2083,249400,38,5772,467,5069
2084,249526,39,5767,460,5076
2085,249630,37,5771,464,5076
2086,249895,45,5771,461,5080
2087,250015,39,5779,465,5078
2088,250132,39,5792,478,5074
2089,250253,39,5800,485,5075
2090,250377,39,5807,487,5079
2091,250486,40,5807,487,5079
2092,250600,39,5806,486,5078
2093,250719,38,5810,490,5078
2094,250823,39,5810,490,5078
2095,250934,40,5807,490,5075
2096,253188,39,5809,469,5106
2097,253300,42,5812,472,5106
2098,253401,39,5813,472,5106
2099,253513,41,5821,480,5105
2100,253625,38,5821,480,5105
2101,253733,40,5821,479,5106
2102,253838,41,5821,479,5106
2103,253960,37,5820,485,5098
2104,254078,40,5821,486,5098
2105,254186,39,5822,487,5097
2106,254340,76,5822,479,5105
2107,254441,40,5827,484,5100
2108,254555,39,5826,481,5102
2109,254657,39,5825,481,5101
2110,254772,40,5826,480,5103
2111,254876,40,5825,480,5102
2112,254989,39,5835,490,5099
2113,255098,38,5840,494,5097
2114,255211,44,5848,504,5088
2115,255318,37,5851,507,5085
2116,255492,101,5849,508,5082
2117,255635,49,5849,507,5082
2118,255738,40,5856,513,5078
2119,255839,40,5858,509,5085
2120,255942,40,5871,521,5084
2121,256051,42,5872,522,5084
2122,256175,41,5871,523,5074
2123,256284,41,5871,522,5075
2124,256372,39,5873,522,5074
2125,256468,41,5875,523,5071
2126,256590,39,5874,523,5070
2127,256767,39,5871,523,5067
2128,256893,38,5860,523,5056
2129,257010,42,5860,521,5058
2130,257119,40,5861,523,5056
2131,257213,39,5862,524,5054
2132,257334,40,5857,523,5051
2133,257454,42,5858,524,5051
2134,257564,40,5856,525,5048
2135,257685,39,5856,521,5052
2136,257796,41,5855,519,5054
2137,257968,47,5856,520,5051
2138,258086,38,5867,528,5051
2139,258195,41,5874,535,5051
2140,258297,38,5876,537,5050
2141,258421,36,5872,534,5051
2142,258545,39,5870,529,5061
2143,258671,38,5873,512,5078
2144,258806,41,5872,483,5118
2145,258913,45,5872,483,5117
2146,259025,43,5874,472,5136
2147,259217,41,5876,461,5150
2148,259327,35,5874,441,5172
2149,259433,43,5878,432,5176
2150,259551,38,5878,410,5194
2151,259653,38,5907,436,5192
2152,259771,40,5915,438,5196
2153,259889,40,5917,422,5221
2154,260001,40,5922,421,5225
2155,260117,39,5924,414,5239
2156,260242,49,5927,410,5254
2157,260446,54,5930,390,5278
2158,260563,42,5935,387,5293
2159,260686,44,5935,368,5318
2160,260795,40,5948,373,5326
2161,260919,42,5948,367,5341
2162,261033,40,5950,369,5341
2163,261159,41,5947,362,5346
2164,261270,41,5948,364,5344
2165,261373,41,5936,364,5332
2166,261508,44,5936,364,5332
2167,261711,43,5940,357,5346
2168,261820,44,5948,362,5357
2169,261952,43,5947,345,5378
2170,262058,40,5944,344,5377
2171,262185,38,5942,344,5375
2172,262304,38,5941,332,5390
2173,262415,39,5940,331,5393
2174,262538,41,5938,330,5399
2175,262687,41,5938,327,5406
2176,262821,46,5943,327,5409
2177,262994,106,5944,323,5414
2178,263102,39,5947,320,5420
2179,263208,38,5955,327,5418
2180,263317,38,5959,325,5426
2181,263442,38,5959,317,5436
2182,263555,39,5960,317,5443
2183,263666,43,5959,302,5469
2184,263780,42,5959,302,5469
2185,263892,40,5966,309,5462
2186,264009,41,5967,314,5458
2187,264122,43,5969,321,5448
2188,264322,40,5969,319,5457
2189,264450,42,5969,312,5467
2190,264588,41,5966,313,5463
2191,264680,42,5973,319,5465
2192,264795,51,5974,312,5469
2193,264911,43,5974,303,5481
2194,265029,37,5974,303,5481
2195,265137,38,5977,305,5484
2196,265250,39,5983,311,5484
2197,265356,39,6002,326,5487
2198,265458,40,6010,330,5491
2199,265676,134,6003,329,5487
2200,265802,42,5998,320,5498
2201,265921,38,6005,322,5503
2202,266049,40,6013,328,5501
2203,266160,40,6011,328,5499
2204,266271,40,6012,320,5508
2205,266435,44,6028,334,5506
2206,266548,40,6029,331,5512
2207,266650,41,6027,328,5513
2208,266776,41,6027,321,5522
2209,266889,46,6026,313,5531
2210,267097,138,6025,313,5530
2211,267229,42,6025,314,5528
2212,267366,42,6025,312,5529
2213,267470,36,6031,317,5533
2214,267569,40,6029,317,5530
2215,267707,43,6029,317,5530
2216,267821,41,6037,316,5539
2217,267935,41,6039,319,5535
2218,268066,43,6039,319,5535
2219,268166,40,6039,306,5548
2220,268280,40,6036,306,5545
2221,268400,43,6037,305,5546
2222,268623,41,6046,314,5544
2223,268723,42,6046,314,5544
2224,268841,40,6049,317,5545
2225,268958,47,6046,318,5537
2226,269059,39,6046,318,5537
2227,269187,44,6048,320,5533
2228,269303,40,6044,320,5529
2229,269417,40,6043,320,5528
2230,269534,42,6056,332,5529
2231,269659,43,6053,325,5535
2232,269772,42,6065,329,5543
2233,269898,42,6073,339,5538
2234,270096,40,6081,336,5542
2235,270205,39,6081,334,5542
2236,270309,39,6086,335,5547
2237,270420,40,6087,335,5549
2238,270536,39,6089,337,5549
2239,270661,40,6089,336,5549
2240,270791,56,6089,328,5563
2241,270891,41,6097,336,5560
2242,271016,46,6093,334,5562
2243,271131,41,6087,335,5555
2244,271243,39,6087,335,5555
2245,271456,140,6088,330,5562
2246,271566,40,6082,330,5556
2247,271678,42,6087,328,5559
2248,271788,44,6081,328,5553
2249,271895,40,6078,327,5550
2250,272008,41,6093,337,5555
2251,272125,42,6093,337,5555
2252,272237,40,6095,339,5554
2253,272353,39,6095,339,5554
2254,272466,43,6105,349,5553
2255,272581,39,6105,349,5553
2256,272825,167,6104,346,5556
2257,272954,40,6113,355,5555
2258,273065,40,6111,344,5566
2259,273177,43,6111,344,5566
2260,273292,39,6113,344,5572
2261,273411,43,6107,346,5564
2262,273525,43,6108,344,5564
2263,273637,44,6115,349,5568
2264,273761,40,6121,355,5564
2265,273873,42,6125,361,5556
2266,273990,41,6129,359,5565
2267,274243,42,6129,355,5573
2268,274357,41,6125,355,5569
2269,274468,40,6125,350,5575
2270,274570,41,6131,356,5570
2271,274686,39,6131,356,5570
2272,274797,44,6130,361,5564
2273,274913,53,6132,363,5564
2274,275038,45,6134,367,5561
2275,275156,41,6140,373,5560
2276,275294,51,6147,375,5567
2277,275543,40,6155,382,5566
2278,275664,40,6156,383,5564
2279,275761,40,6161,389,5561
2280,275874,40,6161,389,5561
2281,275996,41,6161,389,5561
2282,276088,41,6163,392,5554
2283,276177,41,6173,402,5554
2284,276296,39,6173,401,5555
2285,276429,42,6173,397,5562
2286,276663,169,6172,398,5560
2287,276786,43,6176,402,5558
2288,276911,43,6178,404,5558
2289,277039,45,6176,405,5552
2290,277159,47,6188,416,5549
2291,277272,41,6187,414,5548
2292,277386,47,6187,414,5548
2293,277510,41,6187,414,5548
2294,277623,45,6186,414,5547
2295,277748,43,6186,414,5547
2296,277997,46,6189,416,5549
2297,278117,44,6189,416,5549
2298,278239,46,6189,414,5556
2299,278354,45,6189,414,5556
2300,278479,42,6190,415,5556
2301,278589,40,6186,413,5554
2302,278706,41,6186,412,5555
2303,278818,42,6197,423,5554
2304,278942,46,6197,423,5554
2305,279229,196,6194,419,5556
2306,279361,42,6194,419,5556
2307,279471,41,6201,426,5552
2308,279592,40,6206,431,5548
2309,279713,41,6211,435,5545
2310,279828,41,6211,435,5545
2311,279935,45,6217,441,5541
2312,280062,49,6217,437,5551
2313,280170,46,6215,436,5550
2314,280283,46,6219,438,5543
2315,280507,44,6220,439,5541
2316,280620,42,6223,442,5541
2317,280724,41,6231,450,5540
2318,280843,42,6227,450,5536
2319,280962,44,6238,461,5536
2320,281091,47,6239,462,5533
2321,281199,43,6242,466,5532
2322,281308,47,6251,474,5531
2323,281422,42,6252,475,5531
2324,281647,156,6252,476,5530
2325,281763,44,6246,476,5524
2326,281885,45,6250,480,5524
2327,282011,43,6250,480,5524
2328,282118,45,6264,494,5518
2329,282263,50,6273,503,5514
2330,282463,55,6271,503,5512
2331,282648,51,6271,505,5510
2332,282763,44,6271,505,5510
2333,282886,41,6275,511,5506
2334,283138,50,6276,512,5506
2335,283253,50,6279,514,5507
2336,283395,44,6280,514,5508
2337,283516,44,6276,514,5504
2338,283629,42,6276,514,5504
2339,283753,61,6290,528,5501
2340,283868,45,6286,529,5495
2341,283977,40,6291,534,5492
2342,284113,44,6290,534,5491
2343,284321,120,6292,536,5491
2344,284456,54,6290,532,5493
2345,284566,43,6291,533,5488
2346,284671,41,6299,538,5487
2347,284774,41,6299,537,5489
2348,284892,42,6299,537,5489
2349,285018,46,6301,539,5489
2350,285131,45,6299,539,5487
2351,285238,45,6299,539,5487
2352,285364,43,6299,539,5487
2353,285569,140,6306,545,5490
2354,285674,42,6306,545,5490
2355,285793,41,6306,544,5494
2356,285905,41,6306,544,5489
2357,286018,44,6306,538,5497
2358,286136,42,6309,536,5502
2359,286255,43,6309,536,5502
2360,286360,43,6315,536,5510
2361,286483,48,6315,535,5515
2362,286602,43,6315,531,5523
2363,286716,42,6315,530,5523
2364,286900,45,6316,531,5519
2365,287015,45,6316,531,5519
2366,287134,50,6318,533,5518
2367,287233,42,6318,532,5519
2368,287346,41,6320,531,5522
2369,287463,44,6316,531,5518
2370,287593,44,6320,529,5526
2371,287715,43,6320,529,5526
2372,287830,43,6325,535,5522
2373,287964,46,6330,540,5519
2374,288152,128,6330,540,5519
2375,288258,41,6330,540,5519
2376,288359,42,6331,542,5514
2377,288466,43,6331,536,5524
2378,288591,40,6331,516,5554
2379,288733,43,6327,507,5561
2380,288868,43,6327,468,5608
2381,288992,46,6320,449,5631
2382,289124,46,6326,441,5647
2383,289240,43,6326,425,5663
2384,289370,42,6326,409,5677
2385,291530,2080,6324,340,5787
2386,291663,40,6328,300,5839
2387,291780,41,6329,294,5846
2388,291895,42,6336,302,5844
2389,292033,49,6338,298,5851
2390,292152,43,6349,303,5857
2391,292277,42,6349,293,5872
2392,292415,45,6347,279,5892
2393,292526,43,6344,272,5898
2394,292657,45,6346,274,5895
2395,292815,76,6350,282,5891
2396,292926,44,6357,280,5901
2397,293049,46,6358,281,5899
2398,293166,44,6358,280,5900
2399,293286,43,6362,281,5904
2400,293404,41,6367,285,5905
2401,293531,46,6360,273,5911
2402,293639,42,6376,289,5910
2403,293750,41,6384,297,5910
2404,293869,44,6390,303,5910
2405,293988,47,6398,302,5920
2406,294132,86,6399,298,5929
2407,294270,41,6405,296,5940
2408,294380,43,6405,283,5957
2409,294503,43,6411,274,5970
2410,294628,46,6413,262,5977
2411,294744,42,6413,262,5977
2412,294841,44,6409,260,5975
2413,294970,42,6409,260,5975
2414,295095,44,6409,258,5975
2415,295210,42,6409,257,5976
2416,295323,45,6419,269,5973
2417,295489,92,6419,263,5987
2418,295593,41,6421,265,5987
2419,295711,42,6421,265,5987
2420,295832,42,6416,266,5980
2421,295944,42,6417,266,5981
2422,296082,43,6416,265,5983
2423,296210,45,6416,265,5983
2424,296326,42,6414,266,5978
2425,296440,41,6416,268,5976
2426,296556,44,6419,271,5976
2427,296662,44,6419,263,5985
2428,296834,44,6421,252,5996
2429,296958,42,6421,252,5996
2430,297059,44,6421,252,5996
2431,297175,42,6423,254,5996
2432,297277,41,6428,258,5995
2433,297388,43,6438,256,6003
2434,297508,41,6440,247,6011
2435,297630,44,6440,248,6010
2436,297765,47,6442,249,6012
2437,297870,44,6435,246,6018
2438,298046,94,6438,249,6018
2439,298168,42,6437,240,6033
2440,298286,42,6438,240,6039
2441,298411,44,6434,231,6047
2442,298524,43,6428,230,6044
2443,298633,44,6434,236,6044
2444,298758,46,6434,235,6044
2445,298850,42,6440,235,6050
2446,298977,48,6439,236,6047
2447,299085,43,6439,236,6047
2448,299202,43,6440,237,6046
2449,299381,105,6448,244,6051
2450,299489,47,6461,253,6038
2451,299616,43,6461,248,6045
2452,299741,43,6461,244,6051
2453,299855,43,6460,243,6051
2454,299973,47,6461,244,6050
2455,300079,46,6456,244,6045
