tick,timestamp,query_runtime,trav_index_nodes,trav_vol_nodes,trav_unprod_nodes
0,397,2.0,6.0,6.0,0.0
1,604,0.0,9.0,9.0,0.0
2,792,1.0,20.0,20.0,0.0
3,1027,1.0,23.0,23.0,0.0
4,1211,1.0,25.0,25.0,0.0
5,1392,0.0,28.0,28.0,0.0
6,1566,1.0,43.0,43.0,0.0
7,1720,1.0,43.0,43.0,0.0
8,2096,1.0,48.0,48.0,0.0
9,2247,1.0,52.0,52.0,0.0
10,2392,1.0,63.0,63.0,0.0
11,2531,1.0,71.0,71.0,0.0
12,2664,1.0,71.0,71.0,0.0
13,2778,1.0,72.0,72.0,0.0
14,2899,1.0,75.0,75.0,0.0
15,3025,1.0,89.0,89.0,0.0
16,3153,1.0,96.0,96.0,0.0
17,3279,1.0,105.0,105.0,0.0
18,3405,2.0,127.0,127.0,0.0
19,3560,1.0,135.0,135.0,0.0
20,3678,5.0,143.0,143.0,0.0
21,3805,1.0,144.0,144.0,0.0
22,3939,1.0,148.0,148.0,0.0
23,4079,1.0,149.0,149.0,0.0
24,4431,1.0,151.0,151.0,0.0
25,4557,3.0,152.0,152.0,0.0
26,4652,1.0,155.0,155.0,0.0
27,4748,2.0,157.0,157.0,0.0
28,4873,2.0,160.0,160.0,0.0
29,4961,2.0,161.0,161.0,0.0
30,5068,2.0,165.0,165.0,0.0
31,5188,2.0,166.0,166.0,0.0
32,5292,2.0,168.0,168.0,0.0
33,5383,2.0,170.0,170.0,0.0
34,5488,1.0,176.0,176.0,0.0
35,5601,1.0,190.0,190.0,0.0
36,5699,1.0,208.0,208.0,0.0
37,5803,2.0,208.0,208.0,0.0
38,5910,2.0,210.0,210.0,0.0
39,6011,2.0,212.0,212.0,0.0
40,6103,1.0,228.0,228.0,0.0
41,6180,1.0,231.0,231.0,0.0
42,6278,1.0,231.0,231.0,0.0
43,8546,3.0,233.0,233.0,0.0
44,8646,2.0,237.0,237.0,0.0
45,8742,2.0,242.0,242.0,0.0
46,8822,2.0,254.0,254.0,0.0
47,8895,3.0,268.0,268.0,0.0
48,9018,2.0,269.0,269.0,0.0
49,9121,3.0,270.0,270.0,0.0
50,9229,3.0,280.0,280.0,0.0
51,9314,2.0,280.0,280.0,0.0
52,9427,3.0,294.0,294.0,0.0
53,9543,4.0,315.0,315.0,0.0
54,9659,3.0,315.0,315.0,0.0
55,9935,2.0,322.0,322.0,0.0
56,10048,4.0,331.0,331.0,0.0
57,10154,2.0,334.0,334.0,0.0
58,10254,3.0,336.0,336.0,0.0
59,10336,2.0,345.0,345.0,0.0
60,10447,2.0,357.0,357.0,0.0
61,10554,4.0,358.0,358.0,0.0
62,10653,3.0,360.0,360.0,0.0
63,10801,4.0,369.0,369.0,0.0
64,10905,3.0,370.0,370.0,0.0
65,10989,4.0,379.0,379.0,0.0
66,11089,3.0,379.0,379.0,0.0
67,11178,2.0,384.0,384.0,0.0
68,11270,3.0,385.0,385.0,0.0
69,11361,3.0,396.0,396.0,0.0
70,11453,2.0,398.0,398.0,0.0
71,11531,2.0,411.0,411.0,0.0
72,11628,2.0,416.0,416.0,0.0
73,11716,3.0,416.0,416.0,0.0
74,11808,2.0,419.0,419.0,0.0
75,11900,3.0,426.0,426.0,0.0
76,11985,2.0,431.0,431.0,0.0
77,12092,2.0,445.0,445.0,0.0
78,12192,3.0,446.0,446.0,0.0
79,12300,3.0,447.0,447.0,0.0
80,12411,3.0,457.0,457.0,0.0
81,12500,3.0,458.0,458.0,0.0
82,12592,3.0,460.0,460.0,0.0
83,12806,2.0,468.0,468.0,0.0
84,12923,3.0,468.0,468.0,0.0
85,13019,3.0,477.0,477.0,0.0
86,13124,3.0,477.0,477.0,0.0
87,13207,3.0,491.0,491.0,0.0
88,13293,3.0,499.0,499.0,0.0
89,13389,3.0,506.0,506.0,0.0
90,13466,2.0,509.0,509.0,0.0
91,13561,3.0,514.0,514.0,0.0
92,13667,5.0,524.0,524.0,0.0
93,13764,3.0,526.0,526.0,0.0
94,13896,4.0,526.0,526.0,0.0
95,13986,3.0,540.0,540.0,0.0
96,14084,3.0,545.0,545.0,0.0
97,14168,4.0,550.0,550.0,0.0
98,14268,4.0,557.0,557.0,0.0
99,14350,4.0,564.0,564.0,0.0
100,14441,4.0,564.0,564.0,0.0
101,14522,5.0,592.0,592.0,0.0
102,14699,3.0,596.0,596.0,0.0
103,14784,3.0,600.0,600.0,0.0
104,14888,3.0,601.0,601.0,0.0
105,14973,4.0,606.0,606.0,0.0
106,15053,4.0,611.0,611.0,0.0
107,15144,4.0,612.0,612.0,0.0
108,15237,4.0,620.0,620.0,0.0
109,15333,4.0,620.0,620.0,0.0
110,15406,4.0,622.0,622.0,0.0
111,15496,3.0,622.0,622.0,0.0
112,15584,3.0,623.0,623.0,0.0
113,15677,5.0,625.0,625.0,0.0
114,15768,4.0,635.0,635.0,0.0
115,15868,8.0,643.0,643.0,0.0
116,15945,4.0,643.0,643.0,0.0
117,16037,4.0,647.0,647.0,0.0
118,16121,3.0,647.0,647.0,0.0
119,16212,4.0,647.0,647.0,0.0
120,16306,4.0,651.0,651.0,0.0
121,16451,4.0,665.0,665.0,0.0
122,16539,6.0,665.0,665.0,0.0
123,16636,6.0,665.0,665.0,0.0
124,16763,7.0,669.0,669.0,0.0
125,16870,4.0,678.0,678.0,0.0
126,16945,3.0,685.0,685.0,0.0
127,17032,4.0,690.0,690.0,0.0
128,17113,4.0,692.0,692.0,0.0
129,17220,4.0,695.0,695.0,0.0
130,17304,4.0,700.0,700.0,0.0
131,17391,4.0,702.0,702.0,0.0
132,17459,4.0,712.0,712.0,0.0
133,17536,5.0,725.0,725.0,0.0
134,17615,4.0,739.0,739.0,0.0
135,17701,5.0,739.0,739.0,0.0
136,17840,53.0,740.0,740.0,0.0
137,17938,14.0,743.0,743.0,0.0
138,18045,6.0,753.0,753.0,0.0
139,18151,4.0,756.0,756.0,0.0
140,18317,5.0,757.0,757.0,0.0
141,18412,5.0,757.0,757.0,0.0
142,18479,5.0,762.0,762.0,0.0
143,18545,4.0,771.0,771.0,0.0
144,18621,5.0,777.0,777.0,0.0
145,18715,5.0,777.0,777.0,0.0
146,18803,4.0,781.0,781.0,0.0
147,18890,4.0,784.0,784.0,0.0
148,18963,5.0,784.0,784.0,0.0
149,19046,4.0,789.0,789.0,0.0
150,19134,6.0,793.0,793.0,0.0
151,19230,5.0,813.0,813.0,0.0
152,19301,5.0,821.0,821.0,0.0
153,19394,5.0,827.0,827.0,0.0
154,19483,5.0,829.0,829.0,0.0
155,19571,5.0,830.0,830.0,0.0
156,19667,5.0,831.0,831.0,0.0
157,19749,5.0,837.0,837.0,0.0
158,19949,127.0,838.0,838.0,0.0
159,20049,5.0,840.0,840.0,0.0
160,20131,5.0,843.0,843.0,0.0
161,20204,5.0,844.0,844.0,0.0
162,20282,6.0,846.0,846.0,0.0
163,20356,5.0,849.0,849.0,0.0
164,20454,5.0,859.0,859.0,0.0
165,20544,7.0,866.0,866.0,0.0
166,20630,6.0,872.0,872.0,0.0
167,20711,5.0,872.0,872.0,0.0
168,20797,6.0,878.0,878.0,0.0
169,20887,5.0,879.0,879.0,0.0
170,20970,6.0,886.0,886.0,0.0
171,21083,9.0,891.0,891.0,0.0
172,21183,8.0,893.0,893.0,0.0
173,21273,5.0,901.0,901.0,0.0
174,21373,6.0,907.0,907.0,0.0
175,21462,6.0,908.0,908.0,0.0
176,21541,5.0,908.0,908.0,0.0
177,21786,6.0,908.0,908.0,0.0
178,21892,5.0,910.0,910.0,0.0
179,21988,5.0,910.0,910.0,0.0
180,22067,5.0,911.0,911.0,0.0
181,22150,6.0,921.0,921.0,0.0
182,22244,6.0,921.0,921.0,0.0
183,22341,6.0,921.0,921.0,0.0
184,22428,6.0,931.0,931.0,0.0
185,22526,7.0,937.0,937.0,0.0
186,22583,5.0,938.0,938.0,0.0
187,22668,6.0,943.0,943.0,0.0
188,22754,6.0,946.0,946.0,0.0
189,22830,6.0,950.0,950.0,0.0
190,22913,6.0,954.0,954.0,0.0
191,23011,7.0,958.0,958.0,0.0
192,23104,6.0,961.0,961.0,0.0
193,23186,6.0,974.0,974.0,0.0
194,23400,139.0,976.0,976.0,0.0
195,23468,5.0,977.0,977.0,0.0
196,23564,6.0,987.0,987.0,0.0
197,23644,6.0,994.0,994.0,0.0
198,23731,7.0,998.0,998.0,0.0
199,23819,6.0,998.0,998.0,0.0
200,23900,6.0,1006.0,1006.0,0.0
201,24010,6.0,1009.0,1009.0,0.0
202,24115,6.0,1014.0,1014.0,0.0
203,24206,7.0,1019.0,1019.0,0.0
204,24287,7.0,1022.0,1022.0,0.0
205,24366,7.0,1025.0,1025.0,0.0
206,24446,6.0,1034.0,1034.0,0.0
207,24530,5.0,1034.0,1034.0,0.0
208,24619,7.0,1035.0,1035.0,0.0
209,24712,7.0,1050.0,1050.0,0.0
210,24805,6.0,1059.0,1059.0,0.0
211,24883,7.0,1069.0,1069.0,0.0
212,25115,14.0,1069.0,1061.0,0.0
213,25201,7.0,1071.0,1052.0,4.0
214,25304,7.0,1072.0,1038.0,9.0
215,25405,8.0,1080.0,1025.0,23.0
216,25488,7.0,1090.0,1015.0,35.0
217,25579,7.0,1096.0,977.0,73.0
218,25667,7.0,1099.0,969.0,76.0
219,25761,6.0,1100.0,964.0,77.0
220,25850,6.0,1103.0,954.0,83.0
221,25937,7.0,1106.0,940.0,98.0
222,26024,6.0,1118.0,924.0,114.0
223,26133,8.0,1125.0,899.0,144.0
224,26235,7.0,1124.0,860.0,176.0
225,26324,8.0,1128.0,852.0,187.0
226,26420,9.0,1141.0,845.0,206.0
227,26506,6.0,1143.0,820.0,220.0
228,26601,7.0,1144.0,810.0,229.0
229,26836,6.0,1144.0,759.0,265.0
230,26917,6.0,1153.0,767.0,265.0
231,26999,7.0,1160.0,774.0,265.0
232,27093,7.0,1162.0,777.0,263.0
233,27209,7.0,1163.0,746.0,295.0
234,27285,7.0,1162.0,735.0,304.0
235,27375,7.0,1164.0,732.0,308.0
236,27468,7.0,1165.0,719.0,321.0
237,27580,6.0,1166.0,711.0,330.0
238,27688,7.0,1167.0,687.0,356.0
239,27775,7.0,1167.0,677.0,368.0
240,27870,6.0,1167.0,671.0,372.0
241,27964,7.0,1169.0,664.0,380.0
242,28059,7.0,1175.0,661.0,383.0
243,28149,7.0,1185.0,665.0,389.0
244,28265,9.0,1187.0,662.0,389.0
245,28363,7.0,1190.0,649.0,403.0
246,28657,221.0,1190.0,629.0,420.0
247,28769,7.0,1194.0,618.0,424.0
248,28867,7.0,1196.0,611.0,432.0
249,28953,7.0,1205.0,611.0,444.0
250,29025,9.0,1212.0,618.0,444.0
251,29130,8.0,1219.0,617.0,450.0
252,29213,8.0,1224.0,613.0,457.0
253,29293,8.0,1236.0,626.0,456.0
254,29387,8.0,1234.0,626.0,454.0
255,29482,7.0,1238.0,621.0,462.0
256,29583,7.0,1241.0,611.0,472.0
257,29677,7.0,1237.0,604.0,475.0
258,29768,8.0,1238.0,587.0,495.0
259,29873,8.0,1244.0,582.0,501.0
260,29978,8.0,1245.0,579.0,504.0
261,30045,7.0,1248.0,576.0,509.0
262,30125,8.0,1253.0,570.0,520.0
263,30456,257.0,1259.0,543.0,546.0
264,30536,7.0,1260.0,514.0,576.0
265,30623,10.0,1268.0,504.0,603.0
266,30709,7.0,1269.0,499.0,605.0
267,30809,8.0,1269.0,496.0,608.0
268,30918,8.0,1275.0,497.0,611.0
269,31045,9.0,1275.0,484.0,621.0
270,31136,10.0,1281.0,488.0,623.0
271,31238,9.0,1287.0,491.0,627.0
272,31374,9.0,1284.0,486.0,632.0
273,31475,8.0,1284.0,486.0,632.0
274,31574,7.0,1284.0,488.0,625.0
275,31672,9.0,1286.0,496.0,619.0
276,31776,10.0,1288.0,498.0,619.0
277,31872,8.0,1289.0,500.0,618.0
278,31948,11.0,1294.0,505.0,617.0
279,32032,9.0,1295.0,506.0,617.0
280,32393,278.0,1295.0,506.0,617.0
281,32499,9.0,1294.0,506.0,616.0
282,32588,8.0,1304.0,519.0,610.0
283,32683,8.0,1308.0,523.0,610.0
284,32781,8.0,1300.0,524.0,601.0
285,32846,9.0,1301.0,525.0,600.0
286,32929,9.0,1296.0,525.0,595.0
287,33036,10.0,1297.0,528.0,592.0
288,33126,8.0,1300.0,534.0,589.0
289,33214,8.0,1307.0,542.0,588.0
290,33297,8.0,1310.0,546.0,587.0
291,33391,9.0,1315.0,553.0,585.0
292,33478,8.0,1324.0,554.0,585.0
293,33575,12.0,1326.0,556.0,585.0
294,33655,13.0,1325.0,549.0,588.0
295,33763,10.0,1325.0,536.0,599.0
296,33850,9.0,1325.0,535.0,600.0
297,33968,8.0,1334.0,541.0,601.0
298,34061,7.0,1337.0,541.0,604.0
299,34149,7.0,1337.0,536.0,609.0
300,34256,7.0,1344.0,539.0,613.0
301,34347,8.0,1354.0,545.0,618.0
302,34432,9.0,1366.0,546.0,626.0
303,34509,10.0,1373.0,548.0,627.0
304,34593,8.0,1377.0,554.0,624.0
305,34667,8.0,1377.0,555.0,620.0
306,34782,10.0,1376.0,554.0,621.0
307,34883,8.0,1378.0,556.0,621.0
308,34978,7.0,1379.0,547.0,634.0
309,35074,8.0,1381.0,545.0,638.0
310,35152,9.0,1393.0,548.0,646.0
311,35226,8.0,1393.0,549.0,650.0
312,35296,9.0,1398.0,555.0,649.0
313,35368,9.0,1411.0,562.0,654.0
314,35439,8.0,1415.0,562.0,661.0
315,35582,7.0,1415.0,559.0,664.0
316,35647,8.0,1413.0,555.0,669.0
317,35735,8.0,1414.0,552.0,676.0
318,35817,9.0,1418.0,560.0,672.0
319,35919,10.0,1417.0,558.0,673.0
320,36022,12.0,1419.0,557.0,672.0
321,36099,9.0,1419.0,557.0,672.0
322,36166,8.0,1419.0,556.0,673.0
323,36249,8.0,1431.0,562.0,674.0
324,36332,8.0,1432.0,558.0,675.0
325,36411,9.0,1433.0,552.0,680.0
326,36515,9.0,1428.0,549.0,678.0
327,36596,8.0,1431.0,554.0,676.0
328,36678,9.0,1435.0,559.0,674.0
329,36760,10.0,1436.0,555.0,676.0
330,36852,9.0,1436.0,550.0,683.0
331,36946,9.0,1433.0,543.0,688.0
332,37116,61.0,1433.0,536.0,697.0
333,37208,11.0,1433.0,535.0,699.0
334,37296,8.0,1432.0,527.0,712.0
335,37394,9.0,1436.0,532.0,708.0
336,37474,8.0,1434.0,529.0,710.0
337,37564,8.0,1433.0,522.0,717.0
338,37658,8.0,1429.0,520.0,716.0
339,37738,12.0,1429.0,521.0,715.0
340,37855,13.0,1430.0,520.0,716.0
341,37942,12.0,1438.0,517.0,722.0
342,38035,17.0,1437.0,517.0,720.0
343,38131,8.0,1444.0,521.0,721.0
344,38218,8.0,1456.0,531.0,727.0
345,38311,8.0,1463.0,532.0,731.0
346,38415,11.0,1458.0,538.0,721.0
347,38507,10.0,1461.0,536.0,728.0
348,38598,9.0,1470.0,541.0,722.0
349,38697,11.0,1473.0,543.0,723.0
350,38884,97.0,1474.0,541.0,724.0
351,38969,9.0,1478.0,542.0,725.0
352,39063,9.0,1478.0,531.0,736.0
353,39150,9.0,1477.0,522.0,736.0
354,39237,9.0,1490.0,533.0,731.0
355,39318,8.0,1486.0,533.0,727.0
356,39407,9.0,1484.0,526.0,732.0
357,39514,8.0,1485.0,520.0,738.0
358,39617,10.0,1485.0,518.0,740.0
359,39700,8.0,1487.0,518.0,742.0
360,39791,9.0,1484.0,515.0,740.0
361,39886,10.0,1488.0,514.0,744.0
362,39971,9.0,1487.0,513.0,747.0
363,40055,9.0,1485.0,504.0,757.0
364,40146,9.0,1493.0,506.0,755.0
365,40244,11.0,1489.0,503.0,754.0
366,40332,8.0,1491.0,505.0,754.0
367,40432,9.0,1493.0,500.0,761.0
368,40526,13.0,1494.0,501.0,761.0
369,40711,8.0,1494.0,495.0,770.0
370,40808,13.0,1492.0,492.0,771.0
371,40901,9.0,1494.0,491.0,774.0
372,40989,7.0,1489.0,489.0,771.0
373,41061,9.0,1499.0,497.0,765.0
374,41148,10.0,1507.0,505.0,764.0
375,41233,9.0,1508.0,499.0,771.0
376,41327,9.0,1513.0,502.0,777.0
377,41403,9.0,1511.0,503.0,774.0
378,41497,10.0,1509.0,503.0,772.0
379,41580,8.0,1528.0,517.0,772.0
380,41672,10.0,1531.0,517.0,775.0
381,41772,11.0,1532.0,509.0,779.0
382,41870,13.0,1544.0,522.0,778.0
383,41965,13.0,1542.0,519.0,780.0
384,42065,10.0,1544.0,514.0,788.0
385,42153,11.0,1550.0,515.0,793.0
386,42246,10.0,1552.0,511.0,792.0
387,42331,10.0,1558.0,515.0,791.0
388,42524,9.0,1574.0,530.0,791.0
389,42608,10.0,1584.0,540.0,790.0
390,42684,9.0,1582.0,538.0,792.0
391,42774,10.0,1599.0,555.0,791.0
392,42854,13.0,1603.0,557.0,793.0
393,42939,10.0,1603.0,557.0,793.0
394,43020,10.0,1600.0,556.0,791.0
395,43110,12.0,1601.0,556.0,791.0
396,43205,11.0,1611.0,563.0,793.0
397,43299,10.0,1613.0,565.0,793.0
398,43378,10.0,1608.0,562.0,792.0
399,43463,11.0,1613.0,565.0,793.0
400,43544,12.0,1615.0,567.0,795.0
401,43641,10.0,1615.0,561.0,797.0
402,43735,11.0,1624.0,569.0,797.0
403,43825,10.0,1631.0,575.0,799.0
404,43906,10.0,1631.0,574.0,800.0
405,44008,12.0,1635.0,580.0,795.0
406,44116,11.0,1634.0,577.0,797.0
407,44327,9.0,1632.0,568.0,805.0
408,44428,11.0,1641.0,579.0,803.0
409,44517,11.0,1641.0,579.0,803.0
410,44598,10.0,1644.0,582.0,803.0
411,44676,10.0,1644.0,583.0,802.0
412,44747,10.0,1646.0,584.0,804.0
413,44823,10.0,1661.0,599.0,801.0
414,44906,10.0,1673.0,611.0,800.0
415,45041,14.0,1667.0,606.0,804.0
416,45143,10.0,1659.0,605.0,796.0
417,45258,10.0,1657.0,601.0,796.0
418,45335,10.0,1664.0,608.0,796.0
419,45409,11.0,1666.0,605.0,802.0
420,45509,10.0,1667.0,603.0,805.0
421,45599,12.0,1669.0,602.0,807.0
422,45680,10.0,1670.0,604.0,806.0
423,45760,11.0,1672.0,604.0,803.0
424,45834,10.0,1676.0,603.0,805.0
425,46057,147.0,1675.0,601.0,808.0
426,46148,10.0,1676.0,592.0,824.0
427,46230,9.0,1674.0,589.0,826.0
428,46314,9.0,1684.0,599.0,834.0
429,46400,10.0,1684.0,598.0,832.0
430,46495,9.0,1688.0,604.0,830.0
431,46577,11.0,1689.0,598.0,835.0
432,46687,14.0,1697.0,607.0,834.0
433,46798,10.0,1700.0,607.0,841.0
434,46877,12.0,1706.0,612.0,841.0
435,46968,13.0,1705.0,613.0,839.0
436,47064,13.0,1707.0,611.0,843.0
437,47181,11.0,1709.0,614.0,839.0
438,47270,11.0,1717.0,621.0,840.0
439,47360,11.0,1717.0,621.0,840.0
440,47467,11.0,1724.0,625.0,841.0
441,47564,11.0,1725.0,626.0,842.0
442,47665,12.0,1726.0,626.0,842.0
443,47775,12.0,1726.0,622.0,843.0
444,48197,11.0,1725.0,608.0,856.0
445,48284,10.0,1725.0,608.0,856.0
446,48352,10.0,1720.0,608.0,851.0
447,48450,9.0,1721.0,610.0,851.0
448,48551,11.0,1718.0,610.0,848.0
449,48640,11.0,1719.0,601.0,852.0
450,48720,11.0,1719.0,597.0,858.0
451,48799,13.0,1726.0,601.0,859.0
452,48889,10.0,1733.0,607.0,860.0
453,48984,11.0,1739.0,599.0,875.0
454,49077,10.0,1729.0,572.0,897.0
455,49157,12.0,1715.0,558.0,899.0
456,49251,10.0,1713.0,545.0,912.0
457,49369,15.0,1724.0,551.0,914.0
458,49489,12.0,1731.0,536.0,942.0
459,49593,12.0,1737.0,521.0,972.0
460,49675,10.0,1731.0,519.0,968.0
461,49754,11.0,1750.0,536.0,978.0
462,49975,9.0,1754.0,527.0,1005.0
463,50054,9.0,1745.0,534.0,988.0
464,50124,10.0,1729.0,528.0,977.0
465,50212,9.0,1738.0,528.0,985.0
466,50293,10.0,1757.0,538.0,991.0
467,50367,10.0,1754.0,538.0,988.0
468,50442,9.0,1759.0,543.0,991.0
469,50541,13.0,1766.0,532.0,1011.0
470,50623,11.0,1765.0,532.0,1012.0
471,50696,10.0,1772.0,531.0,1020.0
472,50769,10.0,1774.0,514.0,1049.0
473,50835,10.0,1775.0,514.0,1051.0
474,50903,11.0,1780.0,518.0,1054.0
475,51000,12.0,1783.0,510.0,1063.0
476,51096,11.0,1785.0,497.0,1084.0
477,51187,9.0,1789.0,501.0,1084.0
478,51282,13.0,1781.0,488.0,1090.0
479,51372,11.0,1765.0,484.0,1078.0
480,51653,200.0,1755.0,474.0,1084.0
481,51764,10.0,1744.0,461.0,1089.0
482,51851,9.0,1757.0,476.0,1087.0
483,51937,10.0,1763.0,480.0,1099.0
484,52008,9.0,1757.0,470.0,1106.0
485,52099,10.0,1757.0,459.0,1114.0
486,52172,12.0,1752.0,450.0,1118.0
487,52247,10.0,1752.0,448.0,1128.0
488,52333,10.0,1755.0,455.0,1130.0
489,52427,12.0,1754.0,447.0,1142.0
490,52525,11.0,1752.0,446.0,1142.0
491,52605,10.0,1750.0,448.0,1138.0
492,52704,18.0,1746.0,436.0,1149.0
493,52787,15.0,1731.0,436.0,1134.0
494,52938,12.0,1728.0,441.0,1122.0
495,53048,12.0,1734.0,448.0,1120.0
496,53598,9.0,1731.0,425.0,1139.0
497,53681,13.0,1735.0,432.0,1135.0
498,53774,9.0,1728.0,434.0,1125.0
499,53857,9.0,1726.0,433.0,1124.0
500,53930,11.0,1719.0,434.0,1115.0
501,54030,11.0,1722.0,429.0,1124.0
502,54114,11.0,1729.0,420.0,1140.0
503,54205,10.0,1730.0,413.0,1149.0
504,54311,9.0,1727.0,413.0,1146.0
505,54406,10.0,1732.0,411.0,1150.0
506,54491,9.0,1740.0,419.0,1149.0
507,54588,10.0,1746.0,415.0,1154.0
508,54728,12.0,1749.0,407.0,1168.0
509,54833,10.0,1749.0,402.0,1174.0
510,54921,11.0,1750.0,404.0,1175.0
511,55419,10.0,1739.0,391.0,1184.0
512,55504,11.0,1744.0,397.0,1185.0
513,55640,9.0,1742.0,397.0,1183.0
514,55737,13.0,1743.0,392.0,1188.0
515,55824,9.0,1744.0,374.0,1210.0
516,55915,12.0,1745.0,379.0,1206.0
517,56005,10.0,1747.0,380.0,1207.0
518,56092,10.0,1752.0,386.0,1203.0
519,56178,10.0,1756.0,387.0,1206.0
520,56258,9.0,1769.0,392.0,1211.0
521,56354,10.0,1764.0,391.0,1207.0
522,56457,10.0,1759.0,383.0,1211.0
523,56539,10.0,1763.0,384.0,1213.0
524,56624,10.0,1783.0,396.0,1219.0
525,56715,11.0,1786.0,397.0,1221.0
526,56798,10.0,1788.0,396.0,1223.0
527,60110,12.0,1790.0,315.0,1322.0
528,60233,10.0,1785.0,289.0,1351.0
529,60333,11.0,1787.0,292.0,1350.0
530,60432,11.0,1785.0,291.0,1351.0
531,60532,12.0,1785.0,298.0,1344.0
532,60626,11.0,1786.0,301.0,1342.0
533,60711,11.0,1785.0,301.0,1343.0
534,60796,15.0,1801.0,319.0,1339.0
535,60896,13.0,1798.0,317.0,1337.0
536,60991,12.0,1785.0,313.0,1334.0
537,61083,13.0,1793.0,320.0,1333.0
538,61183,11.0,1789.0,316.0,1331.0
539,61283,12.0,1793.0,318.0,1332.0
540,61381,12.0,1793.0,320.0,1331.0
541,61470,12.0,1796.0,315.0,1344.0
542,61613,11.0,1797.0,317.0,1343.0
543,61711,11.0,1798.0,315.0,1343.0
544,61782,12.0,1811.0,326.0,1343.0
545,61869,11.0,1810.0,312.0,1354.0
546,61958,11.0,1810.0,315.0,1351.0
547,62047,10.0,1810.0,318.0,1346.0
548,62131,10.0,1815.0,324.0,1345.0
549,62222,11.0,1820.0,329.0,1343.0
550,62311,11.0,1817.0,328.0,1342.0
551,62414,12.0,1830.0,338.0,1345.0
552,62515,12.0,1832.0,341.0,1344.0
553,62592,12.0,1839.0,347.0,1345.0
554,62685,12.0,1845.0,346.0,1351.0
555,62771,11.0,1848.0,346.0,1357.0
556,62859,10.0,1855.0,354.0,1356.0
557,63003,10.0,1859.0,359.0,1354.0
558,63091,10.0,1859.0,356.0,1354.0
559,63172,11.0,1862.0,365.0,1350.0
560,63264,10.0,1868.0,370.0,1348.0
561,63355,9.0,1869.0,369.0,1349.0
562,63455,10.0,1872.0,369.0,1352.0
563,63537,11.0,1878.0,366.0,1361.0
564,63615,11.0,1892.0,382.0,1358.0
565,63712,11.0,1895.0,383.0,1357.0
566,63790,10.0,1895.0,378.0,1362.0
567,63876,10.0,1895.0,386.0,1353.0
568,63972,11.0,1903.0,390.0,1352.0
569,64069,12.0,1905.0,395.0,1349.0
570,64151,14.0,1906.0,392.0,1356.0
571,64238,11.0,1909.0,394.0,1357.0
572,64391,67.0,1909.0,388.0,1364.0
573,64489,12.0,1910.0,389.0,1364.0
574,64567,10.0,1908.0,390.0,1360.0
575,64648,12.0,1910.0,392.0,1360.0
576,64750,13.0,1911.0,393.0,1359.0
577,64838,11.0,1911.0,392.0,1360.0
578,64939,11.0,1914.0,395.0,1360.0
579,65023,11.0,1912.0,396.0,1356.0
580,65101,13.0,1915.0,400.0,1355.0
581,65180,13.0,1919.0,392.0,1365.0
582,65256,11.0,1919.0,393.0,1364.0
583,65335,12.0,1928.0,406.0,1359.0
584,65406,11.0,1926.0,404.0,1357.0
585,65522,13.0,1943.0,420.0,1358.0
586,65621,13.0,1943.0,419.0,1355.0
587,65715,12.0,1945.0,421.0,1352.0
588,65886,12.0,1959.0,434.0,1353.0
589,65982,11.0,1960.0,433.0,1355.0
590,66068,12.0,1968.0,433.0,1363.0
591,66159,12.0,1970.0,435.0,1364.0
592,66249,13.0,1959.0,430.0,1359.0
593,66322,12.0,1969.0,440.0,1359.0
594,66397,11.0,1968.0,439.0,1360.0
595,66476,11.0,1968.0,433.0,1367.0
596,66568,12.0,1978.0,440.0,1363.0
597,66661,10.0,1978.0,438.0,1366.0
598,66754,11.0,1978.0,438.0,1366.0
599,66841,13.0,1982.0,445.0,1363.0
600,66926,12.0,1987.0,444.0,1373.0
601,67019,12.0,2002.0,459.0,1373.0
602,67179,78.0,2002.0,454.0,1379.0
603,67271,11.0,2004.0,448.0,1385.0
604,67360,11.0,2002.0,448.0,1383.0
605,67443,11.0,2003.0,449.0,1383.0
606,67524,11.0,2003.0,448.0,1383.0
607,67608,12.0,2000.0,439.0,1394.0
608,67688,11.0,2010.0,449.0,1392.0
609,67780,12.0,2008.0,446.0,1393.0
610,67861,12.0,2017.0,456.0,1390.0
611,67949,12.0,2018.0,452.0,1397.0
612,68067,12.0,2018.0,451.0,1398.0
613,68141,12.0,2019.0,450.0,1400.0
614,68228,12.0,2014.0,451.0,1394.0
615,68317,12.0,2024.0,460.0,1395.0
616,68405,12.0,2024.0,459.0,1395.0
617,68485,12.0,2037.0,466.0,1403.0
618,68663,13.0,2038.0,467.0,1403.0
619,68758,11.0,2037.0,466.0,1405.0
620,68843,11.0,2028.0,461.0,1401.0
621,68932,12.0,2035.0,460.0,1406.0
622,69032,14.0,2045.0,468.0,1408.0
623,69111,11.0,2048.0,468.0,1409.0
624,69190,10.0,2050.0,464.0,1416.0
625,69274,13.0,2050.0,464.0,1416.0
626,69366,10.0,2052.0,466.0,1415.0
627,69454,14.0,2060.0,475.0,1413.0
628,69565,12.0,2058.0,474.0,1412.0
629,69670,12.0,2063.0,474.0,1414.0
630,69764,18.0,2067.0,477.0,1413.0
631,69846,14.0,2083.0,490.0,1412.0
632,69931,13.0,2089.0,496.0,1412.0
633,70175,161.0,2088.0,496.0,1411.0
634,70255,14.0,2100.0,505.0,1413.0
635,70347,12.0,2104.0,508.0,1413.0
636,70444,13.0,2109.0,512.0,1415.0
637,70554,15.0,2109.0,516.0,1407.0
638,70643,11.0,2109.0,510.0,1411.0
639,70740,13.0,2111.0,507.0,1418.0
640,70896,16.0,2109.0,507.0,1416.0
641,70994,14.0,2118.0,513.0,1413.0
642,71115,13.0,2115.0,512.0,1411.0
643,71222,12.0,2113.0,510.0,1409.0
644,71313,14.0,2114.0,510.0,1410.0
645,71419,13.0,2114.0,510.0,1410.0
646,71537,13.0,2117.0,508.0,1408.0
647,71622,14.0,2126.0,515.0,1409.0
648,71718,13.0,2126.0,510.0,1416.0
649,71814,17.0,2135.0,523.0,1412.0
650,72024,12.0,2135.0,519.0,1416.0
651,72134,13.0,2137.0,516.0,1420.0
652,72227,15.0,2146.0,517.0,1419.0
653,72304,12.0,2147.0,517.0,1422.0
654,72412,13.0,2148.0,513.0,1427.0
655,72516,12.0,2144.0,513.0,1423.0
656,72602,13.0,2146.0,513.0,1424.0
657,72694,12.0,2146.0,510.0,1428.0
658,72787,14.0,2145.0,510.0,1426.0
659,72862,13.0,2153.0,518.0,1423.0
660,72956,15.0,2157.0,527.0,1417.0
661,73056,15.0,2159.0,529.0,1417.0
662,73191,21.0,2161.0,533.0,1415.0
663,73339,12.0,2163.0,534.0,1413.0
664,73459,18.0,2168.0,540.0,1412.0
665,73558,13.0,2171.0,543.0,1412.0
666,73783,11.0,2171.0,536.0,1421.0
667,73895,13.0,2172.0,536.0,1424.0
668,73987,13.0,2172.0,531.0,1427.0
669,74080,12.0,2173.0,531.0,1430.0
670,74158,13.0,2178.0,531.0,1430.0
671,74247,12.0,2183.0,524.0,1439.0
672,74341,13.0,2199.0,530.0,1449.0
673,74440,12.0,2208.0,540.0,1447.0
674,74533,15.0,2211.0,540.0,1450.0
675,74627,13.0,2216.0,543.0,1453.0
676,74722,17.0,2215.0,543.0,1452.0
677,74824,33.0,2213.0,546.0,1446.0
678,74918,13.0,2222.0,555.0,1446.0
679,75020,13.0,2227.0,560.0,1443.0
680,75106,14.0,2236.0,561.0,1451.0
681,75205,15.0,2240.0,563.0,1453.0
682,75309,19.0,2238.0,560.0,1454.0
683,75564,13.0,2242.0,564.0,1455.0
684,75660,17.0,2251.0,570.0,1457.0
685,75747,14.0,2253.0,571.0,1458.0
686,75857,18.0,2248.0,569.0,1456.0
687,75932,15.0,2248.0,568.0,1456.0
688,76030,13.0,2250.0,568.0,1458.0
689,76111,15.0,2258.0,573.0,1462.0
690,76197,14.0,2258.0,572.0,1464.0
691,76277,14.0,2264.0,579.0,1462.0
692,76381,14.0,2273.0,587.0,1462.0
693,76471,15.0,2273.0,587.0,1462.0
694,76557,16.0,2273.0,587.0,1462.0
695,76668,16.0,2271.0,587.0,1460.0
696,76776,16.0,2271.0,587.0,1460.0
697,76871,15.0,2273.0,588.0,1461.0
698,76945,13.0,2280.0,599.0,1457.0
699,77167,135.0,2295.0,612.0,1457.0
700,77248,14.0,2300.0,615.0,1459.0
701,77323,15.0,2311.0,623.0,1459.0
702,77440,13.0,2315.0,617.0,1471.0
703,77532,17.0,2322.0,623.0,1471.0
704,77636,15.0,2323.0,622.0,1473.0
705,77728,16.0,2323.0,622.0,1473.0
706,77821,21.0,2323.0,622.0,1473.0
707,77929,15.0,2334.0,633.0,1471.0
708,78039,19.0,2332.0,631.0,1471.0
709,78148,14.0,2338.0,637.0,1465.0
710,78231,15.0,2347.0,646.0,1462.0
711,78316,13.0,2346.0,647.0,1459.0
712,78399,13.0,2355.0,656.0,1459.0
713,78509,13.0,2354.0,657.0,1457.0
714,78581,13.0,2354.0,656.0,1459.0
715,78678,15.0,2355.0,657.0,1459.0
716,78776,14.0,2357.0,657.0,1463.0
717,79012,17.0,2362.0,655.0,1479.0
718,79113,17.0,2367.0,655.0,1481.0
719,79231,13.0,2357.0,627.0,1503.0
720,79320,13.0,2358.0,595.0,1539.0
721,79411,17.0,2343.0,574.0,1548.0
722,79524,14.0,2343.0,570.0,1557.0
723,79615,15.0,2341.0,573.0,1554.0
724,79691,13.0,2339.0,580.0,1544.0
725,79789,14.0,2339.0,580.0,1544.0
726,79876,16.0,2350.0,595.0,1535.0
727,79968,15.0,2362.0,589.0,1560.0
728,80052,16.0,2386.0,611.0,1562.0
729,80143,13.0,2377.0,612.0,1552.0
730,80252,13.0,2364.0,615.0,1536.0
731,80356,14.0,2377.0,630.0,1532.0
732,80455,13.0,2372.0,629.0,1531.0
733,80895,15.0,2363.0,589.0,1562.0
734,80997,15.0,2364.0,575.0,1582.0
735,81092,13.0,2357.0,560.0,1593.0
736,81192,13.0,2360.0,538.0,1622.0
737,81280,13.0,2382.0,532.0,1646.0
738,81362,14.0,2381.0,547.0,1631.0
739,81472,15.0,2378.0,540.0,1632.0
740,81577,16.0,2375.0,519.0,1653.0
741,81665,13.0,2388.0,521.0,1662.0
742,81748,16.0,2393.0,533.0,1654.0
743,81863,14.0,2372.0,533.0,1633.0
744,81956,14.0,2366.0,533.0,1627.0
745,82045,13.0,2364.0,541.0,1615.0
746,82143,15.0,2385.0,557.0,1607.0
747,82241,16.0,2383.0,557.0,1605.0
748,82329,16.0,2390.0,566.0,1603.0
749,82601,17.0,2398.0,576.0,1597.0
750,82710,14.0,2403.0,584.0,1594.0
751,82791,15.0,2406.0,587.0,1593.0
752,82892,15.0,2414.0,595.0,1592.0
753,82968,14.0,2414.0,595.0,1592.0
754,83066,16.0,2433.0,613.0,1591.0
755,83156,15.0,2445.0,627.0,1589.0
756,83238,15.0,2451.0,635.0,1587.0
757,83327,15.0,2457.0,642.0,1583.0
758,83437,16.0,2466.0,651.0,1581.0
759,83524,14.0,2468.0,653.0,1580.0
760,83619,15.0,2472.0,657.0,1580.0
761,83703,14.0,2467.0,657.0,1575.0
762,83831,20.0,2466.0,657.0,1574.0
763,83944,14.0,2463.0,657.0,1571.0
764,84199,13.0,2463.0,659.0,1568.0
765,84302,12.0,2462.0,662.0,1564.0
766,84400,12.0,2462.0,662.0,1564.0
767,84497,15.0,2461.0,664.0,1561.0
768,84596,12.0,2467.0,670.0,1561.0
769,84699,16.0,2478.0,680.0,1560.0
770,84793,18.0,2486.0,688.0,1560.0
771,84906,14.0,2487.0,689.0,1560.0
772,85025,15.0,2490.0,692.0,1557.0
773,85121,14.0,2492.0,674.0,1582.0
774,85223,15.0,2488.0,655.0,1599.0
775,85318,13.0,2485.0,653.0,1599.0
776,85411,13.0,2483.0,641.0,1610.0
777,85509,17.0,2489.0,633.0,1620.0
778,85942,22.0,2489.0,568.0,1699.0
779,86070,15.0,2487.0,553.0,1714.0
780,86189,14.0,2490.0,556.0,1714.0
781,86287,15.0,2494.0,551.0,1721.0
782,86389,15.0,2494.0,534.0,1744.0
783,86491,16.0,2507.0,548.0,1742.0
784,86581,15.0,2519.0,558.0,1733.0
785,86684,15.0,2523.0,554.0,1742.0
786,86774,14.0,2522.0,551.0,1744.0
787,86873,14.0,2526.0,550.0,1747.0
788,86978,16.0,2532.0,542.0,1767.0
789,87088,16.0,2531.0,537.0,1768.0
790,87198,17.0,2535.0,537.0,1772.0
791,87545,17.0,2536.0,510.0,1808.0
792,87641,17.0,2550.0,524.0,1808.0
793,87739,15.0,2551.0,503.0,1833.0
794,87837,16.0,2552.0,495.0,1846.0
795,87929,17.0,2547.0,494.0,1840.0
796,88015,15.0,2549.0,495.0,1840.0
797,88122,17.0,2552.0,496.0,1849.0
798,88222,15.0,2552.0,494.0,1850.0
799,88310,18.0,2555.0,486.0,1860.0
800,88420,17.0,2553.0,484.0,1858.0
801,88510,15.0,2555.0,486.0,1858.0
802,88618,22.0,2562.0,490.0,1867.0
803,88715,14.0,2562.0,480.0,1877.0
804,88821,20.0,2562.0,471.0,1886.0
805,89319,18.0,2559.0,437.0,1925.0
806,89421,17.0,2564.0,445.0,1922.0
807,89514,16.0,2577.0,445.0,1930.0
808,89612,14.0,2573.0,446.0,1925.0
809,89710,13.0,2573.0,445.0,1926.0
810,89805,17.0,2582.0,446.0,1935.0
811,89915,16.0,2588.0,453.0,1936.0
812,90000,14.0,2583.0,453.0,1931.0
813,90102,21.0,2583.0,449.0,1933.0
814,90191,15.0,2590.0,456.0,1933.0
815,90297,16.0,2590.0,447.0,1943.0
816,90390,17.0,2601.0,450.0,1951.0
817,90507,18.0,2598.0,443.0,1956.0
818,91014,428.0,2605.0,448.0,1958.0
819,91136,16.0,2609.0,441.0,1969.0
820,91227,14.0,2617.0,448.0,1973.0
821,91334,14.0,2618.0,450.0,1972.0
822,91429,15.0,2618.0,440.0,1982.0
823,91527,16.0,2622.0,437.0,1988.0
824,91630,14.0,2622.0,433.0,1994.0
825,91734,16.0,2621.0,434.0,1990.0
826,91829,14.0,2623.0,427.0,2007.0
827,91914,15.0,2621.0,421.0,2009.0
828,92008,16.0,2621.0,416.0,2012.0
829,92099,14.0,2623.0,419.0,2015.0
830,92197,16.0,2623.0,420.0,2014.0
831,92290,16.0,2626.0,423.0,2013.0
832,92817,16.0,2633.0,407.0,2038.0
833,92900,15.0,2632.0,401.0,2043.0
834,93002,16.0,2633.0,392.0,2056.0
835,93099,17.0,2630.0,392.0,2053.0
836,93206,16.0,2636.0,385.0,2070.0
837,93297,17.0,2635.0,384.0,2072.0
838,93385,15.0,2628.0,384.0,2065.0
839,93476,15.0,2637.0,386.0,2072.0
840,93577,15.0,2637.0,372.0,2092.0
841,93683,15.0,2637.0,372.0,2092.0
842,93784,14.0,2642.0,376.0,2092.0
843,93902,17.0,2643.0,371.0,2104.0
844,93982,15.0,2645.0,371.0,2108.0
845,94221,172.0,2645.0,368.0,2114.0
846,94305,15.0,2635.0,368.0,2104.0
847,94410,17.0,2630.0,366.0,2101.0
848,94501,16.0,2634.0,370.0,2101.0
849,94602,15.0,2634.0,370.0,2101.0
850,94703,15.0,2635.0,368.0,2101.0
851,94789,16.0,2633.0,369.0,2098.0
852,94900,16.0,2641.0,377.0,2096.0
853,94989,17.0,2641.0,375.0,2098.0
854,95087,18.0,2645.0,384.0,2084.0
855,95192,17.0,2645.0,386.0,2082.0
856,95279,17.0,2646.0,387.0,2082.0
857,95358,18.0,2658.0,403.0,2076.0
858,95444,17.0,2667.0,400.0,2093.0
859,95546,15.0,2672.0,398.0,2102.0
860,95776,14.0,2673.0,383.0,2112.0
861,95876,15.0,2670.0,391.0,2098.0
862,95967,15.0,2681.0,402.0,2095.0
863,96067,15.0,2681.0,402.0,2095.0
864,96174,22.0,2682.0,401.0,2097.0
865,96304,17.0,2688.0,405.0,2097.0
866,96414,15.0,2687.0,394.0,2109.0
867,96526,16.0,2689.0,396.0,2109.0
868,96628,18.0,2690.0,398.0,2108.0
869,96723,15.0,2696.0,404.0,2107.0
870,96818,16.0,2705.0,412.0,2103.0
871,96910,16.0,2711.0,418.0,2103.0
872,97015,18.0,2709.0,413.0,2110.0
873,97277,176.0,2711.0,414.0,2110.0
874,97404,25.0,2712.0,406.0,2121.0
875,97491,17.0,2712.0,406.0,2121.0
876,97574,14.0,2726.0,419.0,2120.0
877,97670,15.0,2733.0,415.0,2127.0
878,97781,18.0,2735.0,417.0,2127.0
879,97882,18.0,2736.0,418.0,2127.0
880,97977,16.0,2736.0,416.0,2132.0
881,98075,17.0,2738.0,418.0,2131.0
882,98172,16.0,2738.0,418.0,2131.0
883,98263,16.0,2747.0,427.0,2131.0
884,98411,18.0,2748.0,425.0,2138.0
885,98528,16.0,2748.0,418.0,2147.0
886,98627,17.0,2743.0,419.0,2141.0
887,98712,15.0,2745.0,427.0,2135.0
888,98963,14.0,2749.0,429.0,2137.0
889,99056,16.0,2749.0,428.0,2138.0
890,99157,15.0,2749.0,427.0,2141.0
891,99244,16.0,2757.0,432.0,2146.0
892,99330,15.0,2770.0,445.0,2146.0
893,99425,17.0,2773.0,441.0,2156.0
894,99524,14.0,2770.0,441.0,2153.0
895,99632,22.0,2774.0,442.0,2156.0
896,99738,16.0,2776.0,444.0,2156.0
897,99834,17.0,2784.0,453.0,2145.0
898,99927,18.0,2792.0,449.0,2156.0
899,100023,18.0,2797.0,453.0,2153.0
900,100107,15.0,2798.0,456.0,2151.0
901,100189,16.0,2802.0,459.0,2151.0
902,100293,15.0,2798.0,458.0,2148.0
903,100666,17.0,2793.0,454.0,2150.0
904,100760,14.0,2797.0,459.0,2151.0
905,100868,17.0,2801.0,463.0,2151.0
906,100986,16.0,2802.0,462.0,2153.0
907,101077,19.0,2810.0,478.0,2144.0
908,101162,17.0,2812.0,477.0,2145.0
909,101251,16.0,2821.0,487.0,2144.0
910,101344,17.0,2822.0,488.0,2144.0
911,101460,21.0,2824.0,490.0,2144.0
912,101553,18.0,2820.0,491.0,2138.0
913,101666,17.0,2819.0,491.0,2134.0
914,101756,17.0,2826.0,496.0,2138.0
915,101868,23.0,2833.0,501.0,2138.0
916,101976,18.0,2835.0,508.0,2133.0
917,102320,263.0,2846.0,513.0,2138.0
918,102411,17.0,2847.0,512.0,2142.0
919,102510,16.0,2848.0,512.0,2143.0
920,102597,16.0,2852.0,512.0,2147.0
921,102695,15.0,2850.0,506.0,2151.0
922,102781,15.0,2859.0,513.0,2149.0
923,102871,17.0,2859.0,512.0,2149.0
924,102970,19.0,2859.0,510.0,2151.0
925,103071,17.0,2864.0,515.0,2153.0
926,103173,16.0,2866.0,515.0,2153.0
927,103258,17.0,2866.0,514.0,2152.0
928,103351,19.0,2867.0,515.0,2150.0
929,103451,18.0,2870.0,521.0,2144.0
930,103547,15.0,2868.0,525.0,2138.0
931,103659,21.0,2868.0,511.0,2152.0
932,104067,314.0,2868.0,508.0,2155.0
933,104166,16.0,2875.0,512.0,2156.0
934,104265,15.0,2876.0,508.0,2156.0
935,104397,20.0,2875.0,503.0,2155.0
936,104513,19.0,2877.0,504.0,2155.0
937,104634,26.0,2877.0,496.0,2171.0
938,104739,20.0,2877.0,489.0,2178.0
939,104859,51.0,2879.0,487.0,2181.0
940,104963,18.0,2878.0,486.0,2181.0
941,105059,18.0,2882.0,493.0,2178.0
942,105168,17.0,2890.0,492.0,2185.0
943,105259,18.0,2887.0,492.0,2182.0
944,105356,18.0,2887.0,490.0,2185.0
945,105452,22.0,2893.0,490.0,2192.0
946,105554,16.0,2895.0,496.0,2186.0
947,105997,17.0,2898.0,497.0,2191.0
948,106078,15.0,2901.0,500.0,2189.0
949,106199,27.0,2911.0,506.0,2189.0
950,106298,19.0,2916.0,513.0,2184.0
951,106383,18.0,2918.0,507.0,2195.0
952,106498,20.0,2927.0,514.0,2192.0
953,106597,19.0,2935.0,521.0,2194.0
954,106699,18.0,2934.0,521.0,2192.0
955,106786,16.0,2936.0,512.0,2208.0
956,107001,24.0,2937.0,511.0,2211.0
957,107086,18.0,2942.0,513.0,2211.0
958,107191,17.0,2942.0,512.0,2211.0
959,107291,18.0,2942.0,511.0,2211.0
960,107628,270.0,2953.0,520.0,2211.0
961,107731,17.0,2955.0,521.0,2212.0
962,107836,19.0,2955.0,521.0,2214.0
963,107920,19.0,2964.0,526.0,2214.0
964,108032,17.0,2969.0,531.0,2214.0
965,108121,17.0,2976.0,538.0,2212.0
966,108215,19.0,2976.0,539.0,2210.0
967,108323,25.0,2983.0,543.0,2213.0
968,108438,18.0,2991.0,546.0,2218.0
969,108528,19.0,2991.0,546.0,2218.0
970,108630,22.0,2991.0,543.0,2219.0
971,108725,25.0,2990.0,542.0,2220.0
972,108841,20.0,2991.0,545.0,2218.0
973,108962,33.0,2991.0,529.0,2241.0
974,109526,458.0,2984.0,515.0,2251.0
975,109673,25.0,2979.0,467.0,2316.0
976,109776,18.0,2978.0,446.0,2342.0
977,109858,16.0,2974.0,442.0,2341.0
978,109945,18.0,2973.0,444.0,2338.0
979,110037,18.0,2968.0,451.0,2334.0
980,110137,17.0,2960.0,448.0,2332.0
981,110217,18.0,2958.0,442.0,2328.0
982,110296,16.0,2973.0,443.0,2338.0
983,110388,17.0,2968.0,441.0,2335.0
984,110494,20.0,2968.0,429.0,2353.0
985,110588,19.0,2984.0,446.0,2348.0
986,110691,18.0,2982.0,447.0,2343.0
987,110806,20.0,2972.0,447.0,2333.0
988,111103,17.0,2970.0,412.0,2376.0
989,111190,16.0,2970.0,396.0,2397.0
990,111283,18.0,2974.0,399.0,2395.0
991,111373,17.0,2964.0,387.0,2398.0
992,111468,17.0,2975.0,397.0,2393.0
993,111567,16.0,2976.0,388.0,2400.0
994,111654,16.0,2991.0,395.0,2417.0
995,111744,18.0,2993.0,377.0,2437.0
996,111827,19.0,2987.0,378.0,2432.0
997,111934,17.0,2989.0,381.0,2431.0
998,112037,18.0,2981.0,359.0,2452.0
999,112143,17.0,2989.0,352.0,2464.0
1000,112262,23.0,2989.0,343.0,2473.0
1001,112360,22.0,2980.0,343.0,2464.0
1002,115236,2798.0,2974.0,240.0,2585.0
1003,115355,16.0,2970.0,215.0,2613.0
1004,115462,15.0,2971.0,215.0,2617.0
1005,115568,16.0,2977.0,221.0,2619.0
1006,115681,20.0,2976.0,222.0,2617.0
1007,115779,16.0,2977.0,223.0,2616.0
1008,115882,16.0,2979.0,225.0,2616.0
1009,115981,18.0,2978.0,225.0,2615.0
1010,116091,17.0,2980.0,220.0,2622.0
1011,116206,19.0,2982.0,221.0,2622.0
1012,116314,18.0,2995.0,228.0,2631.0
1013,116430,18.0,2999.0,219.0,2644.0
1014,116523,19.0,3005.0,216.0,2655.0
1015,116606,17.0,3008.0,221.0,2653.0
1016,116745,17.0,3004.0,220.0,2651.0
1017,116832,16.0,3012.0,227.0,2650.0
1018,116942,18.0,3009.0,228.0,2642.0
1019,117033,15.0,3009.0,228.0,2642.0
1020,117130,16.0,3012.0,231.0,2642.0
1021,117229,16.0,3019.0,231.0,2647.0
1022,117319,18.0,3023.0,233.0,2644.0
1023,117419,16.0,3025.0,234.0,2642.0
1024,117522,15.0,3028.0,237.0,2642.0
1025,117631,18.0,3028.0,237.0,2642.0
1026,117720,15.0,3032.0,245.0,2632.0
1027,117819,17.0,3025.0,243.0,2630.0
1028,117912,15.0,3028.0,247.0,2626.0
1029,118050,16.0,3038.0,254.0,2631.0
1030,118146,16.0,3038.0,253.0,2634.0
1031,118239,15.0,3040.0,255.0,2634.0
1032,118330,17.0,3037.0,256.0,2629.0
1033,118418,15.0,3037.0,249.0,2636.0
1034,118506,20.0,3037.0,247.0,2640.0
1035,118600,19.0,3044.0,247.0,2649.0
1036,118718,20.0,3054.0,247.0,2662.0
1037,118836,18.0,3054.0,245.0,2664.0
1038,118932,20.0,3063.0,254.0,2663.0
1039,119022,19.0,3068.0,250.0,2669.0
1040,119107,15.0,3077.0,247.0,2683.0
1041,119250,67.0,3076.0,247.0,2682.0
1042,119354,17.0,3081.0,250.0,2684.0
1043,119480,19.0,3085.0,256.0,2682.0
1044,119580,17.0,3080.0,256.0,2677.0
1045,119658,15.0,3080.0,255.0,2679.0
1046,119744,16.0,3080.0,257.0,2671.0
1047,119860,21.0,3088.0,265.0,2671.0
1048,119972,17.0,3090.0,255.0,2688.0
1049,120083,23.0,3093.0,258.0,2688.0
1050,120196,19.0,3092.0,258.0,2687.0
1051,120304,17.0,3085.0,254.0,2686.0
1052,120393,26.0,3088.0,246.0,2700.0
1053,120496,18.0,3092.0,249.0,2702.0
1054,120649,15.0,3093.0,246.0,2706.0
1055,120740,16.0,3095.0,249.0,2704.0
1056,120887,72.0,3099.0,252.0,2704.0
1057,121002,18.0,3107.0,260.0,2704.0
1058,121108,21.0,3108.0,261.0,2704.0
1059,121213,19.0,3113.0,264.0,2711.0
1060,121316,17.0,3113.0,264.0,2711.0
1061,121418,20.0,3115.0,256.0,2715.0
1062,121530,19.0,3127.0,259.0,2726.0
1063,121624,20.0,3126.0,250.0,2730.0
1064,121737,24.0,3129.0,251.0,2730.0
1065,121851,21.0,3128.0,251.0,2729.0
1066,122045,99.0,3135.0,257.0,2731.0
1067,122169,20.0,3133.0,256.0,2730.0
1068,122269,17.0,3144.0,266.0,2729.0
1069,122376,19.0,3149.0,271.0,2727.0
1070,122468,21.0,3159.0,281.0,2725.0
1071,122563,19.0,3158.0,280.0,2726.0
1072,122662,23.0,3159.0,281.0,2726.0
1073,122795,21.0,3167.0,286.0,2726.0
1074,122934,19.0,3177.0,287.0,2728.0
1075,123041,21.0,3177.0,286.0,2728.0
1076,123139,21.0,3196.0,305.0,2724.0
1077,123281,29.0,3201.0,308.0,2724.0
1078,123433,22.0,3201.0,307.0,2726.0
1079,123609,20.0,3203.0,303.0,2732.0
1080,123722,17.0,3209.0,310.0,2731.0
1081,123823,21.0,3211.0,311.0,2735.0
1082,123896,18.0,3212.0,318.0,2729.0
1083,124003,18.0,3212.0,318.0,2729.0
1084,124084,18.0,3212.0,317.0,2730.0
1085,124170,17.0,3214.0,316.0,2734.0
1086,124257,17.0,3213.0,315.0,2734.0
1087,124349,16.0,3212.0,315.0,2733.0
1088,124439,18.0,3210.0,316.0,2730.0
1089,124531,18.0,3215.0,321.0,2735.0
1090,124627,17.0,3214.0,318.0,2740.0
1091,124809,16.0,3214.0,310.0,2745.0
1092,124901,16.0,3214.0,308.0,2748.0
1093,124991,16.0,3220.0,315.0,2746.0
1094,125091,16.0,3219.0,313.0,2747.0
1095,125184,17.0,3222.0,310.0,2759.0
1096,125275,17.0,3223.0,308.0,2763.0
1097,125371,17.0,3223.0,307.0,2765.0
1098,125460,18.0,3239.0,325.0,2760.0
1099,125560,16.0,3235.0,325.0,2756.0
1100,125655,18.0,3237.0,324.0,2758.0
1101,125738,17.0,3243.0,330.0,2755.0
1102,125820,17.0,3249.0,336.0,2753.0
1103,126018,104.0,3250.0,340.0,2748.0
1104,126106,19.0,3253.0,342.0,2748.0
1105,126193,17.0,3256.0,343.0,2749.0
1106,126282,17.0,3260.0,346.0,2749.0
1107,126371,20.0,3258.0,347.0,2746.0
1108,126457,21.0,3256.0,350.0,2726.0
1109,126560,22.0,3254.0,350.0,2720.0
1110,126654,19.0,3260.0,351.0,2726.0
1111,126747,20.0,3268.0,359.0,2725.0
1112,126852,19.0,3269.0,359.0,2723.0
1113,126964,17.0,3275.0,360.0,2730.0
1114,127088,22.0,3275.0,360.0,2732.0
1115,127284,116.0,3280.0,369.0,2728.0
1116,127380,18.0,3286.0,375.0,2728.0
1117,127475,17.0,3281.0,375.0,2723.0
1118,127562,18.0,3285.0,379.0,2719.0
1119,127659,18.0,3288.0,385.0,2712.0
1120,127773,20.0,3288.0,386.0,2710.0
1121,127900,26.0,3289.0,378.0,2719.0
1122,127998,18.0,3306.0,392.0,2725.0
1123,128083,19.0,3306.0,393.0,2723.0
1124,128162,18.0,3304.0,393.0,2721.0
1125,128265,18.0,3298.0,394.0,2713.0
1126,128369,18.0,3300.0,389.0,2720.0
1127,128473,19.0,3303.0,392.0,2720.0
1128,128663,120.0,3305.0,391.0,2724.0
1129,128740,16.0,3314.0,394.0,2726.0
1130,128839,18.0,3314.0,394.0,2726.0
1131,128916,17.0,3321.0,400.0,2725.0
1132,129008,17.0,3324.0,403.0,2724.0
1133,129090,18.0,3327.0,407.0,2720.0
1134,129175,17.0,3327.0,405.0,2723.0
1135,129279,18.0,3329.0,407.0,2722.0
1136,129373,18.0,3345.0,423.0,2720.0
1137,129482,26.0,3342.0,423.0,2717.0
1138,129590,21.0,3343.0,418.0,2722.0
1139,129695,19.0,3341.0,419.0,2719.0
1140,129784,18.0,3338.0,418.0,2717.0
1141,129976,132.0,3338.0,415.0,2720.0
1142,130084,16.0,3338.0,414.0,2722.0
1143,130183,19.0,3338.0,414.0,2722.0
1144,130288,20.0,3337.0,415.0,2720.0
1145,130384,20.0,3352.0,429.0,2723.0
1146,130475,21.0,3352.0,429.0,2723.0
1147,130583,18.0,3352.0,429.0,2723.0
1148,130681,20.0,3352.0,432.0,2720.0
1149,130774,18.0,3346.0,432.0,2714.0
1150,130854,20.0,3361.0,447.0,2712.0
1151,130957,18.0,3369.0,456.0,2709.0
1152,131073,20.0,3368.0,450.0,2709.0
1153,131174,20.0,3371.0,456.0,2704.0
1154,131281,19.0,3377.0,464.0,2701.0
1155,131540,23.0,3381.0,459.0,2715.0
1156,131654,24.0,3383.0,461.0,2714.0
1157,131733,19.0,3388.0,463.0,2718.0
1158,131827,19.0,3398.0,481.0,2712.0
1159,131925,20.0,3398.0,481.0,2712.0
1160,132011,20.0,3403.0,486.0,2712.0
1161,132108,20.0,3402.0,485.0,2710.0
1162,132202,22.0,3402.0,482.0,2713.0
1163,132292,20.0,3402.0,480.0,2717.0
1164,132384,18.0,3403.0,481.0,2717.0
1165,132501,30.0,3405.0,484.0,2716.0
1166,132605,21.0,3405.0,484.0,2716.0
1167,132695,19.0,3404.0,484.0,2715.0
1168,132786,22.0,3415.0,494.0,2715.0
1169,133104,20.0,3415.0,493.0,2717.0
1170,133203,18.0,3423.0,501.0,2714.0
1171,133296,17.0,3424.0,503.0,2710.0
1172,133410,23.0,3425.0,504.0,2711.0
1173,133541,28.0,3423.0,502.0,2710.0
1174,133642,20.0,3430.0,506.0,2709.0
1175,133739,20.0,3424.0,505.0,2704.0
1176,133832,20.0,3422.0,505.0,2702.0
1177,133914,19.0,3433.0,516.0,2699.0
1178,133998,18.0,3434.0,517.0,2698.0
1179,134089,24.0,3448.0,530.0,2697.0
1180,134169,18.0,3445.0,530.0,2694.0
1181,134273,21.0,3444.0,530.0,2693.0
1182,134371,22.0,3462.0,549.0,2687.0
1183,134618,20.0,3465.0,552.0,2687.0
1184,134715,20.0,3473.0,558.0,2687.0
1185,134830,18.0,3475.0,553.0,2691.0
1186,134939,19.0,3473.0,553.0,2688.0
1187,135021,16.0,3474.0,552.0,2690.0
1188,135115,22.0,3474.0,548.0,2693.0
1189,135199,20.0,3479.0,551.0,2691.0
1190,135298,19.0,3482.0,539.0,2707.0
1191,135381,20.0,3496.0,550.0,2707.0
1192,135473,19.0,3496.0,545.0,2711.0
1193,135579,22.0,3502.0,550.0,2712.0
1194,135681,20.0,3506.0,550.0,2718.0
1195,135772,20.0,3512.0,553.0,2719.0
1196,135879,21.0,3509.0,551.0,2718.0
1197,136107,19.0,3512.0,557.0,2713.0
1198,136184,18.0,3513.0,557.0,2712.0
1199,136277,17.0,3510.0,557.0,2709.0
1200,136372,18.0,3516.0,564.0,2705.0
1201,136470,19.0,3522.0,562.0,2709.0
1202,136566,21.0,3540.0,576.0,2714.0
1203,136651,20.0,3540.0,581.0,2711.0
1204,136731,17.0,3540.0,581.0,2711.0
1205,136820,18.0,3544.0,590.0,2705.0
1206,136902,18.0,3544.0,585.0,2713.0
1207,136999,19.0,3545.0,587.0,2712.0
1208,137086,19.0,3537.0,587.0,2704.0
1209,137186,24.0,3544.0,595.0,2699.0
1210,137295,19.0,3540.0,595.0,2695.0
1211,137512,154.0,3540.0,595.0,2695.0
1212,137599,18.0,3536.0,595.0,2691.0
1213,137689,21.0,3546.0,605.0,2687.0
1214,137787,17.0,3548.0,607.0,2687.0
1215,137890,20.0,3559.0,619.0,2685.0
1216,137980,21.0,3560.0,620.0,2685.0
1217,138070,19.0,3562.0,622.0,2685.0
1218,138152,19.0,3562.0,622.0,2685.0
1219,138250,20.0,3563.0,623.0,2685.0
1220,138333,19.0,3570.0,630.0,2683.0
1221,138421,20.0,3570.0,630.0,2683.0
1222,138511,20.0,3577.0,638.0,2681.0
1223,138616,20.0,3579.0,641.0,2680.0
1224,138714,21.0,3588.0,650.0,2679.0
1225,138809,20.0,3590.0,658.0,2670.0
1226,139070,20.0,3593.0,661.0,2669.0
1227,139162,20.0,3594.0,662.0,2669.0
1228,139254,21.0,3594.0,662.0,2669.0
1229,139356,19.0,3600.0,668.0,2667.0
1230,139442,18.0,3602.0,670.0,2667.0
1231,139536,20.0,3602.0,670.0,2667.0
1232,139621,18.0,3613.0,680.0,2666.0
1233,139705,20.0,3620.0,687.0,2663.0
1234,139787,20.0,3622.0,689.0,2661.0
1235,139868,19.0,3629.0,696.0,2659.0
1236,139961,21.0,3627.0,696.0,2657.0
1237,140066,23.0,3634.0,706.0,2653.0
1238,140140,19.0,3649.0,720.0,2651.0
1239,140429,20.0,3649.0,677.0,2702.0
1240,140522,18.0,3652.0,671.0,2714.0
1241,140607,20.0,3635.0,654.0,2724.0
1242,140684,23.0,3638.0,663.0,2720.0
1243,140771,22.0,3633.0,659.0,2717.0
1244,140857,18.0,3638.0,643.0,2743.0
1245,140946,20.0,3648.0,638.0,2758.0
1246,141040,20.0,3659.0,629.0,2776.0
1247,141148,22.0,3669.0,617.0,2800.0
1248,141250,20.0,3674.0,605.0,2821.0
1249,141351,19.0,3652.0,591.0,2816.0
1250,141448,20.0,3628.0,582.0,2801.0
1251,141554,19.0,3640.0,576.0,2822.0
1252,141779,18.0,3645.0,569.0,2836.0
1253,141879,18.0,3638.0,560.0,2839.0
1254,141963,20.0,3638.0,537.0,2857.0
1255,142067,20.0,3651.0,541.0,2866.0
1256,142163,20.0,3652.0,543.0,2866.0
1257,142259,20.0,3652.0,536.0,2874.0
1258,142348,20.0,3646.0,531.0,2874.0
1259,142445,18.0,3634.0,522.0,2880.0
1260,142524,19.0,3633.0,523.0,2882.0
1261,142614,19.0,3625.0,520.0,2875.0
1262,142721,21.0,3633.0,526.0,2873.0
1263,142810,20.0,3625.0,505.0,2892.0
1264,143051,163.0,3625.0,500.0,2900.0
1265,143148,23.0,3628.0,493.0,2914.0
1266,143249,22.0,3625.0,489.0,2924.0
1267,143340,19.0,3633.0,488.0,2940.0
1268,143431,28.0,3627.0,487.0,2932.0
1269,143543,22.0,3638.0,497.0,2932.0
1270,143637,21.0,3644.0,507.0,2920.0
1271,143749,22.0,3645.0,500.0,2926.0
1272,143857,21.0,3638.0,466.0,2957.0
1273,143987,20.0,3639.0,455.0,2967.0
1274,144102,20.0,3641.0,455.0,2969.0
1275,144220,19.0,3640.0,456.0,2966.0
1276,144338,19.0,3640.0,445.0,2982.0
1277,144614,25.0,3648.0,442.0,3002.0
1278,144710,20.0,3650.0,427.0,3019.0
1279,144798,18.0,3650.0,426.0,3020.0
1280,144894,21.0,3660.0,430.0,3027.0
1281,144998,20.0,3662.0,429.0,3034.0
1282,145095,20.0,3663.0,421.0,3044.0
1283,145177,22.0,3672.0,423.0,3053.0
1284,145264,20.0,3673.0,418.0,3060.0
1285,145383,24.0,3674.0,408.0,3074.0
1286,145495,25.0,3678.0,405.0,3082.0
1287,145637,25.0,3679.0,395.0,3095.0
1288,145745,19.0,3678.0,391.0,3100.0
1289,145839,21.0,3684.0,394.0,3094.0
1290,146079,18.0,3680.0,363.0,3131.0
1291,146176,20.0,3679.0,356.0,3140.0
1292,146263,20.0,3672.0,354.0,3136.0
1293,146369,20.0,3671.0,346.0,3144.0
1294,146491,25.0,3671.0,333.0,3158.0
1295,146607,23.0,3673.0,333.0,3161.0
1296,146741,23.0,3672.0,315.0,3182.0
1297,146854,24.0,3678.0,307.0,3193.0
1298,146972,19.0,3679.0,306.0,3195.0
1299,147075,22.0,3683.0,311.0,3191.0
1300,147244,22.0,3691.0,314.0,3197.0
1301,147324,20.0,3688.0,315.0,3193.0
1302,147660,264.0,3696.0,310.0,3216.0
1303,147761,21.0,3702.0,319.0,3213.0
1304,147848,19.0,3702.0,318.0,3215.0
1305,147947,18.0,3707.0,323.0,3214.0
1306,148042,20.0,3705.0,305.0,3223.0
1307,148127,20.0,3717.0,318.0,3218.0
1308,148222,19.0,3720.0,322.0,3218.0
1309,148321,20.0,3721.0,323.0,3218.0
1310,148407,19.0,3730.0,333.0,3214.0
1311,148528,20.0,3731.0,334.0,3214.0
1312,148618,22.0,3731.0,334.0,3214.0
1313,148735,19.0,3731.0,327.0,3224.0
1314,148994,180.0,3740.0,327.0,3232.0
1315,149114,20.0,3740.0,321.0,3238.0
1316,149215,20.0,3742.0,313.0,3251.0
1317,149298,19.0,3741.0,310.0,3254.0
1318,149409,19.0,3741.0,298.0,3269.0
1319,149499,20.0,3742.0,299.0,3268.0
1320,149598,21.0,3742.0,294.0,3274.0
1321,149696,19.0,3746.0,297.0,3277.0
1322,149792,19.0,3758.0,310.0,3273.0
1323,149883,19.0,3758.0,309.0,3277.0
1324,149979,19.0,3764.0,316.0,3274.0
1325,150087,27.0,3765.0,314.0,3278.0
1326,150184,19.0,3769.0,319.0,3278.0
1327,150423,19.0,3771.0,299.0,3308.0
1328,150521,21.0,3770.0,300.0,3306.0
1329,150617,21.0,3765.0,299.0,3302.0
1330,150719,20.0,3765.0,299.0,3301.0
1331,150830,19.0,3767.0,299.0,3301.0
1332,150919,19.0,3758.0,297.0,3294.0
1333,151020,19.0,3758.0,297.0,3294.0
1334,151110,20.0,3763.0,302.0,3291.0
1335,151196,21.0,3764.0,302.0,3291.0
1336,151304,22.0,3759.0,302.0,3286.0
1337,151406,25.0,3762.0,304.0,3285.0
1338,151507,23.0,3762.0,304.0,3285.0
1339,151769,176.0,3764.0,306.0,3283.0
1340,151876,21.0,3770.0,309.0,3283.0
1341,151955,19.0,3770.0,309.0,3283.0
1342,152052,19.0,3772.0,304.0,3292.0
1343,152137,19.0,3780.0,312.0,3292.0
1344,152233,19.0,3787.0,320.0,3291.0
1345,152326,19.0,3783.0,319.0,3284.0
1346,152416,21.0,3791.0,327.0,3283.0
1347,152499,21.0,3797.0,333.0,3280.0
1348,152609,19.0,3797.0,333.0,3280.0
1349,152721,21.0,3799.0,335.0,3279.0
1350,152821,20.0,3796.0,326.0,3285.0
1351,152915,18.0,3810.0,339.0,3285.0
1352,153157,21.0,3810.0,325.0,3304.0
1353,153257,21.0,3811.0,328.0,3302.0
1354,153355,20.0,3817.0,332.0,3307.0
1355,153453,19.0,3819.0,332.0,3310.0
1356,153548,19.0,3819.0,333.0,3308.0
1357,153647,20.0,3826.0,342.0,3304.0
1358,153770,19.0,3826.0,342.0,3304.0
1359,153877,21.0,3827.0,344.0,3296.0
1360,153988,21.0,3825.0,343.0,3296.0
1361,154080,20.0,3827.0,347.0,3290.0
1362,154163,19.0,3829.0,351.0,3288.0
1363,154254,19.0,3829.0,353.0,3285.0
1364,154344,20.0,3840.0,363.0,3285.0
1365,154584,19.0,3846.0,360.0,3293.0
1366,154683,23.0,3846.0,356.0,3300.0
1367,154777,21.0,3848.0,360.0,3296.0
1368,154870,21.0,3853.0,363.0,3300.0
1369,154999,22.0,3851.0,361.0,3300.0
1370,155093,22.0,3851.0,362.0,3297.0
1371,155182,20.0,3854.0,365.0,3297.0
1372,155286,22.0,3855.0,364.0,3299.0
1373,155388,21.0,3862.0,369.0,3300.0
1374,155485,21.0,3862.0,364.0,3308.0
1375,155566,20.0,3862.0,364.0,3308.0
1376,155670,20.0,3857.0,364.0,3303.0
1377,155762,21.0,3860.0,359.0,3315.0
1378,156011,20.0,3860.0,357.0,3315.0
1379,156116,23.0,3857.0,352.0,3317.0
1380,156208,21.0,3864.0,355.0,3314.0
1381,156293,20.0,3871.0,360.0,3311.0
1382,156381,20.0,3869.0,360.0,3309.0
1383,156485,20.0,3869.0,360.0,3309.0
1384,156576,20.0,3870.0,359.0,3312.0
1385,156673,23.0,3867.0,359.0,3309.0
1386,156759,22.0,3867.0,361.0,3307.0
1387,156853,20.0,3867.0,359.0,3308.0
1388,156948,23.0,3867.0,359.0,3308.0
1389,157057,21.0,3884.0,378.0,3298.0
1390,157148,22.0,3884.0,374.0,3304.0
1391,157373,20.0,3889.0,371.0,3313.0
1392,157490,21.0,3893.0,366.0,3322.0
1393,157586,22.0,3899.0,371.0,3323.0
1394,157683,22.0,3900.0,370.0,3326.0
1395,157770,21.0,3898.0,369.0,3328.0
1396,157869,21.0,3911.0,382.0,3322.0
1397,157957,22.0,3926.0,397.0,3316.0
1398,158079,32.0,3928.0,399.0,3316.0
1399,158184,23.0,3928.0,399.0,3316.0
1400,158281,24.0,3925.0,398.0,3315.0
1401,158386,26.0,3926.0,399.0,3314.0
1402,158482,27.0,3930.0,405.0,3311.0
1403,158588,27.0,3932.0,407.0,3310.0
1404,158851,22.0,3934.0,407.0,3312.0
1405,158938,23.0,3934.0,407.0,3312.0
1406,159032,22.0,3939.0,412.0,3312.0
1407,159124,21.0,3952.0,418.0,3317.0
1408,159217,21.0,3953.0,421.0,3308.0
1409,159305,20.0,3958.0,423.0,3304.0
1410,159396,21.0,3958.0,422.0,3305.0
1411,159497,20.0,3974.0,438.0,3300.0
1412,159587,21.0,3981.0,447.0,3296.0
1413,159692,23.0,3981.0,447.0,3296.0
1414,159810,33.0,3984.0,450.0,3296.0
1415,159902,21.0,4000.0,464.0,3293.0
1416,160050,29.0,4003.0,464.0,3296.0
1417,160331,197.0,4005.0,467.0,3295.0
1418,160439,24.0,4000.0,468.0,3291.0
1419,160547,25.0,3997.0,463.0,3293.0
1420,160641,22.0,3999.0,466.0,3291.0
1421,160745,22.0,3998.0,466.0,3291.0
1422,160864,34.0,3996.0,457.0,3303.0
1423,160970,25.0,3989.0,457.0,3296.0
1424,161067,24.0,3991.0,462.0,3293.0
1425,161163,21.0,3987.0,458.0,3296.0
1426,161257,27.0,3995.0,461.0,3304.0
1427,161357,23.0,3995.0,460.0,3304.0
1428,161445,25.0,4001.0,468.0,3301.0
1429,161552,22.0,4004.0,470.0,3301.0
1430,161653,24.0,4018.0,484.0,3300.0
1431,164093,21.0,4026.0,460.0,3340.0
1432,164194,21.0,4028.0,455.0,3353.0
1433,164280,19.0,4028.0,456.0,3350.0
1434,164381,21.0,4028.0,456.0,3350.0
1435,164473,20.0,4027.0,453.0,3352.0
1436,164563,21.0,4029.0,457.0,3350.0
1437,164644,21.0,4033.0,461.0,3349.0
1438,164732,22.0,4043.0,467.0,3354.0
1439,164828,22.0,4043.0,464.0,3353.0
1440,164909,21.0,4043.0,462.0,3355.0
1441,165020,20.0,4049.0,465.0,3353.0
1442,165116,22.0,4047.0,463.0,3351.0
1443,165223,36.0,4055.0,468.0,3357.0
1444,165334,36.0,4055.0,468.0,3357.0
1445,165480,60.0,4064.0,481.0,3351.0
1446,165593,21.0,4064.0,480.0,3355.0
1447,165695,20.0,4074.0,487.0,3357.0
1448,165782,23.0,4074.0,484.0,3361.0
1449,165887,22.0,4076.0,484.0,3364.0
1450,165985,23.0,4092.0,492.0,3371.0
1451,166075,24.0,4104.0,504.0,3368.0
1452,166158,25.0,4104.0,504.0,3368.0
1453,166247,21.0,4105.0,505.0,3366.0
1454,166344,29.0,4106.0,500.0,3372.0
1455,166454,21.0,4105.0,499.0,3372.0
1456,166563,27.0,4110.0,500.0,3376.0
1457,166658,22.0,4110.0,500.0,3370.0
1458,166742,23.0,4109.0,507.0,3362.0
1459,166875,75.0,4114.0,512.0,3360.0
1460,166959,20.0,4113.0,511.0,3359.0
1461,167057,21.0,4107.0,509.0,3358.0
1462,167154,25.0,4100.0,510.0,3346.0
1463,167245,22.0,4106.0,515.0,3345.0
1464,167341,21.0,4103.0,518.0,3338.0
1465,167446,20.0,4114.0,527.0,3340.0
1466,167542,24.0,4118.0,528.0,3339.0
1467,167648,23.0,4117.0,523.0,3345.0
1468,167761,25.0,4117.0,517.0,3348.0
1469,167862,21.0,4110.0,513.0,3345.0
1470,167956,23.0,4114.0,518.0,3340.0
1471,168127,93.0,4113.0,516.0,3342.0
1472,168227,21.0,4114.0,514.0,3344.0
1473,168324,22.0,4110.0,514.0,3340.0
1474,168449,23.0,4110.0,516.0,3337.0
1475,168529,19.0,4110.0,516.0,3337.0
1476,168634,21.0,4102.0,516.0,3329.0
1477,168732,21.0,4108.0,522.0,3329.0
1478,168847,23.0,4106.0,519.0,3327.0
1479,168931,22.0,4114.0,526.0,3329.0
1480,169018,22.0,4115.0,527.0,3329.0
1481,169109,24.0,4121.0,520.0,3357.0
1482,169197,22.0,4114.0,496.0,3369.0
1483,169351,89.0,4114.0,488.0,3380.0
1484,169431,20.0,4104.0,488.0,3370.0
1485,169527,21.0,4102.0,488.0,3368.0
1486,169611,23.0,4103.0,483.0,3376.0
1487,169709,21.0,4105.0,485.0,3374.0
1488,169804,21.0,4110.0,485.0,3378.0
1489,169907,20.0,4110.0,474.0,3393.0
1490,170028,22.0,4110.0,456.0,3419.0
1491,170121,21.0,4084.0,445.0,3407.0
1492,170219,27.0,4075.0,424.0,3431.0
1493,170348,36.0,4070.0,412.0,3440.0
1494,170594,97.0,4076.0,418.0,3439.0
1495,170691,23.0,4063.0,418.0,3428.0
1496,170772,20.0,4083.0,436.0,3422.0
1497,170859,21.0,4086.0,439.0,3422.0
1498,170950,20.0,4075.0,439.0,3411.0
1499,171037,22.0,4074.0,438.0,3409.0
1500,171151,21.0,4085.0,443.0,3411.0
1501,171256,22.0,4076.0,435.0,3409.0
1502,171346,20.0,4088.0,448.0,3404.0
1503,171443,23.0,4080.0,438.0,3406.0
1504,171535,21.0,4085.0,437.0,3413.0
1505,171625,20.0,4089.0,433.0,3424.0
1506,171793,20.0,4085.0,426.0,3428.0
1507,171889,22.0,4082.0,424.0,3427.0
1508,171985,22.0,4084.0,421.0,3432.0
1509,172089,22.0,4083.0,413.0,3442.0
1510,172189,23.0,4083.0,413.0,3442.0
1511,172312,27.0,4082.0,405.0,3449.0
1512,172413,26.0,4080.0,404.0,3449.0
1513,172490,25.0,4077.0,412.0,3436.0
1514,172584,21.0,4069.0,412.0,3428.0
1515,172676,23.0,4091.0,434.0,3428.0
1516,172782,25.0,4083.0,433.0,3421.0
1517,172878,34.0,4072.0,421.0,3427.0
1518,173069,24.0,4063.0,401.0,3439.0
1519,173177,27.0,4066.0,406.0,3435.0
1520,173294,24.0,4066.0,386.0,3461.0
1521,173408,33.0,4065.0,373.0,3476.0
1522,173515,21.0,4060.0,371.0,3474.0
1523,173624,22.0,4066.0,369.0,3480.0
1524,173732,22.0,4060.0,354.0,3496.0
1525,173830,23.0,4061.0,357.0,3494.0
1526,173940,22.0,4065.0,361.0,3493.0
1527,174079,30.0,4064.0,358.0,3492.0
1528,174192,22.0,4065.0,349.0,3502.0
1529,174379,93.0,4066.0,347.0,3503.0
1530,174486,22.0,4066.0,334.0,3518.0
1531,174599,22.0,4075.0,343.0,3517.0
1532,174710,22.0,4087.0,345.0,3530.0
1533,174820,22.0,4083.0,344.0,3528.0
1534,174934,24.0,4084.0,328.0,3548.0
1535,175042,23.0,4085.0,316.0,3567.0
1536,175159,22.0,4080.0,305.0,3579.0
1537,175257,24.0,4081.0,311.0,3572.0
1538,175351,23.0,4084.0,317.0,3569.0
1539,175447,23.0,4084.0,306.0,3582.0
1540,175547,23.0,4089.0,302.0,3593.0
1541,175668,33.0,4089.0,302.0,3593.0
1542,175867,21.0,4095.0,296.0,3608.0
1543,175976,24.0,4095.0,290.0,3622.0
1544,176102,23.0,4093.0,285.0,3627.0
1545,176214,27.0,4095.0,285.0,3629.0
1546,176327,21.0,4097.0,286.0,3630.0
1547,176421,23.0,4106.0,294.0,3628.0
1548,176520,23.0,4114.0,297.0,3634.0
1549,176632,22.0,4115.0,297.0,3638.0
1550,176726,22.0,4117.0,299.0,3638.0
1551,176823,25.0,4120.0,302.0,3638.0
1552,176990,29.0,4119.0,294.0,3653.0
1553,177092,22.0,4125.0,297.0,3662.0
1554,177312,24.0,4128.0,289.0,3683.0
1555,177416,23.0,4129.0,284.0,3691.0
1556,177526,21.0,4134.0,290.0,3684.0
1557,177629,23.0,4131.0,290.0,3681.0
1558,177730,21.0,4132.0,283.0,3685.0
1559,177831,21.0,4136.0,280.0,3692.0
1560,177951,22.0,4134.0,268.0,3705.0
1561,178057,23.0,4134.0,268.0,3705.0
1562,178166,22.0,4143.0,277.0,3703.0
1563,178264,25.0,4143.0,270.0,3712.0
1564,178369,24.0,4146.0,268.0,3720.0
1565,178464,22.0,4154.0,275.0,3721.0
1566,178569,22.0,4149.0,274.0,3718.0
1567,178783,20.0,4154.0,274.0,3718.0
1568,178862,21.0,4159.0,280.0,3717.0
1569,178976,22.0,4161.0,282.0,3716.0
1570,179075,21.0,4161.0,279.0,3719.0
1571,179175,21.0,4170.0,288.0,3718.0
1572,179285,22.0,4171.0,282.0,3728.0
1573,179390,24.0,4176.0,277.0,3746.0
1574,179498,23.0,4174.0,278.0,3741.0
1575,179598,24.0,4182.0,283.0,3746.0
1576,179703,26.0,4190.0,291.0,3746.0
1577,179805,23.0,4190.0,290.0,3751.0
1578,179895,22.0,4190.0,289.0,3753.0
1579,180001,23.0,4191.0,289.0,3753.0
1580,180208,22.0,4191.0,274.0,3781.0
1581,180295,22.0,4197.0,280.0,3778.0
1582,180417,23.0,4196.0,279.0,3782.0
1583,180516,21.0,4204.0,286.0,3783.0
1584,180613,23.0,4203.0,281.0,3792.0
1585,180703,23.0,4209.0,281.0,3796.0
1586,180815,25.0,4209.0,267.0,3811.0
1587,180903,23.0,4207.0,267.0,3809.0
1588,181004,24.0,4208.0,263.0,3813.0
1589,181108,24.0,4210.0,272.0,3805.0
1590,181202,24.0,4220.0,272.0,3815.0
1591,181296,24.0,4226.0,272.0,3816.0
1592,181397,23.0,4233.0,277.0,3817.0
1593,181490,25.0,4239.0,282.0,3816.0
1594,181742,22.0,4240.0,273.0,3821.0
1595,181843,24.0,4242.0,272.0,3822.0
1596,181935,23.0,4243.0,270.0,3825.0
1597,182046,24.0,4235.0,268.0,3826.0
1598,182145,24.0,4234.0,263.0,3825.0
1599,182238,27.0,4238.0,267.0,3820.0
1600,182336,22.0,4240.0,276.0,3812.0
1601,182430,23.0,4239.0,271.0,3819.0
1602,182540,23.0,4239.0,260.0,3832.0
1603,182652,25.0,4239.0,252.0,3843.0
1604,182744,24.0,4247.0,260.0,3837.0
1605,182863,23.0,4261.0,267.0,3843.0
1606,182952,23.0,4261.0,269.0,3841.0
1607,183181,157.0,4261.0,267.0,3845.0
1608,183290,21.0,4259.0,266.0,3844.0
1609,183389,20.0,4264.0,272.0,3840.0
1610,183479,23.0,4271.0,280.0,3836.0
1611,183576,23.0,4278.0,287.0,3835.0
1612,183688,31.0,4277.0,287.0,3834.0
1613,183789,22.0,4278.0,286.0,3835.0
1614,183886,22.0,4286.0,288.0,3834.0
1615,184003,22.0,4287.0,291.0,3832.0
1616,184119,25.0,4289.0,293.0,3832.0
1617,184233,27.0,4306.0,310.0,3826.0
1618,184333,27.0,4306.0,310.0,3826.0
1619,184442,26.0,4318.0,322.0,3826.0
1620,184536,23.0,4316.0,322.0,3824.0
1621,184790,184.0,4316.0,324.0,3821.0
1622,184900,23.0,4319.0,329.0,3819.0
1623,185006,26.0,4329.0,336.0,3820.0
1624,185105,22.0,4330.0,336.0,3820.0
1625,185194,23.0,4331.0,337.0,3820.0
1626,185290,24.0,4331.0,337.0,3820.0
1627,185387,24.0,4334.0,338.0,3822.0
1628,185488,22.0,4340.0,344.0,3822.0
1629,185591,24.0,4340.0,344.0,3822.0
1630,185694,26.0,4342.0,345.0,3821.0
1631,185790,23.0,4344.0,345.0,3824.0
1632,185894,25.0,4348.0,349.0,3822.0
1633,185999,24.0,4347.0,349.0,3821.0
1634,186098,25.0,4351.0,352.0,3822.0
1635,186184,24.0,4351.0,351.0,3827.0
1636,186458,23.0,4352.0,349.0,3830.0
1637,186573,25.0,4353.0,348.0,3832.0
1638,186663,24.0,4353.0,343.0,3837.0
1639,186755,23.0,4354.0,344.0,3835.0
1640,186844,23.0,4368.0,359.0,3831.0
1641,186948,24.0,4367.0,362.0,3825.0
1642,187048,23.0,4367.0,365.0,3819.0
1643,187147,24.0,4367.0,365.0,3819.0
1644,187246,24.0,4368.0,367.0,3818.0
1645,187344,26.0,4359.0,367.0,3809.0
1646,187451,27.0,4366.0,374.0,3808.0
1647,187567,25.0,4365.0,375.0,3806.0
1648,187849,205.0,4375.0,385.0,3805.0
1649,187949,27.0,4374.0,386.0,3799.0
1650,188058,24.0,4372.0,387.0,3796.0
1651,188164,24.0,4381.0,396.0,3794.0
1652,188257,23.0,4389.0,404.0,3794.0
1653,188356,24.0,4397.0,412.0,3786.0
1654,188464,29.0,4395.0,412.0,3784.0
1655,188558,24.0,4387.0,412.0,3776.0
1656,188676,26.0,4385.0,413.0,3773.0
1657,188788,24.0,4387.0,417.0,3767.0
1658,188903,31.0,4392.0,422.0,3766.0
1659,189013,26.0,4399.0,429.0,3766.0
1660,189111,25.0,4405.0,435.0,3764.0
1661,189372,182.0,4407.0,434.0,3767.0
1662,189466,23.0,4407.0,427.0,3776.0
1663,189567,23.0,4408.0,428.0,3775.0
1664,189679,29.0,4412.0,431.0,3776.0
1665,189780,26.0,4414.0,435.0,3771.0
1666,189868,24.0,4409.0,430.0,3774.0
1667,189950,23.0,4409.0,427.0,3772.0
1668,190049,23.0,4411.0,432.0,3769.0
1669,190164,26.0,4420.0,441.0,3762.0
1670,190263,27.0,4426.0,441.0,3759.0
1671,190352,23.0,4428.0,443.0,3758.0
1672,190443,27.0,4431.0,445.0,3758.0
1673,190547,23.0,4433.0,447.0,3758.0
1674,190821,25.0,4432.0,441.0,3763.0
1675,190939,24.0,4442.0,449.0,3762.0
1676,191035,22.0,4441.0,446.0,3768.0
1677,191127,24.0,4452.0,453.0,3768.0
1678,191242,23.0,4450.0,449.0,3768.0
1679,191347,24.0,4450.0,448.0,3770.0
1680,191450,26.0,4452.0,450.0,3769.0
1681,191557,27.0,4451.0,450.0,3768.0
1682,191666,26.0,4449.0,450.0,3766.0
1683,191772,25.0,4449.0,450.0,3766.0
1684,191862,24.0,4449.0,449.0,3766.0
1685,191962,25.0,4448.0,450.0,3764.0
1686,192212,167.0,4448.0,443.0,3771.0
1687,192327,23.0,4448.0,442.0,3771.0
1688,192417,24.0,4451.0,445.0,3770.0
1689,192505,23.0,4452.0,444.0,3775.0
1690,192595,25.0,4458.0,451.0,3774.0
1691,192685,25.0,4459.0,450.0,3777.0
1692,192765,25.0,4458.0,449.0,3777.0
1693,192865,25.0,4457.0,448.0,3779.0
1694,192963,21.0,4457.0,448.0,3779.0
1695,193071,26.0,4458.0,449.0,3776.0
1696,193168,27.0,4456.0,447.0,3776.0
1697,193277,27.0,4453.0,451.0,3768.0
1698,193530,173.0,4449.0,451.0,3764.0
1699,193645,25.0,4449.0,445.0,3772.0
1700,193756,24.0,4456.0,451.0,3771.0
1701,193856,24.0,4457.0,456.0,3768.0
1702,193948,23.0,4459.0,458.0,3764.0
1703,194047,23.0,4457.0,457.0,3766.0
1704,194137,24.0,4455.0,459.0,3762.0
1705,194241,24.0,4458.0,449.0,3776.0
1706,194340,26.0,4459.0,450.0,3771.0
1707,194437,23.0,4462.0,457.0,3758.0
1708,194537,23.0,4470.0,463.0,3760.0
1709,194632,25.0,4469.0,463.0,3760.0
1710,194941,218.0,4469.0,457.0,3766.0
1711,195050,26.0,4462.0,450.0,3769.0
1712,195141,25.0,4463.0,451.0,3759.0
1713,195231,24.0,4469.0,457.0,3754.0
1714,195330,27.0,4487.0,475.0,3750.0
1715,195428,26.0,4488.0,480.0,3746.0
1716,195520,26.0,4489.0,478.0,3750.0
1717,195623,22.0,4484.0,478.0,3745.0
1718,195729,27.0,4484.0,478.0,3745.0
1719,195835,26.0,4479.0,471.0,3747.0
1720,195955,24.0,4482.0,472.0,3749.0
1721,196059,23.0,4482.0,472.0,3749.0
1722,196339,24.0,4481.0,472.0,3746.0
1723,196448,25.0,4483.0,474.0,3746.0
1724,196544,26.0,4484.0,476.0,3745.0
1725,196646,24.0,4484.0,474.0,3742.0
1726,196740,25.0,4484.0,474.0,3742.0
1727,196833,25.0,4482.0,474.0,3740.0
1728,196930,31.0,4481.0,475.0,3738.0
1729,197035,22.0,4483.0,475.0,3738.0
1730,197135,23.0,4490.0,482.0,3737.0
1731,197237,26.0,4497.0,489.0,3736.0
1732,197342,27.0,4497.0,488.0,3739.0
1733,197443,23.0,4497.0,488.0,3739.0
1734,197691,24.0,4497.0,483.0,3747.0
1735,197786,26.0,4516.0,501.0,3750.0
1736,197880,24.0,4534.0,520.0,3749.0
1737,197998,27.0,4534.0,520.0,3749.0
1738,198103,22.0,4534.0,520.0,3749.0
1739,198205,26.0,4542.0,525.0,3750.0
1740,198311,24.0,4548.0,534.0,3747.0
1741,198452,28.0,4549.0,535.0,3747.0
1742,198549,27.0,4557.0,543.0,3746.0
1743,198648,25.0,4557.0,543.0,3746.0
1744,198778,28.0,4560.0,544.0,3746.0
1745,198885,24.0,4562.0,545.0,3746.0
1746,199172,26.0,4558.0,528.0,3779.0
1747,199281,23.0,4551.0,520.0,3781.0
1748,199395,25.0,4550.0,520.0,3780.0
1749,199488,24.0,4560.0,514.0,3806.0
1750,199582,24.0,4566.0,505.0,3824.0
1751,199678,24.0,4572.0,500.0,3833.0
1752,199791,25.0,4578.0,486.0,3855.0
1753,199899,25.0,4567.0,468.0,3863.0
1754,199992,25.0,4548.0,450.0,3870.0
1755,200104,27.0,4560.0,456.0,3862.0
1756,200208,28.0,4564.0,445.0,3877.0
1757,200469,176.0,4557.0,442.0,3881.0
1758,200566,24.0,4547.0,445.0,3866.0
1759,200689,30.0,4556.0,448.0,3870.0
1760,200800,29.0,4572.0,464.0,3862.0
1761,200891,25.0,4578.0,474.0,3858.0
1762,200993,28.0,4587.0,455.0,3883.0
1763,201115,39.0,4589.0,457.0,3880.0
1764,201225,25.0,4593.0,458.0,3883.0
1765,201325,23.0,4589.0,458.0,3882.0
1766,201433,28.0,4588.0,446.0,3895.0
1767,201548,26.0,4582.0,414.0,3935.0
1768,201652,27.0,4581.0,403.0,3946.0
1769,201755,29.0,4584.0,403.0,3957.0
1770,202008,26.0,4584.0,394.0,3968.0
1771,202117,26.0,4580.0,395.0,3965.0
1772,202231,25.0,4574.0,396.0,3958.0
1773,202322,25.0,4568.0,405.0,3943.0
1774,202436,24.0,4572.0,408.0,3943.0
1775,202538,26.0,4570.0,413.0,3938.0
1776,202634,28.0,4587.0,420.0,3936.0
1777,202748,27.0,4597.0,426.0,3941.0
1778,202858,26.0,4600.0,432.0,3938.0
1779,202958,26.0,4603.0,419.0,3959.0
1780,203064,24.0,4586.0,416.0,3945.0
1781,203177,26.0,4599.0,413.0,3960.0
1782,203445,26.0,4601.0,395.0,3998.0
1783,203547,26.0,4608.0,395.0,4006.0
1784,203653,25.0,4606.0,395.0,4004.0
1785,203776,49.0,4609.0,399.0,4002.0
1786,203979,38.0,4605.0,381.0,4022.0
1787,204109,31.0,4604.0,371.0,4038.0
1788,204256,44.0,4611.0,375.0,4035.0
1789,204350,25.0,4614.0,377.0,4038.0
1790,204470,24.0,4621.0,375.0,4052.0
1791,204586,25.0,4626.0,378.0,4050.0
1792,204703,26.0,4624.0,378.0,4048.0
1793,204810,27.0,4629.0,368.0,4061.0
1794,205063,25.0,4638.0,377.0,4059.0
1795,205159,24.0,4639.0,378.0,4059.0
1796,205289,46.0,4640.0,371.0,4064.0
1797,205409,31.0,4643.0,373.0,4061.0
1798,205533,33.0,4648.0,373.0,4066.0
1799,205648,23.0,4644.0,369.0,4068.0
1800,205766,24.0,4645.0,371.0,4067.0
1801,205875,26.0,4652.0,374.0,4074.0
1802,205980,25.0,4655.0,375.0,4076.0
1803,206085,27.0,4661.0,376.0,4089.0
1804,206222,28.0,4660.0,374.0,4090.0
1805,206365,33.0,4666.0,367.0,4116.0
1806,206650,29.0,4668.0,369.0,4115.0
1807,206795,49.0,4654.0,364.0,4103.0
1808,206917,25.0,4653.0,364.0,4101.0
1809,207017,26.0,4653.0,360.0,4109.0
1810,207125,24.0,4655.0,362.0,4109.0
1811,207237,28.0,4645.0,356.0,4107.0
1812,207374,41.0,4648.0,361.0,4106.0
1813,207503,33.0,4648.0,359.0,4109.0
1814,207624,27.0,4642.0,337.0,4128.0
1815,207727,24.0,4643.0,338.0,4128.0
1816,207844,25.0,4649.0,342.0,4128.0
1817,207964,24.0,4653.0,346.0,4128.0
1818,208241,181.0,4653.0,343.0,4131.0
1819,208345,24.0,4655.0,334.0,4146.0
1820,208450,27.0,4660.0,339.0,4146.0
1821,208547,27.0,4675.0,347.0,4154.0
1822,208673,31.0,4674.0,341.0,4159.0
1823,208803,27.0,4674.0,341.0,4160.0
1824,208903,25.0,4681.0,340.0,4166.0
1825,209011,26.0,4683.0,331.0,4179.0
1826,209133,33.0,4684.0,325.0,4186.0
1827,209239,26.0,4693.0,327.0,4180.0
1828,209335,25.0,4698.0,333.0,4179.0
1829,209445,37.0,4696.0,335.0,4170.0
1830,209546,25.0,4702.0,341.0,4168.0
1831,209904,270.0,4702.0,341.0,4168.0
1832,210006,25.0,4707.0,339.0,4172.0
1833,210102,25.0,4718.0,350.0,4171.0
1834,210220,24.0,4718.0,350.0,4171.0
1835,210340,25.0,4718.0,350.0,4171.0
1836,210437,24.0,4724.0,349.0,4173.0
1837,210547,25.0,4724.0,341.0,4184.0
1838,210646,26.0,4725.0,338.0,4186.0
1839,210771,43.0,4726.0,338.0,4186.0
1840,210918,44.0,4725.0,339.0,4184.0
1841,211044,41.0,4727.0,339.0,4184.0
1842,211146,25.0,4731.0,340.0,4184.0
1843,211270,31.0,4731.0,339.0,4188.0
1844,213710,2352.0,4735.0,343.0,4187.0
1845,213830,25.0,4735.0,288.0,4267.0
1846,213922,24.0,4735.0,288.0,4267.0
1847,214037,23.0,4735.0,288.0,4267.0
1848,214149,23.0,4732.0,285.0,4270.0
1849,214260,25.0,4732.0,281.0,4277.0
1850,214355,24.0,4737.0,286.0,4277.0
1851,214460,23.0,4738.0,287.0,4273.0
1852,214569,26.0,4738.0,287.0,4273.0
1853,214667,24.0,4747.0,287.0,4282.0
1854,214780,27.0,4749.0,289.0,4280.0
1855,214896,24.0,4749.0,289.0,4280.0
1856,214989,24.0,4749.0,284.0,4287.0
1857,215079,27.0,4749.0,284.0,4287.0
1858,215231,23.0,4744.0,285.0,4280.0
1859,215333,23.0,4744.0,283.0,4287.0
1860,215435,24.0,4744.0,278.0,4292.0
1861,215535,23.0,4745.0,279.0,4291.0
1862,215667,24.0,4755.0,288.0,4291.0
1863,215737,23.0,4759.0,293.0,4286.0
1864,215826,24.0,4759.0,293.0,4286.0
1865,215924,24.0,4756.0,294.0,4281.0
1866,216024,25.0,4758.0,297.0,4276.0
1867,216133,25.0,4760.0,299.0,4276.0
1868,216232,24.0,4758.0,305.0,4268.0
1869,216335,23.0,4753.0,299.0,4273.0
1870,216477,68.0,4753.0,299.0,4273.0
1871,216579,21.0,4751.0,299.0,4271.0
1872,216686,24.0,4746.0,300.0,4270.0
1873,216800,24.0,4744.0,294.0,4275.0
1874,216893,22.0,4742.0,292.0,4275.0
1875,216982,24.0,4741.0,285.0,4282.0
1876,217073,23.0,4745.0,287.0,4282.0
1877,217189,29.0,4750.0,293.0,4279.0
1878,217292,27.0,4746.0,292.0,4276.0
1879,217376,24.0,4744.0,292.0,4274.0
1880,217471,23.0,4742.0,292.0,4272.0
1881,217557,27.0,4749.0,298.0,4272.0
1882,217660,25.0,4763.0,309.0,4267.0
1883,217808,75.0,4763.0,311.0,4265.0
1884,217912,24.0,4764.0,305.0,4274.0
1885,218010,24.0,4766.0,299.0,4281.0
1886,218098,24.0,4776.0,309.0,4275.0
1887,218201,24.0,4786.0,319.0,4274.0
1888,218296,23.0,4793.0,326.0,4274.0
1889,218413,26.0,4791.0,325.0,4274.0
1890,218509,27.0,4795.0,330.0,4268.0
1891,218597,24.0,4798.0,330.0,4272.0
1892,218726,39.0,4796.0,330.0,4270.0
1893,218845,24.0,4798.0,332.0,4269.0
1894,218995,85.0,4798.0,332.0,4269.0
1895,219088,23.0,4798.0,329.0,4272.0
1896,219187,23.0,4798.0,328.0,4274.0
1897,219285,27.0,4797.0,328.0,4273.0
1898,219382,22.0,4798.0,327.0,4275.0
1899,219492,27.0,4796.0,327.0,4273.0
1900,219595,25.0,4796.0,322.0,4283.0
1901,219677,23.0,4798.0,323.0,4286.0
1902,219776,25.0,4797.0,326.0,4282.0
1903,219862,25.0,4812.0,341.0,4275.0
1904,219962,25.0,4810.0,342.0,4272.0
1905,220058,24.0,4809.0,341.0,4275.0
1906,220203,24.0,4809.0,333.0,4290.0
1907,220302,23.0,4818.0,343.0,4289.0
1908,220397,24.0,4820.0,345.0,4288.0
1909,220502,24.0,4820.0,341.0,4288.0
1910,220599,24.0,4823.0,342.0,4290.0
1911,220716,26.0,4824.0,343.0,4288.0
1912,220792,26.0,4823.0,344.0,4282.0
1913,220895,25.0,4822.0,344.0,4281.0
1914,220998,25.0,4823.0,341.0,4292.0
1915,221094,26.0,4830.0,345.0,4295.0
1916,221189,26.0,4831.0,344.0,4298.0
1917,221347,24.0,4829.0,344.0,4296.0
1918,221447,29.0,4830.0,345.0,4296.0
1919,221539,24.0,4830.0,345.0,4296.0
1920,221628,23.0,4838.0,353.0,4296.0
1921,221732,24.0,4838.0,347.0,4302.0
1922,221834,26.0,4845.0,354.0,4302.0
1923,221931,25.0,4855.0,358.0,4302.0
1924,222027,25.0,4854.0,358.0,4301.0
1925,222134,26.0,4856.0,358.0,4304.0
1926,222227,25.0,4861.0,362.0,4301.0
1927,222314,24.0,4870.0,371.0,4301.0
1928,222486,96.0,4870.0,369.0,4306.0
1929,222584,24.0,4871.0,368.0,4309.0
1930,222684,27.0,4870.0,367.0,4312.0
1931,222778,26.0,4870.0,367.0,4312.0
1932,222893,37.0,4870.0,367.0,4311.0
1933,222985,28.0,4870.0,364.0,4316.0
1934,223085,27.0,4877.0,370.0,4312.0
1935,223192,25.0,4877.0,370.0,4312.0
1936,223287,26.0,4880.0,373.0,4309.0
1937,223391,25.0,4876.0,372.0,4306.0
1938,223481,29.0,4883.0,378.0,4306.0
1939,223561,23.0,4883.0,376.0,4308.0
1940,223753,26.0,4883.0,373.0,4311.0
1941,223851,26.0,4883.0,370.0,4314.0
1942,223957,25.0,4883.0,365.0,4320.0
1943,224086,33.0,4883.0,365.0,4320.0
1944,224188,33.0,4883.0,365.0,4320.0
1945,224280,26.0,4883.0,368.0,4315.0
1946,224361,26.0,4884.0,369.0,4315.0
1947,224453,25.0,4882.0,363.0,4319.0
1948,224561,28.0,4884.0,365.0,4319.0
1949,224670,25.0,4884.0,365.0,4319.0
1950,224769,24.0,4886.0,362.0,4326.0
1951,224958,121.0,4886.0,362.0,4326.0
1952,225039,25.0,4886.0,354.0,4336.0
1953,225152,26.0,4893.0,361.0,4332.0
1954,225260,23.0,4898.0,366.0,4332.0
1955,225363,25.0,4899.0,368.0,4331.0
1956,225462,24.0,4902.0,377.0,4325.0
1957,225558,27.0,4917.0,390.0,4321.0
1958,225651,28.0,4919.0,388.0,4323.0
1959,225736,25.0,4921.0,387.0,4324.0
1960,225827,25.0,4923.0,389.0,4323.0
1961,225931,24.0,4923.0,381.0,4333.0
1962,226038,23.0,4927.0,385.0,4330.0
1963,226126,26.0,4933.0,391.0,4325.0
1964,226349,26.0,4933.0,389.0,4325.0
1965,226470,28.0,4932.0,388.0,4324.0
1966,226556,26.0,4932.0,388.0,4324.0
1967,226653,27.0,4939.0,395.0,4323.0
1968,226764,30.0,4952.0,396.0,4331.0
1969,226864,28.0,4949.0,397.0,4327.0
1970,226974,26.0,4977.0,423.0,4326.0
1971,227077,26.0,4975.0,423.0,4324.0
1972,227165,25.0,4971.0,425.0,4312.0
1973,227263,28.0,4973.0,427.0,4312.0
1974,227367,26.0,4973.0,425.0,4314.0
1975,227486,35.0,4975.0,419.0,4326.0
1976,227670,25.0,4984.0,419.0,4339.0
1977,227756,28.0,4990.0,425.0,4336.0
1978,227856,26.0,4997.0,432.0,4335.0
1979,227957,23.0,4999.0,434.0,4332.0
1980,228065,32.0,4997.0,434.0,4330.0
1981,228155,25.0,5002.0,439.0,4330.0
1982,228257,24.0,5002.0,440.0,4322.0
1983,228352,24.0,5002.0,440.0,4322.0
1984,228448,27.0,5000.0,440.0,4320.0
1985,228533,24.0,5007.0,446.0,4323.0
1986,228640,27.0,5014.0,453.0,4323.0
1987,228753,32.0,5026.0,465.0,4323.0
1988,228967,135.0,5034.0,470.0,4324.0
1989,229075,26.0,5038.0,454.0,4349.0
1990,229170,25.0,5038.0,445.0,4360.0
1991,229258,25.0,5039.0,447.0,4360.0
1992,229356,25.0,5039.0,436.0,4378.0
1993,229442,26.0,5030.0,434.0,4380.0
1994,229537,26.0,5031.0,419.0,4400.0
1995,229631,25.0,5038.0,415.0,4411.0
1996,229723,25.0,5046.0,418.0,4413.0
1997,229813,25.0,5044.0,410.0,4420.0
1998,229918,24.0,5045.0,402.0,4428.0
1999,230018,24.0,5046.0,397.0,4432.0
2000,230140,27.0,5039.0,373.0,4460.0
2001,230240,26.0,5021.0,372.0,4437.0
2002,230437,24.0,5021.0,373.0,4435.0
2003,230518,26.0,5022.0,375.0,4434.0
2004,230615,25.0,5032.0,384.0,4434.0
2005,230726,26.0,5031.0,367.0,4451.0
2006,230826,24.0,5030.0,367.0,4450.0
2007,230937,25.0,5033.0,364.0,4459.0
2008,231039,24.0,5035.0,355.0,4466.0
2009,231160,27.0,5033.0,355.0,4460.0
2010,231314,42.0,5030.0,348.0,4464.0
2011,231489,30.0,5030.0,347.0,4463.0
2012,231601,38.0,5035.0,352.0,4461.0
2013,231714,34.0,5042.0,366.0,4460.0
2014,231836,30.0,5033.0,356.0,4461.0
2015,231932,26.0,5034.0,364.0,4452.0
2016,232151,23.0,5023.0,358.0,4455.0
2017,232242,25.0,5023.0,359.0,4452.0
2018,232330,25.0,5030.0,358.0,4457.0
2019,232446,25.0,5035.0,357.0,4463.0
2020,232562,27.0,5035.0,356.0,4463.0
2021,232649,29.0,5035.0,356.0,4463.0
2022,232754,30.0,5045.0,369.0,4460.0
2023,232862,28.0,5065.0,381.0,4464.0
2024,232972,39.0,5064.0,387.0,4455.0
2025,233079,33.0,5063.0,382.0,4463.0
2026,233173,25.0,5056.0,374.0,4466.0
2027,233274,25.0,5056.0,370.0,4469.0
2028,233377,26.0,5062.0,367.0,4480.0
2029,233662,208.0,5061.0,361.0,4484.0
2030,233790,26.0,5061.0,339.0,4511.0
2031,233883,26.0,5051.0,338.0,4503.0
2032,233994,24.0,5049.0,336.0,4504.0
2033,234107,33.0,5059.0,338.0,4512.0
2034,234219,29.0,5062.0,341.0,4512.0
2035,234325,25.0,5071.0,347.0,4514.0
2036,234430,25.0,5079.0,348.0,4533.0
2037,234541,27.0,5083.0,351.0,4531.0
2038,234649,29.0,5085.0,333.0,4551.0
2039,234761,25.0,5087.0,335.0,4551.0
2040,234880,34.0,5086.0,337.0,4548.0
2041,234991,28.0,5089.0,339.0,4550.0
2042,235234,166.0,5093.0,336.0,4558.0
2043,235333,26.0,5093.0,321.0,4579.0
2044,235443,28.0,5097.0,325.0,4579.0
2045,235540,25.0,5095.0,329.0,4573.0
2046,235642,25.0,5095.0,321.0,4581.0
2047,235745,26.0,5105.0,333.0,4577.0
2048,235850,26.0,5103.0,333.0,4575.0
2049,235961,26.0,5105.0,328.0,4584.0
2050,236067,26.0,5105.0,330.0,4580.0
2051,236180,24.0,5104.0,329.0,4586.0
2052,236284,26.0,5104.0,326.0,4590.0
2053,236373,28.0,5112.0,333.0,4593.0
2054,236483,30.0,5113.0,335.0,4590.0
2055,236734,169.0,5114.0,336.0,4590.0
2056,236837,25.0,5112.0,336.0,4588.0
2057,236937,26.0,5121.0,348.0,4582.0
2058,237033,25.0,5121.0,348.0,4582.0
2059,237138,26.0,5121.0,348.0,4582.0
2060,237252,26.0,5125.0,352.0,4579.0
2061,237358,26.0,5127.0,354.0,4574.0
2062,237452,28.0,5137.0,368.0,4566.0
2063,237570,31.0,5138.0,369.0,4565.0
2064,237698,35.0,5137.0,370.0,4561.0
2065,237804,30.0,5149.0,382.0,4560.0
2066,237904,26.0,5156.0,389.0,4557.0
2067,238144,162.0,5163.0,396.0,4555.0
2068,238233,25.0,5165.0,398.0,4553.0
2069,238341,25.0,5162.0,398.0,4550.0
2070,238434,27.0,5164.0,400.0,4550.0
2071,238564,35.0,5164.0,403.0,4544.0
2072,238677,26.0,5167.0,407.0,4540.0
2073,238786,26.0,5176.0,409.0,4550.0
2074,238893,31.0,5178.0,410.0,4549.0
2075,239011,36.0,5189.0,417.0,4552.0
2076,239119,30.0,5190.0,412.0,4564.0
2077,239239,27.0,5192.0,410.0,4570.0
2078,239352,26.0,5186.0,393.0,4581.0
2079,239707,32.0,5186.0,378.0,4608.0
2080,239796,31.0,5185.0,377.0,4608.0
2081,239889,31.0,5190.0,382.0,4605.0
2082,240007,34.0,5189.0,382.0,4604.0
2083,240110,35.0,5193.0,384.0,4610.0
2084,240193,25.0,5193.0,373.0,4629.0
2085,240291,31.0,5198.0,378.0,4633.0
2086,240416,37.0,5196.0,378.0,4631.0
2087,240533,26.0,5198.0,367.0,4641.0
2088,240623,27.0,5197.0,367.0,4640.0
2089,240728,34.0,5203.0,370.0,4637.0
2090,240996,168.0,5202.0,358.0,4651.0
2091,241108,29.0,5203.0,346.0,4674.0
2092,241203,28.0,5203.0,346.0,4674.0
2093,241294,26.0,5213.0,356.0,4671.0
2094,241391,28.0,5210.0,358.0,4666.0
2095,241493,30.0,5211.0,359.0,4665.0
2096,241606,37.0,5211.0,354.0,4671.0
2097,241721,29.0,5209.0,349.0,4674.0
2098,241833,32.0,5209.0,340.0,4691.0
2099,241948,28.0,5209.0,340.0,4691.0
2100,242074,35.0,5213.0,338.0,4700.0
2101,242190,27.0,5210.0,328.0,4709.0
2102,242443,185.0,5218.0,323.0,4726.0
2103,242545,26.0,5228.0,329.0,4728.0
2104,242639,25.0,5230.0,333.0,4720.0
2105,242742,26.0,5227.0,325.0,4721.0
2106,242847,26.0,5226.0,322.0,4721.0
2107,242945,25.0,5226.0,322.0,4721.0
2108,243065,40.0,5226.0,312.0,4731.0
2109,243202,35.0,5226.0,307.0,4736.0
2110,243311,26.0,5220.0,306.0,4731.0
2111,243401,26.0,5221.0,301.0,4735.0
2112,243505,29.0,5223.0,307.0,4729.0
2113,243605,30.0,5223.0,307.0,4729.0
2114,243837,28.0,5225.0,280.0,4774.0
2115,243931,29.0,5228.0,282.0,4773.0
2116,244037,30.0,5233.0,291.0,4760.0
2117,244154,27.0,5235.0,290.0,4762.0
2118,244247,26.0,5235.0,290.0,4762.0
2119,244349,29.0,5244.0,299.0,4758.0
2120,244441,26.0,5244.0,299.0,4758.0
2121,244531,25.0,5240.0,296.0,4758.0
2122,244639,27.0,5247.0,302.0,4759.0
2123,244740,25.0,5247.0,302.0,4759.0
2124,244844,27.0,5247.0,298.0,4761.0
2125,245101,196.0,5248.0,290.0,4771.0
2126,245201,27.0,5249.0,291.0,4771.0
2127,245302,28.0,5250.0,292.0,4771.0
2128,245434,38.0,5242.0,284.0,4771.0
2129,245538,29.0,5241.0,281.0,4773.0
2130,245639,25.0,5245.0,285.0,4773.0
2131,245744,27.0,5243.0,284.0,4773.0
2132,245843,27.0,5244.0,285.0,4773.0
2133,245929,26.0,5245.0,286.0,4772.0
2134,246029,27.0,5247.0,292.0,4766.0
2135,246128,28.0,5248.0,292.0,4765.0
2136,246381,183.0,5247.0,291.0,4765.0
2137,246504,26.0,5254.0,297.0,4762.0
2138,246598,25.0,5253.0,297.0,4761.0
2139,246710,29.0,5264.0,308.0,4760.0
2140,246811,26.0,5264.0,303.0,4767.0
2141,246910,27.0,5268.0,306.0,4773.0
2142,247023,40.0,5275.0,314.0,4770.0
2143,247148,42.0,5275.0,313.0,4772.0
2144,247269,29.0,5272.0,313.0,4769.0
2145,247389,34.0,5272.0,313.0,4769.0
2146,247488,31.0,5272.0,313.0,4769.0
2147,247596,38.0,5287.0,327.0,4767.0
2148,247867,27.0,5288.0,327.0,4766.0
2149,247969,30.0,5288.0,327.0,4765.0
2150,248072,30.0,5289.0,329.0,4768.0
2151,248194,32.0,5298.0,331.0,4770.0
2152,248303,28.0,5299.0,334.0,4767.0
2153,248399,29.0,5306.0,342.0,4766.0
2154,248502,28.0,5313.0,342.0,4770.0
2155,248599,29.0,5313.0,342.0,4770.0
2156,248696,28.0,5309.0,343.0,4762.0
2157,248797,31.0,5311.0,340.0,4770.0
2158,248895,27.0,5315.0,343.0,4767.0
2159,249168,28.0,5315.0,343.0,4767.0
2160,249267,24.0,5317.0,347.0,4765.0
2161,249349,28.0,5322.0,353.0,4762.0
2162,249456,30.0,5330.0,361.0,4762.0
2163,249569,29.0,5328.0,359.0,4760.0
2164,249672,27.0,5328.0,356.0,4763.0
2165,249771,28.0,5328.0,356.0,4763.0
2166,249857,26.0,5328.0,355.0,4767.0
2167,249949,27.0,5336.0,363.0,4763.0
2168,250049,29.0,5347.0,370.0,4758.0
2169,250153,26.0,5360.0,383.0,4754.0
2170,250424,169.0,5363.0,384.0,4754.0
2171,250531,27.0,5363.0,374.0,4771.0
2172,250633,27.0,5363.0,374.0,4771.0
2173,250727,27.0,5371.0,378.0,4771.0
2174,250825,29.0,5371.0,378.0,4771.0
2175,250918,26.0,5364.0,379.0,4763.0
2176,251026,30.0,5367.0,384.0,4765.0
2177,251122,28.0,5367.0,383.0,4770.0
2178,251219,30.0,5367.0,383.0,4770.0
2179,251325,29.0,5374.0,392.0,4768.0
2180,251420,27.0,5380.0,398.0,4768.0
2181,251531,26.0,5389.0,407.0,4767.0
2182,251776,27.0,5397.0,409.0,4772.0
2183,251860,27.0,5402.0,415.0,4771.0
2184,251954,27.0,5409.0,421.0,4771.0
2185,252048,27.0,5413.0,425.0,4770.0
2186,252142,27.0,5414.0,428.0,4768.0
2187,252249,29.0,5414.0,428.0,4767.0
2188,252368,38.0,5413.0,428.0,4766.0
2189,252507,40.0,5413.0,428.0,4766.0
2190,252619,27.0,5410.0,428.0,4763.0
2191,252730,29.0,5409.0,428.0,4762.0
2192,252846,29.0,5409.0,428.0,4761.0
2193,253096,172.0,5419.0,437.0,4763.0
2194,253191,26.0,5436.0,454.0,4761.0
2195,253297,29.0,5445.0,457.0,4769.0
2196,253445,41.0,5443.0,457.0,4767.0
2197,253552,29.0,5453.0,465.0,4764.0
2198,253662,31.0,5449.0,466.0,4759.0
2199,253771,31.0,5449.0,466.0,4759.0
2200,253878,30.0,5453.0,471.0,4755.0
2201,253978,29.0,5454.0,472.0,4755.0
2202,254079,29.0,5461.0,479.0,4753.0
2203,254194,30.0,5467.0,485.0,4751.0
2204,254267,28.0,5470.0,488.0,4749.0
2205,254526,184.0,5470.0,482.0,4758.0
2206,254627,32.0,5479.0,472.0,4776.0
2207,254726,26.0,5480.0,473.0,4775.0
2208,254824,29.0,5480.0,473.0,4775.0
2209,254911,27.0,5480.0,473.0,4775.0
2210,255009,27.0,5481.0,471.0,4776.0
2211,255114,27.0,5479.0,469.0,4777.0
2212,255232,29.0,5479.0,469.0,4777.0
2213,255335,29.0,5474.0,469.0,4772.0
2214,255452,27.0,5475.0,467.0,4773.0
2215,255560,35.0,5475.0,467.0,4773.0
2216,255697,36.0,5474.0,457.0,4781.0
2217,255802,36.0,5483.0,466.0,4771.0
2218,256042,29.0,5481.0,464.0,4769.0
2219,256141,28.0,5481.0,464.0,4769.0
2220,256232,36.0,5481.0,464.0,4769.0
2221,256325,30.0,5489.0,471.0,4769.0
2222,256438,38.0,5490.0,471.0,4773.0
2223,256515,26.0,5495.0,476.0,4773.0
2224,256623,31.0,5497.0,469.0,4782.0
2225,256715,31.0,5497.0,469.0,4782.0
2226,256820,29.0,5494.0,467.0,4781.0
2227,256924,27.0,5497.0,469.0,4777.0
2228,257027,40.0,5495.0,469.0,4775.0
2229,257150,38.0,5495.0,469.0,4775.0
2230,257264,33.0,5494.0,467.0,4779.0
2231,257515,30.0,5494.0,464.0,4781.0
2232,257625,27.0,5493.0,462.0,4786.0
2233,257778,30.0,5494.0,462.0,4787.0
2234,257876,30.0,5499.0,467.0,4786.0
2235,257975,30.0,5500.0,468.0,4786.0
2236,258079,28.0,5499.0,468.0,4785.0
2237,258173,28.0,5499.0,468.0,4785.0
2238,258270,30.0,5499.0,468.0,4785.0
2239,258368,30.0,5507.0,473.0,4793.0
2240,258484,33.0,5507.0,473.0,4793.0
2241,258578,31.0,5515.0,482.0,4792.0
2242,258695,35.0,5516.0,483.0,4790.0
2243,261026,2244.0,5516.0,448.0,4839.0
2244,261127,28.0,5516.0,288.0,5061.0
2245,261237,28.0,5506.0,287.0,5050.0
2246,261334,25.0,5499.0,283.0,5045.0
2247,261443,26.0,5497.0,292.0,5031.0
2248,261535,27.0,5496.0,305.0,5013.0
2249,261643,26.0,5494.0,297.0,5019.0
2250,261746,28.0,5489.0,299.0,5007.0
2251,261847,29.0,5492.0,307.0,5001.0
2252,261942,26.0,5486.0,310.0,4994.0
2253,262068,35.0,5485.0,310.0,4993.0
2254,262200,39.0,5476.0,291.0,5008.0
2255,262320,34.0,5464.0,290.0,4996.0
2256,262438,41.0,5471.0,301.0,4993.0
2257,262646,37.0,5478.0,300.0,5013.0
2258,262759,28.0,5478.0,287.0,5029.0
2259,262855,26.0,5470.0,266.0,5039.0
2260,262949,30.0,5480.0,275.0,5038.0
2261,263055,25.0,5482.0,276.0,5040.0
2262,263158,29.0,5482.0,276.0,5040.0
2263,263259,26.0,5474.0,275.0,5034.0
2264,263369,27.0,5465.0,274.0,5031.0
2265,263462,28.0,5465.0,271.0,5046.0
2266,263568,29.0,5464.0,267.0,5050.0
2267,263670,27.0,5450.0,256.0,5050.0
2268,263777,30.0,5452.0,253.0,5055.0
2269,263881,28.0,5434.0,247.0,5049.0
2270,264033,67.0,5437.0,244.0,5054.0
2271,264135,26.0,5429.0,244.0,5046.0
2272,264241,25.0,5429.0,237.0,5055.0
2273,264338,28.0,5432.0,240.0,5055.0
2274,264457,27.0,5433.0,241.0,5054.0
2275,264579,29.0,5432.0,241.0,5053.0
2276,264688,26.0,5426.0,241.0,5047.0
2277,264785,27.0,5428.0,237.0,5056.0
2278,264888,27.0,5431.0,240.0,5051.0
2279,264993,27.0,5435.0,241.0,5051.0
2280,265100,26.0,5443.0,244.0,5057.0
2281,265210,27.0,5443.0,238.0,5069.0
2282,265383,27.0,5452.0,223.0,5095.0
2283,265485,30.0,5455.0,226.0,5092.0
2284,265588,28.0,5455.0,222.0,5099.0
2285,265684,32.0,5459.0,217.0,5106.0
2286,265795,26.0,5460.0,217.0,5108.0
2287,265902,28.0,5470.0,227.0,5107.0
2288,266029,40.0,5471.0,228.0,5107.0
2289,266144,35.0,5483.0,238.0,5102.0
2290,266262,27.0,5483.0,230.0,5111.0
2291,266375,36.0,5492.0,233.0,5116.0
2292,266479,26.0,5502.0,240.0,5115.0
2293,266667,104.0,5507.0,239.0,5128.0
2294,266779,30.0,5507.0,239.0,5128.0
2295,266879,29.0,5513.0,245.0,5128.0
2296,266990,28.0,5519.0,251.0,5128.0
2297,267097,26.0,5526.0,257.0,5127.0
2298,267198,30.0,5527.0,258.0,5127.0
2299,267283,27.0,5529.0,264.0,5121.0
2300,267384,27.0,5529.0,264.0,5121.0
2301,267478,29.0,5526.0,264.0,5118.0
2302,267582,33.0,5525.0,261.0,5121.0
2303,267713,39.0,5523.0,245.0,5136.0
2304,267837,27.0,5521.0,245.0,5136.0
2305,268036,28.0,5522.0,246.0,5136.0
2306,268141,30.0,5519.0,241.0,5141.0
2307,268261,32.0,5525.0,248.0,5134.0
2308,268374,29.0,5526.0,249.0,5134.0
2309,268474,30.0,5529.0,247.0,5139.0
2310,268593,32.0,5529.0,247.0,5139.0
2311,268701,33.0,5532.0,251.0,5135.0
2312,268836,37.0,5531.0,251.0,5134.0
2313,268950,34.0,5539.0,251.0,5143.0
2314,269049,30.0,5539.0,250.0,5146.0
2315,269236,100.0,5539.0,249.0,5146.0
2316,269341,32.0,5539.0,247.0,5147.0
2317,269441,31.0,5536.0,244.0,5150.0
2318,269548,30.0,5544.0,252.0,5144.0
2319,269651,31.0,5550.0,249.0,5148.0
2320,269773,32.0,5554.0,253.0,5147.0
2321,269906,32.0,5564.0,260.0,5148.0
2322,270019,32.0,5569.0,265.0,5146.0
2323,270129,30.0,5577.0,273.0,5146.0
2324,270234,32.0,5577.0,273.0,5146.0
2325,270364,35.0,5579.0,275.0,5144.0
2326,270487,26.0,5582.0,276.0,5149.0
2327,270684,27.0,5580.0,270.0,5154.0
2328,270794,28.0,5580.0,264.0,5172.0
2329,270906,33.0,5583.0,267.0,5168.0
2330,271019,32.0,5584.0,259.0,5177.0
2331,271132,32.0,5587.0,253.0,5190.0
2332,271256,32.0,5594.0,260.0,5188.0
2333,271364,31.0,5593.0,260.0,5187.0
2334,271473,31.0,5596.0,257.0,5193.0
2335,271580,30.0,5591.0,248.0,5193.0
2336,271681,31.0,5598.0,253.0,5190.0
2337,271786,28.0,5598.0,253.0,5190.0
2338,271989,131.0,5596.0,252.0,5194.0
2339,272090,28.0,5596.0,253.0,5193.0
2340,272193,29.0,5599.0,256.0,5194.0
2341,272290,26.0,5600.0,257.0,5193.0
2342,272388,27.0,5611.0,269.0,5191.0
2343,272495,33.0,5611.0,256.0,5197.0
2344,272593,29.0,5610.0,255.0,5197.0
2345,272707,29.0,5607.0,258.0,5188.0
2346,272827,33.0,5612.0,261.0,5197.0
2347,272945,34.0,5611.0,262.0,5195.0
2348,273066,34.0,5615.0,266.0,5187.0
2349,273178,30.0,5618.0,266.0,5190.0
2350,273425,35.0,5621.0,265.0,5192.0
2351,273529,29.0,5625.0,269.0,5192.0
2352,273625,28.0,5637.0,280.0,5192.0
2353,273740,37.0,5636.0,279.0,5193.0
2354,273887,52.0,5640.0,283.0,5193.0
2355,274079,36.0,5639.0,276.0,5200.0
2356,274181,29.0,5634.0,276.0,5195.0
2357,274291,31.0,5641.0,282.0,5196.0
2358,274390,33.0,5648.0,290.0,5192.0
2359,274497,32.0,5646.0,285.0,5197.0
2360,274630,42.0,5649.0,282.0,5201.0
2361,274734,34.0,5656.0,290.0,5199.0
2362,274968,30.0,5657.0,291.0,5199.0
2363,275082,28.0,5655.0,288.0,5202.0
2364,275200,38.0,5665.0,296.0,5205.0
2365,275315,31.0,5665.0,296.0,5205.0
2366,275420,30.0,5665.0,296.0,5205.0
2367,275528,30.0,5665.0,292.0,5210.0
2368,275643,30.0,5660.0,286.0,5219.0
2369,275782,37.0,5661.0,288.0,5218.0
2370,275888,27.0,5661.0,287.0,5221.0
2371,275991,31.0,5675.0,301.0,5218.0
2372,276118,30.0,5677.0,302.0,5219.0
2373,276228,29.0,5677.0,301.0,5222.0
2374,276497,197.0,5677.0,302.0,5221.0
2375,276619,30.0,5682.0,307.0,5219.0
2376,276715,27.0,5682.0,307.0,5219.0
2377,276814,31.0,5690.0,315.0,5219.0
2378,276925,28.0,5696.0,318.0,5218.0
2379,277060,47.0,5696.0,317.0,5219.0
2380,277236,31.0,5697.0,313.0,5228.0
2381,277352,33.0,5687.0,311.0,5220.0
2382,277458,30.0,5687.0,310.0,5224.0
2383,277560,28.0,5693.0,312.0,5227.0
2384,277672,30.0,5693.0,305.0,5234.0
2385,277779,31.0,5693.0,302.0,5235.0
2386,277888,31.0,5693.0,294.0,5247.0
2387,278116,34.0,5710.0,311.0,5241.0
2388,278237,39.0,5710.0,311.0,5241.0
2389,278341,28.0,5710.0,311.0,5241.0
2390,278446,34.0,5707.0,310.0,5240.0
2391,278535,28.0,5707.0,310.0,5240.0
2392,278629,32.0,5712.0,315.0,5230.0
2393,278737,32.0,5714.0,317.0,5223.0
2394,278858,34.0,5715.0,318.0,5223.0
2395,278984,41.0,5724.0,327.0,5223.0
2396,279112,30.0,5728.0,331.0,5223.0
2397,279228,35.0,5736.0,336.0,5225.0
2398,279337,28.0,5743.0,342.0,5228.0
2399,279436,29.0,5742.0,341.0,5228.0
2400,279752,217.0,5740.0,341.0,5226.0
2401,279872,28.0,5741.0,339.0,5225.0
2402,279977,29.0,5748.0,348.0,5222.0
2403,280079,29.0,5754.0,351.0,5220.0
2404,280168,28.0,5754.0,351.0,5220.0
2405,280300,31.0,5762.0,357.0,5220.0
2406,280405,37.0,5762.0,357.0,5220.0
2407,280537,38.0,5770.0,363.0,5219.0
2408,280648,32.0,5773.0,366.0,5215.0
2409,280755,30.0,5773.0,366.0,5215.0
2410,280871,30.0,5773.0,360.0,5225.0
2411,280995,32.0,5781.0,367.0,5224.0
2412,281108,28.0,5782.0,368.0,5224.0
2413,281204,29.0,5788.0,374.0,5224.0
2414,281459,27.0,5795.0,382.0,5221.0
2415,281550,27.0,5795.0,387.0,5216.0
2416,281662,30.0,5795.0,387.0,5216.0
2417,281767,32.0,5800.0,391.0,5217.0
2418,281878,30.0,5802.0,394.0,5216.0
2419,281971,29.0,5802.0,394.0,5216.0
2420,282066,28.0,5804.0,403.0,5203.0
2421,282177,30.0,5811.0,410.0,5202.0
2422,282285,29.0,5810.0,410.0,5201.0
2423,282384,32.0,5816.0,416.0,5198.0
2424,282492,29.0,5820.0,419.0,5194.0
2425,282579,30.0,5820.0,419.0,5194.0
2426,282671,30.0,5827.0,423.0,5193.0
2427,282915,26.0,5826.0,421.0,5196.0
2428,283015,31.0,5834.0,427.0,5199.0
2429,283111,32.0,5834.0,425.0,5204.0
2430,283225,33.0,5832.0,425.0,5202.0
2431,283341,39.0,5832.0,424.0,5203.0
2432,283484,39.0,5839.0,431.0,5203.0
2433,283587,31.0,5839.0,431.0,5203.0
2434,283683,30.0,5849.0,433.0,5203.0
2435,283793,30.0,5849.0,433.0,5203.0
2436,283901,30.0,5846.0,433.0,5200.0
2437,284000,29.0,5846.0,433.0,5200.0
2438,284109,31.0,5854.0,441.0,5197.0
2439,284214,29.0,5853.0,447.0,5190.0
2440,284563,32.0,5853.0,448.0,5187.0
2441,284674,30.0,5850.0,448.0,5184.0
2442,284782,30.0,5853.0,451.0,5184.0
2443,284883,32.0,5855.0,453.0,5181.0
2444,285015,40.0,5855.0,453.0,5181.0
2445,285119,30.0,5853.0,453.0,5179.0
2446,285227,32.0,5853.0,453.0,5179.0
2447,285325,34.0,5856.0,458.0,5177.0
2448,285459,40.0,5856.0,458.0,5177.0
2449,285594,40.0,5857.0,459.0,5177.0
2450,285731,43.0,5861.0,463.0,5175.0
2451,286053,241.0,5869.0,471.0,5174.0
2452,286164,30.0,5878.0,479.0,5174.0
2453,286256,28.0,5878.0,474.0,5177.0
2454,286358,31.0,5881.0,469.0,5182.0
2455,286484,44.0,5881.0,468.0,5183.0
2456,286635,39.0,5888.0,462.0,5200.0
2457,286763,40.0,5887.0,461.0,5202.0
2458,286903,40.0,5888.0,462.0,5202.0
2459,287031,39.0,5889.0,454.0,5216.0
2460,287155,37.0,5887.0,453.0,5215.0
2461,287261,28.0,5894.0,460.0,5213.0
2462,287375,32.0,5892.0,459.0,5212.0
2463,287659,206.0,5893.0,460.0,5212.0
2464,287763,31.0,5896.0,463.0,5212.0
2465,287870,29.0,5896.0,462.0,5212.0
2466,287982,36.0,5904.0,470.0,5212.0
2467,288091,32.0,5912.0,478.0,5212.0
2468,288186,29.0,5914.0,478.0,5212.0
2469,288292,29.0,5915.0,476.0,5215.0
2470,288413,42.0,5915.0,470.0,5222.0
2471,288540,41.0,5916.0,470.0,5224.0
2472,288658,36.0,5924.0,476.0,5224.0
2473,288771,35.0,5932.0,483.0,5226.0
2474,289022,178.0,5938.0,477.0,5247.0
2475,289129,31.0,5938.0,455.0,5275.0
2476,289232,31.0,5938.0,437.0,5299.0
2477,289337,32.0,5937.0,418.0,5328.0
2478,289434,29.0,5936.0,406.0,5339.0
2479,289548,31.0,5935.0,401.0,5345.0
2480,289659,35.0,5936.0,395.0,5355.0
2481,289781,30.0,5943.0,387.0,5371.0
2482,289885,28.0,5940.0,380.0,5378.0
2483,289990,29.0,5943.0,361.0,5408.0
2484,290102,31.0,5953.0,355.0,5428.0
2485,290360,187.0,5940.0,339.0,5437.0
2486,290491,27.0,5931.0,332.0,5439.0
2487,290594,31.0,5918.0,332.0,5426.0
2488,290704,31.0,5924.0,330.0,5432.0
2489,290806,29.0,5902.0,330.0,5410.0
2490,290908,32.0,5900.0,338.0,5397.0
2491,291009,35.0,5907.0,342.0,5398.0
2492,291116,30.0,5914.0,333.0,5416.0
2493,291245,33.0,5910.0,328.0,5419.0
2494,291360,28.0,5910.0,322.0,5429.0
2495,291455,33.0,5902.0,322.0,5421.0
2496,291749,29.0,5891.0,320.0,5417.0
2497,291856,34.0,5898.0,326.0,5418.0
2498,291971,32.0,5898.0,324.0,5418.0
2499,292090,38.0,5893.0,312.0,5427.0
2500,292228,42.0,5896.0,322.0,5413.0
2501,292418,46.0,5890.0,304.0,5428.0
2502,292535,31.0,5889.0,301.0,5428.0
2503,292647,31.0,5889.0,296.0,5436.0
2504,292752,30.0,5895.0,296.0,5442.0
2505,292870,31.0,5893.0,302.0,5437.0
2506,293133,178.0,5893.0,290.0,5453.0
2507,293236,28.0,5898.0,267.0,5486.0
2508,293322,28.0,5881.0,260.0,5480.0
2509,293426,28.0,5881.0,245.0,5499.0
2510,293536,29.0,5882.0,239.0,5506.0
2511,293628,30.0,5889.0,252.0,5503.0
2512,293730,31.0,5899.0,256.0,5506.0
2513,293838,30.0,5912.0,277.0,5493.0
2514,293946,32.0,5912.0,276.0,5494.0
2515,294065,31.0,5912.0,276.0,5494.0
2516,294185,40.0,5918.0,280.0,5496.0
2517,294455,164.0,5922.0,285.0,5490.0
2518,294561,29.0,5929.0,292.0,5487.0
2519,294666,31.0,5924.0,293.0,5479.0
2520,294774,31.0,5921.0,283.0,5487.0
2521,294879,32.0,5922.0,286.0,5483.0
2522,294991,30.0,5929.0,284.0,5497.0
2523,295097,30.0,5935.0,289.0,5499.0
2524,295209,30.0,5937.0,291.0,5496.0
2525,295326,32.0,5938.0,293.0,5495.0
2526,295435,30.0,5938.0,292.0,5495.0
2527,295554,31.0,5943.0,290.0,5501.0
2528,295810,170.0,5948.0,288.0,5510.0
2529,295922,31.0,5948.0,288.0,5510.0
2530,296031,32.0,5948.0,288.0,5510.0
2531,296129,30.0,5949.0,286.0,5514.0
2532,296239,28.0,5948.0,276.0,5524.0
2533,296339,30.0,5948.0,275.0,5526.0
2534,296444,30.0,5948.0,275.0,5526.0
2535,296550,30.0,5948.0,275.0,5526.0
2536,296661,29.0,5948.0,267.0,5540.0
2537,296773,32.0,5954.0,266.0,5544.0
2538,296881,29.0,5955.0,267.0,5541.0
2539,297130,176.0,5954.0,267.0,5540.0
2540,297235,30.0,5963.0,266.0,5555.0
2541,297348,31.0,5972.0,266.0,5563.0
2542,297447,28.0,5975.0,268.0,5562.0
2543,297569,30.0,5976.0,260.0,5571.0
2544,297680,35.0,5986.0,270.0,5566.0
2545,297818,37.0,5988.0,272.0,5561.0
2546,297947,58.0,6000.0,277.0,5571.0
2547,298059,33.0,6007.0,283.0,5571.0
2548,298171,33.0,6011.0,287.0,5562.0
2549,298295,34.0,6010.0,287.0,5561.0
2550,298402,33.0,6009.0,287.0,5560.0
2551,298669,33.0,6010.0,286.0,5563.0
2552,298781,31.0,6009.0,286.0,5562.0
2553,298902,32.0,6016.0,284.0,5580.0
2554,299017,34.0,6020.0,288.0,5573.0
2555,299125,33.0,6019.0,288.0,5572.0
2556,299226,32.0,6018.0,288.0,5571.0
2557,299339,31.0,6012.0,286.0,5568.0
2558,299446,30.0,6008.0,274.0,5582.0
2559,299554,31.0,6014.0,280.0,5582.0
2560,299659,30.0,6022.0,288.0,5579.0
2561,299771,35.0,6022.0,283.0,5587.0
2562,299888,33.0,6024.0,288.0,5582.0
2563,300128,33.0,6020.0,284.0,5584.0
