tick,timestamp,query_runtime,trav_index_nodes,trav_vol_nodes,trav_unprod_nodes
0,634,10,7,7,0
1,996,2,10,10,0
2,1216,1,13,13,0
3,1401,1,17,17,0
4,1625,2,22,22,0
5,1845,4,34,34,0
6,2077,2,42,42,0
7,2228,1,43,43,0
8,2385,2,52,52,0
9,5608,5,58,58,0
10,5776,2,61,61,0
11,5942,1,62,62,0
12,6086,2,64,64,0
13,6251,1,69,69,0
14,6403,2,75,75,0
15,6532,2,83,83,0
16,6668,2,83,83,0
17,6806,3,86,86,0
18,6942,1,94,94,0
19,7084,1,96,96,0
20,7240,2,98,98,0
21,7371,2,101,101,0
22,7506,4,110,110,0
23,7645,2,111,111,0
24,7752,3,119,119,0
25,7909,2,127,127,0
26,8058,3,132,132,0
27,8647,2,145,145,0
28,8772,3,147,147,0
29,8881,2,158,158,0
30,9000,4,167,167,0
31,9147,1,170,170,0
32,9269,2,179,179,0
33,9398,3,183,183,0
34,9506,2,191,191,0
35,9618,2,195,195,0
36,9712,3,210,210,0
37,9829,2,213,213,0
38,9931,3,217,217,0
39,10033,3,221,221,0
40,10151,2,230,230,0
41,10276,2,238,238,0
42,10383,2,245,245,0
43,10465,3,245,245,0
44,10570,3,252,252,0
45,10677,4,254,254,0
46,10798,2,256,256,0
47,11239,3,260,260,0
48,11359,2,261,261,0
49,11471,2,270,270,0
50,11567,2,273,273,0
51,11670,3,274,274,0
52,11773,2,279,279,0
53,11882,3,281,281,0
54,11996,3,283,283,0
55,12090,3,283,283,0
56,12235,3,284,284,0
57,12347,2,292,292,0
58,12469,4,292,292,0
59,12593,2,293,293,0
60,12695,3,296,296,0
61,12798,2,297,297,0
62,12906,2,300,300,0
63,12999,2,310,310,0
64,13093,3,321,321,0
65,13202,2,323,323,0
66,13689,2,332,332,0
67,13817,2,333,333,0
68,13902,3,337,337,0
69,13999,3,339,339,0
70,14097,2,348,348,0
71,14191,4,354,354,0
72,14289,3,358,358,0
73,14384,2,359,359,0
74,14482,3,367,367,0
75,14572,3,375,375,0
76,14657,3,388,388,0
77,14744,3,389,389,0
78,14848,3,403,403,0
79,14959,3,404,404,0
80,15036,4,405,405,0
81,15140,3,409,409,0
82,15240,3,411,411,0
83,15343,3,414,414,0
84,15432,3,417,417,0
85,15827,3,418,418,0
86,15929,4,422,422,0
87,16034,4,427,427,0
88,16137,3,433,433,0
89,16220,4,445,445,0
90,16314,3,445,445,0
91,16412,3,448,448,0
92,16501,4,448,448,0
93,16595,3,449,449,0
94,16705,4,449,449,0
95,16817,3,451,451,0
96,16938,4,456,456,0
97,17053,4,459,459,0
98,17162,4,475,475,0
99,17273,3,484,484,0
100,17380,3,494,494,0
101,17488,3,494,494,0
102,17602,4,499,499,0
103,19780,4,500,500,0
104,19869,4,506,506,0
105,19973,3,512,512,0
106,20080,3,513,513,0
107,20192,4,529,529,0
108,20296,4,530,530,0
109,20402,5,534,534,0
110,20500,4,536,536,0
111,20589,4,546,546,0
112,20690,6,559,559,0
113,20803,4,566,566,0
114,20923,4,570,570,0
115,21005,5,574,574,0
116,21098,5,577,577,0
117,21207,5,578,578,0
118,21310,4,580,580,0
119,21411,6,588,588,0
120,21523,4,590,590,0
121,21712,4,593,593,0
122,21813,4,604,604,0
123,21907,4,604,604,0
124,22001,7,605,605,0
125,22102,4,608,608,0
126,22199,5,611,611,0
127,22308,5,615,615,0
128,22402,4,630,630,0
129,22479,4,630,630,0
130,22587,5,633,633,0
131,22689,5,646,646,0
132,22770,5,657,657,0
133,22858,5,661,661,0
134,22953,4,664,664,0
135,23049,4,667,667,0
136,23146,5,674,674,0
137,23238,5,680,680,0
138,23327,5,681,681,0
139,23639,5,682,682,0
140,23728,6,685,685,0
141,23801,6,701,701,0
142,23877,5,703,703,0
143,23958,5,705,705,0
144,24046,6,711,711,0
145,24139,5,718,718,0
146,24230,5,728,728,0
147,24343,5,728,728,0
148,24435,5,739,739,0
149,24514,5,748,748,0
150,24635,6,748,748,0
151,24736,9,760,760,0
152,24841,5,767,767,0
153,24966,6,775,775,0
154,25074,6,780,780,0
155,25170,6,785,785,0
156,25265,6,790,790,0
157,25422,6,805,805,0
158,25531,7,805,805,0
159,25614,6,808,808,0
160,25691,6,814,814,0
161,25778,6,819,819,0
162,25880,6,825,825,0
163,25982,7,829,829,0
164,26070,5,843,843,0
165,26157,7,847,847,0
166,26251,6,858,858,0
167,26330,6,861,861,0
168,26419,7,862,862,0
169,26512,7,868,868,0
170,26614,6,869,869,0
171,26711,8,877,877,0
172,26811,6,886,886,0
173,26967,75,886,886,0
174,27048,6,895,895,0
175,27178,7,902,902,0
176,27287,8,905,905,0
177,27379,7,906,906,0
178,27476,8,910,910,0
179,27547,6,919,919,0
180,27621,7,929,929,0
181,27748,9,930,930,0
182,27849,7,933,933,0
183,27934,7,933,933,0
184,28013,7,940,940,0
185,28121,7,943,943,0
186,28245,8,944,944,0
187,28343,7,951,951,0
188,28426,7,951,951,0
189,28513,7,955,955,0
190,28662,7,956,956,0
191,28732,7,956,956,0
192,28815,6,965,965,0
193,28884,7,970,970,0
194,28975,7,975,975,0
195,29067,7,977,977,0
196,29158,8,978,978,0
197,29233,8,981,981,0
198,29326,8,996,996,0
199,29398,7,1002,1002,0
200,29480,8,1018,1018,0
201,29569,8,1021,1021,0
202,29667,7,1025,1025,0
203,29762,7,1030,1030,0
204,29858,8,1030,1030,0
205,29955,9,1033,1033,0
206,30102,69,1034,1034,0
207,30213,10,1040,1031,0
208,30304,8,1055,1026,8
209,30385,9,1059,1022,9
210,30487,7,1060,1018,10
211,30568,7,1063,1013,13
212,30669,8,1067,1017,13
213,30745,8,1070,1014,15
214,30830,8,1079,1014,15
215,30915,8,1081,998,35
216,31018,8,1090,986,44
217,31111,9,1096,982,48
218,31205,8,1097,980,51
219,31303,9,1101,979,53
220,31408,9,1107,969,65
221,31510,9,1110,968,64
222,31624,8,1110,955,66
223,31736,8,1109,932,83
224,31823,8,1109,928,86
225,31912,9,1117,933,88
226,31993,9,1118,919,103
227,32087,9,1121,906,113
228,32181,7,1119,886,120
229,32301,17,1123,874,130
230,32403,9,1126,857,141
231,32495,9,1131,855,144
232,32585,8,1131,853,146
233,32669,8,1141,864,145
234,32742,9,1141,864,145
235,32855,10,1144,867,145
236,32936,8,1145,868,145
237,33010,9,1155,878,145
238,33161,8,1160,883,145
239,33249,8,1175,898,145
240,33336,12,1175,898,145
241,33427,8,1175,898,145
242,33526,9,1182,905,142
243,33611,8,1188,913,140
244,33714,8,1191,918,138
245,33814,9,1190,920,135
246,33887,9,1191,921,135
247,33962,9,1191,921,135
248,34044,9,1191,921,135
249,34149,9,1199,929,135
250,34245,11,1201,931,135
251,34349,12,1204,934,135
252,34424,9,1204,934,135
253,34517,9,1206,936,135
254,34597,9,1207,937,135
255,34765,8,1209,939,135
256,34856,9,1210,940,135
257,34940,9,1210,940,135
258,35014,9,1213,943,135
259,35091,10,1220,950,135
260,35186,11,1220,950,135
261,35278,10,1222,952,135
262,35359,9,1232,962,135
263,35442,9,1233,963,135
264,35518,9,1247,977,135
265,35614,9,1248,975,137
266,35707,9,1252,970,143
267,35800,9,1258,946,168
268,35875,10,1260,940,171
269,35958,10,1263,940,173
270,36066,10,1273,945,178
271,36153,9,1280,949,181
272,36297,10,1290,948,190
273,36374,10,1295,939,200
274,36490,9,1297,916,223
275,36566,9,1300,903,230
276,36649,9,1299,898,230
277,36742,10,1305,897,234
278,36834,9,1304,897,232
279,36914,9,1307,897,234
280,37016,10,1307,895,235
281,37121,9,1311,883,249
282,37239,16,1309,867,262
283,37325,9,1311,864,264
284,37400,10,1311,849,274
285,37472,9,1322,856,278
286,37550,9,1333,855,289
287,37628,10,1330,856,285
288,37723,9,1329,856,283
289,37908,94,1329,850,287
290,37996,10,1338,849,297
291,38074,10,1347,852,303
292,38172,10,1345,851,304
293,38266,11,1353,861,301
294,38348,10,1354,862,301
295,38463,9,1353,862,300
296,38570,9,1354,865,298
297,38665,11,1354,865,298
298,38741,10,1355,862,302
299,38838,10,1361,863,305
300,38914,10,1364,857,312
301,38994,10,1370,858,317
302,39069,10,1369,855,317
303,39151,10,1373,858,318
304,39242,10,1380,861,321
305,39320,10,1392,870,324
306,39404,11,1391,858,336
307,39630,17,1396,844,348
308,39729,12,1393,824,366
309,39838,9,1394,817,374
310,39930,10,1398,818,375
311,40012,10,1399,812,381
312,40093,10,1408,816,383
313,40170,10,1409,814,383
314,40259,10,1412,812,384
315,40343,10,1413,809,387
316,40424,10,1413,809,387
317,40497,11,1426,817,391
318,40579,10,1435,819,397
319,40683,11,1431,813,399
320,40780,10,1435,806,410
321,40899,11,1445,814,412
322,40989,11,1449,818,412
323,41075,12,1457,826,407
324,41289,128,1458,827,407
325,41361,10,1454,825,399
326,41439,10,1474,842,401
327,41522,10,1475,832,409
328,41611,11,1482,838,408
329,41713,14,1483,837,407
330,41802,10,1484,838,407
331,41905,16,1491,835,412
332,42009,13,1500,838,416
333,42100,10,1500,837,412
334,42194,11,1504,834,417
335,42274,11,1505,835,417
336,42357,12,1525,849,421
337,42453,11,1532,851,424
338,42541,12,1545,861,427
339,42626,11,1555,868,430
340,42718,11,1553,864,430
341,42817,15,1554,863,431
342,43068,17,1564,863,441
343,43183,12,1564,860,440
344,43272,11,1568,863,438
345,43363,12,1571,866,438
346,43424,11,1577,872,436
347,43519,11,1583,879,435
348,43607,11,1577,879,429
349,43692,10,1580,883,428
350,43781,11,1582,885,428
351,43866,11,1587,887,433
352,43949,11,1583,884,432
353,44029,13,1584,880,435
354,44127,11,1582,871,440
355,44205,11,1584,875,438
356,44295,12,1587,870,446
357,44374,12,1597,874,451
358,44470,12,1599,868,459
359,44548,10,1608,869,466
360,44785,10,1611,862,480
361,44893,15,1608,856,485
362,44990,10,1619,863,487
363,45065,11,1622,866,487
364,45152,11,1619,863,488
365,45236,11,1615,854,499
366,45329,12,1619,857,500
367,45427,13,1620,858,500
368,45545,12,1626,862,500
369,45620,11,1632,869,493
370,45690,12,1647,883,493
371,45770,12,1644,885,488
372,45863,11,1650,886,491
373,45990,11,1655,888,493
374,46069,11,1659,892,490
375,46164,12,1659,891,493
376,46267,11,1662,892,495
377,46358,11,1674,904,494
378,46596,13,1678,900,503
379,46691,11,1682,897,510
380,46799,12,1685,880,529
381,46893,11,1691,866,550
382,47006,12,1693,847,570
383,47115,12,1696,833,592
384,47218,12,1698,823,604
385,47324,13,1699,801,628
386,47429,12,1710,790,657
387,47540,11,1713,769,684
388,47642,12,1711,754,699
389,47738,13,1712,755,699
390,47855,12,1710,757,695
391,47958,13,1711,759,694
392,48220,169,1708,759,691
393,48302,11,1702,759,685
394,48401,11,1701,762,681
395,48495,13,1704,768,677
396,48577,12,1725,789,676
397,48673,15,1735,801,673
398,48782,12,1732,802,669
399,48891,12,1731,804,666
400,48999,15,1725,815,649
401,49095,13,1721,815,645
402,49196,12,1722,816,643
403,49289,12,1717,817,637
404,49375,11,1715,821,628
405,49462,12,1717,824,627
406,49538,12,1726,833,627
407,49636,12,1725,834,625
408,49859,12,1724,824,632
409,49954,12,1724,809,652
410,50075,12,1729,788,679
411,50206,13,1730,765,704
412,50312,12,1729,743,729
413,50415,14,1734,722,756
414,50506,11,1736,709,774
415,50594,12,1737,692,791
416,50669,11,1743,681,806
417,50773,14,1743,671,816
418,50878,12,1753,675,823
419,50967,12,1759,676,829
420,51067,12,1764,656,858
421,51326,13,1769,654,864
422,51398,13,1769,645,884
423,51491,12,1767,633,894
424,51576,13,1769,626,903
425,51662,14,1774,633,901
426,51755,11,1785,646,899
427,51849,12,1787,639,907
428,51930,12,1789,637,909
429,52023,12,1790,630,916
430,52111,12,1787,619,920
431,52204,12,1788,605,941
432,52310,12,1787,590,960
433,52396,12,1787,585,967
434,52670,175,1797,593,968
435,52779,12,1797,578,984
436,52871,12,1797,571,992
437,52967,12,1800,562,1008
438,53067,16,1807,565,1017
439,53162,15,1811,568,1018
440,53244,19,1815,559,1032
441,53363,14,1828,552,1056
442,53450,14,1827,552,1055
443,53549,13,1831,556,1055
444,53654,12,1834,559,1055
445,53737,13,1834,560,1052
446,53826,13,1831,552,1058
447,54242,337,1840,548,1082
448,54338,12,1840,536,1096
449,54425,18,1846,533,1104
450,54514,13,1850,542,1099
451,54605,15,1850,540,1101
452,54687,13,1859,547,1104
453,54779,13,1862,550,1103
454,54879,14,1873,545,1111
455,54972,13,1878,550,1111
456,55070,13,1884,556,1107
457,55158,15,1886,551,1112
458,55265,15,1889,557,1108
459,55356,14,1892,554,1115
460,58319,2822,1893,467,1224
461,58414,14,1894,413,1281
462,58515,15,1894,414,1281
463,58617,14,1896,414,1282
464,58701,14,1900,421,1279
465,58796,14,1904,417,1289
466,58889,15,1903,409,1295
467,58983,15,1909,408,1299
468,59094,18,1909,410,1297
469,59194,15,1919,419,1298
470,59278,14,1922,422,1298
471,59380,17,1926,426,1296
472,59482,15,1933,430,1311
473,59631,57,1933,426,1318
474,59718,13,1937,428,1317
475,59801,13,1940,429,1319
476,59893,16,1949,436,1324
477,59984,14,1957,441,1331
478,60074,13,1962,449,1325
479,60182,14,1953,449,1316
480,60264,14,1963,459,1314
481,60352,13,1975,457,1324
482,60438,14,1973,455,1322
483,60530,22,1972,454,1323
484,60634,15,1984,464,1326
485,60730,14,1988,466,1328
486,60849,14,1991,468,1330
487,60936,13,1987,466,1326
488,61054,14,1981,464,1320
489,61156,13,1983,462,1316
490,61244,13,1983,461,1319
491,61347,15,1993,464,1327
492,61457,17,1994,457,1336
493,61542,16,1994,457,1336
494,61681,15,1995,446,1345
495,61832,48,2003,447,1355
496,61941,15,2005,448,1358
497,62031,14,2006,445,1366
498,62143,17,2006,446,1364
499,62267,13,2009,447,1368
500,62366,14,2006,445,1367
501,62458,14,2004,444,1365
502,62546,15,2012,449,1365
503,62639,14,2008,448,1362
504,62769,14,2018,455,1365
505,62854,14,2029,458,1370
506,62962,18,2039,464,1368
507,63058,15,2045,467,1374
508,63150,20,2052,471,1369
509,63231,22,2063,481,1374
510,63340,15,2076,488,1379
511,63412,14,2081,488,1384
512,63598,22,2074,490,1376
513,63706,15,2079,496,1376
514,63778,15,2080,497,1371
515,63869,14,2084,504,1368
516,63963,13,2088,507,1368
517,64060,14,2088,506,1372
518,64160,19,2093,510,1372
519,64258,15,2094,511,1372
520,64350,15,2088,499,1377
521,64445,15,2092,497,1383
522,64530,16,2110,515,1382
523,64630,21,2124,531,1380
524,64726,16,2125,533,1377
525,64893,15,2138,541,1381
526,64984,17,2138,541,1381
527,65101,16,2137,542,1378
528,65187,14,2144,548,1373
529,65281,17,2144,547,1374
530,65375,14,2144,547,1374
531,65452,15,2154,557,1374
532,65550,17,2154,559,1372
533,65641,16,2158,564,1368
534,65731,17,2150,561,1364
535,65805,14,2157,567,1363
536,65895,15,2157,567,1363
537,65988,16,2155,575,1349
538,66145,16,2155,574,1350
539,66246,15,2155,573,1350
540,66323,15,2165,583,1349
541,66411,15,2165,576,1357
542,66509,16,2170,582,1356
543,66603,15,2178,587,1353
544,66706,18,2179,581,1357
545,66799,16,2186,589,1356
546,66887,17,2204,605,1357
547,66970,16,2206,607,1357
548,67056,16,2207,604,1362
549,67146,18,2218,620,1353
550,67229,15,2234,629,1353
551,67407,14,2232,629,1352
552,67491,15,2232,627,1354
553,67586,19,2238,635,1352
554,67673,16,2238,635,1352
555,67765,16,2230,634,1344
556,67847,16,2240,644,1342
557,67922,16,2241,645,1342
558,67999,16,2242,637,1352
559,68089,17,2249,652,1344
560,68190,15,2249,649,1346
561,68272,15,2250,651,1346
562,68372,15,2252,654,1344
563,68464,16,2259,659,1347
564,68637,101,2272,670,1347
565,68730,23,2274,667,1347
566,68811,22,2275,667,1349
567,68906,15,2273,664,1350
568,68981,16,2275,665,1350
569,69057,20,2276,665,1351
570,69133,16,2285,673,1352
571,69225,16,2282,670,1354
572,69324,16,2280,670,1353
573,69409,16,2276,671,1350
574,69503,16,2273,672,1345
575,69594,16,2274,674,1344
576,69691,16,2274,674,1342
577,69789,18,2279,679,1343
578,69953,99,2279,677,1345
579,70047,15,2288,684,1342
580,70137,16,2287,689,1336
581,70226,17,2283,689,1332
582,70324,16,2283,686,1337
583,70418,18,2284,689,1335
584,70506,17,2282,687,1333
585,70588,17,2283,687,1333
586,70665,16,2290,693,1336
587,70772,18,2290,693,1335
588,70863,16,2291,692,1338
589,70952,16,2291,690,1337
590,71047,15,2289,691,1334
591,71133,16,2287,689,1334
592,71324,113,2289,692,1331
593,71408,16,2289,685,1343
594,71485,16,2288,683,1346
595,71579,15,2293,687,1346
596,71666,15,2297,690,1346
597,71742,15,2300,693,1346
598,71836,16,2306,697,1348
599,71919,16,2310,700,1349
600,72017,17,2307,700,1346
601,72099,18,2302,699,1344
602,72183,16,2303,696,1344
603,72262,17,2305,700,1341
604,72362,16,2303,699,1339
605,72470,16,2303,697,1340
606,72559,17,2312,706,1340
607,72751,15,2319,712,1340
608,72830,18,2326,719,1340
609,72918,19,2329,721,1341
610,73009,16,2334,725,1341
611,73097,16,2333,725,1340
612,73187,16,2332,725,1334
613,73282,16,2332,722,1336
614,73378,17,2332,713,1341
615,73480,16,2332,708,1347
616,73565,16,2334,707,1347
617,73660,16,2338,713,1345
618,73763,25,2337,715,1340
619,73869,17,2338,715,1341
620,73964,20,2352,730,1340
621,74038,17,2365,743,1340
622,74241,17,2367,736,1353
623,74326,16,2371,740,1353
624,74412,16,2380,748,1353
625,74490,17,2385,749,1352
626,74569,17,2384,749,1351
627,74656,18,2392,757,1351
628,74741,18,2407,772,1351
629,74857,17,2406,773,1349
630,74938,17,2411,780,1347
631,75030,17,2411,770,1360
632,75129,16,2413,777,1353
633,75223,17,2415,779,1353
634,75309,17,2414,779,1352
635,75395,17,2417,779,1352
636,75483,17,2413,772,1355
637,75699,144,2412,773,1352
638,75799,17,2415,776,1352
639,75882,17,2413,769,1356
640,75967,16,2413,770,1355
641,76059,21,2419,775,1356
642,76150,17,2418,773,1357
643,76244,17,2427,779,1359
644,76328,16,2435,787,1356
645,76422,16,2436,787,1355
646,76517,17,2446,797,1355
647,76604,18,2446,798,1354
648,76716,17,2446,789,1369
649,76833,17,2446,782,1378
650,76928,17,2450,781,1385
651,77040,18,2456,769,1407
652,77311,174,2457,733,1446
653,77408,17,2459,715,1468
654,77507,17,2460,703,1482
655,77604,16,2468,704,1490
656,77696,17,2469,699,1503
657,77790,16,2490,706,1523
658,77883,17,2489,703,1530
659,77984,17,2496,685,1560
660,78081,17,2501,676,1578
661,78171,18,2505,683,1575
662,78281,17,2503,683,1573
663,78406,23,2504,669,1581
664,78520,19,2500,652,1594
665,78604,19,2506,653,1601
666,78700,20,2504,644,1609
667,78946,16,2497,622,1632
668,79038,17,2498,617,1640
669,79132,17,2503,616,1648
670,79223,18,2501,613,1647
671,79326,19,2503,615,1646
672,79425,17,2502,609,1652
673,79524,17,2504,605,1662
674,79617,17,2509,609,1667
675,79724,16,2504,599,1673
676,79833,17,2508,602,1673
677,79932,17,2518,606,1680
678,80026,17,2524,594,1701
679,80133,20,2524,586,1711
680,80229,19,2524,573,1723
681,80467,163,2531,572,1740
682,80570,17,2540,578,1737
683,80676,18,2543,574,1745
684,80783,19,2538,572,1740
685,80886,17,2547,572,1745
686,80976,17,2554,575,1746
687,81073,17,2552,572,1752
688,81196,19,2559,564,1768
689,81290,20,2557,567,1763
690,81385,17,2560,577,1749
691,81493,16,2569,583,1749
692,81606,21,2579,584,1759
693,81862,178,2586,577,1778
694,81967,24,2592,575,1780
695,82062,19,2601,577,1790
696,82168,17,2603,574,1797
697,82266,17,2606,572,1800
698,82357,17,2617,581,1794
699,82463,19,2617,580,1796
700,82555,20,2616,580,1795
701,82665,21,2617,581,1795
702,82760,18,2618,567,1815
703,82865,19,2625,561,1832
704,82972,19,2626,537,1861
705,83237,179,2634,531,1876
706,83344,19,2635,524,1882
707,83428,18,2639,524,1882
708,83520,18,2639,515,1892
709,83610,18,2644,520,1893
710,83707,18,2645,512,1908
711,83784,18,2647,514,1905
712,83868,18,2647,508,1910
713,83960,18,2651,515,1903
714,84095,27,2651,516,1899
715,84200,25,2651,516,1899
716,84301,18,2652,520,1896
717,84582,18,2653,499,1921
718,84684,22,2657,493,1930
719,84785,19,2657,484,1940
720,84868,17,2657,477,1940
721,84951,20,2656,478,1937
722,85033,19,2665,479,1945
723,85130,20,2665,469,1960
724,85229,18,2667,470,1961
725,85333,19,2667,471,1960
726,85425,19,2667,470,1962
727,85520,19,2668,469,1964
728,85780,20,2670,473,1961
729,85889,19,2668,473,1959
730,85964,19,2665,473,1956
731,86077,19,2663,475,1952
732,86170,19,2663,475,1952
733,86264,18,2663,475,1952
734,86365,20,2664,476,1952
735,86459,19,2666,478,1951
736,86562,19,2666,479,1950
737,86665,19,2671,492,1939
738,86766,19,2668,492,1936
739,86995,137,2672,496,1933
740,87099,20,2689,513,1933
741,87196,19,2690,514,1933
742,87297,18,2698,524,1931
743,87391,18,2706,534,1929
744,87485,21,2709,537,1929
745,87584,18,2718,546,1929
746,87701,23,2719,547,1929
747,87808,18,2722,550,1926
748,87900,18,2721,550,1925
749,88008,25,2722,551,1923
750,88255,165,2722,551,1923
751,88365,20,2736,563,1922
752,88464,19,2757,582,1925
753,88570,19,2757,575,1936
754,88685,21,2756,564,1955
755,88787,24,2763,565,1963
756,88900,25,2771,556,1977
757,89021,21,2772,554,1976
758,89135,22,2773,545,1977
759,89252,24,2777,546,1980
760,89380,21,2779,542,1986
761,89703,191,2779,538,1991
762,89798,23,2780,524,2012
763,89893,18,2779,524,2008
764,89981,19,2781,523,2011
765,90079,19,2781,516,2020
766,90185,18,2788,517,2022
767,90269,19,2800,527,2025
768,90384,25,2801,525,2027
769,90501,22,2811,535,2020
770,90601,19,2815,539,2016
771,90696,23,2814,539,2013
772,90798,19,2815,542,2010
773,91069,21,2822,544,2017
774,91156,19,2822,544,2017
775,91251,19,2825,545,2022
776,91346,20,2829,545,2025
777,91438,21,2837,552,2026
778,91554,20,2841,552,2028
779,91657,20,2844,551,2035
780,91777,23,2846,548,2042
781,91870,19,2842,548,2038
782,91965,20,2847,553,2040
783,92051,20,2849,552,2044
784,92334,200,2849,539,2061
785,92454,20,2853,543,2062
786,92534,20,2861,550,2063
787,92632,21,2874,562,2067
788,92731,20,2874,560,2069
789,92825,19,2874,559,2069
790,92915,22,2878,563,2068
791,93024,20,2879,564,2068
792,93153,21,2878,563,2069
793,93241,20,2879,564,2069
794,93366,21,2884,568,2066
795,93488,20,2884,568,2064
796,93809,19,2890,559,2081
797,93893,23,2908,575,2084
798,93992,20,2908,565,2095
799,94105,19,2907,564,2094
800,94203,20,2906,563,2093
801,94301,21,2909,566,2093
802,94400,21,2909,555,2104
803,94517,24,2909,545,2117
804,94611,21,2915,549,2117
805,94695,21,2916,550,2117
806,94792,21,2920,554,2117
807,94885,20,2919,552,2117
808,95125,21,2922,543,2130
809,95226,20,2925,540,2139
810,95317,21,2933,541,2147
811,95407,21,2932,541,2143
812,95493,21,2934,541,2145
813,95580,20,2934,535,2158
814,95667,21,2935,535,2163
815,95753,21,2930,535,2158
816,95832,20,2930,535,2158
817,95919,21,2928,535,2156
818,96009,19,2934,539,2156
819,96103,25,2938,543,2156
820,96374,22,2934,538,2156
821,96470,20,2939,543,2148
822,96571,22,2941,544,2149
823,96652,22,2941,543,2150
824,96749,20,2949,550,2150
825,96840,21,2953,555,2149
826,96948,25,2950,553,2147
827,97036,21,2962,565,2145
828,97161,22,2962,564,2146
829,97268,21,2960,549,2158
830,97371,21,2966,555,2164
831,97477,28,2967,554,2167
832,99904,22,2968,510,2213
833,99989,22,2969,511,2212
834,100088,22,2966,511,2209
835,100179,20,2966,511,2209
836,100277,20,2963,508,2208
837,100371,23,2962,507,2209
838,100471,26,2968,507,2213
839,100577,24,2966,506,2213
840,100661,23,2979,525,2205
841,100746,21,2974,524,2202
842,100846,21,2980,529,2200
843,100934,21,2987,538,2198
844,101035,23,2988,543,2191
845,101178,24,2988,545,2188
846,101257,22,2990,547,2186
847,101341,20,3000,557,2186
848,101435,19,3000,556,2187
849,101530,21,3000,554,2189
850,101627,21,3001,554,2189
851,101716,21,3008,560,2190
852,101808,21,3002,555,2190
853,101905,21,3003,553,2194
854,102003,22,3006,553,2191
855,102103,20,3007,553,2191
856,102221,20,2998,553,2182
857,102343,21,2998,554,2181
858,102445,20,3002,558,2181
859,102563,20,2998,550,2189
860,102673,24,2998,550,2189
861,102762,22,2997,551,2187
862,102854,22,2994,552,2183
863,102949,21,3003,561,2183
864,103051,24,3008,567,2180
865,103158,20,3008,565,2186
866,103253,23,3005,561,2187
867,103337,20,3013,570,2184
868,103433,22,3016,570,2190
869,103610,97,3019,570,2195
870,103726,28,3029,578,2198
871,103816,20,3028,582,2197
872,103911,22,3030,584,2197
873,104030,21,3027,582,2199
874,104114,21,3028,577,2206
875,104221,25,3030,579,2205
876,104314,23,3028,580,2202
877,104409,21,3024,580,2198
878,104502,21,3040,596,2193
879,104608,22,3039,597,2192
880,104795,106,3040,602,2188
881,104909,29,3040,602,2188
882,105017,22,3040,602,2188
883,105120,21,3039,602,2187
884,105216,22,3038,601,2187
885,105309,20,3048,609,2185
886,105404,22,3058,619,2180
887,105503,22,3063,624,2177
888,105590,23,3064,626,2169
889,105710,20,3064,626,2169
890,105813,22,3064,629,2163
891,105898,22,3064,629,2163
892,106046,21,3062,628,2162
893,106147,24,3063,633,2157
894,106247,22,3068,637,2157
895,106347,22,3067,637,2156
896,106431,21,3079,649,2156
897,106526,24,3083,649,2162
898,106632,21,3084,650,2162
899,106735,20,3082,646,2164
900,106857,23,3081,644,2160
901,106982,28,3081,625,2186
902,107078,22,3091,626,2197
903,107230,23,3100,640,2192
904,107334,22,3100,624,2211
905,107439,20,3099,601,2230
906,107548,21,3100,587,2252
907,107663,23,3096,578,2257
908,107777,20,3095,556,2282
909,107876,21,3099,554,2291
910,107977,22,3101,550,2295
911,108082,22,3103,551,2302
912,108186,23,3101,548,2306
913,108268,21,3111,553,2312
914,108436,21,3112,513,2358
915,108546,21,3116,514,2368
916,108649,22,3119,510,2373
917,108744,24,3137,528,2370
918,108856,23,3132,528,2365
919,108950,21,3131,519,2375
920,109044,21,3126,514,2379
921,109153,21,3126,510,2381
922,109270,21,3127,498,2394
923,109381,23,3126,487,2406
924,109494,25,3128,476,2420
925,109661,88,3139,471,2437
926,109769,22,3139,458,2455
927,109882,26,3140,442,2472
928,109968,21,3142,437,2482
929,110071,24,3142,431,2490
930,110168,23,3146,425,2500
931,110276,27,3143,408,2521
932,110397,21,3145,394,2538
933,110492,23,3159,406,2538
934,110599,24,3159,408,2531
935,110694,23,3161,408,2539
936,110792,24,3162,403,2547
937,111003,22,3164,399,2553
938,111100,23,3163,385,2571
939,111191,22,3178,390,2581
940,111288,21,3175,387,2578
941,111380,24,3176,389,2576
942,111486,22,3175,386,2578
943,111589,21,3178,389,2577
944,111690,21,3178,389,2577
945,111798,23,3184,396,2575
946,111896,24,3187,399,2573
947,111996,22,3195,401,2591
948,112097,22,3200,399,2597
949,112289,124,3201,395,2606
950,112386,22,3201,386,2615
951,112479,21,3199,385,2616
952,112580,22,3203,387,2618
953,112698,24,3211,396,2617
954,112801,24,3210,392,2621
955,112891,22,3208,391,2621
956,112984,23,3216,394,2620
957,113080,22,3215,394,2620
958,113179,22,3219,402,2614
959,113290,23,3230,413,2606
960,113404,22,3233,396,2628
961,113612,127,3235,382,2646
962,113732,22,3239,385,2644
963,113825,21,3234,381,2643
964,113913,24,3233,382,2641
965,114007,22,3237,369,2654
966,114094,21,3235,369,2652
967,114191,22,3235,365,2656
968,114294,23,3234,356,2669
969,114396,23,3235,357,2669
970,114492,23,3242,365,2668
971,114605,21,3242,365,2668
972,114701,22,3258,379,2665
973,114808,27,3263,380,2671
974,115024,121,3264,381,2668
975,115107,29,3271,386,2665
976,115219,28,3281,395,2665
977,115333,24,3284,401,2659
978,115435,24,3284,399,2663
979,115549,23,3285,399,2669
980,115640,23,3292,407,2670
981,115738,23,3299,414,2668
982,115838,23,3299,408,2676
983,115931,24,3297,408,2674
984,116024,24,3300,409,2676
985,116122,23,3316,424,2666
986,116228,24,3317,430,2657
987,116427,138,3324,437,2656
988,116515,22,3323,437,2655
989,116596,23,3324,437,2656
990,116689,23,3336,449,2652
991,116788,23,3334,440,2662
992,116878,22,3335,438,2664
993,116992,22,3337,440,2664
994,117103,24,3337,426,2681
995,117210,29,3338,424,2682
996,117318,22,3347,432,2683
997,117408,22,3346,428,2691
998,117500,23,3363,444,2692
999,117590,23,3373,455,2688
1000,117680,26,3388,472,2686
1001,117914,154,3394,476,2690
1002,118010,23,3402,484,2688
1003,118110,22,3393,484,2679
1004,118205,28,3395,490,2675
1005,118320,25,3397,493,2673
1006,118427,24,3393,487,2677
1007,118533,22,3395,488,2678
1008,118634,23,3405,498,2678
1009,118715,23,3410,503,2678
1010,118816,24,3413,506,2678
1011,118913,26,3411,506,2676
1012,119006,24,3424,519,2675
1013,119110,23,3425,519,2682
1014,119246,55,3430,512,2690
1015,119508,25,3430,512,2690
1016,119617,30,3427,513,2685
1017,119712,24,3432,518,2685
1018,119812,23,3431,518,2684
1019,119916,23,3431,513,2691
1020,120017,24,3432,511,2694
1021,120122,24,3432,509,2696
1022,120221,23,3443,520,2695
1023,120344,26,3441,518,2696
1024,120447,31,3441,515,2699
1025,120551,27,3440,511,2700
1026,120666,29,3440,492,2720
1027,120934,159,3439,492,2719
1028,121034,26,3439,491,2720
1029,121128,25,3437,498,2705
1030,121229,22,3444,505,2705
1031,121311,25,3445,505,2706
1032,121422,24,3446,510,2698
1033,121528,24,3447,510,2699
1034,121618,24,3446,511,2696
1035,121704,23,3447,512,2696
1036,121798,23,3441,512,2690
1037,121910,24,3438,507,2699
1038,122005,23,3439,501,2701
1039,122102,25,3445,497,2714
1040,122205,24,3448,500,2714
1041,122446,23,3445,500,2711
1042,122523,23,3445,494,2717
1043,122615,23,3444,492,2719
1044,122727,27,3444,492,2719
1045,122821,23,3455,502,2720
1046,122933,31,3452,495,2727
1047,123058,24,3457,499,2726
1048,123167,36,3458,499,2727
1049,123337,49,3465,497,2732
1050,123480,27,3459,486,2737
1051,123597,24,3466,493,2737
1052,123685,25,3465,493,2736
1053,123938,182,3469,490,2743
1054,124030,23,3469,488,2746
1055,124129,24,3473,488,2752
1056,124240,23,3472,486,2753
1057,124334,24,3474,481,2760
1058,124435,24,3474,477,2764
1059,124520,24,3475,478,2764
1060,124617,27,3483,486,2764
1061,124704,25,3500,502,2766
1062,124803,24,3500,502,2766
1063,124889,25,3509,503,2777
1064,124999,24,3516,513,2772
1065,125213,152,3518,513,2770
1066,125316,26,3517,510,2771
1067,125429,30,3524,516,2772
1068,125543,30,3531,523,2769
1069,125646,24,3536,528,2769
1070,125740,24,3535,528,2768
1071,125846,25,3535,528,2768
1072,125942,27,3530,522,2770
1073,126044,24,3529,520,2769
1074,126139,27,3529,519,2770
1075,126239,25,3540,530,2766
1076,126341,27,3543,533,2765
1077,126590,22,3543,530,2770
1078,126677,25,3544,529,2775
1079,126785,25,3544,527,2777
1080,126876,24,3545,527,2776
1081,126980,25,3545,526,2776
1082,127070,25,3545,525,2779
1083,127175,23,3548,529,2778
1084,127292,24,3541,530,2769
1085,127384,25,3540,530,2768
1086,127494,25,3547,537,2768
1087,127589,25,3551,540,2767
1088,127813,157,3552,543,2765
1089,127927,25,3555,548,2763
1090,128018,27,3553,548,2761
1091,128129,25,3553,548,2761
1092,128214,25,3548,548,2756
1093,128310,27,3549,549,2752
1094,128412,25,3557,557,2752
1095,128509,25,3556,557,2751
1096,128596,24,3563,564,2751
1097,128696,25,3562,564,2750
1098,128793,26,3571,573,2748
1099,128905,27,3574,577,2745
1100,129146,26,3578,584,2739
1101,129240,27,3578,585,2736
1102,129343,25,3573,585,2731
1103,129434,26,3577,589,2731
1104,129516,25,3577,589,2731
1105,129617,24,3579,591,2731
1106,129717,25,3575,591,2727
1107,129809,26,3573,591,2725
1108,129936,29,3575,593,2725
1109,130043,25,3577,596,2723
1110,130146,26,3577,595,2723
1111,130352,148,3585,598,2725
1112,130493,30,3584,597,2726
1113,130603,25,3587,590,2737
1114,130688,28,3595,598,2732
1115,130782,26,3596,598,2740
1116,130870,24,3606,606,2739
1117,130972,25,3608,606,2739
1118,131063,28,3608,608,2737
1119,131154,25,3608,608,2737
1120,131246,24,3627,627,2735
1121,131351,30,3628,628,2735
1122,131433,25,3632,624,2737
1123,131677,24,3629,614,2742
1124,131768,26,3633,620,2740
1125,131872,25,3638,623,2742
1126,131968,25,3650,633,2737
1127,132070,26,3653,633,2742
1128,132154,25,3657,640,2738
1129,132260,25,3658,640,2738
1130,132369,26,3661,643,2738
1131,132476,25,3660,644,2734
1132,132575,25,3664,648,2734
1133,132671,26,3664,645,2735
1134,132909,25,3664,634,2746
1135,133020,24,3664,634,2746
1136,133115,24,3664,633,2747
1137,133203,25,3664,631,2747
1138,133308,25,3664,628,2750
1139,133413,25,3671,632,2754
1140,133498,26,3681,640,2754
1141,133590,27,3681,639,2757
1142,133692,24,3690,647,2756
1143,133779,25,3699,656,2755
1144,133893,27,3701,657,2754
1145,134129,154,3702,659,2751
1146,134215,25,3703,659,2754
1147,134341,27,3703,655,2759
1148,134448,25,3701,657,2755
1149,134548,26,3695,655,2750
1150,134649,25,3695,643,2763
1151,134751,26,3706,652,2760
1152,134857,26,3706,652,2760
1153,134949,31,3708,654,2760
1154,135062,31,3708,654,2760
1155,135150,26,3726,670,2762
1156,135399,173,3732,674,2766
1157,135494,24,3740,679,2767
1158,135590,26,3740,679,2767
1159,135699,35,3748,687,2766
1160,135808,28,3748,675,2768
1161,135916,28,3748,675,2768
1162,136003,26,3752,679,2767
1163,136098,25,3752,679,2767
1164,136200,26,3753,679,2773
1165,136289,27,3758,684,2768
1166,136393,29,3757,681,2767
1167,136507,29,3757,684,2761
1168,136746,27,3762,674,2777
1169,136873,27,3764,656,2809
1170,136987,28,3772,648,2833
1171,137105,29,3775,636,2847
1172,137214,25,3782,631,2859
1173,137328,27,3784,621,2874
1174,137437,28,3780,613,2879
1175,137543,26,3781,599,2894
1176,137645,26,3789,597,2905
1177,137759,27,3789,590,2912
1178,137875,27,3789,580,2926
1179,138126,26,3795,555,2963
1180,138210,26,3797,551,2965
1181,138317,25,3803,551,2971
1182,138422,27,3804,551,2970
1183,138533,26,3804,542,2986
1184,138638,26,3804,526,3006
1185,138727,28,3810,529,3011
1186,138837,28,3813,517,3028
1187,138935,29,3816,515,3040
1188,139025,25,3817,516,3040
1189,139128,26,3823,521,3038
1190,139241,27,3823,519,3040
1191,141560,27,3822,355,3252
1192,141670,27,3821,356,3250
1193,141806,30,3824,350,3263
1194,141993,29,3824,350,3263
1195,142102,27,3835,363,3261
1196,142212,26,3836,364,3261
1197,142324,28,3847,378,3255
1198,142437,28,3850,366,3273
1199,142541,26,3850,366,3273
1200,142653,27,3850,365,3275
1201,142748,26,3850,367,3272
1202,142854,28,3849,355,3291
1203,142975,27,3849,355,3291
1204,143086,27,3851,350,3308
1205,143186,26,3849,340,3324
1206,143285,26,3848,336,3336
1207,143389,26,3850,327,3343
1208,143492,25,3858,318,3360
1209,143588,26,3862,322,3360
1210,143713,36,3859,321,3359
1211,143808,26,3868,336,3351
1212,143914,28,3867,328,3364
1213,144031,28,3868,328,3364
1214,144140,58,3879,337,3361
1215,144231,26,3879,337,3361
1216,144338,27,3884,342,3361
1217,144428,26,3892,343,3369
1218,144527,26,3901,338,3374
1219,144626,26,3905,341,3375
1220,144730,25,3906,342,3375
1221,144841,28,3906,337,3384
1222,144950,27,3907,338,3383
1223,145054,26,3912,343,3383
1224,145154,26,3912,343,3383
1225,145295,66,3919,341,3383
1226,145390,26,3926,348,3381
1227,145498,26,3922,347,3382
1228,145610,28,3918,335,3391
1229,145716,26,3915,333,3390
1230,145829,28,3925,342,3391
1231,145939,28,3924,343,3387
1232,146071,32,3924,343,3387
1233,146181,27,3938,357,3384
1234,146296,28,3936,350,3389
1235,146403,28,3934,352,3385
1236,146551,26,3926,352,3379
1237,146654,27,3927,353,3378
1238,146770,26,3928,351,3381
1239,146864,27,3935,357,3383
1240,146966,27,3933,357,3381
1241,147076,36,3943,367,3380
1242,147187,33,3951,375,3378
1243,147297,30,3950,366,3397
1244,147409,25,3952,360,3403
1245,147493,25,3958,366,3403
1246,147648,25,3970,378,3401
1247,147750,27,3967,373,3408
1248,147852,28,3974,380,3405
1249,147957,30,3970,380,3401
1250,148058,29,3976,384,3400
1251,148157,25,3976,384,3400
1252,148255,27,3974,381,3403
1253,148361,26,3987,387,3407
1254,148466,29,3982,382,3410
1255,148577,25,3982,384,3406
1256,148743,87,3979,379,3408
1257,148851,26,3976,375,3410
1258,148961,27,3979,379,3409
1259,149055,27,3977,380,3406
1260,149163,28,3980,383,3405
1261,149268,26,3980,383,3405
1262,149371,27,3983,385,3405
1263,149466,26,3979,385,3401
1264,149568,27,3985,391,3402
1265,149676,27,3982,394,3396
1266,149831,85,3979,390,3396
1267,149927,25,3984,397,3391
1268,150030,26,3988,399,3392
1269,150136,33,3989,393,3398
1270,150259,27,3989,392,3398
1271,150353,26,4007,411,3387
1272,150444,27,4028,432,3387
1273,150552,30,4032,433,3392
1274,150648,27,4031,432,3390
1275,150761,26,4036,436,3388
1276,150849,28,4036,436,3388
1277,151051,27,4036,436,3388
1278,151131,28,4036,436,3388
1279,151228,27,4036,436,3388
1280,151317,25,4041,441,3387
1281,151399,27,4041,428,3402
1282,151511,26,4044,428,3403
1283,151601,28,4048,433,3400
1284,151696,29,4049,432,3405
1285,151789,27,4049,432,3405
1286,151883,27,4050,432,3406
1287,152057,99,4050,430,3408
1288,152152,27,4054,433,3404
1289,152247,34,4058,437,3404
1290,152343,27,4061,442,3402
1291,152443,30,4063,444,3400
1292,152539,29,4059,437,3404
1293,152627,27,4073,451,3402
1294,152724,29,4073,450,3403
1295,152835,29,4083,455,3408
1296,152936,27,4093,458,3414
1297,153042,28,4093,458,3413
1298,153132,29,4095,460,3411
1299,153334,134,4093,456,3413
1300,153431,29,4095,458,3412
1301,153521,28,4105,469,3411
1302,153625,27,4104,467,3410
1303,153735,30,4100,468,3405
1304,153834,28,4106,475,3403
1305,153940,28,4108,477,3403
1306,154050,26,4109,471,3410
1307,154157,27,4109,471,3410
1308,154252,28,4109,458,3425
1309,154363,37,4109,458,3425
1310,154582,129,4107,456,3426
1311,154679,26,4115,459,3432
1312,154771,29,4122,466,3427
1313,154877,30,4124,468,3425
1314,154983,27,4120,462,3425
1315,155078,28,4126,462,3431
1316,155202,25,4126,464,3424
1317,155303,28,4143,481,3419
1318,155401,34,4151,487,3422
1319,155497,27,4156,492,3422
1320,155606,29,4153,492,3419
1321,155709,27,4148,486,3420
1322,155914,134,4145,488,3419
1323,156012,27,4155,497,3418
1324,156109,27,4163,504,3417
1325,156212,27,4175,517,3412
1326,156338,31,4173,518,3409
1327,156447,42,4166,517,3403
1328,156545,26,4173,524,3403
1329,156645,28,4181,531,3409
1330,156748,27,4182,532,3405
1331,156864,27,4182,538,3398
1332,156947,29,4182,538,3398
1333,157044,29,4190,541,3402
1334,157252,140,4197,545,3406
1335,157348,28,4197,538,3417
1336,157477,29,4203,539,3427
1337,157603,28,4203,539,3427
1338,157708,27,4203,540,3424
1339,157808,28,4203,540,3424
1340,157912,28,4204,538,3424
1341,158021,27,4199,538,3419
1342,158123,32,4198,538,3418
1343,158214,30,4200,541,3417
1344,158295,29,4197,541,3414
1345,158397,30,4193,542,3408
1346,158518,33,4194,531,3423
1347,158757,154,4195,531,3422
1348,158883,29,4195,530,3421
1349,158977,29,4195,528,3425
1350,159081,29,4193,528,3423
1351,159172,27,4193,528,3423
1352,159264,29,4194,527,3423
1353,159357,29,4198,532,3419
1354,159456,29,4200,531,3422
1355,159563,29,4210,540,3419
1356,159652,28,4209,540,3418
1357,159758,29,4211,539,3425
1358,159885,36,4214,540,3424
1359,159977,28,4215,533,3431
1360,160185,28,4215,531,3433
1361,160283,28,4214,531,3432
1362,160429,47,4223,538,3434
1363,160520,30,4231,546,3430
1364,160615,29,4241,556,3427
1365,160713,30,4242,557,3426
1366,160831,29,4251,568,3422
1367,160927,28,4248,568,3419
1368,161035,30,4255,573,3419
1369,161132,28,4250,573,3414
1370,161225,28,4250,568,3423
1371,161334,28,4254,569,3427
1372,161598,191,4249,569,3422
1373,161701,27,4248,568,3423
1374,161803,29,4245,568,3420
1375,161908,29,4247,569,3419
1376,162013,28,4246,571,3414
1377,162119,34,4244,572,3411
1378,162223,27,4250,578,3407
1379,162323,28,4253,580,3405
1380,162425,28,4252,580,3404
1381,162520,29,4252,580,3404
1382,162632,34,4251,576,3409
1383,162733,30,4251,576,3409
1384,162837,34,4252,577,3409
1385,163104,190,4259,584,3408
1386,163203,29,4275,600,3404
1387,163313,28,4273,600,3399
1388,163432,29,4270,600,3396
1389,163536,30,4261,600,3387
1390,163627,29,4261,600,3387
1391,163757,29,4261,600,3387
1392,163866,29,4260,589,3386
1393,163958,29,4263,584,3392
1394,164059,31,4264,585,3393
1395,164161,28,4265,586,3393
1396,164259,29,4262,586,3390
1397,164462,145,4263,583,3396
1398,164578,30,4263,582,3399
1399,164675,30,4260,582,3396
1400,164766,30,4254,582,3390
1401,164856,28,4254,583,3389
1402,164955,30,4265,594,3386
1403,165048,29,4267,591,3386
1404,165161,28,4268,592,3386
1405,165256,29,4275,596,3391
1406,165355,29,4289,610,3391
1407,165458,29,4289,610,3391
1408,165550,27,4289,604,3391
1409,165830,29,4289,597,3398
1410,165943,30,4290,597,3401
1411,166034,28,4294,600,3402
1412,166151,39,4294,595,3408
1413,166279,38,4295,594,3410
1414,166381,29,4297,597,3408
1415,166482,29,4294,598,3404
1416,166582,29,4294,598,3404
1417,166690,28,4299,604,3399
1418,166814,28,4302,594,3414
1419,166943,31,4304,593,3419
1420,167209,35,4304,566,3454
1421,167314,29,4303,544,3483
1422,167438,33,4302,528,3503
1423,167548,30,4303,529,3502
1424,167649,30,4312,524,3508
1425,167755,32,4311,511,3524
1426,167888,32,4319,508,3536
1427,167997,30,4320,510,3534
1428,168105,31,4321,512,3531
1429,168232,41,4330,497,3553
1430,168349,29,4338,485,3577
1431,168583,155,4345,478,3596
1432,168693,32,4356,489,3595
1433,168795,28,4359,478,3608
1434,168930,30,4363,466,3628
1435,169042,34,4370,473,3628
1436,169161,30,4370,460,3647
1437,169271,31,4364,456,3646
1438,169387,30,4360,449,3649
1439,169514,31,4360,450,3647
1440,169628,29,4363,453,3647
1441,169737,32,4356,453,3640
1442,169993,180,4357,454,3638
1443,170091,34,4357,454,3638
1444,170193,27,4365,462,3637
1445,170302,31,4371,469,3636
1446,170413,29,4369,470,3633
1447,170527,30,4384,485,3631
1448,170621,28,4391,494,3629
1449,170735,32,4391,495,3626
1450,170841,29,4391,495,3626
1451,170945,33,4396,497,3623
1452,171041,31,4397,498,3623
1453,171286,165,4397,498,3623
1454,171378,30,4400,501,3623
1455,171487,29,4400,501,3623
1456,171597,30,4403,504,3615
1457,171712,30,4404,497,3622
1458,171807,30,4404,487,3631
1459,171978,32,4407,475,3651
1460,172095,29,4413,479,3657
1461,172204,31,4418,484,3652
1462,172308,30,4421,475,3663
1463,172412,34,4433,480,3671
1464,172646,164,4431,472,3679
1465,172745,32,4428,473,3675
1466,172868,35,4433,476,3675
1467,172976,32,4432,477,3673
1468,173070,32,4434,478,3675
1469,173180,29,4434,480,3672
1470,173285,28,4439,475,3677
1471,173382,29,4440,475,3681
1472,173509,31,4448,483,3681
1473,173619,31,4453,483,3691
1474,173714,30,4458,473,3707
1475,173945,147,4456,472,3711
1476,174075,37,4458,447,3754
1477,174181,31,4459,450,3744
1478,174299,29,4459,437,3757
1479,174401,32,4459,430,3766
1480,174496,29,4456,416,3782
1481,174610,30,4456,415,3783
1482,174720,33,4454,414,3786
1483,174827,31,4463,418,3791
1484,174947,32,4463,417,3794
1485,175054,30,4463,417,3794
1486,175329,183,4466,414,3803
1487,175448,31,4465,411,3809
1488,175542,30,4470,402,3823
1489,175663,28,4470,383,3852
1490,175749,29,4475,380,3863
1491,175856,28,4474,381,3861
1492,175958,28,4480,386,3862
1493,176068,30,4480,389,3857
1494,176174,28,4482,389,3859
1495,176267,30,4488,395,3857
1496,176369,40,4488,386,3872
1497,176600,164,4488,383,3880
1498,176697,35,4492,385,3882
1499,176797,33,4490,376,3898
1500,176900,32,4488,362,3915
1501,177012,31,4484,363,3910
1502,177115,33,4481,358,3908
1503,177238,31,4492,368,3905
1504,177327,29,4489,368,3902
1505,177423,33,4495,365,3918
1506,177536,32,4494,364,3921
1507,177633,30,4499,369,3920
1508,177856,160,4498,371,3912
1509,177975,30,4498,364,3924
1510,178090,31,4497,358,3932
1511,178201,29,4508,364,3937
1512,178315,32,4516,371,3941
1513,178406,29,4528,389,3933
1514,178510,32,4525,387,3932
1515,178612,31,4537,395,3934
1516,178714,31,4552,410,3926
1517,178809,30,4551,407,3929
1518,178915,30,4551,406,3930
1519,179170,162,4551,407,3928
1520,179284,45,4561,416,3925
1521,179382,32,4561,415,3928
1522,179483,33,4570,422,3929
1523,179561,34,4570,421,3929
1524,179667,31,4583,428,3934
1525,179759,32,4581,424,3941
1526,179862,31,4587,430,3938
1527,179964,32,4589,431,3939
1528,180078,32,4586,425,3939
1529,180198,33,4586,422,3944
1530,180452,182,4582,411,3955
1531,180551,32,4583,411,3954
1532,180679,33,4588,411,3957
1533,180790,31,4588,411,3957
1534,180896,30,4595,417,3958
1535,180997,36,4596,418,3958
1536,181111,34,4596,418,3958
1537,181216,29,4597,416,3962
1538,181321,30,4599,419,3961
1539,181433,30,4604,424,3961
1540,181545,38,4603,417,3967
1541,183807,34,4611,388,4012
1542,183925,32,4610,388,4011
1543,184043,37,4619,399,4003
1544,184152,31,4625,405,4001
1545,184313,39,4629,409,3998
1546,184424,42,4632,412,3996
1547,184564,43,4632,408,4004
1548,184752,33,4632,402,4013
1549,184878,35,4641,402,4020
1550,184996,32,4639,404,4016
1551,185098,34,4640,405,4014
1552,185243,73,4645,409,4016
1553,185348,30,4658,417,4018
1554,185451,31,4665,417,4025
1555,185566,35,4665,417,4025
1556,185666,32,4671,422,4027
1557,185779,30,4673,424,4027
1558,185890,31,4671,425,4024
1559,185992,31,4674,431,4020
1560,186115,30,4671,431,4017
1561,186215,32,4678,438,4016
1562,186313,32,4687,447,4012
1563,186414,33,4698,457,4008
1564,186562,32,4697,457,4007
1565,186702,38,4699,452,4018
1566,186800,31,4696,452,4015
1567,186909,31,4701,455,4016
1568,187024,31,4706,461,4014
1569,187128,36,4708,462,4016
1570,187240,31,4708,462,4016
1571,187350,35,4709,461,4017
1572,187448,32,4708,459,4019
1573,187549,33,4708,459,4019
1574,187705,89,4707,459,4018
1575,187814,32,4707,456,4022
1576,187926,32,4708,456,4019
1577,188042,31,4708,456,4019
1578,188146,32,4722,471,4017
1579,188274,30,4719,469,4014
1580,188371,31,4719,469,4014
1581,188474,31,4728,478,4011
1582,188568,36,4729,475,4014
1583,188664,33,4729,474,4014
1584,188808,73,4737,481,4012
1585,188908,32,4747,490,4008
1586,189002,30,4750,488,4010
1587,189095,31,4752,490,4010
1588,189205,32,4754,492,4008
1589,189303,32,4761,495,4010
1590,189422,40,4768,498,4011
1591,189546,31,4770,495,4015
1592,189647,32,4770,495,4015
1593,189742,33,4771,496,4018
1594,189903,32,4770,497,4018
1595,189998,31,4776,504,4017
1596,190105,34,4776,501,4024
1597,190200,33,4777,502,4022
1598,190307,31,4779,503,4020
1599,190413,31,4780,503,4020
1600,190520,31,4789,513,4019
1601,190639,31,4792,517,4017
1602,190744,32,4791,511,4023
1603,190921,98,4793,511,4024
1604,191020,32,4793,508,4026
1605,191121,32,4791,507,4025
1606,191216,31,4791,507,4025
1607,191323,31,4801,512,4031
1608,191415,32,4801,510,4033
1609,191533,35,4802,511,4033
1610,191628,32,4820,529,4027
1611,191738,31,4824,531,4031
1612,191845,33,4826,532,4032
1613,192033,99,4826,529,4036
1614,192122,32,4821,528,4034
1615,192229,30,4824,531,4030
1616,192332,34,4823,533,4027
1617,192430,32,4831,541,4027
1618,192546,40,4831,538,4032
1619,192645,32,4832,539,4031
1620,192747,32,4837,539,4034
1621,192877,31,4840,539,4033
1622,192998,34,4840,539,4033
1623,193185,105,4848,547,4031
1624,193286,30,4847,546,4032
1625,193390,31,4847,545,4034
1626,193492,35,4848,542,4041
1627,193592,32,4850,544,4041
1628,193702,37,4852,546,4041
1629,193805,32,4850,544,4038
1630,193912,30,4848,543,4037
1631,194020,32,4848,541,4039
1632,194120,34,4853,547,4036
1633,194217,33,4853,547,4036
1634,194405,34,4853,545,4039
1635,194511,34,4853,545,4039
1636,194627,34,4848,546,4033
1637,194730,30,4851,549,4030
1638,194838,33,4847,547,4026
1639,194934,35,4850,548,4027
1640,195039,32,4851,543,4033
1641,195152,31,4848,540,4030
1642,195264,32,4848,540,4030
1643,195357,32,4849,540,4028
1644,195558,126,4849,540,4022
1645,195665,32,4850,540,4022
1646,195778,33,4848,540,4020
1647,195871,35,4853,544,4020
1648,195981,34,4853,545,4019
1649,196071,34,4860,548,4017
1650,196180,32,4866,555,4012
1651,196306,33,4862,556,4009
1652,196414,33,4869,563,4006
1653,196525,31,4870,564,4005
1654,196622,31,4876,570,4005
1655,196832,136,4878,557,4028
1656,196996,42,4878,544,4048
1657,197118,32,4876,538,4052
1658,197241,33,4867,523,4059
1659,197369,34,4866,490,4096
1660,197492,36,4878,483,4114
1661,197608,32,4878,470,4141
1662,197731,32,4878,468,4145
1663,197842,32,4878,446,4171
1664,197953,34,4878,440,4180
1665,198066,33,4882,433,4194
1666,198275,119,4886,432,4200
1667,198391,33,4892,431,4214
1668,198521,32,4890,420,4227
1669,198646,33,4885,417,4226
1670,198763,33,4894,419,4227
1671,198867,34,4903,428,4226
1672,198990,36,4900,421,4233
1673,199103,34,4907,421,4240
1674,199206,32,4898,414,4238
1675,199318,34,4900,403,4255
1676,199432,32,4908,404,4260
1677,199540,33,4919,395,4274
1678,199767,32,4919,392,4278
1679,199881,32,4922,399,4272
1680,199995,35,4930,407,4271
1681,200095,33,4941,418,4265
1682,200205,31,4941,419,4264
1683,200313,33,4948,425,4262
1684,200418,31,4949,421,4273
1685,200537,35,4954,413,4285
1686,200644,34,4960,419,4285
1687,200747,33,4965,423,4286
1688,200853,33,4971,411,4307
1689,201080,149,4975,403,4320
1690,201187,32,4980,399,4334
1691,201295,35,4980,399,4334
1692,201405,34,4985,407,4331
1693,201504,34,4985,406,4338
1694,201619,36,4986,378,4371
1695,201730,37,4986,366,4394
1696,201832,33,4988,362,4401
1697,201943,33,4994,369,4400
1698,202053,39,4996,368,4406
1699,202189,42,4993,361,4411
1700,202309,35,5001,372,4406
1701,202427,33,5011,377,4413
1702,202708,31,5010,371,4420
1703,202803,32,5011,372,4420
1704,202912,36,5016,364,4435
1705,203018,33,5016,364,4435
1706,203137,34,5019,363,4437
1707,203257,32,5019,355,4446
1708,203380,34,5019,353,4446
1709,203492,33,5027,360,4449
1710,203621,36,5023,358,4451
1711,203722,31,5038,370,4448
1712,203828,33,5044,376,4446
1713,203931,32,5044,377,4445
1714,204160,33,5041,377,4442
1715,204256,32,5041,377,4443
1716,204366,36,5040,374,4443
1717,204486,36,5042,364,4458
1718,204598,34,5042,353,4470
1719,204697,33,5043,351,4479
1720,204801,33,5051,359,4478
1721,204911,38,5050,357,4485
1722,205018,35,5051,358,4483
1723,205132,36,5052,359,4482
1724,205228,34,5058,365,4480
1725,205445,142,5061,365,4483
1726,205559,33,5061,363,4486
1727,205659,36,5071,363,4498
1728,205779,33,5073,365,4496
1729,205874,32,5081,369,4503
1730,205983,36,5077,361,4509
1731,206094,33,5076,361,4508
1732,206200,33,5076,361,4508
1733,206315,33,5070,358,4507
1734,206414,33,5074,362,4507
1735,206528,35,5073,362,4506
1736,206796,175,5073,363,4504
1737,206910,34,5078,361,4512
1738,207013,35,5078,359,4512
1739,207140,47,5077,359,4511
1740,207286,40,5078,346,4527
1741,207399,33,5089,346,4528
1742,207508,34,5088,338,4535
1743,207614,34,5090,335,4538
1744,207733,33,5087,332,4538
1745,207845,35,5087,332,4538
1746,208094,163,5087,332,4538
1747,208209,32,5096,340,4540
1748,208308,33,5114,353,4544
1749,208422,33,5119,360,4541
1750,208537,34,5120,361,4541
1751,208639,34,5128,368,4538
1752,208750,35,5128,365,4547
1753,208863,34,5131,363,4546
1754,208976,36,5131,358,4552
1755,209092,39,5131,358,4552
1756,209195,35,5135,362,4549
1757,209426,168,5148,367,4558
1758,209540,34,5145,357,4568
1759,209645,35,5146,358,4568
1760,209743,32,5146,352,4574
1761,209858,34,5147,353,4574
1762,209994,33,5146,352,4576
1763,210119,32,5147,350,4575
1764,210238,35,5152,348,4587
1765,210371,34,5151,348,4586
1766,210475,33,5151,344,4593
1767,210579,35,5158,351,4590
1768,210814,33,5162,354,4588
1769,210923,33,5161,352,4587
1770,211025,34,5159,352,4585
1771,211131,35,5161,354,4585
1772,211238,33,5160,353,4589
1773,211346,34,5161,354,4589
1774,211471,33,5161,354,4589
1775,211583,34,5163,356,4589
1776,211695,34,5163,358,4585
1777,211803,34,5168,363,4581
1778,212029,148,5180,375,4568
1779,212123,34,5190,385,4567
1780,212215,33,5196,392,4566
1781,212312,34,5198,395,4562
1782,212429,36,5206,403,4562
1783,212536,35,5207,404,4562
1784,212661,36,5206,404,4561
1785,212769,37,5208,406,4561
1786,212877,35,5214,412,4559
1787,212990,36,5219,417,4556
1788,213220,164,5227,425,4552
1789,213319,36,5225,425,4550
1790,213424,34,5234,434,4550
1791,213521,36,5234,434,4550
1792,213625,36,5239,439,4546
1793,213738,35,5239,439,4546
1794,213848,35,5237,431,4554
1795,213964,40,5236,431,4553
1796,214076,36,5236,431,4553
1797,214185,34,5233,431,4550
1798,214309,41,5234,432,4547
1799,214593,38,5239,438,4546
1800,214708,36,5237,437,4545
1801,214830,40,5238,427,4560
1802,214942,36,5246,434,4562
1803,215045,32,5246,432,4563
1804,215157,35,5255,443,4556
1805,215254,35,5263,451,4555
1806,215364,35,5264,452,4554
1807,215463,35,5266,451,4551
1808,215571,36,5273,457,4550
1809,215822,178,5268,457,4547
1810,215922,36,5268,457,4547
1811,216039,41,5276,465,4549
1812,216158,35,5279,467,4550
1813,216256,39,5283,472,4545
1814,216381,37,5283,470,4550
1815,216490,36,5289,475,4550
1816,216587,36,5273,477,4532
1817,216696,36,5279,480,4543
1818,216820,37,5283,479,4546
1819,217069,154,5287,476,4554
1820,217199,34,5285,475,4553
1821,217321,43,5280,470,4552
1822,217432,39,5283,464,4556
1823,217537,36,5283,464,4556
1824,217644,36,5284,465,4559
1825,217752,35,5289,472,4555
1826,217861,34,5289,470,4558
1827,217975,36,5285,463,4558
1828,218094,37,5286,464,4558
1829,218204,35,5294,470,4560
1830,218449,37,5294,470,4560
1831,218557,34,5292,471,4555
1832,218667,35,5292,471,4555
1833,218787,35,5292,471,4555
1834,218893,36,5291,473,4550
1835,219011,35,5290,474,4548
1836,219137,41,5298,481,4545
1837,219239,35,5304,487,4544
1838,219349,36,5299,487,4546
1839,219447,35,5301,489,4543
1840,219705,165,5310,491,4545
1841,219813,36,5307,491,4542
1842,219922,36,5311,501,4536
1843,220048,36,5307,500,4533
1844,220177,44,5305,489,4544
1845,220297,35,5307,489,4543
1846,220396,35,5307,489,4543
1847,220500,37,5307,489,4543
1848,220613,38,5308,491,4542
1849,220725,38,5307,490,4545
1850,220830,36,5312,495,4545
1851,221075,38,5326,506,4546
1852,221203,43,5326,505,4547
1853,221302,35,5331,511,4548
1854,221413,35,5335,517,4544
1855,221518,33,5334,515,4543
1856,221629,37,5343,523,4545
1857,221752,34,5344,526,4543
1858,221864,40,5343,526,4542
1859,221968,39,5343,526,4542
1860,222182,36,5346,529,4539
1861,222406,152,5351,533,4536
1862,222509,36,5358,538,4539
1863,222614,36,5358,538,4539
1864,222724,36,5362,542,4535
1865,222836,39,5377,553,4535
1866,222939,35,5391,562,4527
1867,223043,36,5395,564,4529
1868,223156,36,5411,580,4528
1869,223298,36,5412,579,4528
1870,223418,36,5412,577,4528
1871,223530,41,5406,576,4523
1872,223760,164,5406,575,4523
1873,223865,37,5415,584,4523
1874,223965,35,5411,581,4521
1875,224079,39,5416,586,4518
1876,224206,37,5417,586,4518
1877,224328,37,5416,587,4515
1878,224449,41,5416,587,4515
1879,224578,40,5418,590,4514
1880,224702,40,5418,590,4514
1881,224800,36,5419,591,4512
1882,224911,37,5435,608,4509
1883,225008,36,5434,607,4508
1884,227345,38,5437,495,4664
1885,227466,36,5438,480,4685
1886,227612,52,5440,472,4696
1887,227776,60,5441,457,4715
1888,227911,40,5439,442,4736
1889,228037,38,5438,427,4760
1890,228160,42,5437,412,4778
1891,228296,43,5432,405,4781
1892,228446,40,5433,373,4830
1893,228575,40,5435,369,4835
1894,228701,41,5434,356,4852
1895,228863,79,5433,350,4858
1896,228974,37,5443,350,4867
1897,229082,38,5451,353,4877
1898,229206,40,5456,360,4886
1899,229327,37,5465,370,4886
1900,229452,36,5460,363,4887
1901,229570,37,5467,362,4898
1902,229676,38,5464,359,4907
1903,229804,43,5470,359,4907
1904,229910,39,5478,359,4915
1905,230025,36,5475,345,4928
1906,230155,38,5469,342,4925
1907,230291,77,5468,331,4934
1908,230426,52,5457,320,4937
1909,230540,38,5458,312,4944
1910,230646,36,5458,303,4956
1911,230774,35,5458,303,4956
1912,230893,36,5458,303,4956
1913,231014,36,5458,303,4956
1914,231136,37,5457,304,4954
1915,231255,36,5458,293,4977
1916,231375,40,5462,292,4982
1917,231497,40,5468,298,4988
1918,231654,36,5475,305,4988
1919,231772,36,5471,303,4989
1920,231892,35,5472,296,5002
1921,232004,36,5481,304,4999
1922,232151,50,5481,297,5008
1923,232278,39,5486,302,5008
1924,232419,36,5486,296,5029
1925,232541,35,5489,298,5030
1926,232648,41,5496,305,5028
1927,232762,39,5504,313,5023
1928,232939,86,5506,303,5043
1929,233054,38,5513,303,5049
1930,233161,35,5519,308,5050
1931,233275,37,5519,293,5073
1932,233389,35,5519,288,5080
1933,233501,34,5516,281,5084
1934,233619,35,5515,284,5076
1935,233713,43,5517,273,5088
1936,233829,37,5516,256,5104
1937,233940,35,5526,266,5099
1938,234110,99,5521,266,5094
1939,234219,42,5523,267,5090
1940,234337,36,5523,259,5098
1941,234444,35,5524,256,5109
1942,234556,36,5523,256,5108
1943,234687,37,5518,256,5103
1944,234811,37,5518,256,5103
1945,234918,36,5523,260,5099
1946,235029,36,5531,268,5094
1947,235139,44,5526,267,5091
1948,235252,36,5541,274,5085
1949,235452,35,5548,276,5084
1950,235571,34,5546,272,5091
1951,235690,42,5544,270,5092
1952,235803,37,5547,273,5096
1953,235910,34,5547,271,5098
1954,236031,39,5547,271,5098
1955,236132,36,5551,275,5098
1956,236257,37,5553,278,5095
1957,236375,34,5561,286,5092
1958,236488,37,5571,292,5090
1959,236688,113,5571,292,5090
1960,236800,36,5571,292,5090
1961,236905,35,5572,293,5089
1962,237022,40,5572,293,5089
1963,237132,38,5572,293,5089
1964,237237,35,5572,293,5089
1965,237343,39,5570,293,5087
1966,237458,37,5579,300,5084
1967,237581,36,5586,307,5081
1968,237697,45,5593,311,5086
1969,237911,141,5593,305,5094
1970,238014,45,5602,314,5094
1971,238173,52,5602,314,5094
1972,238287,37,5617,327,5097
1973,238396,37,5621,331,5098
1974,238511,37,5627,337,5095
1975,238622,36,5628,332,5101
1976,238768,40,5628,332,5101
1977,238883,37,5633,335,5098
1978,239017,46,5633,335,5098
1979,239136,38,5634,336,5098
1980,239338,132,5649,351,5096
1981,239445,39,5656,351,5105
1982,239544,36,5664,356,5105
1983,239661,40,5665,358,5104
1984,239783,42,5671,363,5104
1985,239885,40,5671,354,5116
1986,239991,38,5672,348,5120
1987,240120,40,5675,351,5120
1988,240226,36,5676,352,5117
1989,240336,37,5677,358,5112
1990,240450,37,5675,358,5110
1991,240660,133,5677,355,5110
1992,240783,44,5673,353,5108
1993,240892,35,5672,350,5114
1994,240996,40,5673,351,5113
1995,241101,37,5674,353,5109
1996,241237,39,5675,340,5127
1997,241369,37,5673,338,5122
1998,241483,37,5675,338,5124
1999,241611,40,5675,339,5121
2000,241732,36,5673,337,5125
2001,241856,47,5671,337,5123
2002,242072,150,5672,338,5123
2003,242183,35,5672,336,5131
2004,242291,36,5664,336,5123
2005,242398,45,5664,336,5123
2006,242524,37,5667,339,5123
2007,242637,38,5667,332,5130
2008,242742,38,5673,335,5127
2009,242851,36,5675,328,5139
2010,242964,39,5672,330,5134
2011,243080,36,5672,330,5134
2012,243199,39,5676,334,5134
2013,243317,37,5682,336,5138
2014,243547,37,5679,336,5135
2015,243665,37,5679,336,5135
2016,243767,37,5679,336,5135
2017,243860,35,5690,347,5135
2018,243983,38,5687,347,5131
2019,244107,36,5693,355,5121
2020,244223,37,5693,355,5121
2021,244322,42,5702,365,5114
2022,244426,38,5704,365,5124
2023,244553,40,5701,365,5121
2024,244681,39,5701,361,5126
2025,244778,38,5707,366,5124
2026,245045,37,5709,368,5121
2027,245183,41,5709,368,5121
2028,245290,38,5716,375,5121
2029,245414,38,5718,377,5121
2030,245545,38,5717,376,5122
2031,245659,38,5717,376,5122
2032,245871,62,5718,377,5122
2033,246026,55,5723,381,5121
2034,246147,43,5724,382,5121
2035,246262,39,5724,380,5121
2036,246361,37,5725,381,5121
2037,246479,39,5725,380,5124
2038,246708,37,5725,369,5147
2039,246820,38,5734,374,5154
2040,246933,39,5734,377,5149
2041,247042,37,5736,380,5146
2042,247162,40,5738,382,5144
2043,247277,37,5741,385,5142
2044,247393,38,5742,383,5146
2045,247502,42,5748,391,5143
2046,247624,38,5749,387,5143
2047,247733,39,5756,391,5140
2048,247840,37,5769,404,5140
2049,248069,159,5772,404,5145
2050,248187,39,5771,406,5139
2051,248306,38,5772,407,5139
2052,248434,39,5772,406,5140
2053,248566,44,5772,405,5141
2054,248671,38,5770,405,5139
2055,248790,40,5769,405,5138
2056,248910,39,5768,405,5137
2057,249013,39,5768,405,5137
2058,249116,38,5776,406,5145
2059,249224,37,5777,407,5145
2060,249445,156,5778,416,5135
2061,249553,40,5777,413,5139
2062,249665,39,5779,415,5133
2063,249773,41,5785,421,5127
2064,249900,38,5782,424,5119
2065,250013,40,5785,426,5120
2066,250112,38,5798,439,5120
2067,250226,40,5796,437,5119
2068,250330,38,5800,439,5114
2069,250439,36,5800,438,5118
2070,250689,178,5800,434,5125
2071,250802,36,5800,433,5127
2072,250900,36,5800,433,5127
2073,251017,39,5804,437,5127
2074,251124,39,5804,437,5127
2075,251230,37,5811,443,5124
2076,251339,36,5809,443,5122
2077,251444,38,5809,443,5122
2078,251562,38,5809,443,5122
2079,251674,37,5822,445,5129
2080,251902,148,5824,447,5128
2081,252023,37,5823,446,5131
2082,252136,41,5825,448,5131
2083,252241,37,5825,448,5131
2084,252344,37,5830,453,5129
2085,252470,42,5829,453,5128
2086,252572,36,5832,454,5131
2087,252695,39,5833,453,5132
2088,252798,37,5833,451,5134
2089,252915,41,5833,451,5134
2090,253155,159,5833,451,5134
2091,253266,39,5834,451,5133
2092,253381,39,5834,451,5133
2093,253493,40,5835,452,5129
2094,253603,38,5845,462,5128
2095,253713,38,5849,466,5124
2096,253823,38,5843,466,5118
2097,253934,40,5843,465,5121
2098,254048,41,5854,479,5114
2099,254161,39,5860,485,5114
2100,254397,168,5861,487,5113
2101,254524,40,5861,476,5121
2102,254634,38,5860,477,5120
2103,254749,39,5856,479,5114
2104,254867,38,5857,478,5121
2105,254990,39,5857,478,5121
2106,255116,41,5858,479,5121
2107,255248,40,5859,480,5120
2108,255365,38,5867,488,5120
2109,255470,37,5867,489,5116
2110,255708,40,5868,490,5116
2111,255815,39,5867,491,5113
2112,255913,39,5870,493,5112
2113,256034,43,5870,493,5112
2114,256130,37,5870,493,5112
2115,256247,40,5876,499,5108
2116,256360,38,5882,505,5108
2117,256476,39,5886,509,5105
2118,256590,38,5894,517,5104
2119,256801,148,5894,517,5104
2120,256952,44,5894,517,5104
2121,257057,39,5895,518,5103
2122,257171,39,5888,518,5096
2123,257311,40,5883,510,5099
2124,257434,39,5882,497,5118
2125,257558,40,5883,486,5133
2126,257680,46,5890,485,5141
2127,257804,36,5899,495,5138
2128,257933,47,5905,497,5142
2129,258180,39,5908,495,5149
2130,258292,39,5910,486,5163
2131,258413,39,5910,479,5171
2132,258537,43,5918,476,5186
2133,258660,40,5920,461,5209
2134,258817,52,5925,444,5235
2135,258937,53,5927,439,5242
2136,259087,50,5932,443,5250
2137,259268,60,5932,420,5277
2138,259559,178,5932,404,5300
2139,259700,45,5930,381,5325
2140,259809,40,5924,372,5332
2141,259930,41,5929,377,5331
2142,260040,39,5926,368,5338
2143,260170,41,5925,369,5336
2144,260284,42,5952,396,5330
2145,260432,44,5953,399,5335
2146,260565,43,5953,390,5345
2147,260692,44,5952,387,5353
2148,260912,151,5951,382,5346
2149,261026,40,5954,376,5359
2150,261140,42,5959,375,5362
2151,261255,37,5969,379,5369
2152,261369,38,5969,372,5376
2153,261490,39,5971,366,5385
2154,261620,40,5970,359,5394
2155,261740,40,5970,354,5400
2156,261845,39,5968,356,5396
2157,261957,41,5974,362,5393
2158,262200,157,5974,354,5409
2159,262329,39,5980,355,5421
2160,262441,40,5982,348,5417
2161,262548,42,5982,346,5418
2162,262675,40,5982,345,5422
2163,262808,43,5982,345,5421
2164,262919,40,5992,347,5428
2165,263041,41,5992,346,5431
2166,263151,39,5990,346,5429
2167,263256,40,5999,351,5429
2168,263368,41,6009,361,5429
2169,263609,162,6010,350,5444
2170,263739,40,6014,354,5444
2171,263898,49,6015,341,5462
2172,264020,45,6016,341,5461
2173,264143,41,6017,335,5469
2174,264262,41,6023,341,5464
2175,264381,43,6024,332,5474
2176,264500,46,6022,332,5472
2177,264631,43,6022,330,5475
2178,264757,41,6021,324,5483
2179,264881,41,6019,320,5489
2180,265107,53,6019,303,5510
2181,265231,46,6018,298,5516
2182,265351,44,6020,300,5513
2183,265471,37,6029,309,5513
2184,265586,39,6028,309,5512
2185,265706,41,6021,305,5505
2186,265828,40,6020,297,5515
2187,265950,43,6020,288,5529
2188,266084,45,6020,289,5526
2189,266207,40,6025,294,5523
2190,268566,2287,6025,273,5552
2191,268678,41,6036,242,5616
2192,268788,40,6036,240,5617
2193,268916,41,6035,238,5621
2194,269056,47,6035,233,5628
2195,269186,44,6035,233,5628
2196,269303,41,6035,234,5625
2197,269417,43,6038,238,5621
2198,269531,46,6039,235,5621
2199,269645,42,6042,242,5617
2200,269785,58,6058,257,5613
2201,269929,66,6058,252,5619
2202,270046,38,6065,258,5622
2203,270147,43,6065,258,5622
2204,270258,39,6069,266,5617
2205,270369,44,6069,266,5617
2206,270484,40,6071,268,5615
2207,270604,39,6071,268,5615
2208,270727,46,6071,265,5622
2209,270856,56,6073,262,5626
2210,270981,42,6071,261,5627
2211,271079,39,6088,278,5618
2212,271240,78,6088,273,5624
2213,271349,38,6088,273,5624
2214,271456,38,6085,272,5625
2215,271565,39,6081,269,5626
2216,271674,43,6077,269,5622
2217,271792,40,6077,265,5629
2218,271900,40,6078,266,5629
2219,272022,41,6080,269,5625
2220,272129,43,6080,265,5632
2221,272241,39,6095,279,5636
2222,272358,38,6095,279,5636
2223,272522,90,6094,279,5635
2224,272649,41,6096,281,5634
2225,272765,40,6101,284,5638
2226,272875,41,6101,284,5638
2227,273004,43,6101,285,5637
2228,273137,42,6108,293,5636
2229,273235,40,6115,293,5647
2230,273336,44,6115,292,5650
2231,273450,39,6123,299,5648
2232,273556,41,6123,300,5645
2233,273731,100,6148,319,5650
2234,273846,37,6145,318,5649
2235,273940,38,6146,319,5647
2236,274047,40,6150,323,5644
2237,274175,42,6151,322,5646
2238,274307,41,6151,322,5646
2239,274436,48,6152,323,5645
2240,274541,41,6161,332,5639
2241,274660,39,6162,336,5621
2242,274772,40,6162,336,5621
2243,274876,39,6164,337,5621
2244,275090,127,6163,337,5620
2245,275212,40,6165,339,5620
2246,275332,41,6165,339,5620
2247,275443,42,6173,346,5619
2248,275555,42,6172,348,5616
2249,275661,40,6172,348,5616
2250,275775,48,6171,348,5615
2251,275897,43,6165,353,5604
2252,276015,41,6161,353,5600
2253,276135,39,6161,352,5601
2254,276325,107,6161,352,5601
2255,276448,44,6171,353,5612
2256,276573,42,6184,366,5612
2257,276695,41,6180,368,5605
2258,276812,44,6184,369,5608
2259,276913,40,6184,365,5612
2260,277036,45,6184,366,5611
2261,277138,41,6180,365,5609
2262,277239,41,6203,386,5614
2263,277346,39,6211,394,5614
2264,277449,38,6220,403,5614
2265,277633,116,6221,402,5614
2266,277752,42,6226,407,5608
2267,277860,39,6247,423,5609
2268,277985,45,6247,423,5609
2269,278101,43,6263,441,5605
2270,278203,39,6270,445,5605
2271,278316,41,6268,445,5603
2272,278427,43,6268,441,5609
2273,278551,39,6269,442,5609
2274,278671,41,6271,448,5603
2275,278775,43,6273,447,5606
2276,278970,42,6280,453,5607
2277,279080,42,6283,455,5610
2278,279204,42,6283,455,5610
2279,279333,41,6288,461,5605
2280,279458,45,6286,461,5603
2281,279565,39,6289,463,5595
2282,279679,40,6291,465,5595
2283,279785,46,6296,470,5591
2284,279889,40,6296,470,5591
2285,280001,42,6296,470,5591
2286,280230,139,6296,469,5594
2287,280352,42,6295,467,5595
2288,280457,43,6299,469,5592
2289,280574,40,6298,468,5592
2290,280679,40,6298,468,5592
2291,280795,41,6298,462,5601
2292,280918,41,6295,461,5597
2293,281034,46,6301,469,5595
2294,281156,42,6303,469,5594
2295,281323,67,6308,474,5593
2296,281440,43,6327,494,5589
2297,281635,137,6329,492,5589
2298,281740,39,6337,503,5583
2299,281845,41,6339,505,5583
2300,281957,44,6346,512,5580
2301,282074,41,6346,511,5580
2302,282196,43,6347,512,5580
2303,282314,40,6348,511,5583
2304,282439,43,6348,511,5583
2305,282570,41,6346,511,5581
2306,282688,41,6354,517,5579
2307,282803,40,6356,521,5577
2308,283008,130,6355,520,5579
2309,283110,41,6356,521,5579
2310,283230,39,6366,530,5582
2311,283340,43,6366,527,5583
2312,283462,45,6365,526,5584
2313,283578,41,6373,533,5585
2314,283702,41,6371,530,5590
2315,283814,41,6370,530,5589
2316,283927,43,6370,530,5589
2317,284035,43,6370,530,5589
2318,284146,43,6368,529,5589
2319,284255,41,6376,537,5589
2320,284523,189,6376,537,5589
2321,284631,41,6376,537,5589
2322,284770,41,6376,533,5593
2323,284891,49,6376,534,5590
2324,285012,42,6376,533,5593
2325,285124,45,6376,532,5595
2326,285242,42,6376,527,5603
2327,285348,43,6376,525,5606
2328,285459,40,6375,525,5605
2329,285580,42,6380,530,5605
2330,285702,38,6380,529,5608
2331,285816,40,6380,529,5608
2332,286028,44,6394,542,5608
2333,286126,41,6401,549,5607
2334,286239,42,6403,546,5617
2335,286357,42,6403,544,5619
2336,286469,42,6411,552,5616
2337,286596,42,6413,554,5614
2338,286718,45,6413,554,5614
2339,286857,46,6413,538,5631
2340,286985,45,6415,533,5638
2341,287115,52,6421,521,5659
2342,287255,43,6418,486,5703
2343,287490,38,6419,475,5718
2344,287621,42,6418,466,5727
2345,287729,41,6419,461,5734
2346,287855,45,6419,452,5745
2347,287975,41,6424,462,5737
2348,288104,44,6424,455,5747
2349,288249,47,6424,431,5778
2350,288371,46,6426,426,5787
2351,288508,43,6426,399,5814
2352,288624,43,6426,397,5823
2353,288728,42,6424,402,5816
2354,289080,41,6425,397,5824
2355,289197,44,6425,397,5824
2356,289326,45,6433,404,5829
2357,289456,42,6428,403,5826
2358,289575,43,6438,413,5823
2359,289698,43,6438,402,5832
2360,289820,45,6431,401,5822
2361,289933,44,6431,402,5822
2362,290057,43,6430,400,5822
2363,290172,41,6430,400,5822
2364,290492,56,6430,382,5852
2365,290635,42,6427,382,5849
2366,290783,44,6427,376,5857
2367,290920,43,6428,377,5855
2368,291048,43,6427,370,5862
2369,291162,42,6436,372,5871
2370,291283,40,6439,349,5903
2371,291418,42,6445,354,5899
2372,291548,44,6442,351,5899
2373,291807,185,6448,358,5902
2374,291924,42,6454,349,5917
2375,292046,45,6458,346,5923
2376,292167,44,6465,353,5920
2377,292292,45,6466,354,5919
2378,292435,45,6462,352,5925
2379,292628,42,6464,345,5934
2380,292725,42,6468,340,5940
2381,292846,41,6470,344,5937
2382,292972,43,6472,348,5928
2383,293223,166,6467,338,5937
2384,293342,42,6467,333,5943
2385,293462,42,6468,334,5941
2386,293583,42,6468,337,5934
2387,293715,44,6468,330,5943
2388,293828,44,6475,319,5962
2389,293946,43,6489,326,5966
2390,294058,43,6492,318,5979
2391,294166,43,6492,310,5989
2392,294287,41,6490,303,5996
2393,294519,150,6490,279,6029
2394,294627,46,6506,286,6031
2395,294751,43,6511,290,6031
2396,294894,44,6505,290,6025
2397,295014,50,6505,290,6025
2398,295129,43,6506,291,6022
2399,295262,43,6507,291,6028
2400,295391,46,6508,292,6026
2401,295506,43,6508,290,6033
2402,295610,42,6514,292,6040
2403,295809,133,6512,280,6062
2404,295924,41,6516,284,6062
2405,296029,44,6516,284,6062
2406,296148,46,6513,277,6069
2407,296296,46,6508,262,6088
2408,296407,42,6515,269,6084
2409,296531,43,6513,269,6082
2410,296643,44,6513,269,6082
2411,296748,41,6520,276,6081
2412,296865,45,6520,276,6081
2413,297095,45,6519,277,6078
2414,297214,45,6534,292,6075
2415,297340,43,6540,299,6072
2416,297461,43,6536,302,6061
2417,297570,43,6536,302,6061
2418,297693,43,6535,302,6060
2419,297816,44,6536,303,6058
2420,297925,43,6538,306,6052
2421,298039,45,6541,309,6050
2422,298150,44,6541,309,6050
2423,298357,124,6549,317,6044
2424,298495,57,6549,317,6044
2425,298632,47,6549,315,6046
2426,298737,43,6553,319,6045
2427,298855,42,6558,324,6045
2428,298987,56,6558,318,6054
2429,299106,44,6568,328,6045
2430,299229,47,6568,328,6045
2431,299342,44,6568,328,6045
2432,299459,43,6574,327,6054
2433,299656,120,6575,328,6043
2434,299775,44,6575,321,6052
2435,299894,44,6572,321,6049
2436,300016,47,6568,321,6045
