tick,timestamp,query_runtime,trav_index_nodes,trav_vol_nodes,trav_unprod_nodes
0,584,3,7,7,0
1,833,1,13,13,0
2,1131,1,21,21,0
3,1344,3,31,31,0
4,1765,4,48,48,0
5,1994,3,53,53,0
6,2220,23,58,58,0
7,2562,3,63,63,0
8,2807,1,94,94,0
9,3000,2,102,102,0
10,3181,2,117,117,0
11,3325,2,127,127,0
12,3568,3,138,138,0
13,3711,2,142,142,0
14,3877,3,153,153,0
15,3989,1,167,167,0
16,4129,1,183,183,0
17,4268,2,192,192,0
18,4519,13,206,206,0
19,4782,16,221,221,0
20,4994,27,227,227,0
21,5262,2,233,233,0
22,5404,2,244,244,0
23,5526,2,249,249,0
24,5625,4,258,258,0
25,5740,3,261,261,0
26,5843,3,288,288,0
27,5989,3,293,293,0
28,6117,2,302,302,0
29,6245,5,310,310,0
30,6511,3,317,317,0
31,6621,2,329,329,0
32,6713,3,342,342,0
33,6837,3,346,346,0
34,6958,2,365,365,0
35,7096,2,369,369,0
36,7204,4,395,395,0
37,7321,3,398,398,0
38,7459,7,418,418,0
39,7611,6,423,423,0
40,7790,3,441,441,0
41,8004,22,443,443,0
42,8248,25,454,454,0
43,8436,13,459,459,0
44,8652,14,463,463,0
45,8912,4,471,471,0
46,9304,3,478,478,0
47,9429,5,486,486,0
48,9557,3,490,490,0
49,9669,4,498,498,0
50,9784,5,512,512,0
51,9889,4,516,516,0
52,10009,3,519,519,0
53,10128,4,527,527,0
54,10261,4,529,529,0
55,10352,3,541,541,0
56,10463,3,547,547,0
57,10568,5,563,563,0
58,10666,4,568,568,0
59,10777,4,573,573,0
60,10878,4,581,581,0
61,10982,5,585,585,0
62,11819,5,597,597,0
63,11928,4,602,602,0
64,12021,4,612,612,0
65,12108,4,639,639,0
66,12212,6,643,643,0
67,12296,5,659,659,0
68,12378,6,677,677,0
69,12475,5,684,684,0
70,12589,5,689,689,0
71,12694,5,698,698,0
72,12798,6,703,703,0
73,12896,5,720,720,0
74,13026,6,741,741,0
75,13130,5,757,757,0
76,13231,5,777,777,0
77,13333,5,792,792,0
78,13430,7,796,796,0
79,13532,6,804,804,0
80,13817,62,808,808,0
81,14105,37,813,813,0
82,14416,44,826,826,0
83,14688,44,830,830,0
84,14982,52,834,834,0
85,15277,42,845,845,0
86,15748,6,863,863,0
87,15855,5,883,883,0
88,15946,6,886,886,0
89,16044,7,896,896,0
90,16156,6,904,904,0
91,16251,6,926,926,0
92,16354,6,940,940,0
93,16415,6,942,942,0
94,16515,6,954,954,0
95,16615,6,961,961,0
96,16701,7,966,966,0
97,16805,9,975,975,0
98,16900,7,978,978,0
99,16989,7,982,982,0
100,17110,7,983,983,0
101,17197,6,992,992,0
102,17285,6,994,994,0
103,17374,7,999,999,0
104,17484,8,1012,1012,0
105,17581,8,1024,1024,0
106,17712,7,1025,1025,0
107,17836,7,1027,1027,0
108,17920,7,1041,1041,0
109,18470,10,1046,1046,0
110,18563,12,1048,1048,0
111,18627,6,1057,1057,0
112,18712,9,1064,1064,0
113,18822,8,1080,1080,0
114,18924,8,1083,1083,0
115,19015,7,1089,1089,0
116,19120,7,1094,1094,0
117,19209,8,1096,1096,0
118,19317,9,1098,1098,0
119,19412,8,1100,1100,0
120,19508,8,1104,1104,0
121,19620,7,1108,1108,0
122,19728,8,1115,1115,0
123,19846,9,1129,1129,0
124,19953,8,1141,1141,0
125,20060,8,1146,1146,0
126,20141,8,1159,1159,0
127,20226,9,1172,1172,0
128,20314,9,1199,1199,0
129,20414,8,1209,1209,0
130,20514,8,1225,1225,0
131,20618,8,1232,1232,0
132,20704,8,1244,1244,0
133,20838,8,1250,1250,0
134,20949,38,1253,1253,0
135,21222,55,1267,1267,0
136,21470,59,1281,1281,0
137,21802,86,1293,1293,0
138,22068,72,1300,1300,0
139,22345,63,1315,1315,0
140,22619,51,1326,1326,0
141,22891,50,1329,1329,0
142,24197,10,1347,1347,0
143,24306,8,1353,1353,0
144,24394,8,1362,1362,0
145,24490,9,1366,1366,0
146,24619,13,1374,1374,0
147,24716,15,1377,1377,0
148,24827,11,1383,1383,0
149,24924,13,1390,1390,0
150,25050,9,1391,1391,0
151,25146,11,1397,1397,0
152,25231,8,1403,1403,0
153,25348,12,1413,1413,0
154,25460,12,1419,1419,0
155,25568,10,1422,1422,0
156,25674,9,1424,1424,0
157,25771,10,1429,1429,0
158,25860,9,1431,1431,0
159,25941,10,1431,1431,0
160,26054,10,1435,1435,0
161,26130,11,1447,1447,0
162,26228,11,1452,1452,0
163,26317,10,1459,1459,0
164,26407,10,1464,1464,0
165,26510,10,1486,1486,0
166,26625,10,1493,1493,0
167,26727,10,1496,1496,0
168,26818,11,1499,1499,0
169,26898,11,1499,1499,0
170,26998,11,1510,1510,0
171,27108,10,1513,1513,0
172,27184,10,1516,1516,0
173,27292,10,1524,1524,0
174,27845,448,1528,1528,0
175,27939,10,1533,1533,0
176,28033,9,1538,1538,0
177,28131,10,1541,1541,0
178,28225,10,1546,1546,0
179,28334,10,1547,1547,0
180,28432,10,1548,1548,0
181,28535,13,1551,1551,0
182,28619,12,1552,1552,0
183,28733,12,1554,1554,0
184,28815,10,1559,1559,0
185,28916,12,1563,1563,0
186,28998,11,1566,1566,0
187,29097,10,1576,1576,0
188,29187,10,1581,1581,0
189,29286,10,1588,1588,0
190,29381,11,1601,1601,0
191,29478,11,1613,1613,0
192,29587,10,1614,1614,0
193,29680,10,1628,1628,0
194,29780,11,1635,1635,0
195,29888,10,1638,1638,0
196,29973,10,1641,1641,0
197,30085,10,1648,1648,0
198,30189,14,1664,1646,1
199,30313,12,1671,1628,15
200,30430,12,1686,1615,31
201,30539,14,1695,1618,31
202,30647,12,1696,1593,45
203,30773,14,1702,1550,74
204,30889,14,1707,1540,77
205,30988,12,1727,1523,95
206,31097,13,1738,1525,97
207,31207,13,1747,1509,101
208,31428,101,1757,1480,121
209,33197,14,1768,1184,313
210,33296,12,1769,1154,340
211,33402,11,1771,1148,342
212,33516,13,1774,1137,353
213,33619,13,1779,1138,357
214,33730,11,1777,1127,363
215,33846,12,1784,1122,364
216,33964,19,1792,1117,369
217,34078,12,1815,1112,393
218,34193,11,1820,1093,415
219,34310,12,1823,1077,434
220,34426,12,1822,1062,447
221,34514,13,1845,1079,449
222,34624,11,1846,1065,459
223,34720,17,1861,1061,463
224,34833,12,1871,1062,464
225,34920,13,1884,1066,464
226,35032,13,1889,1059,477
227,35135,14,1889,1060,476
228,35223,12,1891,1042,496
229,35331,13,1893,1022,512
230,35462,18,1906,1026,515
231,35580,18,1904,1012,531
232,35705,14,1909,1001,541
233,35796,12,1908,993,543
234,35884,14,1934,1000,554
235,35988,12,1936,993,558
236,36095,13,1939,987,562
237,36221,15,1951,987,571
238,36329,14,1966,990,586
239,36446,15,1966,988,585
240,36550,14,1983,972,622
241,36672,15,1990,952,640
242,36770,14,2003,954,646
243,36989,121,2008,916,684
244,37109,13,2007,902,690
245,37221,15,2010,896,693
246,37326,13,2015,891,698
247,37433,12,2023,893,698
248,37536,13,2032,878,724
249,37637,12,2035,867,741
250,37747,13,2035,870,734
251,37866,12,2040,869,736
252,37969,13,2050,867,751
253,38069,15,2052,860,764
254,38190,16,2054,863,761
255,38314,12,2051,860,757
256,38416,14,2060,868,755
257,38516,13,2072,868,764
258,38607,13,2080,874,765
259,38719,16,2088,879,767
260,38810,13,2098,883,771
261,38918,16,2101,882,774
262,39020,14,2104,890,769
263,39129,13,2111,898,763
264,39214,14,2120,907,762
265,39320,14,2127,907,771
266,39420,15,2129,904,775
267,39498,13,2133,894,788
268,39592,13,2149,892,813
269,39690,16,2152,894,814
270,39786,15,2160,897,813
271,39888,15,2170,894,827
272,39986,15,2170,887,836
273,40091,18,2171,881,839
274,40186,14,2181,869,853
275,40314,20,2184,865,862
276,40677,14,2183,821,917
277,40786,14,2186,814,915
278,40873,13,2184,814,915
279,40964,14,2183,804,925
280,41052,13,2190,811,925
281,41178,15,2195,817,924
282,41303,15,2195,820,921
283,41400,15,2193,820,919
284,41495,15,2198,825,918
285,41590,12,2206,833,912
286,41691,13,2210,839,908
287,41776,14,2208,837,905
288,41883,14,2217,837,904
289,41991,13,2213,829,905
290,42082,15,2217,822,912
291,42172,15,2232,833,913
292,42269,14,2235,829,916
293,42376,14,2237,828,919
294,42481,16,2239,817,928
295,42610,14,2254,814,946
296,42715,14,2259,818,947
297,42827,14,2262,797,969
298,42930,19,2267,788,981
299,43066,29,2276,795,986
300,43148,15,2290,806,989
301,43243,14,2288,801,991
302,43320,15,2294,803,993
303,43412,15,2304,802,1005
304,43488,15,2302,788,1014
305,43581,16,2307,786,1021
306,43671,15,2320,798,1016
307,43767,16,2322,798,1020
308,45353,18,2338,753,1088
309,45464,18,2339,754,1088
310,45563,16,2347,762,1087
311,45663,17,2347,762,1085
312,45776,18,2355,754,1101
313,45868,16,2360,759,1100
314,45951,15,2368,753,1120
315,46071,16,2369,747,1123
316,46172,15,2377,748,1131
317,46255,15,2385,753,1134
318,46345,19,2393,757,1134
319,46425,17,2407,771,1132
320,46543,21,2409,760,1141
321,46666,25,2405,747,1152
322,46768,18,2416,757,1138
323,46860,16,2416,759,1136
324,46956,17,2418,761,1137
325,47039,17,2418,759,1136
326,47138,17,2424,752,1144
327,47244,20,2423,752,1145
328,47341,19,2431,747,1157
329,47437,18,2432,747,1154
330,47542,16,2438,749,1153
331,47626,15,2439,745,1162
332,47727,18,2443,746,1157
333,47851,17,2444,743,1166
334,47953,20,2453,743,1177
335,48052,19,2458,748,1177
336,48157,24,2462,752,1175
337,48246,22,2478,768,1175
338,48335,17,2491,780,1175
339,48464,16,2493,783,1172
340,48552,15,2512,795,1169
341,48641,17,2515,796,1172
342,48722,15,2516,794,1177
343,48824,16,2522,795,1179
344,48918,15,2533,804,1182
345,49024,17,2539,805,1189
346,49126,18,2542,802,1197
347,49221,17,2543,800,1194
348,49313,17,2549,797,1200
349,49413,19,2562,806,1203
350,49515,18,2566,806,1203
351,49616,18,2576,801,1222
352,49707,16,2589,809,1222
353,49802,16,2599,806,1245
354,49886,16,2598,808,1241
355,49976,15,2606,808,1250
356,50083,20,2605,801,1257
357,50180,23,2608,800,1255
358,50296,29,2612,800,1257
359,50405,20,2632,815,1255
360,50494,16,2645,825,1261
361,50583,16,2648,826,1269
362,50679,20,2652,833,1270
363,50778,16,2665,837,1270
364,50885,19,2665,839,1262
365,50986,19,2669,840,1267
366,51087,19,2679,845,1264
367,51188,19,2680,849,1260
368,51283,19,2690,859,1260
369,51608,260,2692,856,1267
370,51707,16,2694,856,1265
371,51814,18,2703,865,1265
372,51915,17,2706,865,1267
373,52014,16,2707,866,1267
374,52096,17,2710,869,1263
375,52192,17,2721,879,1265
376,52284,18,2719,879,1263
377,52384,16,2716,882,1253
378,52490,16,2722,882,1263
379,52586,16,2730,890,1263
380,52686,16,2731,891,1260
381,52783,17,2734,893,1264
382,52886,16,2735,893,1264
383,52987,21,2734,894,1260
384,53101,19,2741,900,1257
385,53194,18,2752,911,1253
386,53298,25,2759,918,1248
387,53392,22,2756,918,1245
388,53497,21,2758,920,1243
389,53606,28,2760,921,1243
390,53769,17,2766,928,1240
391,53857,18,2783,948,1236
392,53974,20,2785,950,1236
393,54121,20,2783,951,1232
394,54212,21,2785,952,1234
395,54323,23,2785,951,1234
396,54433,20,2787,949,1235
397,54534,19,2788,945,1240
398,54939,320,2803,939,1251
399,55029,18,2806,933,1265
400,55136,20,2822,943,1263
401,55258,23,2834,948,1265
402,55387,18,2845,954,1266
403,55479,19,2850,956,1264
404,55565,19,2864,967,1266
405,55648,19,2862,964,1269
406,55741,19,2863,964,1268
407,55809,18,2865,964,1271
408,55907,18,2877,977,1268
409,56013,18,2886,983,1268
410,56089,18,2888,981,1274
411,56184,19,2890,979,1276
412,56284,18,2892,978,1276
413,56384,18,2893,975,1279
414,56503,21,2907,976,1286
415,56617,20,2906,971,1288
416,56746,18,2908,970,1291
417,56836,19,2912,974,1293
418,56929,17,2913,976,1286
419,57049,21,2913,962,1291
420,57136,21,2908,961,1289
421,57224,20,2923,970,1292
422,57305,18,2930,973,1298
423,57409,19,2936,975,1296
424,57512,18,2947,985,1296
425,57597,19,2965,1003,1296
426,57693,23,2964,1006,1291
427,59328,18,2975,954,1353
428,59435,21,2986,964,1357
429,59516,21,2992,967,1361
430,59618,21,3002,976,1362
431,59717,20,3005,978,1360
432,59803,18,3007,979,1362
433,59893,20,3009,977,1364
434,59986,20,3015,980,1364
435,60112,22,3017,950,1405
436,60237,22,3027,936,1431
437,60354,19,3027,932,1444
438,60472,20,3022,877,1516
439,60601,21,3022,865,1538
440,60707,19,3023,865,1539
441,60814,20,3041,868,1563
442,60922,19,3043,859,1574
443,61021,21,3054,859,1582
444,61138,20,3059,856,1589
445,61240,19,3068,855,1595
446,61342,18,3072,821,1633
447,61460,21,3072,825,1626
448,61585,23,3080,818,1645
449,61716,24,3085,828,1640
450,61850,19,3089,832,1637
451,61969,21,3094,837,1635
452,62075,21,3099,842,1633
453,62177,24,3117,859,1632
454,62330,71,3122,864,1628
455,62446,20,3121,871,1615
456,62574,24,3121,874,1610
457,62703,20,3122,878,1603
458,62814,21,3125,882,1598
459,62934,20,3128,893,1589
460,63048,21,3129,895,1586
461,63156,23,3128,897,1582
462,63275,21,3124,894,1585
463,63389,26,3125,874,1610
464,63487,24,3135,882,1608
465,63594,27,3144,873,1633
466,63712,28,3145,854,1659
467,63828,21,3149,842,1678
468,63938,23,3152,840,1692
469,64064,26,3153,838,1702
470,64178,26,3154,829,1717
471,64304,23,3139,809,1724
472,64389,20,3142,813,1722
473,64495,21,3145,801,1739
474,64602,20,3145,779,1765
475,64687,19,3154,790,1760
476,64802,21,3156,780,1768
477,64934,22,3173,787,1777
478,65021,21,3182,775,1795
479,65127,20,3193,775,1805
480,65227,21,3194,775,1807
481,65327,20,3193,745,1840
482,65587,20,3197,735,1850
483,65692,22,3212,751,1846
484,65788,19,3218,744,1857
485,65880,20,3219,742,1859
486,65963,20,3219,736,1871
487,66059,18,3224,734,1871
488,66160,20,3235,744,1866
489,66259,24,3228,731,1875
490,66383,24,3228,726,1883
491,66483,23,3238,731,1888
492,66578,25,3244,728,1905
493,66707,22,3243,718,1912
494,66807,21,3244,722,1907
495,66903,24,3244,722,1907
496,67016,19,3246,717,1918
497,67138,25,3252,715,1925
498,67235,22,3252,705,1941
499,67353,20,3257,706,1949
500,67444,20,3259,707,1951
501,67539,20,3264,712,1949
502,67635,19,3264,707,1959
503,67744,24,3282,720,1961
504,67860,23,3282,706,1990
505,67981,26,3282,695,2005
506,68122,23,3293,696,2009
507,68214,21,3294,679,2027
508,68330,23,3307,693,2024
509,68648,233,3306,685,2038
510,68745,27,3311,679,2049
511,68857,23,3325,687,2057
512,68954,22,3333,683,2070
513,69058,20,3341,690,2069
514,69159,20,3339,685,2071
515,69255,21,3350,696,2070
516,69353,22,3352,695,2070
517,69453,21,3349,690,2075
518,69551,22,3353,698,2070
519,69649,22,3354,691,2079
520,69746,22,3355,683,2085
521,69844,20,3365,690,2090
522,69952,21,3373,693,2091
523,70052,22,3374,693,2086
524,70152,22,3382,698,2091
525,70255,21,3400,703,2100
526,70355,21,3413,712,2106
527,70460,22,3420,718,2104
528,70555,20,3419,718,2103
529,70654,22,3420,713,2113
530,70788,23,3429,706,2134
531,70894,20,3439,716,2133
532,70994,21,3457,732,2130
533,71098,21,3456,728,2142
534,71223,29,3458,731,2138
535,71335,23,3463,726,2148
536,71991,25,3480,695,2217
537,72117,34,3492,698,2231
538,72225,22,3496,706,2225
539,72316,22,3495,703,2222
540,72431,30,3490,691,2232
541,72532,21,3492,688,2239
542,72638,20,3492,679,2249
543,72728,24,3503,685,2261
544,72834,21,3505,686,2262
545,72936,26,3503,685,2260
546,73032,20,3505,683,2268
547,73136,27,3514,687,2274
548,73272,21,3511,686,2274
549,73376,22,3523,697,2269
550,73474,22,3537,713,2261
551,73591,28,3551,727,2255
552,73705,25,3554,731,2253
553,73809,23,3554,722,2266
554,73927,23,3555,723,2266
555,74043,23,3555,726,2261
556,74155,22,3552,729,2252
557,74265,21,3568,745,2249
558,74380,40,3567,747,2244
559,74500,21,3570,754,2239
560,74605,21,3580,764,2239
561,74721,23,3589,773,2237
562,76639,25,3597,711,2330
563,76733,22,3612,724,2322
564,76835,23,3618,728,2327
565,76935,23,3624,733,2326
566,77021,22,3624,733,2329
567,77112,23,3622,733,2327
568,77203,22,3634,735,2338
569,77295,21,3647,745,2337
570,77398,22,3644,739,2341
571,77501,22,3652,744,2343
572,77609,22,3653,738,2362
573,77729,23,3654,738,2361
574,77830,23,3650,733,2364
575,77914,23,3660,746,2361
576,78014,23,3660,744,2362
577,78116,24,3661,740,2367
578,78216,23,3663,741,2367
579,78316,21,3669,740,2373
580,78407,23,3671,742,2370
581,78495,23,3674,739,2371
582,78598,23,3673,739,2371
583,78686,23,3674,738,2374
584,78804,23,3674,737,2377
585,78919,23,3677,738,2377
586,79019,23,3689,748,2377
587,79163,80,3695,753,2374
588,79253,21,3695,747,2382
589,79347,23,3701,753,2380
590,79444,22,3699,751,2383
591,79535,22,3725,769,2387
592,79631,23,3722,766,2387
593,79717,22,3730,777,2380
594,79803,25,3740,773,2394
595,79911,24,3739,769,2395
596,80012,23,3744,773,2392
597,80128,22,3744,771,2392
598,80243,22,3741,767,2391
599,80345,23,3742,762,2397
600,80445,23,3736,766,2389
601,80539,23,3750,774,2389
602,80645,24,3756,782,2384
603,80750,24,3753,775,2393
604,80845,23,3752,775,2394
605,80929,23,3752,774,2396
606,81029,23,3752,772,2397
607,81128,22,3768,788,2390
608,81214,23,3767,788,2389
609,81310,23,3768,787,2389
610,81418,24,3771,791,2388
611,81530,22,3774,793,2387
612,81632,23,3772,793,2385
613,81811,22,3776,789,2404
614,81907,24,3777,793,2400
615,81989,23,3778,792,2400
616,82087,23,3780,788,2411
617,82177,23,3780,781,2421
618,82269,23,3790,790,2420
619,82364,23,3793,796,2414
620,82450,22,3798,800,2414
621,82566,24,3808,813,2406
622,82667,23,3821,820,2408
623,82753,23,3826,815,2417
624,82861,23,3834,819,2414
625,82957,23,3833,820,2404
626,83057,23,3837,823,2404
627,83155,24,3841,825,2408
628,83247,23,3842,824,2408
629,83348,24,3844,828,2406
630,83439,24,3846,826,2406
631,83531,24,3858,834,2409
632,83634,26,3860,828,2416
633,83729,26,3870,835,2421
634,83850,32,3869,838,2415
635,83944,25,3877,845,2406
636,84044,24,3872,842,2405
637,84140,26,3885,854,2400
638,84331,119,3890,856,2406
639,84419,24,3905,867,2406
640,84509,22,3904,869,2400
641,84600,24,3902,865,2408
642,84706,23,3892,865,2398
643,84795,23,3904,876,2398
644,84904,32,3906,878,2397
645,85016,29,3906,877,2396
646,85117,23,3909,877,2398
647,85211,24,3906,878,2393
648,85307,23,3904,879,2390
649,85412,23,3906,876,2395
650,85515,24,3904,872,2396
651,85623,22,3906,871,2391
652,85710,24,3913,873,2396
653,85799,24,3917,874,2397
654,85886,24,3933,887,2394
655,85992,26,3938,893,2386
656,86098,25,3939,893,2393
657,86209,25,3940,896,2385
658,86287,24,3962,916,2386
659,86406,25,3971,922,2391
660,86509,24,3977,926,2391
661,86617,25,3978,925,2393
662,86706,25,4000,945,2386
663,86862,23,4005,948,2389
664,86945,24,4014,953,2384
665,87039,24,4017,955,2387
666,87123,25,4017,953,2390
667,87208,23,4025,959,2382
668,87310,24,4019,952,2375
669,87399,24,4019,950,2375
670,87505,25,4031,958,2378
671,87605,25,4034,960,2376
672,87700,25,4045,972,2374
673,87809,24,4048,974,2372
674,87906,26,4059,985,2371
675,88000,27,4063,994,2364
676,88098,25,4064,995,2364
677,88196,28,4060,995,2360
678,88304,26,4058,996,2357
679,88405,26,4059,999,2351
680,88499,25,4065,1004,2350
681,88593,26,4070,1009,2341
682,88693,27,4071,1010,2340
683,88793,31,4084,1024,2336
684,88926,25,4085,1025,2336
685,89028,26,4089,1030,2333
686,89130,25,4089,1031,2329
687,89419,232,4089,1025,2329
688,89509,24,4089,1025,2329
689,89605,23,4090,1028,2327
690,89696,24,4091,1029,2326
691,89795,24,4099,1034,2334
692,89909,28,4091,1028,2336
693,90011,25,4102,1036,2324
694,90120,24,4115,1005,2388
695,90228,25,4116,981,2423
696,90340,25,4114,953,2454
697,90442,25,4118,953,2457
698,90546,29,4137,958,2475
699,90651,26,4154,965,2494
700,90759,25,4154,948,2521
701,90864,24,4162,950,2515
702,90981,26,4165,949,2523
703,91083,34,4162,943,2533
704,91191,25,4160,923,2555
705,91305,24,4164,925,2554
706,91406,25,4179,933,2565
707,91515,24,4180,909,2607
708,91633,26,4182,888,2641
709,91742,24,4182,871,2659
710,93590,24,4193,698,2922
711,93709,25,4192,693,2933
712,93820,24,4197,682,2945
713,93928,24,4197,671,2957
714,94031,24,4193,659,2968
715,94138,25,4191,660,2960
716,94242,26,4193,651,2972
717,94336,25,4202,660,2964
718,94458,25,4199,657,2970
719,94551,25,4202,630,3018
720,94667,25,4202,621,3030
721,94781,25,4209,619,3046
722,94889,26,4207,604,3062
723,94988,24,4220,608,3064
724,95093,24,4221,598,3081
725,95208,26,4218,589,3094
726,95305,25,4220,590,3100
727,95403,28,4233,608,3089
728,95492,25,4236,611,3089
729,95604,29,4242,598,3116
730,95707,26,4245,587,3142
731,95806,26,4243,572,3157
732,95948,68,4240,566,3162
733,96067,25,4252,562,3187
734,96159,25,4261,568,3189
735,96263,25,4282,578,3186
736,96356,25,4291,559,3211
737,96458,24,4289,549,3216
738,96564,25,4289,544,3224
739,96687,26,4290,534,3240
740,96790,25,4289,525,3257
741,96897,29,4301,537,3257
742,96992,25,4300,529,3267
743,97115,29,4299,520,3278
744,97241,25,4303,520,3276
745,97356,26,4308,529,3266
746,97456,28,4305,514,3278
747,97551,27,4316,517,3285
748,97657,26,4318,502,3309
749,97755,26,4330,509,3312
750,97856,27,4345,520,3310
751,97981,26,4340,515,3308
752,98087,28,4352,528,3305
753,98182,27,4355,535,3296
754,98280,26,4358,524,3318
755,98476,26,4354,513,3327
756,98578,27,4367,527,3312
757,98670,27,4371,530,3304
758,98768,25,4374,533,3301
759,98871,29,4390,549,3295
760,98968,28,4408,566,3294
761,99074,27,4414,568,3296
762,99182,27,4417,570,3302
763,99291,27,4417,570,3302
764,99395,29,4418,567,3304
765,99503,27,4427,574,3311
766,99615,26,4425,564,3324
767,99736,35,4430,558,3338
768,99829,27,4442,570,3337
769,99936,29,4458,583,3327
770,100039,27,4460,585,3327
771,100135,27,4466,592,3325
772,100238,31,4463,589,3325
773,100349,28,4468,594,3324
774,100456,27,4466,594,3322
775,100561,30,4467,595,3324
776,100765,117,4465,582,3350
777,100878,33,4477,585,3368
778,100969,24,4477,584,3368
779,101085,25,4479,583,3369
780,101175,27,4487,588,3371
781,101273,26,4489,587,3380
782,101408,28,4485,586,3379
783,101514,28,4482,586,3376
784,101621,27,4484,588,3372
785,101732,26,4489,596,3360
786,101833,27,4494,602,3359
787,101936,27,4507,615,3358
788,102046,28,4514,617,3365
789,102152,27,4526,629,3362
790,102252,26,4526,626,3368
791,102357,27,4523,625,3365
792,102461,28,4518,624,3360
793,102560,28,4539,636,3373
794,102655,29,4550,645,3378
795,102765,27,4557,642,3392
796,102856,27,4555,642,3389
797,102968,27,4577,655,3382
798,103167,30,4583,665,3379
799,103283,28,4590,671,3382
800,103388,31,4593,671,3393
801,103493,27,4606,682,3383
802,103592,28,4626,686,3401
803,103685,28,4626,674,3420
804,103799,27,4633,676,3416
805,103904,27,4635,676,3418
806,104022,27,4632,667,3424
807,104132,27,4645,681,3418
808,104248,28,4642,681,3408
809,104354,30,4644,681,3406
810,104457,28,4654,690,3402
811,104565,29,4656,691,3402
812,104644,27,4669,702,3401
813,104743,29,4668,697,3413
814,104841,27,4665,697,3410
815,104942,28,4669,701,3399
816,105058,30,4668,704,3389
817,105160,26,4677,715,3384
818,105249,28,4678,719,3379
819,105483,28,4678,721,3374
820,105574,30,4686,729,3371
821,105684,28,4692,739,3366
822,105788,28,4690,741,3360
823,105887,29,4694,745,3359
824,105991,29,4698,749,3351
825,106098,29,4715,766,3347
826,106202,29,4717,770,3341
827,106307,29,4718,775,3333
828,106415,28,4721,778,3329
829,106522,27,4720,778,3328
830,106632,30,4726,783,3323
831,106772,31,4730,787,3321
832,106899,30,4735,786,3332
833,107022,28,4737,789,3330
834,107140,29,4744,797,3331
835,107235,29,4748,801,3327
836,107333,28,4744,800,3323
837,107441,28,4743,799,3324
838,107642,28,4751,811,3318
839,107735,28,4761,819,3320
840,107839,28,4764,820,3319
841,107934,28,4769,828,3315
842,108034,31,4780,836,3312
843,108141,29,4777,826,3329
844,108230,29,4778,825,3329
845,108334,29,4777,816,3340
846,108438,30,4778,815,3342
847,108545,29,4783,818,3335
848,108640,29,4790,822,3329
849,108726,30,4793,822,3332
850,108824,30,4792,821,3332
851,108944,33,4793,815,3345
852,109033,29,4800,822,3347
853,109129,29,4804,826,3343
854,109234,31,4810,828,3350
855,109352,28,4812,829,3351
856,109545,96,4821,836,3352
857,109621,28,4829,839,3357
858,109726,28,4829,839,3360
859,109831,29,4828,841,3352
860,109946,30,4838,845,3355
861,110049,30,4845,850,3356
862,110134,27,4843,847,3362
863,110233,30,4843,848,3363
864,110341,28,4853,849,3371
865,110444,29,4859,853,3373
866,110535,28,4858,848,3379
867,110657,29,4861,844,3387
868,110757,29,4860,848,3379
869,110876,29,4855,849,3373
870,110994,41,4867,859,3367
871,111094,30,4871,862,3367
872,111193,30,4870,862,3366
873,111286,30,4885,873,3361
874,111386,29,4894,882,3357
875,111583,121,4894,876,3367
876,111686,29,4903,882,3371
877,111787,30,4908,886,3367
878,111895,29,4911,884,3372
879,111997,29,4913,886,3372
880,112103,29,4914,883,3372
881,112204,30,4913,882,3372
882,112315,29,4912,874,3377
883,112428,30,4915,868,3389
884,112530,29,4917,865,3392
885,112624,31,4922,869,3383
886,112719,32,4921,869,3382
887,112835,30,4931,874,3395
888,112935,32,4929,873,3395
889,113069,34,4931,867,3414
890,113182,30,4944,875,3413
891,113282,30,4942,870,3421
892,113388,30,4948,871,3424
893,113502,31,4950,873,3423
894,113708,31,4947,865,3430
895,113802,34,4956,873,3433
896,113911,30,4964,880,3435
897,114028,35,4966,875,3439
898,114141,45,4966,872,3439
899,114247,35,4972,878,3436
900,114366,35,4978,884,3430
901,114507,47,4980,885,3428
902,114611,31,4981,885,3428
903,114704,30,5002,900,3437
904,114806,30,5002,900,3437
905,114913,31,5005,899,3440
906,115024,32,5006,901,3439
907,115135,32,5016,905,3442
908,115269,29,5019,904,3444
909,115380,32,5018,896,3452
910,115466,31,5027,904,3456
911,115680,33,5025,900,3461
912,115790,29,5030,902,3462
913,115891,33,5041,913,3457
914,115988,33,5055,924,3461
915,116079,30,5064,929,3462
916,116178,30,5068,933,3462
917,116280,39,5065,933,3459
918,116388,31,5063,931,3457
919,116499,31,5065,930,3453
920,116615,31,5068,928,3454
921,116710,29,5068,929,3456
922,116821,30,5069,930,3456
923,117038,31,5069,927,3460
924,117137,31,5082,935,3461
925,117253,32,5086,926,3476
926,117359,30,5088,925,3480
927,117476,32,5088,926,3478
928,117698,31,5099,926,3494
929,117795,32,5109,929,3500
930,117904,30,5113,934,3497
931,118001,31,5132,952,3497
932,118105,30,5133,953,3494
933,118223,32,5139,957,3494
934,118331,31,5147,958,3504
935,118431,34,5150,956,3499
936,118533,30,5152,958,3499
937,118629,30,5171,973,3496
938,118738,31,5181,983,3490
939,118867,32,5176,980,3485
940,118982,32,5182,981,3487
941,119086,32,5180,977,3486
942,119562,36,5177,975,3480
943,119668,33,5191,990,3477
944,119752,32,5194,991,3478
945,119861,35,5194,989,3489
946,119957,31,5194,991,3481
947,120083,32,5199,973,3517
948,120213,32,5197,932,3571
949,120328,31,5203,927,3580
950,120448,35,5206,918,3595
951,120568,31,5215,909,3615
952,120688,34,5223,901,3640
953,120804,33,5226,881,3667
954,120915,31,5237,886,3672
955,121030,32,5243,884,3687
956,122779,1656,5247,796,3818
957,122920,32,5247,756,3882
958,123019,31,5259,766,3879
959,123140,31,5262,768,3877
960,123258,31,5272,778,3875
961,123370,31,5274,781,3870
962,123483,35,5272,782,3862
963,123603,33,5271,784,3857
964,123725,33,5272,784,3855
965,123831,30,5282,750,3910
966,123944,30,5284,726,3943
967,124063,35,5292,735,3945
968,124166,33,5296,729,3956
969,124272,32,5305,726,3969
970,124395,61,5305,722,3983
971,124507,32,5313,714,4010
972,124627,32,5324,720,4013
973,124724,33,5334,721,4022
974,124840,30,5339,718,4025
975,124943,35,5341,708,4035
976,125055,32,5339,707,4039
977,125179,31,5342,684,4063
978,125284,32,5343,685,4060
979,125408,36,5347,673,4080
980,125526,32,5354,672,4087
981,125628,31,5359,657,4115
982,125727,33,5359,655,4119
983,125850,31,5358,656,4118
984,126004,68,5360,652,4126
985,126114,30,5368,655,4130
986,126241,40,5369,651,4134
987,126371,39,5369,657,4130
988,126495,32,5369,640,4154
989,126603,30,5376,644,4164
990,126711,31,5384,619,4209
991,126810,31,5391,618,4218
992,126933,31,5392,607,4228
993,127041,31,5391,601,4247
994,127195,31,5392,600,4252
995,127298,32,5402,611,4244
996,127403,33,5401,603,4254
997,127501,32,5401,597,4257
998,127663,32,5414,592,4281
999,127760,31,5418,586,4286
1000,127843,32,5421,589,4280
1001,127955,34,5421,568,4307
1002,128053,35,5437,581,4298
1003,128157,31,5449,591,4296
1004,128278,30,5442,588,4293
1005,128371,35,5447,593,4290
1006,128469,32,5443,582,4297
1007,128576,32,5450,583,4308
1008,128708,33,5454,570,4331
1009,128824,33,5459,558,4358
1010,128914,32,5474,574,4358
1011,129025,33,5472,559,4367
1012,129173,33,5472,559,4372
1013,129282,30,5474,553,4386
1014,129395,35,5484,553,4393
1015,129497,32,5486,552,4393
1016,129607,31,5484,549,4395
1017,129719,32,5488,553,4390
1018,129839,33,5496,556,4398
1019,129964,32,5487,554,4395
1020,130071,31,5494,550,4411
1021,130169,33,5503,558,4412
1022,130277,31,5504,549,4434
1023,130384,33,5511,555,4427
1024,130493,33,5519,563,4427
1025,130592,33,5530,574,4427
1026,130778,31,5534,573,4426
1027,130893,31,5534,572,4427
1028,131012,35,5533,572,4424
1029,131138,34,5536,572,4431
1030,131265,32,5534,573,4429
1031,131370,31,5531,565,4435
1032,131463,32,5541,575,4427
1033,131575,36,5534,559,4437
1034,131672,31,5534,561,4434
1035,131781,31,5531,553,4438
1036,131884,33,5539,559,4436
1037,131992,33,5536,558,4435
1038,132094,31,5543,557,4440
1039,132205,34,5542,552,4446
1040,132388,33,5544,540,4464
1041,132487,33,5546,541,4463
1042,132588,33,5551,544,4468
1043,132708,34,5551,542,4475
1044,132825,33,5552,540,4482
1045,132928,34,5549,537,4483
1046,133032,35,5568,554,4482
1047,133135,34,5587,573,4478
1048,133243,35,5586,570,4481
1049,133364,41,5593,578,4479
1050,133492,34,5603,584,4481
1051,133600,35,5603,581,4491
1052,133719,34,5599,582,4483
1053,133819,32,5603,585,4480
1054,134027,32,5600,578,4496
1055,134140,36,5606,581,4485
1056,134271,37,5610,571,4508
1057,134370,33,5611,573,4503
1058,134483,32,5617,578,4501
1059,134599,33,5612,581,4488
1060,134694,33,5609,581,4485
1061,134803,33,5610,581,4485
1062,134917,32,5611,573,4492
1063,135012,32,5619,583,4486
1064,135108,35,5617,584,4477
1065,135233,34,5620,587,4471
1066,135336,33,5627,587,4486
1067,135446,37,5643,606,4474
1068,135640,130,5643,597,4488
1069,135750,33,5646,597,4492
1070,135855,36,5641,594,4489
1071,135971,33,5643,588,4490
1072,136060,34,5654,591,4501
1073,136174,31,5652,589,4493
1074,136284,33,5657,595,4487
1075,136396,34,5654,593,4492
1076,136507,34,5661,598,4487
1077,136613,33,5657,599,4478
1078,136702,34,5673,614,4475
1079,136805,34,5674,610,4476
1080,136921,38,5680,609,4478
1081,137010,34,5681,607,4481
1082,137212,131,5683,607,4486
1083,137322,32,5684,609,4477
1084,137412,33,5686,611,4477
1085,137514,34,5687,607,4484
1086,137614,33,5707,627,4477
1087,137723,34,5710,630,4477
1088,137828,34,5713,628,4479
1089,137929,33,5715,627,4485
1090,138026,33,5714,625,4490
1091,138140,35,5716,623,4498
1092,138247,34,5717,625,4492
1093,138361,34,5737,645,4487
1094,138475,35,5738,646,4490
1095,138569,33,5747,654,4483
1096,138771,134,5742,655,4474
1097,138862,34,5751,660,4477
1098,138968,34,5754,662,4477
1099,139069,34,5763,669,4484
1100,139171,34,5763,670,4484
1101,139275,34,5761,670,4482
1102,139393,36,5765,674,4479
1103,139484,34,5767,673,4481
1104,139589,34,5780,686,4481
1105,139689,37,5794,696,4482
1106,139796,37,5797,697,4486
1107,139894,33,5805,700,4489
1108,140020,39,5802,695,4490
1109,140248,148,5808,702,4488
1110,140349,32,5814,701,4505
1111,140456,34,5829,714,4496
1112,140592,47,5831,711,4508
1113,140694,38,5843,723,4502
1114,140790,35,5843,721,4506
1115,140903,35,5845,722,4509
1116,141021,35,5845,722,4508
1117,141128,38,5850,727,4501
1118,141237,35,5870,739,4505
1119,141332,35,5871,738,4507
1120,141441,34,5874,737,4506
1121,141565,36,5881,743,4508
1122,141800,154,5886,745,4505
1123,141909,35,5886,741,4510
1124,142017,34,5886,744,4505
1125,142121,35,5897,745,4518
1126,142234,35,5897,747,4514
1127,142339,34,5906,756,4510
1128,142439,35,5905,756,4505
1129,142535,35,5911,761,4500
1130,142639,35,5914,764,4499
1131,142752,35,5915,767,4496
1132,142877,33,5909,768,4484
1133,143123,166,5912,769,4488
1134,143219,33,5921,775,4496
1135,143312,34,5933,782,4490
1136,143397,35,5939,788,4487
1137,143483,35,5962,812,4484
1138,143578,35,5965,816,4483
1139,143679,34,5976,825,4482
1140,143780,36,5987,833,4485
1141,143889,35,5989,834,4484
1142,143993,34,5993,839,4473
1143,144111,37,5990,838,4474
1144,144340,166,5993,840,4473
1145,144459,37,5995,832,4493
1146,144590,36,6001,839,4499
1147,144699,36,6013,850,4496
1148,144795,36,6012,843,4495
1149,144889,34,6018,848,4504
1150,144997,36,6017,848,4503
1151,145112,36,6011,845,4509
1152,145218,38,6014,848,4508
1153,145317,36,6023,855,4516
1154,145439,37,6027,858,4511
1155,145687,36,6045,873,4512
1156,145793,35,6044,873,4511
1157,145898,36,6063,889,4511
1158,146009,36,6063,889,4511
1159,146117,34,6060,885,4516
1160,146214,35,6071,894,4516
1161,146321,37,6074,897,4510
1162,146436,39,6073,895,4506
1163,146535,34,6075,893,4508
1164,146643,35,6080,896,4509
1165,146858,138,6080,892,4513
1166,146972,33,6070,893,4502
1167,147098,38,6075,896,4502
1168,147195,36,6075,896,4502
1169,147291,35,6076,895,4501
1170,147391,37,6080,900,4504
1171,147493,37,6080,899,4504
1172,147601,37,6079,899,4503
1173,147721,36,6078,898,4508
1174,147831,37,6090,913,4508
1175,147946,36,6095,923,4496
1176,148175,36,6100,921,4501
1177,148282,35,6101,921,4501
1178,148384,35,6102,923,4500
1179,148491,35,6102,923,4496
1180,148594,38,6107,931,4486
1181,148720,37,6113,936,4489
1182,148849,36,6115,938,4479
1183,148961,36,6124,942,4485
1184,149083,38,6124,941,4486
1185,149200,36,6128,948,4483
1186,150791,1498,6129,773,4766
1187,150930,33,6128,770,4775
1188,151050,35,6129,736,4830
1189,151161,35,6141,730,4851
1190,151281,38,6139,731,4845
1191,151407,37,6149,741,4844
1192,151531,36,6145,741,4840
1193,151660,34,6146,742,4838
1194,151783,35,6151,747,4834
1195,151882,35,6156,752,4825
1196,152057,70,6155,754,4817
1197,152178,36,6157,755,4814
1198,152298,35,6167,765,4807
1199,152421,35,6164,766,4798
1200,152547,36,6160,766,4794
1201,152665,36,6164,769,4791
1202,152779,35,6163,770,4789
1203,152894,36,6166,776,4782
1204,153001,36,6173,763,4801
1205,153111,37,6181,750,4836
1206,153225,34,6192,747,4857
1207,153379,80,6206,743,4871
1208,153495,37,6213,749,4868
1209,153601,36,6216,739,4887
1210,153724,38,6211,717,4914
1211,153838,33,6222,704,4927
1212,153953,38,6225,705,4926
1213,154060,39,6235,697,4939
1214,154178,38,6233,681,4960
1215,154288,36,6233,677,4964
1216,154420,44,6231,678,4958
1217,154535,36,6238,665,4986
1218,154691,36,6251,662,5004
1219,154800,35,6253,657,5015
1220,154905,36,6260,650,5021
1221,155018,38,6265,652,5020
1222,155142,37,6270,656,5021
1223,155265,36,6272,654,5031
1224,155355,35,6275,657,5027
1225,155492,37,6279,659,5031
1226,155622,36,6287,656,5047
1227,155736,39,6286,655,5046
1228,155855,37,6287,639,5069
1229,156049,36,6304,653,5078
1230,156155,36,6311,659,5076
1231,156271,37,6328,673,5079
1232,156367,37,6347,687,5083
1233,156487,36,6346,671,5099
1234,156595,37,6353,674,5098
1235,156750,47,6358,658,5116
1236,156847,38,6354,654,5119
1237,156960,37,6355,656,5117
1238,157075,37,6350,653,5113
1239,157189,38,6351,653,5115
1240,157343,35,6358,652,5126
1241,157528,37,6346,634,5139
1242,157638,37,6355,640,5135
1243,157764,38,6356,642,5130
1244,157878,37,6366,644,5137
1245,157986,37,6360,643,5135
1246,158092,36,6359,642,5131
1247,158213,38,6359,629,5156
1248,158335,36,6364,633,5158
1249,158449,37,6365,625,5172
1250,158556,38,6365,609,5195
1251,158737,38,6366,597,5215
1252,158853,36,6368,589,5220
1253,158962,35,6378,586,5246
1254,159092,43,6377,585,5246
1255,159205,36,6380,593,5242
1256,159324,37,6386,584,5267
1257,159446,36,6394,584,5274
1258,159557,41,6391,573,5282
1259,159670,38,6392,572,5291
1260,159773,37,6393,574,5290
1261,159889,38,6397,579,5291
1262,160061,95,6401,572,5300
1263,160178,36,6404,573,5306
1264,160291,39,6406,565,5319
1265,160392,38,6412,570,5316
1266,160498,38,6409,574,5301
1267,160629,38,6411,569,5303
1268,160743,37,6418,579,5298
1269,160857,39,6418,581,5296
1270,160986,55,6422,582,5302
1271,161132,41,6422,574,5312
1272,161263,39,6425,570,5317
1273,161481,137,6424,563,5328
1274,161600,39,6428,556,5345
1275,161729,46,6427,547,5361
1276,161849,39,6436,542,5386
1277,161956,39,6437,535,5399
1278,162192,170,6442,540,5397
1279,162329,52,6441,537,5407
1280,162445,38,6454,550,5389
1281,162576,40,6459,552,5391
1282,162709,40,6459,552,5393
1283,162834,41,6464,558,5391
1284,162942,41,6480,571,5387
1285,163160,39,6478,559,5412
1286,163279,38,6485,561,5410
1287,163396,40,6503,565,5427
1288,163518,45,6511,572,5427
1289,163641,40,6509,567,5430
1290,163735,39,6517,576,5428
1291,163858,48,6520,575,5434
1292,163960,37,6522,577,5432
1293,164085,42,6530,586,5429
1294,164192,38,6531,579,5442
1295,164306,44,6534,581,5440
1296,164433,48,6535,570,5453
1297,164642,38,6535,547,5498
1298,164761,39,6537,545,5498
1299,164882,41,6538,546,5493
1300,165016,39,6541,548,5490
1301,165121,38,6552,552,5505
1302,165228,36,6559,547,5522
1303,165351,47,6568,552,5533
1304,165461,39,6575,558,5533
1305,165569,42,6586,560,5539
1306,165694,41,6582,562,5532
1307,165805,37,6603,580,5527
1308,165919,39,6602,573,5535
1309,166186,184,6598,572,5534
1310,166329,44,6611,580,5530
1311,166461,38,6609,577,5534
1312,166569,40,6609,578,5533
1313,166680,40,6606,578,5530
1314,166814,45,6614,579,5535
1315,166941,39,6622,588,5530
1316,167056,37,6617,588,5525
1317,167159,37,6628,598,5519
1318,167271,40,6637,609,5516
1319,167382,40,6638,607,5520
1320,167502,40,6648,623,5509
1321,167771,181,6650,622,5511
1322,167873,40,6648,624,5498
1323,167984,44,6648,608,5529
1324,168101,39,6653,609,5524
1325,168214,40,6652,610,5522
1326,168334,46,6653,610,5523
1327,168472,43,6654,611,5522
1328,168580,40,6652,612,5517
1329,168697,38,6653,612,5518
1330,168815,40,6649,610,5521
1331,168924,39,6664,617,5524
1332,169026,38,6672,623,5518
1333,169235,145,6673,622,5523
1334,169348,36,6676,631,5511
1335,169488,40,6674,631,5509
1336,169604,45,6676,635,5514
1337,169710,40,6690,649,5507
1338,169843,41,6690,649,5507
1339,169963,46,6699,654,5505
1340,170087,38,6700,655,5507
1341,170191,39,6720,674,5504
1342,170297,40,6720,674,5504
1343,170405,43,6724,671,5523
1344,170527,37,6721,676,5513
1345,170784,47,6728,678,5508
1346,170898,37,6729,678,5509
1347,171011,39,6741,687,5509
1348,171130,44,6742,691,5505
1349,171270,45,6749,696,5503
1350,171400,44,6752,697,5498
1351,171521,39,6756,690,5499
1352,171644,40,6759,691,5495
1353,171769,40,6758,692,5493
1354,171875,39,6757,691,5493
1355,171999,48,6759,692,5495
1356,172227,135,6759,690,5495
1357,172352,37,6760,691,5486
1358,172486,48,6757,681,5494
1359,172610,42,6769,693,5493
1360,172717,39,6769,693,5490
1361,172833,37,6783,704,5481
1362,172925,39,6783,704,5481
1363,173047,47,6780,700,5483
1364,173164,46,6785,705,5481
1365,173298,50,6789,705,5486
1366,173447,49,6788,706,5482
1367,173575,41,6793,709,5483
1368,173778,39,6791,702,5495
1369,173881,41,6801,711,5501
1370,173987,40,6801,710,5494
1371,174110,40,6801,707,5499
1372,174228,45,6804,707,5498
1373,174361,43,6822,725,5492
1374,174473,40,6823,726,5492
1375,174604,45,6826,724,5497
1376,174717,40,6839,732,5497
1377,174838,47,6839,733,5494
1378,174951,42,6842,734,5492
1379,175071,41,6850,741,5493
1380,175256,39,6862,752,5496
1381,175374,41,6866,755,5500
1382,175473,41,6880,767,5498
1383,175579,39,6887,774,5494
1384,175675,42,6886,775,5490
1385,175794,44,6892,780,5483
1386,175931,38,6899,790,5476
1387,176019,40,6905,795,5471
1388,176126,39,6911,797,5474
1389,176231,40,6909,794,5472
1390,176345,40,6914,794,5476
1391,176448,39,6919,798,5471
1392,176641,123,6919,796,5477
1393,176737,39,6908,796,5466
1394,176859,39,6910,798,5465
1395,176985,38,6909,795,5467
1396,177101,38,6907,792,5466
1397,177205,41,6909,792,5466
1398,177300,40,6915,797,5459
1399,177421,42,6918,796,5458
1400,177547,39,6920,797,5453
1401,177670,39,6916,794,5448
1402,177784,41,6917,795,5449
1403,177884,41,6929,807,5441
1404,178112,154,6933,808,5445
1405,178225,39,6930,804,5451
1406,178336,41,6941,812,5456
1407,178433,38,6951,822,5448
1408,178544,44,6960,827,5453
1409,178654,41,6960,827,5453
1410,178763,40,6957,826,5455
1411,178876,40,6961,826,5461
1412,178998,42,6961,827,5467
1413,179116,41,6962,824,5471
1414,179235,39,6956,822,5471
1415,179359,39,6954,823,5467
1416,179620,182,6952,823,5465
1417,179710,42,6947,823,5460
1418,179794,39,6955,831,5453
1419,179897,42,6958,834,5453
1420,180014,41,6958,834,5453
1421,180143,40,6955,834,5450
1422,180276,41,6953,836,5445
1423,180404,42,6953,837,5444
1424,180528,41,6973,857,5433
1425,180669,40,6976,859,5432
1426,180788,40,6977,860,5429
1427,180908,42,6977,840,5448
1428,181030,40,6978,816,5483
1429,182600,1490,6978,669,5692
1430,182725,38,6977,558,5866
1431,182847,40,6975,545,5881
1432,182966,40,6973,539,5891
1433,183083,38,6965,524,5915
1434,183210,41,6971,524,5920
1435,183322,39,6974,509,5941
1436,183451,41,6973,509,5940
1437,183588,40,6974,498,5959
1438,183719,45,6980,504,5958
1439,183855,42,6980,504,5958
1440,183959,42,6999,512,5961
1441,184103,69,7009,522,5951
1442,184224,38,7006,514,5962
1443,184342,41,7011,491,5985
1444,184468,41,7023,501,5985
1445,184604,48,7030,496,6011
1446,184752,48,7020,482,6019
1447,184885,52,7025,478,6031
1448,185014,47,7025,470,6044
1449,185139,48,7018,453,6067
1450,185263,47,7037,469,6065
1451,185392,45,7042,471,6065
1452,185519,51,7043,466,6074
1453,185648,50,7056,476,6078
1454,185807,82,7056,472,6088
1455,185928,38,7058,476,6084
1456,186039,42,7060,479,6074
1457,186165,46,7084,492,6078
1458,186263,44,7115,506,6098
1459,186376,43,7116,500,6106
1460,186486,43,7116,484,6130
1461,186603,42,7118,486,6130
1462,186721,41,7128,486,6144
1463,186831,42,7139,487,6160
1464,186939,41,7145,492,6155
1465,187055,41,7151,497,6153
1466,187178,43,7155,477,6193
1467,187378,42,7161,484,6184
1468,187486,40,7164,487,6185
1469,187612,42,7166,489,6181
1470,187729,40,7172,489,6190
1471,187848,41,7183,499,6183
1472,187957,41,7184,500,6182
1473,188082,41,7181,494,6193
1474,188226,42,7189,499,6189
1475,188340,42,7196,505,6193
1476,188469,41,7204,506,6195
1477,188581,42,7223,518,6189
1478,188701,44,7224,511,6201
1479,188900,114,7224,504,6222
1480,189025,44,7217,500,6221
1481,189128,43,7227,509,6219
1482,189268,55,7224,497,6246
1483,189396,44,7221,496,6245
1484,189525,46,7226,499,6244
1485,189667,54,7230,501,6237
1486,189802,63,7230,501,6237
1487,189938,48,7229,497,6237
1488,190069,44,7230,499,6230
1489,190183,44,7232,487,6257
1490,190299,45,7231,484,6262
1491,190433,47,7246,489,6269
1492,190639,48,7245,487,6274
1493,190767,48,7243,484,6277
1494,190898,45,7239,474,6285
1495,191016,50,7242,475,6288
1496,191207,49,7247,476,6298
1497,191321,45,7247,475,6299
1498,191458,46,7247,467,6312
1499,191576,44,7251,465,6318
1500,191690,44,7272,486,6311
1501,191800,44,7272,482,6326
1502,191943,48,7276,486,6321
1503,192110,49,7280,489,6320
1504,192296,114,7276,486,6321
1505,192416,47,7273,484,6324
1506,192537,42,7275,482,6330
1507,192663,52,7284,491,6326
1508,192791,46,7284,491,6326
1509,192905,42,7286,485,6334
1510,193026,47,7286,486,6331
1511,193128,46,7291,491,6325
1512,193264,46,7299,499,6318
1513,193374,43,7304,495,6328
1514,193488,44,7315,506,6328
1515,193602,41,7317,498,6337
1516,193725,47,7316,497,6332
1517,193938,129,7317,494,6339
1518,194064,43,7316,493,6342
1519,194197,47,7317,491,6346
1520,194316,52,7322,495,6339
1521,194454,51,7326,487,6343
1522,194575,45,7328,489,6342
1523,194713,55,7326,488,6344
1524,194845,49,7330,492,6340
1525,194972,51,7329,486,6348
1526,195089,42,7327,486,6346
1527,195219,46,7328,489,6342
1528,195336,43,7324,487,6338
1529,195441,45,7324,485,6341
1530,195641,40,7313,483,6335
1531,195763,42,7320,488,6334
1532,195873,41,7325,492,6331
1533,195994,40,7323,491,6331
1534,196097,40,7324,494,6318
1535,196211,43,7326,496,6315
1536,196323,40,7326,495,6321
1537,196436,40,7336,507,6312
1538,196564,45,7337,504,6322
1539,196682,43,7341,507,6319
1540,196790,43,7341,492,6352
1541,196924,43,7342,486,6361
1542,197178,198,7351,486,6376
1543,197279,43,7360,495,6377
1544,197396,43,7369,504,6373
1545,197507,46,7377,511,6374
1546,197627,44,7384,515,6370
1547,197749,44,7384,515,6370
1548,197872,42,7381,515,6367
1549,197993,44,7392,525,6362
1550,198122,44,7390,523,6366
1551,198232,41,7391,524,6366
1552,198346,43,7395,527,6365
1553,198465,42,7407,539,6354
1554,198573,42,7411,545,6351
1555,198811,163,7408,541,6349
1556,198926,42,7414,549,6340
1557,199049,42,7414,548,6343
1558,199156,43,7429,561,6329
1559,199276,43,7430,562,6329
1560,199388,43,7425,562,6324
1561,199512,45,7424,560,6325
1562,199632,43,7433,568,6322
1563,199754,44,7447,582,6322
1564,199864,42,7458,591,6317
1565,199975,43,7459,591,6320
1566,200079,44,7459,585,6331
1567,200317,161,7461,586,6325
1568,200441,42,7462,587,6330
1569,200552,44,7450,585,6324
1570,200656,42,7451,585,6324
1571,200764,42,7455,589,6324
1572,200881,44,7458,593,6314
1573,201011,45,7460,592,6313
1574,201136,44,7463,591,6311
1575,201252,44,7465,591,6309
1576,201381,44,7466,590,6309
1577,201505,42,7476,600,6301
1578,201647,44,7475,597,6307
1579,201862,145,7494,604,6316
1580,201970,45,7502,611,6310
1581,202080,42,7513,620,6308
1582,202194,43,7513,620,6308
1583,202303,43,7513,620,6308
1584,202420,45,7515,623,6307
1585,202541,46,7521,627,6318
1586,202665,45,7523,622,6327
1587,202802,43,7525,615,6341
1588,202919,44,7525,605,6356
1589,203015,42,7550,629,6350
1590,203136,46,7551,630,6350
1591,203349,135,7555,635,6348
1592,203465,43,7555,632,6355
1593,203569,44,7566,642,6347
1594,203681,44,7570,645,6343
1595,203780,43,7571,646,6343
1596,203933,44,7575,651,6338
1597,204057,45,7579,654,6333
1598,204180,44,7580,651,6336
1599,204313,46,7581,653,6335
1600,204432,46,7582,654,6333
1601,204551,47,7581,652,6337
1602,204659,43,7584,654,6339
1603,204889,149,7584,661,6322
1604,204996,43,7585,661,6322
1605,205135,46,7586,660,6323
1606,205243,45,7597,673,6310
1607,205342,45,7605,677,6319
1608,205481,45,7602,674,6319
1609,205606,44,7601,670,6325
1610,205713,45,7604,673,6321
1611,205822,43,7604,672,6325
1612,205933,45,7604,672,6325
1613,206055,46,7604,675,6322
1614,206168,47,7606,677,6310
1615,206350,113,7614,684,6311
1616,206460,44,7627,695,6305
1617,206585,44,7628,696,6298
1618,206709,45,7628,697,6296
1619,206828,43,7631,700,6293
1620,206940,45,7637,702,6289
1621,207050,45,7637,701,6289
1622,207163,45,7634,701,6286
1623,207292,43,7637,705,6282
1624,207406,48,7637,700,6290
1625,207541,55,7637,699,6291
1626,207672,45,7633,695,6297
1627,207781,44,7634,698,6288
1628,207989,44,7632,696,6295
1629,208109,47,7633,697,6295
1630,208215,44,7634,699,6296
1631,208330,44,7642,706,6294
1632,208460,44,7638,706,6291
1633,208574,45,7636,704,6293
1634,208710,43,7636,705,6290
1635,208827,46,7640,709,6283
1636,208937,44,7637,709,6280
1637,209065,44,7639,709,6279
1638,209188,45,7637,708,6280
1639,209320,50,7628,706,6276
1640,209546,132,7629,707,6273
1641,209659,41,7638,718,6267
1642,209785,44,7646,719,6270
1643,209891,43,7653,727,6262
1644,210011,52,7666,734,6271
1645,210151,48,7668,713,6306
1646,210274,45,7679,706,6333
1647,210417,49,7682,653,6408
1648,210552,48,7684,647,6418
1649,210682,46,7693,639,6440
1650,210822,47,7699,633,6464
1651,210955,46,7704,616,6510
1652,211180,123,7706,606,6540
1653,211307,44,7709,609,6539
1654,211444,44,7715,615,6531
1655,211578,47,7715,617,6529
1656,211704,44,7723,626,6523
1657,211842,46,7721,627,6518
1658,211972,45,7720,627,6517
1659,212106,43,7722,629,6515
1660,212244,51,7721,630,6511
1661,212398,49,7724,635,6508
1662,212519,45,7725,636,6507
1663,212650,42,7726,621,6524
1664,214214,1489,7743,589,6581
1665,214339,44,7744,491,6726
1666,214459,44,7755,485,6750
1667,214577,46,7756,478,6776
1668,214712,47,7762,484,6771
1669,214839,46,7766,479,6791
1670,214965,44,7756,461,6809
1671,215087,44,7760,447,6835
1672,215208,44,7767,454,6834
1673,215346,51,7763,452,6833
1674,215486,44,7765,445,6837
1675,215609,45,7765,441,6845
1676,215748,46,7769,443,6847
1677,215908,44,7771,447,6843
1678,216025,47,7773,435,6863
1679,216164,43,7773,420,6882
1680,216297,46,7790,438,6873
1681,216427,47,7796,447,6873
1682,216558,46,7799,449,6876
1683,216677,43,7814,452,6882
1684,216805,45,7822,460,6880
1685,216934,47,7821,458,6882
1686,217060,42,7817,441,6899
1687,217178,46,7818,443,6898
1688,217304,45,7819,442,6896
1689,217490,90,7817,430,6912
1690,217642,50,7817,422,6924
1691,217824,66,7818,421,6926
1692,217979,53,7815,419,6929
1693,218107,52,7818,409,6951
1694,218255,45,7816,407,6949
1695,218386,44,7815,389,6973
1696,218505,45,7817,383,6986
1697,218615,44,7842,400,6995
1698,218731,45,7851,406,6996
1699,218877,54,7851,400,7001
1700,219001,46,7849,400,6999
1701,219122,45,7850,397,7003
1702,219313,45,7857,403,6998
1703,219445,47,7862,399,7005
1704,219571,46,7862,385,7027
1705,219688,44,7871,396,7021
1706,219805,48,7871,390,7033
1707,219926,47,7871,386,7037
1708,220047,45,7870,386,7036
1709,220179,44,7881,395,7033
1710,220302,45,7905,416,7040
1711,220418,47,7905,415,7043
1712,220547,47,7905,405,7053
1713,220677,50,7918,416,7043
1714,220884,121,7911,409,7054
1715,221006,44,7911,399,7068
1716,221134,45,7929,417,7065
1717,221263,45,7931,419,7063
1718,221382,51,7940,425,7060
1719,221500,46,7940,416,7077
1720,221630,49,7938,416,7075
1721,221754,45,7941,408,7087
1722,221886,46,7941,406,7094
1723,222007,44,7938,404,7093
1724,222134,47,7939,405,7090
1725,222256,45,7940,406,7085
1726,222409,46,7943,408,7085
1727,222626,49,7948,413,7077
1728,222748,47,7946,415,7061
1729,222867,47,7944,409,7064
1730,222977,45,7944,408,7066
1731,223087,46,7942,403,7077
1732,223215,49,7946,406,7074
1733,223332,44,7948,408,7074
1734,223461,48,7946,409,7075
1735,223575,45,7946,409,7075
1736,223690,48,7949,412,7075
1737,223811,44,7944,400,7084
1738,223931,49,7945,401,7079
1739,224148,117,7943,395,7087
1740,224252,46,7953,404,7084
1741,224376,46,7959,408,7081
1742,224509,46,7959,410,7078
1743,224617,44,7959,408,7082
1744,224755,45,7962,416,7079
1745,224870,47,7963,417,7078
1746,224991,45,7969,425,7073
1747,225123,49,7969,419,7089
1748,225234,49,7968,419,7088
1749,225344,46,7967,419,7087
1750,225450,49,7969,422,7084
1751,225578,46,7969,424,7080
1752,225811,142,7967,422,7083
1753,225950,57,7966,423,7081
1754,226069,46,7961,420,7086
1755,226195,45,7960,423,7074
1756,226299,45,7969,432,7070
1757,226414,45,7969,431,7074
1758,226544,46,7974,436,7068
1759,226672,46,7975,436,7068
1760,226795,46,7982,441,7073
1761,226917,46,7983,441,7078
1762,227057,47,7984,442,7078
1763,227176,47,7983,443,7076
1764,227296,55,7996,455,7069
1765,227557,45,7996,444,7086
1766,227686,48,7998,443,7094
1767,227811,47,8001,444,7092
1768,227928,44,8009,453,7090
1769,228043,46,8006,453,7087
1770,228167,48,8009,454,7086
1771,228332,53,8009,454,7090
1772,228449,47,8018,464,7085
1773,228576,45,8024,469,7073
1774,228688,48,8022,468,7074
1775,228809,49,8027,477,7067
1776,228937,44,8023,478,7058
1777,229167,151,8024,478,7059
1778,229297,46,8023,480,7054
1779,229439,47,8026,481,7056
1780,229559,50,8024,480,7061
1781,229673,51,8025,486,7050
1782,229796,47,8025,486,7050
1783,229924,46,8029,490,7049
1784,230049,48,8027,490,7047
1785,230166,46,8029,492,7047
1786,230295,46,8030,493,7043
1787,230413,50,8042,502,7044
1788,230529,48,8042,501,7047
1789,230748,141,8039,500,7048
1790,230876,45,8031,494,7051
1791,230995,43,8038,500,7049
1792,231111,47,8049,508,7043
1793,231241,46,8049,506,7050
1794,231354,45,8051,507,7050
1795,231479,46,8051,508,7047
1796,231607,46,8060,519,7044
1797,231731,50,8067,525,7045
1798,231853,51,8071,529,7044
1799,231978,45,8075,531,7039
1800,232093,44,8098,554,7025
1801,232320,154,8097,551,7029
1802,232445,49,8097,542,7037
1803,232583,50,8105,549,7030
1804,232716,47,8115,558,7032
1805,232840,50,8123,564,7033
1806,232963,48,8127,562,7039
1807,233083,47,8141,575,7043
1808,233199,50,8151,585,7044
1809,233314,46,8151,583,7048
1810,233452,46,8162,596,7038
1811,233564,46,8160,594,7038
1812,233688,51,8160,594,7038
1813,233912,137,8164,598,7034
1814,234037,47,8166,597,7041
1815,234181,55,8174,605,7041
1816,234313,47,8177,609,7040
1817,234444,49,8183,615,7035
1818,234552,48,8203,636,7034
1819,234669,47,8205,638,7029
1820,234781,46,8206,639,7029
1821,234899,49,8230,663,7023
1822,235016,49,8226,662,7025
1823,235148,46,8225,662,7024
1824,235302,59,8229,664,7024
1825,235557,165,8233,671,7017
1826,235681,47,8242,677,7022
1827,235808,47,8239,677,7019
1828,235934,47,8239,674,7022
1829,236059,48,8242,662,7032
1830,236174,48,8242,662,7032
1831,236292,44,8243,663,7029
1832,236422,51,8243,663,7029
1833,236526,50,8243,663,7029
1834,236638,46,8248,668,7029
1835,236761,47,8251,667,7036
1836,236887,50,8260,677,7027
1837,237077,129,8271,684,7032
1838,237195,48,8272,685,7032
1839,237308,47,8279,694,7030
1840,237436,49,8275,697,7024
1841,237557,49,8276,698,7017
1842,237683,48,8284,704,7008
1843,237804,49,8282,704,7006
1844,237969,58,8287,708,7006
1845,238097,48,8288,704,7013
1846,238219,48,8288,700,7018
1847,238336,48,8304,711,7021
1848,238457,48,8311,717,7022
1849,238658,128,8324,727,7015
1850,238777,47,8334,737,7013
1851,238884,46,8340,743,7011
1852,239010,47,8349,751,7010
1853,239134,48,8349,752,7009
1854,239271,51,8349,752,7009
1855,239399,52,8352,752,7008
1856,239525,48,8350,750,7007
1857,239649,48,8357,756,7012
1858,239769,48,8365,764,7010
1859,239896,49,8362,765,7003
1860,240014,48,8361,765,7002
1861,240225,112,8361,738,7035
1862,240385,49,8360,680,7111
1863,240524,48,8359,652,7146
1864,240658,47,8362,641,7163
1865,240800,51,8361,623,7189
1866,240947,53,8363,603,7216
1867,241090,47,8362,575,7250
1868,241230,49,8373,585,7250
1869,241364,50,8370,583,7248
1870,241504,48,8377,583,7247
1871,241640,47,8381,578,7255
1872,241763,48,8381,554,7283
1873,243318,1473,8380,517,7328
1874,243441,48,8386,452,7426
1875,243565,51,8400,466,7424
1876,243695,51,8399,466,7423
1877,243822,49,8403,470,7420
1878,243944,51,8409,476,7417
1879,244063,49,8435,502,7406
1880,244200,48,8435,502,7406
1881,244317,49,8427,494,7411
1882,244457,50,8429,489,7414
1883,244576,48,8422,484,7418
1884,244718,51,8425,475,7430
1885,244882,89,8427,461,7456
1886,244997,47,8432,464,7452
1887,245129,51,8435,462,7454
1888,245264,50,8435,451,7471
1889,245391,47,8449,463,7471
1890,245524,47,8449,446,7488
1891,245689,49,8449,447,7484
1892,245803,50,8447,444,7488
1893,245938,50,8448,435,7506
1894,246057,48,8448,431,7511
1895,246183,45,8453,435,7515
1896,246310,52,8454,433,7517
1897,246430,47,8455,432,7528
1898,246605,49,8454,425,7538
1899,246718,46,8456,426,7543
1900,246856,50,8464,434,7537
1901,246970,51,8464,425,7549
1902,247099,49,8474,434,7541
1903,247218,52,8484,436,7548
1904,247347,48,8487,437,7548
1905,247486,49,8485,411,7584
1906,247609,51,8486,411,7589
1907,247731,46,8484,411,7587
1908,247864,47,8486,413,7592
1909,247984,50,8485,413,7591
1910,248151,53,8484,406,7602
1911,248290,48,8483,405,7602
1912,248417,49,8483,401,7610
1913,248546,48,8485,393,7625
1914,248662,49,8490,401,7623
1915,248791,49,8501,414,7614
1916,248912,49,8511,416,7628
1917,249046,49,8518,424,7624
1918,249173,49,8522,431,7616
1919,249294,48,8526,428,7616
1920,249434,57,8533,439,7605
1921,249562,51,8540,441,7609
1922,249750,107,8541,436,7625
1923,249875,52,8540,436,7624
1924,250010,51,8540,435,7626
1925,250147,65,8547,430,7637
1926,250285,52,8546,430,7636
1927,250427,50,8548,431,7631
1928,250556,49,8548,430,7637
1929,250694,48,8548,430,7633
1930,250805,48,8560,439,7643
1931,250924,49,8578,458,7639
1932,251056,50,8585,463,7646
1933,251183,48,8579,460,7648
1934,251416,141,8577,447,7668
1935,251545,48,8579,450,7665
1936,251683,50,8579,441,7678
1937,251814,51,8578,440,7680
1938,251941,50,8584,438,7694
1939,252067,49,8582,438,7692
1940,252186,49,8579,438,7689
1941,252307,48,8592,450,7676
1942,252439,52,8602,454,7688
1943,252568,49,8603,455,7690
1944,252703,52,8603,455,7690
1945,252827,50,8599,444,7695
1946,253026,115,8595,440,7697
1947,253156,48,8606,450,7692
1948,253283,50,8609,449,7694
1949,253407,52,8618,458,7698
1950,253544,50,8609,457,7697
1951,253667,49,8614,466,7690
1952,253798,50,8615,462,7703
1953,253932,53,8617,466,7698
1954,254055,54,8623,464,7698
1955,254172,50,8623,464,7698
1956,254295,53,8635,473,7702
1957,254427,56,8632,464,7713
1958,254563,51,8630,465,7706
1959,254774,49,8645,477,7694
1960,254899,48,8643,467,7710
1961,255017,51,8648,471,7707
1962,255147,55,8646,471,7705
1963,255266,52,8648,473,7701
1964,255398,49,8656,481,7695
1965,255521,51,8656,480,7701
1966,255641,48,8656,480,7701
1967,255763,50,8658,479,7698
1968,255901,51,8665,486,7688
1969,256033,53,8665,486,7688
1970,256170,49,8671,474,7708
1971,256362,122,8669,474,7706
1972,256498,52,8673,478,7703
1973,256617,47,8669,476,7703
1974,256732,47,8675,469,7722
1975,256867,51,8675,461,7739
1976,256998,51,8676,462,7736
1977,257114,48,8681,464,7735
1978,257242,49,8679,464,7733
1979,257386,55,8686,471,7732
1980,257505,50,8691,476,7730
1981,257631,47,8686,474,7727
1982,257753,47,8704,489,7729
1983,257963,146,8712,487,7734
1984,258099,55,8716,494,7729
1985,258210,52,8716,494,7729
1986,258319,50,8719,497,7729
1987,258463,49,8719,496,7735
1988,258599,51,8721,493,7745
1989,258747,48,8721,494,7742
1990,258880,55,8734,505,7739
1991,259001,50,8745,516,7731
1992,259125,50,8752,522,7732
1993,259259,50,8756,524,7735
1994,259397,50,8762,531,7734
1995,259654,183,8776,542,7734
1996,259834,50,8780,550,7725
1997,259959,51,8778,552,7715
1998,260091,50,8779,553,7712
1999,260219,50,8783,559,7709
2000,260357,52,8781,559,7707
2001,260478,51,8785,563,7701
2002,260607,51,8785,562,7699
2003,260741,53,8785,562,7699
2004,260883,49,8783,548,7709
2005,261002,50,8786,551,7705
2006,261124,55,8784,548,7707
2007,261344,50,8781,545,7712
2008,261480,52,8785,547,7711
2009,261602,49,8783,544,7701
2010,261715,51,8792,554,7700
2011,261839,50,8804,569,7692
2012,261966,54,8811,567,7708
2013,262092,49,8817,569,7711
2014,262223,49,8817,567,7715
2015,262344,52,8825,575,7715
2016,262469,50,8825,573,7722
2017,262696,159,8837,585,7722
2018,262814,49,8839,580,7736
2019,262930,50,8839,580,7736
2020,263044,49,8847,591,7723
2021,263184,51,8849,589,7725
2022,263328,56,8856,594,7728
2023,263444,53,8856,594,7727
2024,263567,51,8853,594,7724
2025,263693,50,8866,603,7723
2026,263811,50,8872,604,7717
2027,263938,52,8872,605,7716
2028,264177,163,8873,607,7712
2029,264293,48,8873,604,7719
2030,264416,51,8883,612,7715
2031,264537,51,8891,619,7713
2032,264665,49,8890,619,7712
2033,264795,51,8892,621,7702
2034,264925,52,8893,625,7694
2035,265068,55,8893,626,7693
2036,265197,52,8896,630,7689
2037,265315,51,8896,629,7689
2038,265449,52,8906,642,7682
2039,265690,50,8904,642,7680
2040,265824,52,8913,654,7677
2041,265939,52,8924,663,7677
2042,266053,52,8923,653,7689
2043,266194,54,8926,653,7692
2044,266332,51,8922,653,7688
2045,266452,53,8933,664,7687
2046,266605,54,8932,659,7683
2047,266733,62,8932,658,7687
2048,266875,52,8947,673,7682
2049,267088,51,8947,674,7681
2050,267219,51,8947,673,7683
2051,267340,53,8949,674,7689
2052,267466,52,8949,673,7693
2053,267574,51,8952,674,7691
2054,267711,56,8954,676,7684
2055,267838,55,8956,678,7684
2056,267965,60,8956,678,7684
2057,268112,57,8970,691,7682
2058,268251,53,8969,695,7675
2059,268441,129,8969,695,7675
2060,268549,50,8969,695,7675
2061,268671,52,8979,705,7665
2062,268816,73,8978,702,7677
2063,268955,52,8981,707,7670
2064,269080,50,8991,717,7669
2065,269234,49,8991,716,7673
2066,269348,53,8995,724,7669
2067,269483,57,8995,724,7669
2068,269607,53,8997,726,7667
2069,269719,52,9000,729,7665
2070,269946,148,9000,729,7665
2071,270081,51,9001,704,7712
2072,270227,51,9003,699,7718
2073,270388,53,9000,677,7752
2074,270524,52,9016,670,7773
2075,270671,54,9016,655,7796
2076,270813,57,9017,626,7847
2077,270957,53,9027,628,7857
2078,271087,55,9037,615,7873
2079,271219,51,9042,616,7868
2080,271430,129,9041,609,7879
2081,271603,52,9045,555,7953
2082,271742,56,9045,534,7980
2083,271873,51,9036,509,8012
2084,272008,53,9042,515,8001
2085,272148,51,9042,515,8001
2086,272280,51,9060,533,7991
2087,272409,53,9055,533,7986
2088,272544,55,9056,534,7980
2089,272688,51,9055,534,7979
2090,272827,55,9056,538,7971
2091,273154,249,9072,554,7966
2092,273283,51,9069,554,7963
2093,273425,54,9072,559,7953
2094,273560,52,9072,552,7970
2095,273694,54,9071,535,7989
2096,273834,64,9074,536,7995
2097,273970,55,9074,535,7994
2098,274099,56,9078,528,8001
2099,274229,51,9081,523,8020
2100,274354,53,9090,512,8045
2101,274489,54,9097,516,8038
2102,276129,1563,9097,440,8173
2103,276264,54,9106,439,8193
2104,276421,69,9113,438,8195
2105,276554,52,9123,446,8195
2106,276679,51,9127,439,8205
2107,276800,52,9131,443,8201
2108,276954,56,9135,436,8213
2109,277074,53,9143,429,8241
2110,277203,56,9146,424,8250
2111,277351,52,9149,425,8250
2112,277493,54,9158,411,8276
2113,277658,52,9154,411,8272
2114,277797,54,9157,417,8265
2115,277931,52,9158,420,8258
2116,278061,52,9155,420,8255
2117,278189,53,9155,423,8252
2118,278315,55,9151,418,8252
2119,278425,53,9155,412,8259
2120,278562,56,9160,414,8265
2121,278678,52,9164,417,8256
2122,278812,54,9165,416,8260
2123,278938,50,9170,411,8271
2124,279081,51,9173,408,8284
2125,279199,52,9169,409,8279
2126,279340,53,9170,410,8276
2127,279473,50,9179,410,8279
2128,279607,51,9180,390,8310
2129,279743,56,9187,400,8304
2130,279868,52,9189,392,8319
2131,279996,55,9187,386,8318
2132,280119,61,9203,402,8314
2133,280257,53,9201,387,8337
2134,280423,86,9205,391,8329
2135,280556,51,9203,393,8323
2136,280686,53,9214,388,8347
2137,280804,52,9219,394,8339
2138,280978,54,9219,387,8348
2139,281102,56,9221,382,8357
2140,281219,53,9215,371,8364
2141,281358,55,9219,374,8359
2142,281501,62,9219,370,8373
2143,281628,54,9212,370,8366
2144,281768,54,9222,378,8366
2145,281931,90,9220,378,8364
2146,282078,52,9229,385,8361
2147,282209,54,9231,386,8362
2148,282343,54,9233,380,8374
2149,282482,53,9231,375,8380
2150,282618,52,9234,375,8381
2151,282743,52,9243,384,8379
2152,282877,53,9251,391,8380
2153,283010,52,9249,385,8390
2154,283159,52,9248,387,8381
2155,283300,52,9252,391,8379
2156,283496,114,9250,392,8376
2157,283619,55,9261,401,8379
2158,283767,51,9261,401,8379
2159,283884,52,9265,407,8377
2160,284028,52,9271,411,8374
2161,284158,53,9289,429,8364
2162,284295,51,9288,415,8384
2163,284431,58,9291,421,8379
2164,284557,55,9305,425,8386
2165,284688,53,9303,426,8382
2166,284816,55,9303,424,8390
2167,284987,101,9309,431,8388
2168,285115,53,9309,424,8401
2169,285241,57,9319,433,8385
2170,285380,55,9320,431,8394
2171,285516,55,9327,437,8398
2172,285658,57,9328,435,8408
2173,285777,54,9328,427,8420
2174,285890,54,9341,436,8426
2175,286042,57,9342,437,8422
2176,286172,53,9341,438,8418
2177,286288,52,9349,443,8431
2178,286463,88,9349,443,8431
2179,286605,52,9348,443,8430
2180,286735,53,9345,444,8423
2181,286871,56,9347,439,8430
2182,287009,61,9348,438,8431
2183,287113,56,9364,454,8419
2184,287232,52,9369,462,8415
2185,287365,55,9369,461,8415
2186,287494,54,9372,464,8409
2187,287633,57,9382,473,8402
2188,287800,68,9383,473,8405
2189,287997,125,9382,478,8390
2190,288123,58,9390,482,8400
2191,288254,54,9389,482,8399
2192,288378,54,9389,481,8402
2193,288506,58,9386,476,8414
2194,288640,56,9386,476,8420
2195,288770,53,9386,473,8427
2196,288897,52,9388,477,8418
2197,289043,56,9386,475,8418
2198,289180,55,9385,466,8435
2199,289323,54,9379,466,8429
2200,289456,59,9376,465,8426
2201,289636,110,9377,468,8420
2202,289767,54,9378,469,8416
2203,289908,54,9377,474,8409
2204,290033,53,9378,482,8402
2205,290147,57,9380,484,8396
2206,290275,54,9383,487,8394
2207,290483,55,9382,486,8391
2208,290607,55,9385,479,8412
2209,290742,61,9383,478,8414
2210,290854,54,9391,486,8409
2211,290992,58,9401,493,8416
2212,291125,54,9398,492,8417
2213,291328,54,9399,496,8413
2214,291464,52,9398,494,8417
2215,291578,53,9402,498,8417
2216,291712,55,9417,513,8417
2217,291828,56,9420,514,8410
2218,291959,55,9417,513,8412
2219,292083,58,9426,520,8410
2220,292220,56,9421,513,8407
2221,292339,56,9423,514,8404
2222,292461,56,9431,522,8404
2223,292587,53,9437,528,8392
2224,292783,124,9437,528,8392
2225,292915,56,9438,529,8389
2226,293053,60,9436,530,8383
2227,293187,56,9436,530,8383
2228,293305,55,9441,535,8388
2229,293423,54,9441,533,8392
2230,293557,59,9438,531,8393
2231,293699,57,9430,531,8385
2232,293828,57,9430,531,8385
2233,293946,57,9445,546,8383
2234,294089,59,9449,545,8380
2235,294208,54,9446,544,8380
2236,294410,135,9447,545,8376
2237,294518,52,9455,551,8379
2238,294640,55,9465,559,8377
2239,294767,55,9465,559,8377
2240,294909,55,9465,559,8377
2241,295044,58,9473,567,8365
2242,295185,58,9473,565,8372
2243,295315,58,9472,567,8368
2244,295433,55,9475,568,8370
2245,295557,52,9475,568,8370
2246,295713,69,9476,569,8372
2247,295864,56,9478,571,8368
2248,296156,183,9477,570,8372
2249,296283,56,9477,568,8377
2250,296405,56,9478,564,8375
2251,296539,56,9487,568,8380
2252,296659,55,9489,569,8381
2253,296793,55,9488,566,8386
2254,296933,56,9490,569,8381
2255,297076,55,9490,568,8384
2256,297205,53,9493,570,8381
2257,297332,54,9493,570,8381
2258,297466,56,9495,571,8379
2259,297695,158,9511,588,8371
2260,297816,54,9515,592,8367
2261,297934,57,9519,598,8365
2262,298080,58,9520,599,8363
2263,298212,55,9527,605,8357
2264,298352,56,9527,602,8363
2265,298507,57,9527,602,8363
2266,298636,54,9526,602,8362
2267,298759,54,9526,598,8368
2268,298881,54,9527,599,8368
2269,299024,55,9529,599,8371
2270,299261,54,9527,595,8373
2271,299378,54,9529,597,8366
2272,299520,57,9528,593,8374
2273,299639,54,9529,594,8371
2274,299748,55,9528,592,8373
2275,299867,57,9537,596,8380
2276,299993,54,9534,596,8377
2277,300130,54,9537,582,8393
