tick,timestamp,query_runtime,trav_index_nodes,trav_vol_nodes,trav_unprod_nodes
0,420,3,6,6,0
1,622,2,11,11,0
2,2113,3,22,22,0
3,2275,3,29,29,0
4,2430,3,31,31,0
5,2614,2,43,43,0
6,2761,1,53,53,0
7,2939,3,57,57,0
8,3113,2,62,62,0
9,3272,2,67,67,0
10,3419,4,69,69,0
11,3576,2,76,76,0
12,3734,2,83,83,0
13,3869,2,86,86,0
14,3986,2,93,93,0
15,4094,1,97,97,0
16,4738,1,103,103,0
17,4868,1,103,103,0
18,5006,2,117,117,0
19,5151,1,122,122,0
20,5266,4,132,132,0
21,5394,2,134,134,0
22,5520,3,138,138,0
23,5658,2,141,141,0
24,5783,3,151,151,0
25,5926,5,153,153,0
26,6039,4,153,153,0
27,6159,4,154,154,0
28,6277,3,157,157,0
29,6389,4,169,169,0
30,6486,3,170,170,0
31,8417,3,181,181,0
32,8523,5,184,184,0
33,8600,3,196,196,0
34,8711,2,199,199,0
35,8808,2,199,199,0
36,8916,2,208,208,0
37,9003,4,208,208,0
38,9102,2,209,209,0
39,9223,4,210,210,0
40,9325,6,215,215,0
41,9428,3,229,229,0
42,9546,6,234,234,0
43,9655,3,234,234,0
44,9753,3,238,238,0
45,9859,3,240,240,0
46,9950,3,253,253,0
47,10035,3,255,255,0
48,10139,4,266,266,0
49,10230,3,274,274,0
50,10334,3,284,284,0
51,10425,4,284,284,0
52,10514,3,292,292,0
53,10633,9,300,300,0
54,10739,4,311,311,0
55,10829,5,324,324,0
56,10928,4,325,325,0
57,11016,3,326,326,0
58,11122,4,329,329,0
59,11212,4,339,339,0
60,11305,3,350,350,0
61,11410,4,366,366,0
62,11497,7,375,375,0
63,11589,4,376,376,0
64,11692,6,380,380,0
65,11776,4,383,383,0
66,11878,5,384,384,0
67,11991,4,388,388,0
68,12151,4,390,390,0
69,12241,4,404,404,0
70,12341,5,405,405,0
71,12414,4,415,415,0
72,12499,4,421,421,0
73,12601,5,423,423,0
74,12695,5,430,430,0
75,12791,5,431,431,0
76,12869,5,433,433,0
77,12962,6,435,435,0
78,13062,5,439,439,0
79,13146,5,442,442,0
80,13215,5,449,449,0
81,13294,5,452,452,0
82,13366,5,454,454,0
83,13442,5,464,464,0
84,13530,5,473,473,0
85,13624,6,478,478,0
86,13820,4,478,478,0
87,13916,6,478,478,0
88,13997,7,487,487,0
89,14093,5,488,488,0
90,14207,7,491,491,0
91,14302,6,494,494,0
92,14386,5,497,497,0
93,14472,5,497,497,0
94,14560,5,497,497,0
95,14656,5,506,506,0
96,14755,6,514,514,0
97,14826,6,528,528,0
98,14890,5,534,534,0
99,14971,5,535,535,0
100,15053,6,545,545,0
101,15144,5,556,556,0
102,15248,6,561,561,0
103,15375,6,572,572,0
104,15482,7,574,574,0
105,15570,6,584,584,0
106,15665,5,587,587,0
107,15753,6,591,591,0
108,15852,6,598,598,0
109,15927,7,602,602,0
110,16041,7,606,606,0
111,16120,7,607,607,0
112,16211,6,607,607,0
113,16323,6,609,609,0
114,16406,7,633,633,0
115,16525,7,636,636,0
116,16631,9,637,637,0
117,16726,7,640,640,0
118,16806,6,641,641,0
119,16924,48,643,643,0
120,17046,7,649,649,0
121,17141,7,651,651,0
122,17220,6,651,651,0
123,17310,7,655,655,0
124,17413,6,656,656,0
125,17490,6,657,657,0
126,17574,7,667,667,0
127,17672,9,670,670,0
128,17762,6,672,672,0
129,17833,7,682,682,0
130,17923,9,688,688,0
131,18011,7,691,691,0
132,18090,8,703,703,0
133,18160,7,732,732,0
134,18261,8,733,733,0
135,18335,8,736,736,0
136,18484,7,738,738,0
137,18557,7,738,738,0
138,18649,7,747,747,0
139,18730,8,749,749,0
140,18842,9,753,753,0
141,18953,10,758,758,0
142,19033,7,761,761,0
143,19173,9,765,765,0
144,19252,8,768,768,0
145,19347,8,769,769,0
146,19437,11,776,776,0
147,19527,9,777,777,0
148,19618,9,782,782,0
149,19721,9,785,785,0
150,19820,8,788,788,0
151,19904,8,790,790,0
152,20116,10,798,798,0
153,20217,11,806,806,0
154,20334,9,810,810,0
155,20411,8,819,819,0
156,20492,10,819,819,0
157,20598,9,821,821,0
158,20702,9,825,825,0
159,20798,9,825,825,0
160,20894,12,829,829,0
161,20980,9,829,829,0
162,21070,10,836,836,0
163,21156,11,838,838,0
164,21240,10,839,839,0
165,21335,9,840,840,0
166,21422,12,840,840,0
167,21631,136,857,857,0
168,21706,9,865,865,0
169,21789,9,869,869,0
170,21875,9,869,869,0
171,21969,9,875,875,0
172,22040,10,879,879,0
173,22134,9,880,880,0
174,22226,11,884,884,0
175,22334,11,888,888,0
176,22417,9,905,905,0
177,22529,9,907,907,0
178,22605,10,915,915,0
179,22714,9,926,926,0
180,22793,9,937,937,0
181,22858,10,953,953,0
182,22935,10,954,954,0
183,23160,10,964,964,0
184,23244,10,965,965,0
185,23321,10,972,972,0
186,23464,21,978,978,0
187,23550,10,978,978,0
188,23628,12,983,983,0
189,23717,10,985,985,0
190,23816,9,987,987,0
191,23913,11,990,990,0
192,24007,11,997,997,0
193,24096,11,1006,1006,0
194,24178,11,1012,1012,0
195,24272,12,1017,1017,0
196,24370,11,1022,1022,0
197,24547,86,1024,1024,0
198,24646,9,1025,1025,0
199,24737,10,1026,1026,0
200,24828,11,1028,1028,0
201,24920,11,1036,1036,0
202,25010,11,1037,1037,0
203,25102,11,1037,1037,0
204,25193,12,1037,1037,0
205,25286,11,1045,1045,0
206,25377,10,1045,1045,0
207,25473,10,1046,1046,0
208,25595,12,1046,1046,0
209,25692,11,1048,1048,0
210,25777,11,1052,1052,0
211,25859,11,1063,1063,0
212,26015,14,1068,1068,0
213,26112,10,1068,1068,0
214,26220,14,1072,1072,0
215,26321,13,1073,1073,0
216,26400,11,1073,1073,0
217,26489,11,1076,1076,0
218,26582,12,1083,1083,0
219,26682,12,1088,1088,0
220,26769,11,1092,1092,0
221,26862,12,1111,1111,0
222,26952,12,1121,1121,0
223,27050,12,1124,1124,0
224,27163,13,1126,1126,0
225,27252,11,1143,1143,0
226,27367,12,1144,1144,0
227,27451,12,1145,1145,0
228,27540,12,1147,1147,0
229,27624,14,1148,1148,0
230,27719,16,1155,1155,0
231,27796,15,1164,1164,0
232,27874,11,1168,1168,0
233,27971,13,1169,1169,0
234,28064,12,1170,1170,0
235,28154,11,1170,1170,0
236,28259,17,1178,1178,0
237,28346,16,1178,1178,0
238,28445,15,1179,1179,0
239,28533,12,1187,1187,0
240,28653,12,1195,1195,0
241,28740,11,1196,1196,0
242,28836,13,1199,1199,0
243,28935,12,1201,1201,0
244,29024,12,1202,1202,0
245,29108,13,1212,1212,0
246,29185,12,1216,1216,0
247,29279,14,1218,1218,0
248,29367,13,1222,1222,0
249,29456,12,1228,1228,0
250,29560,12,1236,1236,0
251,29643,14,1247,1247,0
252,29745,13,1257,1257,0
253,29843,13,1262,1262,0
254,29966,12,1262,1262,0
255,30076,16,1265,1265,0
256,30161,18,1266,1256,3
257,30273,20,1263,1229,16
258,30375,19,1257,1225,6
259,30461,25,1252,1204,16
260,30558,16,1237,1190,11
261,30689,22,1229,1175,8
262,30773,15,1231,1172,6
263,30863,17,1231,1178,0
264,30943,13,1250,1197,0
265,31060,12,1251,1198,0
266,31145,14,1265,1212,0
267,31236,15,1271,1218,0
268,31384,12,1271,1218,0
269,31471,12,1282,1229,0
270,31554,13,1295,1242,0
271,31650,13,1304,1251,0
272,31745,14,1315,1262,0
273,31844,14,1316,1263,0
274,31930,13,1316,1263,0
275,32002,13,1332,1279,0
276,32093,16,1333,1269,5
277,32190,17,1332,1257,7
278,32276,16,1333,1257,4
279,32371,17,1335,1254,3
280,32466,18,1332,1249,4
281,32623,77,1335,1248,9
282,32710,23,1334,1202,52
283,32794,18,1292,1202,4
284,32879,17,1288,1187,14
285,32976,15,1277,1179,2
286,33080,16,1278,1165,10
287,33167,17,1282,1172,3
288,33258,17,1281,1166,5
289,33363,21,1281,1157,9
290,33464,21,1281,1152,5
291,33564,23,1276,1133,14
292,33651,18,1263,1124,7
293,33767,23,1273,1121,18
294,33878,31,1257,1095,26
295,34187,29,1243,1070,29
296,34277,13,1225,1081,0
297,34396,15,1226,1082,0
298,34499,15,1233,1089,0
299,34582,12,1238,1094,0
300,34677,17,1239,1095,0
301,34770,18,1252,1086,16
302,34862,14,1242,1091,1
303,34952,17,1247,1084,10
304,35060,19,1239,1061,21
305,35146,18,1224,1054,13
306,35243,24,1214,1041,13
307,35343,17,1202,1027,14
308,35444,21,1192,1023,4
309,35631,21,1190,988,38
310,35717,16,1156,976,11
311,35812,22,1151,970,13
312,35897,15,1144,966,10
313,35986,16,1139,962,9
314,36071,19,1135,963,2
315,36176,17,1134,954,12
316,36267,17,1141,951,23
317,36361,13,1119,951,2
318,36463,14,1123,946,10
319,36547,15,1120,941,8
320,36640,11,1113,942,0
321,36733,12,1115,944,0
322,36814,11,1126,955,0
323,36892,12,1133,962,0
324,37076,126,1138,967,0
325,37175,11,1142,971,0
326,37255,10,1146,975,0
327,37346,12,1148,977,0
328,37431,11,1149,978,0
329,37534,12,1153,982,0
330,37631,12,1157,986,0
331,37708,12,1161,990,0
332,37790,15,1171,1000,0
333,37895,14,1181,1010,0
334,37980,14,1181,1010,0
335,38078,15,1188,1017,0
336,38191,18,1192,1021,0
337,38297,11,1193,1022,0
338,38395,14,1197,1018,5
339,38463,16,1193,1015,3
340,38658,18,1191,985,24
341,38746,15,1172,981,6
342,38833,15,1169,980,3
343,38943,15,1171,978,3
344,39029,14,1180,979,4
345,39122,15,1184,984,4
346,39207,21,1181,979,2
347,39283,16,1181,977,3
348,39378,18,1191,980,8
349,39444,16,1185,976,5
350,39529,12,1194,989,0
351,39616,17,1216,1004,9
352,39711,18,1215,991,16
353,39797,16,1204,994,2
354,39886,17,1204,987,10
355,40107,149,1200,972,26
356,40204,18,1178,964,11
357,40291,15,1180,965,10
358,40386,20,1176,953,17
359,40484,17,1163,954,3
360,40580,14,1164,945,2
361,40674,17,1172,941,10
362,40759,15,1173,944,6
363,40865,15,1177,947,8
364,40940,15,1171,947,2
365,41037,15,1170,941,9
366,41125,16,1180,953,7
367,41222,18,1176,943,6
368,41323,15,1172,940,8
369,41402,16,1181,941,10
370,41593,15,1179,939,10
371,41676,14,1173,940,2
372,41758,15,1174,940,7
373,41821,16,1182,949,4
374,41905,16,1178,941,7
375,42005,18,1182,946,5
376,42078,13,1183,952,0
377,42160,19,1191,950,7
378,42252,16,1191,944,12
379,42334,20,1182,933,15
380,42424,17,1171,923,16
381,42509,14,1157,919,4
382,42606,15,1155,914,6
383,42706,18,1155,905,13
384,42786,15,1144,896,8
385,43002,17,1138,875,22
386,43083,13,1119,876,3
387,43170,14,1119,878,3
388,43266,16,1128,880,11
389,43365,22,1131,883,10
390,43453,14,1127,885,3
391,43530,14,1139,892,3
392,43624,16,1149,896,4
393,43715,16,1151,886,11
394,43820,15,1147,892,0
395,43890,11,1152,896,0
396,43968,15,1154,893,7
397,44044,12,1148,893,0
398,44128,17,1151,876,22
399,44215,16,1139,885,1
400,44297,16,1142,872,18
401,44758,16,1137,868,14
402,44835,15,1131,874,3
403,44928,14,1128,865,9
404,45015,19,1122,859,9
405,45114,16,1131,868,8
406,45196,16,1135,875,2
407,45288,12,1133,875,0
408,45369,14,1138,875,4
409,45456,14,1139,874,3
410,45538,12,1142,878,0
411,45618,14,1146,878,4
412,45724,24,1145,879,2
413,45806,12,1148,884,0
414,46054,193,1151,886,1
415,46140,15,1160,880,13
416,46232,15,1148,879,0
417,46313,13,1161,889,4
418,46408,17,1159,886,8
419,46496,15,1153,884,2
420,46570,11,1152,885,0
421,46665,13,1154,887,0
422,46752,15,1156,889,0
423,46821,12,1157,886,0
424,46908,16,1167,894,3
425,46981,11,1164,894,0
426,47048,12,1173,903,0
427,47126,18,1174,900,5
428,47353,156,1170,897,4
429,47434,19,1171,894,8
430,47525,16,1168,876,24
431,47603,14,1147,879,0
432,47677,14,1150,878,5
433,47757,14,1151,883,2
434,47843,15,1149,874,9
435,47927,15,1143,865,13
436,48008,14,1134,865,2
437,48084,14,1147,879,2
438,48173,16,1148,879,3
439,48267,13,1158,890,1
440,48358,15,1165,889,5
441,48436,14,1171,898,2
442,48720,18,1172,893,14
443,48829,13,1167,900,0
444,48910,15,1173,903,1
445,48989,12,1188,916,0
446,49079,16,1192,915,5
447,49161,14,1188,914,2
448,49254,14,1187,911,3
449,49320,15,1184,904,7
450,49409,15,1182,907,2
451,49484,12,1185,912,0
452,49568,15,1187,906,9
453,49672,16,1178,903,3
454,49756,15,1177,896,6
455,51852,25,1172,843,58
456,51945,16,1124,851,2
457,52104,17,1122,843,5
458,52193,22,1119,837,8
459,52278,11,1115,837,0
460,52367,17,1119,841,0
461,52455,16,1121,839,6
462,52550,14,1118,840,6
463,52639,15,1114,840,1
464,52726,16,1113,824,16
465,52806,15,1108,831,3
466,52889,18,1105,829,3
467,52981,14,1102,828,0
468,53124,41,1105,830,0
469,53223,21,1118,835,8
470,53309,20,1113,836,3
471,53396,15,1119,840,6
472,53487,14,1120,846,1
473,53587,13,1123,850,0
474,53683,14,1133,858,3
475,53767,19,1134,843,30
476,53874,17,1105,832,17
477,53973,21,1092,812,30
478,54070,18,1075,813,18
479,54163,16,1063,801,12
480,54279,19,1053,793,11
481,54424,19,1050,798,4
482,54756,23,1051,761,43
483,54857,15,1012,764,1
484,54966,17,1015,755,14
485,55097,20,1005,720,41
486,55190,17,971,716,12
487,55292,18,959,699,17
488,55426,35,950,692,20
489,55574,18,934,693,4
490,55673,19,937,687,12
491,55792,13,930,674,18
492,55889,14,917,673,8
493,55986,15,914,671,8
494,56078,14,910,665,13
495,56175,13,904,658,10
496,56343,82,902,637,30
497,56501,17,874,610,29
498,56647,14,852,607,11
499,56737,14,850,606,12
500,56835,11,849,611,4
501,56940,16,850,589,32
502,57053,15,823,586,11
503,57152,14,821,589,7
504,57248,11,814,586,4
505,57345,9,811,587,0
506,57425,11,824,596,7
507,57509,11,824,596,5
508,57612,14,820,596,1
509,57700,12,820,576,23
510,57792,13,818,587,13
511,57922,13,807,580,12
512,58086,15,795,574,6
513,58202,17,820,596,10
514,58304,12,813,588,11
515,58418,15,810,591,2
516,58517,13,813,585,13
517,58617,14,810,594,2
518,58718,13,816,593,12
519,58821,15,811,586,19
520,58911,15,808,585,21
521,59008,16,798,590,7
522,59110,15,797,586,11
523,59229,25,793,573,18
524,59366,11,779,571,9
525,59485,22,773,560,17
526,59569,9,759,559,2
527,59649,11,768,562,3
528,59819,11,767,544,21
529,59906,10,753,549,1
530,59980,10,768,560,5
531,60067,10,770,563,4
532,60160,12,775,567,8
533,60239,10,776,573,2
534,60333,10,778,575,1
535,60453,11,789,582,3
536,60535,12,805,592,9
537,60633,8,801,596,0
538,60722,11,810,596,9
539,60821,11,808,598,2
540,60898,9,817,609,0
541,61018,12,823,610,4
542,61100,14,830,608,13
543,61178,11,820,608,8
544,61246,9,813,609,0
545,61405,9,817,613,0
546,61488,10,820,611,6
547,61573,12,816,611,2
548,61667,10,816,612,1
549,61774,14,818,613,4
550,61856,10,816,611,6
551,61937,11,825,622,0
552,62028,11,828,621,6
553,62103,9,830,629,0
554,62198,14,831,624,8
555,62288,9,828,626,1
556,62368,12,844,637,2
557,62438,9,845,640,0
558,62525,12,856,648,2
559,62624,10,855,649,0
560,62715,14,860,647,9
561,62812,16,855,642,13
562,62996,105,853,650,2
563,63094,12,857,648,5
564,63184,16,871,655,27
565,63279,12,844,647,10
566,63368,10,834,647,0
567,63447,12,842,646,11
568,63537,10,836,650,1
569,63616,10,835,649,1
570,63695,9,843,658,0
571,63776,12,844,654,5
572,63852,10,851,666,0
573,63951,13,851,659,11
574,64042,12,850,669,0
575,64121,11,859,676,1
576,64214,11,866,683,0
577,64290,9,873,690,0
578,64388,12,882,698,1
579,64489,11,889,702,1
580,64675,9,889,703,0
581,64762,11,895,706,1
582,64877,22,901,706,9
583,64969,11,896,708,2
584,65087,14,912,718,8
585,65180,13,905,716,3
586,65255,9,906,720,0
587,65333,12,911,724,1
588,65413,10,921,735,0
589,65483,10,934,745,0
590,65572,9,936,747,0
591,65680,12,939,745,7
592,65768,9,935,746,0
593,65866,14,948,757,3
594,65979,13,956,752,16
595,66057,14,942,749,7
596,66165,13,938,751,1
597,66354,127,942,746,9
598,66436,13,936,748,2
599,66520,12,941,745,9
600,66601,9,943,754,0
601,66694,15,943,749,5
602,66803,12,941,745,5
603,66886,12,940,747,1
604,66984,13,939,736,10
605,67068,10,945,750,0
606,67153,13,952,753,7
607,67244,12,957,760,3
608,67337,12,965,769,2
609,67423,12,966,771,0
610,67536,14,968,765,8
611,67646,14,963,766,2
612,67746,13,963,763,8
613,67820,10,962,770,0
614,68040,163,962,765,4
615,68122,13,958,760,4
616,68212,15,954,751,8
617,68299,11,946,750,1
618,68386,13,952,756,3
619,68479,10,954,761,0
620,68565,12,961,762,1
621,68663,10,960,762,0
622,68756,13,968,762,9
623,68846,12,960,756,5
624,68925,12,955,754,2
625,69016,14,958,750,9
626,69119,13,954,751,9
627,69216,10,948,754,0
628,69307,13,959,760,2
629,69406,13,959,753,10
630,69481,14,957,749,14
631,69563,14,958,751,16
632,69789,161,946,751,3
633,69897,15,950,755,1
634,69970,13,959,760,2
635,70032,10,957,760,0
636,70136,10,962,765,0
637,70236,13,976,775,4
638,70309,13,977,775,3
639,70392,12,976,768,9
640,70480,13,971,770,2
641,70577,13,971,768,3
642,70661,13,973,772,2
643,70758,13,974,766,7
644,70848,12,968,766,3
645,70946,13,970,765,2
646,71049,13,981,775,3
647,71149,15,981,776,2
648,71219,13,988,782,2
649,71463,181,992,784,0
650,71570,12,1000,785,6
651,71648,13,996,776,11
652,71720,13,991,780,2
653,71808,13,997,782,5
654,71892,13,1001,788,2
655,71969,13,1005,790,1
656,72050,13,1011,794,3
657,72146,12,1011,796,4
658,72269,13,1010,790,6
659,72364,14,1009,793,3
660,72449,13,1009,791,1
661,72530,12,1008,784,5
662,72637,12,1003,782,3
663,72734,11,1008,790,0
664,72821,10,1013,795,0
665,72914,14,1023,804,1
666,73143,13,1023,798,3
667,73241,13,1023,798,3
668,73340,15,1027,795,10
669,73441,12,1036,814,0
670,73512,11,1044,821,0
671,73610,13,1052,826,3
672,73702,14,1049,817,6
673,73779,13,1049,822,2
674,73853,11,1048,821,0
675,73937,14,1050,818,4
676,74031,12,1049,820,1
677,74118,13,1051,822,1
678,74196,13,1052,823,1
679,74332,13,1068,837,1
680,74424,13,1070,840,0
681,74657,11,1072,842,0
682,74755,12,1078,847,0
683,74837,13,1085,849,6
684,74924,11,1079,848,0
685,75003,11,1091,858,0
686,75089,16,1094,855,9
687,75176,15,1090,850,15
688,75267,14,1082,853,1
689,75343,12,1085,854,1
690,75432,14,1086,852,2
691,75557,15,1086,848,10
692,75627,12,1077,849,0
693,75706,14,1079,850,1
694,75798,15,1087,852,11
695,76081,21,1078,849,4
696,76154,15,1076,843,8
697,76242,12,1077,851,1
698,76334,18,1078,847,5
699,76418,14,1077,843,7
700,76503,12,1079,850,1
701,76592,13,1089,860,0
702,76684,15,1092,854,8
703,76758,11,1094,864,0
704,76829,15,1103,863,11
705,76905,14,1106,873,1
706,76990,13,1108,875,1
707,77078,14,1111,878,1
708,77383,222,1123,886,3
709,77463,10,1122,887,0
710,77537,11,1129,894,0
711,77620,14,1140,898,3
712,77705,14,1141,897,2
713,77791,13,1140,898,0
714,77886,15,1157,907,9
715,77982,15,1149,900,10
716,78082,15,1143,901,3
717,78171,14,1147,906,4
718,78264,14,1152,912,1
719,78354,16,1156,911,7
720,78450,14,1154,912,1
721,78539,13,1164,923,0
722,78826,15,1179,934,5
723,78905,12,1178,937,0
724,78998,16,1178,934,2
725,79085,15,1179,930,4
726,79171,14,1176,923,6
727,79256,16,1174,918,7
728,79366,15,1168,914,2
729,79459,16,1167,913,2
730,79547,16,1165,909,6
731,79648,15,1162,907,4
732,79731,16,1158,902,9
733,79808,12,1161,914,0
734,79912,13,1168,921,0
735,80170,12,1171,923,0
736,80247,11,1172,924,0
737,80317,12,1179,931,0
738,80393,15,1187,939,0
739,80483,13,1202,954,0
740,80544,12,1209,961,0
741,80630,12,1214,966,0
742,80726,12,1218,970,0
743,80800,14,1220,972,0
744,80877,12,1224,976,0
745,80977,13,1228,980,0
746,81062,13,1236,988,0
747,81145,15,1241,993,0
748,81443,195,1252,1004,0
749,81557,16,1259,1011,0
750,81627,15,1267,1019,0
751,81718,15,1268,1020,0
752,81805,12,1272,1024,0
753,81899,16,1276,1025,5
754,81986,15,1289,1042,1
755,82071,18,1289,1040,3
756,82160,17,1288,1038,3
757,82246,17,1286,1034,8
758,82334,17,1280,1030,6
759,82422,16,1276,1027,6
760,82512,18,1278,1026,7
761,82781,178,1278,1029,2
762,82875,19,1279,1025,7
763,82963,15,1278,1021,3
764,83049,14,1281,1027,0
765,83129,17,1291,1030,4
766,83213,13,1288,1031,0
767,83311,15,1288,1028,3
768,83416,16,1290,1027,7
769,83503,18,1285,1026,5
770,83572,14,1285,1029,0
771,83665,14,1286,1028,0
772,83744,17,1286,1025,4
773,83850,19,1290,1002,25
774,84109,28,1269,947,61
775,84217,20,1224,935,26
776,84320,17,1212,934,11
777,84465,20,1224,953,3
778,84576,13,1223,955,0
779,84710,19,1229,943,29
780,84806,17,1201,936,9
781,84911,15,1195,934,5
782,85022,18,1194,921,18
783,85123,17,1179,909,18
784,85241,21,1169,896,19
785,85333,18,1156,892,12
786,85551,131,1145,872,16
787,85646,16,1137,869,17
788,85749,15,1126,862,17
789,85855,11,1111,864,0
790,85946,17,1115,839,30
791,86045,17,1096,829,26
792,86132,17,1078,822,17
793,86221,13,1070,829,1
794,86328,16,1078,827,14
795,86420,12,1069,832,0
796,86514,14,1079,835,6
797,86605,18,1076,820,19
798,86691,17,1069,814,17
799,86791,19,1068,821,11
800,87004,16,1065,808,23
801,87095,13,1053,811,1
802,87200,13,1056,807,1
803,87279,14,1059,803,9
804,87391,16,1057,798,20
805,87483,15,1038,791,8
806,87574,13,1034,792,3
807,87661,12,1031,791,0
808,87745,14,1035,783,9
809,87855,18,1038,772,31
810,87953,14,1020,779,6
811,88044,11,1025,788,0
812,88145,14,1028,777,13
813,88223,14,1023,783,3
814,88427,132,1020,740,48
815,88531,17,976,713,35
816,88629,12,943,707,7
817,88730,17,942,692,23
818,88822,15,929,694,7
819,88920,10,939,711,0
820,89008,15,952,716,13
821,89095,13,943,714,7
822,89174,15,945,714,9
823,89265,13,941,716,4
824,89350,15,955,720,14
825,89437,13,943,718,3
826,89531,14,946,722,1
827,89634,14,951,727,1
828,89742,15,961,732,6
829,90001,13,955,718,10
830,90098,16,954,722,8
831,90191,15,956,727,4
832,90286,15,956,714,17
833,90377,12,952,726,1
834,90467,14,956,724,7
835,90540,12,949,721,4
836,90636,15,952,715,14
837,90724,13,946,718,8
838,90812,13,941,712,8
839,90915,18,938,702,19
840,91007,16,928,701,10
841,91118,13,931,710,4
842,91213,15,928,701,10
843,91307,16,918,684,24
844,91541,157,898,687,1
845,91632,13,905,687,7
846,91707,13,903,679,8
847,91779,10,897,677,0
848,91865,13,903,674,8
849,91955,19,907,684,4
850,92053,13,910,683,7
851,92145,13,904,675,4
852,92240,14,905,675,9
853,92335,16,899,654,24
854,92428,13,876,643,7
855,92526,13,873,642,6
856,92614,11,869,641,3
857,92707,12,871,638,4
858,92791,13,880,649,2
859,92877,14,889,656,2
860,92970,13,890,658,1
861,93231,16,895,644,20
862,93335,13,880,645,0
863,93455,12,882,641,6
864,93525,12,879,643,1
865,93621,12,893,654,3
866,93698,12,890,652,1
867,93780,10,890,653,0
868,93856,12,911,667,6
869,93939,13,907,662,7
870,94018,12,901,661,3
871,94115,12,905,664,3
872,94204,13,906,661,7
873,94290,10,903,664,0
874,94378,13,914,673,2
875,94487,13,928,679,5
876,94591,9,928,684,0
877,94914,249,932,674,17
878,95048,15,918,662,11
879,95234,20,912,655,10
880,95420,18,906,651,4
881,95559,13,908,646,15
882,95669,15,895,647,1
883,95759,14,907,649,8
884,95839,10,904,647,0
885,95923,13,906,644,4
886,96003,13,906,642,9
887,96216,104,903,642,7
888,96339,16,899,643,2
889,96436,11,900,645,0
890,96545,25,908,649,4
891,96684,20,909,634,21
892,96810,16,892,626,15
893,97118,15,879,608,21
894,97201,14,865,610,4
895,97295,14,864,603,14
896,97389,12,857,608,2
897,97467,12,865,615,3
898,97549,13,868,617,7
899,97638,11,871,626,0
900,97703,12,874,627,0
901,97805,13,885,627,7
902,97912,14,881,629,1
903,98012,10,887,636,0
904,98097,14,892,638,3
905,98185,12,896,640,3
906,98293,13,894,637,4
907,98374,13,908,648,7
908,98460,13,908,653,1
909,98565,19,910,641,19
910,98847,14,896,625,14
911,98926,15,894,634,2
912,99035,17,898,624,18
913,99142,14,892,623,16
914,99238,13,883,626,9
915,99336,14,883,622,16
916,99443,17,873,625,5
917,99542,14,872,619,11
918,99615,12,863,618,3
919,99701,10,871,629,0
920,99788,12,875,632,0
921,99888,12,880,634,3
922,99989,15,888,640,0
923,100107,9,892,642,0
924,100187,16,893,641,4
925,102594,25,903,563,81
926,102705,13,826,564,7
927,102788,12,837,580,3
928,102877,11,848,586,1
929,102972,9,857,596,0
930,103086,14,864,600,2
931,103176,13,863,597,4
932,103281,24,865,600,5
933,103375,11,869,608,0
934,103461,15,875,613,1
935,103555,13,873,609,7
936,103633,13,878,619,1
937,103718,14,877,612,8
938,103816,13,869,609,5
939,103928,46,874,617,2
940,104014,12,880,622,9
941,104101,11,874,624,1
942,104166,11,878,622,4
943,104253,10,896,639,0
944,104322,13,907,647,6
945,104411,12,904,647,5
946,104490,14,901,641,12
947,104575,10,897,649,0
948,104666,12,897,648,1
949,104748,13,897,646,3
950,104823,10,897,649,0
951,104933,12,898,648,2
952,105035,12,905,657,0
953,105108,11,911,658,5
954,105259,10,916,666,0
955,105330,9,918,668,0
956,105432,12,918,666,2
957,105525,12,921,670,1
958,105613,12,926,674,7
959,105713,12,926,679,2
960,105803,10,930,685,0
961,105901,11,941,695,0
962,105987,10,951,705,0
963,106103,12,951,704,1
964,106189,11,950,703,0
965,106277,14,954,697,8
966,106362,13,951,697,1
967,106463,13,952,698,1
968,106605,67,954,698,3
969,106707,10,960,705,0
970,106792,12,976,717,4
971,106862,14,974,710,10
972,106953,13,967,707,5
973,107039,13,963,702,6
974,107132,13,962,703,3
975,107239,13,973,716,0
976,107335,15,983,726,0
977,107416,11,989,730,0
978,107493,15,993,728,6
979,107581,14,992,729,4
980,107654,11,996,737,0
981,107738,13,999,739,2
982,107837,13,1000,739,3
983,107976,13,998,737,3
984,108058,11,1012,753,0
985,108147,13,1013,751,6
986,108264,16,1017,753,8
987,108344,15,1010,749,10
988,108458,15,1004,749,6
989,108558,11,1008,759,0
990,108639,11,1008,758,0
991,108705,12,1010,760,0
992,108787,13,1010,758,3
993,108881,13,1010,753,4
994,108976,14,1006,748,4
995,109072,11,1008,754,0
996,109178,15,1009,750,4
997,109344,14,1006,739,13
998,109417,12,1000,746,0
999,109511,13,1001,743,4
1000,109618,15,1009,752,2
1001,109718,15,1022,764,9
1002,109810,11,1024,773,0
1003,109895,14,1029,774,5
1004,109990,14,1035,780,2
1005,110087,10,1033,780,0
1006,110171,15,1033,776,3
1007,110276,16,1032,777,3
1008,110369,11,1041,789,0
1009,110476,11,1046,792,0
1010,110561,14,1047,790,4
1011,110754,15,1054,790,8
1012,110847,15,1051,789,5
1013,110931,15,1049,791,1
1014,111011,12,1057,798,0
1015,111097,11,1070,809,0
1016,111182,13,1080,813,2
1017,111303,12,1083,815,1
1018,111403,12,1097,829,0
1019,111493,12,1100,830,0
1020,111572,15,1102,830,1
1021,111655,15,1108,833,3
1022,111747,11,1110,837,0
1023,111814,14,1112,838,1
1024,111930,15,1117,843,3
1025,112114,16,1115,827,18
1026,112209,16,1101,822,11
1027,112316,13,1092,822,3
1028,112423,12,1108,837,0
1029,112501,13,1111,840,0
1030,112597,13,1122,845,1
1031,112668,14,1131,852,2
1032,112758,12,1131,854,0
1033,112837,15,1134,855,2
1034,112927,16,1139,859,6
1035,113025,14,1149,873,2
1036,113124,16,1151,876,1
1037,113209,13,1153,879,0
1038,113436,18,1169,884,5
1039,113530,15,1165,882,5
1040,113645,15,1161,882,1
1041,113729,16,1172,892,2
1042,113839,21,1174,866,45
1043,113966,17,1135,849,17
1044,114073,12,1119,850,0
1045,114174,14,1126,850,4
1046,114301,20,1128,827,44
1047,114419,15,1087,828,3
1048,114501,16,1101,838,14
1049,114599,18,1094,829,22
1050,114849,149,1073,830,0
1051,114950,19,1085,811,28
1052,115042,14,1061,808,5
1053,115127,13,1065,815,5
1054,115211,16,1086,839,3
1055,115353,23,1085,813,25
1056,115447,16,1063,805,18
1057,115547,10,1052,811,0
1058,115633,15,1059,811,14
1059,115741,17,1048,800,11
1060,115845,17,1049,797,23
1061,115970,26,1030,787,18
1062,116051,14,1027,799,2
1063,116164,16,1026,798,8
1064,116251,13,1030,805,5
1065,116466,24,1027,754,64
1066,116557,16,973,742,23
1067,116645,12,958,745,1
1068,116740,14,966,738,15
1069,116831,15,954,727,22
1070,116931,14,933,723,8
1071,117020,13,927,717,10
1072,117114,14,918,701,15
1073,117198,14,905,679,22
1074,117277,12,901,696,1
1075,117375,13,907,701,3
1076,117483,12,907,699,4
1077,117581,14,909,696,12
1078,117686,16,900,678,21
1079,117901,140,881,672,7
1080,117989,14,881,672,7
1081,118088,12,878,672,3
1082,118171,13,878,671,3
1083,118253,12,889,680,6
1084,118342,11,889,686,0
1085,118429,9,892,689,0
1086,118525,12,894,689,3
1087,118610,12,892,689,1
1088,118705,12,894,690,3
1089,118798,16,892,673,30
1090,118886,15,865,670,9
1091,118974,14,864,658,17
1092,119067,13,851,657,12
1093,119195,13,845,662,3
1094,119305,15,843,645,20
1095,119563,31,827,622,29
1096,119670,13,815,634,5
1097,119747,11,818,641,2
1098,119835,12,819,643,1
1099,119914,10,821,646,0
1100,120014,13,827,650,3
1101,120112,12,828,651,4
1102,120210,12,827,650,3
1103,120324,15,826,634,21
1104,120436,12,815,638,9
1105,120525,13,815,644,2
1106,120629,15,815,641,5
1107,120727,9,816,647,0
1108,120823,9,825,656,0
1109,120921,12,827,653,5
1110,120994,13,826,647,10
1111,121099,11,817,643,5
1112,121338,12,824,642,12
1113,121437,12,817,634,11
1114,121525,9,811,639,0
1115,121607,10,811,637,2
1116,121684,11,813,638,2
1117,121765,11,825,651,1
1118,121885,14,832,647,13
1119,121979,16,821,638,14
1120,122066,11,818,643,7
1121,122142,11,817,648,1
1122,122216,12,832,656,2
1123,122326,17,834,652,8
1124,122424,11,830,654,1
1125,122527,13,831,655,1
1126,122612,12,833,651,2
1127,122722,14,840,646,15
1128,122980,12,833,646,6
1129,123067,11,829,646,2
1130,123141,8,828,647,0
1131,123236,9,830,649,0
1132,123322,11,835,648,1
1133,123412,9,836,650,0
1134,123517,15,841,648,13
1135,123605,14,831,636,16
1136,123696,13,821,633,6
1137,123789,11,819,633,3
1138,123884,12,820,635,5
1139,123989,17,816,630,6
1140,124068,16,815,627,6
1141,124160,12,821,636,0
1142,124266,12,827,640,2
1143,124353,13,825,625,17
1144,124444,12,810,624,5
1145,124761,216,814,619,13
1146,124853,10,810,627,0
1147,124954,9,814,631,0
1148,125045,12,821,636,5
1149,125147,10,820,639,1
1150,125256,19,821,630,15
1151,125345,13,808,625,7
1152,125441,12,804,626,5
1153,125554,12,801,620,10
1154,125670,11,806,633,1
1155,125744,9,820,648,0
1156,125830,14,831,642,18
1157,125920,12,815,642,2
1158,126000,12,813,639,3
1159,126089,11,817,641,3
1160,126357,193,819,642,3
1161,126466,12,819,639,6
1162,126554,11,832,655,0
1163,126651,24,832,655,0
1164,126738,10,833,655,0
1165,126850,13,842,657,4
1166,126985,12,853,668,3
1167,127083,11,864,682,0
1168,127177,12,866,682,1
1169,127275,13,866,677,7
1170,127369,13,860,673,4
1171,127472,16,865,677,5
1172,127583,13,863,665,14
1173,127739,17,860,662,9
1174,127859,26,851,654,8
1175,128224,21,849,631,31
1176,128374,19,832,638,2
1177,128554,24,838,643,7
1178,128655,9,842,649,0
1179,128802,22,843,650,0
1180,129052,27,846,648,1
1181,129191,13,846,641,9
1182,129315,21,841,643,3
1183,129444,14,849,653,1
1184,129535,12,857,659,1
1185,129625,10,863,666,0
1186,129767,12,875,674,0
1187,129856,14,882,680,3
1188,129938,12,887,683,2
1189,130261,207,885,673,10
1190,130368,9,881,679,0
1191,130442,11,902,700,0
1192,130530,15,907,705,0
1193,130663,19,909,707,0
1194,130763,12,911,709,0
1195,130881,9,917,715,0
1196,130974,11,918,716,0
1197,131063,11,924,722,0
1198,131167,10,928,726,0
1199,131249,10,948,746,0
1200,131356,10,948,746,0
1201,131463,18,948,746,0
1202,131653,12,953,751,0
1203,131746,13,964,762,0
1204,132015,10,969,766,0
1205,132100,10,974,771,0
1206,132190,12,975,772,0
1207,132299,11,983,779,0
1208,132382,11,998,793,0
1209,132458,11,1008,803,0
1210,132551,17,1026,801,19
1211,132647,14,1014,807,1
1212,132757,18,1024,814,6
1213,132844,20,1027,817,7
1214,132942,12,1027,820,0
1215,133037,15,1030,817,6
1216,133118,17,1032,820,3
1217,133211,15,1046,835,3
1218,133446,160,1047,833,3
1219,133531,13,1051,835,1
1220,133623,12,1061,845,0
1221,133751,23,1067,847,8
1222,133828,11,1062,850,0
1223,133946,14,1062,843,6
1224,134051,18,1059,844,2
1225,134146,15,1061,840,5
1226,134251,15,1056,836,4
1227,134343,18,1056,834,7
1228,134432,14,1067,848,2
1229,134531,15,1073,855,3
1230,134613,14,1070,850,3
1231,134703,14,1070,850,3
1232,134991,195,1070,827,14
1233,135088,15,1070,837,3
1234,135191,12,1070,839,0
1235,135288,18,1070,839,0
1236,135396,19,1077,831,14
1237,135504,23,1067,832,3
1238,135599,13,1064,831,1
1239,135702,16,1070,831,4
1240,135809,16,1071,834,5
1241,135908,18,1070,829,9
1242,136017,16,1068,830,5
1243,136122,19,1064,827,4
1244,136233,15,1063,827,0
1245,136334,14,1063,825,3
1246,136585,174,1063,811,19
1247,136686,15,1058,820,6
1248,136773,16,1056,815,8
1249,136881,14,1061,815,3
1250,136977,17,1069,820,3
1251,137086,15,1078,828,3
1252,137176,15,1080,832,2
1253,137263,12,1082,834,0
1254,137348,15,1090,838,2
1255,137457,15,1097,845,2
1256,137545,17,1095,837,10
1257,137627,13,1101,853,0
1258,137718,14,1105,855,2
1259,137815,16,1105,849,11
1260,138093,212,1096,850,0
1261,138184,17,1097,835,15
1262,138286,17,1092,839,6
1263,138379,15,1097,849,3
1264,138479,16,1104,856,1
1265,138592,19,1104,856,3
1266,138702,15,1107,859,0
1267,138792,14,1107,855,3
1268,138899,17,1119,859,12
1269,138996,21,1129,877,4
1270,139099,16,1131,878,6
1271,139194,16,1138,889,2
1272,139286,13,1147,900,0
1273,139385,16,1155,902,5
1274,139672,17,1157,903,6
1275,139771,18,1152,899,5
1276,139892,21,1154,897,6
1277,139978,14,1156,901,2
1278,140062,15,1169,914,2
1279,140167,20,1193,939,3
1280,140258,16,1191,935,5
1281,140363,15,1187,932,5
1282,140462,15,1192,942,0
1283,140561,15,1197,940,3
1284,140647,16,1196,936,6
1285,140716,15,1191,937,0
1286,140815,13,1197,943,0
1287,141062,182,1203,943,5
1288,141204,31,1198,927,17
1289,141318,25,1183,925,7
1290,141404,16,1179,926,1
1291,141498,16,1181,923,3
1292,141601,17,1183,923,4
1293,141688,15,1185,926,0
1294,141784,15,1196,929,7
1295,141880,15,1195,934,1
1296,141991,16,1196,932,5
1297,142072,16,1220,957,1
1298,142171,20,1224,958,2
1299,142282,17,1227,959,2
1300,142545,181,1234,962,6
1301,142638,18,1242,970,7
1302,142733,15,1239,972,1
1303,142833,18,1247,979,2
1304,142920,18,1257,984,7
1305,143026,16,1261,989,7
1306,143114,18,1258,991,1
1307,143247,22,1258,990,3
1308,143329,15,1257,989,0
1309,143443,13,1261,993,0
1310,143529,16,1280,1011,1
1311,143636,19,1294,1019,7
1312,143727,16,1289,1019,2
1313,144009,24,1287,981,41
1314,144155,30,1245,961,26
1315,144275,23,1222,951,10
1316,144382,26,1226,952,18
1317,144496,21,1209,930,24
1318,144608,22,1189,911,26
1319,144730,23,1169,873,40
1320,144830,15,1137,879,0
1321,144934,13,1144,880,0
1322,145043,16,1147,872,8
1323,145166,20,1142,862,19
1324,145269,16,1127,858,9
1325,145565,195,1123,857,5
1326,145681,27,1135,808,68
1327,145780,18,1073,794,25
1328,145882,16,1062,796,11
1329,145984,15,1052,795,4
1330,146089,18,1058,789,23
1331,146266,18,1042,777,23
1332,146412,17,1026,777,7
1333,146530,19,1020,755,34
1334,146631,15,1000,760,8
1335,146746,22,992,736,27
1336,146845,15,977,740,11
1337,146947,16,968,732,9
1338,147054,16,969,739,1
1339,149379,56,970,552,210
1340,149494,15,760,544,8
1341,149591,15,753,542,3
1342,149718,19,758,534,16
1343,149829,15,754,532,14
1344,149954,16,744,533,1
1345,150064,11,746,530,4
1346,150205,20,750,528,12
1347,150318,10,738,528,0
1348,150441,17,748,535,4
1349,150558,13,749,534,3
1350,150669,17,756,541,3
1351,150788,14,763,548,3
1352,150890,12,767,555,0
1353,151039,61,768,554,2
1354,151166,24,773,551,11
1355,151279,13,764,551,2
1356,151369,18,765,546,15
1357,151476,23,755,550,1
1358,151606,12,757,546,11
1359,151727,14,751,541,10
1360,151833,13,747,543,3
1361,151923,13,747,533,12
1362,152018,19,736,515,21
1363,152120,10,729,526,1
1364,152204,11,739,535,4
1365,152308,14,742,527,15
1366,152401,16,734,508,29
1367,152509,20,707,508,4
1368,152621,10,715,516,2
1369,152814,20,729,507,26
1370,152927,11,713,513,0
1371,153006,12,723,521,1
1372,153094,12,729,525,1
1373,153186,10,733,527,2
1374,153295,16,735,511,26
1375,153396,13,714,512,4
1376,153481,13,718,511,11
1377,153598,16,714,511,12
1378,153693,12,709,513,5
1379,153781,11,714,519,2
1380,153871,8,714,521,0
1381,153996,12,725,517,13
1382,154088,15,717,511,12
1383,154203,14,705,499,17
1384,154357,12,692,495,5
1385,154476,18,692,492,11
1386,154589,12,682,489,4
1387,154693,12,684,495,0
1388,154789,13,686,494,4
1389,154878,11,690,499,5
1390,154947,10,690,502,3
1391,155029,11,690,503,7
1392,155119,11,688,501,8
1393,155236,18,685,497,9
1394,155328,8,685,506,0
1395,155407,11,685,503,3
1396,155561,13,697,512,2
1397,155667,10,696,508,5
1398,155770,13,702,510,12
1399,155972,108,693,494,22
1400,156061,8,676,499,0
1401,156176,17,678,499,1
1402,156313,20,679,501,0
1403,156735,20,686,481,29
1404,156845,15,658,481,1
1405,156937,14,664,480,10
1406,157029,8,661,485,0
1407,157114,8,667,491,0
1408,157219,10,673,494,3
1409,157323,14,677,493,7
1410,157426,10,673,495,0
1411,157527,11,684,503,2
1412,157622,9,695,514,0
1413,157721,8,697,516,0
1414,157836,9,699,518,0
1415,158047,8,705,524,0
1416,158131,10,706,521,5
1417,158225,8,710,530,0
1418,158312,9,717,537,0
1419,158419,9,735,555,0
1420,158518,8,748,568,0
1421,158600,11,759,578,1
1422,158696,11,759,576,2
1423,158780,14,760,577,4
1424,158877,11,760,577,2
1425,158965,8,763,582,0
1426,159059,11,786,601,3
1427,159134,9,806,621,0
1428,159247,13,807,619,3
1429,159335,12,816,630,2
1430,159517,15,815,627,5
1431,159612,13,824,640,3
1432,159702,12,824,641,2
1433,159799,15,832,645,6
1434,159914,15,829,645,3
1435,160009,14,843,659,2
1436,160133,13,846,663,1
1437,160226,11,848,665,0
1438,160316,13,849,660,13
1439,160416,15,861,677,8
1440,160495,10,860,683,0
1441,160584,12,869,689,2
1442,160671,12,871,688,3
1443,160775,12,878,692,8
1444,160863,13,875,694,2
1445,161045,11,882,701,3
1446,161141,12,886,707,1
1447,161230,14,896,704,18
1448,161322,12,884,703,7
1449,161421,10,882,706,0
1450,161542,12,888,704,9
1451,161644,13,879,703,2
1452,161732,12,883,707,4
1453,161810,13,889,712,3
1454,161897,10,889,715,0
1455,161987,10,889,715,0
1456,162086,12,891,714,4
1457,162175,13,895,720,2
1458,162262,11,896,720,0
1459,162459,120,904,718,11
1460,162554,13,895,716,4
1461,162659,9,899,724,0
1462,162753,10,901,721,0
1463,162840,13,901,720,2
1464,162911,11,902,720,3
1465,162992,9,906,727,0
1466,163071,10,912,733,0
1467,163156,10,921,741,0
1468,163250,13,931,746,8
1469,163332,11,934,757,0
1470,163420,11,938,761,0
1471,163521,14,943,763,3
1472,163614,16,950,768,4
1473,163720,14,946,765,3
1474,163953,18,948,761,10
1475,164057,11,947,770,0
1476,164155,17,949,758,16
1477,164249,17,948,760,16
1478,164339,17,951,771,7
1479,164434,18,947,769,4
1480,164552,15,944,768,5
1481,164652,12,940,767,0
1482,164720,10,942,769,0
1483,164821,14,949,765,10
1484,164906,11,954,780,0
1485,165009,12,957,782,0
1486,165101,14,967,790,7
1487,165191,12,960,789,1
1488,165448,14,962,780,10
1489,165538,13,965,792,3
1490,165626,13,962,790,2
1491,165708,15,969,798,1
1492,165810,13,970,797,3
1493,165917,14,970,795,5
1494,165996,14,972,798,1
1495,166096,11,976,801,0
1496,166185,14,978,800,4
1497,166267,11,978,804,0
1498,166363,11,984,810,0
1499,166481,13,984,807,3
1500,166573,13,988,814,0
1501,166663,14,992,815,3
1502,166748,14,991,811,6
1503,167006,14,985,795,9
1504,167094,14,983,791,9
1505,167181,14,977,789,8
1506,167266,15,974,785,6
1507,167357,13,969,784,1
1508,167451,16,970,785,1
1509,167560,12,972,787,1
1510,167652,13,977,788,5
1511,167745,12,974,790,0
1512,167836,15,984,799,1
1513,167927,11,993,808,0
1514,168022,12,1003,817,0
1515,168106,13,1014,827,1
1516,168185,11,1023,837,0
1517,168282,16,1036,833,17
1518,168492,14,1026,836,4
1519,168569,11,1034,847,0
1520,168664,15,1037,849,1
1521,168773,21,1037,843,7
1522,168891,14,1042,846,3
1523,168992,14,1050,856,0
1524,169085,16,1054,851,8
1525,169156,13,1051,856,0
1526,169220,11,1056,859,0
1527,169309,13,1065,857,5
1528,169389,15,1067,863,2
1529,169485,15,1074,870,4
1530,169572,12,1078,878,0
1531,169643,13,1080,880,0
1532,169728,17,1083,881,1
1533,169828,14,1085,882,2
1534,170149,17,1091,880,5
1535,170253,17,1089,880,3
1536,170371,15,1096,884,12
1537,170459,12,1084,881,0
1538,170551,15,1091,877,11
1539,170647,11,1080,877,0
1540,170793,18,1086,878,8
1541,170952,40,1081,876,5
1542,171063,15,1098,893,0
1543,171136,12,1099,894,0
1544,171234,15,1101,893,3
1545,171342,15,1101,895,1
1546,171445,15,1104,896,3
1547,171539,15,1107,898,7
1548,171827,195,1104,900,7
1549,171906,19,1104,904,4
1550,171989,12,1100,903,0
1551,172101,14,1100,900,3
1552,172197,16,1099,895,12
1553,172299,14,1089,896,1
1554,172390,11,1093,898,0
1555,172486,11,1102,907,0
1556,172584,15,1119,923,0
1557,172670,17,1134,935,3
1558,172758,13,1137,941,0
1559,172850,16,1149,939,8
1560,172947,16,1147,938,9
1561,173042,19,1141,940,1
1562,173144,16,1140,935,6
1563,173452,17,1135,915,13
1564,173546,17,1123,915,3
1565,173632,13,1127,915,1
1566,173726,16,1138,914,8
1567,173835,21,1132,888,28
1568,173971,13,1105,889,0
1569,174084,19,1119,886,14
1570,174191,18,1106,869,20
1571,174285,16,1087,852,17
1572,174381,20,1082,850,12
1573,174485,19,1073,840,10
1574,174596,18,1067,822,28
1575,174708,19,1045,818,12
1576,175018,18,1044,799,34
1577,175117,20,1027,794,24
1578,175280,37,1007,758,42
1579,175439,21,966,751,6
1580,175539,14,977,768,0
1581,175641,16,986,769,8
1582,175758,23,980,750,25
1583,175879,18,962,727,36
1584,175996,13,928,722,5
1585,176133,20,928,720,7
1586,176236,17,924,711,13
1587,176344,19,914,703,13
1588,176478,17,911,700,13
1589,176829,228,902,694,10
1590,176934,17,894,686,11
1591,177072,23,899,677,24
1592,177231,16,877,676,4
1593,177329,13,874,677,0
1594,177433,9,889,692,0
1595,177534,9,892,695,0
1596,177637,10,897,700,0
1597,177731,14,902,705,0
1598,177834,12,907,710,0
1599,177928,12,922,725,0
1600,178033,12,931,734,0
1601,178127,12,937,740,0
1602,178231,12,938,741,0
1603,178330,11,956,759,0
1604,178616,14,961,764,0
1605,178716,13,963,766,0
1606,178822,11,980,783,0
1607,178912,12,981,784,0
1608,179021,12,986,789,0
1609,179131,11,988,791,0
1610,179228,12,1000,803,0
1611,179321,12,1004,807,0
1612,179420,16,1017,806,16
1613,179532,15,1003,797,12
1614,179644,12,995,801,0
1615,179767,33,996,791,13
1616,179895,16,988,785,6
1617,180148,178,988,777,17
1618,180285,29,972,768,13
1619,180469,34,964,751,24
1620,180667,30,940,739,15
1621,180838,24,938,749,3
1622,181016,31,937,733,24
1623,181177,26,917,724,14
1624,181260,16,907,717,10
1625,181359,16,903,707,19
1626,181447,14,890,711,1
1627,181547,15,907,717,7
1628,181627,14,903,718,1
1629,181758,32,913,716,10
1630,181942,24,909,714,1
1631,182089,24,911,709,6
1632,182569,51,918,684,32
1633,182947,67,893,676,15
1634,183205,21,887,671,13
1635,183334,24,877,673,3
1636,183536,47,889,650,41
1637,183626,16,851,650,4
1638,183731,14,851,645,9
1639,183825,12,850,640,5
1640,183933,22,845,616,30
1641,184037,21,820,611,7
1642,184188,23,820,606,11
1643,184314,14,814,606,3
1644,184424,17,820,601,17
1645,184520,10,807,605,0
1646,184794,192,811,584,31
1647,184884,11,789,590,4
1648,184985,13,787,584,11
1649,185085,14,779,577,13
1650,185184,19,774,579,9
1651,185324,13,772,573,7
1652,185409,11,773,577,4
1653,185497,15,782,582,6
1654,185590,10,780,584,0
1655,185693,14,783,583,7
1656,185848,15,783,579,10
1657,185955,12,775,575,6
1658,186049,9,787,592,0
1659,186145,13,788,585,8
1660,186247,11,788,593,0
1661,186558,11,794,597,2
1662,186645,8,801,606,0
1663,186732,12,809,608,0
1664,186828,15,820,614,6
1665,186971,18,820,617,1
1666,187087,17,833,628,2
1667,187214,15,840,629,7
1668,187317,17,843,627,13
1669,187442,22,843,625,11
1670,187571,23,837,617,16
1671,187719,19,831,623,3
1672,187855,17,831,621,6
1673,187948,14,827,623,0
1674,188053,15,837,631,0
1675,188165,16,852,633,13
1676,188292,18,851,641,2
1677,188618,21,856,630,22
1678,188731,18,843,631,10
1679,188812,13,841,634,7
1680,188909,11,842,637,0
1681,189060,12,844,633,7
1682,189170,14,837,628,11
1683,189295,15,835,630,7
1684,189384,16,834,625,12
1685,189473,11,827,629,0
1686,189561,11,837,638,0
1687,189655,12,842,639,6
1688,189732,19,840,634,6
1689,189845,19,841,638,5
1690,189959,19,839,637,5
1691,190079,15,835,633,7
1692,190181,15,838,632,7
1693,190457,18,833,629,7
1694,190545,12,826,626,3
1695,190636,10,828,629,0
1696,190728,13,838,628,10
1697,190804,13,828,624,5
1698,190910,15,826,622,1
1699,191036,11,840,635,0
1700,191131,10,844,638,0
1701,191222,12,852,646,0
1702,191306,10,866,657,0
1703,191392,9,866,657,0
1704,191476,15,874,654,15
1705,191561,15,863,654,5
1706,191649,14,864,658,2
1707,191738,13,864,655,4
1708,192015,15,869,644,18
1709,192115,12,861,648,6
1710,192221,12,869,661,1
1711,192296,13,876,663,4
1712,192388,11,877,668,0
1713,192475,13,880,667,4
1714,192584,16,878,664,4
1715,192665,10,876,666,0
1716,192767,14,885,660,14
1717,192854,14,879,659,13
1718,192948,13,878,664,3
1719,193034,15,878,665,1
1720,193126,15,884,669,6
1721,193230,13,885,668,6
1722,193503,16,880,650,23
1723,193589,16,855,637,12
1724,193665,10,849,641,0
1725,193752,13,857,645,0
1726,193861,11,858,645,0
1727,193962,10,861,647,0
1728,194041,15,876,657,7
1729,194145,12,879,666,0
1730,194239,10,885,672,0
1731,194323,13,888,673,2
1732,194420,13,886,660,4
1733,194517,15,884,648,10
1734,194626,17,874,643,7
1735,194730,21,884,650,11
1736,197378,2566,885,640,12
1737,197467,19,881,612,43
1738,197542,10,841,614,0
1739,197636,12,843,613,3
1740,197720,12,844,613,6
1741,197807,13,847,618,2
1742,197892,10,851,624,0
1743,197980,10,851,624,0
1744,198081,14,855,619,5
1745,198169,13,858,622,4
1746,198267,16,863,625,5
1747,198345,13,864,625,7
1748,198453,10,864,632,0
1749,198544,18,876,643,1
1750,198636,12,879,644,1
1751,198755,12,887,651,3
1752,198834,12,892,653,3
1753,198923,13,902,662,3
1754,198999,13,900,663,0
1755,199087,10,906,667,0
1756,199193,13,917,673,4
1757,199281,19,916,671,3
1758,199395,14,917,673,2
1759,199517,16,919,669,9
1760,199633,18,913,667,3
1761,199734,13,914,666,2
1762,199835,13,912,663,3
1763,199924,10,914,668,0
1764,200023,11,917,671,0
1765,200152,10,917,669,0
1766,200252,10,926,675,0
1767,200346,17,933,677,5
1768,200421,10,935,681,0
1769,200503,12,942,685,5
1770,200584,10,946,693,0
1771,200683,13,948,694,1
1772,200756,10,949,696,0
1773,200845,13,951,695,3
1774,200939,13,949,693,6
1775,201017,13,944,690,1
1776,201092,14,944,689,2
1777,201174,15,947,688,8
1778,201258,12,939,686,0
1779,201435,14,952,692,8
1780,201517,12,944,691,1
1781,201602,14,944,687,5
1782,201694,11,941,689,0
1783,201795,10,946,694,0
1784,201873,13,946,691,4
1785,201954,13,948,694,0
1786,202038,14,951,697,0
1787,202126,12,953,699,0
1788,202212,13,960,701,5
1789,202287,13,960,703,5
1790,202375,12,963,708,2
1791,202501,11,963,710,0
1792,202577,11,965,709,0
1793,202722,82,978,716,8
1794,202808,11,971,717,0
1795,202887,14,986,731,1
1796,202957,13,986,731,3
1797,203047,16,985,731,1
1798,203161,16,986,729,5
1799,203271,13,983,731,0
1800,203350,12,997,745,0
1801,203430,12,1009,757,0
1802,203543,24,1012,757,5
1803,203649,18,1008,751,6
1804,203748,15,1004,748,5
1805,203849,20,1002,729,31
1806,203960,14,974,729,5
1807,204143,16,978,718,18
1808,204289,26,964,699,24
1809,204401,15,945,681,25
1810,204509,22,923,672,17
1811,204603,13,908,661,15
1812,204733,24,903,656,18
1813,204859,13,887,657,3
1814,205008,21,886,654,7
1815,205154,19,883,635,23
1816,205260,17,871,636,9
1817,205361,13,866,636,4
1818,205473,21,886,647,19
1819,205568,11,876,655,0
1820,205728,89,876,644,12
1821,205829,13,870,643,7
1822,205938,15,869,638,10
1823,206040,17,868,645,10
1824,206151,14,869,652,2
1825,206230,14,875,658,1
1826,206336,15,884,662,7
1827,206451,21,877,657,5
1828,206566,13,885,665,3
1829,206677,12,892,666,9
1830,206758,10,884,667,0
1831,206849,10,893,676,0
1832,206933,14,903,678,9
1833,207055,17,895,667,15
1834,207141,13,886,670,3
1835,207337,18,886,651,27
1836,207429,12,859,646,5
1837,207531,14,855,636,11
1838,207617,11,854,646,0
1839,207712,15,863,645,16
1840,207809,14,858,644,11
1841,207912,22,856,643,10
1842,208008,16,848,636,14
1843,208110,19,837,616,29
1844,208193,13,830,630,5
1845,208274,9,826,631,0
1846,208363,13,827,627,5
1847,208444,10,843,646,0
1848,208535,9,844,647,0
1849,208775,154,848,648,3
1850,208883,24,846,624,40
1851,208988,15,808,611,14
1852,209106,17,801,609,12
1853,209218,19,793,597,21
1854,209303,15,779,596,7
1855,209385,12,789,610,3
1856,209470,12,786,603,7
1857,209561,14,784,603,3
1858,209665,15,784,593,12
1859,209793,12,779,594,6
1860,209887,11,784,605,0
1861,209985,13,803,620,3
1862,210085,13,811,631,0
1863,210342,15,814,625,12
1864,210453,14,805,622,3
1865,210537,13,803,616,5
1866,210616,13,800,611,10
1867,210704,15,798,611,9
1868,210808,12,796,613,8
1869,210888,11,791,616,0
1870,210987,11,798,618,5
1871,211093,12,800,615,9
1872,211183,12,794,612,8
1873,211267,12,788,609,8
1874,211384,16,787,601,22
1875,211485,11,776,612,0
1876,211590,20,785,613,10
1877,211709,12,788,624,2
1878,211822,29,786,618,8
1879,212076,14,788,606,21
1880,212160,8,767,605,0
1881,212228,8,775,611,0
1882,212310,8,783,619,0
1883,212405,9,797,633,0
1884,212487,8,807,642,0
1885,212583,9,810,645,0
1886,212693,10,812,647,0
1887,212787,11,820,654,0
1888,212898,25,824,656,0
1889,212984,12,828,659,1
1890,213070,10,828,660,0
1891,213154,11,841,673,0
1892,213244,9,842,674,0
1893,213326,13,844,675,3
1894,213407,12,842,669,5
1895,213656,149,850,669,10
1896,213767,14,840,665,3
1897,213876,11,844,667,3
1898,213968,10,843,668,0
1899,214073,15,846,664,10
1900,214162,18,838,659,5
1901,214256,14,851,663,8
1902,214336,17,846,657,9
1903,214425,19,846,648,19
1904,214524,15,831,642,11
1905,214634,13,823,638,7
1906,214717,11,830,652,0
1907,214807,10,834,656,0
1908,214926,14,835,656,0
1909,215050,16,851,668,6
1910,215127,13,853,670,5
1911,215384,180,851,670,3
1912,215474,15,856,654,22
1913,215559,11,852,672,0
1914,215654,15,861,676,2
1915,215762,17,862,671,10
1916,215851,13,864,673,11
1917,215949,15,856,671,6
1918,216063,25,854,665,10
1919,216194,22,852,658,13
1920,216283,15,843,658,4
1921,216367,11,843,660,0
1922,216451,10,843,660,0
1923,216539,9,846,662,0
1924,216632,16,854,657,10
1925,216711,13,845,651,9
1926,216839,14,838,639,15
1927,216924,14,824,636,2
1928,217242,217,825,636,4
1929,217361,18,821,628,8
1930,217460,13,821,632,4
1931,217555,18,819,629,6
1932,217704,19,819,632,4
1933,217945,12,824,639,4
1934,218048,12,820,632,5
1935,218136,11,821,636,2
1936,218218,13,825,638,2
1937,218320,12,827,637,4
1938,218409,12,825,637,1
1939,218492,11,824,637,0
1940,218618,29,839,651,0
1941,218726,14,841,651,2
1942,218831,12,842,652,3
1943,218911,11,846,656,0
1944,219186,198,850,652,9
1945,219279,16,846,631,24
1946,219392,15,834,637,3
1947,219589,21,832,636,2
1948,219802,33,851,635,23
1949,219903,14,834,639,1
1950,220012,12,837,641,2
1951,220118,13,836,638,4
1952,220222,12,832,636,2
1953,220315,10,832,638,0
1954,220419,13,836,640,3
1955,220504,10,835,642,0
1956,220585,13,835,641,1
1957,220680,12,834,640,3
1958,220751,14,852,659,1
1959,220842,12,855,659,5
1960,221160,186,858,658,5
1961,221274,13,857,642,20
1962,221374,13,839,638,4
1963,221457,9,848,651,0
1964,221536,11,858,659,1
1965,221616,11,861,659,2
1966,221699,9,866,662,0
1967,221786,13,884,668,11
1968,221874,10,873,668,0
1969,221968,10,876,671,0
1970,222059,13,877,669,2
1971,222126,12,885,678,1
1972,222213,13,885,675,4
1973,222316,12,892,682,3
1974,222413,12,889,678,6
1975,222677,13,885,671,9
1976,222777,14,879,671,5
1977,222860,11,878,674,1
1978,222961,16,903,697,3
1979,223041,11,902,699,0
1980,223132,10,903,698,0
1981,223227,14,907,693,5
1982,223303,13,904,693,1
1983,223390,9,905,695,0
1984,223493,9,913,703,0
1985,223584,13,918,707,1
1986,223678,11,923,712,0
1987,223748,14,923,706,5
1988,223836,13,924,707,4
1989,224089,190,922,704,8
1990,224186,12,915,704,1
1991,224278,11,916,703,3
1992,224379,11,916,705,1
1993,224474,9,920,710,0
1994,224555,15,937,726,2
1995,224643,14,939,717,16
1996,224737,13,929,719,5
1997,224826,11,927,721,0
1998,224919,11,930,724,0
1999,224999,12,934,728,0
2000,225084,11,934,728,0
2001,225179,10,937,731,0
2002,225280,11,947,741,0
2003,225362,11,958,752,0
2004,225599,11,968,762,0
2005,225681,10,970,764,0
2006,225768,11,981,775,0
2007,225860,13,983,777,0
2008,225951,12,988,782,0
2009,226018,11,991,785,0
2010,226110,11,999,792,0
2011,226188,11,1000,793,0
2012,226261,12,1008,801,0
2013,226352,12,1012,804,0
2014,226424,12,1021,813,0
2015,226514,12,1023,815,0
2016,226598,11,1027,819,0
2017,226692,12,1036,828,0
2018,226912,152,1044,836,0
2019,227034,12,1060,852,0
2020,227137,14,1064,856,0
2021,227229,13,1067,859,0
2022,227322,11,1067,859,0
2023,227412,14,1077,866,3
2024,227493,14,1078,867,2
2025,227583,13,1081,869,1
2026,227678,17,1084,869,2
2027,227763,13,1082,866,2
2028,227843,14,1086,871,0
2029,227940,14,1097,881,1
2030,228018,15,1112,891,4
2031,228283,163,1109,876,13
2032,228366,19,1102,878,4
2033,228466,15,1100,870,11
2034,228574,16,1093,866,13
2035,228652,15,1088,871,2
2036,228734,11,1088,873,0
2037,228832,16,1090,870,5
2038,228917,15,1091,870,7
2039,229000,15,1092,877,1
2040,229088,15,1117,901,1
2041,229178,18,1127,909,2
2042,229273,14,1131,913,1
2043,229355,16,1140,918,1
2044,229438,15,1140,917,1
2045,229639,14,1144,918,2
2046,229726,16,1154,918,12
2047,229814,15,1143,915,2
2048,229898,16,1152,922,2
2049,229975,15,1156,919,4
2050,230064,15,1152,912,7
2051,230157,15,1152,918,1
2052,230251,15,1166,927,4
2053,230337,15,1168,927,5
2054,230461,26,1164,918,9
2055,230569,16,1159,914,9
2056,230662,16,1152,912,4
2057,230748,17,1151,904,12
2058,230986,17,1140,893,11
2059,231067,13,1130,894,0
2060,231153,14,1132,891,3
2061,231235,14,1132,892,2
2062,231347,14,1137,897,2
2063,231442,13,1138,899,1
2064,231519,15,1148,906,4
2065,231618,17,1146,907,3
2066,231704,16,1145,902,5
2067,231793,12,1146,908,0
2068,231877,14,1152,912,3
2069,231967,15,1159,917,3
2070,232066,16,1158,916,1
2071,232320,182,1164,916,5
2072,232404,12,1166,922,0
2073,232490,15,1171,925,1
2074,232578,16,1177,928,3
2075,232658,15,1176,923,6
2076,232742,16,1177,927,2
2077,232833,15,1183,931,4
2078,232931,17,1187,928,10
2079,233022,15,1177,926,4
2080,233108,16,1175,923,4
2081,233198,17,1177,926,3
2082,233300,20,1180,929,4
2083,233389,17,1179,929,3
2084,233482,16,1181,928,6
2085,233723,149,1176,926,2
2086,233840,23,1184,897,51
2087,233952,16,1134,886,7
2088,234041,18,1135,885,12
2089,234145,14,1125,885,3
2090,234252,17,1124,867,17
2091,234358,18,1113,858,19
2092,234461,17,1094,845,16
2093,234556,16,1082,840,4
2094,234671,22,1088,821,48
2095,234762,15,1045,826,0
2096,234873,18,1047,808,20
2097,234979,15,1030,806,6
2098,235072,15,1026,794,14
2099,235359,15,1024,799,11
2100,235451,14,1015,793,6
2101,235547,14,1013,793,4
2102,235646,13,1015,797,2
2103,235726,11,1028,812,0
2104,235837,16,1030,789,31
2105,235943,27,1010,781,23
2106,236035,15,997,775,14
2107,236126,17,995,773,13
2108,236217,13,991,780,1
2109,236319,14,993,775,8
2110,236432,17,991,777,6
2111,236533,16,985,760,20
2112,236606,13,968,759,2
2113,236855,166,966,759,0
2114,236990,26,970,740,24
2115,237072,12,952,743,1
2116,237165,16,962,743,13
2117,237253,11,950,744,0
2118,237336,15,960,749,6
2119,237430,20,956,724,30
2120,237528,16,935,724,9
2121,237626,18,938,718,13
2122,237717,15,936,719,11
2123,237812,16,933,719,5
2124,237902,13,939,726,1
2125,238014,19,946,725,9
2126,238116,14,938,718,11
2127,238215,15,929,717,5
2128,238458,16,924,703,7
2129,238539,14,923,704,5
2130,238630,15,922,699,11
2131,238724,10,912,700,0
2132,238821,10,916,704,0
2133,238899,11,931,718,0
2134,239013,16,941,721,8
2135,239111,12,935,720,1
2136,239204,17,943,726,4
2137,239293,14,947,731,6
2138,239388,15,944,724,11
2139,239475,16,933,709,17
2140,239552,13,922,704,7
2141,239654,14,918,698,11
2142,241852,47,913,574,136
2143,241934,13,782,573,1
2144,242016,9,783,575,0
2145,242099,9,790,580,0
2146,242193,11,791,581,0
2147,242275,13,794,577,7
2148,242358,13,803,583,6
2149,242450,12,808,590,3
2150,242532,12,815,595,4
2151,242641,13,813,587,10
2152,242726,14,814,593,6
2153,242813,14,820,597,8
2154,242911,13,819,600,4
2155,243028,14,818,593,11
2156,243189,83,808,583,12
2157,243250,12,798,581,4
2158,243345,14,799,573,17
2159,243441,13,796,572,15
2160,243538,12,795,565,6
2161,243628,9,797,571,0
2162,243712,9,802,576,0
2163,243819,13,815,587,1
2164,243910,12,823,586,8
2165,244000,14,818,578,11
2166,244103,14,808,569,9
2167,244216,11,812,582,0
2168,244318,11,814,582,0
2169,244418,13,819,585,4
2170,244511,12,818,583,5
2171,244646,13,817,581,8
2172,244741,13,813,579,7
2173,244839,12,810,580,1
2174,244939,12,820,580,10
2175,245016,11,811,579,5
2176,245099,9,811,584,0
2177,245191,15,813,569,20
2178,245283,9,794,570,0
2179,245376,9,798,573,0
2180,245473,11,802,569,6
2181,245565,12,798,570,3
2182,245656,12,797,567,4
2183,245744,15,799,557,14
2184,245844,13,787,547,16
2185,245965,13,778,547,8
2186,246121,12,776,552,2
2187,246211,10,780,558,0
2188,246310,13,783,556,4
2189,246395,9,779,556,0
2190,246509,15,781,554,4
2191,246621,19,783,546,11
2192,246713,11,776,549,1
2193,246820,14,776,539,15
2194,246906,11,762,537,2
2195,246983,13,770,545,3
2196,247084,11,768,546,0
2197,247173,9,776,554,0
2198,247245,9,786,564,0
2199,247341,17,793,568,4
2200,247431,10,797,576,0
2201,247593,11,807,576,9
2202,247691,11,807,585,0
2203,247791,9,810,588,0
2204,247868,11,814,589,2
2205,247941,11,822,598,0
2206,248025,11,826,600,1
2207,248098,10,843,616,0
2208,248199,15,847,613,7
2209,248310,13,853,621,4
2210,248414,15,855,624,3
2211,248481,10,855,626,0
2212,248573,15,860,623,14
2213,248672,14,846,617,4
2214,248786,15,845,614,6
2215,248955,86,845,607,12
2216,249051,12,841,611,0
2217,249139,9,842,612,0
2218,249229,13,858,619,4
2219,249311,13,856,613,8
2220,249394,13,852,612,8
2221,249485,10,848,616,0
2222,249580,13,849,615,5
2223,249666,11,847,618,0
2224,249748,11,863,629,1
2225,249833,11,871,638,0
2226,249919,13,876,640,9
2227,249999,13,867,636,4
2228,250095,15,867,636,5
2229,250206,13,864,637,2
2230,250396,12,869,641,5
2231,250499,11,867,644,0
2232,250602,11,867,641,3
2233,250686,13,867,642,1
2234,250772,12,872,645,3
2235,250844,10,881,657,0
2236,250931,10,893,669,0
2237,251013,13,900,675,1
2238,251087,10,905,681,0
2239,251176,11,906,682,0
2240,251280,13,910,683,5
2241,251367,14,907,680,7
2242,251450,12,909,684,3
2243,251545,13,912,685,7
2244,251730,113,910,675,17
2245,251809,13,910,689,5
2246,251872,11,912,696,0
2247,251965,12,915,695,3
2248,252047,12,914,690,7
2249,252128,13,917,696,3
2250,252213,12,918,698,2
2251,252298,12,929,709,1
2252,252404,13,933,712,2
2253,252527,19,940,721,0
2254,252604,11,954,735,0
2255,252698,14,957,736,2
2256,252784,13,957,736,2
2257,252872,11,962,742,0
2258,252957,15,987,760,10
2259,253159,14,999,775,6
2260,253254,15,1003,777,9
2261,253350,14,996,768,10
2262,253428,12,1002,784,0
2263,253503,11,1008,788,0
2264,253601,20,1023,801,1
2265,253691,16,1034,793,18
2266,253780,13,1022,794,4
2267,253869,11,1022,796,0
2268,253952,14,1032,803,3
2269,254023,12,1033,806,0
2270,254119,15,1038,810,0
2271,254213,14,1046,813,1
2272,254415,124,1052,807,13
2273,254509,15,1041,804,6
2274,254580,14,1036,804,1
2275,254670,19,1042,802,13
2276,254782,28,1037,803,8
2277,254874,15,1030,802,4
2278,254974,13,1029,804,1
2279,255056,13,1038,814,0
2280,255149,11,1040,816,0
2281,255246,13,1052,822,1
2282,255314,15,1059,825,5
2283,255394,14,1055,819,7
2284,255477,12,1061,832,0
2285,255573,13,1065,836,0
2286,255669,15,1071,837,5
2287,255874,13,1067,834,2
2288,255938,13,1066,834,0
2289,256031,16,1067,833,1
2290,256104,11,1075,842,0
2291,256184,15,1076,838,7
2292,256275,13,1070,836,5
2293,256354,12,1080,851,0
2294,256454,16,1081,846,5
2295,256553,16,1086,855,1
2296,256626,14,1085,854,1
2297,256716,15,1088,853,2
2298,256798,17,1088,854,1
2299,256892,12,1091,858,0
2300,256980,15,1108,872,3
2301,257228,174,1109,871,3
2302,257325,16,1106,869,4
2303,257408,12,1104,871,0
2304,257493,14,1108,868,1
2305,257569,12,1110,870,0
2306,257649,15,1119,878,2
2307,257719,13,1117,878,0
2308,257799,12,1121,882,0
2309,257885,18,1124,883,2
2310,257973,13,1125,886,0
2311,258058,14,1132,891,1
2312,258140,15,1139,897,2
2313,258212,12,1140,900,0
2314,258303,13,1153,913,0
2315,258428,15,1165,919,5
2316,258682,165,1161,913,5
2317,258771,16,1158,910,6
2318,258866,15,1154,910,2
2319,258959,15,1154,908,5
2320,259053,16,1151,909,2
2321,259140,15,1161,919,1
2322,259236,17,1162,907,15
2323,259324,15,1162,918,3
2324,259423,14,1167,925,4
2325,259507,16,1168,927,3
2326,259590,12,1172,934,0
2327,259679,16,1176,936,2
2328,259770,15,1193,954,1
2329,259871,15,1192,946,12
2330,259962,19,1182,944,4
2331,260208,16,1187,947,3
2332,260289,14,1187,947,3
2333,260371,16,1184,945,1
2334,260453,15,1183,942,3
2335,260539,15,1181,940,2
2336,260636,14,1179,939,1
2337,260727,13,1184,929,0
2338,260834,14,1193,938,0
2339,260910,14,1193,938,0
2340,261009,12,1196,941,0
2341,261103,14,1198,941,1
2342,261200,16,1208,949,5
2343,261293,15,1208,952,3
2344,261392,16,1210,947,4
2345,261481,15,1212,952,1
2346,261732,15,1212,947,6
2347,261813,20,1210,944,6
2348,261905,17,1208,945,3
2349,261985,18,1207,945,2
2350,262070,13,1205,944,0
2351,262164,16,1205,942,2
2352,262270,15,1203,942,0
2353,262369,15,1203,941,1
2354,262462,16,1204,939,4
2355,262549,14,1209,945,0
2356,262635,16,1222,951,9
2357,262720,18,1214,948,4
2358,262790,16,1214,943,5
2359,262880,17,1212,936,10
2360,262965,17,1213,929,4
2361,263226,21,1209,914,12
2362,263340,16,1201,915,4
2363,263437,14,1201,916,3
2364,263520,13,1207,925,0
2365,263599,13,1210,928,0
2366,263695,17,1211,929,0
2367,263793,18,1216,922,19
2368,263895,19,1202,910,21
2369,264024,19,1183,897,24
2370,264121,18,1165,886,20
2371,264214,18,1157,880,20
2372,264336,22,1144,872,14
2373,264636,197,1136,849,25
2374,264742,18,1113,831,22
2375,264834,16,1098,830,11
2376,264937,17,1088,818,17
2377,265054,18,1077,796,30
2378,265140,15,1052,790,12
2379,265243,17,1048,789,9
2380,265341,11,1052,802,0
2381,265428,14,1058,805,3
2382,265543,17,1056,777,28
2383,265645,13,1036,781,0
2384,265742,23,1056,794,19
2385,265843,18,1041,780,23
2386,266144,17,1019,762,30
2387,266237,15,1005,767,15
2388,266344,16,992,750,21
2389,266436,13,977,752,4
2390,266525,14,975,741,14
2391,266619,16,972,741,8
2392,266725,14,966,729,15
2393,266810,11,953,731,0
2394,266911,15,959,727,10
2395,267025,14,951,715,14
2396,267133,22,948,721,5
2397,267227,14,944,718,5
2398,267329,15,941,712,9
2399,267583,176,936,700,17
2400,267672,22,922,675,31
2401,267755,13,905,685,3
2402,267848,14,912,683,10
2403,267937,12,913,692,1
2404,268030,14,921,699,7
2405,268122,11,919,703,1
2406,268226,16,921,686,23
2407,268319,10,902,690,0
2408,268431,14,903,680,11
2409,268518,14,894,675,8
2410,268609,15,900,681,11
2411,268700,13,900,691,1
2412,268777,11,911,703,0
2413,269023,163,912,694,12
2414,269113,13,903,692,7
2415,269227,15,916,708,5
2416,269321,14,918,712,7
2417,269406,12,921,721,0
2418,269496,15,927,716,12
2419,269587,17,922,716,13
2420,269685,15,910,707,12
2421,269768,11,906,715,0
2422,269860,10,912,721,0
2423,269944,10,912,721,0
2424,270026,11,912,721,0
2425,270092,10,914,723,0
2426,270189,11,917,726,0
2427,270272,10,925,734,0
2428,270510,11,926,735,0
2429,270614,10,930,738,0
2430,270692,11,932,739,0
2431,270787,10,934,741,0
2432,270886,11,941,748,0
2433,270956,11,953,760,0
2434,271050,12,964,771,0
2435,271135,13,967,774,0
2436,271218,11,984,786,0
2437,271306,12,997,799,0
2438,271405,11,999,801,0
2439,271482,12,1018,820,0
2440,271556,13,1025,827,0
2441,271633,12,1030,831,0
2442,271750,11,1032,833,0
2443,271976,15,1044,835,4
2444,272075,15,1041,827,9
2445,272162,16,1048,834,9
2446,272254,20,1048,828,15
2447,272382,19,1037,814,18
2448,272476,16,1022,806,14
2449,272554,15,1010,803,7
2450,272649,15,1004,803,1
2451,272757,17,1004,798,3
2452,272896,15,1001,795,2
2453,272991,18,1008,793,13
2454,273103,21,1002,792,11
2455,273191,12,996,797,0
2456,273315,17,996,779,19
2457,273566,17,991,771,18
2458,273649,17,979,776,2
2459,273764,17,985,781,2
2460,273849,15,986,781,3
2461,273948,16,984,764,22
2462,274044,18,962,750,15
2463,274146,18,954,748,10
2464,274239,16,947,749,2
2465,274345,15,948,743,18
2466,274449,19,933,725,19
2467,274586,26,920,718,18
2468,274735,27,907,716,5
2469,274844,15,906,706,7
2470,274957,19,901,677,31
2471,275214,171,877,674,14
2472,275305,12,871,678,3
2473,275411,13,882,684,6
2474,275523,13,876,678,7
2475,275610,15,875,676,8
2476,275702,11,870,679,0
2477,275795,13,876,677,9
2478,275880,12,868,676,0
2479,275963,13,879,682,5
2480,276060,10,874,682,0
2481,276140,10,876,683,0
2482,276214,12,885,688,5
2483,276299,16,884,678,14
2484,276393,15,876,681,2
2485,276502,21,886,684,10
2486,276584,15,876,679,9
2487,276662,14,868,673,6
2488,276913,15,867,665,15
2489,277006,14,860,668,5
2490,277113,18,858,662,11
2491,277210,13,848,660,8
2492,277283,14,847,667,0
2493,277373,10,854,674,0
2494,277461,13,856,675,1
2495,277561,13,864,682,4
2496,277652,13,870,688,4
2497,277756,16,876,685,13
2498,277858,13,866,685,2
2499,277952,13,868,687,2
2500,278067,42,867,678,13
2501,278161,20,873,690,3
2502,278256,17,881,695,5
2503,278347,13,894,708,3
2504,278449,16,900,717,0
2505,278860,31,900,677,42
2506,278972,16,863,682,0
2507,279123,17,869,668,17
2508,279208,14,857,672,2
2509,279301,12,864,676,2
2510,279393,13,866,677,3
2511,279503,14,874,681,10
2512,279600,14,865,680,2
2513,279705,14,870,681,4
2514,279781,14,877,687,2
2515,279870,12,878,687,4
2516,279959,17,885,685,10
2517,280056,12,882,687,3
2518,280146,14,880,681,8
2519,280238,15,875,675,8
2520,280325,11,889,695,0
2521,280402,16,891,694,4
2522,282959,2474,891,641,53
2523,283110,17,853,626,22
2524,283218,22,841,633,3
2525,283315,12,840,633,2
2526,283409,11,843,638,0
2527,283494,15,844,637,2
2528,283614,14,858,648,2
2529,283713,17,859,645,7
2530,283800,9,865,656,0
2531,283890,15,869,657,5
2532,283984,15,864,655,2
2533,284067,14,874,666,1
2534,284171,17,882,669,3
2535,284277,16,882,667,2
2536,284361,11,886,672,0
2537,284462,13,890,673,1
2538,284546,11,894,678,0
2539,284641,17,900,673,11
2540,284788,68,889,666,4
2541,284896,12,889,666,2
2542,284984,14,888,665,1
2543,285073,12,896,670,5
2544,285164,14,894,668,4
2545,285253,14,894,668,1
2546,285359,10,901,676,0
2547,285441,14,908,677,7
2548,285539,15,906,680,3
2549,285621,15,918,693,2
2550,285727,13,920,697,0
2551,285816,11,923,700,0
2552,285901,14,933,706,5
2553,286012,12,931,708,0
2554,286122,12,935,712,0
2555,286226,13,947,718,0
2556,286317,12,977,748,0
2557,286471,79,978,748,1
2558,286575,14,983,746,10
2559,286655,12,981,752,0
2560,286756,17,982,743,13
2561,286850,13,987,759,3
2562,286929,13,990,765,0
2563,287010,13,995,767,3
2564,287093,14,998,767,6
2565,287186,16,992,767,0
2566,287287,17,1008,781,4
2567,287404,17,1016,791,1
2568,287508,14,1026,799,3
2569,287584,17,1023,794,5
2570,287674,19,1025,794,5
2571,287776,14,1024,797,0
2572,287871,14,1030,794,8
2573,288047,94,1022,782,12
2574,288136,14,1011,783,0
2575,288225,16,1016,778,8
2576,288334,15,1018,784,5
2577,288416,14,1015,783,1
2578,288498,14,1024,786,7
2579,288588,14,1019,782,7
2580,288684,12,1014,784,0
2581,288786,15,1015,783,1
2582,288873,13,1026,794,2
2583,288962,14,1024,793,2
2584,289057,14,1023,793,1
2585,289143,13,1023,793,0
2586,289238,16,1024,791,2
2587,289341,20,1028,788,12
2588,289535,19,1022,772,17
2589,289615,14,1008,772,3
2590,289693,14,1015,777,4
2591,289795,14,1017,779,2
2592,289875,12,1026,790,0
2593,289963,11,1027,791,0
2594,290057,14,1031,791,4
2595,290160,12,1037,801,0
2596,290264,15,1042,800,2
2597,290346,17,1043,802,1
2598,290428,16,1042,798,4
2599,290516,15,1039,795,4
2600,290604,14,1036,794,1
2601,290687,15,1036,788,7
2602,290790,18,1029,780,11
2603,290974,18,1024,779,7
2604,291061,14,1023,780,3
2605,291142,12,1028,784,0
2606,291239,13,1030,786,0
2607,291354,16,1037,788,3
2608,291443,13,1038,792,0
2609,291537,19,1042,794,2
2610,291625,13,1042,796,0
2611,291715,13,1043,797,0
2612,291830,15,1045,797,2
2613,291920,15,1047,800,1
2614,292007,15,1047,801,0
2615,292096,14,1055,808,1
2616,292176,17,1063,814,1
2617,292276,16,1066,811,3
2618,292496,12,1067,815,0
2619,292593,17,1078,819,2
2620,292698,15,1081,820,3
2621,292809,18,1083,822,3
2622,292918,15,1081,820,2
2623,293011,13,1086,827,0
2624,293100,12,1086,827,0
2625,293194,13,1086,827,0
2626,293282,13,1089,830,0
2627,293378,16,1089,827,3
2628,293469,13,1098,838,0
2629,293582,16,1101,840,1
2630,293706,21,1105,841,4
2631,293812,23,1104,814,34
2632,294016,123,1076,794,36
2633,294128,17,1042,767,30
2634,294212,15,1012,758,7
2635,294324,16,1008,751,11
2636,294425,15,1003,749,8
2637,294529,15,1000,748,8
2638,294615,11,1000,756,0
2639,294728,16,1000,736,20
2640,294817,11,988,744,0
2641,294915,15,992,737,13
2642,295017,15,990,738,10
2643,295125,19,987,727,17
2644,295243,19,973,719,17
2645,295362,33,958,695,28
2646,295478,16,933,685,20
2647,295578,13,920,680,8
2648,295840,180,912,650,38
2649,295946,16,885,643,24
2650,296054,11,864,646,0
2651,296152,13,873,652,3
2652,296239,13,870,647,5
2653,296336,15,868,633,20
2654,296433,23,852,635,3
2655,296529,13,851,631,6
2656,296623,17,856,625,32
2657,296700,9,828,629,0
2658,296790,14,843,636,11
2659,296873,15,839,634,13
2660,296962,16,826,627,11
2661,297049,13,815,615,10
2662,297141,13,807,613,10
2663,297254,13,797,604,9
2664,297339,12,793,599,10
2665,297554,143,787,603,0
2666,297643,11,800,609,7
2667,297734,11,794,603,6
2668,297816,13,793,606,2
2669,297892,12,797,609,2
2670,297982,12,798,606,9
2671,298065,13,800,603,13
2672,298182,15,789,583,19
2673,298292,11,776,587,2
2674,298380,13,782,592,6
2675,298458,14,781,588,11
2676,298539,12,773,588,3
2677,298614,14,781,589,11
2678,298727,16,774,568,30
2679,298828,12,751,569,4
2680,298929,10,747,569,0
2681,299024,9,757,578,0
2682,299101,9,758,577,0
2683,299185,11,759,577,1
2684,299285,11,765,582,0
2685,299536,17,805,606,20
2686,299630,12,785,598,11
2687,299752,13,780,588,14
2688,299854,19,774,589,6
2689,299926,14,773,582,11
2690,300014,11,775,592,4
