tick,timestamp,query_runtime,trav_index_nodes,trav_vol_nodes,trav_unprod_nodes
0,960,10,6,6,0
1,1320,3,20,20,0
2,1709,12,24,24,0
3,1981,6,35,35,0
4,2238,4,48,48,0
5,2544,6,56,56,0
6,2879,7,61,61,0
7,3128,5,74,74,0
8,3370,6,80,80,0
9,3591,2,81,81,0
10,3819,2,87,87,0
11,5800,3,89,89,0
12,6032,8,92,92,0
13,6235,3,125,125,0
14,6445,4,126,126,0
15,6649,2,128,128,0
16,6894,8,129,129,0
17,7163,7,134,134,0
18,7386,2,134,134,0
19,7582,6,136,136,0
20,7743,6,137,137,0
21,7929,7,143,143,0
22,8199,9,146,146,0
23,8460,9,146,146,0
24,8660,3,148,148,0
25,8866,6,160,160,0
26,9067,3,162,162,0
27,9241,4,171,171,0
28,9535,6,171,171,0
29,9694,3,191,191,0
30,9900,10,203,203,0
31,10095,3,205,205,0
32,10271,3,205,205,0
33,10447,9,206,206,0
34,10672,4,208,208,0
35,10927,4,217,217,0
36,11097,4,220,220,0
37,11273,3,223,223,0
38,11445,4,226,226,0
39,11684,7,227,227,0
40,12018,22,228,228,0
41,12283,18,228,228,0
42,12550,8,229,229,0
43,12791,14,230,230,0
44,13051,13,246,246,0
45,13437,12,248,248,0
46,13690,11,248,248,0
47,13939,21,253,253,0
48,14240,35,254,254,0
49,14628,14,256,256,0
50,16112,39,269,269,0
51,16415,21,277,277,0
52,17881,11,279,279,0
53,18142,10,289,289,0
54,18386,10,298,298,0
55,18722,15,310,310,0
56,19066,32,321,321,0
57,19365,16,325,325,0
58,19660,16,329,329,0
59,19948,18,331,331,0
60,20167,8,333,333,0
61,20446,9,335,335,0
62,20641,14,340,340,0
63,20830,13,342,342,0
64,21009,11,350,350,0
65,21211,10,358,358,0
66,21411,25,368,368,0
67,21688,18,370,370,0
68,21886,15,382,382,0
69,22088,13,383,383,0
70,22290,12,383,383,0
71,22476,12,388,388,0
72,22680,19,388,388,0
73,22963,19,396,396,0
74,23170,7,396,396,0
75,23367,6,396,396,0
76,23539,5,399,399,0
77,23735,11,401,401,0
78,23914,12,408,408,0
79,24186,10,414,414,0
80,24387,11,417,417,0
81,24621,15,419,419,0
82,24798,9,421,421,0
83,24992,11,423,423,0
84,25157,13,433,433,0
85,25370,20,446,446,0
86,25603,13,454,454,0
87,25763,16,454,454,0
88,25943,16,456,456,0
89,26112,12,458,458,0
90,26287,17,466,466,0
91,26432,14,473,473,0
92,26642,17,487,487,0
93,27306,9,488,488,0
94,27465,10,499,499,0
95,27638,15,500,500,0
96,27814,19,501,501,0
97,28062,15,502,502,0
98,28193,15,514,514,0
99,28343,10,518,518,0
100,28501,5,521,521,0
101,28638,10,527,527,0
102,28791,13,529,529,0
103,28957,14,536,536,0
104,29159,25,536,536,0
105,29405,12,537,537,0
106,29559,16,540,540,0
107,29707,10,542,542,0
108,29854,9,553,553,0
109,29981,9,555,555,0
110,30119,13,564,564,0
111,30275,19,568,561,1
112,30462,20,572,555,3
113,30688,23,574,538,14
114,30826,12,581,539,15
115,30957,10,585,536,21
116,31120,13,590,529,29
117,31261,10,591,527,33
118,31413,15,594,517,43
119,31558,16,596,507,49
120,31687,17,617,524,50
121,31918,26,613,506,55
122,32088,7,613,484,73
123,32227,12,612,472,81
124,32385,18,615,467,83
125,32521,11,616,460,89
126,32669,14,619,448,99
127,32825,11,622,442,108
128,32972,13,624,442,108
129,33188,27,626,437,110
130,33376,13,626,434,114
131,33533,17,630,422,125
132,33677,13,633,408,142
133,33832,21,640,411,144
134,33963,6,642,408,146
135,34524,27,643,409,146
136,34702,13,646,412,146
137,34870,17,650,416,145
138,34982,15,660,426,145
139,35143,14,667,434,144
140,35280,10,672,439,144
141,35422,15,672,440,143
142,35570,23,675,443,143
143,35757,27,684,440,156
144,35965,15,690,430,170
145,36079,14,691,430,171
146,36206,13,691,421,179
147,36331,11,694,405,192
148,36469,11,704,406,194
149,36593,15,713,409,199
150,36715,16,738,431,201
151,36842,13,735,414,213
152,36984,33,735,405,222
153,37171,25,739,396,228
154,37358,16,740,387,235
155,37495,12,742,387,236
156,37630,20,747,391,234
157,37771,14,749,392,236
158,37902,10,749,389,238
159,38030,20,759,394,246
160,38166,18,770,401,251
161,38295,18,785,415,249
162,38492,25,786,412,253
163,38687,24,785,397,262
164,38829,25,795,404,267
165,38952,14,797,406,267
166,39095,15,796,394,275
167,39235,18,798,392,280
168,39388,15,802,388,287
169,39532,18,807,391,286
170,39676,19,827,413,279
171,39886,28,829,408,286
172,40129,30,844,415,296
173,40447,82,560,416,8
174,40569,11,563,416,11
175,41251,19,567,382,55
176,41426,15,576,388,58
177,41574,13,580,388,61
178,41713,14,583,388,65
179,41859,15,584,385,68
180,41994,10,601,398,68
181,42153,16,602,394,73
182,42349,25,605,395,75
183,42565,14,610,397,77
184,42688,10,624,408,79
185,42819,11,618,407,75
186,42951,14,627,416,75
187,43064,16,637,421,78
188,43198,13,661,440,85
189,43330,14,672,450,85
190,43467,10,671,447,87
191,43633,23,670,444,89
192,43830,19,674,446,91
193,43975,14,673,446,91
194,44106,16,674,445,93
195,44234,18,676,447,91
196,44369,15,688,454,96
197,44479,11,691,455,96
198,44604,12,693,454,100
199,44733,13,688,457,92
200,44858,16,688,457,92
201,45038,17,694,463,92
202,45241,11,703,472,92
203,45353,14,703,474,90
204,45485,18,704,475,89
205,45605,12,710,483,86
206,45750,14,713,486,81
207,45861,6,712,487,79
208,45987,14,726,501,79
209,46118,16,732,507,79
210,46271,17,734,508,80
211,46463,21,738,506,86
212,46607,11,738,506,86
213,46708,13,739,507,86
214,46818,12,744,514,84
215,46923,7,756,525,84
216,47037,17,772,540,84
217,47598,21,771,540,83
218,47783,30,771,540,83
219,47927,16,775,544,83
220,48042,13,777,546,82
221,48157,17,784,547,85
222,48276,13,791,550,91
223,48388,13,792,550,92
224,48495,11,798,552,94
225,48599,13,799,551,96
226,48727,13,800,552,96
227,48876,35,821,569,99
228,49065,31,821,569,99
229,49230,23,822,564,103
230,49364,18,825,566,103
231,49487,15,831,569,104
232,49605,16,839,567,106
233,49721,14,844,574,104
234,49832,11,853,583,104
235,49958,16,864,593,102
236,50096,16,865,592,104
237,50227,14,867,591,107
238,50401,29,872,595,107
239,50570,28,871,592,109
240,50720,16,872,589,113
241,50828,16,876,588,116
242,50941,16,876,583,122
243,51058,18,885,587,121
244,51191,31,896,596,123
245,51378,18,906,605,123
246,51492,15,906,605,123
247,51624,15,912,613,122
248,51799,26,914,614,123
249,51972,17,918,614,123
250,52086,17,925,617,127
251,52239,19,927,613,137
252,52395,17,931,602,152
253,52548,19,933,577,181
254,52703,18,937,574,189
255,52859,26,937,566,197
256,53040,25,940,552,216
257,53837,38,942,500,283
258,53987,16,952,500,301
259,54105,18,956,507,300
260,54228,14,965,505,314
261,54382,26,967,496,323
262,54531,18,959,489,322
263,54666,18,961,477,336
264,54947,36,965,457,359
265,55164,32,976,461,365
266,55318,23,976,463,363
267,55443,10,984,473,361
268,55535,9,986,475,361
269,55619,10,987,468,373
270,55728,16,990,471,373
271,55843,11,1004,457,401
272,55940,10,1003,449,408
273,56051,9,1008,443,420
274,56134,10,1008,437,424
275,56266,21,1017,445,421
276,56481,28,1023,447,423
277,56650,14,1022,438,430
278,56794,18,1023,436,433
279,56930,20,1039,442,441
280,57065,15,1041,444,441
281,57184,15,1048,452,440
282,57311,21,1055,453,447
283,57452,36,1057,448,457
284,57574,18,1063,442,472
285,57773,35,1069,442,478
286,57955,20,1073,423,503
287,58080,24,1092,442,502
288,58157,12,1111,460,503
289,58246,13,1113,461,504
290,58352,12,1112,458,506
291,58508,23,1118,455,514
292,58638,23,1122,459,514
293,58773,28,1122,457,514
294,58908,21,1126,451,524
295,59594,22,1128,421,559
296,59758,14,1132,414,567
297,59839,11,1132,414,567
298,59922,13,1133,414,569
299,59988,12,1130,412,572
300,60310,64,568,402,14
301,60392,6,588,420,14
302,60469,6,593,425,14
303,60598,6,597,422,24
304,60686,10,610,432,28
305,60776,18,621,441,30
306,60983,26,621,427,47
307,61187,6,635,430,57
308,61264,11,652,436,65
309,61350,10,653,426,76
310,61441,7,655,420,87
311,61528,7,667,431,89
312,61668,8,672,432,93
313,61780,7,676,434,98
314,61858,7,676,432,100
315,61941,7,678,425,108
316,62024,6,679,422,110
317,62102,6,686,425,111
318,62214,27,688,424,116
319,62333,12,703,437,118
320,62464,14,704,437,120
321,62563,7,704,431,129
322,62700,17,716,440,130
323,62788,6,723,444,128
324,62878,9,726,445,130
325,62956,7,724,442,128
326,63021,7,738,456,128
327,63087,6,740,458,126
328,63159,8,741,459,126
329,63241,7,741,459,126
330,63314,7,740,459,126
331,63384,6,753,471,126
332,63457,7,764,476,132
333,63531,7,768,476,133
334,64067,15,781,473,150
335,64205,19,782,475,148
336,64328,11,786,478,148
337,64394,7,792,487,145
338,64463,7,796,489,148
339,64528,8,800,489,149
340,64608,7,801,490,149
341,64678,8,803,489,154
342,64804,8,803,490,153
343,64886,7,817,500,156
344,64969,9,819,499,159
345,65053,9,822,501,160
346,65124,9,822,495,166
347,65192,8,822,495,166
348,65280,8,822,494,166
349,65391,13,824,496,166
350,65516,19,825,493,170
351,65644,17,838,495,183
352,65756,10,842,496,184
353,65864,8,844,491,192
354,65941,8,847,492,195
355,66011,8,852,494,199
356,66093,8,863,504,200
357,66165,8,863,501,205
358,66292,20,865,501,207
359,66423,12,865,499,209
360,66546,17,870,502,210
361,66661,17,870,501,212
362,66793,20,868,501,206
363,67017,34,864,499,205
364,67190,31,870,504,206
365,67310,16,876,508,206
366,67428,18,881,513,212
367,67563,14,883,514,211
368,67684,14,890,514,217
369,67818,17,892,507,229
370,67983,18,892,505,231
371,68107,15,891,500,232
372,68254,22,891,495,236
373,68970,557,897,491,245
374,69132,25,897,487,249
375,69251,17,903,492,251
376,69371,12,904,489,258
377,69492,19,906,491,258
378,69626,16,904,489,258
379,69770,23,913,499,252
380,69839,8,920,506,252
381,69927,11,921,507,252
382,69998,11,929,515,251
383,70080,8,932,519,250
384,70230,20,942,533,245
385,70350,20,952,541,245
386,70435,10,954,543,245
387,70522,12,959,548,249
388,70591,9,959,546,250
389,70696,24,956,548,243
390,70790,9,963,557,236
391,70863,9,966,559,236
392,70987,10,969,563,233
393,71091,13,971,565,233
394,71169,9,971,560,240
395,71233,9,973,562,240
396,71315,9,976,567,238
397,71447,25,973,557,246
398,71583,22,981,564,249
399,71734,17,988,566,249
400,71824,12,989,562,252
401,71905,10,986,556,257
402,72045,9,988,556,258
403,72122,9,994,559,261
404,72194,10,1006,567,261
405,72272,10,1008,562,269
406,72347,12,1014,565,268
407,72416,11,1017,567,268
408,72495,10,1016,569,262
409,72591,9,1018,571,261
410,72669,9,1022,571,265
411,72768,38,1025,573,266
412,73539,658,1027,563,281
413,73695,27,1029,563,283
414,73803,9,1031,567,281
415,73889,10,1034,569,282
416,73971,12,1036,568,284
417,74083,45,1034,568,282
418,74180,16,1037,568,285
419,74291,9,1051,582,285
420,74387,10,1057,581,297
421,74448,11,1055,579,297
422,74541,9,1051,577,295
423,74608,10,1053,577,297
424,74705,11,1061,584,298
425,74821,23,1061,584,298
426,74960,21,1061,585,295
427,75152,28,1059,585,292
428,75249,10,1066,590,290
429,75320,10,1074,597,291
430,75404,10,1075,595,293
431,75476,10,1076,597,292
432,75556,14,1083,600,296
433,75629,11,1083,595,298
434,75717,11,1080,595,295
435,75868,21,1079,595,294
436,75948,11,1085,600,295
437,76052,16,1089,603,296
438,76167,38,1093,600,304
439,76307,34,1094,601,304
440,76463,24,1092,597,308
441,76598,24,1113,609,308
442,76686,11,1114,609,309
443,76800,23,1115,610,309
444,76942,22,1112,608,307
445,77054,19,1126,617,314
446,77203,48,1138,629,312
447,77333,21,1140,630,312
448,77413,12,1139,630,311
449,77817,322,1134,632,307
450,77961,28,1134,629,310
451,78084,22,1141,628,316
452,78244,57,1144,626,323
453,78377,20,1143,624,321
454,78492,11,1149,632,319
455,78579,12,1150,632,318
456,78682,22,1160,642,317
457,78754,11,1180,655,321
458,78841,12,1178,640,327
459,78920,11,1181,639,325
460,79021,23,1178,639,322
461,79144,31,1199,657,322
462,79393,80,1198,644,338
463,79559,33,1205,641,338
464,79648,11,1206,640,339
465,79721,18,1214,648,335
466,79816,17,1215,648,335
467,79893,11,1221,653,338
468,79964,14,1240,670,337
469,80062,19,1248,678,337
470,80284,87,911,676,2
471,80394,15,914,678,3
472,80533,19,921,681,6
473,80686,27,931,687,10
474,80868,33,937,686,16
475,81063,17,940,682,22
476,81197,20,942,683,22
477,81328,21,952,691,22
478,81468,29,958,696,23
479,81600,21,961,695,27
480,81743,19,969,701,30
481,81891,17,970,697,35
482,82022,15,978,703,37
483,82235,34,992,696,56
484,82456,27,995,670,92
485,82648,32,998,661,111
486,83849,40,1008,619,180
487,84066,37,1014,613,193
488,84293,19,1014,596,210
489,84402,10,1024,598,216
490,84496,10,1032,594,230
491,84585,10,1034,582,245
492,84685,9,1037,580,253
493,84768,15,1043,570,269
494,84866,11,1044,563,275
495,85206,25,1063,571,289
496,85388,32,1065,557,309
497,85509,13,1068,560,309
498,85592,11,1080,569,318
499,85673,12,1086,559,334
500,85756,16,1102,573,333
501,85834,11,1111,573,342
502,85941,10,1110,567,354
503,86027,15,1122,557,381
504,86144,23,1122,551,387
505,86279,14,1132,550,399
506,86357,10,1146,563,399
507,86532,38,1147,556,406
508,86746,41,1150,555,406
509,86986,25,1150,520,453
510,87126,28,1155,522,457
511,87248,18,1156,517,466
512,87395,19,1160,514,473
513,87533,26,1158,513,473
514,87668,26,1160,511,477
515,87814,22,1166,505,491
516,88033,35,1170,500,507
517,88209,26,1179,507,509
518,88350,29,1179,496,523
519,88505,30,1183,498,523
520,88658,32,1187,490,535
521,88808,24,1187,490,535
522,88937,21,1193,490,540
523,89583,44,1198,493,542
524,89791,39,1206,495,546
525,89928,25,1226,513,547
526,90074,28,1236,524,545
527,90207,20,1239,521,552
528,90333,24,1244,524,555
529,90456,25,1249,492,591
530,90584,30,1256,497,593
531,90718,24,1262,501,600
532,90875,37,1263,492,612
533,91019,24,1270,498,612
534,91148,12,1270,496,614
535,91227,17,1270,495,617
536,91358,28,1269,491,620
537,91491,21,1274,490,625
538,91618,22,1280,493,630
539,91757,24,1279,493,629
540,91888,26,1299,495,645
541,92015,23,1298,493,643
542,92212,44,1304,498,643
543,92406,38,1304,482,660
544,92528,22,1316,485,669
545,92647,17,1319,487,668
546,92783,23,1324,478,680
547,92909,24,1325,478,679
548,93043,25,1327,461,700
549,93168,28,1330,460,704
550,93304,29,1329,458,705
551,93461,39,1330,445,719
552,93679,45,1328,438,725
553,93813,20,1325,439,721
554,93934,28,1325,439,721
555,94063,24,1325,439,721
556,94207,23,1327,442,720
557,94328,22,1326,434,726
558,94463,29,1332,439,726
559,95017,449,1340,423,748
560,95208,36,1339,412,761
561,95371,19,1339,403,768
562,95505,32,1339,404,767
563,95621,22,1343,401,777
564,95742,26,1348,403,780
565,95877,29,1354,395,798
566,95992,19,1359,400,798
567,96123,27,1368,406,801
568,96262,29,1372,410,800
569,96443,44,1387,423,802
570,96629,37,1392,428,800
571,96755,22,1388,428,796
572,96886,27,1397,435,799
573,97018,27,1391,436,790
574,97154,28,1397,433,798
575,97282,26,1405,441,797
576,97407,28,1406,439,797
577,97517,27,1413,443,798
578,97679,40,1412,440,800
579,97885,48,1413,438,802
580,98046,27,1419,443,802
581,98171,20,1427,448,803
582,98242,13,1423,447,800
583,98320,15,1423,447,800
584,98431,34,1435,456,803
585,98557,30,1444,465,803
586,98705,36,1454,476,801
587,98832,31,1455,477,801
588,98968,37,1459,481,798
589,99187,44,1459,482,798
590,99378,39,1461,478,801
591,99527,33,1463,478,804
592,99676,38,1466,476,804
593,99824,28,1471,477,810
594,100608,681,1471,456,831
595,101070,105,639,452,7
596,101188,11,647,445,20
597,101308,10,652,445,21
598,101455,12,652,440,24
599,101565,11,655,440,27
600,101693,16,660,444,28
601,101820,8,662,443,31
602,101988,23,670,447,36
603,102146,10,675,447,39
604,102273,13,694,463,41
605,102391,9,714,482,42
606,102496,14,726,493,44
607,102636,16,742,506,44
608,102756,20,744,503,52
609,102886,17,744,501,54
610,103006,19,744,502,53
611,103093,7,746,504,53
612,103230,16,749,507,53
613,103424,20,752,510,53
614,103562,12,752,510,53
615,103642,8,761,518,55
616,103713,7,761,518,55
617,103779,8,767,523,56
618,103854,8,767,523,56
619,103932,8,772,525,58
620,103995,7,775,528,58
621,104062,7,777,529,60
622,104131,8,779,530,61
623,104227,17,786,532,68
624,104352,16,798,538,71
625,104526,30,808,529,88
626,104698,13,809,530,88
627,104887,30,825,536,95
628,105031,13,837,544,95
629,105153,12,843,549,94
630,105282,18,852,550,102
631,105399,19,859,557,102
632,105512,15,870,567,100
633,106412,32,875,557,116
634,106566,20,892,571,116
635,106693,14,893,572,116
636,106753,9,894,571,123
637,106826,10,899,571,130
638,106910,10,899,564,137
639,106986,11,902,567,137
640,107056,10,906,571,137
641,107133,9,907,567,145
642,107197,11,906,568,143
643,107268,9,908,570,143
644,107352,13,915,576,141
645,107419,10,916,576,141
646,107485,8,919,579,141
647,107599,19,922,583,140
648,107816,44,919,583,137
649,107941,18,923,584,142
650,108071,9,925,586,142
651,108147,9,931,592,142
652,108228,11,931,592,142
653,108295,9,929,592,140
654,108387,9,930,593,140
655,108456,10,930,593,140
656,108531,11,929,594,138
657,108617,8,935,597,141
658,108702,20,945,606,142
659,108894,37,949,607,152
660,108988,9,947,607,150
661,109123,20,950,606,152
662,109241,17,950,598,155
663,109415,22,953,601,155
664,109558,18,953,602,152
665,109684,18,955,598,164
666,109813,19,955,597,166
667,109964,57,958,592,172
668,110108,15,962,593,176
669,110244,25,962,593,176
670,110365,21,963,594,176
671,110426,8,961,594,174
672,110985,22,959,577,191
673,111129,25,971,589,191
674,111222,9,981,596,192
675,111284,10,994,610,187
676,111362,10,996,611,181
677,111445,10,1003,619,180
678,111507,10,1009,624,181
679,111569,10,1015,626,182
680,111650,10,1016,628,181
681,111783,21,1021,629,185
682,111906,21,1018,622,184
683,111998,26,1019,621,186
684,112164,10,1047,636,196
685,112310,24,1053,622,219
686,112452,22,1052,604,238
687,112549,10,1055,599,246
688,112625,11,1056,595,252
689,112709,10,1055,596,250
690,112777,10,1066,604,252
691,112852,10,1073,611,252
692,112927,11,1074,612,252
693,113006,10,1079,616,252
694,113085,11,1080,617,252
695,113232,11,1083,620,252
696,113316,11,1083,623,249
697,113396,11,1090,630,248
698,113478,11,1086,630,244
699,113588,22,1085,631,242
700,113735,23,1088,635,241
701,113870,22,1088,632,244
702,113941,12,1092,635,245
703,114040,21,1098,638,254
704,114170,11,1106,641,261
705,114404,41,1108,626,286
706,114486,11,1112,605,304
707,114562,10,1113,598,309
708,114631,11,1119,598,315
709,114710,11,1119,584,331
710,115368,52,1120,539,386
711,115512,24,1125,529,400
712,115602,12,1134,536,398
713,115680,12,1135,529,407
714,115790,30,1146,524,432
715,115901,17,1144,509,444
716,116058,21,1145,500,454
717,116139,13,1150,501,458
718,116221,13,1150,493,469
719,116301,14,1151,491,472
720,116387,17,1161,489,484
721,116539,12,1165,484,494
722,116682,29,1166,481,499
723,116825,21,1164,481,497
724,116920,13,1173,482,504
725,116991,11,1175,481,513
726,117081,13,1175,482,512
727,117146,11,1174,481,512
728,117259,29,1174,483,509
729,117372,12,1179,487,510
730,117468,29,1184,492,509
731,117691,13,1195,492,517
732,117771,12,1195,485,527
733,117867,16,1198,482,533
734,118011,20,1199,471,545
735,118152,26,1204,476,545
736,118244,13,1202,467,553
737,118323,12,1203,468,552
738,118397,12,1206,470,553
739,118464,12,1203,471,546
740,118540,13,1206,471,550
741,118617,13,1211,467,559
742,118759,12,1222,468,571
743,118842,12,1233,469,581
744,118935,14,1244,473,589
745,119017,15,1249,478,587
746,119095,13,1249,476,589
747,122893,73,1245,406,672
748,123546,40,585,409,4
749,123653,13,600,422,13
750,123737,5,605,427,13
751,123888,20,619,433,21
752,124082,11,639,439,35
753,124250,30,657,455,40
754,124446,23,675,467,45
755,124560,10,677,466,48
756,124686,18,678,463,58
757,124804,10,679,464,58
758,124924,9,688,475,56
759,125088,21,695,460,78
760,125189,13,703,466,78
761,125276,6,712,464,89
762,125346,8,714,458,102
763,125411,7,715,459,102
764,125504,21,720,462,104
765,125623,14,726,468,104
766,125748,14,731,469,104
767,125877,11,734,461,117
768,125996,13,738,456,125
769,126197,41,754,470,127
770,126330,15,758,472,126
771,126445,15,774,488,126
772,126572,13,790,502,126
773,126666,10,805,510,134
774,126735,8,807,507,139
775,126851,22,807,507,139
776,127037,24,816,511,139
777,127177,14,818,511,144
778,127322,43,825,518,144
779,127423,7,834,525,143
780,127496,8,839,527,143
781,127609,9,845,531,147
782,127717,13,847,534,146
783,127866,16,854,540,147
784,127991,12,852,539,153
785,128448,38,854,523,177
786,128611,24,856,521,181
787,128754,16,865,530,181
788,128867,18,868,533,181
789,128983,19,868,530,184
790,129105,16,879,540,183
791,129228,17,881,541,184
792,129354,29,884,542,184
793,129553,20,889,542,192
794,129679,17,896,546,195
795,129851,27,905,551,200
796,130012,26,906,549,207
797,130144,14,911,553,206
798,130260,14,919,560,206
799,130376,19,936,575,205
800,130489,25,936,576,204
801,130616,16,936,576,204
802,130686,9,945,586,203
803,130755,9,962,602,202
804,130824,8,963,604,200
805,130901,10,963,604,200
806,130955,9,978,615,203
807,131030,9,984,622,200
808,131151,24,982,611,206
809,131281,23,985,588,232
810,131426,20,987,576,243
811,131502,10,989,574,248
812,131577,15,989,570,252
813,131772,9,1003,582,255
814,131839,9,1012,584,261
815,131913,11,1017,579,261
816,131986,9,1018,584,257
817,132059,10,1017,586,254
818,132159,18,1015,585,255
819,132254,9,1019,587,257
820,132327,10,1027,593,259
821,132394,10,1029,595,257
822,132495,20,1036,601,255
823,132967,21,1041,602,261
824,133123,21,1044,599,271
825,133205,11,1042,593,274
826,133275,10,1043,599,270
827,133338,12,1045,608,263
828,133415,10,1047,596,277
829,133483,8,1050,596,280
830,133544,10,1052,593,284
831,133615,10,1058,599,284
832,133690,10,1075,610,290
833,133771,11,1074,610,289
834,133922,45,1079,610,293
835,134009,11,1081,607,300
836,134085,10,1086,604,311
837,134227,41,1092,607,317
838,134391,19,1099,610,320
839,134522,25,1104,603,329
840,134626,10,1107,605,330
841,134698,12,1113,610,330
842,134764,11,1130,626,333
843,134828,10,1133,628,331
844,134898,10,1142,637,331
845,135083,25,1153,646,331
846,135152,11,1159,653,330
847,135232,10,1156,646,335
848,135321,14,1163,652,336
849,135401,11,1181,667,338
850,135475,13,1188,672,338
851,135543,11,1192,673,345
852,135660,30,1192,674,343
853,135795,25,1195,678,342
854,136045,36,1203,686,342
855,136333,35,1203,678,349
856,136454,16,1216,691,349
857,136531,12,1218,694,349
858,136612,11,1226,702,348
859,136688,14,1221,695,350
860,137162,27,1226,673,381
861,137306,32,1225,670,382
862,137388,16,1233,679,379
863,137484,28,1232,676,381
864,137575,19,1239,683,381
865,137660,17,1242,687,377
866,137746,12,1236,678,379
867,137833,14,1236,678,379
868,137909,15,1238,680,378
869,137992,14,1235,671,382
870,138144,31,1247,680,385
871,138231,16,1256,689,385
872,138412,65,1254,688,383
873,138556,32,1250,687,380
874,138694,29,1249,691,375
875,138764,13,1256,695,375
876,138848,13,1253,697,367
877,138924,14,1263,708,365
878,138994,13,1264,709,365
879,139074,15,1270,713,366
880,139168,25,1264,715,358
881,139253,17,1273,722,358
882,139320,12,1279,728,358
883,139467,65,1280,726,361
884,139603,15,1282,724,365
885,139672,13,1291,722,367
886,139786,29,1295,723,370
887,139914,24,1295,724,369
888,140074,39,1293,722,369
889,140599,137,933,717,14
890,140779,18,948,732,14
891,140897,20,949,733,14
892,141017,22,963,745,14
893,141164,35,965,745,17
894,141784,41,978,739,33
895,141940,22,971,738,25
896,142054,17,976,743,25
897,142189,19,977,744,25
898,142321,19,979,731,42
899,142429,10,980,727,47
900,142511,10,979,724,49
901,142591,10,992,728,65
902,142663,10,1001,714,89
903,142801,10,1005,698,114
904,142910,24,1012,687,132
905,143082,19,1023,670,164
906,143196,10,1032,657,184
907,143262,10,1042,649,203
908,143326,10,1043,647,206
909,143420,18,1043,631,233
910,143499,11,1047,616,251
911,143573,10,1051,610,261
912,143646,10,1051,613,258
913,143724,10,1051,610,266
914,143881,54,1057,609,274
915,144009,11,1059,589,301
916,144144,19,1059,583,307
917,144328,28,1069,579,326
918,144517,32,1075,571,342
919,144668,23,1085,545,382
920,144901,43,1106,564,388
921,145232,20,1117,574,388
922,145357,23,1118,576,386
923,145503,25,1130,585,386
924,145668,36,1130,562,404
925,145884,38,1133,542,427
926,146019,19,1134,540,431
927,146133,16,1135,537,435
928,146358,37,1141,497,484
929,146488,15,1144,491,496
930,146625,26,1146,480,502
931,147675,41,1149,433,558
932,148006,14,1150,397,598
933,148089,12,1156,401,602
934,148166,11,1175,410,612
935,148238,12,1179,413,612
936,148320,12,1184,415,615
937,148391,12,1184,406,625
938,148468,12,1194,415,629
939,148552,11,1190,416,624
940,148633,15,1187,415,621
941,148715,13,1194,419,634
942,148788,13,1205,424,639
943,148863,13,1207,426,639
944,148939,16,1207,426,639
945,149036,30,1207,412,651
946,149163,23,1213,416,653
947,149300,26,1217,420,652
948,149400,14,1218,423,650
949,149468,12,1220,425,648
950,149532,13,1225,430,648
951,149604,12,1224,431,646
952,149673,12,1225,432,646
953,149764,21,1223,432,644
954,149830,13,1221,432,642
955,149910,12,1222,433,641
956,149976,11,1232,445,639
957,150054,12,1234,447,639
958,150126,13,1237,450,637
959,150199,11,1250,463,636
960,150274,13,1250,463,636
961,150348,12,1252,465,636
962,150479,27,1252,465,636
963,150623,30,1254,467,634
964,150731,14,1252,467,632
965,150801,12,1252,468,631
966,150873,12,1260,476,631
967,150941,13,1266,483,630
968,153374,21,1267,474,640
969,153464,11,1269,480,636
970,153527,12,1271,477,637
971,153600,12,1272,474,638
972,153669,12,1274,473,642
973,153744,12,1273,462,648
974,153812,12,1277,458,657
975,153879,11,1282,463,657
976,153944,14,1288,469,654
977,154020,11,1291,472,654
978,154096,12,1295,480,648
979,154175,12,1298,483,648
980,154244,11,1307,492,648
981,154311,13,1312,496,648
982,154388,14,1321,508,645
983,154508,26,1323,508,647
984,154634,30,1323,502,650
985,154775,31,1321,501,647
986,154850,12,1323,499,660
987,154911,11,1335,511,658
988,154979,11,1335,514,655
989,155047,12,1335,514,654
990,155113,13,1338,515,656
991,155193,11,1358,534,658
992,155268,16,1361,534,658
993,155342,13,1366,533,661
994,155421,12,1366,533,661
995,155488,11,1366,531,663
996,155555,12,1364,529,662
997,155622,12,1364,522,671
998,155690,13,1367,520,673
999,155764,13,1368,519,675
1000,155893,27,1375,524,677
1001,156015,27,1389,535,680
1002,156135,26,1391,533,687
1003,156390,183,1390,529,689
1004,156459,13,1405,536,699
1005,156532,14,1408,536,703
1006,156607,13,1410,539,701
1007,156692,14,1407,532,703
1008,156768,13,1411,535,704
1009,156840,14,1410,534,704
1010,156912,14,1412,534,707
1011,156989,13,1418,539,704
1012,157064,14,1435,556,703
1013,157139,12,1435,554,705
1014,157265,36,1438,556,707
1015,157405,29,1440,557,708
1016,157540,17,1439,536,728
1017,157617,15,1439,536,727
1018,157689,13,1444,541,725
1019,157760,14,1451,548,725
1020,157826,14,1461,558,723
1021,157891,13,1461,560,721
1022,157965,15,1468,567,719
1023,158101,27,1481,579,719
1024,158181,15,1479,579,717
1025,158256,14,1485,584,717
1026,158349,19,1488,588,716
1027,158427,14,1489,589,715
1028,158499,14,1496,596,712
1029,158624,26,1505,603,708
1030,158789,30,1507,601,714
1031,158988,17,1516,600,720
1032,159064,19,1524,601,730
1033,159202,36,1532,609,727
1034,159276,14,1540,613,734
1035,159359,19,1552,625,734
1036,159438,17,1553,627,733
1037,159503,15,1553,626,735
1038,159836,16,1555,616,745
1039,159909,15,1554,614,747
1040,159983,15,1548,614,743
1041,160081,29,1548,613,744
1042,160433,68,818,619,5
1043,160573,21,826,626,6
1044,160673,8,843,640,6
1045,160758,10,853,641,14
1046,160828,8,858,644,14
1047,160901,9,865,637,20
1048,160975,8,865,634,23
1049,161032,9,870,631,27
1050,161101,8,877,634,27
1051,161169,8,877,634,27
1052,161231,10,888,634,41
1053,161299,9,889,635,41
1054,161375,9,903,641,51
1055,161444,9,911,646,53
1056,161518,8,912,642,60
1057,161593,9,913,635,68
1058,161704,18,917,639,68
1059,161847,18,917,638,71
1060,161980,26,918,631,80
1061,162083,9,925,631,88
1062,162147,9,927,629,92
1063,162209,9,927,622,99
1064,162280,9,938,621,112
1065,162351,11,943,624,113
1066,162426,11,951,627,120
1067,162502,9,963,634,126
1068,162567,11,963,628,132
1069,162631,9,963,629,131
1070,162706,9,964,630,131
1071,162778,9,964,630,131
1072,162846,9,975,641,131
1073,162911,9,975,641,131
1074,162976,10,985,647,132
1075,163413,26,991,635,141
1076,163522,21,999,635,139
1077,163640,22,1001,633,146
1078,163774,16,1005,636,146
1079,163886,14,1010,637,149
1080,163960,10,1028,655,149
1081,164026,10,1030,654,151
1082,164099,9,1041,657,150
1083,164163,11,1040,652,151
1084,164225,9,1042,653,153
1085,164293,11,1041,653,152
1086,164369,10,1040,652,153
1087,164437,11,1049,658,154
1088,164510,11,1055,658,155
1089,164583,10,1057,663,150
1090,164650,10,1058,663,151
1091,164734,10,1060,665,151
1092,164884,26,1064,659,162
1093,165011,27,1062,659,160
1094,165155,20,1063,655,169
1095,165248,10,1063,647,177
1096,165312,12,1072,655,177
1097,165382,10,1071,659,172
1098,165449,9,1071,652,183
1099,165520,10,1072,653,183
1100,165592,11,1073,652,185
1101,165689,23,1076,652,188
1102,165754,10,1076,651,186
1103,165825,11,1084,662,182
1104,165892,11,1084,662,182
1105,165963,10,1090,668,182
1106,166033,11,1089,668,181
1107,166117,10,1091,667,181
1108,166212,31,1090,667,180
1109,166370,29,1090,669,178
1110,166497,23,1087,665,180
1111,166591,11,1087,662,181
1112,166666,11,1096,666,181
1113,167133,11,1101,671,183
1114,167192,12,1102,670,185
1115,167268,11,1105,667,185
1116,167349,12,1106,667,185
1117,167423,13,1114,675,185
1118,167491,10,1115,673,190
1119,167555,11,1116,676,186
1120,167678,26,1113,673,186
1121,167801,23,1113,673,186
1122,167969,29,1113,665,193
1123,168063,11,1118,668,194
1124,168133,12,1117,668,193
1125,168203,11,1121,671,194
1126,168286,12,1132,678,197
1127,168353,13,1143,689,196
1128,168425,12,1140,694,188
1129,168504,13,1137,697,181
1130,168570,12,1147,705,177
1131,168644,12,1153,710,177
1132,168710,12,1157,714,177
1133,168785,11,1156,717,173
1134,168864,11,1155,713,176
1135,168949,22,1155,711,178
1136,169184,73,1158,707,183
1137,169382,27,1159,704,191
1138,169500,12,1161,706,191
1139,169561,14,1167,703,201
1140,169618,12,1170,705,202
1141,169686,12,1178,713,202
1142,169768,15,1179,709,207
1143,169839,12,1197,728,204
1144,169920,13,1197,727,205
1145,170000,13,1197,727,205
1146,170075,13,1205,735,205
1147,170145,11,1203,735,203
1148,170239,12,1222,754,203
1149,170309,13,1225,757,203
1150,170798,421,1225,753,207
1151,170945,27,1228,751,212
1152,171142,34,1228,745,219
1153,171289,46,1228,742,224
1154,171369,12,1231,745,224
1155,171442,17,1237,752,223
1156,171520,12,1241,756,223
1157,171587,13,1252,769,221
1158,171652,12,1260,774,223
1159,171728,12,1271,784,224
1160,171804,13,1276,789,224
1161,171888,13,1279,788,224
1162,171968,12,1280,791,220
1163,172045,14,1281,791,221
1164,172119,13,1286,795,221
1165,172203,13,1291,797,224
1166,172392,26,1294,771,256
1167,172554,36,1302,755,281
1168,172673,15,1298,739,296
1169,172748,12,1304,732,312
1170,172823,13,1305,732,313
1171,172898,15,1302,723,316
1172,172974,13,1317,724,333
1173,173066,13,1317,721,336
1174,173151,15,1320,723,337
1175,173221,13,1320,715,351
1176,173289,13,1328,702,374
1177,173437,63,1334,683,397
1178,173547,13,1338,681,407
1179,173622,13,1346,681,418
1180,173756,26,1346,670,432
1181,173883,23,1340,666,433
1182,174012,13,1338,656,440
1183,174084,13,1336,638,459
1184,174150,12,1333,637,457
1185,174221,14,1342,629,472
1186,177021,26,1356,518,612
1187,177118,12,1357,519,612
1188,177202,12,1357,519,612
1189,177266,10,1362,524,612
1190,177343,12,1362,524,612
1191,177406,12,1368,532,610
1192,177473,11,1370,534,610
1193,177550,14,1365,534,605
1194,177701,12,1365,534,605
1195,177766,14,1376,542,605
1196,177845,14,1380,547,603
1197,177922,13,1385,552,603
1198,177999,13,1384,559,595
1199,178106,28,1378,557,591
1200,178228,29,1386,554,598
1201,178359,32,1387,543,610
1202,178440,12,1396,536,631
1203,178511,12,1394,515,643
1204,178584,12,1392,516,640
1205,178648,14,1391,516,639
1206,178848,55,1398,512,655
1207,178943,13,1402,515,654
1208,179014,12,1411,514,667
1209,179087,14,1421,524,667
1210,179164,13,1418,522,665
1211,179232,14,1420,520,670
1212,179311,13,1424,524,670
1213,179394,14,1427,523,672
1214,179524,26,1427,525,670
1215,179664,27,1436,532,671
1216,179769,13,1447,542,671
1217,179874,29,1447,525,690
1218,180079,26,1451,524,696
1219,180471,49,760,491,46
1220,180538,7,764,491,51
1221,180608,7,770,495,54
1222,180678,8,770,493,57
1223,180763,18,772,493,59
1224,180879,19,782,501,59
1225,181019,28,782,498,60
1226,181239,16,784,500,60
1227,181319,8,790,504,60
1228,181408,10,797,511,60
1229,181474,8,797,511,60
1230,181550,9,812,520,60
1231,181623,8,814,522,60
1232,181683,8,822,530,60
1233,181742,8,824,532,60
1234,181818,9,830,538,60
1235,181878,9,830,538,60
1236,181950,7,838,546,60
1237,182022,17,840,548,60
1238,182164,34,844,551,60
1239,182359,18,844,552,59
1240,182462,8,845,553,59
1241,182544,9,853,557,59
1242,182611,8,867,571,59
1243,182678,8,881,585,56
1244,182744,9,883,587,56
1245,182809,10,901,604,54
1246,182887,8,907,610,54
1247,182961,9,907,610,54
1248,183036,9,910,613,54
1249,183097,9,912,614,54
1250,183163,9,914,616,54
1251,183227,9,919,621,54
1252,183359,29,919,623,52
1253,183418,8,922,625,52
1254,183527,21,930,621,64
1255,183651,18,934,615,81
1256,183771,20,934,602,96
1257,183875,13,937,603,98
1258,184193,9,958,609,116
1259,184262,10,968,617,119
1260,184326,9,972,620,119
1261,184528,51,980,611,142
1262,184622,9,986,614,145
1263,184701,10,987,614,146
1264,184800,19,1007,627,154
1265,184911,32,1011,624,160
1266,185063,25,1015,618,171
1267,185188,18,1015,603,181
1268,185288,11,1015,598,184
1269,185376,17,1016,597,188
1270,185460,11,1016,597,188
1271,185527,10,1018,598,188
1272,185717,38,1028,594,203
1273,185802,14,1028,585,219
1274,185890,11,1028,577,228
1275,185966,11,1028,582,223
1276,186045,11,1029,583,223
1277,186119,10,1029,583,223
1278,186188,10,1035,589,224
1279,186325,24,1040,591,227
1280,186467,24,1049,599,229
1281,186586,13,1054,597,235
1282,186669,11,1057,576,257
1283,186865,17,1058,558,277
1284,186939,9,1061,555,286
1285,187022,12,1059,554,286
1286,187104,11,1059,559,279
1287,187173,10,1066,558,287
1288,187251,13,1066,558,287
1289,187325,12,1076,567,289
1290,187403,12,1077,565,291
1291,187485,11,1079,567,289
1292,187586,22,1080,564,294
1293,187730,24,1079,560,297
1294,188030,94,1078,556,299
1295,188548,417,1079,550,308
1296,188630,13,1087,549,318
1297,188695,12,1087,549,318
1298,188762,11,1097,553,317
1299,188848,13,1109,566,315
1300,188913,11,1108,569,311
1301,188986,11,1112,569,318
1302,189056,12,1113,569,318
1303,189239,27,1117,561,332
1304,189364,22,1119,556,337
1305,189454,13,1119,555,339
1306,189521,12,1119,545,349
1307,189590,11,1122,548,349
1308,189661,12,1121,553,339
1309,189735,12,1117,553,335
1310,189800,11,1123,559,332
1311,189879,11,1134,564,342
1312,189945,12,1136,566,342
1313,190028,12,1137,561,358
1314,190105,13,1151,575,358
1315,190255,13,1150,573,357
1316,190331,13,1154,577,357
1317,190420,21,1168,588,361
1318,190565,34,1168,577,372
1319,190686,30,1177,586,370
1320,190815,27,1178,582,375
1321,190890,12,1175,579,375
1322,190956,14,1175,573,379
1323,191028,12,1172,571,377
1324,191108,12,1173,564,388
1325,191175,14,1177,568,388
1326,191330,76,1180,567,395
1327,191462,13,1184,562,396
1328,191533,11,1188,559,403
1329,191614,15,1198,566,403
1330,191690,14,1215,578,406
1331,191761,12,1234,597,400
1332,191860,27,1234,594,400
1333,192291,23,1238,593,403
1334,192516,86,1240,587,407
1335,192624,12,1243,590,407
1336,192701,17,1245,589,408
1337,192775,12,1245,589,407
1338,192855,13,1247,588,410
1339,192923,13,1253,590,414
1340,192987,14,1265,600,422
1341,193066,13,1268,605,418
1342,193138,13,1280,617,418
1343,193211,12,1277,617,415
1344,193280,13,1280,620,415
1345,193356,14,1286,626,414
1346,193431,13,1293,630,414
1347,193507,12,1302,639,414
1348,193705,36,1304,637,421
1349,193854,26,1299,633,421
1350,194009,29,1304,638,419
1351,194091,12,1315,641,426
1352,194167,13,1317,644,423
1353,194233,14,1324,651,423
1354,194305,16,1326,652,424
1355,194383,16,1332,659,424
1356,194451,13,1335,659,426
1357,194525,13,1345,669,425
1358,194589,12,1346,670,425
1359,194778,33,1343,658,429
1360,194852,12,1346,656,432
1361,194968,24,1366,676,432
1362,195090,38,1367,679,430
1363,195220,37,1370,674,441
1364,195368,32,1369,665,449
1365,195479,15,1386,681,448
1366,195569,13,1388,682,449
1367,195643,12,1389,679,456
1368,196290,590,1388,669,463
1369,196372,17,1391,673,456
1370,196487,30,1390,673,454
1371,196654,39,1385,657,469
1372,196810,22,1385,656,472
1373,196962,59,1389,662,470
1374,197024,16,1388,664,467
1375,197105,23,1389,665,467
1376,197186,19,1390,663,470
1377,197264,12,1389,662,469
1378,197342,18,1390,660,470
1379,197422,14,1396,667,469
1380,197496,13,1406,676,465
1381,197576,13,1404,669,474
1382,197650,14,1411,676,474
1383,197726,14,1421,686,474
1384,197860,35,1427,692,474
1385,198057,71,1428,689,479
1386,198203,17,1428,686,482
1387,198285,23,1436,694,482
1388,198353,14,1438,692,484
1389,198439,15,1438,685,491
1390,198508,14,1446,693,491
1391,198586,15,1451,694,492
1392,198667,15,1448,691,490
1393,198752,14,1445,690,489
1394,198831,13,1444,690,488
1395,198905,20,1453,694,490
1396,198985,13,1454,699,486
1397,199130,83,1456,701,482
1398,199274,36,1455,698,481
1399,199432,36,1451,696,479
1400,199587,31,1450,695,477
1401,199696,13,1453,697,478
1402,199778,15,1453,697,478
1403,202728,65,893,570,92
1404,202870,19,897,546,132
1405,203005,16,899,545,137
1406,203149,19,903,526,165
1407,203279,47,905,522,176
1408,203370,12,911,522,185
1409,203441,9,918,529,185
1410,203519,11,927,529,193
1411,203649,38,936,532,199
1412,203853,23,945,518,226
1413,204013,9,959,510,251
1414,204091,10,963,505,262
1415,204163,10,968,487,294
1416,204248,9,973,479,310
1417,204423,16,978,484,309
1418,204513,11,979,485,309
1419,204575,9,991,496,309
1420,204652,8,993,498,308
1421,204727,9,1009,514,308
1422,204815,10,1011,516,306
1423,204924,13,1019,524,304
1424,205049,22,1020,525,304
1425,205198,29,1031,536,304
1426,205340,10,1034,539,304
1427,205465,49,1041,546,304
1428,205683,11,1045,550,302
1429,205762,10,1047,552,302
1430,205850,10,1049,553,302
1431,205920,10,1059,563,302
1432,205999,15,1062,565,302
1433,206076,10,1077,580,302
1434,206154,14,1085,588,302
1435,206219,12,1089,590,302
1436,206298,12,1094,597,298
1437,206412,23,1108,609,297
1438,206871,28,1111,612,297
1439,207016,20,1119,609,305
1440,207089,10,1139,625,309
1441,207162,12,1144,629,311
1442,207243,11,1145,621,320
1443,207327,11,1159,627,323
1444,207405,10,1160,628,323
1445,207494,10,1163,602,359
1446,207576,16,1165,600,363
1447,207647,10,1170,602,367
1448,207739,13,1170,596,374
1449,207887,14,1170,595,375
1450,207969,11,1173,584,392
1451,208105,37,1185,591,404
1452,208355,67,1185,578,413
1453,208541,32,1185,568,423
1454,208681,21,1188,563,432
1455,208848,29,1189,564,432
1456,209000,28,1189,542,460
1457,209129,22,1192,543,463
1458,209267,23,1193,534,472
1459,209399,26,1194,533,474
1460,209533,20,1199,534,476
1461,209731,43,1207,536,483
1462,209948,37,1212,522,505
1463,210088,20,1221,523,516
1464,210212,25,1222,521,521
1465,210342,21,1222,521,521
1466,210488,24,1236,533,523
1467,210633,23,1243,513,549
1468,210748,12,1256,522,553
1469,210832,12,1257,529,549
1470,210953,14,1262,524,562
1471,211105,32,1271,533,562
1472,211260,28,1285,541,567
1473,211341,13,1290,542,573
1474,211724,13,1291,520,601
1475,211785,11,1294,519,604
1476,211866,12,1297,510,617
1477,211936,11,1298,499,628
1478,212021,13,1305,506,622
1479,212102,13,1302,494,631
1480,212179,13,1302,495,629
1481,212264,17,1303,495,629
1482,212540,40,1302,478,643
1483,212700,35,1309,472,656
1484,212800,16,1312,469,658
1485,212886,14,1312,469,658
1486,212981,15,1312,467,660
1487,213075,15,1312,441,685
1488,213160,19,1320,441,691
1489,213254,18,1322,444,690
1490,213363,17,1323,443,688
1491,213475,14,1319,444,682
1492,213578,18,1316,443,681
1493,213675,19,1326,450,682
1494,213837,26,1334,457,684
1495,214022,41,1337,460,684
1496,214162,13,1335,462,680
1497,214273,15,1348,465,692
1498,214364,20,1349,464,693
1499,214464,18,1352,467,693
1500,214541,13,1357,474,691
1501,214618,17,1363,473,698
1502,214695,14,1376,485,699
1503,214774,18,1383,488,702
1504,214878,14,1383,477,713
1505,214953,12,1385,478,713
1506,215027,12,1390,484,712
1507,215097,14,1399,491,713
1508,215208,27,1403,492,716
1509,215671,29,1405,474,755
1510,215783,22,1408,473,759
1511,215849,12,1410,473,760
1512,215918,16,1408,470,759
1513,215999,13,1409,470,760
1514,216077,13,1418,470,774
1515,216150,12,1417,471,772
1516,216217,13,1420,473,771
1517,216287,14,1430,480,773
1518,216354,14,1432,479,778
1519,216415,14,1431,478,779
1520,216479,13,1432,479,777
1521,216553,13,1440,485,778
1522,216627,13,1448,491,779
1523,216706,14,1461,502,780
1524,216775,13,1461,502,780
1525,216915,33,1459,496,787
1526,217054,33,1461,499,786
1527,217175,21,1467,498,794
1528,217249,13,1473,505,793
1529,217323,14,1473,504,794
1530,217399,15,1475,505,794
1531,217468,14,1477,512,787
1532,217545,15,1480,517,783
1533,217614,13,1478,518,779
1534,217690,14,1485,516,785
1535,217756,13,1485,517,784
1536,217832,15,1491,524,783
1537,217911,15,1499,526,785
1538,217985,14,1511,536,784
1539,218066,16,1518,542,784
1540,218145,14,1527,553,782
1541,218262,37,1538,564,781
1542,218689,333,1538,567,778
1543,218827,32,1547,574,778
1544,218926,15,1553,579,776
1545,219003,15,1548,579,771
1546,219089,14,1554,573,784
1547,219164,14,1554,572,785
1548,219246,15,1564,581,784
1549,219318,16,1563,580,786
1550,219396,15,1564,581,786
1551,219465,14,1564,581,786
1552,219537,15,1563,581,785
1553,219604,15,1570,586,787
1554,219690,15,1570,575,801
1555,219763,14,1571,577,799
1556,219833,13,1569,569,805
1557,219961,35,1563,559,808
1558,220141,52,1576,567,810
1559,220412,13,776,569,6
1560,220466,8,779,571,7
1561,220535,8,784,576,7
1562,220613,7,789,581,7
1563,220674,8,797,589,7
1564,220739,8,801,590,7
1565,220817,8,804,593,7
1566,220881,8,812,598,9
1567,220952,8,829,614,14
1568,221031,8,837,617,24
1569,221099,9,838,618,24
1570,221167,9,841,618,27
1571,221235,8,848,621,30
1572,221302,9,849,622,30
1573,221434,15,854,610,49
1574,221554,23,857,611,51
1575,221698,26,873,617,56
1576,221764,9,874,617,57
1577,222157,10,879,618,58
1578,222230,9,890,627,58
1579,222302,9,892,629,58
1580,222372,11,894,630,58
1581,222434,9,904,638,58
1582,222527,10,906,643,53
1583,222592,8,908,639,55
1584,222652,9,911,639,49
1585,222722,18,915,639,50
1586,222864,20,921,639,58
1587,222989,23,933,646,61
1588,223078,10,933,645,63
1589,223148,9,937,646,66
1590,223209,9,942,649,68
1591,223270,9,942,648,70
1592,223336,10,951,650,77
1593,223399,10,961,660,77
1594,223471,9,962,661,77
1595,223542,10,969,667,83
1596,223613,9,971,668,83
1597,223679,9,970,669,81
1598,223784,22,970,669,81
1599,223859,10,974,673,81
1600,223939,9,976,675,81
1601,224013,9,980,678,80
1602,224107,19,980,679,79
1603,224225,21,982,679,79
1604,224338,17,983,672,88
1605,224450,20,993,680,89
1606,224513,9,995,678,95
1607,224584,10,992,679,89
1608,224656,10,998,685,89
1609,224715,11,998,685,89
1610,224778,10,1001,688,88
1611,224892,22,1016,693,102
1612,225015,24,1032,707,102
1613,225084,11,1040,714,102
1614,225154,13,1040,716,100
1615,225563,352,1046,725,96
1616,225697,22,1053,727,98
1617,225820,25,1055,728,98
1618,225922,11,1057,730,98
1619,225985,10,1060,731,96
1620,226090,24,1076,747,96
1621,226195,10,1080,751,96
1622,226270,9,1083,753,96
1623,226337,11,1083,753,96
1624,226406,10,1087,756,99
1625,226465,10,1087,754,101
1626,226534,11,1092,759,101
1627,226601,11,1093,760,100
1628,226681,11,1091,761,97
1629,226746,11,1102,772,97
1630,226809,11,1105,774,98
1631,226879,10,1105,772,98
1632,227011,32,1110,774,101
1633,227257,75,1117,766,115
1634,227419,29,1122,766,118
1635,227503,12,1123,765,118
1636,227607,12,1123,759,124
1637,227693,11,1129,754,137
1638,227765,11,1145,771,136
1639,227831,11,1148,774,136
1640,227912,13,1154,780,136
1641,227987,12,1161,787,136
1642,228052,12,1161,787,136
1643,228118,12,1155,782,130
1644,228194,12,1155,781,134
1645,228350,55,1153,772,141
1646,228418,11,1153,769,144
1647,228548,24,1158,771,147
1648,228698,29,1156,762,151
1649,228841,28,1156,756,159
1650,228902,12,1156,756,159
1651,228970,14,1164,756,169
1652,229568,12,1164,748,167
1653,229650,12,1167,751,167
1654,229726,13,1160,751,160
1655,229789,13,1186,773,160
1656,229896,29,1191,779,159
1657,230039,33,1201,789,159
1658,230154,12,1203,791,159
1659,230233,12,1208,796,159
1660,230297,11,1211,799,159
1661,230370,12,1214,802,159
1662,230437,13,1223,811,158
1663,230539,25,1227,817,156
1664,230607,13,1235,825,156
1665,230684,12,1245,835,156
1666,230755,12,1251,843,154
1667,230816,12,1261,853,154
1668,230890,14,1271,862,154
1669,230968,14,1273,864,154
1670,231035,12,1273,864,154
1671,231108,13,1281,872,154
1672,231237,28,1284,879,150
1673,231373,41,1294,889,150
1674,231543,56,1298,892,150
1675,231728,15,1299,893,150
1676,231796,12,1301,895,150
1677,231873,15,1309,904,149
1678,231944,19,1310,905,149
1679,232024,14,1310,905,149
1680,232103,13,1315,909,146
1681,232184,13,1322,917,145
1682,232277,15,1323,918,145
1683,232350,15,1331,928,143
1684,232442,14,1337,920,161
1685,232530,14,1338,921,161
1686,232611,15,1342,925,161
1687,233240,456,1344,862,233
1688,233374,35,1355,850,248
1689,233511,15,1364,833,279
1690,233590,14,1370,824,294
1691,233675,17,1377,831,292
1692,233762,14,1379,820,304
1693,233916,55,1387,820,315
1694,233991,14,1387,821,313
1695,234068,13,1385,812,329
1696,234147,14,1387,812,329
1697,234218,15,1397,814,339
1698,234293,14,1397,802,356
1699,234368,14,1397,795,364
1700,234446,13,1403,790,369
1701,234576,29,1408,769,395
1702,234709,35,1410,741,428
1703,234841,29,1418,742,436
1704,235042,79,1417,712,470
1705,235140,16,1411,698,478
1706,235234,20,1411,688,489
1707,235330,18,1420,697,487
1708,235431,18,1420,686,501
1709,235514,16,1422,686,502
1710,235591,16,1423,682,510
1711,235682,14,1423,674,522
1712,235767,14,1428,665,540
1713,235870,38,1427,663,543
1714,236009,32,1427,638,565
1715,236277,41,1436,623,593
1716,236350,14,1438,617,603
1717,236426,14,1437,607,612
1718,236499,17,1446,616,612
1719,236559,14,1454,624,612
1720,236635,15,1453,630,604
1721,239163,37,1453,438,827
1722,239391,69,1459,432,841
1723,239475,14,1459,432,841
1724,239543,15,1475,437,845
1725,239613,14,1481,443,847
1726,239688,14,1479,443,847
1727,239768,14,1476,443,844
1728,239853,19,1483,449,846
1729,239925,14,1488,455,844
1730,240002,13,1489,454,844
1731,240175,49,1493,438,863
1732,240453,22,632,428,15
1733,240558,15,635,427,20
1734,240680,14,637,429,20
1735,240751,7,649,432,20
1736,240815,7,654,435,24
1737,240878,7,661,442,24
1738,240943,6,666,445,24
1739,241005,7,676,451,25
1740,241077,7,679,454,25
1741,241155,7,685,460,25
1742,241227,9,689,460,31
1743,241290,7,691,458,36
1744,241374,7,692,452,44
1745,241611,9,691,452,43
1746,241681,7,694,450,51
1747,241841,22,703,453,60
1748,242025,18,708,453,66
1749,242154,7,713,455,73
1750,242258,11,714,452,73
1751,242369,18,722,457,76
1752,242491,14,726,459,79
1753,242634,51,729,462,79
1754,242825,13,737,462,90
1755,242937,17,744,462,96
1756,243062,17,748,459,103
1757,243221,27,755,460,107
1758,243729,28,759,434,136
1759,243955,14,768,441,135
1760,244085,19,769,436,142
1761,244196,16,775,439,148
1762,244301,14,778,440,156
1763,244420,12,781,443,156
1764,244546,18,781,436,163
1765,244668,11,789,443,165
1766,244777,16,790,444,165
1767,244923,41,800,454,164
1768,245110,29,801,446,172
1769,245277,16,817,454,181
1770,245378,9,819,458,179
1771,245452,9,819,461,176
1772,245527,8,821,463,176
1773,245580,8,828,466,176
1774,245656,9,840,479,175
1775,245731,9,842,479,176
1776,245802,9,846,483,176
1777,246008,10,858,493,179
1778,246075,8,859,483,190
1779,246143,10,863,488,192
1780,246207,9,869,490,194
1781,246372,33,875,491,201
1782,246552,31,882,487,213
1783,246709,17,889,487,220
1784,246815,16,888,485,221
1785,246904,9,894,490,223
1786,246973,9,899,494,225
1787,247182,12,902,495,227
1788,247248,9,915,506,232
1789,247313,9,916,504,237
1790,247388,10,918,508,234
1791,247452,10,919,509,234
1792,247524,9,921,510,235
1793,247599,10,926,514,235
1794,247668,9,935,519,237
1795,247800,24,947,531,233
1796,247911,14,952,533,236
1797,248405,398,963,539,248
1798,248486,10,968,543,249
1799,248562,10,983,558,247
1800,248636,10,982,559,242
1801,248697,9,977,559,237
1802,248765,9,982,563,238
1803,248828,9,984,565,238
1804,248917,17,991,561,250
1805,249015,12,992,562,250
1806,249098,13,996,562,257
1807,249176,11,997,554,265
1808,249255,11,992,550,263
1809,249364,12,992,548,265
1810,249507,24,997,547,272
1811,249672,27,1006,553,272
1812,249788,20,1019,563,275
1813,249938,13,1027,569,277
1814,250026,12,1044,584,277
1815,250107,10,1043,585,275
1816,250181,11,1049,590,275
1817,250243,10,1049,593,272
1818,250401,58,1056,600,272
1819,250484,13,1061,603,272
1820,250560,11,1071,612,271
1821,250627,10,1075,608,278
1822,250702,12,1079,609,281
1823,250767,11,1078,609,282
1824,250833,11,1076,607,281
1825,250915,10,1076,605,284
1826,251057,26,1079,603,283
1827,251185,19,1079,601,286
1828,251315,12,1085,604,289
1829,251395,17,1091,611,288
1830,251583,18,1098,613,294
1831,251662,12,1099,606,294
1832,251751,11,1104,610,292
1833,251829,13,1101,613,285
1834,251912,13,1100,615,282
1835,252420,36,1108,591,316
1836,252591,51,1110,586,322
1837,253019,12,1121,576,335
1838,253094,14,1125,575,334
1839,253166,11,1128,577,336
1840,253246,12,1129,573,338
1841,253316,12,1137,578,341
1842,253386,12,1134,579,336
1843,253450,12,1140,578,346
1844,253517,10,1142,580,346
1845,253586,12,1141,576,349
1846,253653,12,1146,581,349
1847,253731,12,1145,586,343
1848,253807,13,1149,588,346
1849,253958,48,1158,593,351
1850,254143,38,1165,593,358
1851,254329,45,1168,584,370
1852,254445,26,1180,590,370
1853,254586,23,1184,594,368
1854,254716,32,1186,592,372
1855,254940,64,1183,589,375
1856,255010,13,1186,590,372
1857,255079,14,1194,595,375
1858,255178,19,1196,598,374
1859,255298,18,1200,598,377
1860,255458,40,1199,598,376
1861,255611,26,1196,598,373
1862,255725,12,1203,599,378
1863,255803,12,1208,608,372
1864,255882,18,1209,608,373
1865,256014,53,1209,596,391
1866,256076,13,1214,604,387
1867,256148,15,1216,606,386
1868,256224,12,1221,607,385
1869,256286,13,1220,607,384
1870,256359,15,1230,617,384
1871,256427,13,1231,618,384
1872,256863,29,1240,608,401
1873,256995,28,1245,607,409
1874,257231,13,1250,613,408
1875,257299,14,1250,613,408
1876,257381,13,1258,621,407
1877,257457,14,1278,641,404
1878,257529,13,1277,643,399
1879,257602,16,1292,657,400
1880,257676,13,1288,654,399
1881,257757,12,1288,649,405
1882,257841,14,1287,650,403
1883,257922,15,1289,652,401
1884,257988,13,1291,654,401
1885,258076,16,1293,655,403
1886,258152,14,1305,660,411
1887,258306,25,1305,656,416
1888,258452,33,1307,656,417
1889,258605,37,1306,653,420
1890,258717,14,1307,655,416
1891,258786,14,1316,662,416
1892,258866,16,1314,663,413
1893,258937,16,1321,669,412
1894,259013,14,1321,664,417
1895,259088,13,1325,671,410
1896,259171,14,1328,674,410
1897,259282,41,1334,683,405
1898,259461,13,1337,686,403
1899,259528,13,1351,700,403
1900,259603,14,1350,697,404
1901,259696,22,1356,698,409
1902,259831,31,1355,694,414
1903,259977,33,1353,700,406
1904,260190,41,1364,712,404
1905,261364,210,960,691,28
1906,261483,25,963,686,36
1907,261598,17,965,688,36
1908,261730,23,965,688,36
1909,261856,15,965,688,36
1910,261978,13,967,688,38
1911,262112,17,967,683,46
1912,262254,19,970,658,88
1913,262461,30,984,651,125
1914,262663,16,985,605,176
1915,262781,16,993,613,176
1916,262919,17,993,614,175
1917,263054,17,993,619,169
1918,263198,18,996,622,169
1919,263343,23,997,598,197
1920,263490,24,1004,603,200
1921,263710,51,1011,574,247
1922,263924,35,1019,561,271
1923,264087,22,1022,543,292
1924,264216,23,1034,549,303
1925,264351,21,1039,544,317
1926,264474,25,1054,551,328
1927,264589,19,1057,540,345
1928,264854,23,1062,527,367
1929,265022,45,1065,530,365
1930,265225,39,1070,530,374
1931,265371,16,1072,524,382
1932,265503,25,1074,520,392
1933,265632,17,1076,517,397
1934,265711,10,1078,519,397
1935,265784,11,1084,516,405
1936,265915,10,1084,510,416
1937,265988,10,1086,511,416
1938,266065,10,1090,512,419
1939,266140,11,1092,514,419
1940,268866,2657,1101,481,463
1941,269015,22,1105,477,467
1942,269162,17,1109,481,467
1943,269231,11,1119,485,474
1944,269303,10,1128,487,483
1945,269380,11,1132,491,483
1946,269461,11,1130,485,489
1947,269532,11,1137,489,489
1948,269610,11,1135,480,500
1949,269677,11,1147,482,513
1950,269750,10,1150,479,521
1951,269825,11,1151,480,521
1952,269958,62,1162,486,529
1953,270099,11,1163,486,531
1954,270217,37,1161,486,529
1955,270377,27,1162,490,526
1956,270515,34,1165,489,527
1957,270627,13,1165,479,531
1958,270732,25,1166,479,532
1959,270817,16,1169,480,534
1960,270923,13,1170,455,568
1961,271004,14,1170,448,576
1962,271185,22,1171,428,603
1963,271258,10,1179,435,602
1964,271336,11,1178,419,618
1965,271413,14,1193,436,616
1966,271501,14,1192,435,617
1967,271642,53,1194,438,615
1968,271777,29,1196,430,619
1969,271908,31,1202,438,617
1970,272073,29,1204,440,617
1971,272233,66,1203,425,635
1972,272411,18,1211,423,644
1973,272514,26,1217,415,658
1974,272629,25,1227,422,658
1975,272744,24,1241,419,669
1976,273140,32,1242,392,691
1977,273267,21,1245,388,699
1978,273417,43,1257,400,699
1979,273490,12,1256,400,698
1980,273556,12,1270,414,698
1981,273626,12,1270,412,699
1982,273697,12,1271,413,699
1983,273764,12,1272,414,699
1984,273828,12,1270,415,696
1985,273898,12,1271,415,697
1986,273977,12,1283,425,695
1987,274042,12,1285,423,699
1988,274113,14,1285,423,699
1989,274186,12,1286,423,704
1990,274253,11,1288,425,697
1991,274322,12,1287,423,696
1992,274563,58,1290,422,699
1993,274684,24,1290,410,714
1994,274788,12,1290,410,714
1995,274859,13,1298,419,713
1996,274989,18,1315,431,716
1997,275122,28,1306,430,707
1998,275240,26,1306,431,706
1999,275362,26,1306,419,719
2000,275473,21,1316,428,719
2001,275592,19,1319,424,729
2002,275720,28,1330,427,739
2003,275883,44,1337,430,743
2004,276060,39,1336,426,747
2005,276225,21,1337,423,750
2006,276350,30,1348,428,761
2007,276483,20,1349,425,765
2008,276692,25,1358,430,770
2009,276944,27,1364,425,780
2010,277115,14,1367,426,782
2011,277510,28,1369,405,808
2012,277653,24,1366,405,805
2013,277720,14,1372,411,805
2014,277801,12,1374,413,805
2015,277884,13,1374,413,805
2016,277959,15,1380,418,804
2017,278038,13,1372,418,796
2018,278124,13,1373,420,794
2019,278201,13,1383,430,793
2020,278289,14,1380,431,787
2021,278371,14,1390,439,786
2022,278451,14,1393,442,787
2023,278530,13,1399,443,798
2024,278606,14,1407,448,798
2025,278713,30,1408,447,798
2026,278857,33,1412,446,806
2027,279017,32,1420,456,804
2028,279110,14,1415,454,802
2029,279185,13,1418,456,805
2030,279257,15,1420,454,807
2031,279328,15,1421,453,809
2032,279395,13,1423,454,810
2033,279478,16,1422,454,809
2034,279556,16,1423,455,809
2035,279691,50,1422,454,809
2036,279825,15,1432,464,809
2037,281063,74,613,426,21
2038,281131,6,636,445,24
2039,281212,6,645,445,32
2040,281285,7,657,455,32
2041,281361,10,661,448,42
2042,281450,8,661,448,42
2043,281523,7,662,449,42
2044,282065,13,663,440,54
2045,282205,17,663,440,54
2046,282274,8,668,444,54
2047,282353,10,668,444,54
2048,282435,7,671,447,54
2049,282508,7,672,448,53
2050,282588,11,676,451,53
2051,282654,7,689,464,53
2052,282730,7,693,468,53
2053,282801,7,697,470,53
2054,282883,11,704,473,59
2055,282955,8,718,484,59
2056,283037,8,718,484,59
2057,283104,7,719,483,61
2058,283181,8,720,484,61
2059,283376,34,732,490,67
2060,283571,31,733,488,70
2061,283707,17,752,496,80
2062,283808,8,753,497,80
2063,283890,10,753,495,81
2064,283991,18,762,503,83
2065,284107,8,764,502,84
2066,284203,13,772,513,81
2067,284289,10,772,512,82
2068,284356,8,782,521,85
2069,284425,7,781,523,81
2070,284511,8,783,521,82
2071,284585,11,784,522,82
2072,284694,9,786,524,82
2073,284824,40,795,527,86
2074,284988,15,802,532,89
2075,285145,20,809,538,92
2076,285285,8,818,542,95
2077,285369,11,822,545,96
2078,285472,11,828,550,96
2079,285557,9,830,549,98
2080,285637,12,835,554,97
2081,285726,9,839,556,99
2082,285801,8,851,566,103
2083,285860,8,866,579,103
2084,286288,20,878,585,106
2085,286406,26,881,583,109
2086,286538,19,881,580,109
2087,286637,12,882,584,106
2088,286705,8,888,589,106
2089,286780,9,891,592,106
2090,286853,12,902,596,113
2091,286916,10,901,596,112
2092,286984,9,901,595,113
2093,287053,12,902,596,113
2094,287145,9,915,608,116
2095,287221,15,918,611,116
2096,287302,9,922,615,116
2097,287369,9,930,622,116
2098,287439,9,933,622,118
2099,287513,9,936,624,117
2100,287617,20,934,621,116
2101,287753,27,937,622,118
2102,287903,21,943,624,124
2103,288022,13,943,625,126
2104,288096,12,941,625,125
2105,288178,10,942,624,126
2106,288252,11,942,620,130
2107,288324,11,948,623,133
2108,288405,15,957,630,133
2109,288476,10,965,638,133
2110,288547,10,972,642,133
2111,288610,9,975,645,133
2112,288697,9,976,645,134
2113,288785,11,978,647,134
2114,288857,10,979,644,137
2115,288927,10,987,651,139
2116,289003,10,988,655,136
2117,289128,23,990,654,141
2118,289266,32,990,653,141
2119,289396,20,988,659,133
2120,289481,9,988,654,136
2121,289547,10,991,657,136
2122,289957,348,990,657,135
2123,290026,9,1000,664,135
2124,290084,10,1003,667,132
2125,290152,11,1003,669,130
2126,290228,11,1004,670,130
2127,290301,9,1001,671,125
2128,290372,12,1002,672,125
2129,290457,18,1005,675,125
2130,290584,20,1018,685,125
2131,290722,30,1017,686,121
2132,290821,14,1021,690,115
2133,290891,11,1024,695,113
2134,290962,11,1024,695,113
2135,291040,11,1028,699,112
2136,291107,11,1039,709,113
2137,291187,14,1037,708,111
2138,291260,11,1042,715,109
2139,291342,11,1040,715,107
2140,291474,40,1041,716,107
2141,291604,12,1039,712,107
2142,291691,14,1044,718,106
2143,291765,12,1055,729,106
2144,291955,44,1057,724,111
2145,292141,33,1060,721,115
2146,292336,34,1062,694,144
2147,292461,23,1061,679,165
2148,292649,26,1062,660,188
2149,292749,10,1069,645,216
2150,292832,12,1066,637,222
2151,292908,13,1069,631,236
2152,292983,11,1070,625,244
2153,293046,10,1082,637,244
2154,293112,10,1083,638,244
2155,293186,11,1091,639,256
2156,293259,11,1110,643,265
2157,293336,16,1111,642,268
2158,293470,20,1110,639,269
2159,296518,2939,1115,632,281
2160,296617,11,1118,471,472
2161,296691,11,1121,474,472
2162,296765,12,1135,489,470
2163,296850,11,1135,489,470
2164,296923,13,1138,492,470
2165,296992,10,1154,508,465
2166,297070,12,1156,510,463
2167,297152,12,1163,516,463
2168,297223,13,1164,517,463
2169,297297,10,1169,522,463
2170,297364,11,1175,528,463
2171,297444,13,1179,532,463
2172,297527,14,1179,532,463
2173,297644,25,1179,535,459
2174,297880,88,1182,539,458
2175,298050,30,1194,552,457
2176,298168,14,1194,552,457
2177,298256,11,1198,558,455
2178,298359,15,1206,566,451
2179,298448,12,1206,569,448
2180,298530,16,1210,572,447
2181,298613,17,1213,575,447
2182,298706,12,1215,577,447
2183,298788,11,1213,577,445
2184,298872,15,1230,594,445
2185,298988,31,1234,587,456
2186,299083,14,1239,590,460
2187,299191,30,1243,592,460
2188,299305,20,1245,590,464
2189,299443,23,1244,568,491
2190,299529,13,1252,563,503
2191,299603,14,1264,558,516
2192,299685,12,1273,567,516
2193,299755,13,1275,562,531
2194,299836,14,1283,570,531
2195,299907,13,1292,563,544
2196,300356,31,1291,531,582
