tick,timestamp,query_runtime,trav_index_nodes,trav_vol_nodes,trav_unprod_nodes
0,885,8,12,12,0
1,1356,3,15,15,0
2,1717,8,23,23,0
3,2055,5,25,25,0
4,2303,8,39,39,0
5,2573,9,44,44,0
6,2920,9,55,55,0
7,3195,10,59,59,0
8,3443,2,60,60,0
9,3684,2,66,66,0
10,3891,2,77,77,0
11,5906,7,80,80,0
12,6143,1,81,81,0
13,6343,2,81,81,0
14,6508,2,99,99,0
15,6733,2,102,102,0
16,6972,5,114,114,0
17,7241,2,117,117,0
18,7456,7,119,119,0
19,7671,6,123,123,0
20,7872,8,147,147,0
21,8060,2,157,157,0
22,8349,18,159,159,0
23,8538,3,164,164,0
24,8727,9,172,172,0
25,8923,6,181,181,0
26,9114,3,184,184,0
27,9298,3,187,187,0
28,9556,21,194,194,0
29,9837,11,198,198,0
30,10026,10,199,199,0
31,10242,5,203,203,0
32,10451,3,215,215,0
33,10666,9,216,216,0
34,10939,4,217,217,0
35,11126,8,224,224,0
36,11317,6,224,224,0
37,11523,8,233,233,0
38,11739,11,239,239,0
39,12025,25,239,239,0
40,12355,10,246,246,0
41,12606,16,250,250,0
42,12843,10,260,260,0
43,13106,15,261,261,0
44,13436,15,267,267,0
45,13698,14,275,275,0
46,14011,17,279,279,0
47,14258,18,293,293,0
48,14618,17,293,293,0
49,14866,18,301,301,0
50,15098,15,301,301,0
51,15354,12,303,303,0
52,15593,19,316,316,0
53,16538,4,317,317,0
54,16685,10,319,319,0
55,16869,7,320,320,0
56,17033,9,330,330,0
57,17231,8,332,332,0
58,17410,8,340,340,0
59,17654,15,343,343,0
60,17842,9,346,346,0
61,18026,10,355,355,0
62,18226,10,356,356,0
63,18395,12,359,359,0
64,18565,5,368,368,0
65,18725,9,369,369,0
66,18954,15,372,372,0
67,19139,15,380,380,0
68,19303,8,394,394,0
69,19478,5,404,404,0
70,19633,4,409,409,0
71,19787,11,412,412,0
72,19924,9,421,421,0
73,20149,14,425,425,0
74,20389,7,430,430,0
75,20552,11,435,435,0
76,20721,9,445,445,0
77,20882,12,447,447,0
78,21055,5,455,455,0
79,21230,9,458,458,0
80,21390,14,461,461,0
81,21644,19,463,463,0
82,21829,5,471,471,0
83,22006,11,476,476,0
84,22178,12,480,480,0
85,22382,19,485,485,0
86,22615,6,498,498,0
87,22835,16,506,506,0
88,23035,13,506,506,0
89,23211,13,506,506,0
90,23355,6,512,512,0
91,23523,12,514,514,0
92,23669,6,516,516,0
93,23830,9,517,517,0
94,24471,15,518,518,0
95,24711,10,524,524,0
96,24853,12,529,529,0
97,25026,19,536,536,0
98,25220,12,540,540,0
99,25361,12,542,542,0
100,25510,9,544,544,0
101,25667,10,544,544,0
102,25892,18,546,546,0
103,26069,12,551,551,0
104,26217,11,561,561,0
105,26398,15,562,562,0
106,26537,12,564,564,0
107,26690,15,565,565,0
108,26821,6,575,575,0
109,26952,11,579,579,0
110,27155,22,581,581,0
111,27334,12,590,590,0
112,27476,12,594,594,0
113,27604,14,602,602,0
114,27731,13,603,603,0
115,27885,14,609,609,0
116,28018,11,609,609,0
117,28152,6,613,613,0
118,28300,19,614,614,0
119,28483,16,615,615,0
120,28648,10,617,617,0
121,28784,10,617,617,0
122,28919,13,620,620,0
123,29026,13,622,622,0
124,29171,11,625,625,0
125,29313,16,626,626,0
126,29464,14,627,627,0
127,29634,27,638,638,0
128,29825,16,639,639,0
129,29979,16,639,639,0
130,30115,12,646,646,0
131,30257,14,649,642,1
132,30386,13,650,629,11
133,30508,14,658,631,14
134,30650,15,666,635,14
135,30778,11,670,621,30
136,31284,20,674,586,58
137,31517,15,674,568,67
138,31665,11,690,567,82
139,31801,15,693,569,83
140,31948,11,694,548,93
141,32157,55,587,511,21
142,32310,16,589,505,23
143,32453,15,603,511,26
144,32705,24,611,505,33
145,32867,13,623,506,43
146,33019,15,626,490,56
147,33167,15,635,487,67
148,33325,15,638,479,78
149,33481,15,641,469,86
150,33638,19,641,452,102
151,33825,18,650,445,111
152,34077,20,650,430,126
153,34227,13,658,429,136
154,34389,13,657,430,134
155,34527,10,658,431,134
156,34674,13,662,435,133
157,34817,14,677,450,132
158,34922,14,683,459,129
159,35046,16,684,460,128
160,35263,30,688,465,127
161,35433,16,698,475,127
162,35565,15,711,488,126
163,35698,13,719,496,126
164,35820,15,741,518,126
165,35961,13,750,527,126
166,36102,17,753,524,131
167,36228,15,752,515,137
168,36374,15,761,515,145
169,36570,26,770,518,149
170,36812,30,779,517,158
171,36942,18,788,517,168
172,37055,17,797,522,168
173,37207,17,801,525,169
174,37351,13,801,517,177
175,37498,17,808,520,178
176,37635,16,811,521,177
177,38400,29,815,489,211
178,38557,18,810,489,206
179,38675,12,811,485,207
180,38796,17,811,478,216
181,38948,13,816,479,223
182,39097,19,819,480,223
183,39224,19,828,486,226
184,39364,16,829,487,224
185,39511,25,838,495,225
186,39729,25,839,486,234
187,39886,18,842,475,251
188,40284,27,851,479,255
189,40657,48,611,472,23
190,40778,13,607,472,19
191,40974,18,624,485,19
192,41129,11,627,481,26
193,41276,9,636,487,26
194,41416,21,647,498,25
195,41537,13,650,496,27
196,41672,14,651,493,31
197,41796,15,657,496,35
198,41942,10,657,491,39
199,42160,25,659,496,36
200,42334,20,660,490,39
201,42489,10,663,491,41
202,42634,8,668,495,42
203,42759,15,673,496,42
204,42888,14,687,509,42
205,43021,16,696,516,42
206,43237,13,696,517,41
207,43378,11,700,520,42
208,43595,20,707,526,40
209,43748,12,717,530,46
210,43869,11,717,530,46
211,44000,14,738,549,48
212,44126,12,742,549,50
213,44261,12,742,544,58
214,44378,11,745,545,60
215,44530,12,749,546,60
216,45228,598,756,543,70
217,45428,21,770,553,71
218,45601,14,774,547,83
219,45737,15,776,550,82
220,45855,14,777,551,82
221,45971,17,777,551,82
222,46098,18,777,551,82
223,46235,19,785,560,81
224,46365,13,789,565,79
225,46487,10,789,559,85
226,46672,31,800,573,80
227,46822,15,803,574,82
228,46971,16,812,578,84
229,47097,20,812,574,85
230,47284,24,814,576,85
231,47449,20,822,579,89
232,47633,26,821,575,92
233,47809,22,817,568,97
234,48071,51,825,568,102
235,48330,44,725,557,13
236,48507,17,729,559,14
237,48674,23,731,561,14
238,48825,17,733,557,19
239,49022,28,737,558,20
240,49201,25,747,562,26
241,49429,26,748,560,29
242,49647,34,754,559,36
243,49830,19,760,557,41
244,50004,25,760,556,42
245,50183,25,760,556,41
246,50351,20,772,565,45
247,50557,26,775,561,49
248,50761,28,779,553,64
249,50985,33,804,568,73
250,51197,23,805,566,77
251,51383,29,810,564,79
252,51575,19,817,562,92
253,51721,16,825,562,101
254,51858,17,828,548,118
255,52013,17,831,546,118
256,52677,506,843,531,158
257,52890,16,846,491,208
258,53071,12,849,490,212
259,53215,17,850,482,224
260,53359,15,858,483,232
261,53539,19,869,483,246
262,53681,13,875,480,255
263,53823,17,878,472,267
264,54050,27,895,482,269
265,54197,14,893,482,267
266,54328,14,896,485,267
267,54463,15,903,492,267
268,54571,14,903,491,269
269,54702,16,907,493,262
270,54805,17,907,483,274
271,54912,9,911,468,290
272,55049,19,913,470,290
273,55226,33,916,460,305
274,55421,27,916,437,329
275,55560,23,916,434,332
276,55679,17,916,422,340
277,55821,18,920,419,349
278,55944,20,926,421,348
279,56344,31,930,399,377
280,56548,30,593,379,56
281,56741,13,603,374,72
282,56877,11,607,376,74
283,57002,10,610,372,80
284,57133,6,610,360,94
285,57255,14,610,357,96
286,57389,12,617,364,96
287,57500,8,621,365,96
288,57628,12,637,372,102
289,57822,23,638,371,104
290,58021,21,646,361,124
291,58153,13,649,356,133
292,58267,16,657,363,134
293,58390,18,660,363,136
294,58503,14,668,371,136
295,58629,13,669,356,157
296,59268,17,668,351,163
297,59427,14,673,349,174
298,59534,14,675,352,172
299,59649,13,679,356,172
300,59768,11,681,352,179
301,59900,12,685,347,189
302,60018,12,685,341,196
303,60121,6,688,344,195
304,60246,16,692,345,198
305,60365,11,694,341,203
306,60537,23,692,337,206
307,60681,19,694,337,211
308,60792,14,705,338,222
309,60915,17,706,338,223
310,61029,13,716,349,221
311,61149,15,728,362,220
312,61269,14,739,366,227
313,61369,13,755,380,230
314,61497,17,761,379,237
315,61611,12,763,363,254
316,61761,24,764,360,260
317,61919,26,774,360,272
318,62084,13,775,361,272
319,62214,14,776,362,272
320,62285,6,777,356,284
321,62362,7,782,361,280
322,62436,8,791,368,283
323,62506,6,795,368,287
324,62588,7,794,369,285
325,62651,13,795,363,297
326,62739,8,804,372,296
327,62814,9,804,370,296
328,62891,8,805,371,296
329,62975,10,809,375,296
330,63065,14,824,389,297
331,63237,17,825,389,297
332,63402,20,826,389,298
333,63505,8,827,388,300
334,63577,9,829,387,303
335,63652,8,830,384,310
336,63717,8,833,390,305
337,64258,476,833,387,308
338,64481,67,527,377,5
339,64671,16,538,380,11
340,64835,10,548,390,11
341,64977,9,557,398,10
342,65097,12,568,408,10
343,65231,17,572,406,18
344,65346,13,575,407,17
345,65470,12,578,407,20
346,65583,11,581,405,25
347,65713,19,586,409,26
348,65851,17,588,406,29
349,66031,15,588,404,31
350,66190,11,591,402,36
351,66279,16,592,402,37
352,66351,7,596,402,40
353,66435,5,604,405,42
354,66498,6,605,408,40
355,66593,6,610,413,40
356,66665,5,610,403,51
357,66772,12,613,403,54
358,66858,6,637,422,60
359,66925,6,643,427,60
360,66986,5,647,431,60
361,67064,5,652,435,64
362,67131,6,653,437,63
363,67269,17,653,437,63
364,67391,8,656,440,63
365,67505,12,654,439,62
366,67574,6,663,447,61
367,67639,6,673,456,63
368,67707,7,686,467,64
369,67783,7,689,470,64
370,67844,9,689,470,64
371,67936,10,689,471,63
372,68058,11,704,485,63
373,68138,6,710,493,61
374,68212,7,726,506,64
375,68283,7,735,515,64
376,68344,6,733,514,62
377,68416,8,735,510,69
378,68506,11,736,511,69
379,69179,16,739,481,106
380,69308,14,739,480,107
381,69419,7,733,480,101
382,69490,9,736,480,102
383,69563,7,742,485,100
384,69632,7,753,496,100
385,69706,6,767,508,102
386,69770,7,769,512,100
387,69823,7,769,510,102
388,69920,10,776,511,107
389,70002,10,780,515,107
390,70100,8,782,515,110
391,70172,7,785,518,110
392,70256,13,791,524,110
393,70328,8,792,525,110
394,70403,7,797,530,110
395,70536,18,816,549,110
396,70657,17,823,555,110
397,70798,11,825,560,107
398,70870,7,841,571,109
399,70970,8,853,582,110
400,71033,9,853,579,113
401,71117,8,862,578,120
402,71196,9,870,586,120
403,71271,8,880,592,123
404,71334,8,887,598,124
405,71406,10,889,599,124
406,71488,9,890,598,129
407,71560,8,895,602,130
408,71635,8,895,600,131
409,71748,11,895,594,137
410,71862,20,909,605,135
411,72040,30,912,600,141
412,72289,91,787,607,8
413,72355,10,789,606,8
414,72430,7,789,603,8
415,72538,7,798,606,14
416,72615,8,810,615,18
417,72692,8,814,614,22
418,73482,716,814,604,33
419,73621,16,812,600,35
420,73741,9,814,596,41
421,73820,9,815,596,42
422,73898,12,818,598,42
423,74032,31,820,599,42
424,74169,18,821,594,50
425,74301,17,828,598,52
426,74430,15,829,599,52
427,74551,15,827,592,53
428,74677,13,829,590,56
429,74841,20,826,590,53
430,75008,21,835,598,53
431,75252,16,840,603,53
432,75368,15,847,602,55
433,75481,14,849,604,55
434,75614,17,852,605,55
435,75747,19,854,607,55
436,75869,17,860,609,59
437,75998,15,860,605,62
438,76138,34,874,615,63
439,76327,35,880,615,66
440,76488,12,887,620,67
441,76609,16,888,620,67
442,76712,8,905,636,67
443,76795,7,908,639,67
444,76866,8,908,639,67
445,76937,8,910,639,67
446,77014,8,911,638,70
447,77091,9,916,642,71
448,77195,18,918,641,71
449,77290,8,919,636,77
450,77365,9,926,643,77
451,77501,61,926,641,79
452,77682,22,936,649,79
453,77835,20,965,675,85
454,77911,8,975,682,89
455,77980,11,993,700,89
456,78059,9,1004,711,89
457,78126,9,1013,721,88
458,78193,10,1020,726,88
459,78638,10,1028,727,95
460,78711,10,1029,728,95
461,78768,10,1030,729,95
462,78854,9,1030,729,95
463,78982,22,1031,725,95
464,79103,26,1033,720,101
465,79187,9,1047,732,100
466,79252,11,1049,733,100
467,79330,11,1059,743,100
468,79474,10,1068,750,101
469,79551,10,1071,753,98
470,79623,11,1078,759,99
471,79692,12,1081,762,99
472,79761,10,1081,761,99
473,79838,12,1083,763,99
474,79924,9,1081,757,104
475,80087,41,1089,761,111
476,80331,65,980,760,4
477,80569,35,987,759,17
478,80678,9,1002,771,19
479,80746,10,1017,777,27
480,80811,11,1023,784,26
481,80882,9,1029,787,28
482,80952,9,1035,790,28
483,81026,9,1037,792,28
484,81097,11,1043,798,28
485,81201,19,1056,802,36
486,81316,20,1062,806,38
487,81416,11,1072,814,38
488,81567,42,1086,805,60
489,81675,30,1089,800,78
490,81828,25,1091,773,114
491,81987,25,1092,755,140
492,82082,12,1099,762,140
493,82195,18,1101,764,140
494,82327,17,1103,766,140
495,82449,23,1113,776,140
496,83239,35,1126,735,199
497,83444,37,1128,719,213
498,83564,15,1138,730,212
499,83655,11,1139,714,232
500,83758,11,1141,698,249
501,83837,11,1138,689,255
502,83932,12,1139,683,262
503,84028,11,1138,679,264
504,84111,10,1142,683,264
505,84199,13,1142,674,274
506,84280,11,1152,674,283
507,84354,15,1159,674,291
508,84442,10,1165,678,291
509,84562,25,1180,679,302
510,84714,40,1182,674,311
511,85018,21,1190,648,346
512,85141,17,1200,646,358
513,85286,20,1212,656,359
514,85423,22,1214,658,359
515,85560,24,1220,656,369
516,85662,11,1227,662,370
517,85776,27,1234,658,383
518,85941,37,1235,649,396
519,86160,40,1234,649,395
520,86323,20,1238,656,390
521,86448,24,1240,649,397
522,86577,25,1243,651,396
523,86709,29,1246,644,405
524,86829,19,1252,643,408
525,86963,27,1253,638,416
526,87221,27,1255,624,431
527,87421,44,1262,594,467
528,87527,11,1275,590,482
529,87609,11,1281,592,483
530,87685,13,1281,592,483
531,87759,12,1284,591,489
532,88301,474,1288,573,515
533,88939,77,756,540,33
534,89008,7,767,551,33
535,89101,15,775,557,33
536,89248,13,790,572,33
537,89363,10,792,573,34
538,89454,20,798,564,49
539,89556,8,803,561,55
540,89627,9,805,559,58
541,89703,8,809,545,77
542,89775,8,822,556,79
543,89860,16,825,555,87
544,89988,18,836,559,92
545,90129,22,854,558,112
546,90279,36,853,556,113
547,90471,14,856,536,135
548,90571,8,868,545,136
549,90646,11,873,546,139
550,90706,8,876,549,139
551,90782,8,885,548,147
552,90858,8,886,541,153
553,90921,10,893,548,152
554,91003,10,893,543,161
555,91072,10,893,539,166
556,91148,11,894,533,173
557,91339,34,895,526,175
558,91696,49,899,498,214
559,91853,20,900,497,217
560,91962,19,911,506,215
561,92085,12,922,517,215
562,92192,13,931,516,223
563,92322,13,933,499,239
564,92429,9,937,497,244
565,92508,9,947,506,243
566,92573,10,950,507,244
567,92653,11,951,499,253
568,92728,9,952,493,260
569,93315,27,959,497,264
570,93454,22,964,504,263
571,93590,24,967,496,273
572,93712,28,974,499,276
573,93840,9,979,488,295
574,93909,10,982,491,295
575,93972,9,996,499,295
576,94040,11,1002,505,295
577,94114,9,1005,512,290
578,94191,10,1006,513,290
579,94259,9,1006,513,290
580,94328,9,1019,522,291
581,94404,13,1031,531,293
582,94477,10,1036,536,293
583,94557,9,1037,539,289
584,94656,41,1044,544,294
585,94776,24,1058,555,295
586,95116,39,1061,550,302
587,95257,16,1078,543,327
588,95334,11,1077,543,326
589,95408,11,1083,548,326
590,95477,11,1085,550,326
591,95549,11,1085,549,326
592,95634,13,1087,551,326
593,95703,13,1090,543,340
594,95793,13,1095,546,341
595,95864,11,1091,545,339
596,95937,12,1097,550,342
597,96040,34,1097,547,345
598,96386,98,761,548,10
599,96519,13,766,544,19
600,96600,8,775,552,19
601,96686,11,783,558,19
602,96753,9,793,562,25
603,96822,10,804,572,26
604,96904,15,816,579,33
605,97004,8,821,581,37
606,97652,580,839,595,41
607,97783,23,843,562,82
608,97927,23,846,557,90
609,97991,8,844,560,86
610,98074,8,855,570,87
611,98141,8,857,572,87
612,98217,8,866,580,88
613,98419,9,868,577,91
614,98502,9,869,578,91
615,98574,9,869,572,99
616,98651,9,872,575,99
617,98724,8,872,575,99
618,98796,8,873,576,99
619,98884,18,881,584,99
620,99046,20,883,586,99
621,99184,22,886,589,99
622,99298,14,890,585,104
623,99440,38,890,583,109
624,99609,9,900,575,125
625,99686,11,903,572,132
626,99755,8,899,572,127
627,99827,9,905,575,128
628,99905,10,908,575,131
629,99983,10,916,579,135
630,100064,8,919,576,142
631,100136,12,925,575,148
632,100215,8,936,583,152
633,100358,40,940,578,159
634,100543,36,946,581,162
635,100855,36,947,573,170
636,100995,18,957,566,188
637,101118,21,957,564,191
638,101249,20,958,546,216
639,101373,16,956,545,218
640,101510,19,965,547,218
641,101652,22,983,564,218
642,101839,33,984,560,227
643,102025,35,985,560,230
644,102209,39,992,564,230
645,102362,17,995,561,233
646,103082,22,993,545,241
647,103210,21,985,545,233
648,103311,20,994,555,232
649,103473,30,1005,566,232
650,103544,10,1005,568,230
651,103613,10,1006,568,234
652,103695,9,1007,570,233
653,103779,11,1009,571,234
654,103843,10,1010,571,234
655,103955,12,1015,578,232
656,104039,21,1019,583,231
657,104201,58,792,584,4
658,104262,8,792,578,9
659,104322,7,796,579,12
660,104400,7,799,582,12
661,104472,7,806,587,12
662,104615,17,816,596,12
663,104750,15,818,590,20
664,104929,36,828,598,21
665,105221,18,835,599,27
666,105345,10,838,602,27
667,105409,9,851,617,24
668,105479,11,860,625,24
669,105558,8,864,626,25
670,105629,9,870,631,25
671,105705,10,874,634,28
672,105775,11,878,636,29
673,105838,8,888,641,38
674,105903,9,891,642,38
675,106042,17,898,642,45
676,106249,78,898,639,46
677,106389,8,898,639,46
678,106478,9,899,639,47
679,106539,9,897,640,44
680,106620,10,904,646,46
681,106700,14,906,643,52
682,106777,8,910,641,57
683,106853,9,912,634,59
684,106926,9,915,629,67
685,107516,21,917,605,98
686,107649,20,919,604,101
687,107750,9,926,608,101
688,107821,9,929,613,99
689,107886,10,938,622,99
690,107954,9,944,624,104
691,108021,9,956,634,103
692,108089,10,952,632,101
693,108152,11,949,631,99
694,108222,8,947,631,97
695,108327,20,949,633,97
696,108440,8,949,633,97
697,108512,9,951,636,96
698,108578,9,956,641,96
699,108639,10,956,639,98
700,108777,17,967,643,108
701,108910,21,974,649,110
702,109034,21,977,646,110
703,109133,9,976,647,108
704,109211,12,977,650,106
705,109282,10,979,650,108
706,109350,10,986,654,108
707,109530,45,986,647,117
708,109606,9,994,647,122
709,109673,11,994,647,122
710,109739,10,1017,671,121
711,109817,10,1018,669,125
712,109884,12,1018,669,125
713,109959,10,1020,671,125
714,110026,9,1026,673,130
715,110146,49,1046,691,130
716,110320,24,1045,690,130
717,110458,27,1044,692,127
718,110652,50,1059,702,128
719,110749,9,1060,703,128
720,110812,10,1067,710,127
721,110867,10,1068,708,129
722,110937,11,1087,716,139
723,111480,11,1102,703,172
724,111556,10,1107,708,170
725,111714,48,1108,699,180
726,111889,23,1109,656,232
727,111977,10,1112,658,235
728,112127,34,1119,666,238
729,112234,12,882,659,9
730,112340,20,892,655,22
731,112467,19,905,657,33
732,112600,18,909,640,58
733,112722,9,909,642,55
734,113003,30,919,652,54
735,113197,24,926,653,62
736,113466,45,929,652,63
737,113583,19,949,670,63
738,113697,17,956,648,96
739,113932,27,964,621,137
740,114116,25,964,603,164
741,114331,23,973,596,182
742,114637,48,974,569,218
743,114862,35,991,583,214
744,115057,35,1008,600,214
745,115257,33,1007,581,234
746,115470,36,1011,550,270
747,115641,23,1012,539,285
748,115894,64,1015,528,299
749,116082,18,1018,523,305
750,116216,23,1019,522,307
751,116355,21,1031,533,308
752,116496,10,1035,534,316
753,116561,10,1036,533,319
754,116637,12,1046,543,319
755,116709,10,1045,543,318
756,116802,11,1049,547,318
757,116892,14,1051,546,319
758,116973,11,1056,544,325
759,117088,20,1058,547,330
760,120894,49,619,433,18
761,120957,6,619,422,29
762,121051,13,619,416,39
763,121186,14,620,410,47
764,121303,13,638,417,54
765,121377,7,642,421,54
766,121449,7,650,428,56
767,121574,13,650,429,55
768,121647,7,658,430,67
769,121715,7,669,442,66
770,121793,7,678,450,68
771,121893,14,682,449,73
772,122008,14,683,438,87
773,122173,12,688,433,98
774,122265,6,693,435,101
775,122332,6,702,436,109
776,122407,8,708,440,108
777,122469,6,713,443,110
778,122542,8,716,444,114
779,122613,8,719,442,116
780,122689,7,721,438,127
781,122770,7,731,441,134
782,122868,12,732,444,132
783,123008,11,733,445,132
784,123139,15,736,448,132
785,123277,17,753,465,132
786,123416,16,757,469,132
787,123561,21,761,459,139
788,123658,8,763,450,155
789,123728,7,766,453,155
790,123821,11,772,452,161
791,123900,8,791,463,164
792,123968,8,792,460,165
793,124045,8,802,469,167
794,124121,7,800,463,172
795,124197,7,811,477,169
796,124264,8,815,474,178
797,124340,8,815,473,180
798,124413,8,817,465,189
799,124744,13,818,454,201
800,124866,18,821,457,201
801,124967,7,822,454,203
802,125029,7,828,460,203
803,125088,8,843,469,206
804,125156,8,853,479,206
805,125224,8,857,484,205
806,125292,8,858,485,205
807,125361,8,865,491,203
808,125432,7,871,489,211
809,125501,9,883,494,217
810,125579,9,887,496,218
811,125643,8,888,491,227
812,125712,9,895,492,240
813,125787,10,897,493,247
814,125875,8,900,490,252
815,125952,10,902,487,260
816,126075,13,906,491,259
817,126201,19,906,491,259
818,126392,29,910,495,259
819,126506,18,922,506,260
820,126614,14,923,505,260
821,126696,9,923,502,257
822,126764,11,924,502,259
823,126834,9,924,500,260
824,126929,15,929,501,266
825,127008,9,937,509,266
826,127074,9,941,509,269
827,127143,11,936,509,264
828,127220,9,936,511,262
829,127292,10,938,513,262
830,127357,9,946,521,262
831,127473,19,949,525,261
832,127601,20,951,527,261
833,127731,20,961,536,261
834,127818,9,965,532,269
835,127879,8,966,533,269
836,127940,10,981,547,274
837,128326,318,987,544,280
838,128575,46,678,506,20
839,128646,7,684,499,39
840,128711,7,690,503,41
841,128774,7,696,502,47
842,128889,13,706,507,53
843,129005,16,726,523,56
844,129091,6,726,520,58
845,129159,7,732,524,56
846,129227,7,732,527,53
847,129305,8,733,527,53
848,129375,7,738,523,55
849,129448,7,743,526,55
850,129511,7,752,534,55
851,129597,8,760,544,53
852,129665,10,767,546,58
853,129751,8,768,546,58
854,129816,8,792,568,60
855,129888,8,793,570,59
856,129990,18,794,572,58
857,130128,21,795,561,71
858,130255,13,802,554,87
859,130409,12,811,559,92
860,130486,8,820,566,95
861,130561,7,820,566,95
862,130625,9,822,568,95
863,130688,9,839,587,93
864,130746,8,841,588,94
865,130803,7,851,596,96
866,130871,9,862,609,94
867,130938,8,870,613,97
868,131013,8,880,622,95
869,131118,15,879,621,93
870,131189,8,878,620,91
871,131259,8,885,627,91
872,131338,8,893,631,95
873,131406,8,900,632,103
874,131532,20,901,632,104
875,131673,22,906,637,104
876,132299,26,927,639,121
877,132399,11,933,640,125
878,132464,10,931,648,115
879,132546,11,933,650,115
880,132732,81,937,654,111
881,132846,14,954,671,111
882,133273,18,957,664,120
883,133744,53,968,657,142
884,133940,28,976,653,154
885,134064,13,977,649,156
886,134167,13,978,650,156
887,134256,13,988,659,152
888,134363,14,998,661,159
889,134705,19,1007,657,162
890,134794,11,1006,659,158
891,134891,14,1011,663,158
892,134964,19,1011,661,158
893,135122,29,1011,661,158
894,135266,26,1015,663,161
895,135349,11,1028,668,169
896,135418,10,1029,668,169
897,135497,11,1027,665,171
898,135566,11,1034,667,176
899,135644,13,1038,666,178
900,135723,11,1039,667,178
901,135798,10,1048,675,178
902,135876,11,1057,683,180
903,135952,13,1062,688,178
904,136061,24,1062,685,182
905,136249,64,882,687,0
906,136392,23,883,686,1
907,136527,23,886,684,5
908,136666,9,889,676,12
909,136802,15,891,677,13
910,136869,11,892,673,16
911,136949,11,893,670,20
912,137039,11,894,671,20
913,137126,10,895,672,20
914,137609,9,904,673,26
915,137728,23,904,670,28
916,137889,40,915,677,32
917,138011,9,920,679,32
918,138082,10,923,682,32
919,138156,9,927,685,32
920,138254,16,943,691,36
921,138388,18,945,688,40
922,138463,9,951,694,40
923,138543,10,953,691,47
924,138617,11,965,701,49
925,138696,11,965,701,49
926,138777,10,965,701,51
927,138841,10,967,703,51
928,138945,23,967,701,53
929,139135,23,973,704,55
930,139270,23,976,702,62
931,139398,11,976,696,65
932,139471,11,993,709,69
933,139546,10,1001,717,69
934,139622,10,1005,718,69
935,139696,12,1019,730,70
936,139779,11,1027,735,72
937,139846,11,1027,737,70
938,139924,11,1030,733,78
939,140058,31,1030,731,80
940,140151,10,1033,734,80
941,140226,9,1036,736,79
942,140305,12,1037,735,79
943,140383,11,1040,737,80
944,140514,25,1046,744,79
945,140624,17,1045,746,76
946,140761,24,1048,746,78
947,140871,16,1050,744,82
948,140984,10,1050,743,85
949,141050,10,1059,752,84
950,141227,11,1071,763,84
951,141303,12,1072,764,84
952,144398,3026,1072,634,245
953,144798,50,713,533,5
954,144880,6,716,532,7
955,144957,6,716,529,9
956,145029,7,726,531,17
957,145123,9,736,538,19
958,145217,14,753,552,23
959,145299,7,762,554,32
960,145374,7,769,561,32
961,145458,7,774,556,45
962,145532,8,784,564,46
963,145614,7,792,570,47
964,145690,7,803,580,47
965,145802,14,806,573,58
966,145945,21,806,574,57
967,146093,13,819,583,60
968,146170,7,819,576,69
969,146322,38,821,575,70
970,146459,9,833,587,70
971,146529,9,837,588,74
972,146604,8,843,583,82
973,146682,8,845,570,99
974,146759,9,862,581,105
975,146830,8,865,566,125
976,146911,9,884,585,125
977,146981,10,894,583,136
978,147063,9,903,589,139
979,147174,18,915,598,144
980,147301,22,922,607,142
981,147489,65,927,612,142
982,147717,10,930,615,142
983,147776,12,939,624,142
984,147846,9,940,625,142
985,147921,9,944,629,141
986,147991,9,947,632,141
987,148058,9,948,633,141
988,148125,10,957,642,141
989,148206,10,964,649,141
990,148486,11,967,652,141
991,148568,9,980,665,141
992,148707,29,982,668,140
993,148868,19,984,670,138
994,148968,10,994,680,138
995,149035,9,1005,691,138
996,149103,10,1008,694,138
997,149177,10,1015,704,135
998,149294,13,1016,705,135
999,149377,11,1016,705,135
1000,149455,9,1016,706,134
1001,149528,12,1016,707,133
1002,149596,10,1016,708,130
1003,149683,11,1021,713,130
1004,149762,12,1024,716,130
1005,149835,10,1030,722,130
1006,149908,11,1036,727,130
1007,150028,18,1037,728,130
1008,150158,16,1045,736,130
1009,150276,18,1045,736,130
1010,150352,10,1054,746,129
1011,150425,10,1060,752,129
1012,150511,10,1061,753,129
1013,150611,13,1071,763,129
1014,150684,13,1087,776,131
1015,150873,56,1087,775,132
1016,150998,11,1087,761,144
1017,151078,10,1085,743,160
1018,151157,11,1106,760,163
1019,151239,11,1113,766,164
1020,151378,24,1110,761,172
1021,151544,32,1112,732,205
1022,151642,11,1112,727,211
1023,151748,13,1115,721,223
1024,151820,11,1122,718,232
1025,151898,12,1132,719,244
1026,152095,41,1144,720,256
1027,152541,60,895,678,41
1028,152669,33,896,665,56
1029,152800,20,904,660,69
1030,152909,9,911,660,76
1031,152986,9,916,644,99
1032,153065,10,925,653,99
1033,153255,13,948,667,107
1034,153338,10,956,674,108
1035,153409,11,957,674,109
1036,153487,10,970,682,110
1037,153559,10,981,692,110
1038,153631,10,982,688,115
1039,153700,9,987,675,134
1040,153767,9,999,679,145
1041,153831,9,1000,668,157
1042,153947,23,1002,653,172
1043,154054,18,1007,649,185
1044,154175,24,1007,641,194
1045,154358,28,1020,622,228
1046,154446,10,1021,616,236
1047,154517,9,1021,616,236
1048,154587,10,1034,629,236
1049,154669,10,1038,636,233
1050,154737,10,1039,624,247
1051,154804,9,1039,624,247
1052,154874,8,1043,617,257
1053,154935,9,1041,615,258
1054,155007,11,1043,610,265
1055,155071,10,1055,616,268
1056,155143,11,1055,615,269
1057,155235,26,1069,624,273
1058,155435,64,1070,611,289
1059,155610,26,1071,587,308
1060,155700,10,1079,591,314
1061,155761,10,1085,592,319
1062,155830,10,1087,592,321
1063,155902,10,1094,597,325
1064,156299,10,1097,582,344
1065,156362,10,1108,585,354
1066,156417,11,1114,591,354
1067,156525,41,1119,597,351
1068,156613,12,1124,600,351
1069,156716,24,1125,601,351
1070,156848,22,1135,606,354
1071,156970,10,1135,595,371
1072,157051,11,1135,587,379
1073,157121,11,1136,587,381
1074,157196,11,1137,587,382
1075,157268,10,1137,587,382
1076,157340,11,1137,591,376
1077,157417,12,1143,592,379
1078,157487,11,1147,595,380
1079,157606,52,1149,590,390
1080,157777,10,1153,589,397
1081,157846,11,1154,587,398
1082,157918,12,1157,591,398
1083,158017,28,1173,607,398
1084,158166,22,1174,608,398
1085,158287,23,1174,608,398
1086,158358,10,1173,610,395
1087,158438,12,1178,612,397
1088,158504,10,1193,625,399
1089,158578,11,1195,621,403
1090,158638,11,1193,614,407
1091,158707,11,1185,618,395
1092,158922,55,1193,620,397
1093,159009,10,1189,620,393
1094,159077,11,1193,624,393
1095,159164,11,1193,617,403
1096,159235,12,1202,626,403
1097,159303,11,1198,623,400
1098,159447,24,1199,612,410
1099,159578,25,1203,615,411
1100,160214,23,1203,577,444
1101,160357,12,770,579,4
1102,160472,15,782,588,5
1103,160590,17,788,592,6
1104,160694,14,794,597,6
1105,160813,8,799,599,9
1106,160882,8,808,606,12
1107,160957,8,811,608,17
1108,161034,8,814,611,17
1109,161164,7,823,615,17
1110,161298,18,824,610,20
1111,161411,18,831,612,26
1112,161516,7,842,622,26
1113,161578,8,855,632,26
1114,161639,8,859,634,28
1115,161707,12,863,637,29
1116,161777,8,871,640,30
1117,161844,9,870,639,30
1118,161911,9,872,641,30
1119,161968,9,883,649,27
1120,162034,8,887,653,23
1121,162166,50,896,658,23
1122,162274,11,898,660,23
1123,162344,9,900,661,24
1124,162426,9,911,666,24
1125,162522,33,912,663,27
1126,162665,13,919,664,28
1127,162772,21,926,671,28
1128,162907,17,936,676,31
1129,162987,9,936,675,32
1130,163050,11,937,676,32
1131,163118,9,938,677,32
1132,163178,8,954,693,32
1133,163349,10,954,692,32
1134,163431,9,958,693,35
1135,163494,10,963,698,35
1136,163569,10,964,699,35
1137,163650,11,966,701,35
1138,164160,449,968,686,46
1139,164304,24,968,682,47
1140,164565,24,968,677,52
1141,164675,11,969,671,58
1142,164753,10,981,681,59
1143,164852,11,982,678,61
1144,164943,10,981,678,60
1145,165033,13,985,681,61
1146,165111,11,986,679,64
1147,165180,11,987,681,63
1148,165246,10,991,685,63
1149,165305,13,993,686,63
1150,165375,10,989,685,60
1151,165472,11,994,685,67
1152,165700,24,1009,690,75
1153,165828,29,1017,688,76
1154,165991,30,1017,672,91
1155,166098,11,1033,685,102
1156,166208,25,1035,686,103
1157,166361,14,1037,687,104
1158,166449,14,1039,687,106
1159,166543,18,1045,690,109
1160,166705,56,1059,695,119
1161,167075,39,1059,677,138
1162,167259,29,1064,680,139
1163,167521,147,1066,682,139
1164,167595,15,1062,682,135
1165,167665,12,1065,683,132
1166,167757,11,1067,685,132
1167,167932,27,1066,683,133
1168,168004,11,1066,675,139
1169,168203,72,922,662,10
1170,168291,24,923,662,11
1171,168425,23,931,666,12
1172,168556,15,935,661,20
1173,168654,10,942,660,29
1174,168755,19,956,667,36
1175,171835,21,962,619,88
1176,171998,28,965,622,88
1177,172108,10,967,625,87
1178,172195,9,972,628,87
1179,172270,8,981,637,87
1180,172337,9,988,645,86
1181,172417,9,991,648,86
1182,172504,11,996,651,85
1183,172589,9,999,653,85
1184,172674,11,1012,666,85
1185,172747,9,1023,677,84
1186,172838,15,1024,682,80
1187,172908,9,1030,688,80
1188,173025,15,1034,692,80
1189,173148,25,1052,710,80
1190,173294,29,1058,716,80
1191,173415,19,1060,718,80
1192,173499,9,1061,721,78
1193,173575,9,1063,723,77
1194,173660,11,1065,725,77
1195,173733,10,1073,733,77
1196,173820,12,1078,738,77
1197,173899,10,1092,752,77
1198,173971,11,1102,762,77
1199,174173,59,1111,771,77
1200,174301,15,1119,777,77
1201,174375,11,1121,779,76
1202,174476,30,1124,784,74
1203,174697,41,1131,790,75
1204,174906,41,1131,756,115
1205,175033,23,1133,724,151
1206,175152,23,1138,707,179
1207,175357,67,1143,694,203
1208,175495,18,1145,672,231
1209,175631,28,1151,655,257
1210,175775,22,1152,611,308
1211,175917,29,1155,609,314
1212,176497,150,1157,563,362
1213,176774,35,820,522,82
1214,176907,14,822,515,92
1215,177027,16,826,510,102
1216,177148,21,830,496,123
1217,177285,18,836,496,130
1218,177449,24,840,499,130
1219,177610,18,842,501,130
1220,177826,27,844,494,147
1221,178187,29,851,482,161
1222,178392,35,858,480,165
1223,178606,38,860,476,172
1224,178817,34,863,475,175
1225,179012,28,863,454,203
1226,179288,45,866,440,220
1227,179526,29,865,431,231
1228,179702,32,866,420,244
1229,179898,24,872,411,265
1230,180102,27,876,409,270
1231,180399,65,879,407,275
1232,180699,37,887,402,281
1233,180912,29,887,392,285
1234,181116,27,892,378,309
1235,181337,24,896,379,310
1236,181461,18,899,381,311
1237,181588,14,901,378,317
1238,181828,28,906,362,337
1239,181973,20,907,355,348
1240,182088,9,907,354,349
1241,182167,11,918,366,348
1242,182246,10,920,368,348
1243,182324,9,920,368,348
1244,182399,10,930,377,348
1245,182480,10,931,376,349
1246,182544,10,941,383,353
1247,182639,10,944,384,356
1248,182702,9,954,392,358
1249,182767,12,953,389,361
1250,183152,22,954,384,374
1251,183277,21,953,381,382
1252,183424,26,954,380,384
1253,183491,10,969,392,389
1254,183558,9,973,398,385
1255,183634,10,974,397,387
1256,183707,9,974,397,387
1257,183791,12,986,405,390
1258,183869,12,989,404,398
1259,183935,9,986,396,405
1260,184020,10,980,397,398
1261,184207,17,590,402,5
1262,184276,9,594,405,5
1263,184382,5,597,406,6
1264,184499,10,601,406,9
1265,184625,27,614,405,28
1266,184751,17,617,408,28
1267,184832,6,622,410,31
1268,184896,6,635,412,41
1269,184956,6,646,421,41
1270,185018,7,648,423,41
1271,185079,6,660,431,41
1272,185161,6,662,433,41
1273,185231,6,679,449,42
1274,185299,6,685,452,50
1275,185362,7,693,459,51
1276,185427,7,697,461,51
1277,185492,6,704,468,51
1278,185572,13,704,466,54
1279,185674,8,709,469,60
1280,185737,6,712,472,60
1281,185827,10,717,475,62
1282,185955,16,727,480,64
1283,186088,12,727,480,64
1284,186247,17,730,485,61
1285,186321,7,736,491,61
1286,186378,9,746,500,62
1287,186448,7,747,501,62
1288,186514,8,748,502,62
1289,186959,8,749,479,92
1290,187038,7,751,476,97
1291,187112,7,752,476,97
1292,187179,7,753,471,103
1293,187253,8,752,470,104
1294,187382,16,759,472,111
1295,187526,21,761,468,117
1296,187626,9,771,477,116
1297,187688,7,775,478,116
1298,187747,8,776,479,116
1299,187812,8,787,476,125
1300,187874,8,794,482,128
1301,187935,8,792,477,133
1302,188007,11,809,492,139
1303,188067,7,812,494,139
1304,188140,8,818,501,138
1305,188217,9,826,506,141
1306,188288,8,827,500,149
1307,188358,8,831,499,154
1308,188437,9,838,502,156
1309,188505,8,838,501,158
1310,188602,23,844,497,168
1311,188744,14,864,516,171
1312,188869,20,868,518,173
1313,189001,15,862,515,162
1314,189111,17,866,508,172
1315,189216,16,876,514,174
1316,189316,16,883,516,181
1317,189444,19,898,528,182
1318,189519,10,902,532,181
1319,189585,9,900,534,177
1320,189648,9,909,536,183
1321,189740,10,909,538,181
1322,189809,8,920,549,181
1323,189891,10,923,554,179
1324,189961,11,937,568,175
1325,190089,22,942,576,172
1326,190214,21,948,581,172
1327,190332,23,948,583,169
1328,190420,9,954,586,172
1329,190850,10,965,586,179
1330,190923,9,980,601,177
1331,190990,9,979,598,177
1332,191077,9,983,601,181
1333,191146,13,989,596,196
1334,191215,10,990,594,199
1335,191299,9,993,596,200
1336,191370,10,1000,601,198
1337,191489,22,1001,603,197
1338,191614,21,1003,601,199
1339,191718,11,1002,602,196
1340,191791,9,1008,601,202
1341,191859,12,1013,606,202
1342,191929,10,1023,614,212
1343,191996,10,1032,622,214
1344,192154,54,828,621,9
1345,192219,8,840,631,12
1346,192296,8,841,628,18
1347,192358,9,841,628,18
1348,192434,11,846,633,18
1349,192497,8,853,637,22
1350,192565,9,854,639,21
1351,192627,9,859,643,21
1352,192740,35,871,652,24
1353,192913,26,875,653,26
1354,193088,33,885,651,33
1355,193261,27,896,655,40
1356,193398,15,898,657,40
1357,193504,9,899,654,43
1358,193566,8,901,656,43
1359,193636,9,914,664,46
1360,193706,9,921,667,51
1361,193770,8,922,668,51
1362,193842,9,933,677,51
1363,193913,9,935,679,51
1364,193983,11,943,687,51
1365,194055,9,947,692,50
1366,194130,9,947,692,50
1367,194602,19,947,678,66
1368,194746,21,957,682,73
1369,194906,13,967,683,83
1370,194981,10,968,682,83
1371,195047,10,974,679,91
1372,195119,14,986,685,93
1373,195200,11,986,679,99
1374,195268,10,983,678,98
1375,195335,11,984,679,98
1376,195406,10,985,676,104
1377,195482,11,985,677,103
1378,195562,10,986,678,103
1379,195637,14,988,680,103
1380,195720,10,994,682,104
1381,195792,10,1003,693,100
1382,195873,12,999,693,96
1383,196005,25,1007,698,97
1384,196131,20,1009,694,103
1385,196260,25,1012,691,110
1386,196340,10,1018,695,109
1387,196413,10,1022,703,105
1388,196475,10,1022,702,106
1389,196577,17,1022,702,106
1390,196721,41,1022,702,106
1391,196862,10,1021,703,104
1392,196933,10,1022,707,101
1393,197004,10,1022,707,101
1394,197077,11,1026,714,98
1395,197149,11,1031,718,101
1396,197227,10,1033,718,101
1397,197345,23,1035,718,103
1398,197494,28,1045,727,103
1399,197651,30,1052,729,111
1400,197741,11,1050,730,108
1401,197858,52,1053,733,108
1402,197971,15,1064,739,108
1403,198071,12,1065,744,103
1404,201157,3011,1067,743,103
1405,201421,101,946,724,0
1406,201505,9,947,725,0
1407,201582,12,950,728,0
1408,201656,9,957,735,0
1409,201732,9,960,738,0
1410,201809,8,969,737,13
1411,201894,9,972,739,14
1412,202022,9,985,729,37
1413,202101,9,994,730,45
1414,202175,10,1000,718,64
1415,202249,9,1004,708,78
1416,202326,10,1005,702,86
1417,202411,9,1007,685,105
1418,202548,19,1024,685,120
1419,202660,20,1031,672,149
1420,202781,9,1035,668,159
1421,202850,9,1038,661,173
1422,202929,9,1042,658,183
1423,203127,47,1046,643,202
1424,203229,10,1048,635,213
1425,203309,9,1051,641,210
1426,203383,10,1065,655,210
1427,203450,10,1075,645,231
1428,203525,10,1083,647,240
1429,203602,10,1080,646,238
1430,203670,9,1081,642,241
1431,203742,12,1086,635,255
1432,203897,26,1091,615,285
1433,204023,21,1092,610,291
1434,204203,66,1092,610,291
1435,204350,10,1093,585,315
1436,204437,11,1096,579,327
1437,204524,10,1096,579,327
1438,204603,10,1102,583,326
1439,204675,11,1105,576,336
1440,204949,10,1119,589,337
1441,205015,11,1126,595,338
1442,205099,11,1125,596,336
1443,205172,11,1128,599,336
1444,205388,72,1133,603,335
1445,205560,25,1134,587,354
1446,205648,10,1135,586,356
1447,205734,23,1152,591,370
1448,205803,10,1153,592,370
1449,205863,11,1155,590,374
1450,205950,10,1157,591,373
1451,206011,11,1164,598,373
1452,206081,11,1166,600,369
1453,206154,11,1171,605,369
1454,206219,12,1176,610,369
1455,206291,10,1185,617,372
1456,206355,10,1196,627,372
1457,206484,42,1207,638,372
1458,206570,10,1206,638,371
1459,206695,25,1205,639,369
1460,206837,26,1210,642,369
1461,206962,11,1207,638,369
1462,207028,12,1211,633,378
1463,207097,11,1223,639,386
1464,207171,12,1225,635,398
1465,207241,11,1234,643,395
1466,207316,10,1235,634,405
1467,207384,11,1240,628,413
1468,207457,13,1238,618,418
1469,207632,47,1240,609,427
1470,207714,11,1247,614,429
1471,207787,11,1250,617,429
1472,207860,12,1268,634,427
1473,207975,29,1270,633,427
1474,208743,410,844,605,32
1475,208851,9,852,603,41
1476,208913,8,852,602,43
1477,208975,9,852,591,52
1478,209039,8,851,592,50
1479,209110,10,855,594,52
1480,209175,9,867,606,52
1481,209232,8,869,605,52
1482,209300,8,873,608,51
1483,209367,10,887,619,52
1484,209428,8,891,622,53
1485,209494,8,892,623,53
1486,209562,8,896,626,54
1487,209617,9,907,636,54
1488,209688,9,909,636,55
1489,209813,36,920,644,66
1490,209997,20,926,645,68
1491,210110,19,926,643,73
1492,210197,9,929,646,73
1493,210268,8,929,637,82
1494,210335,8,929,637,82
1495,210403,9,933,641,82
1496,210472,8,937,644,82
1497,210551,15,937,644,82
1498,210612,9,937,640,86
1499,210687,11,943,646,86
1500,210761,9,952,655,86
1501,210836,10,954,653,90
1502,210935,23,955,654,90
1503,211073,9,975,657,101
1504,211155,11,976,658,101
1505,211308,32,976,652,109
1506,211442,17,981,638,130
1507,211595,20,979,628,134
1508,211655,9,995,637,141
1509,211735,9,996,638,141
1510,211798,11,997,639,141
1511,211861,9,1003,645,141
1512,211929,10,1014,657,139
1513,212525,9,1025,641,167
1514,212586,10,1036,652,167
1515,212707,30,1047,661,169
1516,212850,23,1053,651,191
1517,212931,10,1053,651,191
1518,213001,10,1053,651,191
1519,213069,11,1073,671,191
1520,213142,11,1083,680,192
1521,213208,12,1086,682,193
1522,213403,28,1095,675,213
1523,213480,13,1108,684,215
1524,213556,11,1110,686,215
1525,213622,11,1112,685,218
1526,213692,10,1112,674,227
1527,213768,10,1127,688,228
1528,213839,11,1131,690,227
1529,213976,27,1130,690,226
1530,214091,23,1131,681,237
1531,214228,22,1135,680,240
1532,214303,10,1145,687,246
1533,214377,11,1146,683,250
1534,214556,13,1152,680,258
1535,214623,13,1152,679,260
1536,214699,11,1155,680,262
1537,214768,11,1158,676,271
1538,214828,12,1158,670,275
1539,214894,13,1157,663,281
1540,214970,12,1160,660,285
1541,215037,15,1163,661,284
1542,215115,12,1167,661,283
1543,215201,13,1168,652,297
1544,215328,27,1173,651,303
1545,215454,28,1179,640,318
1546,215727,71,1189,637,330
1547,215832,13,1192,639,329
1548,215898,11,1196,642,329
1549,216358,398,1204,639,340
1550,216657,31,867,630,14
1551,216716,8,868,631,14
1552,216801,23,874,636,14
1553,216922,19,888,647,14
1554,217040,10,893,638,23
1555,217152,8,902,645,23
1556,217216,9,908,642,33
1557,217286,16,908,639,33
1558,217367,10,909,626,42
1559,217431,9,913,626,42
1560,217502,9,916,626,50
1561,217567,9,917,627,50
1562,217631,10,922,629,54
1563,217703,9,922,629,54
1564,217848,9,926,622,67
1565,217923,8,927,608,83
1566,217990,8,943,622,85
1567,218099,19,947,619,95
1568,218228,21,952,614,106
1569,218349,20,957,614,112
1570,218434,9,962,615,118
1571,218494,9,962,607,129
1572,218560,9,962,604,132
1573,218620,11,968,609,134
1574,218691,9,972,613,134
1575,218764,9,971,613,134
1576,218825,12,980,620,135
1577,219016,9,983,619,139
1578,219079,9,994,628,141
1579,219158,10,1006,638,142
1580,219230,10,1007,638,142
1581,219311,11,1004,638,139
1582,219398,19,1013,640,141
1583,219532,19,1017,641,146
1584,219671,21,1014,640,145
1585,219786,10,1025,647,145
1586,220355,14,1049,645,170
1587,220439,10,1049,646,169
1588,220512,12,1051,648,169
1589,220592,13,1051,648,169
1590,220670,12,1051,648,169
1591,220749,12,1058,656,168
1592,220890,33,1065,663,168
1593,221043,34,1067,653,178
1594,221122,10,1071,656,178
1595,221239,28,1076,648,190
1596,221307,10,1080,650,193
1597,221376,13,1082,645,203
1598,221455,11,1089,643,209
1599,221515,10,1088,644,207
1600,221583,10,1104,657,209
1601,221654,11,1115,665,215
1602,221715,14,1123,668,218
1603,221784,10,1130,671,220
1604,221847,10,1131,672,219
1605,221923,13,1140,675,222
1606,222022,16,1151,686,220
1607,222152,22,1151,686,220
1608,222362,23,1160,689,226
1609,222513,35,1171,694,230
1610,222612,12,1184,699,242
1611,222685,13,1183,687,256
1612,222772,11,1189,693,256
1613,222867,16,1192,693,259
1614,222942,12,1197,698,259
1615,223012,14,1199,698,264
1616,223088,12,1206,705,264
1617,223171,12,1213,711,266
1618,223250,16,1215,713,266
1619,223408,72,1217,713,268
1620,223479,17,1224,717,271
1621,223554,13,1229,720,266
1622,223688,28,1236,724,265
1623,224179,48,1238,708,284
1624,224499,130,955,709,0
1625,224596,10,961,712,0
1626,224663,10,976,721,6
1627,224738,10,994,733,7
1628,224804,9,999,736,10
1629,224871,11,1015,751,13
1630,224943,10,1018,754,13
1631,225014,12,1019,752,17
1632,225082,9,1020,753,17
1633,225161,10,1026,758,16
1634,225229,9,1028,754,25
1635,225296,11,1021,758,17
1636,225420,27,1027,761,22
1637,225612,78,1033,752,37
1638,225771,18,1035,750,41
1639,225843,9,1032,749,40
1640,225907,10,1046,757,40
1641,225982,9,1051,762,40
1642,226046,10,1069,776,40
1643,226122,15,1072,778,40
1644,226194,9,1069,774,41
1645,226269,11,1075,780,41
1646,226348,11,1075,775,44
1647,226410,10,1076,776,44
1648,226486,11,1086,779,44
1649,226554,12,1097,789,44
1650,226625,11,1102,793,44
1651,226777,16,1116,803,44
1652,226961,25,1122,798,54
1653,227091,22,1123,793,61
1654,227225,21,1135,799,64
1655,227343,51,1137,800,65
1656,227429,27,1138,800,66
1657,227566,10,1147,804,68
1658,227624,14,1160,816,68
1659,228143,13,1163,814,72
1660,228210,14,1165,816,72
1661,228336,27,1166,817,72
1662,228465,28,1168,820,71
1663,228563,12,1174,825,71
1664,228627,11,1177,828,71
1665,228702,13,1181,832,71
1666,228768,15,1192,843,71
1667,228840,13,1195,846,71
1668,228993,25,1195,846,71
1669,229066,11,1197,848,71
1670,229133,12,1197,848,71
1671,229204,13,1196,849,69
1672,229274,12,1197,850,69
1673,229346,12,1197,850,69
1674,229423,13,1205,858,69
1675,229499,10,1201,858,65
1676,229635,25,1204,862,64
1677,229755,21,1210,867,64
1678,229871,13,1210,868,63
1679,229936,11,1209,868,62
1680,230105,49,1217,877,61
1681,230185,12,1219,880,60
1682,230253,13,1225,885,60
1683,230326,14,1228,887,60
1684,230386,11,1235,894,60
1685,230458,11,1237,896,60
1686,230528,12,1237,896,60
1687,230611,14,1238,897,60
1688,230675,11,1238,897,60
1689,230748,11,1242,901,60
1690,230815,12,1246,905,54
1691,230932,20,1253,910,54
1692,231058,29,1258,914,54
1693,231323,72,1267,919,57
1694,233741,2352,1277,734,326
1695,234044,76,803,582,29
1696,234171,13,809,580,37
1697,234310,16,812,578,44
1698,234513,17,819,562,73
1699,234648,18,819,550,85
1700,234790,21,820,534,107
1701,234952,32,820,534,107
1702,235140,26,836,536,123
1703,235280,16,844,539,128
1704,235409,17,855,545,130
1705,235595,16,862,552,127
1706,235718,10,864,534,148
1707,235786,8,871,541,148
1708,235862,8,878,532,163
1709,235933,10,882,530,167
1710,236001,9,889,530,175
1711,236078,9,889,521,184
1712,236148,11,891,523,184
1713,236273,21,908,518,214
1714,236420,20,926,535,214
1715,236603,46,927,541,208
1716,236730,8,935,525,237
1717,236799,9,941,531,236
1718,236873,10,943,530,240
1719,236946,10,964,544,247
1720,237010,9,977,550,255
1721,237081,9,977,539,272
1722,237155,9,980,540,275
1723,237235,9,984,535,282
1724,237318,9,987,528,293
1725,237386,11,995,534,295
1726,237469,11,996,533,298
1727,237582,20,1001,535,301
1728,237784,70,1005,537,303
1729,238005,27,1012,520,330
1730,238112,12,1026,533,330
1731,238433,11,1038,544,330
1732,238512,12,1046,553,328
1733,238583,10,1050,557,328
1734,238674,10,1050,562,323
1735,238764,9,1055,567,323
1736,238834,10,1058,566,323
1737,238997,28,1062,544,351
1738,239055,12,1073,553,353
1739,239224,32,1084,538,375
1740,239402,34,1088,523,396
1741,239554,17,1088,499,418
1742,239666,18,1088,496,424
1743,239787,19,1088,497,425
1744,239866,10,1092,502,424
1745,239934,11,1096,506,424
1746,240050,57,1099,512,421
1747,240279,61,695,521,4
1748,240345,6,696,521,5
1749,240415,6,703,510,18
1750,240511,18,707,513,16
1751,240660,16,711,511,21
1752,240786,10,713,509,33
1753,240859,7,719,515,33
1754,240937,7,723,516,36
1755,241007,7,723,515,36
1756,241065,7,726,517,36
1757,241214,7,728,495,61
1758,241277,7,734,494,69
1759,241352,7,741,500,72
1760,241425,8,745,504,71
1761,241490,7,746,505,71
1762,241568,8,753,510,73
1763,241638,10,759,515,73
1764,241710,7,760,509,80
1765,241774,8,763,511,81
1766,241991,23,765,500,92
1767,242735,26,771,489,113
1768,242905,13,772,487,118
1769,243025,11,773,483,122
1770,243135,18,772,481,122
1771,243271,16,772,477,129
1772,243395,15,778,480,131
1773,243530,19,779,467,146
1774,243624,10,787,471,150
1775,243732,9,792,474,149
1776,243822,9,791,469,159
1777,243964,20,798,474,161
1778,244165,30,804,479,164
1779,244390,26,807,478,168
1780,244600,30,814,483,169
1781,244788,28,819,480,177
1782,244957,19,822,478,182
1783,245086,10,826,478,184
1784,245163,11,828,479,185
1785,245229,10,839,490,185
1786,245305,8,842,493,185
1787,245367,10,853,504,184
1788,245467,23,855,503,187
1789,245592,21,862,510,187
1790,245724,19,863,505,193
1791,245821,9,881,515,200
1792,245896,9,886,518,201
1793,245964,9,893,523,203
1794,246040,10,898,531,200
1795,246107,11,910,541,197
1796,246179,9,910,541,197
1797,246252,11,911,542,197
1798,246327,11,912,543,197
1799,246404,16,916,547,197
1800,246476,11,914,546,196
1801,246558,10,918,556,190
1802,246630,10,918,555,191
1803,246716,9,922,556,194
1804,246871,22,927,552,202
1805,247000,22,940,562,202
1806,247132,23,948,561,216
1807,247563,10,949,544,231
1808,247638,10,949,543,232
1809,247698,11,952,535,243
1810,247776,12,951,530,246
1811,247853,11,955,533,247
1812,247916,10,967,541,248
1813,247996,9,969,542,247
1814,248167,34,729,535,17
1815,248232,7,732,534,20
1816,248301,8,748,548,23
1817,248371,9,758,555,23
1818,248451,18,772,567,26
1819,248521,8,788,577,31
1820,248670,20,795,570,43
1821,248807,20,806,579,49
1822,248944,14,810,577,55
1823,249042,8,821,587,58
1824,249103,8,831,596,52
1825,249174,11,834,598,52
1826,249242,9,834,592,52
1827,249314,8,837,594,54
1828,249404,9,837,587,65
1829,249471,10,839,589,65
1830,249554,14,841,591,65
1831,249625,8,847,596,66
1832,249701,8,847,590,73
1833,249777,10,859,598,74
1834,249845,10,857,594,74
1835,249925,10,870,604,72
1836,250009,21,871,605,72
1837,250155,17,873,607,72
1838,250292,29,889,623,72
1839,250404,21,893,627,72
1840,250501,11,910,646,69
1841,250581,8,915,651,69
1842,250652,9,923,660,68
1843,250736,10,927,655,78
1844,250808,12,929,653,83
1845,251200,338,931,654,83
1846,251268,14,936,643,98
1847,251330,9,943,650,98
1848,251409,9,945,643,99
1849,251527,18,951,646,104
1850,251667,23,968,653,115
1851,251800,25,971,651,118
1852,251883,10,970,647,121
1853,251956,9,972,648,122
1854,252030,10,973,648,127
1855,252104,9,977,648,131
1856,252173,12,978,648,131
1857,252238,9,981,656,126
1858,252320,9,976,656,121
1859,252399,11,974,658,117
1860,252477,9,969,656,113
1861,252547,13,971,656,115
1862,252614,11,970,659,111
1863,252687,10,976,658,117
1864,252761,10,979,659,121
1865,252892,24,994,669,127
1866,253104,28,998,665,134
1867,253297,37,1006,670,136
1868,253469,42,1008,672,136
1869,253584,17,1016,678,134
1870,253695,15,1022,683,134
1871,253818,14,1022,683,134
1872,253902,10,1026,688,132
1873,253974,14,1026,689,131
1874,254051,10,1026,689,131
1875,254117,10,1038,701,128
1876,254195,10,1048,712,127
1877,254271,11,1052,714,129
1878,254353,11,1056,714,133
1879,254422,10,1060,719,132
1880,254494,11,1065,724,131
1881,254639,29,1065,718,135
1882,254807,36,1066,709,144
1883,255338,14,1065,686,170
1884,255414,10,1070,691,168
1885,255481,10,1073,688,174
1886,255565,11,1075,690,174
1887,255641,11,1079,694,174
1888,255727,11,1080,693,176
1889,255803,14,1081,693,176
1890,255866,14,1091,694,185
1891,255951,12,1096,694,189
1892,256026,15,1096,682,201
1893,256184,38,896,678,3
1894,256254,9,899,676,6
1895,256327,9,906,681,6
1896,256471,23,920,691,9
1897,256604,25,921,682,18
1898,256739,12,927,688,18
1899,256808,12,937,698,18
1900,256878,9,944,700,23
1901,256955,10,947,703,23
1902,257024,10,949,705,23
1903,257092,10,952,705,26
1904,257156,12,956,708,26
1905,257231,10,962,704,28
1906,257308,10,967,705,32
1907,257384,9,968,707,31
1908,257462,10,968,706,33
1909,257540,10,967,704,35
1910,257609,10,969,706,35
1911,257691,10,972,708,35
1912,257860,40,975,710,35
1913,258068,38,982,714,35
1914,258249,23,983,716,34
1915,258367,9,983,716,34
1916,258427,12,998,729,38
1917,258504,11,1000,730,38
1918,258590,13,1003,732,39
1919,258668,10,1007,734,39
1920,261167,24,1015,682,112
1921,261290,27,1023,689,112
1922,261400,10,1024,690,111
1923,261462,9,1034,700,111
1924,261543,9,1044,710,110
1925,261624,10,1055,721,110
1926,261707,9,1057,722,108
1927,261784,10,1066,731,105
1928,261873,10,1067,732,105
1929,261977,31,1067,737,100
1930,262125,11,1072,742,100
1931,262207,12,1083,751,98
1932,262283,10,1092,760,98
1933,262395,37,1095,763,98
1934,262633,51,1095,763,98
1935,262842,29,1099,766,96
1936,262967,10,1110,777,96
1937,263050,11,1112,779,96
1938,263221,14,1117,784,96
1939,263294,10,1117,785,95
1940,263368,10,1124,792,95
1941,263448,15,1131,800,94
1942,263517,11,1141,809,92
1943,263584,10,1152,820,91
1944,263656,10,1154,822,91
1945,263724,10,1154,822,91
1946,263794,13,1164,832,91
1947,263869,18,1164,826,97
1948,264008,27,1165,814,113
1949,264354,179,1065,779,47
1950,264424,10,1075,774,65
1951,264497,10,1076,752,93
1952,264576,9,1077,744,103
1953,264655,11,1086,737,118
1954,264723,11,1093,740,119
1955,264991,11,1097,724,148
1956,265067,14,1097,723,149
1957,265138,11,1110,735,149
1958,265217,12,1112,731,156
1959,265297,11,1118,731,166
1960,265499,33,1125,724,179
1961,265646,33,1141,737,180
1962,265744,14,1144,719,202
1963,265815,11,1162,719,221
1964,265889,12,1162,705,248
1965,265966,13,1162,702,251
1966,266043,11,1164,693,262
1967,266126,13,1168,698,261
1968,266205,15,1180,700,270
1969,266288,13,1183,696,279
1970,266370,12,1184,687,291
1971,266538,15,1185,681,300
1972,266618,18,1186,682,300
1973,266699,15,1186,682,300
1974,266869,30,1186,662,322
1975,266997,26,1191,641,347
1976,267104,12,1195,640,348
1977,267176,12,1195,633,358
1978,267257,13,1205,626,379
1979,267324,13,1208,624,384
1980,267399,10,1208,615,398
1981,267472,11,1208,612,400
1982,267686,49,1219,611,410
1983,267764,11,1228,620,410
1984,267851,11,1230,622,410
1985,267924,14,1239,631,410
1986,268006,11,1253,639,418
1987,268151,47,1264,628,443
1988,268282,27,1282,639,451
1989,268428,29,1292,648,452
1990,268863,369,1293,618,479
1991,268929,13,1297,602,503
1992,269006,14,1303,601,510
1993,269092,14,1300,595,514
1994,269177,12,1302,587,527
1995,269258,13,1301,587,526
1996,269330,12,1302,584,524
1997,269411,12,1312,592,524
1998,269529,25,1312,576,542
1999,269676,32,1317,582,540
2000,269839,51,1317,584,536
2001,269946,12,1316,583,539
2002,270014,12,1313,583,536
2003,270081,13,1314,584,536
2004,270158,12,1318,588,536
2005,270236,13,1322,587,539
2006,270306,13,1327,592,539
2007,270387,14,1334,583,554
2008,270466,12,1338,587,553
2009,270539,19,1345,594,551
2010,270617,15,1350,589,566
2011,270701,12,1354,592,562
2012,270801,35,1353,593,559
2013,271022,78,1354,590,563
2014,271206,33,1358,584,578
2015,271301,14,1359,582,582
2016,271372,13,1361,584,581
2017,271445,12,1361,584,581
2018,271528,13,1362,582,583
2019,271602,12,1362,580,584
2020,271677,14,1369,579,592
2021,271759,14,1384,580,608
2022,271845,13,1388,582,607
2023,271926,16,1390,580,611
2024,271995,13,1391,581,611
2025,272579,46,1390,579,612
2026,272896,14,784,582,4
2027,272965,10,788,586,4
2028,273038,8,791,590,3
2029,273113,11,798,596,4
2030,273283,8,802,593,12
2031,273350,7,807,584,24
2032,273432,9,808,584,25
2033,273520,10,815,590,28
2034,273598,11,818,580,43
2035,273689,10,824,586,42
2036,273762,10,831,590,43
2037,273849,17,837,585,53
2038,273967,14,850,591,60
2039,274158,57,847,579,71
2040,274376,65,861,588,74
2041,274472,9,862,589,74
2042,274544,9,868,593,75
2043,274618,9,875,599,77
2044,274683,10,890,613,77
2045,274752,9,897,618,78
2046,274840,10,901,621,78
2047,274921,13,901,618,81
2048,275014,10,903,609,93
2049,275110,13,907,598,109
2050,275197,12,917,602,120
2051,275272,10,918,603,120
2052,275352,9,918,600,123
2053,275570,21,918,599,126
2054,275706,19,923,602,129
2055,275841,22,934,611,131
2056,275943,12,937,608,137
2057,276023,9,944,611,140
2058,276092,13,946,610,143
2059,276160,9,947,601,156
2060,276235,9,947,598,159
2061,276295,9,948,595,163
2062,276833,9,958,588,178
2063,276913,27,959,586,178
2064,277045,22,968,591,180
2065,277164,19,973,591,185
2066,277260,11,976,592,187
2067,277344,17,976,592,187
2068,277415,9,984,603,184
2069,277501,9,991,610,184
2070,277580,9,1005,622,184
2071,277657,14,1016,631,186
2072,277824,21,1016,621,198
2073,277893,10,1029,627,206
2074,277973,10,1030,621,210
2075,278060,10,1036,617,221
2076,278137,11,1038,617,223
2077,278205,10,1048,626,223
2078,278344,25,1057,632,225
2079,278481,17,1058,626,229
2080,278621,20,1064,622,235
2081,278705,10,1062,624,231
2082,278766,10,1074,635,231
2083,278920,18,1082,640,234
2084,278982,11,1082,642,232
2085,279052,14,1104,664,232
2086,279119,10,1108,668,232
2087,279188,11,1110,674,230
2088,279254,14,1110,673,231
2089,279333,11,1113,667,241
2090,279424,10,1110,667,238
2091,279509,11,1109,667,237
2092,279585,10,1118,673,239
2093,279718,25,1120,670,242
2094,279846,22,1123,672,242
2095,280124,69,1131,657,264
2096,280348,39,870,658,2
2097,280410,9,872,660,2
2098,280796,8,879,653,20
2099,280860,10,886,660,20
2100,280928,9,889,663,20
2101,280998,8,887,663,18
2102,281072,10,892,668,18
2103,281223,11,897,672,18
2104,281322,19,898,667,24
2105,281455,18,901,665,32
2106,281575,19,903,667,32
2107,281661,11,909,673,32
2108,281736,12,914,677,33
2109,281809,9,915,678,33
2110,281887,10,916,679,33
2111,281965,12,925,687,34
2112,282032,9,929,689,36
2113,282119,10,934,690,41
2114,282243,43,942,696,44
2115,282335,9,945,698,45
2116,282407,11,954,706,45
2117,282477,11,958,700,50
2118,282540,9,954,700,46
2119,282644,18,958,696,46
2120,282757,24,968,701,46
2121,282898,21,972,699,52
2122,283012,9,973,699,56
2123,283066,9,984,710,56
2124,283137,9,984,712,54
2125,283200,11,984,712,54
2126,283267,10,991,719,54
2127,283464,12,996,717,54
2128,283536,12,1001,723,53
2129,283602,10,1002,723,55
2130,283675,10,1017,737,55
2131,283747,9,1017,737,55
2132,283825,10,1024,741,58
2133,283897,13,1032,740,71
2134,284042,25,1037,748,68
2135,284355,20,1046,745,82
2136,286926,21,1050,686,142
2137,287031,10,1062,696,143
2138,287091,9,1061,693,142
2139,287158,10,1064,696,142
2140,287236,12,1065,688,152
2141,287302,11,1063,688,150
2142,287367,9,1063,687,151
2143,287442,10,1062,685,152
2144,287512,10,1064,690,149
2145,287609,11,1073,695,145
2146,287674,10,1073,691,150
2147,287751,10,1074,691,150
2148,287830,10,1077,692,152
2149,287909,12,1086,700,152
2150,287976,10,1089,700,154
2151,288279,108,938,702,1
2152,288401,19,951,709,5
2153,288525,12,964,716,5
2154,288690,50,967,716,8
2155,288784,8,972,717,8
2156,288850,9,974,719,8
2157,288911,10,974,719,8
2158,288979,9,973,719,7
2159,289058,9,977,722,7
2160,289119,9,985,730,7
2161,289201,10,985,730,7
2162,289272,10,985,730,7
2163,289333,9,986,731,7
2164,289411,9,991,736,7
2165,289477,11,992,737,7
2166,289617,20,995,740,7
2167,289769,52,1001,746,7
2168,289988,19,1004,749,7
2169,290112,11,1005,750,7
2170,290174,9,1005,750,7
2171,290245,9,1009,754,7
2172,290509,199,1013,758,7
2173,290578,10,1023,768,5
2174,290646,11,1035,780,5
2175,290711,11,1037,782,5
2176,290780,9,1044,789,5
2177,290849,11,1044,789,5
2178,290984,10,1045,790,5
2179,291057,10,1048,793,5
2180,291249,44,1058,802,7
2181,291454,31,1068,798,27
2182,291641,20,1072,735,103
2183,291778,21,1082,712,144
2184,291929,25,1087,686,175
2185,292138,13,1090,660,209
2186,292218,10,1092,654,219
2187,292311,15,1100,652,229
2188,292390,10,1102,654,229
2189,292477,11,1115,657,239
2190,292559,11,1115,651,244
2191,292714,31,1119,642,261
2192,292915,32,1134,645,274
2193,293046,15,1146,645,291
2194,293218,57,1148,634,304
2195,293341,11,1154,624,322
2196,293421,11,1159,621,329
2197,293490,11,1166,628,329
2198,293574,14,1170,633,328
2199,293649,11,1173,630,335
2200,293724,18,1182,638,337
2201,293800,11,1194,639,347
2202,293884,11,1201,641,354
2203,293957,11,1212,651,354
2204,294043,15,1212,654,350
2205,294192,24,1213,652,361
2206,294448,49,1212,646,360
2207,294553,12,1212,636,374
2208,294999,372,1219,633,386
2209,295076,12,1226,624,406
2210,295160,11,1227,610,425
2211,295251,12,1238,612,436
2212,295330,13,1239,607,442
2213,295401,13,1245,613,440
2214,295559,27,1246,602,452
2215,295691,23,1247,597,465
2216,295802,11,1247,596,469
2217,295881,11,1248,597,469
2218,295959,14,1248,591,469
2219,296065,23,1248,566,499
2220,296236,12,757,539,42
2221,296302,7,772,551,44
2222,296371,14,775,551,46
2223,296435,8,791,558,52
2224,296596,50,793,554,62
2225,296679,8,806,558,72
2226,296749,8,816,566,74
2227,296948,30,820,555,89
2228,297136,23,823,546,102
2229,297286,18,843,559,106
2230,297406,20,848,559,106
2231,297513,16,871,568,121
2232,297655,52,879,576,121
2233,297847,17,880,548,155
2234,297967,17,886,542,169
2235,298097,17,890,537,178
2236,298243,25,893,539,178
2237,298411,21,902,536,189
2238,298546,20,916,545,191
2239,298648,9,917,547,190
2240,298724,9,920,551,189
2241,298869,25,925,556,186
2242,298936,9,925,554,188
2243,299013,13,928,554,190
2244,299086,10,935,552,199
2245,299494,9,933,519,231
2246,299571,16,932,518,232
2247,299698,21,933,519,232
2248,299842,21,943,521,243
2249,300066,9,947,510,257
