tick,timestamp,query_runtime,trav_index_nodes,trav_vol_nodes,trav_unprod_nodes
0,529,3,5,5,0
1,809,2,30,30,0
2,1102,2,46,46,0
3,1316,3,57,57,0
4,1541,4,84,84,0
5,1805,3,91,91,0
6,2005,4,100,100,0
7,2230,1,104,104,0
8,2429,2,109,109,0
9,2622,1,116,116,0
10,2846,2,122,122,0
11,3064,2,124,124,0
12,3220,1,134,134,0
13,3375,2,138,138,0
14,3535,4,157,157,0
15,3708,3,175,175,0
16,3902,4,179,179,0
17,4185,3,187,187,0
18,4344,6,208,208,0
19,4533,3,220,220,0
20,4653,4,227,227,0
21,4795,3,232,232,0
22,4941,2,235,235,0
23,5064,2,241,241,0
24,5191,3,244,244,0
25,5317,2,247,247,0
26,5420,5,253,253,0
27,5558,2,255,255,0
28,5684,2,260,260,0
29,5814,1,267,267,0
30,5963,3,277,277,0
31,6113,3,295,295,0
32,6213,3,298,298,0
33,6360,5,312,312,0
34,6520,2,320,320,0
35,6620,5,331,331,0
36,6741,4,334,334,0
37,6856,3,340,340,0
38,6969,3,346,346,0
39,7096,2,350,350,0
40,7208,2,355,355,0
41,7327,3,372,372,0
42,7450,3,381,381,0
43,7595,5,383,383,0
44,7748,3,387,387,0
45,7841,2,390,390,0
46,7930,3,392,392,0
47,7987,3,398,398,0
48,8079,2,411,411,0
49,8194,5,420,420,0
50,8322,3,435,435,0
51,8436,3,453,453,0
52,8552,3,458,458,0
53,8649,3,475,475,0
54,8787,5,483,483,0
55,8893,9,485,485,0
56,8995,3,490,490,0
57,9098,6,510,510,0
58,9269,2,513,513,0
59,9387,3,525,525,0
60,9509,9,531,531,0
61,9659,3,541,541,0
62,9776,4,552,552,0
63,9861,3,579,579,0
64,9983,8,593,593,0
65,10094,4,619,619,0
66,10189,4,623,623,0
67,10278,5,635,635,0
68,10396,4,637,637,0
69,10492,5,640,640,0
70,10585,5,647,647,0
71,10691,4,655,655,0
72,10786,6,670,670,0
73,10900,5,687,687,0
74,11027,14,693,693,0
75,11146,5,697,697,0
76,11245,6,707,707,0
77,11368,6,712,712,0
78,11458,8,716,716,0
79,11558,6,736,736,0
80,12035,6,743,743,0
81,12154,4,759,759,0
82,12281,6,769,769,0
83,12391,5,783,783,0
84,12467,4,799,799,0
85,12555,5,828,828,0
86,12643,5,842,842,0
87,12730,6,843,843,0
88,12824,7,846,846,0
89,12950,7,858,858,0
90,13027,4,871,871,0
91,13120,6,878,878,0
92,13237,6,882,882,0
93,13335,9,897,897,0
94,13443,9,903,903,0
95,13525,6,933,933,0
96,13648,6,950,950,0
97,13732,7,954,954,0
98,13846,8,968,968,0
99,13928,6,972,972,0
100,14111,71,981,981,0
101,14198,6,985,985,0
102,14278,7,999,999,0
103,14384,7,1009,1009,0
104,14478,8,1020,1020,0
105,14575,8,1023,1023,0
106,14664,6,1038,1038,0
107,14751,6,1051,1051,0
108,14852,5,1055,1055,0
109,14959,7,1085,1085,0
110,15051,7,1089,1089,0
111,15140,7,1120,1120,0
112,15233,7,1140,1140,0
113,15330,9,1142,1142,0
114,15431,9,1156,1156,0
115,15530,7,1170,1170,0
116,15634,17,1180,1180,0
117,15728,7,1191,1191,0
118,15829,15,1194,1194,0
119,15943,8,1196,1196,0
120,16055,7,1205,1205,0
121,16145,8,1212,1212,0
122,16259,8,1217,1217,0
123,16381,12,1223,1223,0
124,16480,9,1244,1244,0
125,16583,11,1246,1246,0
126,16683,9,1252,1252,0
127,16776,13,1267,1267,0
128,16931,8,1286,1286,0
129,17057,9,1292,1292,0
130,17150,9,1293,1293,0
131,17234,7,1303,1303,0
132,17307,8,1312,1312,0
133,17399,9,1318,1318,0
134,17495,10,1333,1333,0
135,17602,11,1341,1341,0
136,17697,9,1356,1356,0
137,17777,9,1360,1360,0
138,17894,9,1378,1378,0
139,17998,10,1381,1381,0
140,18112,9,1384,1384,0
141,18210,9,1387,1387,0
142,18332,15,1394,1394,0
143,18442,13,1396,1396,0
144,18553,11,1409,1409,0
145,18646,10,1415,1415,0
146,18763,11,1420,1420,0
147,18890,12,1435,1435,0
148,19003,13,1440,1440,0
149,19111,11,1444,1444,0
150,19203,10,1452,1452,0
151,19311,13,1456,1456,0
152,19435,10,1459,1459,0
153,19549,17,1466,1466,0
154,20628,9,1474,1474,0
155,20745,11,1480,1480,0
156,20856,12,1487,1487,0
157,20969,12,1490,1490,0
158,21103,10,1493,1493,0
159,21209,10,1496,1496,0
160,21300,9,1507,1507,0
161,21393,10,1517,1517,0
162,21501,12,1521,1521,0
163,21596,13,1527,1527,0
164,21724,14,1542,1542,0
165,21841,10,1548,1548,0
166,21965,11,1557,1557,0
167,22055,12,1575,1575,0
168,22143,11,1579,1579,0
169,22236,9,1582,1582,0
170,22342,12,1585,1585,0
171,22423,12,1589,1589,0
172,22527,15,1595,1595,0
173,22631,9,1605,1605,0
174,22726,12,1609,1609,0
175,22841,11,1612,1612,0
176,22957,13,1624,1624,0
177,23054,10,1631,1631,0
178,23184,22,1635,1635,0
179,23281,13,1636,1636,0
180,23404,17,1642,1642,0
181,23523,16,1648,1648,0
182,23637,13,1649,1649,0
183,23755,18,1654,1654,0
184,23919,10,1657,1657,0
185,24017,21,1666,1666,0
186,24108,12,1675,1675,0
187,24213,13,1678,1678,0
188,24319,12,1682,1682,0
189,24412,14,1689,1689,0
190,24516,10,1690,1690,0
191,24599,13,1693,1693,0
192,24705,12,1715,1715,0
193,24823,11,1720,1720,0
194,24936,12,1730,1730,0
195,25033,9,1733,1733,0
196,25132,11,1740,1740,0
197,25229,13,1742,1742,0
198,25328,13,1749,1749,0
199,25437,15,1751,1751,0
200,25545,13,1754,1754,0
201,25680,11,1770,1770,0
202,25793,12,1774,1774,0
203,25875,14,1785,1785,0
204,25960,15,1794,1794,0
205,26045,11,1798,1798,0
206,26134,13,1801,1801,0
207,26239,11,1805,1805,0
208,26335,13,1816,1816,0
209,26428,17,1841,1841,0
210,26541,14,1854,1854,0
211,26626,15,1857,1857,0
212,26747,13,1861,1861,0
213,26857,14,1875,1875,0
214,27027,16,1884,1884,0
215,27134,14,1900,1900,0
216,27228,15,1912,1912,0
217,27311,14,1913,1913,0
218,27411,15,1917,1917,0
219,27508,14,1927,1927,0
220,27595,15,1958,1958,0
221,27694,14,1959,1959,0
222,27816,13,1962,1962,0
223,27925,16,1979,1979,0
224,28031,16,1980,1980,0
225,28152,22,1984,1984,0
226,28260,15,1993,1993,0
227,28361,16,1996,1996,0
228,28483,17,1999,1999,0
229,28609,15,2003,2003,0
230,28703,15,2007,2007,0
231,28780,17,2029,2029,0
232,28859,14,2043,2043,0
233,28945,16,2052,2052,0
234,29062,15,2056,2056,0
235,29155,17,2068,2068,0
236,29267,14,2071,2071,0
237,29397,17,2075,2075,0
238,29549,35,2077,2077,0
239,29660,14,2079,2079,0
240,29760,16,2095,2095,0
241,29939,12,2102,2102,0
242,30029,16,2108,2108,0
243,30163,18,2113,2093,11
244,30306,30,2094,2043,22
245,30443,13,2103,2014,45
246,30589,24,2084,2008,13
247,30766,38,2078,1978,16
248,30912,42,2069,1957,15
249,31041,31,2074,1928,27
250,31227,40,2054,1907,19
251,31348,23,2051,1889,17
252,31477,20,2036,1877,2
253,31591,17,2053,1877,8
254,31730,20,2052,1861,14
255,31846,15,2059,1855,20
256,31952,14,2055,1825,33
257,32025,17,2058,1809,44
258,32172,39,2021,1779,20
259,32289,18,1999,1754,13
260,32408,17,2008,1739,30
261,32555,32,1984,1712,26
262,32668,12,1969,1707,4
263,32785,14,1976,1690,26
264,32914,34,1949,1676,4
265,33130,27,1913,1625,12
266,33255,12,1917,1613,17
267,33348,13,1929,1621,17
268,33495,38,1909,1601,8
269,33598,13,1919,1605,12
270,33722,29,1907,1590,9
271,33830,11,1922,1580,27
272,33945,19,1907,1589,3
273,34099,27,1911,1586,3
274,34206,14,1924,1583,13
275,34344,35,1926,1565,24
276,34479,28,1897,1554,2
277,34598,14,1913,1537,33
278,34712,25,1877,1515,9
279,34795,14,1885,1490,34
280,34938,34,1858,1476,15
281,35088,22,1842,1456,16
282,35203,14,1848,1441,27
283,35344,29,1824,1420,16
284,35491,27,1798,1394,6
285,35615,17,1806,1389,15
286,35709,26,1800,1382,19
287,35808,12,1815,1378,33
288,37340,1433,1795,1284,81
289,37523,17,1584,1109,16
290,37656,14,1568,1106,0
291,37736,14,1573,1108,1
292,37864,14,1570,1092,11
293,37962,16,1582,1086,30
294,38113,32,1557,1087,3
295,38206,17,1564,1078,23
296,38341,29,1554,1066,22
297,38545,79,1544,1067,2
298,38712,14,1530,1047,6
299,38808,11,1535,1033,25
300,38920,17,1507,1023,0
301,39028,14,1513,1022,8
302,39130,17,1512,1020,13
303,39237,10,1535,1032,24
304,39329,12,1529,1030,23
305,39507,31,1486,994,20
306,39627,17,1500,999,25
307,39742,15,1482,994,13
308,39871,15,1454,974,2
309,39993,10,1465,979,2
310,40105,17,1465,967,9
311,40204,11,1489,975,25
312,40436,133,1469,955,29
313,40548,19,1448,951,17
314,40684,29,1430,936,11
315,40768,9,1439,922,27
316,40845,11,1455,930,29
317,40961,14,1438,924,13
318,41092,48,1435,927,0
319,41208,11,1439,927,4
320,41303,14,1454,935,5
321,41431,23,1461,930,18
322,41555,30,1445,912,24
323,41697,15,1433,922,0
324,41806,10,1446,933,0
325,41947,15,1456,941,0
326,42070,26,1449,932,5
327,42170,11,1474,943,22
328,42310,22,1452,944,0
329,42456,21,1464,943,13
330,42589,31,1466,929,26
331,42725,39,1439,923,9
332,42821,15,1442,913,17
333,42925,16,1436,906,16
334,43066,21,1407,894,4
335,43157,11,1410,888,14
336,43239,9,1419,879,28
337,43338,11,1400,882,6
338,43538,14,1396,882,5
339,43654,22,1399,880,11
340,43771,16,1394,881,4
341,43867,19,1386,871,4
342,43970,10,1391,870,10
343,44096,29,1391,861,10
344,44180,11,1412,877,13
345,44288,22,1420,889,2
346,44377,13,1421,875,18
347,44481,24,1415,871,19
348,44569,12,1422,874,25
349,44709,46,1392,867,9
350,44807,10,1397,867,14
351,44947,35,1389,871,0
352,45056,19,1399,870,12
353,45155,17,1390,866,3
354,45285,22,1374,848,1
355,45352,10,1378,847,6
356,45452,12,1378,838,12
357,45566,10,1386,830,29
358,45684,29,1364,840,3
359,45778,11,1374,844,11
360,45895,31,1357,835,3
361,45992,10,1360,829,12
362,46102,26,1352,826,4
363,46201,11,1356,814,14
364,46329,13,1350,820,2
365,46521,115,1356,814,10
366,46631,29,1340,806,7
367,46728,15,1337,796,14
368,46816,10,1343,797,20
369,46943,28,1329,794,13
370,47043,15,1341,797,27
371,47175,11,1321,793,7
372,47311,27,1325,797,9
373,47393,12,1333,802,10
374,47494,22,1334,805,0
375,47596,10,1339,799,15
376,47698,25,1332,805,3
377,47784,11,1343,809,14
378,47887,16,1343,816,9
379,47983,15,1361,824,10
380,48147,30,1349,814,10
381,48284,16,1336,809,3
382,48398,12,1343,810,6
383,48522,22,1352,810,18
384,48617,12,1372,824,28
385,48746,28,1354,833,3
386,48864,19,1353,825,6
387,48963,12,1359,828,10
388,49048,8,1383,848,15
389,49171,21,1384,855,7
390,49279,23,1392,867,2
391,49491,16,1400,871,0
392,49599,10,1417,876,12
393,49756,21,1421,891,0
394,49867,11,1441,909,0
395,49965,10,1465,926,0
396,50064,10,1476,935,0
397,50164,11,1497,952,0
398,50249,9,1501,956,0
399,50340,12,1517,965,0
400,50431,17,1521,969,0
401,50529,13,1535,981,0
402,50621,12,1550,992,2
403,50714,15,1559,997,5
404,50806,12,1577,1004,11
405,50925,34,1574,1006,2
406,51035,22,1587,1009,10
407,51174,26,1582,1010,2
408,51289,16,1577,1001,13
409,51384,13,1580,1000,18
410,51480,18,1564,997,0
411,51606,12,1566,993,9
412,51704,24,1558,991,5
413,51804,11,1569,990,14
414,51920,32,1572,1004,4
415,52014,13,1580,1010,6
416,52247,30,1582,1009,9
417,52354,14,1578,1009,6
418,52456,19,1570,1007,2
419,52534,12,1586,1016,12
420,52629,16,1591,1014,17
421,52739,30,1587,1021,3
422,52833,14,1608,1037,3
423,52947,26,1609,1037,3
424,53063,22,1610,1042,0
425,53170,12,1615,1046,0
426,53268,12,1618,1049,0
427,53376,17,1625,1050,10
428,53517,27,1621,1055,0
429,53600,13,1624,1047,16
430,53678,24,1618,1050,5
431,53764,12,1623,1045,15
432,53873,28,1611,1045,0
433,53983,12,1619,1045,3
434,54099,24,1625,1049,4
435,54203,13,1641,1062,4
436,54313,12,1644,1069,0
437,54428,14,1653,1075,1
438,54693,29,1650,1066,6
439,54797,13,1657,1065,11
440,54926,33,1654,1065,1
441,55013,14,1670,1073,10
442,55124,34,1665,1067,13
443,55220,14,1686,1084,15
444,55332,17,1676,1084,3
445,55441,10,1688,1086,8
446,55546,14,1683,1088,2
447,55642,11,1685,1090,2
448,55755,13,1690,1094,2
449,55888,44,1690,1098,0
450,55989,16,1692,1099,1
451,56112,24,1699,1104,7
452,56205,14,1714,1116,8
453,56315,31,1715,1120,1
454,56420,15,1715,1118,3
455,56513,22,1719,1118,5
456,56605,14,1730,1122,8
457,56707,19,1725,1124,2
458,56811,15,1753,1144,4
459,56924,36,1748,1140,0
460,57209,10,1782,1157,20
461,57345,27,1766,1159,0
462,57433,10,1776,1162,3
463,57525,23,1778,1164,2
464,57615,14,1780,1163,5
465,57710,23,1790,1172,4
466,57799,16,1795,1169,13
467,57910,32,1794,1178,4
468,57997,15,1821,1197,8
469,58099,21,1815,1194,5
470,58191,16,1823,1194,12
471,58293,34,1815,1198,0
472,58389,20,1823,1202,4
473,58539,37,1817,1197,3
474,58652,11,1824,1198,7
475,58737,15,1830,1207,3
476,58860,19,1832,1207,6
477,58955,26,1836,1215,1
478,59036,14,1849,1219,13
479,59145,34,1840,1218,6
480,59395,18,1838,1215,3
481,59505,20,1838,1201,17
482,59617,17,1851,1209,18
483,59730,29,1853,1227,3
484,59842,12,1869,1236,12
485,59946,14,1858,1238,0
486,60082,30,1854,1212,34
487,60205,14,1862,1198,63
488,60321,27,1812,1210,1
489,60432,13,1823,1210,8
490,60546,15,1820,1177,44
491,60698,37,1770,1178,4
492,60803,14,1784,1189,6
493,60950,41,1776,1176,11
494,61089,21,1755,1157,13
495,61201,14,1764,1165,16
496,61304,20,1753,1139,39
497,61406,14,1764,1129,67
498,63220,60,1478,950,16
499,63325,11,1453,941,0
500,63451,18,1454,924,17
501,63541,12,1445,926,6
502,63650,9,1446,926,9
503,63765,11,1445,918,22
504,63899,27,1418,883,36
505,64035,20,1427,885,43
506,64185,17,1401,894,16
507,64324,19,1385,866,29
508,64457,12,1343,860,0
509,64566,10,1359,852,33
510,64698,31,1336,854,4
511,64824,23,1341,825,48
512,64959,26,1298,827,5
513,65081,21,1285,820,8
514,65219,9,1296,821,23
515,65348,25,1294,835,0
516,65461,17,1291,827,7
517,65568,9,1301,820,30
518,65681,13,1287,816,25
519,65773,11,1302,810,48
520,65890,17,1270,811,8
521,65987,11,1281,819,11
522,66091,15,1274,823,0
523,66203,10,1283,830,0
524,66311,11,1289,834,0
525,66407,11,1297,840,0
526,66501,12,1321,859,0
527,66617,11,1334,872,0
528,66732,10,1346,884,0
529,66806,11,1358,895,0
530,66901,11,1377,913,0
531,66994,11,1389,925,0
532,67090,13,1405,941,0
533,67185,13,1424,957,0
534,67279,11,1442,975,0
535,67462,16,1442,974,1
536,67542,13,1465,992,4
537,67657,21,1455,988,0
538,67752,12,1463,987,10
539,67875,28,1463,987,11
540,67981,10,1473,984,30
541,68092,25,1455,981,16
542,68186,13,1463,980,27
543,68296,21,1442,977,10
544,68400,17,1449,977,22
545,68518,24,1429,978,0
546,68607,12,1443,985,6
547,68715,16,1446,979,17
548,68830,18,1464,979,32
549,68912,13,1427,970,0
550,69019,12,1431,948,28
551,69150,17,1399,937,9
552,69268,25,1381,930,4
553,69399,11,1387,920,19
554,69603,112,1388,934,6
555,69700,17,1379,922,5
556,69784,10,1394,912,39
557,69893,13,1379,927,4
558,69981,10,1384,928,13
559,70093,14,1389,933,11
560,70190,11,1394,937,12
561,70329,10,1379,933,5
562,70449,16,1393,944,5
563,70534,17,1400,943,13
564,70625,11,1405,935,29
565,70719,13,1379,935,0
566,70807,12,1388,928,15
567,70915,22,1379,919,10
568,71023,12,1389,923,15
569,71138,31,1380,928,2
570,71267,22,1391,922,13
571,71394,15,1405,923,25
572,71531,29,1385,916,11
573,71628,14,1399,925,14
574,71843,117,1392,923,2
575,71945,28,1381,906,23
576,72026,9,1384,901,31
577,72126,13,1366,905,6
578,72225,11,1372,905,8
579,72322,17,1379,911,3
580,72416,12,1391,912,13
581,72528,25,1376,911,1
582,72623,10,1383,914,5
583,72719,20,1380,914,2
584,72820,12,1383,910,13
585,72933,23,1379,912,8
586,73012,11,1392,922,10
587,73117,24,1389,925,7
588,73204,11,1393,920,20
589,73303,14,1379,917,13
590,73393,10,1385,913,17
591,73488,16,1389,931,0
592,73576,10,1407,947,0
593,73676,25,1422,962,0
594,73774,10,1440,965,6
595,73871,20,1440,970,0
596,74073,15,1434,958,8
597,74147,10,1440,960,14
598,74266,12,1422,959,0
599,74353,10,1438,963,3
600,74468,12,1442,967,0
601,74575,15,1451,975,0
602,74711,15,1462,986,0
603,74822,12,1468,972,15
604,74942,25,1456,967,12
605,75050,18,1476,980,14
606,75128,23,1464,975,8
607,75218,13,1484,988,12
608,75312,15,1480,995,0
609,75398,11,1485,992,7
610,75490,22,1487,999,5
611,75601,14,1511,1014,11
612,75694,29,1512,1011,10
613,75772,11,1523,1014,20
614,75878,21,1514,1021,0
615,75980,11,1519,1021,3
616,76081,15,1525,1024,0
617,76289,17,1529,1022,8
618,76408,15,1553,1030,15
619,76539,31,1546,1037,2
620,76637,10,1549,1038,6
621,76720,13,1545,1032,9
622,76802,12,1547,1033,9
623,76943,21,1544,1036,3
624,77070,24,1541,1032,2
625,77191,11,1542,1026,10
626,77309,24,1537,1026,1
627,77411,11,1544,1026,3
628,77512,14,1555,1037,8
629,77604,12,1561,1038,14
630,77720,31,1552,1043,0
631,77806,12,1565,1044,10
632,77903,20,1559,1046,1
633,77995,12,1563,1042,11
634,78088,15,1558,1041,5
635,78169,11,1565,1039,18
636,78397,31,1537,1032,4
637,78510,18,1540,1035,5
638,78618,10,1549,1041,5
639,78757,36,1539,1026,9
640,78896,33,1537,1020,10
641,78983,12,1547,1017,23
642,79074,12,1525,1016,2
643,79129,10,1526,1012,4
644,79195,12,1537,1020,8
645,79308,25,1533,1021,0
646,79405,12,1543,1029,0
647,79508,14,1553,1035,3
648,79611,12,1565,1037,13
649,79717,24,1561,1032,12
650,79803,12,1567,1031,18
651,79907,26,1555,1032,5
652,80009,11,1566,1034,14
653,80102,11,1561,1036,3
654,80185,12,1576,1046,3
655,80436,22,1591,1052,6
656,80527,13,1592,1050,7
657,80627,12,1597,1044,19
658,80741,29,1589,1046,12
659,80827,13,1597,1052,15
660,80907,15,1596,1065,1
661,80988,12,1613,1078,1
662,81078,20,1638,1098,1
663,81180,12,1650,1105,5
664,81301,25,1660,1114,2
665,81398,15,1665,1111,11
666,81495,20,1664,1117,0
667,81578,14,1677,1124,7
668,81693,25,1683,1131,6
669,81780,13,1688,1129,10
670,81878,30,1689,1138,2
671,81968,13,1700,1143,5
672,82211,24,1699,1143,3
673,82302,15,1710,1151,6
674,82384,13,1711,1149,9
675,82496,23,1709,1154,0
676,82568,13,1727,1171,0
677,82646,11,1739,1177,0
678,82732,12,1751,1181,8
679,82822,12,1753,1177,14
680,82909,26,1767,1197,1
681,83008,13,1780,1207,2
682,83125,36,1787,1214,1
683,83219,14,1804,1227,9
684,83321,14,1802,1231,1
685,83422,14,1825,1248,2
686,83514,20,1828,1250,1
687,83608,13,1835,1256,4
688,83862,17,1819,1239,4
689,83950,13,1826,1242,6
690,84042,11,1834,1248,8
691,84135,17,1831,1249,5
692,84234,10,1846,1259,8
693,84337,14,1858,1263,19
694,84430,14,1867,1257,32
695,84518,17,1847,1259,10
696,84610,14,1848,1260,10
697,84705,17,1850,1272,0
698,84796,14,1858,1270,7
699,84902,20,1856,1270,1
700,85202,15,1864,1264,12
701,85313,20,1858,1267,4
702,85391,12,1876,1280,9
703,85501,30,1876,1284,4
704,85588,13,1883,1285,9
705,85677,16,1888,1294,0
706,85758,13,1891,1295,1
707,85869,24,1898,1300,0
708,85973,15,1908,1308,0
709,86069,25,1903,1298,3
710,86159,14,1921,1310,5
711,86257,18,1920,1310,2
712,86509,175,1927,1309,12
713,86598,18,1910,1298,10
714,86716,32,1911,1303,9
715,86816,16,1916,1303,13
716,86937,28,1914,1308,2
717,87018,13,1927,1313,7
718,87110,23,1931,1324,0
719,87210,14,1933,1326,0
720,87300,18,1935,1324,3
721,87385,15,1942,1327,3
722,87487,23,1952,1337,6
723,87741,176,1958,1328,16
724,87842,21,1942,1323,5
725,87939,14,1946,1324,6
726,88025,16,1949,1320,17
727,88112,18,1941,1327,3
728,88186,14,1947,1326,4
729,88300,25,1948,1331,0
730,88389,14,1953,1334,1
731,88478,18,1965,1342,7
732,88561,14,1972,1345,14
733,88670,32,1963,1348,0
734,90468,14,1802,1181,36
735,90605,15,1744,1161,8
736,90725,15,1754,1169,11
737,90827,13,1772,1148,51
738,90993,35,1731,1150,8
739,91101,28,1734,1153,4
740,91201,12,1743,1125,47
741,91337,38,1679,1095,21
742,91488,30,1657,1091,3
743,91592,12,1662,1096,3
744,91739,23,1669,1106,0
745,91853,10,1687,1124,0
746,91953,11,1695,1132,0
747,92035,12,1697,1134,0
748,92128,12,1706,1140,0
749,92219,12,1711,1145,0
750,92305,12,1718,1152,0
751,92427,12,1727,1159,0
752,92537,11,1732,1164,0
753,92622,15,1742,1173,0
754,92779,11,1747,1177,0
755,92885,16,1753,1183,0
756,93001,12,1760,1188,0
757,93064,13,1778,1206,0
758,93144,12,1783,1204,3
759,93242,11,1802,1225,1
760,93351,13,1814,1233,6
761,93443,11,1837,1240,20
762,93540,13,1839,1243,16
763,93665,29,1851,1245,25
764,93767,23,1825,1223,22
765,93882,28,1792,1212,0
766,94030,12,1801,1197,26
767,94143,21,1781,1195,7
768,94270,25,1765,1188,0
769,94380,12,1773,1190,8
770,94497,25,1755,1179,2
771,94599,12,1766,1163,29
772,94687,16,1748,1170,0
773,94781,12,1754,1154,27
774,94875,29,1714,1135,0
775,94978,12,1719,1131,12
776,95072,15,1698,1115,5
777,95182,13,1711,1119,14
778,95347,15,1694,1106,4
779,95470,23,1684,1091,11
780,95568,11,1692,1086,29
781,95683,32,1658,1069,16
782,95772,11,1665,1075,16
783,95866,14,1639,1060,2
784,95951,11,1649,1061,5
785,96076,33,1647,1060,6
786,96159,14,1684,1078,19
787,96285,40,1650,1063,0
788,96365,13,1660,1066,12
789,96480,27,1651,1070,0
790,96676,85,1657,1052,29
791,96780,12,1645,1065,2
792,96877,15,1655,1069,7
793,96974,13,1663,1061,26
794,97092,33,1630,1052,3
795,97176,13,1641,1057,5
796,97276,17,1648,1065,3
797,97380,11,1668,1081,8
798,97484,17,1673,1093,0
799,97583,11,1697,1100,15
800,97678,18,1689,1098,12
801,97762,12,1689,1094,16
802,97864,23,1694,1112,1
803,98026,14,1710,1113,12
804,98132,22,1694,1099,7
805,98221,12,1715,1104,24
806,98322,28,1709,1117,3
807,98421,14,1713,1107,15
808,98520,18,1710,1111,10
809,98610,12,1711,1104,21
810,98726,12,1694,1091,18
811,98841,12,1701,1092,24
812,98934,15,1689,1097,8
813,99014,11,1702,1105,13
814,99123,29,1701,1111,7
815,99226,13,1708,1103,17
816,99399,14,1695,1094,12
817,99510,18,1697,1096,13
818,99603,11,1717,1112,13
819,99701,23,1709,1113,2
820,99803,13,1715,1115,10
821,99914,28,1722,1131,2
822,100013,14,1735,1136,13
823,100108,16,1733,1141,4
824,100197,12,1741,1127,28
825,100317,30,1730,1135,6
826,100401,12,1736,1132,17
827,100510,28,1720,1125,9
828,100598,14,1724,1118,26
829,100789,35,1704,1112,5
830,100890,19,1698,1111,2
831,100997,11,1705,1105,15
832,101112,28,1707,1113,2
833,101216,11,1709,1107,12
834,101305,15,1703,1110,0
835,101409,13,1712,1116,6
836,101551,30,1708,1101,23
837,101642,11,1720,1109,25
838,101731,16,1700,1111,0
839,101820,13,1709,1117,0
840,101907,13,1720,1122,0
841,101979,13,1749,1142,11
842,102084,23,1741,1135,14
843,102173,12,1755,1136,27
844,102399,44,1724,1125,13
845,102514,17,1714,1114,16
846,102622,14,1728,1117,28
847,102737,17,1710,1121,2
848,102830,10,1716,1117,11
849,102941,26,1712,1117,10
850,103038,12,1724,1116,21
851,103108,14,1713,1122,6
852,103203,13,1721,1125,8
853,103317,17,1715,1116,12
854,103414,12,1718,1105,27
855,103537,32,1710,1114,3
856,103630,22,1714,1114,9
857,103753,28,1713,1116,7
858,103914,21,1716,1117,12
859,104011,12,1720,1120,12
860,104112,19,1733,1130,16
861,104192,13,1737,1129,19
862,104300,17,1727,1124,10
863,104412,13,1729,1120,25
864,104523,29,1702,1111,2
865,104635,14,1707,1101,21
866,104724,16,1700,1104,10
867,104829,16,1709,1110,12
868,104915,31,1699,1110,1
869,105005,12,1705,1110,6
870,105122,25,1694,1086,22
871,105232,15,1698,1084,28
872,105341,18,1683,1094,6
873,105531,20,1687,1101,3
874,105603,12,1696,1108,4
875,105693,18,1698,1102,12
876,105777,12,1723,1119,23
877,105866,20,1706,1118,0
878,105943,12,1716,1121,3
879,106022,13,1735,1134,4
880,106136,18,1741,1141,0
881,106232,9,1748,1147,4
882,106316,13,1748,1128,24
883,106415,14,1751,1117,47
884,106527,32,1704,1112,3
885,106620,12,1711,1106,18
886,106713,25,1699,1111,3
887,106801,12,1716,1124,7
888,106928,17,1734,1140,6
889,107135,16,1723,1132,3
890,107223,15,1732,1138,3
891,107312,16,1744,1148,3
892,107436,10,1749,1149,7
893,107518,13,1742,1144,5
894,107615,12,1748,1137,14
895,107726,16,1740,1136,5
896,107817,12,1744,1129,16
897,107924,24,1745,1138,2
898,108021,14,1749,1130,15
899,108123,21,1735,1118,12
900,108204,13,1744,1114,24
901,108329,24,1729,1121,0
902,108405,12,1732,1124,0
903,108510,15,1729,1121,1
904,108602,12,1733,1118,3
905,108703,23,1737,1117,7
906,108940,26,1730,1117,0
907,109073,22,1718,1102,6
908,109170,16,1731,1110,13
909,109286,16,1720,1101,11
910,109371,11,1741,1112,25
911,109447,14,1745,1111,28
912,109536,16,1725,1112,0
913,109645,13,1730,1111,2
914,109712,12,1746,1124,8
915,109814,13,1748,1123,8
916,109916,20,1742,1121,2
917,110011,12,1749,1125,2
918,110114,17,1748,1117,2
919,110207,13,1755,1116,19
920,110310,24,1745,1115,9
921,110389,12,1754,1122,9
922,110572,91,1750,1122,4
923,110636,13,1754,1107,28
924,110736,16,1735,1099,13
925,110832,17,1741,1104,15
926,110939,17,1732,1103,9
927,111018,15,1736,1105,9
928,111119,22,1729,1101,4
929,111227,21,1734,1102,8
930,111337,21,1728,1100,6
931,111444,11,1733,1094,21
932,111534,15,1724,1101,5
933,111655,18,1734,1102,8
934,111765,16,1734,1100,9
935,111876,20,1728,1099,3
936,111970,12,1740,1111,3
937,112056,16,1743,1118,0
938,112130,12,1751,1125,0
939,112210,13,1759,1132,2
940,112303,21,1773,1136,16
941,112484,111,1778,1137,18
942,112601,19,1763,1128,15
943,112710,24,1749,1128,0
944,112802,14,1754,1128,2
945,112884,17,1762,1137,3
946,112991,12,1770,1138,6
947,113096,26,1768,1139,3
948,113183,11,1771,1134,4
949,113289,23,1780,1141,0
950,113366,14,1790,1145,0
951,113460,16,1789,1141,7
952,113548,14,1795,1136,19
953,113626,15,1806,1144,23
954,113738,36,1787,1144,0
955,113826,14,1809,1159,8
956,113927,20,1803,1150,13
957,114002,13,1808,1146,22
958,114104,16,1803,1159,1
959,114279,107,1810,1163,1
960,114379,15,1811,1166,2
961,114485,23,1818,1174,0
962,114572,12,1821,1171,6
963,114672,25,1821,1178,4
964,114767,12,1827,1177,10
965,114879,28,1819,1176,5
966,114963,13,1826,1176,12
967,115106,27,1820,1181,0
968,115184,14,1822,1182,0
969,115315,27,1825,1180,0
970,115409,13,1835,1182,12
971,115530,26,1834,1192,1
972,115615,13,1847,1200,2
973,115706,21,1851,1203,0
974,115806,13,1868,1207,9
975,115897,28,1859,1207,0
976,115997,13,1863,1206,6
977,116092,13,1860,1205,4
978,117671,1487,1861,1142,81
979,117765,11,1778,1134,0
980,117879,12,1775,1133,0
981,117956,13,1791,1145,2
982,118061,18,1794,1146,1
983,118153,13,1803,1149,2
984,118260,26,1811,1153,5
985,118362,27,1828,1166,8
986,118473,34,1844,1188,0
987,118546,13,1851,1191,1
988,118656,15,1847,1181,3
989,118749,14,1860,1194,3
990,118832,11,1861,1195,3
991,118932,13,1876,1210,0
992,119040,13,1877,1211,0
993,119143,14,1883,1215,0
994,119228,17,1894,1226,0
995,119380,13,1897,1229,0
996,119457,12,1905,1237,0
997,119557,13,1914,1245,0
998,119626,13,1925,1256,0
999,119721,13,1932,1263,0
1000,119823,13,1941,1271,0
1001,119900,13,1949,1279,0
1002,120008,15,1956,1285,0
1003,120130,13,1961,1290,0
1004,120270,17,1972,1300,0
1005,120371,14,1989,1317,0
1006,120472,18,1988,1319,0
1007,120572,14,1998,1297,42
1008,120685,18,1940,1255,32
1009,120766,13,1955,1255,53
1010,120885,17,1898,1222,29
1011,120987,14,1904,1209,44
1012,121106,36,1852,1178,35
1013,121218,13,1863,1152,77
1014,121428,31,1796,1154,13
1015,121535,16,1789,1146,11
1016,121627,13,1808,1154,21
1017,121731,17,1807,1158,17
1018,121840,10,1820,1152,45
1019,121945,20,1788,1142,23
1020,122042,12,1801,1146,27
1021,122133,13,1787,1142,18
1022,122223,13,1789,1139,22
1023,122336,18,1771,1140,8
1024,122435,12,1792,1145,25
1025,122550,29,1777,1142,8
1026,122660,24,1811,1164,18
1027,122767,21,1808,1165,18
1028,122869,35,1809,1144,52
1029,122994,24,1774,1111,58
1030,123106,31,1724,1105,19
1031,123187,12,1729,1078,56
1032,123307,28,1679,1079,3
1033,123408,12,1684,1074,17
1034,123609,29,1666,1056,13
1035,123724,26,1652,1056,0
1036,123829,10,1662,1053,16
1037,123948,19,1658,1050,20
1038,124021,12,1659,1050,20
1039,124127,28,1644,1041,16
1040,124254,14,1623,1036,3
1041,124352,11,1633,1023,30
1042,124440,9,1651,1036,34
1043,124552,13,1621,1021,19
1044,124639,11,1632,1003,59
1045,124738,16,1577,989,18
1046,124868,27,1552,985,3
1047,124962,12,1562,969,34
1048,125074,27,1523,958,3
1049,125168,11,1526,945,25
1050,125271,27,1503,947,0
1051,125353,12,1520,960,6
1052,125462,20,1514,961,3
1053,125557,13,1529,952,35
1054,125694,32,1501,956,0
1055,125885,14,1499,943,9
1056,125968,12,1509,946,17
1057,126067,23,1495,945,0
1058,126157,11,1501,951,0
1059,126269,18,1505,951,1
1060,126365,11,1514,954,8
1061,126475,15,1506,939,13
1062,126570,11,1517,942,19
1063,126676,28,1503,947,0
1064,126767,10,1512,953,5
1065,126861,18,1513,950,9
1066,126951,11,1519,954,10
1067,127034,9,1535,958,16
1068,127116,15,1534,965,18
1069,127213,12,1543,960,32
1070,127330,29,1517,943,27
1071,127495,32,1480,935,1
1072,127590,10,1487,933,7
1073,127690,11,1486,939,0
1074,127785,11,1491,932,12
1075,127883,23,1481,935,0
1076,127967,11,1484,936,4
1077,128187,15,1478,933,1
1078,128278,19,1478,934,2
1079,128380,13,1488,937,4
1080,128477,21,1491,945,1
1081,128562,11,1502,952,7
1082,128665,25,1505,953,11
1083,128768,10,1523,968,13
1084,128872,25,1523,980,3
1085,128977,13,1528,985,3
1086,129079,15,1532,985,3
1087,129154,12,1539,989,10
1088,129276,27,1529,987,0
1089,129388,11,1532,983,5
1090,129497,20,1542,989,5
1091,129594,11,1555,989,10
1092,129704,24,1551,985,6
1093,129790,12,1552,982,9
1094,129923,29,1559,988,9
1095,130017,12,1570,997,11
1096,130126,19,1566,995,3
1097,130232,12,1570,998,6
1098,130456,141,1571,996,5
1099,130550,14,1555,982,16
1100,130624,11,1558,984,18
1101,130704,14,1547,990,0
1102,130791,11,1550,993,0
1103,130891,17,1559,998,3
1104,130976,11,1573,999,15
1105,131121,23,1569,996,8
1106,131203,11,1577,990,24
1107,131317,31,1560,988,9
1108,131394,12,1564,981,19
1109,131499,26,1552,976,10
1110,131602,11,1556,972,22
1111,131701,31,1533,972,0
1112,131800,12,1541,967,15
1113,131921,28,1541,972,10
1114,132013,12,1552,981,12
1115,132102,13,1566,993,17
1116,132193,11,1578,993,19
1117,132321,28,1565,998,0
1118,132413,12,1589,1022,0
1119,132511,13,1602,1029,3
1120,132751,10,1618,1030,26
1121,132851,11,1601,1037,2
1122,132939,12,1605,1035,9
1123,133033,10,1615,1033,29
1124,133137,14,1592,1036,5
1125,133237,10,1598,1034,10
1126,133330,11,1602,1037,11
1127,133430,10,1607,1028,27
1128,133539,15,1600,1040,11
1129,133640,10,1606,1033,23
1130,133721,12,1585,1030,7
1131,133810,12,1587,1025,12
1132,133920,22,1586,1036,0
1133,134002,11,1589,1033,5
1134,134090,16,1585,1021,15
1135,134174,12,1596,1031,17
1136,134278,15,1592,1036,2
1137,134377,12,1612,1052,7
1138,134491,21,1616,1058,3
1139,134761,34,1609,1053,4
1140,134877,24,1605,1051,1
1141,134968,11,1622,1061,1
1142,135079,17,1626,1062,1
1143,135159,12,1633,1062,9
1144,135255,14,1630,1062,1
1145,135341,13,1640,1066,9
1146,135475,27,1647,1074,0
1147,135565,14,1666,1075,14
1148,135682,31,1653,1068,10
1149,135782,11,1660,1070,15
1150,135881,15,1664,1083,0
1151,135975,12,1681,1094,3
1152,136072,33,1706,1098,30
1153,136169,22,1685,1099,7
1154,136280,24,1698,1118,0
1155,136384,13,1712,1128,0
1156,136635,8,1717,1123,13
1157,136726,19,1708,1124,3
1158,136812,11,1721,1131,3
1159,136909,21,1727,1130,4
1160,136996,12,1742,1142,9
1161,137088,14,1745,1153,0
1162,137183,12,1752,1148,14
1163,137307,13,1737,1145,1
1164,137381,13,1740,1148,1
1165,137491,22,1732,1144,1
1166,137573,12,1733,1141,4
1167,137654,11,1735,1141,5
1168,137761,12,1743,1148,6
1169,137884,25,1742,1147,4
1170,137994,12,1749,1151,7
1171,138274,175,1750,1143,8
1172,138389,33,1748,1141,6
1173,138513,25,1738,1120,15
1174,138601,12,1747,1121,21
1175,138715,29,1730,1121,4
1176,138804,12,1748,1133,9
1177,138894,21,1747,1141,0
1178,138967,13,1766,1148,11
1179,139073,11,1760,1151,0
1180,139176,12,1767,1156,2
1181,139271,22,1774,1162,7
1182,139379,13,1777,1160,13
1183,139480,30,1763,1160,0
1184,139565,13,1769,1163,4
1185,139641,10,1773,1162,12
1186,139840,123,1762,1149,14
1187,139942,16,1763,1155,2
1188,140031,11,1777,1165,9
1189,140118,19,1772,1163,6
1190,140228,13,1787,1170,12
1191,140334,28,1776,1163,7
1192,140409,13,1780,1164,10
1193,140510,16,1778,1168,0
1194,140594,12,1789,1179,0
1195,140701,23,1807,1193,4
1196,140793,13,1815,1196,5
1197,140897,17,1808,1188,12
1198,140993,13,1822,1199,16
1199,141137,33,1809,1199,2
1200,141236,11,1818,1195,19
1201,142813,1483,1806,1119,96
1202,142956,28,1707,1110,3
1203,143043,11,1709,1114,2
1204,143141,12,1717,1116,4
1205,143229,10,1730,1123,16
1206,143311,19,1718,1122,3
1207,143398,12,1731,1123,16
1208,143486,17,1726,1136,0
1209,143575,12,1733,1142,1
1210,143679,18,1748,1150,3
1211,143783,14,1756,1151,6
1212,143899,37,1765,1162,6
1213,144016,14,1773,1165,8
1214,144172,26,1769,1159,12
1215,144268,15,1769,1169,0
1216,144354,12,1775,1172,4
1217,144431,11,1783,1176,7
1218,144515,13,1775,1167,7
1219,144625,13,1782,1169,17
1220,144730,28,1775,1165,7
1221,144829,10,1781,1156,15
1222,144913,18,1770,1158,0
1223,145007,12,1773,1156,3
1224,145107,22,1775,1157,3
1225,145182,13,1797,1169,5
1226,145294,20,1813,1179,9
1227,145387,13,1843,1203,11
1228,145495,31,1835,1203,2
1229,145585,14,1847,1209,9
1230,145774,33,1833,1203,8
1231,145890,30,1824,1198,10
1232,145975,12,1835,1199,15
1233,146038,10,1844,1209,13
1234,146120,13,1839,1214,8
1235,146207,13,1840,1213,10
1236,146296,16,1844,1225,0
1237,146398,12,1854,1235,0
1238,146533,15,1865,1244,0
1239,146643,13,1867,1246,0
1240,146737,12,1869,1248,0
1241,146825,15,1879,1254,0
1242,146897,14,1882,1257,0
1243,146988,14,1891,1265,0
1244,147080,14,1903,1277,0
1245,147179,14,1913,1283,0
1246,147262,13,1920,1289,0
1247,147431,12,1930,1298,0
1248,147528,18,1938,1303,0
1249,147626,13,1943,1307,0
1250,147717,14,1962,1315,3
1251,147808,14,1971,1319,6
1252,147906,20,1967,1307,11
1253,147992,14,1988,1315,22
1254,148091,38,1966,1313,0
1255,148188,14,1988,1326,7
1256,148298,21,1985,1327,3
1257,148402,16,1988,1326,6
1258,148514,25,1985,1325,8
1259,148592,14,2010,1341,11
1260,148677,30,2010,1345,4
1261,148751,14,2014,1342,11
1262,148819,14,2015,1336,19
1263,149006,29,2002,1335,8
1264,149126,20,1994,1333,3
1265,149226,15,2010,1346,4
1266,149347,15,2013,1344,5
1267,149465,24,2017,1347,7
1268,149554,23,2014,1345,12
1269,149642,11,2018,1347,12
1270,149743,13,2018,1342,16
1271,149843,11,2030,1346,25
1272,149939,14,2004,1340,4
1273,150063,19,1990,1328,5
1274,150193,13,1993,1278,69
1275,150329,21,1910,1251,10
1276,150430,12,1924,1225,56
1277,150654,133,1879,1181,79
1278,150759,17,1817,1172,31
1279,150894,29,1781,1154,14
1280,151005,14,1798,1156,29
1281,151129,15,1768,1149,12
1282,151242,10,1779,1110,74
1283,151348,12,1725,1106,26
1284,151482,30,1702,1104,3
1285,151590,14,1709,1105,7
1286,151707,24,1700,1088,15
1287,151827,15,1706,1069,43
1288,151954,38,1665,1053,19
1289,152082,38,1648,1056,2
1290,152268,16,1635,1040,15
1291,152362,11,1645,1038,29
1292,152467,15,1608,1029,13
1293,152671,119,1623,1028,29
1294,152857,22,1599,1005,24
1295,152967,12,1576,988,22
1296,153081,27,1556,989,1
1297,153190,11,1578,988,29
1298,153307,31,1550,982,4
1299,153385,11,1556,961,38
1300,153481,14,1520,963,0
1301,153579,11,1528,964,7
1302,153693,15,1537,976,2
1303,153808,10,1538,956,30
1304,153947,34,1532,966,14
1305,154043,10,1541,957,27
1306,154153,11,1523,929,44
1307,154275,31,1491,939,12
1308,154360,11,1499,936,26
1309,154470,20,1482,944,0
1310,154661,8,1485,929,28
1311,154783,24,1463,926,11
1312,154900,15,1466,924,15
1313,155002,11,1470,924,21
1314,155110,22,1450,918,7
1315,155213,11,1460,923,11
1316,155317,23,1464,932,0
1317,155408,11,1470,926,15
1318,155499,16,1468,934,1
1319,155606,13,1475,937,5
1320,155699,26,1475,935,7
1321,155793,11,1486,942,11
1322,155901,19,1486,942,19
1323,156000,11,1501,941,34
1324,156089,15,1483,944,15
1325,156175,12,1503,958,16
1326,156283,24,1488,958,0
1327,156394,13,1498,954,12
1328,156495,17,1498,955,3
1329,156701,119,1509,962,4
1330,156801,15,1499,943,9
1331,156900,20,1482,933,4
1332,156973,10,1486,930,13
1333,157084,26,1478,922,17
1334,157179,10,1481,919,27
1335,157286,30,1445,896,13
1336,157392,10,1456,892,30
1337,157516,15,1434,898,0
1338,157627,8,1441,895,16
1339,157749,15,1428,878,33
1340,157861,14,1405,877,12
1341,157942,10,1411,876,20
1342,158036,9,1426,878,35
1343,158134,10,1404,890,0
1344,158227,9,1411,895,1
1345,158322,11,1417,886,14
1346,158459,23,1423,883,20
1347,158584,19,1412,873,25
1348,158690,30,1396,875,0
1349,158909,25,1376,849,19
1350,159004,11,1385,843,34
1351,159113,20,1364,847,12
1352,159213,10,1370,847,14
1353,159341,23,1365,844,10
1354,159430,7,1372,847,14
1355,159538,13,1362,839,11
1356,159627,9,1379,848,18
1357,159728,17,1371,853,0
1358,159815,10,1396,871,3
1359,159908,19,1405,877,9
1360,160009,11,1421,889,13
1361,160140,23,1424,894,15
1362,160238,8,1437,903,18
1363,160336,11,1433,895,25
1364,160433,9,1442,904,25
1365,160541,13,1422,903,3
1366,160623,10,1427,899,9
1367,160720,25,1434,904,7
1368,160831,9,1448,914,13
1369,161058,10,1440,908,3
1370,161134,10,1441,908,4
1371,161226,13,1445,903,7
1372,161341,14,1451,896,20
1373,161424,12,1456,897,23
1374,161517,14,1452,902,4
1375,161621,11,1455,895,19
1376,161709,18,1450,894,9
1377,161772,10,1461,902,13
1378,161863,14,1450,899,4
1379,161974,10,1456,904,7
1380,162075,24,1464,916,3
1381,162179,12,1469,914,6
1382,162281,11,1461,892,18
1383,162369,11,1488,914,19
1384,162494,30,1466,910,7
1385,162566,10,1471,909,16
1386,162665,27,1458,912,0
1387,162765,11,1469,916,0
1388,162872,21,1487,933,3
1389,162958,13,1496,937,6
1390,163185,26,1490,933,5
1391,163283,14,1492,941,5
1392,163373,10,1498,940,13
1393,163468,26,1499,944,0
1394,163546,10,1505,945,7
1395,163664,27,1489,937,2
1396,163757,12,1496,939,6
1397,163843,10,1513,953,6
1398,163928,12,1508,949,7
1399,164019,10,1514,945,13
1400,164113,16,1522,957,1
1401,164214,11,1530,956,10
1402,164314,25,1526,954,9
1403,164412,11,1531,949,18
1404,164516,30,1537,971,0
1405,164613,12,1544,977,0
1406,164725,12,1563,996,0
1407,164812,15,1581,1011,0
1408,164917,23,1585,1008,6
1409,165022,12,1592,995,29
1410,165223,24,1572,992,11
1411,165302,22,1576,1002,4
1412,165380,11,1584,1004,10
1413,165470,24,1583,1008,1
1414,165548,11,1589,1006,9
1415,165674,31,1583,1004,0
1416,165770,12,1593,1005,15
1417,165893,15,1571,995,5
1418,165973,11,1590,999,19
1419,166098,30,1569,996,0
1420,166182,11,1576,993,11
1421,166299,30,1558,988,0
1422,166389,11,1562,978,18
1423,166497,29,1550,981,2
1424,166598,12,1556,984,2
1425,166701,16,1561,988,2
1426,166790,12,1562,984,11
1427,166908,22,1562,990,4
1428,167001,12,1570,990,10
1429,167110,31,1584,1011,1
1430,167343,22,1584,1005,10
1431,167469,29,1578,1007,2
1432,167574,12,1591,1020,2
1433,167686,16,1602,1024,6
1434,167778,12,1606,1021,10
1435,167870,14,1598,1021,4
1436,167973,11,1606,1023,8
1437,168077,14,1593,1016,3
1438,168166,11,1598,1017,6
1439,168276,32,1599,1023,0
1440,168375,13,1611,1031,2
1441,168485,16,1614,1029,0
1442,168570,12,1624,1033,14
1443,168677,24,1614,1035,5
1444,168773,11,1619,1031,13
1445,168874,26,1620,1037,4
1446,168945,12,1621,1034,13
1447,169036,10,1634,1035,21
1448,169117,19,1630,1043,11
1449,169347,154,1631,1031,27
1450,169445,8,1605,1025,13
1451,169548,12,1600,1029,0
1452,169630,9,1605,1030,3
1453,169719,11,1617,1041,4
1454,169796,11,1629,1053,4
1455,169904,20,1628,1047,19
1456,169992,12,1633,1045,24
1457,170098,36,1613,1046,3
1458,170183,12,1619,1046,5
1459,170285,20,1626,1053,0
1460,170381,12,1654,1072,6
1461,170462,16,1660,1082,3
1462,170557,12,1669,1086,10
1463,170676,27,1669,1097,0
1464,170765,11,1673,1099,3
1465,170852,11,1679,1102,2
1466,170945,12,1705,1127,2
1467,171028,13,1712,1130,5
1468,171144,12,1716,1135,0
1469,171393,31,1704,1124,0
1470,171469,12,1707,1127,0
1471,171547,12,1714,1133,0
1472,171623,12,1718,1137,0
1473,171712,12,1728,1147,0
1474,171807,12,1732,1150,0
1475,171894,12,1758,1175,0
1476,171998,11,1761,1178,0
1477,172103,12,1768,1183,0
1478,172201,12,1780,1195,0
1479,172302,11,1789,1204,0
1480,172374,13,1801,1216,0
1481,172466,14,1809,1224,0
1482,172557,12,1813,1228,0
1483,172637,11,1818,1232,0
1484,172719,14,1826,1240,0
1485,172793,13,1828,1242,0
1486,172898,17,1847,1256,0
1487,172990,14,1849,1257,0
1488,173086,21,1850,1257,1
1489,173324,148,1856,1251,9
1490,173422,18,1848,1242,16
1491,173529,24,1835,1240,6
1492,173610,13,1842,1244,12
1493,173719,28,1837,1248,2
1494,173814,14,1842,1249,4
1495,173921,25,1848,1258,0
1496,174010,14,1853,1253,9
1497,174136,27,1850,1255,5
1498,174225,14,1857,1256,10
1499,174334,18,1851,1251,6
1500,174415,15,1857,1251,15
1501,174539,39,1852,1253,5
1502,174661,16,1843,1250,0
1503,174768,13,1847,1253,0
1504,174868,22,1856,1267,0
1505,174947,13,1858,1265,2
1506,175035,12,1871,1272,10
1507,176717,1604,1872,1248,31
1508,176849,23,1818,1212,0
1509,176956,10,1820,1213,0
1510,177033,10,1832,1221,4
1511,177116,14,1844,1233,8
1512,177206,14,1858,1238,19
1513,177315,31,1841,1237,5
1514,177402,12,1856,1250,6
1515,177513,32,1857,1244,7
1516,177630,17,1858,1240,15
1517,177734,20,1852,1232,17
1518,177830,14,1865,1244,17
1519,177950,26,1857,1240,11
1520,178043,9,1862,1241,10
1521,178128,14,1857,1239,5
1522,178217,14,1860,1240,8
1523,178343,57,1862,1246,1
1524,178440,11,1869,1248,5
1525,178527,16,1873,1250,5
1526,178619,16,1874,1248,13
1527,178721,29,1863,1241,11
1528,178809,13,1888,1262,14
1529,178916,31,1885,1270,0
1530,179000,13,1892,1275,1
1531,179101,19,1894,1268,3
1532,179204,13,1921,1291,3
1533,179305,31,1914,1287,3
1534,179404,15,1927,1298,4
1535,179509,19,1930,1301,7
1536,179601,14,1946,1312,7
1537,179716,22,1952,1322,0
1538,179798,14,1959,1326,0
1539,179904,21,1969,1326,10
1540,179980,14,1979,1330,20
1541,180119,34,1954,1288,37
1542,180276,67,1957,1236,97
1543,180445,45,1870,1209,43
1544,180585,13,1832,1190,26
1545,180705,27,1811,1188,9
1546,180805,12,1822,1167,52
1547,180941,40,1764,1149,13
1548,181030,10,1782,1145,38
1549,181144,17,1752,1124,32
1550,181270,15,1714,1115,2
1551,181370,13,1718,1084,43
1552,181495,33,1668,1073,0
1553,181591,12,1686,1067,31
1554,181708,30,1664,1066,12
1555,181787,12,1673,1048,44
1556,181884,20,1636,1052,4
1557,181972,11,1642,1050,16
1558,182083,22,1634,1056,1
1559,182199,12,1646,1065,3
1560,182394,14,1630,1042,17
1561,182483,20,1619,1041,4
1562,182566,11,1630,1023,38
1563,182664,26,1613,1039,0
1564,182755,11,1622,1033,14
1565,182889,24,1611,1034,3
1566,182985,14,1618,1034,13
1567,183094,32,1602,1034,0
1568,183197,12,1607,1029,5
1569,183294,16,1611,1025,11
1570,183383,12,1616,1025,17
1571,183494,22,1587,1017,0
1572,183571,12,1603,1028,6
1573,183655,15,1599,1031,0
1574,183743,11,1617,1032,14
1575,183845,14,1621,1032,16
1576,183937,12,1622,1043,6
1577,184028,12,1635,1043,24
1578,184141,15,1619,1033,16
1579,184336,103,1623,1016,41
1580,184424,12,1590,1015,13
1581,184525,16,1594,1020,20
1582,184621,12,1598,1024,20
1583,184713,15,1584,1030,0
1584,184825,12,1590,1032,6
1585,184919,17,1596,1037,10
1586,185030,20,1609,1029,35
1587,185139,15,1595,1036,14
1588,185271,17,1575,1031,0
1589,185369,12,1593,1023,21
1590,185469,29,1570,1023,0
1591,185560,11,1577,1012,18
1592,185686,23,1568,1004,15
1593,185791,12,1572,984,42
1594,185882,20,1529,981,0
1595,185965,11,1533,974,19
1596,186083,22,1526,982,1
1597,186167,11,1533,984,7
1598,186260,15,1521,976,0
1599,186474,119,1536,983,11
1600,186608,21,1523,973,8
1601,186721,14,1524,981,0
1602,186809,12,1527,975,5
1603,186919,22,1530,976,7
1604,187029,8,1538,965,30
1605,187135,17,1517,963,20
1606,187227,9,1529,967,27
1607,187312,19,1510,961,14
1608,187403,11,1521,957,25
1609,187514,27,1492,952,1
1610,187623,11,1499,951,13
1611,187766,29,1492,937,20
1612,187882,17,1477,937,3
1613,187965,11,1490,928,30
1614,188082,28,1455,921,3
1615,188168,11,1470,913,31
1616,188281,30,1443,916,4
1617,188382,11,1456,922,13
1618,188488,27,1457,935,1
1619,188717,138,1468,934,8
1620,188815,19,1467,936,1
1621,188943,26,1482,943,5
1622,189060,25,1490,943,16
1623,189161,22,1489,942,15
1624,189271,15,1492,953,4
1625,189346,11,1504,963,5
1626,189453,13,1504,968,0
1627,189554,12,1510,973,0
1628,189641,9,1529,974,22
1629,189735,10,1518,962,22
1630,189814,12,1537,977,24
1631,189908,15,1520,979,3
1632,190003,11,1524,969,15
1633,190132,28,1517,968,9
1634,190239,12,1530,981,9
1635,190340,12,1539,992,7
1636,190480,26,1528,984,7
1637,190569,13,1538,981,18
1638,190686,27,1521,971,16
1639,190904,9,1535,971,31
1640,190990,11,1519,986,0
1641,191065,10,1519,982,8
1642,191160,11,1527,982,24
1643,191265,15,1503,984,0
1644,191361,10,1515,984,16
1645,191489,31,1504,984,8
1646,191582,11,1516,991,17
1647,191696,15,1492,977,5
1648,191788,11,1503,986,5
1649,191913,21,1498,986,4
1650,192001,11,1514,993,5
1651,192098,18,1519,1003,0
1652,192194,13,1532,1002,6
1653,192307,18,1538,1012,7
1654,192395,13,1545,1011,12
1655,192508,25,1546,1020,0
1656,192607,11,1559,1024,3
1657,192702,21,1558,1022,4
1658,192794,11,1569,1020,9
1659,193008,20,1555,1002,19
1660,193102,20,1553,1016,0
1661,193181,12,1565,1023,2
1662,193284,19,1574,1029,3
1663,193382,11,1580,1027,12
1664,193480,22,1581,1037,0
1665,193574,11,1591,1045,1
1666,193667,32,1587,1046,0
1667,193755,11,1604,1052,5
1668,193848,18,1609,1047,22
1669,193958,18,1598,1048,9
1670,194066,21,1591,1048,3
1671,194180,11,1597,1044,15
1672,194279,27,1581,1035,5
1673,194371,14,1588,1037,6
1674,194477,15,1584,1040,0
1675,194559,12,1589,1044,0
1676,194641,11,1601,1051,6
1677,194731,12,1603,1050,5
1678,194985,162,1607,1043,19
1679,195092,16,1601,1055,0
1680,195189,12,1612,1052,13
1681,195287,14,1608,1059,0
1682,195377,12,1625,1074,2
1683,195467,16,1626,1074,4
1684,195546,11,1642,1071,7
1685,195641,9,1653,1074,14
1686,195722,12,1641,1078,0
1687,195819,13,1653,1085,5
1688,195947,18,1649,1070,8
1689,196043,12,1650,1059,15
1690,196140,12,1637,1051,11
1691,196229,11,1642,1054,14
1692,196335,15,1639,1063,1
1693,196471,17,1641,1053,11
1694,196568,12,1648,1057,12
1695,196688,18,1643,1060,0
1696,196952,175,1655,1069,2
1697,197059,14,1635,1052,0
1698,197142,11,1642,1057,3
1699,197250,17,1657,1072,0
1700,197335,11,1659,1065,7
1701,197414,12,1686,1089,7
1702,197523,27,1689,1096,0
1703,197623,13,1693,1092,9
1704,197732,22,1689,1086,15
1705,197844,10,1697,1088,17
1706,197936,14,1682,1084,4
1707,198015,13,1707,1100,13
1708,198135,35,1694,1091,16
1709,198228,13,1705,1100,20
1710,198334,17,1691,1094,15
1711,198412,12,1705,1107,16
1712,198517,16,1693,1108,0
1713,198618,13,1696,1110,0
1714,198704,12,1702,1112,1
1715,198947,20,1707,1103,5
1716,199044,12,1714,1105,10
1717,199126,12,1704,1102,2
1718,199221,13,1713,1103,4
1719,199323,23,1724,1118,0
1720,199412,14,1743,1132,7
1721,199539,23,1751,1132,6
1722,199649,15,1758,1131,13
1723,199728,17,1757,1140,2
1724,199838,10,1764,1145,2
1725,199940,13,1774,1152,4
1726,200037,11,1779,1154,8
1727,200143,13,1782,1165,0
1728,200234,9,1785,1165,2
1729,200330,19,1803,1171,19
1730,200426,14,1819,1178,27
1731,200538,31,1801,1177,3
1732,200753,11,1811,1171,12
1733,200825,13,1807,1178,2
1734,200922,15,1808,1177,4
1735,201005,13,1814,1172,18
1736,201106,16,1807,1178,3
1737,201209,12,1825,1185,16
1738,201315,29,1813,1188,0
1739,201427,13,1816,1180,15
1740,201531,30,1807,1177,10
1741,201634,9,1813,1179,14
1742,201726,14,1805,1181,5
1743,201823,14,1811,1175,22
1744,201927,29,1794,1169,9
1745,202011,13,1800,1169,13
1746,202111,28,1794,1171,6
1747,202213,14,1796,1161,16
1748,202309,20,1805,1184,0
1749,202434,15,1809,1185,3
1750,202634,34,1814,1171,11
1751,202730,20,1811,1172,10
1752,202793,13,1815,1176,10
1753,202868,17,1809,1180,1
1754,202934,12,1813,1184,1
1755,203015,14,1825,1194,5
1756,203120,18,1831,1204,3
1757,203233,14,1845,1209,10
1758,203337,14,1844,1214,0
1759,203434,12,1852,1214,8
1760,203521,18,1857,1221,10
1761,203614,13,1862,1218,23
1762,203703,19,1860,1231,5
1763,203817,14,1873,1241,10
1764,203982,39,1868,1241,6
1765,204101,27,1875,1250,0
1766,204201,19,1888,1254,6
1767,205696,14,1890,1232,28
1768,205786,11,1873,1241,0
1769,205891,13,1880,1248,0
1770,205979,16,1899,1267,0
1771,206073,14,1903,1270,0
1772,206181,14,1918,1283,0
1773,206275,15,1929,1294,0
1774,206364,15,1942,1307,0
1775,206464,14,1954,1317,0
1776,206569,15,1964,1327,0
1777,206660,15,1967,1330,0
1778,206759,15,1974,1337,0
1779,206878,14,1980,1339,2
1780,206978,13,1986,1339,7
1781,207102,31,1982,1332,8
1782,207194,13,1986,1332,11
1783,207334,28,1977,1333,2
1784,207412,14,1978,1330,6
1785,207523,23,1982,1338,2
1786,207634,10,1987,1336,7
1787,207735,15,1988,1342,0
1788,207836,10,2005,1347,11
1789,207944,17,2002,1350,2
1790,208054,18,2009,1355,2
1791,208153,15,2008,1350,4
1792,208280,28,1996,1343,6
1793,208369,14,2001,1342,13
1794,208489,28,1996,1346,0
1795,208567,16,1998,1345,3
1796,208679,26,2006,1352,0
1797,208781,16,2011,1355,2
1798,208881,17,2015,1357,5
1799,208989,15,2019,1356,10
1800,209147,21,2026,1365,3
1801,209237,11,2033,1366,10
1802,209321,15,2034,1375,2
1803,209434,11,2040,1377,2
1804,209530,18,2054,1384,8
1805,209630,19,2061,1386,12
1806,209748,23,2061,1390,7
1807,209837,12,2065,1391,11
1808,209929,16,2062,1394,4
1809,210038,13,2069,1376,30
1810,210162,23,2045,1344,59
1811,210315,38,1993,1337,11
1812,210420,15,2001,1317,39
1813,210564,21,1972,1304,17
1814,210708,41,1939,1261,31
1815,210813,13,1961,1257,73
1816,211009,32,1868,1236,10
1817,211120,16,1878,1228,18
1818,211220,13,1889,1217,39
1819,211332,18,1854,1202,30
1820,211441,10,1858,1182,54
1821,211580,13,1820,1182,18
1822,211705,15,1801,1175,10
1823,211798,13,1808,1168,23
1824,211910,21,1783,1139,28
1825,212013,14,1787,1120,57
1826,212119,22,1745,1102,35
1827,212221,12,1756,1094,52
1828,212359,33,1700,1084,16
1829,212474,21,1673,1065,24
1830,212582,12,1681,1049,45
1831,212716,16,1640,1053,6
1832,212931,103,1660,1047,36
1833,213070,15,1633,1040,15
1834,213176,11,1625,1040,8
1835,213290,16,1620,1043,0
1836,213405,11,1631,1038,16
1837,213513,17,1611,1030,3
1838,213601,12,1621,1029,17
1839,213718,27,1622,1035,11
1840,213828,11,1625,1036,14
1841,213925,13,1619,1030,10
1842,214038,13,1635,1040,11
1843,214157,18,1646,1042,24
1844,214269,16,1629,1051,0
1845,214365,12,1642,1055,10
1846,214484,25,1632,1056,6
1847,214568,12,1637,1050,12
1848,214679,30,1631,1040,12
1849,214761,12,1636,1016,47
1850,214955,116,1590,1002,10
1851,215066,19,1576,998,0
1852,215173,11,1590,1000,12
1853,215290,15,1577,985,16
1854,215398,11,1600,1004,18
1855,215529,38,1597,1009,7
1856,215605,12,1616,1017,18
1857,215710,18,1605,1021,4
1858,215802,11,1620,1028,15
1859,215930,30,1612,1032,1
1860,216028,13,1619,1024,18
1861,216149,34,1611,1031,5
1862,216252,16,1619,1012,43
1863,216350,15,1602,1020,21
1864,216464,27,1583,1020,0
1865,216565,13,1588,1018,7
1866,216677,28,1579,1015,3
1867,216777,17,1584,1000,27
1868,217032,137,1556,984,18
1869,217157,16,1535,967,13
1870,217283,14,1508,958,0
1871,217382,10,1516,951,15
1872,217519,32,1505,937,21
1873,217631,8,1509,934,34
1874,217727,18,1481,924,20
1875,217831,9,1485,915,33
1876,217967,18,1460,910,14
1877,218080,18,1445,910,2
1878,218187,16,1453,912,6
1879,218294,15,1454,909,2
1880,218393,11,1458,902,16
1881,218510,28,1455,909,0
1882,218606,11,1457,896,19
1883,218706,19,1444,902,0
1884,218800,11,1445,894,8
1885,218906,14,1459,908,13
1886,219004,13,1465,903,23
1887,219273,157,1463,915,8
1888,219363,13,1459,912,8
1889,219470,23,1446,908,0
1890,219554,10,1461,910,10
1891,219687,31,1434,908,3
1892,219774,11,1446,908,22
1893,219903,25,1430,911,3
1894,220008,12,1443,918,11
1895,220114,28,1438,918,9
1896,220214,10,1448,920,11
1897,220311,32,1439,920,3
1898,220429,8,1448,908,28
1899,220522,14,1445,922,12
1900,220636,8,1454,899,49
1901,220737,15,1412,902,5
1902,220824,13,1422,905,7
1903,220931,20,1421,908,2
1904,221015,11,1426,900,13
1905,221120,14,1425,903,13
1906,221198,10,1431,906,15
1907,221412,132,1417,900,11
1908,221536,34,1407,900,3
1909,221640,9,1425,900,26
1910,221762,11,1419,910,7
1911,221863,9,1411,900,4
1912,221954,10,1419,899,15
1913,222050,18,1424,895,26
1914,222151,18,1401,894,6
1915,222268,24,1399,892,9
1916,222355,10,1408,898,11
1917,222462,14,1406,904,2
1918,222566,11,1414,902,10
1919,222672,25,1408,903,1
1920,222768,11,1420,907,11
1921,222890,35,1409,903,0
1922,222983,11,1419,908,0
1923,223106,16,1418,905,6
1924,223189,11,1428,915,6
1925,223297,18,1435,914,11
1926,223543,163,1455,925,21
1927,223640,9,1421,915,4
1928,223727,9,1424,907,15
1929,223828,9,1436,914,23
1930,223920,13,1418,913,6
1931,224012,10,1423,910,11
1932,224123,28,1429,919,10
1933,224202,10,1438,918,25
1934,224319,17,1422,924,7
1935,224420,11,1427,920,9
1936,224525,24,1434,932,1
1937,224631,8,1445,935,4
1938,224715,11,1450,937,9
1939,224808,10,1456,920,34
1940,224925,30,1429,927,0
1941,225020,10,1436,933,0
1942,225112,15,1441,935,2
1943,225228,10,1446,930,14
1944,225328,15,1441,934,7
1945,225547,136,1448,929,22
1946,225647,23,1427,919,6
1947,225745,13,1427,915,12
1948,225831,9,1445,925,25
1949,225951,28,1429,925,7
1950,226047,12,1453,941,10
1951,226150,12,1448,943,3
1952,226234,8,1470,957,7
1953,226339,12,1465,957,0
1954,226446,14,1459,953,0
1955,226564,11,1467,953,3
1956,226660,14,1469,963,0
1957,226753,11,1475,961,12
1958,226833,8,1480,957,23
1959,226931,21,1467,967,0
1960,227032,8,1473,967,1
1961,227140,12,1486,967,10
1962,227243,18,1500,969,21
1963,227345,11,1496,976,8
1964,227572,16,1494,969,5
1965,227663,21,1499,978,0
1966,227752,11,1519,993,8
1967,227827,13,1547,1016,16
1968,227920,28,1531,1013,9
1969,228018,12,1543,1021,11
1970,228121,21,1534,1017,5
1971,228219,11,1552,1028,8
1972,228329,26,1569,1044,12
1973,228428,13,1588,1059,20
1974,228520,15,1577,1058,13
1975,228601,12,1582,1061,13
1976,228717,23,1574,1052,12
1977,228827,15,1579,1056,12
1978,228919,14,1581,1063,6
1979,229012,12,1585,1063,6
1980,229125,16,1590,1061,7
1981,229313,128,1591,1060,8
1982,229390,16,1582,1050,7
1983,229486,21,1583,1051,6
1984,229572,10,1590,1051,8
1985,229676,16,1572,1046,0
1986,229772,12,1576,1050,0
1987,229888,16,1584,1051,1
1988,229971,13,1590,1057,1
1989,230079,22,1592,1052,3
1990,230166,12,1605,1056,4
1991,230265,15,1614,1065,3
1992,230351,13,1632,1073,8
1993,230440,11,1644,1083,11
1994,230531,17,1637,1082,6
1995,230621,13,1655,1094,12
1996,230733,32,1660,1109,0
1997,230853,15,1675,1122,0
1998,230960,13,1687,1132,0
1999,231139,124,1697,1130,19
2000,231218,14,1689,1135,8
2001,231328,16,1688,1138,1
2002,231453,17,1704,1146,11
2003,231543,18,1694,1145,3
2004,231629,12,1706,1155,4
2005,231730,19,1725,1163,7
2006,231821,15,1740,1174,10
2007,231928,29,1736,1174,6
2008,232005,14,1754,1185,8
2009,232104,25,1750,1188,1
2010,232194,13,1755,1189,6
2011,232292,17,1759,1192,2
2012,232372,13,1763,1193,3
2013,232489,17,1760,1191,0
2014,232584,14,1778,1202,1
2015,232676,21,1777,1201,0
2016,232851,98,1781,1201,7
2017,232935,16,1780,1203,3
2018,233020,13,1791,1210,4
2019,233118,19,1794,1208,4
2020,233214,12,1798,1199,9
2021,233288,22,1789,1197,1
2022,233383,16,1794,1197,5
2023,233503,21,1804,1205,6
2024,233603,12,1825,1224,7
2025,233724,36,1820,1218,10
2026,233810,14,1832,1221,21
2027,233924,37,1817,1221,3
2028,234024,14,1835,1236,4
2029,234119,27,1844,1243,0
2030,234200,14,1855,1249,9
2031,234310,26,1860,1259,2
2032,234415,14,1868,1267,2
2033,234526,21,1868,1269,0
2034,236034,1416,1884,1258,33
2035,236130,13,1851,1254,0
2036,236261,20,1852,1251,6
2037,236347,17,1858,1253,12
2038,236430,15,1875,1260,15
2039,236535,17,1867,1248,7
2040,236634,12,1873,1249,9
2041,236735,22,1869,1248,8
2042,236809,14,1869,1246,11
2043,236913,32,1855,1237,8
2044,237012,16,1861,1240,9
2045,237128,31,1849,1240,0
2046,237230,14,1856,1243,4
2047,237352,19,1858,1243,7
2048,237495,29,1856,1244,0
2049,237643,11,1862,1232,14
2050,237729,13,1848,1222,10
2051,237826,13,1856,1226,14
2052,237913,24,1852,1234,4
2053,238023,13,1868,1247,8
2054,238117,16,1862,1247,0
2055,238226,19,1868,1244,4
2056,238317,19,1868,1242,5
2057,238396,14,1880,1250,5
2058,238491,21,1883,1258,0
2059,238576,14,1886,1256,6
2060,238673,26,1880,1257,0
2061,238764,14,1885,1259,2
2062,238866,17,1905,1280,0
2063,238959,17,1918,1292,0
2064,239045,12,1919,1294,0
2065,239142,16,1923,1293,0
2066,239224,16,1925,1295,0
2067,239373,86,1960,1325,9
2068,239462,17,1972,1336,0
2069,239544,13,1984,1344,1
2070,239638,11,1996,1352,2
2071,239739,19,2009,1361,2
2072,239884,39,2011,1356,8
2073,239972,14,2015,1351,15
2074,240115,42,1981,1315,21
2075,240207,13,1991,1293,51
2076,240356,36,1957,1275,46
2077,240480,29,1906,1271,2
2078,240575,15,1917,1267,24
2079,240714,37,1881,1244,10
2080,240831,13,1893,1235,42
2081,240964,18,1858,1222,28
2082,241092,20,1841,1213,10
2083,241280,22,1802,1188,0
2084,241364,12,1812,1180,16
2085,241501,29,1797,1180,0
2086,241599,12,1810,1175,22
2087,241737,29,1787,1152,26
2088,241845,14,1797,1125,69
2089,241955,17,1734,1109,26
2090,242076,25,1709,1111,4
2091,242167,14,1715,1105,20
2092,242290,32,1703,1111,3
2093,242386,12,1714,1114,17
2094,242487,17,1699,1107,16
2095,242586,13,1702,1090,34
2096,242694,27,1686,1102,5
2097,242798,12,1712,1095,37
2098,242912,16,1688,1108,0
2099,243011,11,1700,1109,14
2100,243218,118,1693,1093,20
2101,243321,15,1669,1091,2
2102,243428,12,1673,1076,29
2103,243525,18,1659,1081,12
2104,243636,12,1674,1073,33
2105,243757,28,1659,1057,37
2106,243858,14,1610,1046,4
2107,243950,12,1621,1042,17
2108,244074,30,1606,1039,2
2109,244162,12,1609,1038,2
2110,244254,14,1610,1027,12
2111,244373,11,1623,1028,18
2112,244493,27,1607,1025,5
2113,244591,12,1617,1034,5
2114,244739,37,1603,1021,10
2115,244864,30,1607,1023,6
2116,244962,12,1612,1028,6
2117,245064,19,1608,1027,0
2118,245250,108,1618,1026,12
2119,245366,32,1611,1016,22
2120,245493,28,1588,1010,8
2121,245597,12,1591,999,28
2122,245705,19,1573,1000,8
2123,245792,12,1607,1019,19
2124,245911,27,1609,1024,22
2125,246020,12,1629,1033,31
2126,246124,30,1610,1033,19
2127,246222,12,1614,1028,32
2128,246343,30,1597,1027,16
2129,246438,8,1601,998,55
2130,246543,16,1574,1018,9
2131,246652,12,1584,1013,20
2132,246740,12,1582,1015,24
2133,246819,13,1590,1022,25
2134,246935,19,1575,1020,15
2135,247009,11,1580,1025,15
2136,247133,23,1569,1026,5
2137,247369,31,1565,1024,14
2138,247489,24,1554,1028,0
2139,247590,10,1564,1033,5
2140,247686,25,1568,1041,6
2141,247778,12,1573,1039,13
2142,247884,26,1572,1051,0
2143,247981,12,1587,1027,40
2144,248102,15,1556,1032,0
2145,248191,12,1571,1045,4
2146,248309,21,1573,1036,14
2147,248424,11,1579,1027,30
2148,248526,15,1549,1029,0
2149,248603,12,1566,1029,10
2150,248704,23,1561,1028,0
2151,248815,11,1573,1028,4
2152,248926,16,1582,1037,8
2153,249017,12,1588,1034,19
2154,249148,29,1576,1037,3
2155,249343,106,1588,1047,0
2156,249421,13,1603,1039,24
2157,249542,26,1586,1026,26
2158,249627,11,1601,1030,36
2159,249764,40,1573,1027,15
2160,249878,19,1572,1032,1
2161,249967,12,1590,1037,15
2162,250069,26,1582,1037,8
2163,250159,11,1591,1035,13
2164,250261,21,1581,1036,4
2165,250348,12,1593,1029,22
2166,250430,12,1597,1027,26
2167,250534,17,1577,1008,22
2168,250613,13,1583,999,37
2169,250738,31,1551,995,13
2170,250869,33,1544,993,5
2171,250979,13,1555,984,27
2172,251097,20,1547,998,3
2173,251179,11,1550,989,12
2174,251277,16,1550,1000,2
2175,251480,127,1557,1003,9
2176,251572,19,1550,1007,3
2177,251650,11,1557,1011,3
2178,251770,11,1561,1014,4
2179,251878,23,1561,1015,1
2180,251992,12,1567,1004,18
2181,252123,37,1536,993,2
2182,252227,11,1542,988,6
2183,252340,11,1545,986,7
2184,252422,12,1554,991,10
2185,252517,18,1556,989,13
2186,252633,9,1558,983,31
2187,252733,18,1538,987,0
2188,252832,17,1544,991,2
2189,252921,22,1555,1004,0
2190,253007,11,1562,1003,13
2191,253106,15,1564,1013,0
2192,253192,11,1575,1016,9
2193,253308,16,1574,1010,4
2194,253413,16,1587,1019,10
2195,253616,131,1598,1033,5
2196,253712,23,1588,1024,6
2197,253816,11,1593,1013,18
2198,253900,19,1584,1018,6
2199,253976,12,1588,1016,16
2200,254093,15,1575,1016,7
2201,254182,11,1579,1016,11
2202,254286,23,1573,1023,2
2203,254388,11,1574,1016,17
2204,254504,20,1566,1025,1
2205,254600,16,1568,1018,11
2206,254724,33,1575,1030,5
2207,254829,11,1591,1036,9
2208,254929,17,1592,1033,14
2209,255010,12,1602,1040,15
2210,255105,16,1595,1036,15
2211,255182,11,1608,1046,16
2212,255290,36,1590,1044,0
2213,255385,15,1594,1041,1
2214,255503,16,1604,1052,0
2215,255588,14,1615,1057,5
2216,255824,25,1622,1053,18
2217,255936,16,1608,1043,24
2218,256014,10,1610,1041,25
2219,256116,15,1590,1037,11
2220,256220,14,1606,1048,14
2221,256337,30,1599,1036,20
2222,256430,14,1603,1029,31
2223,256544,16,1575,1031,2
2224,256629,11,1592,1044,3
2225,256726,11,1590,1037,8
2226,256818,13,1607,1042,17
2227,256917,17,1602,1052,0
2228,257028,13,1606,1048,9
2229,257123,12,1615,1055,9
2230,257212,12,1628,1060,18
2231,257320,17,1615,1060,3
2232,257419,13,1626,1067,11
2233,257514,24,1620,1070,0
2234,257621,12,1629,1070,12
2235,257704,15,1606,1058,7
2236,257886,10,1609,1057,11
2237,257978,21,1607,1058,2
2238,258081,22,1608,1056,2
2239,258171,15,1610,1057,3
2240,258297,27,1609,1055,6
2241,258378,11,1620,1064,7
2242,258480,18,1611,1063,2
2243,258564,12,1620,1069,3
2244,258676,26,1616,1073,2
2245,258765,12,1622,1072,2
2246,258890,29,1634,1073,2
2247,258983,12,1638,1073,9
2248,259082,27,1633,1073,2
2249,259197,12,1634,1064,5
2250,259311,23,1643,1078,0
2251,259397,12,1650,1079,8
2252,259517,26,1653,1085,5
2253,259666,26,1651,1084,2
2254,259763,12,1656,1087,4
2255,259867,26,1659,1093,0
2256,260066,9,1662,1092,0
2257,260158,15,1668,1095,0
2258,260248,14,1668,1091,7
2259,260334,12,1684,1098,15
2260,260417,13,1700,1106,19
2261,260522,17,1704,1126,0
2262,260630,12,1705,1120,7
2263,260735,19,1703,1116,9
2264,260812,12,1716,1125,16
2265,260928,28,1712,1133,1
2266,261042,13,1717,1130,11
2267,261133,13,1728,1142,0
2268,261239,11,1737,1150,0
2269,261323,12,1740,1149,0
2270,261402,13,1748,1153,6
2271,261507,26,1753,1161,3
2272,261595,13,1758,1165,4
2273,261693,19,1758,1166,0
2274,261802,12,1763,1163,9
2275,261903,18,1762,1164,6
2276,262014,14,1768,1163,11
2277,262263,19,1756,1157,0
2278,262347,13,1763,1161,5
2279,262438,11,1780,1177,6
2280,262501,13,1779,1182,2
2281,262597,15,1792,1184,11
2282,262715,27,1789,1192,0
2283,262836,10,1799,1197,0
2284,262933,14,1811,1204,9
2285,263030,15,1813,1202,12
2286,263129,18,1812,1203,8
2287,263252,16,1828,1218,12
2288,263353,18,1826,1218,8
2289,263458,21,1829,1221,11
2290,263570,25,1823,1221,4
2291,263671,23,1822,1225,0
2292,263763,14,1828,1223,6
2293,263842,12,1829,1219,8
2294,263930,15,1821,1216,5
2295,264019,13,1822,1215,10
2296,264252,150,1814,1209,7
2297,264361,34,1812,1204,2
2298,264468,21,1820,1210,2
2299,264565,14,1823,1211,2
2300,264675,19,1819,1209,0
2301,264761,13,1824,1214,0
2302,264847,12,1842,1231,0
2303,264909,13,1861,1246,0
2304,264993,13,1863,1248,0
2305,265099,14,1868,1252,0
2306,265186,14,1880,1260,0
2307,265295,17,1882,1262,0
2308,265401,14,1894,1274,0
2309,265516,13,1917,1293,0
2310,265621,15,1919,1295,0
2311,265714,14,1932,1306,0
2312,265814,23,1936,1309,0
2313,265919,14,1941,1313,0
2314,266015,15,1946,1317,0
2315,266095,13,1946,1313,5
2316,266191,14,1949,1313,6
2317,266444,40,1936,1304,2
2318,266535,25,1945,1308,11
2319,266627,15,1963,1315,14
2320,266737,30,1955,1312,9
2321,266829,16,1974,1327,11
2322,266921,17,1972,1336,0
2323,267014,14,1982,1334,10
2324,267149,33,1973,1332,1
2325,267249,14,1986,1340,5
2326,267337,16,1992,1345,2
2327,267437,12,2012,1361,5
2328,267531,15,2018,1367,2
2329,267617,14,2024,1370,3
2330,267703,15,2027,1376,0
2331,267796,15,2033,1375,8
2332,267897,27,2031,1379,0
2333,267978,15,2045,1378,11
2334,268084,21,2045,1383,3
2335,268174,15,2054,1388,7
2336,269823,43,2003,1321,37
2337,269917,20,1967,1322,4
2338,270027,14,1961,1305,23
2339,270154,21,1953,1308,8
2340,270293,30,1930,1287,11
2341,270413,15,1935,1258,47
2342,270549,28,1880,1234,16
2343,270675,27,1827,1207,6
2344,270783,13,1837,1192,27
2345,270904,17,1822,1178,22
2346,271031,13,1830,1155,60
2347,271155,17,1778,1139,28
2348,271279,17,1737,1132,0
2349,271377,12,1761,1131,25
2350,271551,87,1740,1119,15
2351,271676,30,1722,1105,8
2352,271774,13,1740,1108,30
2353,271907,34,1675,1085,4
2354,272010,12,1691,1091,9
2355,272127,16,1677,1085,19
2356,272223,13,1687,1074,42
2357,272385,41,1636,1056,17
2358,272480,16,1636,1060,7
2359,272576,13,1646,1058,19
2360,272693,20,1640,1059,10
2361,272809,12,1652,1063,19
2362,272941,31,1639,1039,36
2363,273059,16,1651,1002,88
2364,273165,16,1568,996,15
2365,273286,14,1569,997,11
2366,273373,12,1571,983,25
2367,273551,42,1543,979,4
2368,273672,16,1547,984,0
2369,273766,11,1548,976,11
2370,273981,32,1520,951,13
2371,274094,27,1504,944,4
2372,274182,10,1504,932,15
2373,274306,23,1497,928,13
2374,274391,11,1501,928,17
2375,274504,14,1495,926,12
2376,274616,12,1510,935,12
2377,274744,21,1513,936,13
2378,274864,11,1499,933,1
2379,274936,11,1502,924,20
2380,275018,12,1506,913,40
2381,275139,31,1470,905,17
2382,275227,10,1471,894,26
2383,275320,15,1447,891,3
2384,275426,13,1456,896,9
2385,275542,25,1454,890,14
2386,275671,19,1466,870,51
2387,275774,17,1441,854,53
2388,275896,13,1406,859,12
2389,276000,11,1414,863,16
2390,276186,88,1403,853,14
2391,276311,26,1393,853,4
2392,276414,12,1401,851,15
2393,276534,32,1392,836,21
2394,276630,11,1403,836,35
2395,276718,14,1388,851,5
2396,276813,9,1397,855,11
2397,276925,27,1405,859,12
2398,277019,11,1433,873,26
2399,277132,21,1412,849,25
2400,277214,11,1428,864,30
2401,277312,25,1405,867,4
2402,277416,10,1408,863,18
2403,277531,28,1401,871,1
2404,277622,11,1421,868,24
2405,277700,14,1404,861,13
2406,277787,11,1413,856,17
2407,277871,13,1408,853,19
2408,277940,11,1410,854,19
2409,278032,8,1418,859,23
2410,278124,12,1403,862,7
2411,278220,12,1409,865,11
2412,278337,25,1408,858,14
2413,278567,29,1392,844,11
2414,278683,23,1382,843,2
2415,278772,10,1400,849,12
2416,278866,23,1386,848,1
2417,278954,10,1408,854,17
2418,279057,14,1394,850,3
2419,279159,12,1409,860,3
2420,279266,15,1407,859,0
2421,279353,11,1418,866,0
2422,279479,26,1420,862,1
2423,279599,15,1432,857,20
2424,279713,26,1417,859,3
2425,279798,12,1431,866,9
2426,279905,23,1430,862,18
2427,280006,11,1437,851,35
2428,280110,24,1418,866,0
2429,280191,10,1433,875,2
2430,280271,20,1441,873,10
2431,280366,11,1449,871,16
2432,280482,21,1451,878,13
2433,280566,11,1460,878,18
2434,280784,118,1447,869,14
2435,280897,27,1430,862,10
2436,280989,14,1457,876,19
2437,281100,14,1445,880,0
2438,281200,11,1455,872,18
2439,281328,26,1440,871,8
2440,281409,11,1449,872,16
2441,281488,14,1435,874,0
2442,281571,10,1448,877,4
2443,281662,22,1450,883,0
2444,281754,11,1466,891,7
2445,281874,29,1467,895,0
2446,281965,12,1472,891,8
2447,282072,17,1469,895,1
2448,282161,13,1476,901,5
2449,282283,15,1470,891,12
2450,282365,10,1483,885,26
2451,282473,29,1460,886,0
2452,282554,12,1474,891,11
2453,282649,17,1480,886,21
2454,282766,17,1466,888,1
2455,282866,13,1474,895,0
2456,282959,12,1491,910,2
2457,283163,15,1487,898,5
2458,283259,14,1484,896,0
2459,283338,10,1494,901,4
2460,283434,9,1504,901,20
2461,283526,12,1489,904,5
2462,283618,12,1497,910,5
2463,283726,21,1498,907,9
2464,283820,14,1502,904,16
2465,283909,32,1488,899,7
2466,284018,11,1502,908,14
2467,284118,15,1492,904,15
2468,284198,10,1498,908,19
2469,284294,29,1479,909,0
2470,284386,11,1482,906,6
2471,284491,29,1470,904,2
2472,284605,11,1473,898,11
2473,284699,22,1475,909,4
2474,284798,11,1478,909,11
2475,284904,15,1476,911,7
2476,285003,11,1489,914,16
2477,285094,15,1475,914,0
2478,285187,10,1487,920,6
2479,285405,23,1496,926,0
2480,285502,19,1506,932,8
2481,285604,12,1509,930,18
2482,285719,19,1496,933,0
2483,285823,11,1512,943,1
2484,285929,14,1516,940,6
2485,286026,11,1519,939,6
2486,286113,18,1524,945,5
2487,286205,11,1538,955,9
2488,286304,26,1544,955,14
2489,286407,12,1556,960,18
2490,286513,27,1547,962,9
2491,286629,11,1549,951,26
2492,286722,14,1530,949,10
2493,286812,11,1535,953,12
2494,286942,19,1533,958,1
2495,287059,25,1533,961,0
2496,287156,12,1539,958,8
2497,287232,8,1551,964,16
2498,287340,13,1553,971,9
2499,287593,29,1542,967,5
2500,287701,24,1546,969,4
2501,287775,11,1562,981,8
2502,287871,11,1561,987,0
2503,287959,11,1578,996,3
2504,288069,14,1578,997,2
2505,288167,11,1583,1002,2
2506,288282,15,1600,1008,8
2507,288384,16,1607,1006,16
2508,288492,39,1590,992,22
2509,288574,12,1598,984,33
2510,288675,21,1563,976,0
2511,288764,11,1568,975,7
2512,288864,19,1568,969,4
2513,288958,11,1576,977,4
2514,289040,10,1586,986,5
2515,289120,13,1597,1001,1
2516,289219,12,1608,998,14
2517,289344,28,1600,995,10
2518,289559,134,1605,998,10
2519,289670,15,1588,994,0
2520,289744,11,1602,1006,6
2521,289830,8,1612,1010,9
2522,289926,16,1608,1010,3
2523,290018,14,1616,1015,4
2524,290128,16,1622,1017,1
2525,290232,14,1642,1029,6
2526,290338,18,1654,1043,3
2527,290429,12,1673,1052,14
2528,290528,33,1670,1061,0
2529,290607,12,1702,1085,2
2530,290730,16,1710,1089,3
2531,290832,10,1715,1093,3
2532,290932,15,1722,1097,4
2533,291039,12,1724,1094,7
2534,291131,15,1725,1095,0
2535,291230,13,1742,1098,14
2536,291338,19,1738,1104,2
2537,291567,153,1748,1110,6
2538,291656,11,1746,1109,5
2539,291756,13,1761,1114,16
2540,291857,16,1747,1116,3
2541,291954,16,1770,1128,8
2542,292062,19,1761,1125,0
2543,292171,13,1780,1143,0
2544,292268,13,1784,1146,0
2545,292351,15,1792,1147,6
2546,292456,17,1779,1143,0
2547,292548,16,1796,1158,2
2548,292641,12,1808,1160,14
2549,292726,13,1797,1154,10
2550,292824,15,1812,1156,19
2551,292930,33,1821,1181,3
2552,293037,11,1830,1182,11
2553,293144,19,1824,1175,11
2554,293312,48,1808,1169,5
2555,293560,37,1798,1166,0
2556,293644,14,1808,1171,6
2557,293754,12,1807,1169,8
2558,293875,26,1805,1174,2
2559,293982,13,1820,1180,10
2560,294084,18,1809,1176,5
2561,294191,15,1823,1187,6
2562,294296,18,1834,1202,2
2563,294404,13,1839,1203,8
2564,294508,21,1834,1204,2
2565,294607,14,1839,1205,3
2566,294720,23,1839,1206,1
2567,294810,14,1849,1214,3
2568,294890,22,1854,1219,5
2569,294965,13,1855,1219,7
2570,295080,30,1851,1218,3
2571,295172,14,1862,1228,4
2572,295285,24,1865,1232,1
2573,295486,29,1853,1220,2
2574,295588,13,1866,1227,7
2575,295709,30,1861,1225,4
2576,295811,20,1869,1231,7
2577,295919,19,1880,1239,10
2578,296002,15,1887,1242,17
2579,296127,37,1880,1247,6
2580,296222,14,1895,1255,13
2581,296335,34,1887,1260,0
2582,296458,23,1889,1261,3
2583,296558,23,1891,1262,1
2584,296662,24,1892,1261,1
2585,296748,15,1893,1256,3
2586,296843,11,1894,1247,9
2587,296930,16,1890,1241,14
2588,297035,12,1902,1252,15
2589,297160,37,1893,1252,2
2590,297351,37,1886,1237,12
2591,297482,36,1881,1241,4
2592,297593,13,1888,1238,15
2593,297702,27,1880,1248,0
2594,297779,13,1883,1244,13
2595,297890,27,1883,1251,2
2596,297986,13,1892,1256,4
2597,298098,14,1901,1269,1
2598,298217,21,1907,1269,7
2599,298335,29,1925,1292,0
2600,298431,15,1935,1302,0
2601,298535,16,1943,1310,0
2602,298632,13,1951,1316,0
2603,298723,15,1960,1321,0
2604,298825,18,1975,1335,0
2605,298912,16,1977,1337,0
2606,299010,16,1980,1340,0
2607,299117,16,1995,1354,0
2608,299265,80,2005,1364,0
2609,299368,15,2013,1371,0
2610,299474,14,2018,1376,0
2611,299570,15,2024,1380,0
2612,299665,16,2030,1385,0
2613,299770,18,2043,1396,0
2614,299867,15,2055,1405,0
2615,299972,20,2067,1416,2
2616,300101,20,2030,1353,54
