tick,timestamp,query_runtime,trav_index_nodes,trav_vol_nodes,trav_unprod_nodes
0,1069,8,5,5,0
1,1567,3,14,14,0
2,1874,2,23,23,0
3,2154,3,46,46,0
4,2536,11,49,49,0
5,2823,4,72,72,0
6,3123,6,78,78,0
7,3396,30,85,85,0
8,3744,2,102,102,0
9,3956,8,122,122,0
10,4235,2,129,129,0
11,4483,9,133,133,0
12,4796,6,139,139,0
13,5034,2,140,140,0
14,5278,3,142,142,0
15,5500,3,144,144,0
16,5705,3,148,148,0
17,6019,11,166,166,0
18,6246,3,168,168,0
19,6525,6,175,175,0
20,6774,7,180,180,0
21,7152,21,185,185,0
22,7501,8,192,192,0
23,7702,10,203,203,0
24,7924,4,209,209,0
25,8156,6,215,215,0
26,8350,4,233,233,0
27,8573,9,246,246,0
28,8834,7,249,249,0
29,9043,7,266,266,0
30,9276,3,270,270,0
31,9484,8,289,289,0
32,9674,5,296,296,0
33,9950,13,314,314,0
34,10206,4,326,326,0
35,10426,8,333,333,0
36,10589,4,338,338,0
37,10828,8,347,347,0
38,11023,6,366,366,0
39,11252,13,367,367,0
40,11498,5,397,397,0
41,11689,10,402,402,0
42,11870,10,425,425,0
43,12068,10,433,433,0
44,12253,7,442,442,0
45,12413,12,446,446,0
46,12703,39,464,464,0
47,12887,15,467,467,0
48,13039,8,483,483,0
49,13224,9,493,493,0
50,13402,15,503,503,0
51,13599,11,521,521,0
52,13752,10,527,527,0
53,14024,47,548,548,0
54,14219,15,555,555,0
55,14400,10,564,564,0
56,14577,9,568,568,0
57,14744,14,585,585,0
58,14922,15,589,589,0
59,15068,12,594,594,0
60,15344,17,600,600,0
61,15539,14,607,607,0
62,15669,10,611,611,0
63,15874,33,615,615,0
64,16048,28,626,626,0
65,16265,14,630,630,0
66,16454,11,636,636,0
67,16717,30,648,648,0
68,16963,22,667,667,0
69,17203,13,669,669,0
70,17466,19,675,675,0
71,17671,17,681,681,0
72,17876,13,685,685,0
73,18145,21,693,693,0
74,18386,20,697,697,0
75,18555,11,700,700,0
76,18772,17,700,700,0
77,18965,12,702,702,0
78,19111,12,705,705,0
79,19392,27,721,721,0
80,19668,39,729,729,0
81,19829,18,735,735,0
82,20006,16,741,741,0
83,20478,18,746,746,0
84,20737,30,755,755,0
85,21011,21,772,772,0
86,21214,14,786,786,0
87,21438,18,790,790,0
88,21705,28,798,798,0
89,21925,18,799,799,0
90,22323,40,815,815,0
91,22549,13,820,820,0
92,22766,25,820,820,0
93,22935,16,822,822,0
94,23088,8,827,827,0
95,23238,13,830,830,0
96,23462,21,833,833,0
97,23683,23,834,834,0
98,23833,13,838,838,0
99,24018,44,841,841,0
100,24182,16,846,846,0
101,24335,11,854,854,0
102,24477,10,856,856,0
103,24698,28,884,884,0
104,24944,18,893,893,0
105,25109,12,899,899,0
106,25313,14,908,908,0
107,25445,21,918,918,0
108,25576,10,950,950,0
109,25790,15,956,956,0
110,25947,17,962,962,0
111,26096,37,984,984,0
112,26361,56,990,990,0
113,26536,19,1006,1006,0
114,26674,15,1017,1017,0
115,26798,17,1018,1018,0
116,26978,14,1020,1020,0
117,27138,16,1024,1024,0
118,27290,18,1028,1028,0
119,27477,13,1031,1031,0
120,27703,28,1041,1041,0
121,27897,23,1044,1044,0
122,28093,15,1048,1048,0
123,28228,17,1067,1067,0
124,28381,11,1072,1072,0
125,28555,13,1089,1089,0
126,28692,16,1096,1096,0
127,28834,18,1100,1100,0
128,29045,58,1105,1105,0
129,29247,28,1108,1108,0
130,29413,26,1109,1109,0
131,29592,61,1112,1112,0
132,29720,16,1135,1135,0
133,29852,16,1147,1147,0
134,29987,16,1149,1149,0
135,30177,16,1156,1156,0
136,30343,17,1162,1154,0
137,30564,30,1167,1142,4
138,30831,25,1172,1100,31
139,30988,14,1190,1086,54
140,31131,20,1195,1084,56
141,31323,22,1206,1087,60
142,31475,20,1213,1070,74
143,31627,20,1222,1035,112
144,32470,90,1096,933,33
145,32673,28,1105,876,83
146,32865,25,1108,832,115
147,33081,25,1120,805,145
148,33343,25,1143,798,153
149,33518,27,1148,796,157
150,33807,45,1164,784,169
151,34031,28,1166,768,189
152,34206,23,1189,783,182
153,34478,28,1194,746,213
154,34663,26,1196,730,231
155,34844,27,1204,736,236
156,35121,33,1211,696,265
157,35309,21,1216,671,284
158,35549,23,1215,653,300
159,35723,28,1235,647,325
160,35885,22,1247,651,330
161,36040,21,1250,648,332
162,36199,33,1264,650,342
163,36580,42,1277,640,363
164,36795,27,1281,604,395
165,36941,22,1289,594,421
166,37093,22,1306,609,418
167,37249,21,1316,606,432
168,37515,20,1319,606,440
169,37713,42,1335,617,437
170,37964,40,1341,595,459
171,38154,17,1336,588,460
172,38293,27,1338,580,464
173,38513,22,1338,564,475
174,38667,28,1341,564,479
175,38835,23,1351,570,482
176,38985,26,1354,559,497
177,39189,49,1365,545,517
178,39474,41,1364,514,544
179,39642,18,1375,517,554
180,39805,22,1389,523,561
181,39962,22,1394,522,564
182,40209,43,1418,539,569
183,40575,49,855,533,21
184,40778,22,865,534,25
185,40984,18,869,525,42
186,41111,18,875,521,48
187,41323,11,884,519,58
188,41466,15,899,526,61
189,41623,21,920,536,74
190,41762,16,925,532,79
191,41913,17,934,536,84
192,42230,34,947,536,90
193,42454,20,954,529,108
194,42601,13,961,522,125
195,42731,16,966,519,130
196,42848,12,970,517,134
197,42988,16,971,510,148
198,43212,20,991,519,157
199,43331,15,1004,526,159
200,43530,27,1007,516,172
201,43732,21,1012,508,188
202,43933,14,1022,518,184
203,44137,15,1026,519,185
204,44288,14,1035,520,192
205,44403,20,1039,519,199
206,44522,16,1046,516,209
207,44652,13,1054,518,212
208,44832,68,1062,514,222
209,45035,34,1066,504,237
210,45257,28,1077,509,242
211,45407,21,1085,517,244
212,45538,16,1083,516,249
213,45768,110,1083,515,258
214,45913,20,1086,507,269
215,46062,15,1091,508,272
216,46222,33,1100,513,271
217,46460,29,1097,509,276
218,46723,92,1110,520,278
219,46918,18,1118,528,278
220,47061,18,1123,530,281
221,47176,11,1137,539,287
222,47312,15,1150,551,286
223,47442,16,1148,551,283
224,47642,17,1150,550,286
225,47771,20,1167,566,290
226,47946,27,1185,586,287
227,48455,146,901,584,6
228,48700,16,910,589,10
229,48834,11,917,595,10
230,48955,14,940,612,14
231,49081,14,946,614,17
232,49226,15,969,629,17
233,49455,99,979,631,20
234,49627,30,985,632,27
235,49853,29,992,635,28
236,50003,17,1008,643,32
237,50149,19,1021,650,38
238,50299,20,1037,665,36
239,50488,16,1040,667,35
240,50624,19,1040,666,38
241,50753,19,1041,667,39
242,50923,36,1046,668,42
243,51126,29,1050,667,44
244,52274,24,1058,637,77
245,52425,14,1083,654,77
246,52604,29,1098,661,76
247,52734,16,1101,661,79
248,52871,14,1112,662,89
249,52989,21,1119,665,91
250,53121,25,1125,669,93
251,53291,17,1134,672,97
252,53586,120,1143,674,101
253,53824,35,1150,669,108
254,54021,21,1160,666,122
255,54158,23,1171,667,126
256,54304,20,1175,663,137
257,54447,21,1187,661,148
258,54579,20,1187,659,148
259,54782,23,1202,671,150
260,55052,48,1207,662,167
261,55419,33,1209,656,177
262,55632,32,1238,681,179
263,55777,24,1240,684,182
264,55922,24,1242,684,183
265,56047,31,1244,679,189
266,56346,113,1061,677,10
267,56478,19,1085,695,11
268,56807,30,1096,701,14
269,57014,29,1105,698,18
270,57187,17,1124,704,20
271,57316,20,1154,721,29
272,57430,18,1159,723,28
273,57564,15,1169,733,28
274,57704,34,1174,736,33
275,57834,19,1182,741,33
276,58014,85,1187,741,34
277,58130,21,1202,749,37
278,58348,37,1208,751,38
279,58558,36,1211,751,40
280,58702,24,1235,774,40
281,58830,20,1236,772,43
282,58924,10,1240,774,43
283,59034,9,1244,778,43
284,59134,11,1256,784,46
285,59313,13,1267,792,47
286,59428,25,1270,795,47
287,59569,24,1273,795,48
288,59658,10,1274,794,50
289,59855,37,1296,812,54
290,60033,23,1299,811,60
291,60172,11,1302,776,114
292,60362,10,1311,740,170
293,60502,17,1316,730,190
294,60634,21,1328,729,204
295,60750,13,1334,733,204
296,60842,12,1339,725,222
297,60953,22,1348,731,225
298,61087,12,1360,722,261
299,61228,24,1381,722,283
300,61538,33,1394,712,319
301,61714,29,1414,724,329
302,61801,11,1421,730,328
303,61882,14,1436,744,328
304,61959,10,1440,748,328
305,62049,12,1444,752,328
306,62158,21,1457,765,328
307,62244,11,1459,764,331
308,62396,11,1475,753,354
309,62482,11,1479,757,353
310,62590,13,1490,763,364
311,62666,11,1492,756,372
312,62809,39,1511,764,379
313,62980,24,1514,750,393
314,63096,27,1532,765,397
315,63278,77,1540,762,405
316,63371,12,1546,755,415
317,63452,14,1547,743,430
318,63527,12,1556,743,441
319,63605,13,1566,749,448
320,63683,14,1569,748,451
321,63768,13,1574,753,450
322,63871,14,1580,759,450
323,63957,12,1584,748,472
324,64593,117,1083,725,7
325,64709,9,1085,717,20
326,64794,10,1095,723,21
327,64886,9,1100,724,23
328,64967,10,1109,718,35
329,65048,10,1123,730,37
330,65197,8,1132,727,48
331,65281,9,1144,729,59
332,65362,8,1151,723,70
333,65431,9,1160,730,71
334,65557,10,1165,731,75
335,65644,12,1173,730,79
336,65775,20,1190,734,84
337,65923,16,1192,732,93
338,66154,97,1199,731,99
339,66285,17,1215,741,112
340,66435,20,1220,745,112
341,66562,15,1224,748,115
342,66642,9,1250,768,118
343,66719,9,1254,769,119
344,66840,19,1260,768,124
345,66951,9,1292,795,125
346,67021,11,1300,799,135
347,67155,10,1308,804,138
348,67250,22,1312,805,142
349,67418,30,1315,807,143
350,67580,46,1319,793,166
351,67779,38,1324,777,180
352,67911,19,1339,784,188
353,68047,24,1339,789,182
354,68173,21,1341,775,197
355,68520,25,1346,760,207
356,68663,24,1367,778,212
357,68760,13,1371,776,218
358,68925,24,1392,785,229
359,69079,24,1398,789,232
360,69223,14,1406,780,250
361,69299,13,1409,780,248
362,69394,11,1412,785,247
363,69552,11,1419,788,252
364,69628,12,1431,798,257
365,69699,11,1433,798,255
366,69809,14,1439,801,260
367,69888,15,1438,779,280
368,70017,21,1447,777,286
369,70096,10,1450,768,300
370,70173,11,1459,775,300
371,70414,32,1463,781,298
372,70572,19,1469,780,305
373,70722,25,1487,797,308
374,70858,21,1485,808,295
375,71013,32,1488,805,301
376,71157,30,1496,801,316
377,71298,28,1498,799,323
378,71550,144,1526,820,332
379,71698,23,1534,818,346
380,71911,38,1535,802,368
381,72141,48,1538,792,374
382,72452,36,1175,787,12
383,72582,24,1180,788,15
384,72725,23,1202,803,17
385,73061,17,1229,804,36
386,73164,16,1232,803,38
387,73302,26,1243,795,58
388,73495,25,1259,798,70
389,73689,34,1272,808,72
390,73809,16,1294,823,72
391,73871,10,1302,831,72
392,73944,9,1315,843,72
393,74097,86,1326,854,72
394,74173,11,1338,855,79
395,74260,11,1346,849,82
396,74328,10,1359,858,85
397,74393,10,1360,858,86
398,74462,10,1362,856,86
399,74538,10,1374,859,93
400,74609,9,1377,862,93
401,74682,10,1386,868,99
402,74950,29,1391,850,114
403,75139,32,1402,849,128
404,75313,33,1404,845,129
405,75477,23,1421,859,130
406,75599,20,1426,851,143
407,75784,19,1436,858,140
408,75896,10,1433,841,156
409,77172,1207,1448,802,206
410,77358,29,1453,787,233
411,77526,31,1460,783,244
412,77646,21,1470,782,246
413,77760,15,1482,790,251
414,77893,17,1487,786,252
415,78009,21,1502,799,252
416,78153,25,1504,802,251
417,78272,22,1504,802,251
418,78385,15,1516,809,253
419,78531,26,1530,821,253
420,78768,41,1533,819,254
421,79214,256,1542,805,266
422,79394,26,1546,797,278
423,79546,27,1554,805,275
424,79683,26,1551,801,277
425,79839,28,1558,800,282
426,79983,25,1562,800,286
427,80447,71,1563,776,310
428,80703,56,1310,789,47
429,80905,20,1314,787,53
430,81044,23,1322,793,55
431,81186,25,1326,783,68
432,81525,15,1335,791,64
433,81677,23,1351,806,64
434,81803,21,1360,815,64
435,82007,34,1371,823,64
436,82214,31,1389,837,65
437,82369,21,1391,833,65
438,82489,21,1401,842,67
439,82616,27,1420,856,67
440,82779,31,1427,855,80
441,83000,40,1435,848,87
442,83201,35,1440,843,99
443,83450,44,1454,843,109
444,83911,266,1464,851,110
445,84137,36,1474,839,128
446,84276,14,1480,839,129
447,84406,29,1484,838,136
448,84534,17,1486,840,136
449,84661,20,1488,839,138
450,84790,21,1490,835,140
451,84919,29,1493,838,140
452,85048,18,1495,839,140
453,85264,43,1497,842,140
454,85459,36,1502,838,140
455,85614,21,1516,848,142
456,85728,23,1521,851,146
457,86067,21,1523,843,160
458,86179,22,1531,849,162
459,86282,15,1544,853,168
460,86405,19,1547,855,172
461,86550,19,1546,852,170
462,86752,35,1551,855,168
463,86945,47,1559,861,172
464,87075,22,1565,868,172
465,87210,25,1577,876,176
466,87323,21,1584,879,178
467,87440,25,1587,879,179
468,87562,27,1590,876,181
469,87927,266,1602,867,191
470,88101,45,1604,867,195
471,88369,56,1422,874,9
472,88504,21,1429,879,13
473,88600,19,1440,890,13
474,88709,11,1443,891,13
475,88785,11,1447,892,14
476,88841,11,1449,892,15
477,88946,24,1452,891,20
478,89056,28,1466,899,20
479,89185,21,1476,899,28
480,89321,21,1491,911,28
481,89729,40,1499,905,49
482,89920,32,1502,892,60
483,90122,39,1512,874,88
484,90288,26,1527,858,123
485,90433,21,1537,862,126
486,90566,25,1540,852,147
487,90714,24,1541,838,166
488,90875,20,1550,795,241
489,91032,26,1557,771,284
490,91158,20,1561,754,312
491,91389,55,1584,774,315
492,91865,302,1591,770,327
493,92008,21,1614,720,427
494,92135,23,1619,710,439
495,92278,21,1624,691,473
496,92404,23,1634,691,487
497,92541,27,1641,686,500
498,92676,28,1648,684,510
499,92840,27,1658,684,520
500,93078,33,1667,674,544
501,93335,46,1676,643,593
502,93522,26,1690,624,628
503,93659,22,1697,618,640
504,94086,23,1695,567,708
505,94237,27,1698,560,723
506,94394,28,1701,566,717
507,94628,49,1703,568,717
508,94830,25,1725,560,754
509,94961,28,1730,552,775
510,95101,30,1732,547,786
511,95251,23,1742,554,791
512,95412,31,1744,540,812
513,95553,26,1752,546,817
514,95710,29,1756,534,841
515,95885,46,1772,532,864
516,96816,41,1778,475,945
517,97082,22,920,453,123
518,97190,16,942,466,132
519,97330,14,957,473,130
520,97501,20,964,476,129
521,97688,16,967,474,136
522,97817,11,975,478,139
523,97955,15,985,484,145
524,98082,19,990,485,146
525,98204,16,993,491,142
526,98559,18,994,490,142
527,98694,31,1015,504,148
528,98881,30,1026,508,159
529,99063,17,1035,509,162
530,99198,18,1048,519,165
531,99325,18,1057,516,180
532,99445,13,1061,516,181
533,99574,16,1076,514,193
534,99707,23,1077,501,217
535,99845,12,1082,501,227
536,99976,16,1102,517,233
537,100170,26,1106,494,263
538,100365,31,1132,519,261
539,100734,16,1143,521,280
540,100862,15,1149,523,281
541,100989,16,1172,534,287
542,101105,14,1172,531,292
543,101226,17,1172,527,298
544,101370,22,1189,533,301
545,101511,24,1198,540,299
546,101663,28,1202,540,298
547,101853,36,1224,553,305
548,102052,34,1250,575,308
549,102271,39,1252,577,305
550,102405,14,1254,575,308
551,102522,20,1254,571,310
552,102800,21,1256,568,317
553,102934,20,1261,571,319
554,103069,21,1262,572,319
555,103199,21,1265,574,321
556,103373,30,1267,574,321
557,103538,26,1272,576,321
558,103715,16,1280,579,326
559,103846,22,1295,584,328
560,103955,19,1305,582,343
561,104124,30,1314,588,350
562,104310,23,986,581,29
563,104435,18,991,579,40
564,104640,12,997,572,52
565,104818,18,1022,583,63
566,105051,32,1035,586,87
567,105245,13,1041,587,92
568,105368,17,1062,606,91
569,105479,16,1070,611,91
570,105598,18,1083,610,111
571,105713,15,1100,625,115
572,105868,20,1102,621,124
573,105987,19,1107,624,124
574,106102,16,1120,634,124
575,106235,24,1124,638,124
576,106453,27,1126,641,123
577,106766,19,1135,650,120
578,106907,16,1140,655,120
579,107023,15,1141,659,115
580,107180,24,1143,661,115
581,107277,11,1148,657,128
582,107378,11,1160,666,130
583,107465,12,1168,669,123
584,107586,21,1186,684,124
585,107716,18,1188,675,127
586,107841,17,1195,678,128
587,108069,34,1207,679,139
588,108279,31,1214,682,141
589,108463,15,1218,684,150
590,108770,24,1237,696,163
591,108905,18,1247,693,173
592,109038,21,1251,697,170
593,109161,20,1256,701,169
594,109289,23,1267,708,173
595,109424,21,1269,702,184
596,109653,30,1293,703,201
597,109856,32,1298,704,203
598,110005,19,1301,707,204
599,110139,20,1306,710,207
600,110260,21,1318,722,205
601,110380,17,1325,729,203
602,110672,196,1326,730,200
603,110796,18,1339,741,207
604,110957,30,1346,743,213
605,111136,25,1348,739,216
606,111282,16,1360,742,221
607,111350,10,1367,749,220
608,111420,10,1362,750,210
609,111481,10,1362,752,206
610,111542,10,1367,756,209
611,111627,11,1373,760,209
612,111747,26,1373,764,203
613,111889,22,1398,784,203
614,112018,22,1401,783,204
615,112577,143,1203,772,13
616,112806,44,1204,765,24
617,112938,10,1213,764,28
618,113022,11,1220,769,28
619,113116,10,1226,770,28
620,113197,9,1235,777,28
621,113283,14,1251,790,30
622,113365,12,1272,806,33
623,113439,12,1274,803,37
624,113538,12,1281,809,37
625,113611,10,1283,808,37
626,113678,12,1285,810,37
627,113900,11,1288,813,37
628,114046,19,1295,819,40
629,114196,21,1302,825,38
630,114384,30,1313,824,43
631,114483,11,1336,837,44
632,114563,12,1338,838,44
633,114679,12,1340,837,44
634,114764,14,1349,842,51
635,114849,13,1350,836,69
636,114924,14,1354,839,70
637,115020,13,1352,837,68
638,115095,12,1359,840,71
639,115171,12,1377,852,71
640,115470,28,1383,844,81
641,115641,28,1391,849,90
642,115788,21,1408,863,90
643,115908,11,1408,863,90
644,115981,11,1432,886,90
645,116049,11,1436,888,92
646,116116,10,1438,890,92
647,116184,10,1439,891,91
648,116272,11,1449,900,91
649,116356,12,1459,908,94
650,116429,11,1460,905,101
651,116498,11,1474,916,103
652,116718,12,1479,919,103
653,116789,11,1509,949,98
654,116854,11,1514,953,98
655,116984,24,1517,955,100
656,117105,21,1528,953,103
657,117254,34,1534,958,103
658,117370,12,1540,959,108
659,117440,11,1543,961,108
660,117514,12,1547,959,110
661,117580,12,1564,974,111
662,117646,12,1584,989,113
663,117743,14,1592,997,113
664,118023,30,1591,993,114
665,118146,13,1603,1001,109
666,118219,14,1609,1008,104
667,118296,12,1613,1007,113
668,118409,31,1620,1014,113
669,118554,32,1624,1013,120
670,118715,30,1630,1017,122
671,118865,22,1638,1025,121
672,118989,26,1643,1023,125
673,119133,27,1644,1022,132
674,119259,29,1658,1026,138
675,119375,28,1668,1034,140
676,119680,13,1666,1035,137
677,119756,12,1669,1037,134
678,119902,37,1672,1032,135
679,120082,49,1675,1014,166
680,120463,79,1520,954,80
681,120623,27,1532,947,105
682,120780,15,1544,908,162
683,120873,15,1558,907,185
684,120949,12,1582,927,185
685,121031,15,1596,939,187
686,122834,1728,1605,880,273
687,122978,22,1617,809,376
688,123131,32,1623,792,401
689,123235,14,1631,775,426
690,123311,13,1641,775,437
691,123390,15,1646,780,435
692,123476,15,1657,786,442
693,123572,12,1666,781,459
694,123649,14,1676,777,472
695,123726,12,1687,781,480
696,123813,15,1694,787,477
697,123915,14,1694,789,475
698,123994,14,1696,790,475
699,124136,30,1718,807,478
700,124329,41,1719,792,500
701,124642,28,1736,770,530
702,124808,32,1739,747,568
703,124882,14,1750,752,584
704,124966,15,1753,755,583
705,125053,15,1755,753,590
706,125144,16,1759,756,591
707,125213,13,1766,761,595
708,125293,16,1777,771,595
709,125365,17,1783,777,595
710,125466,14,1786,770,606
711,125570,16,1791,767,617
712,125656,16,1808,781,617
713,125730,15,1811,780,623
714,125837,31,1823,794,617
715,126130,32,1841,799,633
716,126355,51,1847,802,635
717,126557,45,1859,816,632
718,126713,33,1856,816,629
719,126857,26,1862,822,628
720,127003,31,1870,820,641
721,127161,32,1875,817,643
722,127317,32,1876,812,644
723,127448,30,1889,814,658
724,127598,42,1908,816,672
725,127776,32,1912,804,694
726,127947,40,1926,810,709
727,128040,23,1927,804,715
728,128555,51,1207,796,16
729,128648,10,1224,809,22
730,128768,14,1243,822,27
731,128846,12,1264,835,31
732,128918,12,1296,865,31
733,129016,27,1313,869,52
734,129168,31,1319,859,59
735,129322,29,1328,841,84
736,129405,10,1345,854,87
737,129501,12,1361,851,107
738,129606,12,1366,848,110
739,129688,13,1378,852,116
740,129768,12,1396,864,116
741,129848,16,1410,863,134
742,130123,14,1410,846,151
743,130234,21,1417,846,160
744,130344,25,1427,835,180
745,130502,29,1435,829,189
746,130652,26,1441,835,189
747,130799,13,1442,817,211
748,130898,14,1458,825,215
749,130967,11,1467,815,230
750,131033,11,1471,816,229
751,131091,11,1490,832,228
752,131162,11,1498,833,238
753,131233,12,1508,837,244
754,131322,14,1515,834,257
755,131400,14,1525,822,278
756,131494,16,1531,818,290
757,131726,12,1544,812,309
758,131835,31,1555,819,309
759,131965,28,1562,824,306
760,132091,24,1569,829,310
761,132201,24,1585,839,315
762,132276,15,1593,847,314
763,132350,13,1598,850,317
764,132426,13,1605,857,313
765,132499,12,1609,857,315
766,132582,15,1620,866,318
767,132724,14,1635,881,318
768,132856,17,1648,892,318
769,132972,17,1660,889,328
770,133046,11,1662,885,331
771,133113,12,1667,882,334
772,133384,26,1681,880,345
773,133507,28,1684,880,347
774,133644,30,1690,878,347
775,133743,13,1699,887,346
776,133812,13,1704,884,350
777,133891,14,1715,890,352
778,133969,13,1719,892,352
779,134060,15,1722,895,352
780,134152,14,1725,898,352
781,134228,16,1731,901,354
782,134298,13,1740,905,360
783,134379,12,1746,904,365
784,134443,13,1767,921,369
785,134511,13,1771,915,379
786,134781,36,1774,911,386
787,134934,29,1782,910,399
788,135065,28,1784,906,404
789,135187,18,1791,906,406
790,135262,14,1798,908,408
791,135349,13,1801,911,403
792,135429,13,1805,911,405
793,135494,13,1820,925,405
794,135580,16,1824,922,407
795,135658,21,1848,939,415
796,135762,19,1846,936,420
797,135849,18,1856,943,418
798,135937,19,1858,942,419
799,136013,21,1882,960,423
800,136715,191,1468,951,8
801,136839,26,1476,955,11
802,136917,12,1486,959,15
803,136980,10,1500,962,18
804,137047,11,1517,972,25
805,137114,11,1524,971,33
806,137190,10,1534,971,40
807,137268,13,1540,972,41
808,137337,13,1549,974,45
809,137404,12,1549,968,51
810,137472,11,1551,965,56
811,137553,11,1557,971,54
812,137623,11,1563,966,64
813,137820,150,1580,972,75
814,137908,28,1583,966,83
815,138025,24,1585,966,88
816,138159,28,1594,971,91
817,138292,26,1608,972,103
818,138420,28,1611,971,105
819,138510,12,1617,972,118
820,138579,12,1647,1000,117
821,138652,12,1656,1008,117
822,138723,12,1664,1013,117
823,138786,14,1675,1020,120
824,138853,12,1692,1036,119
825,138917,12,1697,1039,119
826,138973,12,1704,1038,129
827,139046,12,1707,1041,129
828,139253,12,1725,1047,140
829,139340,31,1727,1043,140
830,139468,28,1734,1042,148
831,139595,28,1743,1042,155
832,139725,25,1755,1047,159
833,139812,14,1755,1045,164
834,139881,13,1761,1048,162
835,140001,27,1762,1041,174
836,140065,12,1770,1047,177
837,140132,13,1777,1048,176
838,140199,18,1779,1048,179
839,140262,12,1789,1052,180
840,140333,13,1809,1068,184
841,140389,12,1814,1064,193
842,140631,15,1820,1067,193
843,140707,14,1825,1068,193
844,140828,32,1828,1057,207
845,140972,33,1832,1058,212
846,141171,42,1835,1059,215
847,141336,42,1837,1051,229
848,141427,20,1853,1058,237
849,141515,17,1866,1059,247
850,141574,13,1878,1068,246
851,141641,14,1888,1072,252
852,141729,25,1891,1072,254
853,141816,20,1902,1072,266
854,141912,19,1914,1077,266
855,141989,14,1919,1072,266
856,142194,14,1921,1068,274
857,142263,14,1938,1083,273
858,142336,15,1943,1087,271
859,142467,33,1948,1086,276
860,142590,38,1963,1101,276
861,142753,37,1961,1088,285
862,142837,15,1987,1115,281
863,142922,14,1994,1122,280
864,142994,14,1997,1120,280
865,143065,14,2015,1132,283
866,143133,14,2014,1129,285
867,143210,15,2022,1136,286
868,143279,15,2026,1134,290
869,143503,147,2040,1147,291
870,143579,15,2043,1138,303
871,143652,15,2047,1137,307
872,143710,15,2047,1137,307
873,143774,15,2049,1134,306
874,143906,30,2054,1138,305
875,144045,43,2056,1138,307
876,144456,170,1752,1115,26
877,144592,26,1757,1111,36
878,144716,29,1764,1113,43
879,144870,26,1772,1109,53
880,145003,24,1782,1116,53
881,145130,23,1783,1110,65
882,145578,37,1788,1111,65
883,145710,30,1797,1117,67
884,145820,14,1811,1122,72
885,145894,13,1813,1120,76
886,145965,14,1816,1117,81
887,146035,13,1817,1114,85
888,146095,13,1822,1116,88
889,146172,16,1823,1106,101
890,146246,15,1826,1106,108
891,146316,16,1834,1105,118
892,146436,22,1850,1115,119
893,146553,23,1852,1109,126
894,146681,29,1853,1110,126
895,146765,14,1855,1110,129
896,147045,39,1873,1120,140
897,147184,33,1894,1140,134
898,147318,32,1893,1141,133
899,147453,24,1907,1148,141
900,147524,17,1919,1150,144
901,147600,18,1924,1151,144
902,147681,21,1928,1146,148
903,147775,17,1941,1154,154
904,147855,18,1957,1166,153
905,147958,15,1958,1164,160
906,148046,16,1963,1167,162
907,148151,27,1970,1168,165
908,148246,17,1992,1183,164
909,148317,15,1994,1186,163
910,148584,33,2010,1198,169
911,148717,34,2022,1206,168
912,148861,39,2027,1211,168
913,148975,19,2031,1213,173
914,149054,20,2037,1217,176
915,149138,16,2041,1215,178
916,149202,14,2048,1215,178
917,149279,15,2051,1217,175
918,149355,15,2059,1226,174
919,149422,17,2077,1239,174
920,149522,25,2083,1245,174
921,149663,33,2088,1247,175
922,149740,17,2099,1250,180
923,150025,46,2100,1232,191
924,150200,49,2104,1206,223
925,150382,37,2116,1187,268
926,150513,21,2127,1170,300
927,150602,15,2133,1159,315
928,150681,16,2138,1154,323
929,150760,15,2139,1146,335
930,150846,15,2147,1122,378
931,150921,16,2146,1107,397
932,151000,18,2152,1101,409
933,151072,16,2162,1078,441
934,151145,15,2165,1066,464
935,151219,16,2169,1070,461
936,151453,17,2171,1074,459
937,151585,36,2177,1079,459
938,151765,45,2182,1083,459
939,151909,39,2190,1091,459
940,151998,17,2196,1096,458
941,152128,34,2197,1100,453
942,152262,19,1761,1117,0
943,152341,14,1775,1131,0
944,152423,15,1777,1133,0
945,152501,13,1784,1138,0
946,152585,14,1791,1144,0
947,152663,14,1809,1158,0
948,152880,14,1812,1149,8
949,152953,13,1817,1120,39
950,153081,27,1829,1130,40
951,153218,31,1834,1113,65
952,153334,15,1835,1071,124
953,153415,14,1843,1074,126
954,153510,14,1859,1058,174
955,153582,16,1886,1075,182
956,153653,14,1898,1069,200
957,153719,14,1912,1067,216
958,153789,16,1931,1060,247
959,153872,15,1938,1050,258
960,153943,15,1944,1042,273
961,154018,15,1947,1024,302
962,154218,15,1956,1030,304
963,154305,16,1967,1030,314
964,154458,51,1971,1033,314
965,154660,51,1985,1030,331
966,154860,50,1993,1030,340
967,154998,31,2000,988,389
968,155126,28,2004,972,417
969,155250,30,2024,969,426
970,155371,29,2036,960,447
971,155489,26,2043,953,458
972,155637,33,2046,940,484
973,155843,36,2058,909,537
974,156089,69,2082,923,548
975,156511,38,2083,896,584
976,156610,17,2100,894,605
977,156686,18,2101,886,614
978,156764,15,2124,909,614
979,156838,15,2124,896,630
980,156908,16,2134,904,629
981,156979,16,2138,906,632
982,157056,17,2141,907,636
983,157146,17,2152,902,655
984,157237,21,2158,891,678
985,157352,25,2163,891,678
986,157446,17,2171,897,684
987,157536,18,2171,889,688
988,157816,179,2174,884,701
989,158009,50,2181,873,722
990,158179,42,2187,869,736
991,158283,19,2203,884,735
992,158363,19,2216,899,731
993,158430,17,2221,909,725
994,158508,17,2223,911,725
995,158586,25,2245,931,729
996,158709,41,2253,928,742
997,158870,44,2257,916,761
998,158999,38,2268,915,776
999,159145,34,2271,913,780
1000,159297,55,2279,916,779
1001,159840,68,2289,892,826
1002,160067,67,2291,890,832
1003,160780,134,1486,868,60
1004,160862,12,1496,861,80
1005,160945,13,1505,856,94
1006,161024,15,1516,840,120
1007,161154,30,1525,835,137
1008,161308,31,1530,829,151
1009,161461,26,1533,805,179
1010,161536,12,1535,809,176
1011,161613,12,1552,824,178
1012,161844,15,1555,824,180
1013,161938,17,1566,832,183
1014,162008,14,1571,837,183
1015,162080,15,1590,852,185
1016,162157,14,1591,844,196
1017,162249,25,1593,847,192
1018,162329,13,1604,851,203
1019,162404,13,1614,861,202
1020,162481,12,1625,860,207
1021,162609,25,1634,850,230
1022,162776,40,1643,851,242
1023,162938,39,1656,854,257
1024,163055,16,1662,847,272
1025,163124,15,1673,829,300
1026,165104,1914,1677,815,331
1027,165255,30,1681,758,415
1028,165361,12,1684,755,418
1029,165482,27,1688,749,433
1030,165642,29,1708,762,445
1031,165779,22,1710,759,448
1032,165920,33,1715,762,451
1033,166105,32,1721,767,453
1034,166237,27,1724,770,450
1035,166407,35,1726,773,447
1036,166630,56,1754,801,447
1037,166821,37,1768,794,452
1038,166908,13,1773,786,466
1039,166988,14,1777,787,465
1040,167056,13,1777,774,480
1041,167218,105,1779,774,481
1042,167289,14,1783,754,511
1043,167360,12,1780,751,512
1044,167430,13,1787,757,511
1045,167501,13,1789,759,512
1046,167571,13,1802,763,519
1047,167645,13,1806,761,527
1048,167725,12,1805,765,522
1049,167794,14,1818,778,519
1050,167925,28,1821,780,524
1051,168088,66,1826,771,539
1052,168794,44,1298,739,66
1053,168963,10,1307,731,77
1054,169028,10,1324,740,86
1055,169082,10,1344,760,86
1056,169134,10,1344,760,86
1057,169192,9,1351,763,86
1058,169256,10,1359,767,90
1059,169317,13,1362,767,95
1060,169392,26,1361,768,91
1061,169510,22,1375,774,95
1062,169632,21,1380,773,98
1063,169737,16,1382,771,101
1064,169805,11,1394,774,105
1065,169871,10,1399,774,115
1066,169937,10,1403,775,117
1067,170001,9,1413,783,117
1068,170061,10,1434,802,117
1069,170130,11,1452,807,123
1070,170328,11,1456,806,126
1071,170401,10,1455,805,125
1072,170463,11,1458,802,135
1073,170521,12,1481,822,135
1074,170588,11,1490,832,134
1075,170665,10,1488,833,130
1076,170749,23,1498,839,139
1077,170865,21,1508,842,148
1078,171001,22,1514,842,158
1079,171117,26,1520,845,159
1080,171220,16,1527,850,160
1081,171279,11,1532,850,163
1082,171361,13,1561,876,166
1083,171454,17,1562,870,176
1084,171544,16,1569,873,180
1085,171629,15,1586,886,183
1086,171960,20,1603,883,196
1087,172062,18,1608,885,204
1088,172136,13,1610,887,204
1089,172221,20,1614,885,210
1090,172356,33,1614,880,214
1091,172512,28,1618,881,221
1092,172675,30,1618,883,220
1093,172754,14,1621,883,221
1094,172837,17,1628,884,225
1095,172906,13,1634,887,222
1096,172974,13,1642,893,224
1097,173047,12,1650,898,228
1098,173123,13,1653,897,233
1099,173194,13,1659,893,241
1100,173268,12,1691,920,247
1101,173506,15,1711,935,246
1102,173583,12,1713,936,246
1103,173640,14,1715,934,249
1104,173734,32,1718,933,257
1105,173875,32,1727,933,255
1106,174044,32,1729,933,255
1107,174204,39,1735,936,254
1108,174284,12,1743,946,251
1109,174360,13,1741,947,247
1110,174430,14,1745,950,247
1111,174492,13,1762,971,240
1112,174561,13,1778,987,237
1113,174643,15,1790,992,237
1114,174723,16,1793,996,234
1115,174797,14,1801,1002,235
1116,175040,16,1808,1008,235
1117,175118,14,1834,1037,232
1118,175184,13,1838,1036,235
1119,175327,38,1852,1049,229
1120,175469,37,1867,1061,227
1121,175615,35,1884,1070,234
1122,175740,26,1888,1071,238
1123,175834,15,1889,1071,241
1124,175912,18,1884,1070,240
1125,175997,19,1886,1061,250
1126,176237,20,1627,1047,13
1127,176308,14,1632,1046,22
1128,176377,14,1645,1054,28
1129,176443,14,1665,1071,29
1130,176771,19,1666,1060,40
1131,176911,29,1680,1074,40
1132,177044,26,1687,1076,40
1133,177196,39,1692,1073,45
1134,177305,16,1697,1074,50
1135,177377,15,1715,1088,50
1136,177458,18,1737,1108,52
1137,177544,17,1738,1110,49
1138,177614,12,1739,1107,56
1139,177691,16,1756,1119,64
1140,177773,18,1764,1114,68
1141,177847,18,1765,1116,67
1142,177926,15,1779,1127,68
1143,178009,15,1790,1136,70
1144,178101,17,1800,1145,72
1145,178375,200,1815,1146,84
1146,178513,37,1833,1162,86
1147,178693,46,1839,1163,94
1148,178849,44,1847,1165,100
1149,178934,15,1849,1165,103
1150,179009,15,1865,1180,107
1151,179088,15,1870,1184,107
1152,179189,19,1875,1179,115
1153,179267,15,1884,1180,125
1154,179351,18,1897,1191,118
1155,179423,14,1908,1198,118
1156,179501,16,1910,1197,121
1157,179571,17,1923,1210,121
1158,179647,18,1921,1210,118
1159,179728,15,1934,1218,119
1160,180021,36,1949,1230,119
1161,180180,30,1958,1202,160
1162,180375,45,1960,1195,172
1163,180541,38,1965,1165,211
1164,180626,14,1967,1145,239
1165,180709,14,1974,1122,261
1166,180804,18,1986,1121,272
1167,180897,16,1983,1108,286
1168,180990,14,1990,1073,330
1169,181098,30,2007,1079,344
1170,181192,15,2013,1054,387
1171,181288,22,2032,1049,409
1172,181387,21,2035,1052,406
1173,181469,17,2036,1041,421
1174,181755,32,2041,986,483
1175,181901,37,2054,976,513
1176,182061,36,2065,939,574
1177,182146,16,2073,928,596
1178,182234,18,2089,934,605
1179,182321,17,2087,913,638
1180,182426,19,2091,907,652
1181,182524,20,2096,890,683
1182,182616,17,2102,865,714
1183,182725,31,2106,859,727
1184,182805,16,2108,862,726
1185,182915,28,2119,867,730
1186,183020,16,2115,866,728
1187,183351,225,2117,861,735
1188,183531,42,2126,848,767
1189,183691,39,2128,843,766
1190,183773,17,2134,841,769
1191,183856,16,2146,843,779
1192,183948,18,2162,846,796
1193,184019,16,2167,844,804
1194,184290,55,1372,847,15
1195,184358,10,1385,858,15
1196,184428,11,1397,857,27
1197,184551,15,1410,868,28
1198,184664,11,1432,878,35
1199,184761,21,1460,901,38
1200,185101,34,1476,896,68
1201,185233,24,1485,899,83
1202,185355,13,1503,898,104
1203,185423,12,1508,898,105
1204,185500,12,1515,902,105
1205,185565,11,1531,898,121
1206,185634,12,1545,902,132
1207,185704,12,1548,905,132
1208,185780,13,1562,914,133
1209,185860,14,1568,917,133
1210,185958,15,1576,923,135
1211,186036,13,1592,929,142
1212,186120,13,1599,934,142
1213,186192,12,1617,950,140
1214,186259,13,1631,962,140
1215,186339,12,1634,965,140
1216,186607,27,1643,971,143
1217,186765,33,1660,959,176
1218,186907,29,1666,933,213
1219,187029,15,1680,935,228
1220,187096,13,1682,929,241
1221,187178,12,1685,919,256
1222,187242,13,1698,930,254
1223,187308,15,1709,932,264
1224,187376,13,1712,927,276
1225,187448,12,1717,926,281
1226,187549,26,1729,915,301
1227,187700,45,1731,914,309
1228,187795,12,1746,930,307
1229,187865,13,1755,937,311
1230,187945,14,1759,940,313
1231,188205,28,1761,930,327
1232,188339,24,1764,931,325
1233,188459,25,1778,915,363
1234,188589,14,1785,917,369
1235,188654,13,1787,913,379
1236,188726,13,1789,915,379
1237,188791,14,1794,917,380
1238,188867,14,1798,919,385
1239,188931,13,1799,920,385
1240,188996,14,1808,927,386
1241,189063,13,1819,936,392
1242,189134,16,1821,937,393
1243,189209,14,1834,946,395
1244,189279,14,1847,955,396
1245,189506,161,1857,953,410
1246,189576,14,1872,967,410
1247,189705,29,1874,968,410
1248,189836,34,1880,974,409
1249,189979,32,1884,979,407
1250,190069,14,1889,978,413
1251,190141,13,1893,972,421
1252,190217,14,1908,987,421
1253,190284,14,1918,996,420
1254,190341,14,1920,998,420
1255,190414,16,1921,1000,418
1256,190486,14,1928,1004,418
1257,190559,14,1932,1008,418
1258,190628,14,1937,1013,418
1259,190702,14,1952,1028,417
1260,190920,15,1963,1012,443
1261,190994,15,1972,1020,444
1262,191094,29,1984,1022,451
1263,191217,36,1985,1012,462
1264,191344,33,1991,997,485
1265,191478,33,1994,992,493
1266,191560,16,1997,992,496
1267,191630,16,2007,982,520
1268,191698,16,2019,995,517
1269,191770,16,2038,1013,517
1270,191843,16,2041,1005,525
1271,191909,15,2040,998,526
1272,191983,16,2045,1000,531
1273,192073,31,2047,1001,533
1274,192459,95,1521,973,40
1275,192600,26,1523,968,47
1276,192762,32,1537,976,51
1277,192890,24,1558,996,51
1278,192963,11,1570,1008,51
1279,193044,14,1585,1017,54
1280,193119,12,1601,1031,55
1281,193185,13,1612,1039,57
1282,193255,13,1630,1053,57
1283,193337,14,1630,1056,54
1284,193406,13,1644,1068,54
1285,193482,12,1654,1075,54
1286,193556,12,1670,1090,54
1287,193631,14,1674,1094,52
1288,194028,31,1690,1105,52
1289,194191,35,1692,1107,52
1290,194345,29,1703,1118,52
1291,194490,26,1717,1128,52
1292,194547,14,1719,1130,52
1293,194614,13,1721,1132,52
1294,194680,12,1728,1139,52
1295,194738,13,1729,1140,52
1296,194802,13,1751,1156,52
1297,194867,15,1761,1166,52
1298,194934,13,1764,1169,52
1299,195014,13,1777,1179,52
1300,195091,13,1797,1198,51
1301,195153,13,1807,1204,53
1302,195227,13,1813,1206,61
1303,195442,159,1816,1205,65
1304,195541,29,1829,1205,86
1305,195672,27,1837,1194,98
1306,195787,27,1851,1202,106
1307,195936,32,1856,1196,106
1308,196039,15,1863,1188,119
1309,196117,14,1868,1194,118
1310,196193,14,1875,1196,122
1311,196258,14,1912,1232,122
1312,196329,14,1920,1238,125
1313,196394,14,1935,1250,129
1314,196460,14,1946,1254,136
1315,196528,18,1953,1255,140
1316,196599,15,1953,1257,138
1317,196672,14,1960,1262,143
1318,196892,14,1965,1255,154
1319,196960,15,1969,1254,161
1320,197083,38,1975,1243,181
1321,197207,36,1985,1244,187
1322,197350,38,1989,1237,198
1323,197462,24,1996,1236,202
1324,197539,15,2002,1222,229
1325,197604,14,2005,1221,229
1326,197667,15,2031,1239,231
1327,197733,14,2043,1237,239
1328,197869,27,2056,1234,257
1329,197931,15,2059,1233,262
1330,198004,15,2064,1230,269
1331,198076,15,2068,1234,269
1332,198291,16,2084,1248,269
1333,198361,15,2097,1261,268
1334,198437,16,2103,1267,268
1335,198568,35,2114,1278,265
1336,198716,38,2128,1292,265
1337,198856,36,2133,1291,270
1338,198949,15,2141,1290,271
1339,199012,16,2159,1303,274
1340,199073,16,2166,1307,278
1341,199135,16,2168,1308,279
1342,199203,16,2190,1318,290
1343,199275,17,2192,1307,292
1344,199351,16,2198,1309,291
1345,199424,16,2202,1312,290
1346,199633,16,2214,1310,297
1347,199704,17,2217,1311,298
1348,199781,17,2228,1315,303
1349,199946,53,2231,1309,306
1350,200135,62,2234,1285,333
1351,200357,42,1915,1275,23
1352,200475,19,1932,1259,45
1353,200544,15,1947,1268,55
1354,200615,15,1957,1266,68
1355,200672,14,1960,1261,79
1356,200755,18,1973,1268,83
1357,200839,16,1992,1285,86
1358,200901,14,2000,1292,86
1359,201117,15,2006,1279,106
1360,201193,16,2007,1279,105
1361,201268,15,2016,1275,109
1362,201339,15,2037,1284,125
1363,201403,15,2044,1282,133
1364,201493,34,2060,1294,136
1365,201613,36,2063,1294,138
1366,201750,38,2066,1294,134
1367,201915,57,2066,1295,133
1368,202028,17,2073,1291,141
1369,202100,16,2079,1296,140
1370,202167,15,2090,1303,142
1371,202232,15,2093,1306,142
1372,202299,16,2096,1306,146
1373,202576,32,2104,1299,160
1374,202651,16,2112,1303,166
1375,202715,16,2114,1305,164
1376,202779,16,2116,1304,168
1377,202850,16,2127,1311,166
1378,202924,16,2142,1320,166
1379,202995,16,2145,1313,177
1380,203117,35,2146,1302,185
1381,203242,37,2161,1301,201
1382,203376,37,2173,1310,200
1383,203478,17,2179,1313,200
1384,203544,16,2181,1307,210
1385,203607,15,2183,1306,210
1386,203679,16,2197,1317,216
1387,205452,40,2204,1237,299
1388,205577,40,2214,1246,296
1389,205710,30,2218,1243,299
1390,205821,28,2218,1240,301
1391,205940,32,2222,1237,308
1392,206058,35,2221,1230,323
1393,206179,32,2222,1231,320
1394,206319,35,2225,1230,326
1395,206425,19,2226,1226,334
1396,206575,28,2239,1237,338
1397,206685,34,2244,1243,335
1398,206807,35,2247,1246,335
1399,206949,41,2256,1252,340
1400,207126,98,2257,1248,348
1401,207194,17,2264,1248,347
1402,207257,17,2274,1258,347
1403,207324,18,2273,1260,343
1404,207397,17,2271,1257,346
1405,207457,16,2273,1249,353
1406,207537,16,2277,1252,351
1407,207609,16,2277,1250,355
1408,207672,17,2289,1255,356
1409,207731,18,2309,1273,361
1410,207805,16,2319,1274,364
1411,207874,17,2323,1278,366
1412,207939,18,2333,1286,363
1413,208050,58,2343,1292,364
1414,208480,106,2001,1286,22
1415,208605,29,2003,1285,23
1416,208679,14,2013,1292,27
1417,208751,14,2024,1298,23
1418,208822,15,2034,1305,25
1419,208886,15,2036,1301,31
1420,208952,16,2037,1297,37
1421,209016,15,2042,1292,45
1422,209088,17,2044,1281,56
1423,209159,16,2058,1290,63
1424,209226,15,2070,1297,65
1425,209299,15,2070,1295,68
1426,209369,15,2089,1308,68
1427,209594,151,2096,1306,74
1428,209710,35,2116,1322,71
1429,209839,35,2137,1329,88
1430,209953,35,2150,1341,88
1431,210099,22,2160,1329,104
1432,210179,16,2175,1327,117
1433,210253,16,2186,1307,149
1434,210331,15,2190,1309,148
1435,210407,15,2211,1325,159
1436,210481,16,2233,1335,170
1437,210560,16,2235,1329,185
1438,210639,16,2244,1328,195
1439,210720,16,2246,1314,206
1440,210795,16,2252,1308,220
1441,211007,17,2270,1242,321
1442,211080,16,2279,1241,330
1443,211215,36,2299,1222,385
1444,211362,41,2305,1204,414
1445,211502,35,2310,1173,457
1446,211600,16,2326,1181,451
1447,211676,18,2329,1183,451
1448,211750,17,2343,1184,471
1449,211817,18,2354,1173,490
1450,211891,17,2362,1174,491
1451,211971,19,2363,1168,499
1452,212046,17,2371,1164,510
1453,212117,17,2364,1150,523
1454,212326,18,2370,1101,600
1455,212398,17,2380,1099,614
1456,212469,18,2384,1100,615
1457,212555,23,2386,1089,625
1458,212700,41,2392,1060,674
1459,212844,40,2397,1057,683
1460,212986,34,2407,1048,707
1461,213064,18,2410,1039,725
1462,213132,17,2408,1030,732
1463,213212,17,2418,1040,730
1464,213294,17,2425,1046,728
1465,213358,19,2442,1063,728
1466,213430,18,2450,1066,736
1467,213637,18,2454,1039,775
1468,213710,18,2464,1049,775
1469,213784,19,2467,1031,798
1470,213856,19,2487,1036,812
1471,213934,17,2499,1027,833
1472,214054,43,2510,1022,850
1473,214190,46,2515,1003,877
1474,214336,41,2518,1011,871
1475,214422,18,2523,1003,884
1476,214494,19,2530,996,895
1477,214564,19,2533,999,893
1478,214650,19,2538,988,913
1479,214739,22,2558,1006,917
1480,215003,19,2559,993,931
1481,215085,20,2572,1003,934
1482,215168,19,2588,1008,950
1483,215250,19,2598,1005,956
1484,215331,19,2600,1000,961
1485,215433,45,2606,989,979
1486,215591,44,2610,975,998
1487,215747,40,2613,943,1042
1488,215856,19,2621,934,1058
1489,215930,19,2637,939,1074
1490,216004,20,2638,945,1069
1491,216155,42,2643,925,1095
1492,216538,24,1550,900,32
1493,216621,12,1553,902,32
1494,216698,11,1554,891,47
1495,216774,12,1561,886,56
1496,216864,33,1569,890,61
1497,216986,30,1574,878,82
1498,217140,26,1592,874,99
1499,217294,29,1604,870,120
1500,217379,17,1618,875,129
1501,217456,12,1626,868,145
1502,217527,12,1635,856,167
1503,217595,11,1648,864,171
1504,217668,12,1665,873,177
1505,217739,12,1671,875,181
1506,217960,12,1683,847,229
1507,218033,16,1696,860,223
1508,218103,14,1720,880,221
1509,218166,14,1724,884,221
1510,218251,15,1734,890,228
1511,218354,30,1737,893,228
1512,218489,29,1741,888,251
1513,218624,28,1745,885,257
1514,218747,22,1754,873,285
1515,218817,13,1766,872,301
1516,218882,13,1771,872,305
1517,218953,13,1779,877,313
1518,219013,14,1793,889,314
1519,219091,13,1799,894,314
1520,219158,13,1804,889,325
1521,219377,14,1806,877,342
1522,219457,14,1810,881,341
1523,219528,14,1816,887,341
1524,219605,13,1829,896,342
1525,219679,14,1840,904,346
1526,219813,71,1847,910,348
1527,219968,36,1851,906,358
1528,220123,36,1854,900,365
1529,220261,33,1868,889,394
1530,220350,16,1876,892,397
1531,220421,14,1888,901,394
1532,220482,13,1891,899,402
1533,220564,14,1894,896,406
1534,220632,14,1897,890,419
1535,220855,167,1901,879,435
1536,220940,15,1905,874,440
1537,221019,14,1914,872,452
1538,221089,14,1929,884,453
1539,221155,15,1932,887,453
1540,221222,14,1945,899,453
1541,221296,14,1958,900,474
1542,221434,35,1956,883,501
1543,221578,36,1957,881,505
1544,221719,36,1961,879,514
1545,221820,15,1967,869,532
1546,221901,22,1968,864,543
1547,222000,19,1981,874,548
1548,222086,15,1984,879,545
1549,222151,15,2000,895,543
1550,222367,16,2010,904,545
1551,222440,16,2026,920,545
1552,222526,20,2032,914,555
1553,222605,16,2038,916,558
1554,222689,17,2043,921,553
1555,222770,17,2055,932,557
1556,222911,35,2077,953,557
1557,223049,41,2080,942,580
1558,223200,41,2080,931,590
1559,223279,20,2084,931,593
1560,223358,16,2085,930,595
1561,223438,16,2089,917,598
1562,223505,18,2090,918,598
1563,223604,20,2098,913,614
1564,223837,16,2100,912,620
1565,223921,18,2104,918,616
1566,224010,17,2104,919,613
1567,224174,50,2115,917,624
1568,224432,42,1504,911,20
1569,224563,29,1518,921,24
1570,224703,34,1524,904,43
1571,224778,11,1534,907,52
1572,224847,12,1550,921,52
1573,224908,12,1561,931,53
1574,224973,13,1574,940,51
1575,225041,12,1581,938,65
1576,225115,12,1594,946,66
1577,225331,162,1594,931,79
1578,225413,13,1601,938,79
1579,225479,12,1610,933,97
1580,225545,12,1613,931,106
1581,225611,13,1625,936,110
1582,225669,12,1631,940,112
1583,225764,30,1637,941,118
1584,225896,29,1649,943,123
1585,226026,24,1652,943,125
1586,226145,22,1654,940,132
1587,226247,13,1661,934,146
1588,226320,15,1669,940,147
1589,226384,13,1680,946,154
1590,226461,13,1683,933,167
1591,226522,14,1693,938,172
1592,226735,157,1704,942,181
1593,226802,14,1713,945,186
1594,226869,13,1716,944,190
1595,226934,13,1724,949,190
1596,227001,13,1725,951,186
1597,227060,12,1725,950,193
1598,227129,14,1740,963,191
1599,227203,13,1751,966,196
1600,227329,30,1768,974,204
1601,227452,28,1770,975,204
1602,227591,30,1777,968,213
1603,227710,28,1793,973,219
1604,227776,13,1806,978,224
1605,227837,13,1805,976,224
1606,227905,13,1817,986,224
1607,228117,159,1831,993,228
1608,228188,13,1842,995,234
1609,228241,14,1843,996,234
1610,228306,13,1844,993,238
1611,228372,14,1852,995,241
1612,228446,14,1869,1001,243
1613,228516,14,1874,1003,244
1614,228588,14,1892,1019,243
1615,228664,14,1896,1020,250
1616,228755,37,1927,1042,266
1617,228892,34,1935,1043,272
1618,229018,31,1945,1040,281
1619,229145,37,1951,1041,283
1620,229232,15,1951,1040,283
1621,229292,15,1966,1049,282
1622,229509,14,1974,1042,293
1623,229585,15,1981,1046,293
1624,229660,15,1991,1055,293
1625,229724,15,2002,1062,292
1626,229792,15,2010,1062,297
1627,229859,16,2020,1070,294
1628,229928,14,2039,1086,295
1629,229998,17,2047,1092,295
1630,230082,16,2050,1095,295
1631,230154,16,2058,1104,294
1632,230253,34,2066,1111,292
1633,230385,35,2070,1107,292
1634,230521,39,2065,1106,287
1635,230648,34,2076,1109,292
1636,230868,17,2076,1088,328
1637,230936,15,2084,1098,320
1638,231007,17,2097,1111,320
1639,231073,17,2100,1116,318
1640,231145,15,2101,1111,325
1641,231226,15,2111,1119,328
1642,231300,17,2128,1129,333
1643,231392,20,2132,1125,341
1644,231503,19,2134,1119,348
1645,231595,18,2139,1122,350
1646,231672,19,2147,1131,344
1647,231835,41,2150,1122,354
1648,231981,43,2161,1128,365
1649,232333,205,2168,1122,382
1650,232504,24,1806,1122,22
1651,232559,13,1813,1127,26
1652,232624,13,1826,1137,29
1653,232687,14,1829,1140,29
1654,232749,14,1844,1152,29
1655,232818,14,1847,1152,37
1656,232891,15,1854,1157,38
1657,232968,15,1861,1160,39
1658,233030,14,1863,1162,39
1659,233095,14,1877,1170,42
1660,233164,14,1879,1171,43
1661,233238,13,1886,1175,40
1662,233305,14,1896,1174,49
1663,233374,14,1903,1181,49
1664,233652,55,1909,1161,82
1665,233787,31,1917,1164,88
1666,233915,26,1927,1172,88
1667,234067,33,1934,1177,88
1668,234152,14,1967,1207,87
1669,234224,17,1979,1219,87
1670,234313,22,1980,1220,87
1671,234389,17,1991,1231,87
1672,234468,19,1999,1238,86
1673,234560,20,2005,1244,74
1674,234631,15,2011,1248,74
1675,234715,17,2020,1256,74
1676,234803,19,2028,1263,74
1677,234875,15,2039,1273,74
1678,235092,15,2053,1282,74
1679,235220,35,2061,1287,74
1680,235337,30,2063,1289,74
1681,235483,32,2067,1287,73
1682,235604,22,2070,1278,75
1683,235680,16,2076,1283,76
1684,235750,15,2089,1290,80
1685,235815,17,2096,1296,80
1686,235888,16,2113,1310,80
1687,235956,16,2132,1324,85
1688,236028,17,2138,1327,90
1689,236094,16,2139,1326,92
1690,236167,16,2153,1337,95
1691,236235,16,2154,1337,95
1692,236448,159,2176,1349,102
1693,236522,18,2189,1360,100
1694,236614,30,2194,1362,106
1695,236763,39,2202,1362,111
1696,236883,34,2206,1364,113
1697,237016,35,2211,1364,117
1698,237123,17,2213,1362,120
1699,237190,16,2213,1361,123
1700,237259,16,2217,1366,123
1701,237316,17,2226,1372,129
1702,237397,16,2240,1385,128
1703,237469,17,2274,1412,133
1704,237540,16,2277,1408,143
1705,237609,17,2279,1408,145
1706,237847,17,2282,1394,155
1707,237924,20,2282,1391,155
1708,238002,20,2309,1415,155
1709,238088,17,2312,1418,152
1710,238229,38,2318,1424,152
1711,238367,42,2318,1426,152
1712,238502,37,2317,1427,150
1713,238613,18,2338,1442,151
1714,238690,17,2345,1442,155
1715,238776,37,2347,1439,159
1716,238847,18,2360,1446,164
1717,238910,18,2367,1447,169
1718,238989,23,2367,1445,169
1719,239257,214,2368,1435,182
1720,239334,25,2404,1457,180
1721,239430,21,2405,1455,181
1722,239511,22,2416,1461,187
1723,239595,21,2418,1466,183
1724,239769,46,2422,1465,188
1725,239923,46,2428,1466,187
1726,240103,63,2430,1435,230
1727,240323,56,2214,1351,88
1728,240422,23,2231,1339,120
1729,240520,20,2238,1315,163
1730,240605,23,2251,1317,180
1731,240938,216,2253,1286,217
1732,241024,20,2259,1269,257
1733,241126,20,2264,1258,269
1734,241267,50,2271,1257,280
1735,241441,39,2276,1246,298
1736,241596,38,2292,1227,341
1737,241704,20,2298,1188,396
1738,241782,20,2305,1182,401
1739,241926,20,2317,1178,429
1740,242005,20,2338,1180,457
1741,242108,18,2340,1171,471
1742,242197,19,2347,1168,483
1743,242273,18,2356,1177,483
1744,242508,166,2374,1164,520
1745,242600,23,2376,1131,560
1746,242757,49,2381,1116,587
1747,242947,49,2397,1123,592
1748,243121,30,2399,1086,645
1749,243210,19,2404,1056,690
1750,243303,28,2409,1055,699
1751,243385,19,2417,1064,697
1752,243464,20,2418,1044,719
1753,243542,21,2424,1049,722
1754,243632,20,2438,1061,726
1755,243715,19,2442,1059,736
1756,243791,20,2452,1065,739
1757,243879,18,2463,1050,765
1758,244332,77,2465,1010,805
1759,244574,75,2475,989,840
1760,244754,36,2486,969,891
1761,244900,35,2490,962,911
1762,245068,30,2494,965,908
1763,245142,19,2497,955,927
1764,245224,19,2504,943,943
1765,245296,18,2505,935,957
1766,245370,19,2507,933,958
1767,245454,18,2511,936,958
1768,245526,19,2532,949,968
1769,245608,18,2533,950,968
1770,245686,18,2540,948,976
1771,247452,42,2543,807,1168
1772,247587,39,2544,793,1188
1773,247747,43,2546,754,1245
1774,247836,19,2552,756,1251
1775,247909,19,2564,766,1248
1776,248020,55,2567,766,1250
1777,249005,189,1329,723,79
1778,249122,14,1341,706,107
1779,249193,10,1347,684,140
1780,249355,11,1361,696,141
1781,249419,11,1375,696,154
1782,249494,11,1385,691,169
1783,249561,11,1389,691,172
1784,249646,15,1407,691,184
1785,249733,12,1419,681,202
1786,249809,13,1439,700,198
1787,249890,11,1447,701,202
1788,249979,11,1454,697,211
1789,250067,12,1461,698,219
1790,250183,34,1471,702,219
1791,250341,34,1487,711,230
1792,250513,34,1494,704,247
1793,250666,25,1494,693,266
1794,250746,11,1501,695,273
1795,250823,14,1509,701,271
1796,251032,13,1516,693,283
1797,251114,12,1518,687,299
1798,251199,12,1528,693,305
1799,251265,12,1540,696,308
1800,251338,13,1542,696,312
1801,251418,15,1567,716,318
1802,251512,13,1576,718,321
1803,251596,15,1583,726,321
1804,251668,13,1584,722,325
1805,251853,40,1594,728,330
1806,252048,44,1606,715,358
1807,252204,27,1625,702,398
1808,252335,20,1630,711,391
1809,252430,13,1649,720,404
1810,252512,12,1650,709,421
1811,252765,185,1661,708,429
1812,252849,13,1664,687,463
1813,252926,15,1673,686,469
1814,253009,16,1678,670,492
1815,253098,14,1695,685,495
1816,253207,18,1701,693,490
1817,253277,16,1717,703,499
1818,253405,30,1743,724,504
1819,253581,37,1741,719,513
1820,253736,32,1755,727,520
1821,253842,15,1777,748,520
1822,253929,24,1780,749,517
1823,254028,16,1785,746,524
1824,254110,16,1797,758,521
1825,254192,17,1803,764,521
1826,254280,17,1817,777,520
1827,254555,21,1826,774,534
1828,254648,23,1839,783,540
1829,254741,18,1854,790,552
1830,254881,38,1861,786,563
1831,255047,35,1866,781,569
1832,255233,52,1877,769,593
1833,255361,16,1885,780,589
1834,255446,18,1889,782,593
1835,255541,16,1898,788,595
1836,255626,15,1909,792,593
1837,255706,19,1923,796,602
1838,255784,14,1933,802,608
1839,255842,14,1935,804,606
1840,255912,14,1936,806,606
1841,256168,195,1934,801,607
1842,256563,185,1328,787,26
1843,256696,27,1341,792,35
1844,256838,29,1353,801,38
1845,256952,15,1370,807,47
1846,257055,12,1377,799,62
1847,257131,12,1399,817,68
1848,257200,11,1399,809,73
1849,257330,12,1409,808,85
1850,257428,16,1412,808,85
1851,257525,19,1421,808,88
1852,257610,13,1423,811,87
1853,257693,12,1428,810,93
1854,257768,11,1429,809,97
1855,258002,172,1431,810,100
1856,258121,28,1432,806,105
1857,258252,26,1444,803,110
1858,258415,27,1463,796,129
1859,258523,12,1472,798,130
1860,258600,11,1478,800,135
1861,258666,12,1480,797,143
1862,258721,12,1483,796,146
1863,258801,12,1497,802,150
1864,258875,12,1499,801,156
1865,258938,12,1513,813,156
1866,259011,12,1526,822,163
1867,259092,11,1537,831,161
1868,259164,12,1538,830,164
1869,259235,11,1550,841,165
1870,259345,39,1554,841,175
1871,259619,191,1557,839,176
1872,259777,28,1562,834,190
1873,259902,26,1576,840,195
1874,260039,29,1584,844,198
1875,260167,13,1583,845,193
1876,260252,15,1590,850,191
1877,260335,14,1603,855,196
1878,260425,12,1613,862,195
1879,260501,15,1620,866,198
1880,260575,13,1624,870,198
1881,260646,12,1635,876,199
1882,260724,12,1640,872,209
1883,260796,12,1643,877,207
1884,260874,12,1649,882,207
1885,260948,14,1660,887,215
1886,261038,14,1668,890,215
1887,261409,58,1681,868,241
1888,261556,37,1701,881,243
1889,261712,31,1707,878,257
1890,261864,35,1720,886,265
1891,261960,15,1722,887,267
1892,262032,15,1720,889,262
1893,262107,12,1734,901,264
1894,262174,16,1753,921,263
1895,262254,15,1758,926,263
1896,262335,14,1763,931,263
1897,262407,15,1765,935,257
1898,262488,15,1766,933,262
1899,262558,14,1768,931,270
1900,262647,14,1774,932,275
1901,262729,15,1788,939,284
1902,262997,33,1796,925,314
1903,263150,34,1795,921,318
1904,263278,33,1820,944,316
1905,263438,34,1821,932,321
1906,263573,14,1828,941,319
1907,263655,16,1833,945,319
1908,263750,15,1840,950,318
1909,263842,21,1843,952,318
1910,263913,16,1844,953,318
1911,263992,16,1851,959,318
1912,264109,36,1863,964,323
1913,264277,21,1560,960,27
1914,264355,13,1566,958,35
1915,264422,14,1569,954,42
1916,264737,30,1572,937,63
1917,264880,30,1581,940,66
1918,265038,36,1594,950,73
1919,265178,29,1601,947,78
1920,265268,13,1607,949,81
1921,265352,13,1622,957,81
1922,265419,12,1637,970,82
1923,265485,14,1649,977,82
1924,265604,14,1655,975,86
1925,265693,15,1673,986,94
1926,265780,14,1681,989,94
1927,265863,14,1685,986,96
1928,265937,13,1693,988,100
1929,266004,13,1699,988,107
1930,266082,13,1713,1000,103
1931,266373,43,1726,1002,116
1932,266520,38,1730,1002,116
1933,266742,49,1738,1005,122
1934,266964,52,1744,1003,132
1935,267116,32,1766,1022,132
1936,267239,28,1772,1014,147
1937,267366,26,1781,1003,172
1938,267492,31,1788,1009,172
1939,267643,37,1793,1006,182
1940,267787,29,1800,1007,182
1941,267924,15,1802,1003,188
1942,268005,16,1814,1011,191
1943,268167,35,1829,1019,203
1944,268310,35,1841,1035,199
1945,268614,203,1858,1043,207
1946,268702,15,1859,1033,221
1947,268774,13,1870,1042,222
1948,268840,14,1868,1036,222
1949,268909,17,1884,1049,219
1950,268982,15,1892,1053,221
1951,269059,15,1902,1058,221
1952,269139,18,1903,1060,218
1953,269214,15,1911,1066,215
1954,269293,16,1923,1077,213
1955,269372,15,1923,1076,216
1956,269448,18,1926,1079,214
1957,269528,16,1946,1100,212
1958,269614,14,1944,1098,213
1959,269723,33,1947,1102,212
1960,270000,187,1960,1106,211
1961,270175,34,1963,1076,256
1962,270324,35,1973,1080,265
1963,270431,14,1975,1060,297
1964,270508,15,1982,1056,310
1965,270590,18,1980,1056,308
1966,270688,16,1979,1028,344
1967,270791,19,1989,1037,341
1968,270885,17,1994,1042,340
1969,270974,16,2002,1048,339
1970,271050,16,2012,1041,360
1971,271138,15,2017,1020,389
1972,271237,23,2024,1023,391
1973,271347,21,2029,1015,404
1974,271668,209,2045,1010,427
1975,271808,37,2053,952,519
1976,271959,35,2057,940,543
1977,272130,33,2071,913,596
1978,272822,58,1503,848,121
1979,272899,12,1510,854,121
1980,272980,12,1514,857,121
1981,273066,12,1521,863,120
1982,273213,31,1521,856,128
1983,273366,25,1548,840,179
1984,273460,14,1552,830,197
1985,273552,12,1560,829,211
1986,273808,14,1567,796,254
1987,273891,12,1580,793,271
1988,273996,16,1583,796,271
1989,274092,15,1589,802,268
1990,274189,16,1590,783,287
1991,274290,16,1602,789,285
1992,274383,17,1609,793,292
1993,274561,31,1615,765,327
1994,274723,35,1622,758,346
1995,274851,15,1628,754,359
1996,274929,16,1631,756,361
1997,275009,16,1636,758,366
1998,275090,13,1638,760,365
1999,275177,16,1648,731,403
2000,275272,14,1661,713,441
2001,275543,14,1671,692,477
2002,275630,14,1709,722,488
2003,275698,13,1715,727,489
2004,275785,15,1729,735,493
2005,275955,52,1735,741,492
2006,276187,38,1742,747,490
2007,276341,31,1752,761,484
2008,276448,16,1758,767,484
2009,276547,21,1760,770,480
2010,276641,15,1758,770,478
2011,276727,15,1771,783,477
2012,276813,16,1777,788,473
2013,276908,19,1782,794,472
2014,276995,18,1798,809,471
2015,277075,16,1815,824,471
2016,277357,15,1823,831,472
2017,277509,44,1828,825,491
2018,277678,35,1840,814,511
2019,277816,21,1850,820,508
2020,277910,16,1853,822,506
2021,277978,14,1871,835,507
2022,278055,14,1877,839,507
2023,278125,14,1883,847,505
2024,278229,16,1895,858,504
2025,278331,16,1900,863,503
2026,278417,15,1910,873,503
2027,278495,14,1913,876,503
2028,278577,17,1916,879,503
2029,278674,24,1927,889,503
2030,278793,22,1937,896,503
2031,279141,35,1946,890,517
2032,279294,40,1951,891,520
2033,279443,34,1961,889,527
2034,279523,16,1964,869,550
2035,279603,15,1974,873,547
2036,279675,15,1983,870,563
2037,279760,18,1984,858,578
2038,279842,17,1990,854,591
2039,279920,16,1992,835,621
2040,280003,19,2006,839,632
2041,280154,45,2015,839,643
2042,280773,264,1393,828,30
2043,280934,32,1408,797,80
2044,281075,28,1417,790,97
2045,281177,22,1426,785,111
2046,281291,12,1432,780,129
2047,281390,17,1446,789,133
2048,281472,15,1460,796,138
2049,281545,12,1464,793,145
2050,281616,12,1476,797,147
2051,281687,11,1488,808,151
2052,281760,12,1493,813,151
2053,281836,12,1500,817,148
2054,281912,13,1511,829,147
2055,281999,14,1517,833,147
2056,282088,16,1531,847,147
2057,282243,29,1550,851,171
2058,282542,30,1561,851,182
2059,282676,29,1567,845,192
2060,282768,12,1581,857,192
2061,282840,12,1591,864,193
2062,282904,12,1599,858,206
2063,282977,12,1608,848,225
2064,283039,12,1617,854,229
2065,283107,13,1643,871,230
2066,283176,13,1647,869,236
2067,283249,15,1657,874,236
2068,283315,14,1671,885,238
2069,283371,13,1681,891,238
2070,283439,13,1689,899,237
2071,283509,13,1694,899,242
2072,283579,13,1697,897,241
2073,283675,14,1704,882,266
2074,284043,46,1708,866,304
2075,284246,57,1720,866,315
2076,284489,55,1739,881,317
2077,284678,29,1750,883,325
2078,284801,23,1754,871,342
2079,284875,15,1762,875,343
2080,284947,14,1765,874,345
2081,285008,14,1777,884,345
2082,285084,13,1794,896,354
2083,285173,17,1805,901,354
2084,285239,14,1824,920,353
2085,285303,13,1830,921,357
2086,285379,13,1834,920,365
2087,285445,14,1846,931,367
2088,285676,174,1853,938,369
2089,285818,30,1863,921,398
2090,285974,34,1867,922,400
2091,286116,36,1873,928,399
2092,286198,15,1877,931,399
2093,286262,16,1902,955,399
2094,286336,15,1902,955,399
2095,286400,15,1906,954,400
2096,286468,16,1927,972,400
2097,286551,16,1935,978,397
2098,286618,15,1942,983,401
2099,286698,17,1954,990,399
2100,286761,15,1959,994,399
2101,286827,15,1971,1004,399
2102,286901,17,1996,1027,399
2103,287117,168,2012,1032,416
2104,287267,47,2014,1030,420
2105,287476,55,2020,1022,426
2106,287690,57,2035,1030,437
2107,287894,31,2035,1017,449
2108,288039,44,2042,1024,449
2109,288453,132,1602,1015,17
2110,288583,25,1608,1006,30
2111,288683,11,1621,1016,32
2112,288757,13,1623,1017,33
2113,288824,13,1644,1032,40
2114,288954,27,1655,1033,44
2115,289105,30,1659,1023,62
2116,291071,13,1662,923,178
2117,291149,17,1655,925,169
2118,291230,14,1654,926,167
2119,291310,16,1656,928,167
2120,291388,15,1659,930,167
2121,291467,13,1660,931,167
2122,291539,13,1671,931,182
2123,291613,14,1678,933,180
2124,291698,15,1677,928,178
2125,291798,17,1690,930,193
2126,291885,15,1694,930,200
2127,291964,16,1697,925,211
2128,292047,16,1714,935,216
2129,292213,33,1718,922,233
2130,292343,33,1716,920,240
2131,292593,36,1721,910,251
2132,292702,17,1729,908,258
2133,292776,15,1731,912,256
2134,292837,13,1735,916,256
2135,292910,14,1740,921,254
2136,292982,15,1751,922,254
2137,293061,14,1753,923,257
2138,293146,16,1757,927,256
2139,293221,16,1769,941,253
2140,293290,14,1775,947,253
2141,293365,15,1774,948,253
2142,293446,14,1782,956,252
2143,293522,14,1782,955,255
2144,293590,16,1788,956,257
2145,293671,14,1806,971,258
2146,293957,178,1826,974,280
2147,294098,37,1832,970,296
2148,294248,37,1834,958,314
2149,294345,15,1842,950,340
2150,294417,14,1857,965,336
2151,294477,14,1859,964,343
2152,294554,14,1869,974,342
2153,294619,14,1871,976,342
2154,294699,15,1875,976,343
2155,294762,14,1870,976,338
2156,294874,23,1876,976,342
2157,294956,16,1885,981,343
2158,295033,15,1891,986,342
2159,295106,15,1887,982,342
2160,295178,14,1892,987,342
2161,295257,15,1896,983,350
2162,295545,30,1916,985,355
2163,295668,32,1916,981,358
2164,295795,31,1916,977,360
2165,295924,32,1926,977,370
2166,295991,15,1938,985,368
2167,296081,24,1948,994,369
2168,296385,69,1611,1003,12
2169,296440,12,1620,1011,13
2170,296503,12,1630,1020,14
2171,296570,12,1645,1030,17
2172,296634,13,1657,1042,17
2173,296697,12,1663,1046,17
2174,296905,153,1678,1054,20
2175,297012,26,1685,1057,24
2176,297140,28,1701,1070,25
2177,297259,29,1712,1074,29
2178,297377,16,1719,1077,29
2179,297444,14,1737,1091,30
2180,297502,14,1742,1091,33
2181,297581,14,1747,1092,35
2182,297658,14,1772,1116,36
2183,297731,13,1775,1119,35
2184,297798,14,1796,1136,36
2185,297863,13,1809,1143,36
2186,297931,14,1810,1143,39
2187,297999,14,1815,1141,43
2188,298069,13,1829,1153,45
2189,298278,156,1832,1154,50
2190,298365,14,1852,1169,53
2191,298494,31,1864,1179,53
2192,298625,32,1869,1184,53
2193,298767,32,1871,1175,62
2194,298868,15,1878,1178,66
2195,298958,16,1880,1173,71
2196,299037,16,1880,1165,76
2197,299126,16,1898,1171,84
2198,299211,15,1908,1178,89
2199,299297,17,1923,1186,92
2200,299381,16,1934,1191,97
2201,299464,17,1940,1197,93
2202,299541,17,1943,1191,106
2203,299618,14,1948,1194,106
2204,299857,193,1958,1201,110
2205,300000,36,1964,1207,109
