tick,timestamp,query_runtime,trav_index_nodes,trav_vol_nodes,trav_unprod_nodes
0,988,7,6,6,0
1,1432,6,8,8,0
2,1723,2,23,23,0
3,2066,2,28,28,0
4,2312,8,31,31,0
5,2702,3,32,32,0
6,3038,6,39,39,0
7,3297,6,52,52,0
8,3551,7,55,55,0
9,3777,1,62,62,0
10,4101,14,65,65,0
11,6452,3,81,81,0
12,6672,1,92,92,0
13,6865,2,95,95,0
14,7048,2,96,96,0
15,7234,2,102,102,0
16,7469,2,103,103,0
17,7753,11,106,106,0
18,7948,2,114,114,0
19,8191,2,118,118,0
20,8398,2,124,124,0
21,8625,9,125,125,0
22,8946,3,129,129,0
23,9181,5,132,132,0
24,9396,2,136,136,0
25,9603,2,143,143,0
26,9789,2,144,144,0
27,10035,9,146,146,0
28,10290,3,151,151,0
29,10467,2,151,151,0
30,10661,2,160,160,0
31,10860,2,162,162,0
32,11024,8,173,173,0
33,11237,7,178,178,0
34,11495,3,181,181,0
35,11663,3,183,183,0
36,11816,4,194,194,0
37,12034,25,195,195,0
38,12389,23,199,199,0
39,12812,21,202,202,0
40,13049,20,212,212,0
41,13329,20,214,214,0
42,14416,3,216,216,0
43,14880,10,223,223,0
44,15225,23,225,225,0
45,16479,32,236,236,0
46,16912,24,242,242,0
47,17211,17,249,249,0
48,17482,13,249,249,0
49,17827,15,258,258,0
50,18100,11,266,266,0
51,19194,10,267,267,0
52,19373,8,290,290,0
53,19524,8,293,293,0
54,19667,8,303,303,0
55,19833,8,311,311,0
56,19995,7,313,313,0
57,20167,10,317,317,0
58,20388,14,319,319,0
59,20688,4,321,321,0
60,20864,6,322,322,0
61,21021,12,324,324,0
62,21189,9,332,332,0
63,21365,5,334,334,0
64,21539,4,343,343,0
65,21709,4,353,353,0
66,21946,7,359,359,0
67,22115,5,370,370,0
68,22287,11,374,374,0
69,22441,13,377,377,0
70,22621,12,378,378,0
71,22779,10,387,387,0
72,22947,8,387,387,0
73,23181,12,399,399,0
74,23389,8,403,403,0
75,23526,5,404,404,0
76,23676,11,410,410,0
77,23841,11,411,411,0
78,24007,9,411,411,0
79,24186,11,413,413,0
80,24357,15,423,423,0
81,24589,9,428,428,0
82,24756,4,429,429,0
83,24914,13,448,448,0
84,25064,13,450,450,0
85,25233,4,451,451,0
86,25405,8,453,453,0
87,25585,18,454,454,0
88,25869,15,468,468,0
89,26078,9,469,469,0
90,26233,10,470,470,0
91,26396,11,470,470,0
92,26538,8,470,470,0
93,27271,27,474,474,0
94,27495,21,485,485,0
95,27645,11,486,486,0
96,27790,8,502,502,0
97,27931,10,510,510,0
98,28086,10,515,515,0
99,28241,11,518,518,0
100,28379,9,519,519,0
101,28579,11,523,523,0
102,28827,18,524,524,0
103,28987,12,524,524,0
104,29121,9,528,528,0
105,29257,13,529,529,0
106,29404,9,531,531,0
107,29533,10,540,540,0
108,29683,12,552,552,0
109,29862,17,560,560,0
110,30101,13,563,563,0
111,30272,12,572,556,9
112,30414,13,574,551,11
113,30554,19,586,553,16
114,30693,9,589,550,16
115,30833,11,605,553,24
116,30981,14,607,538,33
117,31123,16,617,544,35
118,31335,20,627,537,38
119,31535,13,629,527,49
120,31674,13,629,523,51
121,31820,16,636,528,52
122,31936,13,635,524,54
123,32077,14,634,516,58
124,32202,11,636,509,65
125,32338,17,637,500,76
126,32491,16,637,493,79
127,32713,26,643,474,93
128,32905,10,653,478,96
129,33058,18,654,480,93
130,33292,44,564,467,12
131,33453,16,569,455,22
132,33609,14,568,449,25
133,33756,14,584,457,31
134,34342,25,595,445,50
135,34602,24,598,448,50
136,34734,7,601,451,50
137,34892,17,603,453,50
138,35057,16,605,456,49
139,35191,14,612,460,49
140,35337,13,618,466,49
141,35478,14,618,467,48
142,35630,28,618,467,48
143,35823,17,618,467,48
144,36014,18,621,470,48
145,36226,47,579,476,0
146,36365,14,582,468,9
147,36499,10,588,470,12
148,36705,19,588,465,16
149,36847,13,592,465,19
150,37026,23,596,452,31
151,37242,22,598,450,35
152,37401,13,600,436,50
153,37544,14,601,434,51
154,37718,17,602,419,67
155,37857,13,612,427,66
156,38000,15,621,428,74
157,38140,13,621,426,78
158,38303,35,636,440,76
159,38527,21,634,434,83
160,38691,28,636,424,93
161,38857,12,643,428,96
162,38984,14,642,421,100
163,39287,43,547,419,5
164,39442,14,551,415,11
165,39605,9,556,403,16
166,39829,27,567,408,20
167,39986,9,568,401,30
168,40135,9,575,403,32
169,40286,16,575,404,31
170,40423,14,586,410,36
171,40591,9,595,417,38
172,40738,18,599,423,35
173,40912,27,608,431,36
174,41830,25,611,412,56
175,41997,17,611,409,60
176,42208,59,555,413,6
177,42364,14,555,409,10
178,42501,15,564,413,10
179,42644,13,567,415,10
180,42768,10,568,413,14
181,42952,20,568,412,14
182,43263,40,577,421,14
183,43501,23,590,426,20
184,43715,16,593,429,20
185,43924,20,595,431,20
186,44173,22,602,438,20
187,44387,27,616,452,20
188,44624,18,618,454,20
189,44809,21,619,455,20
190,44979,25,623,457,21
191,45210,32,600,455,1
192,45383,19,616,471,1
193,45587,25,625,474,2
194,45824,33,631,478,3
195,46041,20,633,480,2
196,46217,21,633,480,2
197,46431,14,638,485,2
198,46632,18,639,486,3
199,46849,29,644,491,3
200,47061,23,654,501,3
201,47230,24,663,508,9
202,47341,13,663,504,13
203,47467,15,667,505,14
204,47598,11,668,506,14
205,47721,13,672,506,17
206,47844,12,673,506,18
207,47951,16,675,504,21
208,48092,12,661,511,0
209,48298,28,668,518,0
210,48492,29,688,538,0
211,48634,13,689,539,0
212,48757,16,690,540,0
213,48877,18,706,554,0
214,48997,15,708,556,0
215,49662,540,708,548,4
216,49888,22,716,544,7
217,50055,23,718,542,12
218,50186,14,722,543,13
219,50336,17,724,524,37
220,50484,14,729,511,65
221,50636,15,732,512,67
222,50791,16,735,505,77
223,50920,11,753,497,107
224,51211,34,646,478,19
225,51372,9,648,467,36
226,51513,11,657,467,43
227,51664,20,663,471,43
228,51789,11,672,476,47
229,51951,14,675,472,61
230,52083,14,682,464,77
231,52216,14,688,464,83
232,52393,24,692,444,104
233,52615,14,700,430,132
234,52764,17,708,414,154
235,52905,17,709,395,185
236,53040,13,712,393,190
237,53169,15,717,392,195
238,53319,19,723,375,218
239,53452,14,726,375,218
240,53602,30,728,369,229
241,53812,24,730,364,239
242,53984,26,746,373,247
243,54219,20,494,368,0
244,54346,9,509,375,1
245,54499,7,510,376,1
246,54632,8,514,376,5
247,54797,11,517,371,14
248,54987,27,519,354,36
249,55184,16,521,351,43
250,55298,11,530,356,48
251,55451,12,536,360,50
252,55563,11,551,372,50
253,55716,11,557,376,52
254,55852,9,560,376,52
255,56492,19,562,352,86
256,56664,20,567,350,90
257,56789,7,570,353,90
258,56914,9,577,361,89
259,57035,15,590,376,87
260,57193,8,514,386,0
261,57341,10,518,386,2
262,57490,7,524,390,5
263,57626,7,527,375,17
264,57840,25,528,366,28
265,58024,21,530,353,46
266,58165,11,536,340,68
267,58296,9,542,336,77
268,58442,13,545,337,77
269,58576,21,555,341,86
270,58704,13,557,341,88
271,58821,10,566,350,88
272,58951,11,578,357,95
273,59067,20,578,342,113
274,59244,30,583,343,113
275,59401,14,595,353,115
276,59512,9,606,355,123
277,59639,6,611,355,126
278,59783,9,622,367,122
279,59887,12,631,376,121
280,60016,11,632,369,130
281,60240,52,520,379,5
282,60374,5,531,379,12
283,60536,12,531,377,12
284,60701,15,536,379,15
285,60861,11,552,387,22
286,60973,12,564,395,26
287,61115,14,572,392,33
288,61229,11,575,393,34
289,61350,9,576,391,37
290,61477,12,589,402,41
291,61606,8,594,407,41
292,61747,11,595,407,42
293,61954,19,600,409,47
294,62170,23,602,410,50
295,62290,6,607,403,65
296,62896,13,609,399,67
297,63075,18,608,401,64
298,63252,17,553,406,8
299,63449,12,555,395,22
300,63568,12,563,400,22
301,63701,10,566,399,27
302,63847,12,566,388,43
303,64002,8,566,390,41
304,64125,9,565,391,38
305,64229,9,567,393,38
306,64354,16,577,402,38
307,64504,19,587,400,50
308,64699,19,592,404,51
309,64858,13,600,412,51
310,64991,15,602,411,54
311,65126,13,606,409,57
312,65234,12,609,412,57
313,65365,10,607,410,55
314,65471,12,614,415,56
315,65604,12,614,413,58
316,65741,13,618,415,60
317,65915,24,624,418,63
318,66161,64,569,426,0
319,66288,9,574,428,3
320,66401,13,592,445,5
321,66527,9,605,451,9
322,66651,12,615,458,14
323,66791,25,615,456,16
324,66941,13,615,455,18
325,67090,10,618,456,18
326,67242,20,619,456,19
327,67429,15,622,449,30
328,67598,20,625,448,35
329,67735,17,636,458,35
330,67807,7,637,459,34
331,67898,6,638,459,36
332,68005,7,643,461,37
333,68133,13,653,466,39
334,68254,13,662,475,39
335,68373,11,662,475,39
336,68477,16,673,486,38
337,68593,7,678,492,36
338,69423,88,650,494,5
339,69613,16,655,491,9
340,69779,11,665,500,9
341,69902,13,666,502,10
342,70027,10,678,514,10
343,70122,6,679,514,10
344,70232,6,682,512,16
345,70293,6,685,515,16
346,70363,8,686,516,16
347,70446,7,693,520,17
348,70518,6,697,525,16
349,70589,6,708,536,16
350,70722,15,709,529,19
351,70856,16,718,531,25
352,71108,34,716,531,22
353,71209,6,718,534,21
354,71298,11,727,543,21
355,71366,6,730,546,21
356,71435,6,747,563,21
357,71557,18,752,567,21
358,71636,7,759,574,21
359,71718,7,761,576,21
360,71784,7,763,576,21
361,71850,8,770,583,21
362,71918,7,776,585,28
363,71981,7,782,590,29
364,72087,22,754,589,0
365,72224,11,763,595,0
366,72356,10,769,593,7
367,72468,6,770,588,12
368,72537,7,773,590,13
369,72619,11,775,590,14
370,72692,7,780,595,14
371,72816,9,784,599,14
372,72881,7,799,609,19
373,72960,7,800,607,22
374,73029,10,804,611,22
375,73103,7,805,609,25
376,73288,34,807,610,26
377,73363,7,808,611,26
378,74038,17,821,606,42
379,74165,14,828,609,44
380,74280,22,832,607,51
381,74469,7,837,611,54
382,74540,10,854,627,53
383,74598,8,859,632,53
384,74670,7,868,645,49
385,74728,8,871,647,50
386,74789,8,874,650,50
387,74844,8,892,671,46
388,74918,8,894,673,46
389,74990,7,893,672,47
390,75125,34,841,667,4
391,75233,15,844,668,5
392,75319,30,856,677,8
393,75514,61,872,689,12
394,75671,18,873,684,19
395,75779,7,877,687,21
396,75839,8,880,690,21
397,75905,8,887,693,27
398,75968,8,888,694,27
399,76030,8,888,694,27
400,76096,8,890,696,27
401,76161,8,889,696,26
402,76237,10,897,703,26
403,76301,9,905,711,26
404,76377,8,907,711,26
405,76453,11,908,712,26
406,76560,18,918,722,23
407,76634,9,919,722,26
408,76781,36,927,727,29
409,76948,23,930,729,29
410,77083,17,940,736,31
411,77230,15,965,759,31
412,77312,11,973,766,32
413,77388,8,977,770,32
414,77454,11,985,778,32
415,77539,10,991,785,30
416,78329,574,999,787,34
417,78571,62,963,780,2
418,78663,9,967,782,3
419,78744,11,971,783,8
420,78816,10,975,785,8
421,78901,11,980,787,11
422,78966,9,983,785,15
423,79038,10,992,794,15
424,79107,9,996,797,16
425,79199,10,1002,803,16
426,79304,20,1001,807,11
427,79392,13,1006,812,11
428,79465,11,1009,815,11
429,79708,28,1010,816,11
430,79994,25,1012,813,14
431,80146,13,1012,806,20
432,80226,10,1017,795,36
433,80310,11,1021,790,45
434,80405,12,1029,787,62
435,80558,19,1032,771,85
436,80743,22,1035,760,98
437,80938,33,1037,734,134
438,81440,60,901,717,15
439,81721,27,904,698,39
440,81935,32,906,685,55
441,82414,103,916,674,79
442,82658,23,918,658,100
443,82860,51,919,644,117
444,83031,9,929,650,123
445,83106,9,935,656,123
446,83193,10,935,649,131
447,83279,22,942,652,133
448,83407,10,948,643,148
449,83489,9,952,637,158
450,83564,8,957,636,163
451,83653,10,958,629,171
452,83743,10,969,636,171
453,84238,394,970,600,217
454,84887,83,770,560,57
455,84990,15,778,569,55
456,85099,9,780,559,66
457,85181,9,777,557,63
458,85280,15,780,558,65
459,85409,8,782,551,67
460,85495,9,782,551,67
461,85590,12,784,552,70
462,85684,12,790,532,100
463,85871,33,810,530,124
464,86120,33,818,528,134
465,86219,8,822,532,134
466,86292,8,831,541,134
467,86375,13,836,545,134
468,86461,8,839,548,134
469,86538,8,849,558,134
470,86616,9,870,574,134
471,86701,11,873,572,140
472,86777,9,876,569,144
473,87050,44,878,544,174
474,87240,24,723,535,32
475,87399,29,732,522,54
476,87553,6,733,521,57
477,87630,8,735,509,66
478,87697,9,738,509,68
479,87773,12,744,513,70
480,87864,8,754,522,70
481,87947,8,756,524,70
482,88036,22,769,535,71
483,88211,8,770,533,73
484,88306,9,774,532,78
485,88426,10,782,535,83
486,88528,13,785,534,86
487,88674,27,794,541,88
488,88818,20,796,536,94
489,88946,9,804,532,105
490,89035,9,805,530,106
491,89125,8,806,531,106
492,89758,9,814,517,128
493,89833,10,818,521,127
494,89946,23,818,514,136
495,90114,42,819,505,147
496,90310,21,678,502,12
497,90611,25,685,505,16
498,90695,9,708,525,16
499,90816,18,710,525,17
500,90955,12,712,522,24
501,91088,14,712,517,29
502,91208,19,718,523,29
503,91347,23,719,518,36
504,91526,25,720,506,48
505,91784,18,720,490,65
506,91883,9,734,503,65
507,92005,11,749,509,76
508,92122,14,750,510,76
509,92231,12,761,513,84
510,92350,15,766,509,93
511,92465,15,780,522,96
512,92583,11,785,527,96
513,92790,36,787,529,96
514,92969,25,785,519,105
515,93193,55,682,514,10
516,93293,13,684,516,10
517,93400,12,691,522,15
518,93527,14,698,522,22
519,93666,15,706,519,31
520,93788,15,706,509,40
521,93959,12,714,504,51
522,94108,17,720,510,51
523,94271,22,736,524,52
524,94417,13,742,530,51
525,94556,23,748,536,51
526,94673,12,755,539,48
527,94794,14,756,537,54
528,95049,25,760,536,62
529,95184,13,766,534,72
530,95262,7,783,544,76
531,95806,18,784,519,101
532,95920,16,809,539,107
533,96103,58,810,528,117
534,96289,15,702,535,0
535,96395,15,710,537,4
536,96524,12,735,557,8
537,96635,12,735,551,14
538,96747,15,737,544,25
539,96851,15,738,538,32
540,96956,14,744,541,37
541,97083,16,757,549,42
542,97327,22,759,532,56
543,97467,13,763,536,56
544,97576,17,763,536,56
545,97649,11,770,543,56
546,97752,15,794,560,58
547,97859,10,795,558,61
548,97960,7,794,556,67
549,98032,7,801,561,69
550,98097,8,804,560,69
551,98177,7,807,561,75
552,98236,8,810,560,79
553,98330,7,810,543,100
554,98385,7,816,548,102
555,98509,15,813,548,99
556,98629,14,823,554,98
557,98750,19,839,566,98
558,98834,9,838,570,93
559,98948,10,841,573,93
560,99105,24,843,581,85
561,99208,18,757,577,3
562,99407,45,763,583,3
563,99563,15,767,582,4
564,99671,7,781,590,6
565,99726,8,787,585,18
566,99803,23,793,587,21
567,99930,18,808,594,33
568,100062,15,818,602,35
569,100170,8,828,610,36
570,100807,572,834,600,51
571,100883,8,834,583,61
572,100947,9,837,584,61
573,101017,9,844,591,61
574,101087,8,844,591,61
575,101210,19,851,588,68
576,101361,33,850,577,80
577,101489,15,861,579,91
578,101628,64,861,582,86
579,101821,23,868,578,97
580,101937,15,867,576,98
581,102064,26,867,573,104
582,102331,51,771,566,16
583,102473,25,774,565,24
584,102641,24,785,563,31
585,102844,15,790,562,34
586,102997,15,792,558,40
587,103108,14,798,558,48
588,103232,14,802,560,47
589,103349,13,805,560,49
590,103470,12,809,564,49
591,103591,14,809,564,49
592,103721,15,816,569,49
593,103887,23,829,582,49
594,104031,26,832,584,50
595,104124,8,836,582,56
596,104181,8,842,581,67
597,104258,8,847,581,69
598,104326,8,853,586,72
599,104394,10,854,588,71
600,104545,12,860,591,72
601,104629,8,863,591,76
602,104699,8,868,591,83
603,104804,27,870,592,82
604,104908,8,873,594,84
605,104979,8,872,594,83
606,105061,20,881,602,82
607,105244,28,805,605,2
608,105382,17,812,591,20
609,106057,41,821,588,30
610,106208,10,826,588,30
611,106281,7,833,592,24
612,106363,8,837,596,22
613,106422,8,839,592,31
614,106480,8,843,598,29
615,106554,8,853,605,24
616,106663,15,854,601,26
617,106782,11,858,603,27
618,106888,11,861,605,28
619,107018,44,870,613,28
620,107197,26,868,609,30
621,107438,45,867,605,33
622,107623,22,867,602,37
623,107809,25,867,600,37
624,107972,28,872,605,37
625,108220,66,836,606,0
626,108379,26,847,617,0
627,108592,28,853,620,2
628,108851,38,855,613,13
629,109039,21,867,620,19
630,109214,20,875,625,22
631,109342,20,879,623,30
632,109511,19,881,621,33
633,109687,30,886,622,35
634,109883,21,894,621,41
635,110027,20,906,631,43
636,110159,9,916,639,44
637,110220,9,917,631,58
638,110304,7,920,616,77
639,110432,17,924,583,122
640,110562,17,926,576,135
641,110697,18,929,573,141
642,110827,21,929,574,140
643,110952,18,928,575,137
644,111201,85,795,570,9
645,111375,33,802,575,10
646,112212,14,807,533,66
647,112328,16,813,537,70
648,112460,15,815,539,70
649,112581,15,820,537,77
650,112691,14,829,541,81
651,112807,26,833,533,96
652,112926,15,844,533,107
653,113047,17,852,531,127
654,113167,20,862,519,151
655,113340,19,864,500,176
656,113553,35,868,481,201
657,113683,18,877,464,228
658,113799,14,880,463,233
659,113914,16,886,464,240
660,114036,19,898,476,240
661,114281,61,664,482,0
662,114376,16,674,491,2
663,114484,18,677,491,3
664,114628,28,683,497,3
665,114798,25,683,497,3
666,114967,13,694,490,20
667,115087,12,699,491,26
668,115203,12,704,496,26
669,115334,14,706,498,26
670,115446,7,717,489,45
671,115523,7,722,491,45
672,115578,7,731,497,47
673,115647,8,734,492,58
674,115735,8,736,480,73
675,115803,7,753,492,70
676,115880,7,761,500,70
677,115985,18,762,481,97
678,116118,18,767,484,97
679,116294,23,776,485,105
680,116426,15,788,487,113
681,116557,13,790,477,129
682,116681,15,799,473,136
683,116799,16,802,451,167
684,116931,13,801,452,165
685,117661,37,815,441,198
686,117944,28,620,435,16
687,118047,13,630,435,28
688,118171,16,641,445,28
689,118262,6,642,439,39
690,118340,6,643,436,43
691,118422,7,649,423,62
692,118501,7,656,430,62
693,118567,7,657,431,62
694,118644,7,658,426,69
695,118725,7,659,429,67
696,118810,6,670,440,67
697,118944,23,684,452,74
698,119061,15,684,449,77
699,119236,18,685,444,81
700,119392,9,694,453,81
701,119509,11,695,454,81
702,119631,13,698,457,81
703,119732,14,703,461,83
704,119817,7,708,463,88
705,119887,7,716,463,95
706,119945,7,716,462,96
707,120039,20,720,466,94
708,120244,40,633,469,2
709,120393,26,638,469,3
710,120585,17,640,470,4
711,120781,13,640,456,19
712,120887,7,651,466,18
713,120953,7,655,470,18
714,121043,15,664,479,18
715,121158,14,676,490,19
716,121275,14,681,493,23
717,121383,11,697,509,23
718,121497,13,705,516,24
719,121605,10,715,524,33
720,121725,14,722,531,33
721,121886,24,729,534,37
722,122063,32,734,535,37
723,122213,12,736,528,47
724,122328,14,748,536,49
725,126237,42,572,419,1
726,126375,14,572,405,16
727,126505,13,572,403,20
728,126622,10,572,401,22
729,126722,5,575,398,28
730,126836,5,582,404,29
731,127005,18,593,409,34
732,127137,11,608,417,41
733,127275,16,609,417,40
734,127437,15,620,426,40
735,127610,6,624,425,55
736,127708,11,629,429,56
737,127809,10,632,424,63
738,127918,16,633,423,65
739,128038,13,637,424,69
740,128128,6,647,433,70
741,128186,5,657,437,76
742,128253,6,660,441,75
743,128323,5,662,443,75
744,128401,9,662,443,75
745,128467,7,663,443,76
746,128559,6,664,446,73
747,128666,6,663,446,72
748,128798,26,675,455,77
749,128983,18,688,453,87
750,129171,50,605,454,1
751,129241,5,610,455,4
752,129298,6,620,460,6
753,129363,6,633,473,6
754,129425,5,637,479,4
755,129488,6,646,484,5
756,129560,6,648,484,8
757,129661,11,648,476,22
758,129761,14,642,475,16
759,129835,7,648,478,20
760,129932,8,649,479,20
761,130100,22,655,478,24
762,130314,36,664,481,31
763,130522,29,664,481,31
764,131018,356,669,476,48
765,131143,13,670,462,59
766,131277,15,672,461,62
767,131418,22,675,459,66
768,131587,37,687,470,67
769,131765,18,687,470,67
770,131987,14,691,470,73
771,132185,51,627,474,4
772,132323,14,634,478,5
773,132440,9,635,477,7
774,132568,13,643,485,7
775,132659,11,647,486,10
776,132783,13,651,486,12
777,132889,12,658,491,14
778,133054,20,660,491,14
779,133228,20,662,491,15
780,133378,10,666,492,17
781,133480,14,670,494,19
782,133620,7,670,492,20
783,133702,14,671,490,24
784,133818,13,676,494,24
785,133942,23,688,504,26
786,134108,12,696,509,29
787,134211,14,695,506,31
788,134332,25,703,514,31
789,134518,21,703,509,39
790,134691,14,709,499,49
791,134825,19,714,499,54
792,134942,14,716,494,61
793,135111,33,730,505,64
794,135257,15,667,506,0
795,135404,23,686,519,3
796,135539,13,689,521,3
797,135646,13,693,525,3
798,135838,22,695,527,3
799,135995,16,709,534,10
800,136189,26,710,531,16
801,136274,6,708,533,12
802,136339,7,711,535,11
803,136402,7,733,554,12
804,136468,7,735,556,12
805,136824,296,736,554,15
806,136926,11,747,558,20
807,137043,30,748,559,20
808,137260,32,753,563,21
809,137374,10,754,556,32
810,137472,7,759,560,33
811,137542,7,778,579,33
812,137611,7,779,580,33
813,137671,8,780,581,33
814,137726,8,778,579,33
815,137805,7,780,581,33
816,137862,8,780,581,33
817,138013,20,797,598,33
818,138151,25,776,610,0
819,138295,15,780,613,1
820,138400,18,780,613,1
821,138535,14,784,615,3
822,138658,18,792,621,3
823,138745,12,792,621,3
824,138861,15,795,623,4
825,138949,18,806,632,5
826,139063,21,807,630,7
827,139173,12,817,638,8
828,139384,63,827,646,10
829,139553,19,836,655,10
830,139684,16,843,655,9
831,139891,41,843,650,13
832,140056,20,843,641,24
833,140168,15,849,637,24
834,140307,19,853,617,57
835,140448,27,853,598,78
836,140575,17,861,604,80
837,140707,18,872,589,107
838,140831,14,873,583,114
839,140947,18,879,571,133
840,141092,27,881,569,140
841,141270,19,753,563,20
842,141397,17,762,572,20
843,141501,39,766,564,33
844,141996,338,768,566,33
845,142070,8,773,571,33
846,142151,7,775,573,33
847,142221,7,779,575,35
848,142287,8,797,578,58
849,142352,7,798,571,67
850,142440,17,802,564,77
851,142566,16,812,572,77
852,142782,9,826,570,97
853,142868,8,828,572,97
854,142999,20,831,566,110
855,143113,11,834,566,112
856,143181,8,841,565,123
857,143244,8,842,561,126
858,143313,8,844,561,129
859,143391,8,843,543,147
860,143469,8,845,540,152
861,143565,12,850,535,163
862,143646,8,859,542,165
863,143730,9,859,529,181
864,143876,18,871,519,209
865,144005,15,871,521,207
866,144217,36,667,511,13
867,144272,6,682,524,15
868,144364,7,688,520,26
869,144430,7,695,518,39
870,144505,7,695,519,38
871,144593,7,699,509,54
872,144654,7,700,510,54
873,144723,10,710,509,59
874,144840,39,715,511,63
875,145028,14,718,494,86
876,145145,10,719,491,90
877,145319,21,721,482,102
878,145452,20,732,479,121
879,145608,14,737,459,152
880,145717,9,741,446,171
881,145843,15,749,435,190
882,145975,34,755,430,202
883,146186,12,755,418,211
884,146780,21,754,393,236
885,146935,12,760,398,237
886,147081,23,766,402,239
887,147294,18,537,412,0
888,147405,8,555,427,0
889,147520,12,557,429,0
890,147632,7,575,445,2
891,147734,6,583,443,10
892,147790,6,585,444,11
893,147862,6,590,448,12
894,147928,14,599,454,12
895,148065,14,605,452,17
896,148172,10,612,457,19
897,148388,6,624,463,19
898,148453,6,629,467,19
899,148516,7,629,455,29
900,148585,6,634,460,29
901,148641,6,647,466,31
902,148710,5,653,469,32
903,148778,5,660,472,35
904,148846,6,671,482,37
905,148935,7,673,481,48
906,148996,6,682,490,48
907,149053,6,681,490,47
908,149121,7,690,497,49
909,149196,6,693,498,50
910,149253,6,692,490,57
911,149376,17,692,478,69
912,149617,16,694,465,84
913,149737,15,703,470,89
914,149804,6,714,476,94
915,149875,6,716,471,101
916,149934,7,728,483,101
917,149987,8,728,481,103
918,150072,17,743,498,99
919,150141,8,650,503,0
920,150205,6,651,503,0
921,150299,13,654,505,0
922,150422,10,660,508,2
923,150555,14,663,511,2
924,150745,13,674,519,5
925,153296,48,607,462,0
926,153415,10,609,464,0
927,153521,6,616,471,0
928,153584,5,621,476,0
929,153672,12,628,483,0
930,153887,16,629,484,0
931,153977,12,634,489,0
932,154068,8,645,500,0
933,154173,6,655,509,0
934,154233,5,675,528,0
935,154291,6,689,542,0
936,154353,6,696,548,0
937,154414,7,698,550,0
938,154479,6,702,554,0
939,154584,11,709,561,0
940,154684,11,714,566,0
941,154798,13,722,572,0
942,154958,30,724,574,0
943,155038,16,731,581,0
944,155113,8,733,583,0
945,155174,6,739,589,0
946,155238,7,740,590,0
947,155303,6,741,591,0
948,155365,7,742,592,0
949,155427,6,747,596,0
950,155482,7,757,606,0
951,155551,7,776,625,0
952,155610,7,776,625,0
953,155684,7,788,637,0
954,155746,7,790,639,0
955,155806,7,791,640,0
956,155891,12,800,649,0
957,156097,42,812,657,4
958,156255,14,812,661,0
959,156360,14,821,655,12
960,156420,7,827,655,17
961,156500,9,831,659,17
962,156566,7,834,662,17
963,156631,7,839,665,19
964,156700,9,850,674,22
965,156956,8,852,660,34
966,157019,8,857,663,36
967,157093,8,866,671,37
968,157183,21,866,671,37
969,157331,9,874,678,39
970,157450,23,870,675,37
971,157591,17,877,680,40
972,157715,13,881,677,49
973,157802,8,886,677,54
974,157867,8,893,684,54
975,157931,7,895,686,54
976,157991,8,897,683,57
977,158054,11,907,692,60
978,158119,9,913,691,67
979,158189,8,917,686,71
980,158251,8,919,681,75
981,158462,12,921,663,97
982,158524,8,930,672,94
983,158591,9,934,674,97
984,158665,15,935,675,97
985,158735,9,941,681,97
986,158855,13,941,675,103
987,159017,32,942,667,116
988,159346,124,828,662,4
989,159501,39,832,658,10
990,159626,11,834,653,10
991,159693,7,836,644,23
992,159756,8,843,650,24
993,159859,9,848,649,26
994,159934,8,857,658,26
995,160005,8,861,659,28
996,160078,9,863,659,29
997,160147,8,871,666,30
998,160215,9,882,670,30
999,160284,9,887,675,30
1000,160394,30,888,677,29
1001,160498,21,894,679,35
1002,160747,68,895,675,42
1003,161186,10,914,691,45
1004,161251,9,924,701,45
1005,161323,9,925,700,47
1006,161386,9,931,706,47
1007,161451,9,937,715,44
1008,161515,9,938,713,50
1009,161576,9,947,722,50
1010,161654,9,953,727,51
1011,161718,9,955,729,51
1012,161777,10,967,737,54
1013,161873,8,972,742,54
1014,161941,9,982,751,54
1015,162008,10,986,753,56
1016,162131,36,939,762,0
1017,162249,24,942,763,5
1018,162371,24,971,784,8
1019,162486,18,974,784,12
1020,162621,13,982,789,16
1021,162681,11,984,791,16
1022,162741,9,984,790,17
1023,162822,15,999,798,23
1024,162999,9,1004,793,27
1025,163052,10,1005,792,29
1026,163124,13,1005,791,31
1027,163190,9,1016,800,32
1028,163255,10,1021,803,32
1029,163317,10,1023,805,32
1030,163394,11,1025,806,31
1031,163464,10,1026,804,31
1032,163522,9,1027,805,30
1033,163597,11,1035,813,30
1034,163745,23,1039,813,33
1035,163868,18,1040,809,36
1036,164052,82,1040,807,38
1037,164260,10,1040,801,45
1038,164337,9,1041,802,45
1039,164402,11,1039,800,43
1040,164822,353,1041,797,46
1041,164895,9,1043,796,48
1042,164962,11,1043,792,50
1043,165017,10,1053,802,50
1044,165129,14,1023,818,1
1045,165194,10,1029,823,1
1046,165394,34,1031,814,15
1047,165531,25,1046,826,15
1048,165639,14,1050,827,15
1049,165710,11,1060,834,18
1050,165778,10,1071,844,18
1051,165843,11,1073,843,21
1052,165918,10,1073,840,23
1053,165980,11,1077,843,24
1054,166047,11,1086,852,24
1055,166278,22,1089,841,39
1056,166371,11,1097,843,44
1057,166447,11,1099,839,51
1058,166518,13,1097,838,51
1059,166617,26,1102,840,53
1060,166728,26,1105,842,53
1061,166865,24,1107,843,53
1062,166986,12,1108,839,56
1063,167061,10,1117,846,56
1064,167136,15,1118,847,56
1065,167199,11,1122,850,57
1066,167270,12,1126,854,57
1067,167336,10,1132,860,57
1068,167527,60,1140,857,67
1069,167653,13,1153,866,71
1070,167727,12,1153,864,71
1071,167793,11,1166,877,71
1072,167857,12,1171,882,71
1073,167934,10,1172,881,73
1074,168036,26,1180,887,73
1075,168263,75,1112,882,9
1076,168905,32,1112,853,34
1077,168999,11,1114,853,38
1078,169063,13,1119,858,38
1079,169139,10,1119,856,40
1080,169205,12,1114,857,34
1081,169274,13,1114,855,37
1082,169381,12,1115,856,37
1083,169457,10,1119,858,39
1084,169535,11,1123,857,50
1085,169607,11,1127,861,50
1086,169733,56,1127,861,50
1087,169807,20,1134,868,50
1088,169880,11,1142,875,50
1089,170008,48,1146,879,50
1090,170196,32,1149,882,49
1091,170399,42,1160,824,116
1092,170561,23,1166,823,127
1093,170690,22,1166,821,130
1094,170812,24,1172,825,130
1095,170940,23,1174,794,162
1096,171104,36,1175,797,160
1097,171370,62,1027,774,30
1098,171489,18,1027,739,74
1099,171716,28,1031,726,93
1100,171930,28,1037,732,93
1101,172047,13,1037,716,111
1102,172200,10,1040,694,138
1103,172318,18,1054,700,145
1104,172388,10,1054,684,164
1105,172462,11,1055,673,176
1106,172538,10,1061,675,173
1107,172623,11,1069,677,181
1108,172703,10,1084,688,184
1109,172775,10,1083,678,193
1110,172844,11,1088,677,195
1111,175745,2821,1102,516,395
1112,176322,35,635,436,16
1113,176393,8,639,440,16
1114,176452,6,651,451,16
1115,176514,6,654,454,16
1116,176578,6,683,480,16
1117,176667,13,691,487,16
1118,176779,15,694,489,18
1119,176900,16,700,495,18
1120,177027,15,700,486,34
1121,177243,60,678,490,8
1122,177405,18,685,488,14
1123,177511,6,697,491,21
1124,177573,6,698,484,30
1125,177648,10,706,491,31
1126,177722,6,722,493,52
1127,177783,6,730,489,60
1128,177853,10,739,486,71
1129,177908,7,747,491,74
1130,177966,7,749,493,74
1131,178023,8,767,509,74
1132,178091,7,769,511,74
1133,178162,8,774,516,72
1134,178225,7,779,521,72
1135,178293,8,781,517,79
1136,178375,8,784,514,85
1137,178436,8,794,516,96
1138,178548,19,801,520,104
1139,178685,16,805,492,136
1140,178797,12,809,490,141
1141,178927,14,819,480,165
1142,178987,8,821,471,176
1143,179053,7,825,472,177
1144,179119,12,831,478,177
1145,179184,7,834,480,178
1146,179237,8,833,479,181
1147,179298,8,832,471,189
1148,179549,198,833,464,197
1149,179620,8,834,467,195
1150,179691,8,844,468,204
1151,179756,7,845,467,204
1152,179811,7,855,476,204
1153,179870,9,852,460,211
1154,179926,8,854,460,212
1155,180074,20,858,453,217
1156,180345,82,642,437,31
1157,180404,7,642,424,52
1158,180461,7,653,434,58
1159,180518,6,659,436,60
1160,180588,6,663,439,60
1161,180649,7,667,442,60
1162,180709,7,670,441,64
1163,180769,8,682,453,61
1164,180834,6,686,457,61
1165,180895,7,693,462,61
1166,180947,6,695,464,61
1167,181012,7,704,473,60
1168,181074,7,708,477,60
1169,181142,7,714,483,60
1170,181210,7,714,483,60
1171,181271,7,724,493,60
1172,181344,14,726,495,60
1173,181456,11,731,500,60
1174,181578,17,736,505,60
1175,181698,15,746,511,60
1176,181766,7,751,516,57
1177,181845,8,752,517,57
1178,181908,8,774,538,54
1179,181977,8,775,539,54
1180,182037,7,776,540,54
1181,182100,7,777,541,54
1182,182172,7,784,548,54
1183,182244,9,784,548,54
1184,182310,7,790,554,52
1185,182379,8,795,558,52
1186,182455,8,801,564,52
1187,182542,11,801,564,52
1188,182976,22,804,567,52
1189,183158,41,755,564,6
1190,183256,16,757,559,7
1191,183371,12,767,567,8
1192,183474,7,770,568,8
1193,183541,7,770,567,9
1194,183609,7,773,569,10
1195,183678,8,776,569,12
1196,183739,7,776,562,20
1197,183807,8,777,561,22
1198,183866,8,790,574,22
1199,183934,9,798,580,24
1200,184005,8,798,580,24
1201,184073,8,800,582,24
1202,184138,8,806,580,25
1203,184212,8,822,577,38
1204,184278,8,832,577,43
1205,184377,20,835,568,56
1206,184488,16,842,568,62
1207,184605,14,849,564,72
1208,184734,19,861,566,81
1209,184803,8,861,566,81
1210,184870,9,862,566,81
1211,184940,9,862,567,80
1212,184999,9,863,568,80
1213,185060,7,867,570,83
1214,185135,9,870,572,84
1215,185196,12,868,566,87
1216,185263,8,870,564,93
1217,185326,8,886,580,93
1218,185386,8,900,585,100
1219,185450,9,904,588,103
1220,185514,9,924,607,104
1221,185576,9,929,607,107
1222,185642,9,932,605,109
1223,185716,10,932,592,121
1224,185831,15,940,592,127
1225,185949,23,949,599,130
1226,186436,377,953,597,137
1227,186543,11,827,600,9
1228,186607,8,830,602,10
1229,186675,8,836,607,11
1230,186743,8,838,605,15
1231,186807,8,838,605,15
1232,186860,8,844,611,15
1233,186932,7,846,612,17
1234,186994,8,851,616,17
1235,187052,8,858,621,19
1236,187113,9,868,628,21
1237,187170,9,878,636,23
1238,187234,8,882,640,23
1239,187300,8,888,646,23
1240,187367,9,903,654,27
1241,187434,9,903,653,27
1242,187505,9,908,658,27
1243,187640,25,911,658,31
1244,187764,17,914,658,34
1245,187881,22,914,654,38
1246,187994,12,919,649,47
1247,188052,9,920,644,51
1248,188114,10,920,643,51
1249,188173,9,921,634,65
1250,188231,10,930,641,65
1251,188293,9,937,648,65
1252,188359,10,939,645,65
1253,188429,10,941,643,67
1254,188499,10,941,643,68
1255,188572,9,942,641,72
1256,188635,10,958,655,72
1257,188784,10,958,656,71
1258,188854,10,960,660,69
1259,188916,9,966,663,72
1260,188985,9,971,664,77
1261,189148,23,900,669,1
1262,189267,20,902,667,5
1263,189375,18,909,672,7
1264,189836,387,911,653,28
1265,189932,9,917,650,38
1266,189994,8,919,649,40
1267,190052,10,936,663,40
1268,190112,10,940,665,42
1269,190180,10,943,667,44
1270,190245,8,948,668,49
1271,190313,10,959,674,55
1272,190388,9,959,672,55
1273,190500,22,971,681,55
1274,190629,24,982,687,56
1275,190739,17,984,689,56
1276,190791,10,994,695,60
1277,190856,10,995,696,60
1278,191026,10,1000,701,60
1279,191096,11,1015,716,60
1280,191161,12,1019,720,60
1281,191232,9,1022,713,62
1282,191291,9,1033,723,62
1283,191355,10,1033,721,64
1284,191423,11,1036,719,67
1285,191488,10,1044,726,72
1286,191548,10,1041,724,70
1287,191647,12,1058,734,76
1288,191713,11,1062,736,78
1289,191821,22,1062,735,79
1290,191948,23,1061,727,83
1291,192244,72,972,710,13
1292,192304,9,972,702,21
1293,192377,11,980,710,21
1294,192444,10,980,707,24
1295,192513,11,984,709,26
1296,192583,11,986,708,30
1297,192641,10,992,711,33
1298,192707,11,1000,718,33
1299,192775,10,1013,721,44
1300,192847,10,1019,727,44
1301,195339,2445,1028,670,113
1302,195565,96,916,669,3
1303,195670,9,936,685,4
1304,195739,9,938,686,5
1305,195802,8,945,680,17
1306,195865,9,956,689,18
1307,195934,9,957,685,21
1308,196000,9,958,683,21
1309,196064,9,959,684,21
1310,196134,10,968,691,21
1311,196291,9,975,698,20
1312,196359,9,981,703,21
1313,196419,8,982,700,25
1314,196483,8,983,698,28
1315,196547,10,984,696,34
1316,196623,8,1009,720,36
1317,196693,14,1023,732,37
1318,196812,20,1026,733,38
1319,196908,16,1029,735,40
1320,197056,39,1033,738,41
1321,197192,11,1032,734,47
1322,197262,10,1040,742,47
1323,197462,10,1040,741,49
1324,197525,9,1040,741,49
1325,197588,9,1058,753,48
1326,197654,10,1060,754,48
1327,197721,9,1067,753,55
1328,197800,10,1074,758,55
1329,197875,9,1076,760,55
1330,197932,9,1089,772,56
1331,197998,10,1098,781,56
1332,198135,32,1099,783,54
1333,198250,22,1050,783,5
1334,198376,17,1056,784,9
1335,198621,59,1062,790,9
1336,198721,19,1070,797,9
1337,199006,10,1082,803,12
1338,199076,9,1083,800,17
1339,199137,11,1086,796,23
1340,199200,9,1087,797,23
1341,199252,10,1091,801,23
1342,199320,11,1095,800,28
1343,199383,10,1102,802,28
1344,199451,10,1103,797,34
1345,199519,11,1105,798,35
1346,199583,12,1102,798,32
1347,199666,27,1110,805,32
1348,199797,24,1120,814,32
1349,199918,23,1125,811,39
1350,200010,11,1131,816,39
1351,200069,10,1134,819,39
1352,200133,10,1137,822,39
1353,200194,10,1140,825,39
1354,200290,15,1141,817,59
1355,200366,10,1145,805,77
1356,200437,10,1167,826,77
1357,200504,10,1172,820,92
1358,200581,13,1173,818,104
1359,200779,75,1175,811,112
1360,200894,12,1186,794,143
1361,200973,11,1192,784,158
1362,201172,26,1018,774,0
1363,201286,21,1021,760,15
1364,201402,10,1021,760,15
1365,201492,9,1030,768,16
1366,201558,9,1033,762,24
1367,201653,26,1036,762,29
1368,201751,11,1043,759,40
1369,201999,59,1051,750,59
1370,202084,9,1064,754,76
1371,202150,9,1072,747,93
1372,202230,10,1080,751,101
1373,202961,402,1081,658,201
1374,203149,50,1096,663,209
1375,203230,13,1108,675,209
1376,203300,13,1109,676,209
1377,203391,12,1109,676,209
1378,203472,12,1113,680,209
1379,203551,11,1112,681,207
1380,203628,12,1114,683,207
1381,203700,13,1129,698,204
1382,203781,12,1133,702,204
1383,203866,11,1137,706,204
1384,203935,11,1146,713,204
1385,204099,29,1153,720,204
1386,204384,19,950,721,0
1387,204453,10,959,730,0
1388,204514,10,964,735,0
1389,204588,9,968,737,0
1390,204660,10,976,745,0
1391,204734,15,979,748,0
1392,204809,11,983,752,0
1393,204887,11,985,753,0
1394,204964,11,988,756,0
1395,205027,11,998,766,0
1396,205095,11,1005,773,0
1397,205172,11,1016,784,0
1398,205251,10,1026,794,0
1399,205395,53,1039,807,0
1400,205537,33,1060,826,0
1401,205654,23,1063,829,0
1402,205768,12,1064,830,0
1403,205828,12,1073,838,2
1404,205906,10,1076,841,2
1405,205979,11,1087,852,2
1406,206053,15,1092,857,2
1407,206120,14,1109,872,2
1408,206193,11,1133,896,2
1409,206705,10,1134,841,61
1410,206809,18,1136,842,62
1411,206960,29,1137,817,91
1412,207085,24,1146,812,106
1413,207165,13,1047,819,0
1414,207226,10,1054,817,10
1415,207286,10,1057,817,11
1416,207359,10,1063,813,22
1417,207421,11,1068,817,22
1418,207490,10,1077,826,22
1419,207656,56,1085,820,38
1420,207742,10,1087,810,49
1421,207809,10,1088,798,64
1422,207878,10,1094,787,86
1423,207939,10,1095,785,90
1424,208006,11,1106,786,98
1425,208116,16,1106,773,108
1426,208244,26,1115,767,126
1427,208363,22,1115,759,133
1428,208472,12,1120,755,146
1429,208534,11,1125,757,149
1430,208609,11,1131,761,152
1431,208708,36,1135,761,153
1432,208858,10,1143,757,167
1433,208925,11,1156,762,176
1434,208998,10,1167,770,177
1435,209061,12,1171,762,185
1436,209139,11,1181,766,191
1437,209211,11,1183,760,199
1438,209278,11,1183,751,207
1439,209349,10,1185,754,206
1440,209414,11,1198,769,203
1441,209509,25,1206,777,203
1442,209636,22,1211,780,203
1443,209755,23,1219,783,209
1444,210289,428,1219,761,235
1445,210470,56,979,747,9
1446,210539,10,985,751,10
1447,210608,11,1004,763,16
1448,210681,11,1006,751,30
1449,210753,10,1015,760,30
1450,210832,20,1027,757,45
1451,211009,70,1028,741,66
1452,211178,21,1045,740,84
1453,211251,10,1068,751,87
1454,211311,9,1078,757,90
1455,211364,10,1090,764,91
1456,211427,10,1092,755,103
1457,211487,10,1092,745,111
1458,211547,10,1106,753,115
1459,211623,11,1113,755,115
1460,211700,10,1115,755,117
1461,211767,10,1117,751,127
1462,211831,12,1124,750,135
1463,211913,12,1130,736,168
1464,211978,11,1136,737,175
1465,212047,12,1139,730,187
1466,212143,10,1148,733,188
1467,212242,24,1157,727,208
1468,212366,24,1172,724,222
1469,212486,27,1172,722,224
1470,212592,12,1193,733,237
1471,212662,12,1197,737,237
1472,212731,11,1200,742,235
1473,212795,11,1213,757,232
1474,212855,12,1216,760,232
1475,212918,11,1221,766,231
1476,212984,12,1227,772,231
1477,213071,18,1228,773,231
1478,213322,14,1001,776,2
1479,213719,21,1006,762,27
1480,213842,23,1006,754,36
1481,213949,18,1014,760,37
1482,214034,10,1025,768,40
1483,214105,11,1031,765,51
1484,214162,10,1032,758,59
1485,214222,10,1035,758,60
1486,214289,11,1039,760,59
1487,214471,11,1045,755,72
1488,214543,11,1051,759,72
1489,214611,10,1054,761,72
1490,214675,11,1057,764,72
1491,214744,10,1058,767,70
1492,214811,11,1062,769,72
1493,214879,11,1063,768,75
1494,214940,10,1063,762,81
1495,215018,23,1068,764,83
1496,215149,22,1068,757,89
1497,215272,26,1071,757,95
1498,215393,16,1073,751,108
1499,215530,60,1074,750,112
1500,215633,10,1074,743,119
1501,215698,12,1077,737,129
1502,215766,10,1088,746,131
1503,215844,10,1095,752,130
1504,215913,11,1097,743,142
1505,215979,11,1103,748,144
1506,216070,14,1105,749,145
1507,216173,15,967,756,0
1508,216254,9,968,757,0
1509,216326,9,968,757,0
1510,216410,27,972,760,0
1511,216537,16,973,752,10
1512,216770,42,979,744,24
1513,216881,21,997,757,27
1514,216964,9,999,757,29
1515,217322,13,999,744,38
1516,217377,10,1000,745,38
1517,217442,10,1000,739,41
1518,217508,10,1005,740,43
1519,217568,10,1010,742,45
1520,217628,10,1014,746,45
1521,217694,10,1025,751,51
1522,217797,37,1029,745,64
1523,217896,11,1032,748,64
1524,218021,25,1038,745,71
1525,218140,24,1038,741,81
1526,218250,21,1051,748,84
1527,218307,9,1055,747,87
1528,218375,10,1059,750,88
1529,218460,12,1061,750,89
1530,218520,9,1061,747,92
1531,218588,10,1061,736,103
1532,218652,10,1061,732,103
1533,218724,11,1066,730,108
1534,218789,10,1070,733,111
1535,218965,48,1073,724,126
1536,219062,28,1079,729,127
1537,219221,59,957,730,7
1538,219329,21,958,723,18
1539,219444,19,958,718,22
1540,219564,24,966,724,24
1541,219663,10,969,726,24
1542,219725,10,976,733,24
1543,219798,10,982,739,24
1544,219867,12,986,743,24
1545,219933,9,988,744,25
1546,220092,44,996,743,30
1547,220153,9,1002,748,30
1548,220221,10,1011,752,32
1549,220305,12,1018,758,32
1550,220371,10,1022,755,42
1551,220792,355,1024,739,52
1552,220919,21,1030,740,60
1553,221051,21,1030,741,61
1554,221259,17,1032,729,81
1555,221320,10,1034,730,80
1556,221375,10,1038,729,84
1557,221447,10,1047,737,84
1558,221511,11,1062,750,85
1559,221576,11,1065,753,86
1560,221649,11,1066,749,87
1561,221726,11,1067,751,86
1562,221793,10,1069,751,87
1563,221864,11,1082,764,87
1564,221935,13,1083,765,87
1565,222006,10,1084,766,87
1566,222147,43,999,768,0
1567,222227,22,1014,780,0
1568,222381,23,1021,785,5
1569,222491,18,1025,782,11
1570,222624,28,1033,781,15
1571,222708,10,1034,780,19
1572,222770,10,1034,780,20
1573,222861,18,1038,781,20
1574,222992,10,1041,782,22
1575,223057,11,1051,792,22
1576,223126,11,1050,793,20
1577,223188,11,1052,795,20
1578,223262,11,1063,806,20
1579,223418,46,1071,812,20
1580,223547,10,1076,817,20
1581,223624,12,1079,820,20
1582,223745,20,1081,822,20
1583,223872,25,1086,827,20
1584,223992,21,1094,837,16
1585,224134,17,1109,852,16
1586,224253,24,1117,860,16
1587,227121,2811,1119,780,91
1588,227292,30,1028,771,7
1589,227378,12,1031,771,10
1590,227496,15,1035,775,10
1591,227585,9,1042,780,10
1592,227695,10,1046,780,12
1593,227776,20,1048,780,12
1594,227880,18,1049,775,17
1595,227972,16,1050,772,17
1596,228158,76,1033,771,1
1597,228297,20,1038,773,4
1598,228531,17,1047,774,10
1599,228740,72,1047,771,11
1600,228837,11,1055,779,11
1601,228905,10,1069,791,11
1602,228967,10,1071,793,11
1603,229035,9,1072,797,8
1604,229104,11,1074,798,9
1605,229172,9,1076,798,12
1606,229232,10,1080,800,14
1607,229298,10,1083,802,14
1608,229364,10,1096,807,23
1609,229428,10,1100,807,26
1610,229494,11,1100,804,30
1611,229573,16,1098,804,28
1612,229638,11,1098,803,29
1613,229709,11,1104,805,34
1614,229838,72,1106,800,44
1615,229971,29,1106,797,48
1616,230098,20,1108,799,50
1617,230232,25,1111,782,73
1618,230335,13,1117,760,104
1619,230414,10,1119,743,126
1620,230489,14,1131,750,127
1621,230555,11,1139,739,151
1622,230626,12,1145,728,172
1623,231064,29,1147,680,231
1624,231221,54,930,689,6
1625,231287,10,932,690,2
1626,231422,17,945,684,25
1627,231553,24,946,647,70
1628,231650,10,946,622,98
1629,231715,10,954,622,104
1630,231788,10,959,622,105
1631,231868,10,957,621,105
1632,231935,9,969,633,105
1633,232003,10,988,652,105
1634,232195,58,989,641,116
1635,232275,10,997,613,154
1636,232346,10,998,614,154
1637,232423,11,1000,616,154
1638,232496,11,1008,625,153
1639,232571,10,1008,620,160
1640,232685,25,1006,621,157
1641,232812,21,1014,629,157
1642,232953,22,1015,630,157
1643,233222,16,1019,627,164
1644,233332,16,1029,632,169
1645,233450,24,1030,613,191
1646,233571,23,1033,601,207
1647,233691,26,1034,600,213
1648,233805,20,1043,597,228
1649,233931,22,1042,579,251
1650,234134,48,1060,586,264
1651,234397,26,808,589,6
1652,234508,17,811,585,15
1653,234672,26,825,585,31
1654,234809,15,839,570,58
1655,234917,9,844,568,66
1656,234985,9,854,564,82
1657,235055,10,859,568,82
1658,235470,33,862,552,101
1659,235640,37,873,559,102
1660,235833,19,876,551,112
1661,235933,13,892,546,138
1662,236012,10,894,541,152
1663,236152,19,907,542,167
1664,236286,21,911,538,182
1665,236387,10,914,541,182
1666,236470,10,921,548,182
1667,236540,11,924,551,182
1668,236607,10,926,553,182
1669,236684,11,933,560,182
1670,236797,21,937,559,187
1671,236936,37,937,551,198
1672,237170,12,734,543,3
1673,237239,8,735,535,12
1674,237326,7,753,550,15
1675,237390,7,761,547,22
1676,237475,8,766,538,35
1677,237544,8,783,547,48
1678,237607,7,786,547,50
1679,237685,10,788,549,50
1680,237754,8,796,546,63
1681,237824,8,812,549,73
1682,237894,8,827,563,74
1683,237954,8,831,566,75
1684,238016,9,835,561,92
1685,238101,11,846,569,95
1686,238200,20,847,561,105
1687,238312,16,850,564,105
1688,238451,33,851,565,105
1689,238575,8,851,552,116
1690,238640,8,852,550,121
1691,238719,22,854,555,118
1692,238855,19,863,555,128
1693,238944,8,865,544,146
1694,239017,8,871,537,161
1695,239143,10,873,537,162
1696,239549,8,878,529,180
1697,239697,20,889,531,187
1698,239811,20,894,535,186
1699,239929,10,904,539,192
1700,239994,9,905,540,192
1701,240171,39,725,550,2
1702,240237,8,730,555,2
1703,240318,8,739,564,2
1704,240389,8,739,563,4
1705,240451,7,742,562,6
1706,240521,7,744,562,6
1707,240604,9,746,561,10
1708,240669,7,747,552,19
1709,240752,7,753,556,19
1710,240826,8,759,558,23
1711,240937,20,764,559,26
1712,241071,16,765,555,31
1713,241208,17,764,551,30
1714,241323,9,768,546,37
1715,241399,9,775,538,54
1716,241462,9,777,539,55
1717,241537,9,783,536,65
1718,241608,9,785,533,71
1719,241680,9,801,540,78
1720,241746,8,810,550,76
1721,241823,9,813,551,77
1722,241896,9,826,560,81
1723,241964,9,838,570,80
1724,242041,9,838,567,83
1725,242118,12,839,566,84
1726,242197,9,846,568,83
1727,242268,9,852,573,85
1728,242399,22,862,578,89
1729,242549,25,866,573,98
1730,242693,23,871,575,102
1731,242788,9,871,570,111
1732,242868,18,879,577,111
1733,242975,9,880,563,129
1734,243442,14,881,545,147
1735,243543,16,749,560,0
1736,243616,9,752,563,0
1737,243690,13,756,564,0
1738,243768,15,757,565,0
1739,243901,23,760,565,3
1740,244018,17,762,561,8
1741,244121,8,764,559,14
1742,244187,8,769,559,21
1743,244257,9,773,559,24
1744,244335,9,785,571,24
1745,244417,11,793,579,24
1746,244507,10,796,576,29
1747,244591,8,807,579,37
1748,244670,9,817,579,37
1749,244743,9,824,583,39
1750,244820,10,831,587,40
1751,244897,11,843,595,39
1752,244972,10,860,611,39
1753,245049,8,863,605,47
1754,245177,24,875,615,49
1755,245302,21,878,612,55
1756,245427,19,880,600,65
1757,245527,10,888,605,68
1758,245602,9,888,605,68
1759,245687,10,891,607,70
1760,245752,9,893,607,74
1761,245829,10,895,605,78
1762,245907,8,896,603,81
1763,245979,10,910,613,87
1764,246051,11,910,613,87
1765,246182,55,826,610,6
1766,246276,9,827,605,11
1767,246341,9,847,624,11
1768,246399,8,848,624,12
1769,246512,29,853,622,16
1770,246649,27,853,621,17
1771,247187,19,860,614,32
1772,247294,10,866,618,32
1773,247364,10,878,629,33
1774,247441,10,882,630,36
1775,247525,11,888,631,39
1776,247603,8,895,633,45
1777,247685,10,909,639,53
1778,247771,11,913,638,57
1779,247845,10,917,642,57
1780,247920,11,920,644,59
1781,247998,14,932,653,60
1782,248065,12,936,656,60
1783,248150,10,939,651,68
1784,248240,18,963,671,69
1785,248349,17,971,676,71
1786,248496,21,971,673,74
1787,248627,24,979,684,72
1788,248722,12,985,688,72
1789,248804,10,989,689,74
1790,248867,11,999,696,78
1791,248942,11,1002,699,72
1792,249034,18,1012,706,74
1793,249149,24,949,717,0
1794,249231,13,952,720,0
1795,249296,9,959,724,4
1796,249370,11,964,725,4
1797,249448,10,968,724,9
1798,249526,11,971,725,11
1799,249594,10,971,723,14
1800,249668,11,975,726,14
1801,249793,25,987,726,28
1802,249987,57,988,721,28
1803,250143,20,994,726,29
1804,250228,11,1001,730,31
1805,250307,10,1002,727,35
1806,250428,15,1004,726,35
1807,250541,14,1016,736,36
1808,253207,2611,1026,735,52
1809,253465,91,899,670,5
1810,253533,10,910,677,10
1811,253594,9,924,688,10
1812,253665,8,931,691,14
1813,253734,9,935,695,14
1814,253801,10,938,698,14
1815,253875,10,948,707,17
1816,253944,8,954,711,21
1817,254013,9,957,711,23
1818,254130,43,978,731,23
1819,254254,8,978,721,24
1820,254324,11,985,728,24
1821,254399,10,987,730,24
1822,254518,22,989,732,24
1823,254636,16,993,736,24
1824,254786,21,993,736,24
1825,254893,12,1002,743,24
1826,254970,10,1007,746,24
1827,255051,15,1008,747,24
1828,255147,13,990,752,0
1829,255281,18,998,758,0
1830,255345,10,1003,763,0
1831,255436,10,1011,771,0
1832,255498,11,1024,783,0
1833,255564,8,1033,790,0
1834,255638,10,1044,801,0
1835,255706,9,1055,810,0
1836,255765,10,1058,813,0
1837,255880,34,1062,817,0
1838,256066,35,1065,820,0
1839,256310,77,1067,822,0
1840,256510,15,1076,831,0
1841,256608,11,1078,833,0
1842,256686,10,1093,848,0
1843,256759,10,1096,851,0
1844,257030,209,1108,862,0
1845,257100,11,1110,864,0
1846,257169,12,1120,874,0
1847,257235,12,1127,881,0
1848,257295,12,1135,886,2
1849,257364,12,1137,887,3
1850,257512,23,1146,895,4
1851,257647,29,1150,890,9
1852,257792,27,1152,891,10
1853,257864,12,1157,893,12
1854,257922,12,1161,897,11
1855,257992,12,1161,897,11
1856,258094,31,1168,907,9
1857,258184,23,1157,903,2
1858,258261,11,1158,902,5
1859,258324,14,1160,904,5
1860,258387,12,1168,912,5
1861,258549,39,1172,915,6
1862,258609,10,1182,923,9
1863,258685,11,1188,927,11
1864,258741,12,1190,929,11
1865,258824,26,1191,930,11
1866,258950,27,1191,924,18
1867,259074,26,1192,920,23
1868,259181,16,1203,928,25
1869,259242,11,1204,928,25
1870,259320,22,1213,935,26
1871,259448,10,1216,926,38
1872,259506,11,1222,930,39
1873,259673,42,1225,929,40
1874,259743,12,1225,923,41
1875,259803,11,1232,930,41
1876,259872,11,1233,931,41
1877,259939,11,1244,938,45
1878,260018,11,1258,951,47
1879,260083,12,1260,950,48
1880,260425,285,1273,906,114
1881,260566,24,1274,863,162
1882,260771,69,1279,832,197
1883,260885,13,1284,837,197
1884,260969,12,1287,829,210
1885,261044,23,1295,830,219
1886,261192,52,1082,828,7
1887,261274,11,1086,821,16
1888,261354,10,1086,808,31
1889,261423,10,1092,799,50
1890,261485,10,1100,796,60
1891,261550,10,1113,808,60
1892,261626,12,1120,799,82
1893,261695,14,1134,778,120
1894,261789,23,1146,759,153
1895,261900,30,1156,744,183
1896,262016,26,1171,750,191
1897,262168,26,1174,750,192
1898,262237,10,1180,756,192
1899,262301,10,1181,756,192
1900,262373,11,1182,752,192
1901,262437,10,1185,745,203
1902,262499,10,1185,745,203
1903,262568,11,1194,753,205
1904,262641,11,1201,750,216
1905,262723,15,1209,756,217
1906,262822,41,1210,751,223
1907,263044,14,1211,740,234
1908,263121,13,1216,743,234
1909,263241,27,1218,743,236
1910,263365,27,1218,743,235
1911,263477,26,1220,740,245
1912,263583,15,1226,746,245
1913,263957,321,1234,726,276
1914,264075,61,1234,724,279
1915,264364,53,957,726,0
1916,264423,9,968,726,10
1917,264502,10,970,714,29
1918,264607,26,977,704,46
1919,264753,25,986,692,69
1920,264838,9,990,690,74
1921,264899,10,991,684,78
1922,264971,10,998,682,86
1923,265040,10,1001,679,96
1924,265103,10,1002,677,99
1925,265176,10,1005,680,99
1926,265310,66,1007,682,99
1927,265443,10,1014,678,108
1928,265509,10,1014,677,110
1929,265583,10,1025,684,113
1930,265652,10,1041,698,113
1931,265737,11,1045,699,116
1932,265829,34,1047,695,124
1933,265948,27,1057,704,125
1934,266084,25,1067,701,136
1935,266170,11,1077,709,140
1936,266237,11,1080,706,150
1937,266304,12,1084,710,150
1938,266429,55,1088,713,151
1939,266629,10,1096,690,183
1940,266703,11,1103,688,191
1941,266778,11,1107,684,202
1942,266846,11,1114,687,204
1943,266922,15,1116,687,207
1944,266990,11,1124,695,207
1945,267155,57,1128,696,213
1946,267309,27,921,672,42
1947,267891,473,924,639,79
1948,267976,11,926,625,93
1949,268046,10,931,632,90
1950,268165,18,934,626,100
1951,268286,22,937,622,107
1952,268357,9,954,631,115
1953,268418,9,955,622,126
1954,268485,9,958,625,126
1955,268563,10,956,610,137
1956,268631,11,958,610,137
1957,268695,11,968,618,139
1958,268790,11,971,617,143
1959,268862,15,971,608,154
1960,268926,10,976,606,165
1961,269052,23,989,612,173
1962,269199,26,990,610,177
1963,269317,22,996,616,177
1964,269386,10,994,616,175
1965,269454,11,998,620,175
1966,269522,10,999,621,175
1967,269591,9,1014,636,175
1968,269658,15,1027,643,182
1969,269733,11,1027,643,182
1970,269896,58,1040,652,186
1971,269989,10,1056,664,188
1972,270090,22,1065,673,191
1973,270197,14,875,673,1
1974,270267,9,883,672,10
1975,270348,23,891,675,19
1976,270472,20,898,658,36
1977,270583,20,902,642,57
1978,270708,20,905,637,62
1979,270772,12,909,630,73
1980,270865,21,911,616,88
1981,271056,53,917,612,96
1982,271171,11,924,613,105
1983,271240,10,921,607,109
1984,271300,10,932,620,107
1985,271703,9,932,587,160
1986,271893,87,938,591,159
1987,271961,10,941,589,164
1988,272020,10,956,602,166
1989,272090,10,956,601,166
1990,272230,13,964,609,166
1991,272293,11,981,625,166
1992,272350,10,988,632,166
1993,272411,10,988,634,163
1994,272480,11,994,631,173
1995,272552,12,1004,635,180
1996,272619,10,1010,640,181
1997,272689,11,1012,642,181
1998,272753,11,1022,652,178
1999,272825,15,1027,652,183
2000,272888,10,1036,661,183
2001,273039,32,1041,656,191
2002,273480,224,850,656,0
2003,273601,20,853,652,10
2004,273710,17,855,651,13
2005,273825,17,868,656,21
2006,273938,17,868,655,23
2007,274062,17,875,663,22
2008,274160,9,877,664,23
2009,274228,13,883,661,33
2010,274296,9,888,662,39
2011,274363,9,890,656,47
2012,274497,23,896,655,53
2013,274623,25,900,656,55
2014,274741,23,903,653,67
2015,274824,9,908,654,71
2016,274885,9,908,642,75
2017,274945,10,916,649,76
2018,275012,10,927,658,77
2019,275082,10,929,659,77
2020,275156,9,943,672,76
2021,278001,34,944,546,211
2022,278167,19,742,539,17
2023,278235,7,752,546,22
2024,278293,7,753,547,22
2025,278367,7,770,561,25
2026,278425,9,771,562,25
2027,278495,8,771,562,25
2028,278637,8,772,562,26
2029,278694,7,779,563,30
2030,278759,7,783,566,32
2031,278828,9,781,566,30
2032,278888,7,791,574,30
2033,278950,7,793,576,30
2034,279011,8,806,586,33
2035,279137,44,787,596,2
2036,279266,18,788,588,7
2037,279391,19,792,590,9
2038,279509,19,794,589,11
2039,279624,18,801,596,11
2040,279834,8,808,597,13
2041,279883,8,809,595,17
2042,279946,7,819,605,17
2043,280023,8,822,607,17
2044,280078,8,832,617,17
2045,280141,9,841,625,17
2046,280211,8,851,621,30
2047,280298,8,855,622,32
2048,280362,9,871,637,34
2049,280420,8,875,640,32
2050,280486,10,883,645,32
2051,280560,9,899,656,37
2052,280619,8,910,666,39
2053,280768,19,924,680,39
2054,280981,23,931,687,39
2055,281099,22,936,692,39
2056,281177,9,945,701,39
2057,281245,10,953,709,38
2058,281527,229,956,712,38
2059,281590,9,960,716,38
2060,281649,10,966,723,36
2061,281721,9,968,725,36
2062,281784,9,970,727,36
2063,281855,10,983,740,36
2064,281932,10,988,745,36
2065,282057,14,996,753,36
2066,282174,31,965,758,0
2067,282296,20,970,763,0
2068,282416,17,972,765,0
2069,282518,10,974,767,0
2070,282590,10,987,780,0
2071,282648,9,990,783,0
2072,282714,10,998,791,0
2073,282771,10,999,792,0
2074,282828,10,1001,794,0
2075,282895,11,1009,801,0
2076,282967,11,1024,816,0
2077,283103,60,1027,819,0
2078,283231,9,1035,827,0
2079,283294,12,1040,829,1
2080,283356,10,1048,836,2
2081,283429,9,1050,836,6
2082,283547,45,1051,837,6
2083,283698,35,1059,831,18
2084,283866,26,1059,832,18
2085,283996,21,1058,817,30
2086,284071,12,1060,818,30
2087,284134,10,1061,819,30
2088,284196,19,1061,818,31
2089,284352,10,1070,824,34
2090,284416,11,1088,840,34
2091,284490,10,1091,843,34
2092,284571,10,1094,846,34
2093,284637,11,1096,837,47
2094,284708,10,1119,859,47
2095,285108,328,1124,857,52
2096,285278,38,1077,855,6
2097,285500,27,1078,840,18
2098,285582,11,1084,844,19
2099,285644,10,1086,841,25
2100,285712,10,1100,851,27
2101,285772,10,1114,863,29
2102,285831,11,1114,860,32
2103,285892,10,1121,864,35
2104,285965,12,1123,865,36
2105,286026,12,1130,870,38
2106,286099,14,1127,870,35
2107,286175,12,1129,872,37
2108,286241,11,1132,874,37
2109,286314,11,1134,876,37
2110,286395,12,1135,877,37
2111,286507,48,1136,877,38
2112,286668,39,1138,873,43
2113,286829,38,1144,866,60
2114,287000,44,1149,871,60
2115,287155,22,1151,870,63
2116,287263,18,1153,871,64
2117,287359,21,1157,875,64
2118,287465,23,1166,882,68
2119,287705,68,1169,873,79
2120,287871,23,1174,873,84
2121,287944,12,1177,876,84
2122,288011,15,1177,873,87
2123,288269,162,1085,867,4
2124,288444,36,1087,863,10
2125,288611,27,1092,864,14
2126,288744,36,1095,867,14
2127,288895,24,1095,864,17
2128,289016,19,1100,868,18
2129,289478,15,1101,850,37
2130,289540,12,1108,856,38
2131,289649,23,1111,853,43
2132,289813,49,1122,859,44
2133,289943,10,1131,863,46
2134,290019,15,1144,876,46
2135,290203,12,1151,878,51
2136,290274,11,1149,878,49
2137,290339,11,1155,885,48
2138,290415,12,1158,888,48
2139,290493,12,1168,891,55
2140,290567,14,1174,890,62
2141,290635,12,1183,892,69
2142,290716,12,1177,885,72
2143,290791,12,1182,890,72
2144,290889,38,1187,874,96
2145,291089,28,1190,834,146
2146,291276,47,1045,817,15
2147,291340,11,1046,795,38
2148,291401,11,1053,787,62
2149,291466,11,1066,770,96
2150,291545,11,1070,754,132
2151,291613,10,1074,741,154
2152,291678,12,1082,747,154
2153,291744,12,1085,747,157
2154,291822,11,1089,744,166
2155,291887,11,1097,752,166
2156,291992,39,1099,743,177
2157,292152,12,1104,709,224
2158,292230,11,1109,700,237
2159,292328,34,1117,706,238
2160,292456,25,1137,708,258
2161,292594,26,1137,699,266
2162,292676,10,1148,705,267
2163,292748,15,1149,707,266
2164,293289,62,1150,673,310
2165,293368,12,1152,663,322
2166,293440,12,1152,660,325
2167,293516,12,1160,668,325
2168,293591,11,1161,659,337
2169,293691,29,1161,640,356
2170,293859,13,1161,640,356
2171,293925,11,1172,651,356
2172,293986,11,1179,658,356
2173,294099,25,1179,647,372
2174,294215,17,822,651,11
2175,294269,8,824,653,11
2176,294415,9,824,622,45
2177,294483,9,831,616,61
2178,294547,9,839,624,61
2179,294620,8,848,625,69
2180,294686,9,849,625,71
2181,294748,8,853,628,71
2182,294814,9,860,631,73
2183,294920,19,869,632,82
2184,295047,20,888,645,87
2185,295179,18,896,648,90
2186,295265,10,899,649,91
2187,295324,10,901,649,92
2188,295514,83,901,651,89
2189,295781,15,909,631,115
2190,295844,10,908,632,113
2191,295912,9,916,637,114
2192,295969,10,924,645,114
2193,296038,9,927,636,124
2194,296103,10,932,634,132
2195,296175,10,935,634,137
2196,296279,22,935,631,139
2197,296406,21,943,637,142
2198,296677,26,961,638,160
2199,296797,20,961,625,176
2200,297594,686,965,598,201
2201,297946,96,763,594,0
2202,298011,8,763,582,9
2203,298091,8,775,578,24
2204,298165,10,787,579,37
2205,298238,8,787,578,38
2206,298364,11,790,571,47
2207,298483,10,790,568,50
2208,298593,25,798,565,59
2209,298716,8,798,561,61
2210,298787,8,799,561,62
2211,298854,8,800,561,64
2212,298977,21,810,558,78
2213,299502,25,814,525,116
2214,299635,23,813,510,130
2215,299710,12,825,507,143
2216,299775,10,827,504,149
2217,299846,9,825,502,149
2218,299919,10,828,505,149
2219,299989,10,837,513,150
2220,300107,15,684,509,2
