tick,timestamp,query_runtime,trav_index_nodes,trav_vol_nodes,trav_unprod_nodes
0,890,4,6,6,0
1,1392,1,11,11,0
2,1711,1,23,23,0
3,1990,3,26,26,0
4,2229,1,32,32,0
5,2548,6,41,41,0
6,2839,2,53,53,0
7,3124,1,56,56,0
8,3332,3,57,57,0
9,3523,1,60,60,0
10,3935,5,63,63,0
11,8686,1,71,71,0
12,8920,1,85,85,0
13,9145,2,93,93,0
14,9318,2,102,102,0
15,9539,8,105,105,0
16,9792,1,107,107,0
17,10009,3,110,110,0
18,10201,2,115,115,0
19,10423,1,115,115,0
20,10631,2,119,119,0
21,10864,4,128,128,0
22,11115,2,131,131,0
23,11321,7,139,139,0
24,11513,2,139,139,0
25,11718,2,143,143,0
26,11908,2,146,146,0
27,12150,3,147,147,0
28,12353,2,150,150,0
29,12522,2,158,158,0
30,12696,2,162,162,0
31,12872,2,163,163,0
32,13061,5,173,173,0
33,13273,13,178,178,0
34,13537,5,183,183,0
35,13787,14,190,190,0
36,13967,3,201,201,0
37,14186,3,203,203,0
38,14440,9,204,204,0
39,14950,15,205,205,0
40,15342,19,209,209,0
41,15660,14,212,212,0
42,16077,4,215,215,0
43,16372,8,218,218,0
44,16663,15,220,220,0
45,16882,7,225,225,0
46,17510,9,226,226,0
47,17718,3,229,229,0
48,17865,3,239,239,0
49,18018,3,241,241,0
50,18191,3,244,244,0
51,18361,3,251,251,0
52,18513,6,253,253,0
53,18674,8,256,256,0
54,18929,6,266,266,0
55,19090,3,267,267,0
56,19239,3,278,278,0
57,19406,9,278,278,0
58,19562,3,286,286,0
59,19719,3,291,291,0
60,19880,11,294,294,0
61,20093,3,296,296,0
62,20312,3,298,298,0
63,20478,6,299,299,0
64,20642,3,299,299,0
65,20799,3,311,311,0
66,20988,9,322,322,0
67,21158,3,323,323,0
68,21397,10,330,330,0
69,21589,4,333,333,0
70,21761,3,335,335,0
71,21947,6,346,346,0
72,22086,4,362,362,0
73,22250,5,371,371,0
74,22410,10,374,374,0
75,22668,21,375,375,0
76,22853,9,383,383,0
77,23003,4,391,391,0
78,23172,7,392,392,0
79,23324,10,404,404,0
80,23502,8,408,408,0
81,23674,12,418,418,0
82,24184,16,436,436,0
83,24415,9,441,441,0
84,24571,9,441,441,0
85,24731,8,446,446,0
86,24890,4,447,447,0
87,25063,7,449,449,0
88,25207,10,452,452,0
89,25370,4,458,458,0
90,25574,15,469,469,0
91,25762,5,471,471,0
92,25919,9,472,472,0
93,26088,4,474,474,0
94,26237,11,486,486,0
95,26383,9,489,489,0
96,26539,16,505,505,0
97,26673,4,516,516,0
98,26874,17,518,518,0
99,27091,10,522,522,0
100,27248,9,527,527,0
101,27421,13,532,532,0
102,27731,24,534,534,0
103,27898,12,543,543,0
104,28118,26,551,551,0
105,28317,9,552,552,0
106,28482,10,555,555,0
107,28632,9,555,555,0
108,28796,12,562,562,0
109,28941,12,571,571,0
110,29086,8,579,579,0
111,29270,22,593,593,0
112,29533,23,594,594,0
113,29673,8,594,594,0
114,29920,10,596,596,0
115,30370,16,600,588,2
116,30622,30,593,569,10
117,31047,53,582,557,0
118,31221,17,581,550,0
119,31428,15,583,534,12
120,31635,19,568,522,2
121,31821,23,567,502,8
122,32111,31,548,475,10
123,32311,19,539,470,3
124,32484,13,536,467,0
125,32642,13,539,470,0
126,32793,18,555,472,15
127,32982,24,529,452,8
128,33229,31,534,445,14
129,33517,24,527,444,2
130,33693,20,535,439,10
131,33892,9,527,441,0
132,34067,15,532,443,0
133,34376,20,534,445,0
134,34611,15,538,449,0
135,34829,12,558,469,0
136,35006,11,559,470,0
137,35171,22,560,471,0
138,35334,11,562,473,0
139,35886,48,566,477,0
140,36347,6,571,482,0
141,36513,15,580,491,0
142,36772,48,593,504,0
143,37101,10,593,504,0
144,38223,15,603,514,0
145,38492,11,603,514,0
146,38646,7,603,511,2
147,38851,29,611,515,1
148,39158,27,605,498,4
149,39316,19,607,496,5
150,39508,26,606,499,1
151,39813,18,603,489,5
152,39975,22,607,490,2
153,40216,52,605,484,9
154,40410,17,606,489,1
155,40598,15,607,488,0
156,40801,42,610,489,6
157,41086,28,605,487,0
158,41413,16,605,475,0
159,41595,15,605,466,4
160,41842,24,605,467,2
161,42052,14,604,469,0
162,42287,54,600,464,1
163,42758,23,582,438,9
164,42972,16,566,431,0
165,43150,14,568,423,10
166,43338,11,562,416,10
167,43572,39,552,415,1
168,43837,18,547,410,2
169,44086,8,545,408,1
170,44245,13,544,408,0
171,45051,48,539,399,0
172,45291,17,549,407,1
173,45438,9,543,403,0
174,45591,28,539,403,0
175,45792,12,543,399,7
176,45992,12,547,410,0
177,46183,9,551,408,0
178,46383,19,549,407,1
179,46548,16,550,406,1
180,46792,20,558,415,1
181,46900,15,566,420,0
182,47043,4,568,422,0
183,47208,5,572,424,0
184,47361,15,572,424,0
185,47559,18,583,431,2
186,47808,70,588,437,0
187,47999,16,587,433,2
188,48133,16,585,432,1
189,48312,16,589,433,4
190,48456,7,585,432,0
191,48573,5,598,444,0
192,48745,24,606,445,6
193,48935,46,599,444,0
194,49159,34,601,444,3
195,49338,12,593,439,0
196,49470,14,596,437,4
197,49603,17,594,436,2
198,49728,6,588,432,0
199,49946,36,593,432,6
200,50104,9,589,433,0
201,50295,45,586,427,2
202,51260,22,577,409,8
203,51499,22,566,406,0
204,51682,15,556,396,3
205,51829,13,543,363,30
206,52041,24,496,349,13
207,52290,58,478,340,11
208,52771,61,442,315,3
209,53163,47,429,301,9
210,53359,10,427,305,3
211,53519,17,434,297,21
212,53667,17,418,302,0
213,53789,8,437,319,0
214,53948,11,439,321,0
215,54123,8,446,328,0
216,54257,4,450,332,0
217,54380,12,454,325,12
218,54539,27,443,319,15
219,54702,20,416,311,0
220,54852,8,420,312,3
221,54994,15,424,312,0
222,55132,4,425,313,0
223,55383,22,417,306,0
224,55556,9,426,313,0
225,55690,15,417,307,0
226,55830,8,417,304,3
227,56473,3,411,296,3
228,56659,12,406,293,2
229,56785,11,409,298,0
230,56897,4,413,297,9
231,57032,11,406,298,0
232,57149,3,407,298,2
233,57920,34,404,297,0
234,58071,6,409,302,0
235,58183,3,427,311,9
236,58321,6,418,308,0
237,58452,12,410,300,0
238,58585,17,407,290,9
239,58709,17,394,285,2
240,58829,17,398,290,0
241,58960,16,398,292,0
242,59113,4,402,296,0
243,59331,23,401,296,0
244,59477,9,414,309,0
245,59594,4,424,318,2
246,59721,5,426,320,0
247,59849,11,435,329,0
248,59977,4,440,332,3
249,60124,11,440,325,11
250,60267,14,429,325,0
251,60446,17,433,330,0
252,60614,17,428,326,0
253,60742,7,431,328,2
254,60867,12,431,330,0
255,60991,16,442,342,0
256,61114,7,447,346,0
257,61231,11,453,352,0
258,61366,14,456,346,9
259,61475,12,453,352,0
260,61581,3,463,362,0
261,61739,20,464,363,0
262,61913,27,471,368,3
263,62057,9,470,370,0
264,62159,12,481,374,7
265,62284,13,476,371,5
266,62399,10,473,369,1
267,62520,18,472,368,2
268,63325,27,469,356,5
269,63516,11,465,357,0
270,63649,4,468,360,0
271,63747,7,478,367,0
272,63856,4,480,357,5
273,63981,15,481,361,2
274,64110,21,475,359,0
275,64219,6,487,370,0
276,64357,10,491,373,0
277,64482,8,492,368,0
278,64644,15,492,362,0
279,64851,17,486,358,1
280,64953,10,483,353,3
281,65067,8,496,367,0
282,65204,12,497,367,1
283,65333,17,496,367,0
284,65438,4,504,375,0
285,65544,8,506,377,0
286,65668,7,515,385,0
287,65798,10,518,387,1
288,65915,8,521,392,0
289,66062,10,520,391,0
290,66217,5,525,388,0
291,66369,4,531,394,0
292,66497,5,527,386,7
293,67004,10,516,383,0
294,67113,8,525,391,0
295,67227,5,532,396,0
296,67351,8,533,397,0
297,67539,14,535,399,0
298,67663,4,536,400,0
299,67760,4,549,413,0
300,67886,4,555,417,0
301,68000,7,563,425,0
302,68084,5,565,427,0
303,68843,39,561,422,0
304,69083,5,561,420,2
305,69230,20,563,424,0
306,69349,10,562,422,0
307,69476,6,563,424,0
308,69591,12,566,427,0
309,69731,14,567,428,0
310,69865,9,579,432,10
311,70022,21,565,421,8
312,70194,33,562,426,2
313,70369,12,562,425,3
314,70502,8,572,437,1
315,70622,17,573,438,1
316,70726,7,585,447,3
317,70812,9,589,454,0
318,70933,7,591,456,0
319,71004,6,591,451,1
320,71090,11,591,452,0
321,71191,7,600,460,0
322,71324,11,603,463,0
323,71440,13,606,466,0
324,71635,6,619,473,0
325,71820,19,619,474,1
326,71922,7,620,475,1
327,71990,6,620,476,0
328,72080,5,629,485,0
329,72166,5,631,487,0
330,72260,6,633,488,1
331,72362,9,641,497,0
332,72617,34,643,499,0
333,72768,6,645,499,1
334,72876,18,646,499,1
335,73652,21,649,479,20
336,73878,13,632,482,0
337,73985,11,640,489,0
338,74086,7,647,494,0
339,74146,6,652,496,2
340,74222,13,651,497,0
341,74325,6,668,512,4
342,74418,11,671,515,4
343,74498,6,682,530,0
344,74584,5,682,530,0
345,74686,11,684,532,0
346,74887,28,703,551,0
347,75038,22,713,558,0
348,75187,12,720,564,0
349,75328,7,722,564,1
350,75415,7,732,573,2
351,75484,7,734,573,3
352,75556,9,732,574,0
353,75638,6,738,578,0
354,75719,9,750,589,0
355,75787,24,756,593,1
356,75865,14,756,589,4
357,76058,57,749,586,0
358,76142,6,750,586,0
359,76220,6,754,590,0
360,76327,26,763,597,0
361,76501,43,773,605,1
362,76697,24,779,609,1
363,76885,19,782,613,0
364,77048,24,787,616,0
365,77181,17,797,623,1
366,77342,21,796,619,0
367,79137,26,765,579,3
368,79558,7,743,561,0
369,79642,7,743,554,8
370,79735,8,733,546,5
371,79816,9,738,556,0
372,79908,14,743,561,0
373,80022,7,751,567,1
374,80148,18,753,569,1
375,80306,18,756,568,4
376,80505,21,759,575,0
377,80602,6,763,579,0
378,80670,6,771,586,0
379,80746,6,772,587,0
380,80819,6,776,591,0
381,80927,5,777,592,0
382,81032,13,781,596,0
383,81109,8,786,601,0
384,81215,12,790,600,2
385,81307,7,794,606,0
386,81449,17,800,589,27
387,81641,36,771,572,14
388,81863,31,737,553,3
389,82032,21,736,550,19
390,82188,17,721,535,19
391,82331,16,714,538,7
392,82457,6,717,548,0
393,82588,15,717,545,9
394,83308,604,713,517,36
395,83553,29,654,490,2
396,83768,9,651,483,8
397,83919,26,647,476,11
398,84056,15,654,491,1
399,84206,19,656,486,10
400,84342,14,647,488,0
401,84483,13,647,488,0
402,84612,10,654,494,0
403,84796,31,663,483,21
404,85013,28,637,473,3
405,85180,12,635,466,3
406,85346,14,625,464,0
407,85480,16,626,464,9
408,85625,21,617,464,1
409,85789,26,608,448,14
410,85917,23,602,449,7
411,86084,41,598,452,0
412,86298,23,604,458,0
413,86494,20,615,458,10
414,86649,26,608,460,0
415,86795,20,610,449,17
416,86954,20,606,451,13
417,87193,14,594,421,30
418,87341,6,572,429,0
419,87513,17,574,431,0
420,87717,19,588,445,0
421,87859,18,587,432,10
422,87985,13,578,427,7
423,88541,12,566,420,0
424,88673,14,580,432,8
425,88843,13,568,428,1
426,89031,13,572,415,21
427,89150,15,557,420,0
428,89259,11,555,414,5
429,89378,14,556,417,4
430,89510,12,561,410,6
431,89625,10,559,413,1
432,89750,21,557,405,6
433,89881,11,556,402,14
434,90065,20,547,394,14
435,90233,23,537,395,2
436,90389,14,541,393,8
437,90495,9,545,404,1
438,90590,8,545,402,3
439,90675,7,544,405,0
440,90767,5,553,409,9
441,90853,6,539,404,0
442,90978,7,535,399,3
443,91083,9,547,413,0
444,91185,7,549,416,0
445,91265,5,561,428,0
446,91420,21,560,425,2
447,91551,10,562,426,3
448,91700,12,560,424,0
449,91815,4,569,433,0
450,91932,8,572,436,0
451,92063,17,577,438,3
452,92182,14,589,443,9
453,92319,20,597,455,3
454,92456,17,596,455,1
455,93174,26,595,453,1
456,93402,21,596,452,0
457,93572,19,599,455,0
458,93714,23,602,456,3
459,93859,15,609,465,10
460,93977,16,599,464,1
461,94091,12,604,469,3
462,94183,5,607,471,4
463,94295,9,620,477,14
464,94390,6,614,483,2
465,94488,8,618,488,1
466,94617,21,618,485,4
467,94790,21,629,499,2
468,94886,5,641,504,8
469,94971,12,630,494,5
470,95049,9,627,495,0
471,95186,14,630,496,2
472,95261,6,629,495,0
473,95358,5,631,496,0
474,95459,14,639,502,4
475,95582,7,637,500,4
476,95660,11,646,498,4
477,95759,16,642,497,1
478,95946,16,641,491,8
479,96049,12,644,500,0
480,96160,10,649,504,1
481,96254,5,656,509,1
482,96342,5,656,510,0
483,96431,7,654,503,5
484,96513,5,659,502,11
485,96626,8,651,504,0
486,96717,6,652,505,0
487,97341,27,652,496,8
488,97539,18,645,496,0
489,97647,7,651,497,8
490,97736,9,644,498,0
491,97799,11,654,508,0
492,97884,6,662,510,2
493,97995,11,670,514,5
494,98125,23,673,520,2
495,98250,17,674,523,0
496,98373,13,683,532,0
497,98497,12,691,540,0
498,98647,16,693,542,0
499,98846,21,693,542,0
500,99045,27,698,547,0
501,99178,12,707,553,3
502,99281,18,707,554,0
503,99375,14,714,560,1
504,99475,8,713,557,2
505,99570,9,710,552,9
506,99641,6,712,554,9
507,99736,6,713,558,8
508,99817,8,723,572,3
509,99898,7,739,585,3
510,99998,10,748,590,10
511,100119,21,741,592,0
512,100358,36,742,591,0
513,100511,14,746,591,3
514,100598,10,762,606,1
515,100698,7,766,609,1
516,100756,7,768,608,4
517,100844,10,766,606,5
518,100944,13,755,601,1
519,101624,21,738,583,0
520,101822,20,736,579,2
521,101890,7,745,590,0
522,101970,7,748,592,1
523,102056,10,752,594,1
524,102140,7,760,601,1
525,102225,10,770,608,6
526,102399,56,761,600,2
527,102555,14,762,603,0
528,102687,13,769,609,0
529,102816,17,771,610,2
530,103032,42,760,606,0
531,103201,23,762,608,0
532,103330,13,762,608,0
533,103455,13,762,608,0
534,103575,11,778,621,0
535,103705,12,782,624,0
536,103842,18,793,634,1
537,103967,20,792,633,3
538,104117,21,788,631,1
539,104317,55,790,628,4
540,104577,40,784,626,0
541,104761,18,793,626,9
542,104892,16,787,627,0
543,105035,23,799,634,5
544,105188,30,803,643,0
545,105313,11,822,655,6
546,105413,14,825,661,7
547,105505,10,826,666,2
548,106251,31,818,652,5
549,106432,26,820,656,2
550,106519,6,824,662,0
551,106666,24,827,664,1
552,106764,11,837,673,0
553,106900,16,851,683,3
554,107005,10,856,686,5
555,107100,14,858,692,1
556,107202,9,858,692,1
557,107394,36,860,691,3
558,107544,24,860,694,0
559,107660,31,860,694,0
560,107884,7,866,699,0
561,107960,7,867,700,0
562,108086,14,878,711,0
563,108187,8,878,711,0
564,108255,8,881,714,0
565,108340,9,882,715,0
566,108419,8,887,719,0
567,108496,7,892,724,0
568,108574,8,901,732,0
569,108661,13,904,735,0
570,108734,7,909,740,0
571,108907,22,917,748,0
572,109070,16,917,745,3
573,109452,11,920,749,0
574,109584,22,925,754,0
575,109722,24,920,745,4
576,110560,49,892,728,1
577,110756,18,892,718,2
578,110991,11,889,716,2
579,111095,17,889,715,0
580,111192,9,891,715,0
581,111258,8,891,714,1
582,111343,15,899,708,17
583,111465,13,885,705,8
584,111567,10,891,701,18
585,111690,19,882,709,1
586,111842,17,877,700,0
587,112054,34,881,700,4
588,112185,16,880,690,17
589,112263,8,869,680,19
590,112383,14,855,678,8
591,112523,18,848,660,19
592,112667,24,841,657,11
593,112775,20,834,656,2
594,112930,16,840,663,0
595,113136,34,848,670,0
596,113329,13,861,679,0
597,113453,15,872,676,12
598,113594,24,867,680,3
599,113723,12,872,688,0
600,113855,12,875,677,14
601,113994,19,851,658,12
602,114709,22,840,575,97
603,114956,21,746,578,0
604,115182,50,730,553,10
605,115297,22,721,545,8
606,115457,23,714,545,0
607,115592,27,709,544,0
608,115720,15,711,542,0
609,115836,8,717,546,0
610,115943,6,723,541,8
611,116019,6,729,533,24
612,116177,39,708,528,7
613,116438,17,697,523,2
614,116589,13,696,522,2
615,116706,21,721,544,4
616,116812,13,729,550,4
617,116957,15,725,540,11
618,117081,19,713,540,0
619,117212,11,713,539,1
620,117366,28,713,539,1
621,117557,51,713,533,8
622,117735,17,682,518,1
623,117867,20,668,504,1
624,117952,10,680,507,9
625,118039,15,688,514,10
626,118113,6,680,516,0
627,118198,6,683,519,0
628,118304,15,683,519,0
629,118387,19,685,521,0
630,118536,14,688,522,2
631,119128,517,687,516,8
632,119586,90,637,470,12
633,119774,17,623,464,7
634,119872,10,615,465,0
635,119962,8,613,461,3
636,120070,21,612,460,0
637,120200,19,590,449,0
638,120315,9,600,452,0
639,120430,15,610,456,12
640,120630,26,592,453,1
641,120793,18,597,453,4
642,121009,23,591,443,8
643,121180,30,587,440,6
644,121292,20,585,436,10
645,121396,15,580,431,8
646,121532,25,578,431,7
647,121727,34,579,432,5
648,121891,9,578,431,11
649,122024,18,583,443,4
650,122191,20,572,435,6
651,122377,22,589,458,0
652,122542,25,596,463,0
653,122666,17,600,467,0
654,122792,20,603,470,0
655,122917,17,617,484,0
656,123037,18,619,486,0
657,123139,6,636,499,0
658,123246,6,644,499,4
659,123343,10,654,513,0
660,123428,6,657,516,0
661,123790,297,669,526,4
662,124041,24,643,511,0
663,124273,34,646,497,17
664,124452,20,632,491,10
665,124581,14,627,493,1
666,124706,18,623,490,0
667,124825,11,643,510,0
668,125044,56,639,493,17
669,125179,12,626,484,15
670,125315,13,629,493,10
671,125457,20,628,496,6
672,125613,16,628,499,1
673,125804,7,620,492,3
674,125890,9,625,488,9
675,125992,10,626,495,4
676,126142,35,625,488,10
677,126256,13,629,499,3
678,126350,10,632,502,2
679,126444,10,628,501,1
680,126533,11,633,499,10
681,126627,8,629,499,5
682,126706,10,635,510,0
683,126866,35,647,521,0
684,127025,16,651,524,0
685,127144,6,655,525,0
686,127311,8,658,528,0
687,127445,20,657,526,2
688,127547,6,668,536,3
689,127617,6,667,535,4
690,127718,9,667,537,1
691,129979,2168,675,536,5
692,130242,27,591,454,4
693,130498,31,581,447,1
694,130634,11,583,446,4
695,130744,4,582,447,4
696,130831,9,591,460,0
697,130914,7,598,462,5
698,131019,5,598,466,0
699,131108,5,611,479,0
700,131184,5,613,481,0
701,131249,6,616,483,0
702,131342,6,624,489,0
703,131466,12,635,500,0
704,131666,23,644,507,0
705,131827,8,661,522,1
706,131986,20,664,526,0
707,132077,9,666,527,0
708,132150,6,678,530,3
709,132246,12,676,530,1
710,132340,11,675,531,0
711,132437,5,678,533,0
712,132508,15,686,537,4
713,132694,6,684,537,0
714,132775,6,684,536,3
715,132862,7,690,542,0
716,132962,11,691,542,1
717,133136,27,692,539,1
718,133274,20,691,536,4
719,133400,15,700,547,3
720,133499,12,702,551,2
721,133887,14,696,544,0
722,133981,7,699,547,0
723,134075,9,703,551,0
724,134149,6,709,554,0
725,134236,7,711,556,0
726,134313,5,714,559,0
727,134416,27,725,564,7
728,134641,20,719,560,5
729,134740,8,715,559,1
730,134937,6,716,560,0
731,135020,11,723,564,3
732,135110,8,721,562,5
733,135203,8,721,567,0
734,135303,6,724,570,0
735,135369,7,738,581,0
736,135445,6,739,582,0
737,135516,6,743,581,4
738,135593,10,738,580,0
739,135716,14,755,597,0
740,135887,12,770,611,0
741,136180,5,770,610,0
742,136296,10,781,621,0
743,136407,16,788,628,0
744,136510,10,796,626,7
745,136664,30,794,629,1
746,136782,23,801,633,3
747,136896,16,798,627,3
748,137033,23,796,624,3
749,137230,27,814,640,7
750,137436,30,812,641,0
751,137953,385,810,631,1
752,138087,17,804,622,0
753,138248,9,799,617,0
754,138347,7,805,623,0
755,138418,10,805,621,2
756,138504,10,803,618,3
757,138673,29,801,617,3
758,138787,21,813,631,1
759,138900,10,815,633,0
760,138971,8,818,636,0
761,139053,9,819,635,2
762,139140,8,821,639,0
763,139290,24,830,648,0
764,139366,7,837,653,2
765,139458,11,835,653,0
766,139523,7,842,657,3
767,139623,17,845,655,5
768,139695,13,849,664,0
769,139786,12,850,665,0
770,139912,23,855,669,0
771,140032,19,864,678,0
772,140259,17,867,681,0
773,140409,23,870,684,0
774,140535,24,872,680,6
775,140650,24,874,687,0
776,140771,12,879,691,0
777,141078,24,887,696,5
778,141230,27,873,689,1
779,141423,49,873,664,32
780,142127,26,792,583,37
781,142267,12,733,561,0
782,142368,8,729,552,8
783,142471,9,724,547,9
784,142579,9,723,550,0
785,142664,15,739,557,11
786,142755,10,734,560,0
787,142831,6,736,561,1
788,142908,14,750,567,10
789,143003,13,749,564,11
790,143094,15,736,562,0
791,143264,35,745,559,16
792,143433,36,729,555,5
793,143549,5,730,550,10
794,143636,9,727,544,14
795,143754,12,725,549,11
796,143852,13,718,534,22
797,143946,9,687,524,1
798,144019,9,697,534,1
799,144114,9,698,520,17
800,144242,29,684,521,0
801,144341,6,687,524,0
802,144420,6,699,535,0
803,144495,6,704,540,0
804,144666,24,712,548,0
805,144829,30,715,550,0
806,144966,8,717,551,0
807,145059,6,720,551,2
808,145158,12,730,562,2
809,145254,12,739,561,14
810,145361,15,725,553,11
811,145763,11,689,534,0
812,145878,8,696,525,14
813,146005,15,695,532,8
814,146148,25,690,535,1
815,146273,13,690,535,0
816,146367,20,702,548,0
817,146489,13,706,552,0
818,146593,12,703,547,2
819,146677,8,719,552,9
820,146765,7,717,557,0
821,147016,18,708,545,2
822,147326,80,696,532,4
823,147579,18,684,519,7
824,147701,11,676,518,0
825,147807,9,681,521,0
826,147955,30,684,512,14
827,148097,26,671,513,0
828,148230,20,666,505,2
829,148363,19,665,499,8
830,148508,13,664,498,8
831,148669,39,649,490,3
832,148820,11,654,498,0
833,148947,14,656,500,0
834,149040,6,657,501,0
835,149125,10,659,503,0
836,149221,10,647,494,0
837,149349,24,651,500,0
838,149490,18,655,503,1
839,149593,12,659,506,0
840,149996,14,670,500,18
841,150150,8,653,498,0
842,150272,11,661,502,0
843,150349,7,670,510,1
844,150448,9,672,517,0
845,150525,6,672,516,1
846,150624,11,676,520,1
847,150731,12,685,528,0
848,150819,8,689,531,0
849,150889,7,690,531,1
850,150984,12,696,537,0
851,151072,7,697,538,0
852,151169,11,702,540,6
853,151253,7,697,537,7
854,151428,49,691,533,5
855,151616,22,696,536,8
856,151809,34,689,537,0
857,151923,8,695,539,8
858,152013,9,688,533,6
859,152098,9,684,524,12
860,152186,16,694,535,9
861,152284,19,687,532,0
862,152363,7,687,528,1
863,152475,6,688,527,3
864,152574,11,694,533,3
865,152668,6,705,537,8
866,152740,7,719,556,4
867,152910,38,718,556,3
868,153053,19,729,564,8
869,153169,19,735,577,0
870,153282,12,739,560,14
871,153378,9,743,567,11
872,153819,13,735,571,0
873,153893,7,739,564,8
874,153979,11,742,574,2
875,154093,9,740,574,0
876,154188,10,749,584,0
877,154299,25,767,599,4
878,154427,21,792,624,3
879,154553,19,791,625,3
880,154636,7,789,620,9
881,154736,10,784,616,7
882,154836,11,774,611,0
883,154933,6,778,615,0
884,155031,11,779,609,7
885,155098,9,775,611,2
886,155205,13,774,610,0
887,155288,14,774,606,7
888,155364,8,770,602,5
889,155465,14,768,600,3
890,155572,9,765,597,0
891,155719,26,753,587,1
892,155899,42,748,584,0
893,155999,7,758,593,1
894,156084,12,760,596,0
895,156150,8,763,599,0
896,156240,8,767,593,8
897,156346,16,771,603,3
898,156427,9,771,601,3
899,156498,8,774,594,11
900,156582,18,771,601,0
901,156658,14,784,601,13
902,156748,17,779,608,0
903,159140,38,753,576,0
904,159324,18,756,578,0
905,159484,12,762,584,0
906,159594,7,767,589,0
907,159692,6,768,590,0
908,159759,6,773,595,0
909,159944,13,783,605,0
910,160111,28,781,605,0
911,160254,13,789,611,1
912,160443,48,794,615,4
913,160635,19,809,630,2
914,160803,43,810,628,6
915,160929,17,814,619,15
916,160998,12,807,617,9
917,161096,15,810,618,8
918,161190,11,801,615,0
919,161261,7,815,627,0
920,161350,12,819,628,7
921,161459,11,811,630,0
922,161537,13,815,634,0
923,161605,6,815,633,1
924,161721,12,816,634,2
925,161808,9,823,642,2
926,161921,24,825,642,4
927,162053,29,836,647,9
928,162397,191,827,644,2
929,162567,26,823,639,1
930,162706,10,825,643,0
931,162795,6,831,649,0
932,162864,8,841,655,0
933,162976,26,843,654,2
934,163117,20,844,657,0
935,163236,7,849,660,2
936,163331,13,847,659,3
937,163477,29,845,658,3
938,163607,27,852,668,0
939,163803,33,865,680,1
940,164022,17,868,677,6
941,164124,9,874,675,9
942,164209,9,880,680,8
943,164281,15,881,679,9
944,164354,16,883,687,1
945,164457,9,887,687,3
946,164557,8,887,690,0
947,164628,9,888,689,1
948,164726,12,893,694,1
949,164826,12,898,700,0
950,164921,13,904,702,4
951,165000,12,902,699,5
952,165192,25,898,691,10
953,165326,16,910,692,20
954,165503,23,894,678,20
955,165601,21,881,682,3
956,165697,15,881,685,0
957,165989,233,881,684,0
958,166085,8,881,683,0
959,166177,8,883,685,0
960,166267,7,889,690,0
961,166349,8,903,702,1
962,166451,14,911,706,4
963,166520,8,915,709,4
964,166704,27,916,706,8
965,166849,22,906,706,0
966,166962,8,906,704,0
967,167077,25,921,707,9
968,167245,16,912,707,0
969,167321,9,920,715,0
970,167381,7,920,714,1
971,167473,13,931,724,0
972,167576,14,931,721,3
973,167660,14,941,731,3
974,167741,10,938,731,0
975,167813,8,949,742,0
976,167908,16,952,745,0
977,168020,13,960,751,0
978,168165,29,968,755,3
979,168436,62,987,764,10
980,168559,14,983,764,2
981,168633,9,983,762,4
982,168712,11,989,772,0
983,168799,11,994,777,0
984,168880,8,1000,775,8
985,168983,14,988,772,3
986,169352,289,985,758,16
987,169486,10,978,763,1
988,169609,22,983,762,7
989,169750,25,980,763,0
990,169886,9,987,768,0
991,169966,10,989,769,2
992,170130,13,989,772,0
993,170219,9,991,771,3
994,170302,13,993,773,3
995,170386,11,994,774,2
996,170551,74,995,772,6
997,170633,14,989,772,0
998,170719,10,997,775,6
999,170784,17,997,772,9
1000,170936,69,996,780,0
1001,171093,21,997,778,1
1002,171251,29,1001,783,0
1003,171391,11,1001,781,2
1004,171515,15,1001,773,13
1005,171763,13,980,759,8
1006,171868,16,984,771,0
1007,171990,10,987,774,0
1008,172098,9,999,783,3
1009,172209,17,995,785,0
1010,172367,29,996,776,14
1011,172555,47,975,765,4
1012,173174,38,919,680,45
1013,173386,31,873,678,0
1014,173548,41,871,662,16
1015,173690,25,857,655,10
1016,173852,17,826,630,12
1017,174006,28,803,609,12
1018,174186,24,793,602,10
1019,174380,18,783,593,13
1020,174548,23,786,586,24
1021,174643,20,778,601,1
1022,174732,9,786,605,2
1023,174830,13,786,607,0
1024,174992,10,780,587,14
1025,175097,19,771,591,2
1026,175195,17,759,581,0
1027,175271,7,760,579,0
1028,175365,8,765,581,3
1029,175462,16,754,573,0
1030,175670,20,761,580,0
1031,175817,24,764,579,4
1032,175929,12,771,584,2
1033,176163,32,758,575,1
1034,176248,14,758,573,3
1035,176333,7,755,563,11
1036,176427,8,758,565,11
1037,176513,8,750,548,23
1038,176613,9,734,544,13
1039,176712,12,717,532,8
1040,177150,35,703,529,0
1041,177354,14,712,535,0
1042,177496,7,722,545,0
1043,177593,8,730,552,1
1044,177685,11,724,549,0
1045,177771,8,738,561,4
1046,177869,12,735,560,0
1047,177961,7,739,564,0
1048,178088,17,737,565,0
1049,178174,11,739,563,5
1050,178303,12,734,553,10
1051,178400,7,728,556,1
1052,178533,36,737,564,2
1053,178695,30,728,548,13
1054,178846,24,724,547,11
1055,178966,12,716,549,0
1056,179062,11,719,554,0
1057,179134,7,730,561,4
1058,179252,38,727,556,3
1059,179456,9,705,533,0
1060,179555,8,717,544,0
1061,179624,7,727,545,7
1062,179715,10,720,545,0
1063,179805,8,728,551,0
1064,179880,8,737,560,0
1065,180045,26,740,563,0
1066,180197,16,741,550,16
1067,180327,14,727,551,1
1068,180432,36,731,554,2
1069,180649,25,720,544,4
1070,181178,34,725,516,35
1071,181386,38,681,504,7
1072,181577,17,668,500,0
1073,181795,28,668,502,0
1074,181905,19,678,510,2
1075,182109,36,682,505,12
1076,182361,6,649,474,9
1077,182551,9,643,471,4
1078,182642,16,643,475,0
1079,182884,19,634,469,0
1080,182999,6,636,470,1
1081,183090,11,637,470,0
1082,183199,12,637,465,2
1083,183295,8,637,462,5
1084,183388,7,636,452,14
1085,183486,15,628,458,0
1086,183587,7,634,464,0
1087,183658,13,637,467,0
1088,183733,8,647,477,0
1089,183861,17,652,479,4
1090,183959,17,657,487,0
1091,184128,15,658,485,3
1092,184292,32,657,482,4
1093,184452,22,671,489,11
1094,184521,7,662,489,4
1095,184629,16,660,490,1
1096,184722,12,672,497,3
1097,184807,9,682,509,1
1098,185041,64,682,498,16
1099,185190,28,665,484,7
1100,187650,25,587,421,0
1101,187831,11,599,433,0
1102,187982,10,604,438,0
1103,188136,29,610,444,0
1104,188246,5,618,452,0
1105,188328,6,618,452,0
1106,188395,6,621,455,0
1107,188459,7,626,460,0
1108,188562,5,637,471,0
1109,188643,6,644,478,0
1110,188725,6,648,481,0
1111,188796,6,655,488,0
1112,188865,6,656,489,0
1113,188954,6,669,502,0
1114,189076,10,679,511,0
1115,189293,73,676,499,10
1116,189426,10,670,500,3
1117,189538,15,670,494,7
1118,189626,15,663,493,2
1119,189709,11,670,502,0
1120,189786,14,671,495,9
1121,189868,7,669,492,10
1122,189977,18,656,486,2
1123,190063,11,657,486,1
1124,190125,7,657,486,1
1125,190210,10,671,501,0
1126,190525,20,671,496,1
1127,190660,19,677,501,0
1128,190762,9,682,506,0
1129,190880,5,684,506,1
1130,191149,9,687,510,0
1131,191231,7,689,509,1
1132,191329,12,689,505,6
1133,191412,13,703,511,13
1134,191575,39,694,509,6
1135,191691,14,696,508,13
1136,191763,8,695,504,15
1137,191872,38,678,500,5
1138,192042,30,675,501,0
1139,192183,15,681,501,5
1140,192259,6,676,500,1
1141,192357,15,678,503,0
1142,192439,12,680,504,0
1143,192502,6,691,512,0
1144,192587,10,693,514,0
1145,192763,11,694,510,1
1146,192843,9,693,512,0
1147,192946,20,683,507,0
1148,193023,7,685,507,1
1149,193129,14,684,505,1
1150,193242,22,700,519,0
1151,193379,11,712,527,0
1152,193540,25,708,527,0
1153,193641,6,710,528,0
1154,193719,6,729,547,0
1155,193937,17,738,551,5
1156,194014,8,743,560,1
1157,194133,9,762,578,1
1158,194229,12,767,582,1
1159,194307,9,767,581,4
1160,194418,23,776,589,3
1161,194801,31,777,566,21
1162,195080,36,752,558,2
1163,195243,18,756,563,1
1164,195344,9,760,567,0
1165,195422,12,767,572,0
1166,195496,8,773,574,3
1167,195621,20,770,574,0
1168,195700,9,774,577,3
1169,195770,8,775,575,7
1170,195856,10,780,585,0
1171,195932,7,780,585,0
1172,195995,7,782,587,0
1173,196085,11,785,588,1
1174,196158,14,787,588,3
1175,196231,14,793,592,2
1176,196390,34,786,579,5
1177,196515,17,782,577,2
1178,196635,24,783,579,0
1179,196741,13,797,586,8
1180,196827,13,793,590,0
1181,196895,7,796,592,1
1182,197006,11,795,582,3
1183,197221,40,791,580,1
1184,197331,15,792,582,0
1185,197437,10,796,586,1
1186,197508,7,797,583,1
1187,197591,9,802,589,0
1188,197677,9,804,584,7
1189,197797,11,798,585,0
1190,197919,24,800,586,0
1191,198413,17,807,585,1
1192,198540,16,808,580,4
1193,198619,7,804,579,1
1194,198717,13,806,577,8
1195,198805,9,807,575,12
1196,198867,8,795,571,5
1197,198979,9,797,575,2
1198,199081,11,799,579,0
1199,199148,7,801,581,0
1200,199238,8,809,589,0
1201,199349,35,825,605,0
1202,199433,12,824,604,0
1203,199510,8,835,612,1
1204,199660,27,836,609,7
1205,199812,20,830,606,4
1206,199951,30,835,609,3
1207,200038,16,844,621,0
1208,200117,8,848,621,3
1209,200213,15,850,621,2
1210,200314,12,863,634,2
1211,200437,44,868,640,1
1212,200570,14,868,642,3
1213,200660,12,870,641,6
1214,200766,18,877,647,2
1215,200852,16,886,657,1
1216,200973,20,886,658,0
1217,201130,27,891,662,1
1218,201283,34,893,660,5
1219,201424,16,890,646,15
1220,201945,28,828,602,9
1221,202063,14,828,602,19
1222,202142,8,814,594,16
1223,202245,20,798,589,10
1224,202419,64,789,578,16
1225,202668,37,772,580,0
1226,202853,26,764,571,0
1227,202977,12,768,575,0
1228,203115,10,779,585,2
1229,203247,23,786,591,1
1230,203388,25,787,588,6
1231,203544,31,783,582,7
1232,203669,19,794,590,9
1233,203874,33,779,581,7
1234,204101,46,753,566,1
1235,204255,21,757,571,0
1236,204476,28,750,566,0
1237,204809,21,725,537,12
1238,204911,15,716,527,24
1239,204991,9,696,525,7
1240,205096,9,690,504,20
1241,205233,28,673,496,11
1242,205376,25,667,489,16
1243,205476,9,652,485,2
1244,205575,13,655,489,0
1245,205665,16,659,490,3
1246,206029,289,661,493,4
1247,206127,7,656,485,9
1248,206216,8,660,489,8
1249,206294,12,669,495,11
1250,206376,7,659,496,0
1251,206503,13,664,479,22
1252,206692,48,642,464,21
1253,206810,10,622,458,9
1254,206891,7,617,462,0
1255,206981,6,617,462,0
1256,207086,5,619,463,0
1257,207186,6,625,468,0
1258,207247,6,632,473,2
1259,207335,17,639,478,1
1260,207422,6,640,471,11
1261,207493,6,643,474,11
1262,207583,8,628,471,0
1263,207669,9,638,479,1
1264,207762,18,634,477,0
1265,207894,11,639,473,9
1266,208048,41,634,470,11
1267,208162,21,625,465,7
1268,208235,14,620,467,0
1269,208326,8,626,472,0
1270,208389,6,628,470,4
1271,208494,17,627,466,11
1272,208585,17,620,469,0
1273,208658,12,621,469,0
1274,208730,6,628,476,0
1275,208810,5,645,490,1
1276,208887,7,646,491,1
1277,208983,12,647,488,6
1278,209104,18,638,482,6
1279,211819,31,543,397,2
1280,211999,23,542,399,0
1281,212118,3,545,402,0
1282,212248,11,552,408,1
1283,212354,8,554,408,3
1284,212447,13,559,415,1
1285,212552,8,561,416,2
1286,212639,6,564,420,1
1287,212724,9,570,424,0
1288,212810,9,565,419,0
1289,212885,5,574,426,2
1290,212965,10,576,427,3
1291,213035,13,589,438,3
1292,213146,17,611,455,6
1293,213297,38,616,462,3
1294,213426,10,619,466,0
1295,213521,6,628,474,1
1296,213620,10,627,471,2
1297,213713,16,621,465,0
1298,213767,7,629,466,6
1299,213851,16,636,477,2
1300,213972,17,631,470,3
1301,214063,10,631,473,0
1302,214133,6,641,481,2
1303,214218,14,649,490,0
1304,214303,8,658,499,0
1305,214372,8,663,499,10
1306,214466,12,661,501,2
1307,214761,189,674,515,2
1308,214934,37,664,501,9
1309,215068,11,657,503,0
1310,215150,7,661,505,2
1311,215260,20,662,506,3
1312,215381,19,667,513,0
1313,215513,12,685,531,0
1314,215631,16,693,539,0
1315,215740,7,704,550,0
1316,215813,6,706,552,0
1317,215885,8,709,555,0
1318,215968,7,712,558,0
1319,216059,6,718,564,0
1320,216167,19,718,564,0
1321,216284,19,725,571,0
1322,216418,20,734,580,0
1323,216511,7,742,588,0
1324,216586,6,754,600,0
1325,216639,6,755,601,0
1326,216711,8,757,603,0
1327,216790,9,766,612,0
1328,216862,7,770,614,0
1329,216957,7,777,621,0
1330,217032,13,779,623,0
1331,217115,7,782,626,0
1332,217199,7,789,631,0
1333,217297,10,797,639,0
1334,217413,17,799,641,0
1335,217507,25,805,645,0
1336,217662,25,814,654,0
1337,217790,26,830,668,4
1338,217926,15,828,668,2
1339,218247,260,830,657,13
1340,218372,19,822,663,3
1341,218461,14,823,664,1
1342,218519,8,823,657,7
1343,218606,10,816,657,0
1344,218696,15,814,650,9
1345,218793,11,827,648,20
1346,218869,15,810,645,6
1347,219000,40,809,648,2
1348,219139,25,806,640,8
1349,219257,17,809,649,2
1350,219338,13,811,653,0
1351,219395,8,819,657,4
1352,219478,11,815,654,4
1353,219589,10,815,657,0
1354,219672,10,821,663,0
1355,219744,8,824,654,9
1356,219836,16,819,655,4
1357,219923,13,821,658,2
1358,220001,7,822,659,3
1359,220090,14,825,663,0
1360,220166,8,832,670,0
1361,220268,30,836,672,4
1362,220475,44,834,671,3
1363,220607,19,851,688,4
1364,220728,11,852,689,0
1365,220810,10,856,686,7
1366,220881,9,849,682,3
1367,220983,11,845,681,0
1368,221074,7,848,684,0
1369,221471,19,842,674,0
1370,221569,9,852,683,0
1371,221704,9,852,683,0
1372,221854,20,835,668,0
1373,221944,11,837,670,0
1374,222050,12,849,679,1
1375,222236,26,847,674,1
1376,222335,11,853,677,3
1377,222439,32,859,681,5
1378,222589,16,841,667,7
1379,222646,7,846,671,10
1380,222746,12,839,674,0
1381,222821,8,844,675,2
1382,222893,8,847,675,3
1383,222995,19,842,671,4
1384,223090,12,849,678,4
1385,223206,23,843,667,0
1386,223320,17,852,674,2
1387,223470,18,854,678,0
1388,223645,21,868,689,4
1389,223766,19,870,686,9
1390,223867,19,861,682,4
1391,223960,10,876,701,0
1392,224035,12,882,706,0
1393,224103,9,891,713,2
1394,224205,15,891,713,0
1395,224288,17,894,716,0
1396,224360,8,894,709,6
1397,224761,328,890,708,2
1398,224937,41,882,701,0
1399,225070,21,892,710,0
1400,225183,7,899,716,0
1401,225243,9,910,727,0
1402,225341,15,918,731,2
1403,225394,9,924,735,2
1404,225476,15,927,738,1
1405,225565,12,929,741,0
1406,225650,17,932,741,3
1407,225831,29,923,733,1
1408,225905,18,933,735,9
1409,225987,15,935,742,4
1410,226094,21,943,752,2
1411,226147,9,944,748,5
1412,226310,41,941,735,17
1413,226465,19,925,735,1
1414,226579,9,932,739,6
1415,226640,10,932,739,6
1416,226727,11,935,736,13
1417,226939,16,925,731,9
1418,227011,12,926,734,5
1419,227102,19,919,728,6
1420,227196,15,931,735,10
1421,227270,9,925,739,0
1422,227358,8,927,741,0
1423,227455,17,924,738,0
1424,227564,24,932,744,5
1425,228045,51,938,749,3
1426,228211,20,940,754,0
1427,228314,8,946,760,0
1428,228380,9,953,767,0
1429,228452,9,953,767,0
1430,228540,18,961,773,3
1431,228606,9,961,776,0
1432,228677,11,968,783,0
1433,228758,9,974,779,14
1434,228849,19,968,783,6
1435,228998,45,980,789,13
1436,229173,12,973,791,1
1437,229250,13,984,796,6
1438,229412,44,975,791,0
1439,229549,34,984,797,3
1440,229686,26,995,810,0
1441,229770,10,997,811,1
1442,229853,13,997,807,3
1443,229932,14,1008,809,7
1444,230005,9,1002,809,1
1445,230124,17,998,801,1
1446,230208,17,994,801,0
1447,230292,20,998,801,4
1448,230369,16,1002,807,3
1449,230470,20,1001,809,0
1450,230569,12,999,807,0
1451,230637,10,999,807,0
1452,230773,22,1000,803,6
1453,231278,30,992,791,9
1454,231500,38,958,767,2
1455,231633,22,961,772,0
1456,231726,9,964,775,0
1457,231811,10,979,788,0
1458,231909,15,986,772,29
1459,232008,19,960,759,13
1460,232109,16,949,759,1
1461,232216,13,918,721,14
1462,232387,11,906,713,16
1463,232491,16,900,720,3
1464,232644,30,888,703,7
1465,232813,23,892,714,0
1466,232913,19,897,711,8
1467,233002,10,894,713,3
1468,233102,11,890,711,2
1469,233186,11,896,716,4
1470,233274,9,896,714,9
1471,233489,52,881,706,3
1472,233587,10,888,709,7
1473,233669,11,892,707,16
1474,233749,12,885,708,7
1475,233860,19,872,704,0
1476,234024,30,871,697,2
1477,234165,31,884,700,11
1478,234266,18,875,701,0
1479,234704,14,861,687,0
1480,234792,11,870,696,0
1481,234867,10,880,701,8
1482,234948,13,862,694,0
1483,235003,8,869,699,1
1484,235095,14,879,707,2
1485,235179,10,891,715,4
1486,235281,24,886,712,0
1487,235417,27,889,712,1
1488,235508,15,897,698,21
1489,235708,61,869,688,8
1490,235829,14,861,688,0
1491,235918,11,863,690,0
1492,235994,8,875,702,0
1493,236100,7,884,692,16
1494,236183,13,890,685,27
1495,236261,9,865,678,13
1496,236366,22,855,670,11
1497,236457,10,846,674,0
1498,236605,25,842,671,0
1499,236878,64,840,642,31
1500,237066,18,817,643,12
1501,237165,20,808,625,21
1502,237281,33,799,620,20
1503,237387,23,782,619,2
1504,237474,10,776,615,0
1505,237542,11,788,617,10
1506,237634,11,784,619,0
1507,238113,62,782,608,10
1508,238260,16,777,595,18
1509,238388,16,762,585,15
1510,238485,10,757,589,3
1511,238589,14,754,587,2
1512,238673,9,759,590,4
1513,238743,8,764,588,12
1514,238854,19,760,583,13
1515,238940,14,771,581,24
1516,239016,10,758,571,25
1517,239198,56,737,561,14
1518,239294,8,727,565,0
1519,239391,26,735,573,0
1520,239537,24,743,581,0
1521,239660,16,750,588,0
1522,239755,8,759,597,0
1523,239839,9,761,599,0
1524,239922,10,772,610,0
1525,239993,9,775,613,0
1526,240070,8,775,613,0
1527,240138,9,786,623,0
1528,240294,50,801,638,0
1529,240468,10,810,647,0
1530,240570,8,813,650,0
1531,240638,7,816,653,0
1532,240761,18,819,656,0
1533,240932,23,821,658,0
1534,241118,16,824,661,0
1535,241211,7,831,668,0
1536,241296,22,842,679,0
1537,243871,74,766,578,15
1538,244048,26,754,580,0
1539,244165,17,752,574,4
1540,244285,10,747,572,1
1541,244405,16,747,563,10
1542,244510,16,732,554,1
1543,244663,27,724,548,0
1544,244729,7,724,548,0
1545,244852,6,730,553,0
1546,244941,13,741,562,0
1547,245047,12,744,552,18
1548,245221,20,719,546,2
1549,245363,23,701,530,1
1550,245462,10,708,529,11
1551,245559,15,726,542,12
1552,245696,11,721,546,3
1553,245766,6,721,545,2
1554,245860,9,719,535,11
1555,245958,23,725,547,1
1556,246045,10,732,546,9
1557,246111,8,730,548,4
1558,246196,11,739,561,0
1559,246263,7,745,562,6
1560,246383,38,753,569,6
1561,246541,40,743,555,10
1562,246968,44,711,532,3
1563,247098,14,716,537,5
1564,247166,8,732,548,4
1565,247251,12,733,549,4
1566,247328,11,742,559,0
1567,247410,13,745,556,6
1568,247489,7,743,557,3
1569,247572,12,754,571,0
1570,247638,9,754,560,13
1571,247724,14,759,574,6
1572,247847,28,770,583,6
1573,247948,10,764,581,0
1574,248017,8,775,592,0
1575,248144,11,777,594,0
1576,248291,25,786,603,0
1577,248406,17,788,595,13
1578,248505,12,778,598,0
1579,248588,7,780,589,6
1580,248677,10,780,588,8
1581,248759,8,781,588,9
1582,249040,52,774,570,20
1583,249130,10,762,578,0
1584,249238,7,765,580,1
1585,249331,11,757,570,5
1586,249423,12,762,571,6
1587,249532,21,756,561,10
1588,249679,30,750,563,2
1589,249823,14,754,564,9
1590,249931,7,748,563,4
1591,249998,7,769,584,3
1592,250427,310,767,556,33
1593,250519,7,735,558,0
1594,250608,7,744,567,0
1595,250703,14,749,571,0
1596,250774,8,750,571,1
1597,250861,23,758,573,8
1598,250994,16,748,569,5
1599,251146,28,753,574,2
1600,251340,8,775,597,0
1601,251421,8,782,604,0
1602,251497,8,784,606,0
1603,251584,8,785,605,2
1604,251666,8,792,607,4
1605,251737,8,805,622,2
1606,251844,18,817,636,0
1607,251920,12,818,634,3
1608,252012,8,821,633,6
1609,252095,15,830,648,0
1610,252182,12,837,652,2
1611,252387,76,838,649,6
1612,252579,12,830,645,0
1613,252707,12,834,649,0
1614,252791,16,840,652,4
1615,252872,10,840,653,4
1616,252963,11,851,668,0
1617,253056,15,851,666,1
1618,253116,9,850,664,5
1619,253200,14,850,666,3
1620,253285,14,853,667,4
1621,253367,11,855,668,5
1622,253475,34,858,675,0
1623,253971,23,826,632,1
1624,254366,39,827,631,0
1625,254486,7,834,635,0
1626,254634,13,840,641,0
1627,254736,8,848,649,0
1628,254846,14,854,655,0
1629,254949,14,852,653,0
1630,255023,8,857,653,5
1631,255104,17,859,658,2
1632,255245,29,860,652,9
1633,255355,22,864,659,3
1634,255451,17,860,652,2
1635,255731,117,848,631,3
1636,255882,23,851,631,5
1637,256003,16,849,630,1
1638,256111,12,853,633,0
1639,256191,7,859,639,0
1640,256260,8,869,643,5
1641,256348,13,876,655,0
1642,256430,10,888,666,0
1643,256499,9,890,668,0
1644,256587,12,887,666,1
1645,256660,15,904,682,5
1646,256815,52,899,673,11
1647,256939,22,897,682,0
1648,257054,20,908,692,1
1649,257192,20,913,696,2
1650,257621,22,904,687,0
1651,257707,9,914,697,0
1652,257783,14,926,709,0
1653,257927,36,929,712,0
1654,257988,9,937,720,0
1655,258066,9,942,724,2
1656,258135,9,942,722,5
1657,258229,22,936,721,0
1658,258313,9,941,724,0
1659,258381,9,944,725,1
1660,258476,13,945,727,0
1661,258577,12,952,735,0
1662,258684,27,966,742,3
1663,258834,27,977,749,6
1664,259042,78,987,754,8
1665,259212,19,975,744,6
1666,259321,19,967,742,0
1667,259382,9,976,746,3
1668,259468,15,977,748,1
1669,259552,10,989,757,2
1670,259629,10,988,758,0
1671,259733,12,988,757,0
1672,259825,10,998,767,0
1673,259910,15,1005,771,3
1674,259974,18,1003,771,0
1675,260063,10,1009,772,1
1676,260227,13,1003,768,0
1677,260392,40,1004,768,1
1678,260838,38,1003,762,8
1679,261006,9,1006,770,0
1680,261086,11,1019,783,0
1681,261145,11,1037,801,0
1682,261338,12,1048,812,0
1683,261439,15,1057,810,11
1684,261514,9,1052,803,15
1685,261615,13,1033,767,35
1686,261716,18,994,750,23
1687,261827,24,1014,757,39
1688,261925,27,990,756,16
1689,262069,44,982,734,43
1690,262230,28,944,735,3
1691,262489,47,943,717,19
1692,262603,15,927,719,1
1693,262702,13,929,722,0
1694,262805,12,932,715,18
1695,262898,8,922,715,5
1696,263003,15,922,707,14
1697,263111,19,916,708,0
1698,263197,10,932,718,7
1699,263265,9,934,711,16
1700,263388,20,915,708,0
1701,263495,9,916,708,2
1702,263644,32,907,682,14
1703,263834,41,892,660,23
1704,264413,16,853,642,0
1705,264585,39,854,643,0
1706,264750,16,848,638,0
1707,264869,24,854,628,11
1708,265048,44,844,622,2
1709,265224,29,849,609,24
1710,265445,49,827,604,10
1711,265665,50,812,587,15
1712,265834,25,800,588,0
1713,265964,20,791,580,2
1714,266113,21,785,574,2
1715,266267,24,775,555,13
1716,266537,25,754,544,8
1717,266642,11,755,551,2
1718,266767,47,759,558,0
1719,266935,22,755,550,0
1720,267036,15,762,550,5
1721,267114,17,762,534,23
1722,267574,8,706,500,3
1723,267674,8,707,498,5
1724,267747,7,714,510,0
1725,267873,7,714,510,0
1726,268060,21,714,506,5
1727,268187,12,713,502,7
1728,268307,9,711,504,2
1729,268379,8,712,506,0
1730,270872,38,631,381,74
1731,271022,14,553,380,2
1732,271166,13,556,383,3
1733,271282,7,555,389,0
1734,271407,17,563,396,0
1735,271480,5,568,399,0
1736,271556,5,590,420,0
1737,271632,7,598,426,0
1738,271709,6,606,434,0
1739,271799,5,606,434,0
1740,271875,6,622,448,0
1741,271985,12,623,449,0
1742,272132,14,628,454,0
1743,272273,11,631,457,0
1744,272346,6,633,459,0
1745,272415,7,635,461,0
1746,272482,6,642,468,0
1747,272551,5,647,471,0
1748,272624,7,651,475,0
1749,272705,6,651,475,0
1750,272771,6,657,480,0
1751,272849,6,669,492,0
1752,272932,6,673,496,0
1753,273004,6,677,500,0
1754,273092,6,681,504,0
1755,273158,13,689,512,0
1756,273228,7,702,525,0
1757,273348,12,706,529,0
1758,273482,14,708,531,0
1759,273625,17,716,539,0
1760,273944,17,714,537,0
1761,274024,7,721,540,3
1762,274117,15,717,538,2
1763,274216,19,716,536,2
1764,274301,9,720,535,5
1765,274378,7,717,535,2
1766,274478,9,716,529,7
1767,274578,9,719,539,0
1768,274641,7,733,553,0
1769,274729,8,737,538,19
1770,274857,21,720,538,3
1771,274954,14,705,530,0
1772,275158,29,719,539,3
1773,275384,53,714,532,3
1774,275514,10,713,532,1
1775,275611,16,717,535,1
1776,275707,14,718,537,0
1777,275775,8,728,539,7
1778,275865,9,732,540,15
1779,275970,21,730,547,6
1780,276038,14,732,543,14
1781,276132,12,735,559,0
1782,276231,10,729,547,6
1783,276352,16,714,539,0
1784,276435,7,721,544,2
1785,276511,25,723,545,3
1786,276663,24,728,552,1
1787,276793,31,737,560,0
1788,276900,8,748,571,0
1789,276984,8,756,578,1
1790,277323,29,758,575,3
1791,277412,21,755,573,2
1792,277503,11,763,574,6
1793,277594,17,759,575,3
1794,277669,10,767,573,13
1795,277733,12,764,570,10
1796,277805,14,766,572,10
1797,277914,39,764,571,13
1798,278082,31,764,578,4
1799,278268,37,756,571,2
1800,278398,9,755,571,1
1801,278474,11,754,569,2
1802,278552,14,754,560,8
1803,278633,8,755,558,8
1804,278730,11,748,559,0
1805,278791,16,752,558,4
1806,278859,8,753,557,8
1807,278943,15,749,560,0
1808,279012,7,750,561,0
1809,279101,8,751,561,1
1810,279177,12,757,555,12
1811,279242,7,747,554,3
1812,279326,10,750,561,2
1813,279453,22,753,559,6
1814,279612,36,754,563,3
1815,279760,37,758,569,1
1816,279860,12,758,570,0
1817,279944,14,771,583,0
1818,280015,8,775,586,0
1819,280102,14,778,588,2
1820,280497,14,787,599,0
1821,280593,12,790,602,3
1822,280664,14,796,605,4
1823,280760,13,801,606,6
1824,280900,14,795,601,7
1825,281046,25,788,598,3
1826,281134,7,787,593,7
1827,281216,11,781,591,0
1828,281294,9,781,591,0
1829,281392,9,789,599,0
1830,281479,17,782,590,7
1831,281579,25,782,594,0
1832,281650,8,784,594,1
1833,281730,14,784,595,0
1834,281805,10,788,595,4
1835,281871,8,789,588,9
1836,281958,17,782,585,2
1837,282062,9,784,585,2
1838,282246,34,786,589,0
1839,282381,18,805,606,0
1840,282515,8,809,606,1
1841,282602,10,807,605,0
1842,282707,11,809,600,8
1843,282818,11,808,604,10
1844,282897,8,830,624,13
1845,283006,12,821,626,2
1846,283106,14,826,630,0
1847,283206,20,827,630,3
1848,283296,14,836,633,6
1849,283384,9,839,636,8
1850,283980,38,836,640,1
1851,284196,28,847,652,0
1852,284424,28,859,653,9
1853,284555,21,857,650,11
1854,284685,19,852,645,13
1855,284840,27,845,642,10
1856,284989,24,835,637,8
1857,285253,12,831,637,0
1858,285365,8,844,638,11
1859,285515,44,835,643,0
1860,285661,24,843,651,0
1861,285766,9,844,652,0
1862,285855,10,851,658,0
1863,285937,10,853,658,2
1864,286022,9,855,661,1
1865,286118,15,853,650,10
1866,286216,11,842,643,6
1867,286326,20,846,641,14
1868,286524,13,841,643,0
1869,286622,12,848,650,2
1870,286746,37,855,658,0
1871,286877,18,860,663,0
1872,287008,22,862,663,2
1873,287108,13,869,669,2
1874,287203,18,867,669,0
1875,287269,8,875,670,0
1876,287726,385,876,667,4
1877,287860,8,878,668,0
1878,287964,13,879,664,5
1879,288098,32,876,660,3
1880,288247,19,876,663,0
1881,288364,12,893,677,4
1882,288447,11,891,678,3
1883,288531,15,892,673,9
1884,288677,20,888,677,0
1885,288755,10,890,669,6
1886,288839,11,888,672,0
1887,288926,15,894,676,2
1888,289017,12,896,680,0
1889,289104,9,898,681,2
1890,289185,9,910,693,2
1891,289259,10,916,700,4
1892,289343,9,912,700,0
1893,289493,22,912,696,2
1894,289660,53,911,697,0
1895,289836,13,920,705,0
1896,289895,10,925,704,6
1897,289989,13,920,705,0
1898,290063,9,928,713,0
1899,290157,15,933,718,0
1900,290233,9,939,722,1
1901,290314,16,951,728,3
1902,290389,10,951,729,2
1903,290474,12,960,740,0
1904,290558,10,976,754,0
1905,293048,2432,983,560,235
1906,293385,44,689,465,37
1907,293537,20,655,463,11
1908,293679,10,646,464,1
1909,293860,19,648,467,0
1910,293993,10,649,468,0
1911,294092,7,654,473,0
1912,294191,5,659,478,0
1913,294264,7,667,485,0
1914,294355,12,681,487,6
1915,294451,10,673,483,6
1916,294617,34,668,486,0
1917,294747,21,668,484,4
1918,294855,21,671,478,13
1919,295064,8,650,472,1
1920,295130,7,664,483,3
1921,295207,8,666,487,1
1922,295365,16,643,473,0
1923,295462,6,644,474,0
1924,295546,5,646,476,0
1925,295616,6,648,476,3
1926,295705,10,649,479,1
1927,295791,21,655,479,8
1928,295940,15,665,496,1
1929,296194,85,667,490,5
1930,296466,16,654,481,1
1931,296566,9,649,475,2
1932,296623,7,656,479,13
1933,296734,23,647,470,17
1934,296823,13,637,471,1
1935,296907,13,646,477,11
1936,296993,10,641,474,9
1937,297096,10,636,470,10
1938,297183,9,628,472,0
1939,297339,11,633,477,0
1940,297483,15,633,477,0
1941,297606,13,627,470,3
1942,297692,11,617,463,1
1943,297764,6,632,473,4
1944,297835,15,635,480,0
1945,297927,8,645,488,2
1946,297997,7,650,493,2
1947,298097,10,652,497,0
1948,298179,6,676,519,0
1949,298262,7,677,518,0
1950,298451,10,669,513,0
1951,298536,11,679,523,0
1952,298657,21,684,528,0
1953,298756,10,699,543,0
1954,298892,13,702,546,0
1955,298998,7,706,548,0
1956,299077,7,714,556,0
1957,299147,7,720,562,0
1958,299222,7,725,567,0
1959,299308,6,725,567,0
1960,299383,7,741,583,0
1961,299606,11,749,591,0
1962,299681,6,752,594,0
1963,300039,21,766,607,0
