tick,timestamp,query_runtime,trav_index_nodes,trav_vol_nodes,trav_unprod_nodes
0,675,4,6,6,0
1,1085,1,13,13,0
2,1321,2,20,20,0
3,1578,0,25,25,0
4,1843,4,45,45,0
5,2111,3,54,54,0
6,2360,6,84,84,0
7,2622,2,91,91,0
8,2898,2,104,104,0
9,3097,4,108,108,0
10,3277,2,117,117,0
11,3492,1,122,122,0
12,3658,5,136,136,0
13,3811,1,151,151,0
14,4041,1,159,159,0
15,4193,2,165,165,0
16,4354,2,174,174,0
17,4531,1,179,179,0
18,4730,5,204,204,0
19,4904,4,208,208,0
20,5033,3,224,224,0
21,5193,2,239,239,0
22,5292,2,242,242,0
23,5401,2,249,249,0
24,5549,3,257,257,0
25,5736,3,262,262,0
26,5876,4,269,269,0
27,5970,2,282,282,0
28,6071,4,286,286,0
29,6203,6,290,290,0
30,6356,3,311,311,0
31,6437,5,324,324,0
32,6572,3,332,332,0
33,6685,3,335,335,0
34,6822,4,342,342,0
35,6966,3,359,359,0
36,7100,3,372,372,0
37,7278,5,378,378,0
38,7503,4,389,389,0
39,7665,4,418,418,0
40,7930,8,424,424,0
41,8050,7,431,431,0
42,8172,4,439,439,0
43,8306,4,445,445,0
44,8397,3,448,448,0
45,8526,3,455,455,0
46,8664,5,462,462,0
47,8807,4,467,467,0
48,8921,4,494,494,0
49,9032,5,519,519,0
50,9154,4,525,525,0
51,9382,5,541,541,0
52,9532,5,569,569,0
53,9670,3,574,574,0
54,9811,7,586,586,0
55,9946,7,588,588,0
56,10082,10,593,593,0
57,10222,4,603,603,0
58,10339,5,616,616,0
59,10417,6,640,640,0
60,10532,5,649,649,0
61,10682,5,654,654,0
62,10786,5,657,657,0
63,10902,6,672,672,0
64,11051,6,679,679,0
65,11210,10,681,681,0
66,11322,7,685,685,0
67,11424,8,689,689,0
68,11529,11,697,697,0
69,12045,419,699,699,0
70,12156,7,705,705,0
71,12281,8,714,714,0
72,12378,5,722,722,0
73,12486,5,724,724,0
74,12596,6,730,730,0
75,12689,5,738,738,0
76,12777,4,749,749,0
77,12886,6,761,761,0
78,12972,5,768,768,0
79,13058,6,772,772,0
80,13157,6,785,785,0
81,13269,5,794,794,0
82,13351,5,808,808,0
83,13445,8,818,818,0
84,13553,6,832,832,0
85,13626,6,841,841,0
86,13713,6,857,857,0
87,13794,6,863,863,0
88,13949,6,876,876,0
89,14032,6,877,877,0
90,14117,6,894,894,0
91,14211,6,899,899,0
92,14303,7,927,927,0
93,14388,6,930,930,0
94,14508,6,931,931,0
95,14614,9,934,934,0
96,14715,8,947,947,0
97,14808,6,961,961,0
98,14910,7,965,965,0
99,15004,7,969,969,0
100,15086,7,982,982,0
101,15182,7,988,988,0
102,15306,7,992,992,0
103,15412,7,1001,1001,0
104,15533,6,1013,1013,0
105,15638,7,1020,1020,0
106,15709,7,1032,1032,0
107,15813,8,1042,1042,0
108,15927,10,1055,1055,0
109,16043,8,1059,1059,0
110,16151,13,1063,1063,0
111,16265,11,1074,1074,0
112,16656,283,1080,1080,0
113,16768,9,1085,1085,0
114,16864,8,1097,1097,0
115,16960,7,1106,1106,0
116,17065,10,1117,1117,0
117,17156,8,1121,1121,0
118,17241,8,1131,1131,0
119,17335,7,1132,1132,0
120,17422,7,1139,1139,0
121,17521,8,1144,1144,0
122,17616,8,1153,1153,0
123,17717,8,1157,1157,0
124,17816,10,1174,1174,0
125,17913,7,1181,1181,0
126,17998,9,1184,1184,0
127,18111,7,1188,1188,0
128,18194,9,1200,1200,0
129,18300,9,1215,1215,0
130,18403,8,1216,1216,0
131,18512,8,1221,1221,0
132,18590,9,1235,1235,0
133,18661,10,1245,1245,0
134,18743,9,1249,1249,0
135,18842,9,1253,1253,0
136,18947,17,1269,1269,0
137,19074,15,1276,1276,0
138,19870,711,1281,1281,0
139,19987,14,1296,1296,0
140,20093,9,1298,1298,0
141,20208,10,1299,1299,0
142,20296,9,1304,1304,0
143,20368,9,1311,1311,0
144,20457,9,1331,1331,0
145,20540,8,1338,1338,0
146,20632,9,1358,1358,0
147,20724,11,1360,1360,0
148,20806,9,1364,1364,0
149,20891,9,1364,1364,0
150,20976,9,1369,1369,0
151,21085,9,1383,1383,0
152,21205,9,1388,1388,0
153,21302,11,1390,1390,0
154,21394,10,1397,1397,0
155,21486,10,1401,1401,0
156,21602,10,1405,1405,0
157,21712,10,1412,1412,0
158,21807,10,1421,1421,0
159,21925,10,1428,1428,0
160,22026,12,1444,1444,0
161,22153,11,1451,1451,0
162,22226,9,1452,1452,0
163,22314,17,1466,1466,0
164,22430,13,1470,1470,0
165,22590,22,1479,1479,0
166,22725,23,1484,1484,0
167,22856,23,1488,1488,0
168,22998,28,1491,1491,0
169,23220,10,1498,1498,0
170,23334,10,1501,1501,0
171,23430,9,1507,1507,0
172,23518,15,1507,1507,0
173,23614,10,1508,1508,0
174,23709,10,1512,1512,0
175,23800,10,1514,1514,0
176,23875,13,1517,1517,0
177,23974,9,1531,1531,0
178,24089,11,1541,1541,0
179,24174,12,1545,1545,0
180,24278,11,1556,1556,0
181,24356,10,1570,1570,0
182,24484,11,1588,1588,0
183,24577,10,1595,1595,0
184,24669,11,1600,1600,0
185,24773,10,1603,1603,0
186,24874,10,1609,1609,0
187,24979,11,1622,1622,0
188,25071,9,1629,1629,0
189,25159,13,1638,1638,0
190,25236,11,1639,1639,0
191,25323,12,1641,1641,0
192,25421,11,1646,1646,0
193,25503,12,1665,1665,0
194,25608,11,1668,1668,0
195,25698,12,1680,1680,0
196,25805,11,1682,1682,0
197,25900,12,1703,1703,0
198,25998,12,1707,1707,0
199,26213,11,1720,1720,0
200,26327,11,1729,1729,0
201,26410,11,1740,1740,0
202,26507,11,1754,1754,0
203,26607,12,1778,1778,0
204,26700,12,1786,1786,0
205,26803,12,1790,1790,0
206,26877,13,1797,1797,0
207,26970,13,1802,1802,0
208,27059,12,1811,1811,0
209,27154,12,1817,1817,0
210,27262,12,1823,1823,0
211,27374,14,1854,1854,0
212,27494,13,1857,1857,0
213,27597,14,1859,1859,0
214,27680,12,1874,1874,0
215,27761,12,1874,1874,0
216,27851,13,1876,1876,0
217,27932,13,1892,1892,0
218,28034,19,1898,1898,0
219,28154,15,1900,1900,0
220,28245,13,1905,1905,0
221,28333,13,1917,1917,0
222,28438,13,1926,1926,0
223,28541,15,1941,1941,0
224,28640,17,1951,1951,0
225,28741,17,1953,1953,0
226,28843,15,1962,1962,0
227,28961,21,1982,1982,0
228,29057,15,1994,1994,0
229,29148,15,2004,2004,0
230,29245,31,2007,2007,0
231,29465,116,2026,2026,0
232,29568,17,2038,2038,0
233,29654,13,2048,2048,0
234,29755,13,2071,2071,0
235,29860,14,2096,2096,0
236,29956,17,2105,2105,0
237,30068,23,2108,2108,0
238,30195,15,2113,2089,11
239,30304,15,2127,2093,13
240,30417,16,2143,2081,26
241,30526,16,2155,2077,29
242,30676,22,2135,2050,24
243,30802,17,2139,2016,49
244,30911,15,2154,2020,55
245,31022,15,2159,2007,58
246,31169,18,2112,1981,19
247,31281,15,2134,1981,26
248,31394,15,2136,1936,63
249,31493,14,2139,1905,87
250,31724,48,2060,1880,11
251,31826,14,2079,1885,17
252,31914,15,2087,1879,24
253,32037,26,2089,1861,39
254,32160,25,2053,1856,5
255,32293,20,2062,1842,10
256,32388,14,2072,1846,10
257,32481,14,2075,1840,15
258,32598,19,2068,1830,11
259,32701,14,2079,1820,25
260,34042,32,1860,1521,26
261,34167,19,1833,1504,12
262,34282,16,1836,1464,47
263,34375,12,1842,1443,62
264,34495,13,1861,1434,90
265,34604,20,1777,1426,15
266,34743,17,1781,1408,27
267,34861,16,1796,1405,42
268,34962,13,1801,1401,47
269,35134,46,1760,1402,2
270,35251,13,1771,1385,21
271,35377,15,1785,1373,38
272,35492,13,1791,1352,57
273,35674,47,1733,1331,3
274,35784,12,1741,1320,21
275,35882,13,1756,1307,39
276,35968,13,1784,1327,42
277,36079,18,1736,1298,21
278,36180,13,1744,1303,22
279,36280,12,1748,1288,35
280,36393,12,1751,1283,41
281,36481,13,1759,1281,46
282,36614,18,1709,1262,7
283,36721,13,1725,1257,20
284,36846,12,1734,1248,38
285,36967,12,1738,1229,51
286,37140,42,1675,1183,24
287,37247,12,1686,1186,30
288,37439,15,1698,1185,39
289,37596,40,1669,1186,3
290,37695,14,1674,1173,21
291,37791,13,1681,1180,21
292,37889,17,1685,1182,23
293,37973,12,1691,1181,28
294,38098,34,1667,1178,0
295,38188,11,1681,1182,6
296,38279,12,1687,1177,15
297,38363,12,1702,1187,20
298,38447,12,1719,1187,34
299,38604,16,1733,1167,69
300,38761,19,1693,1153,32
301,38870,13,1708,1146,46
302,38976,12,1718,1145,57
303,39106,41,1664,1128,22
304,39204,14,1681,1127,40
305,39313,14,1690,1133,41
306,39433,12,1714,1151,44
307,39555,13,1728,1157,47
308,39655,13,1694,1154,14
309,39752,12,1707,1158,16
310,39841,12,1732,1166,25
311,39946,14,1736,1167,27
312,40052,14,1751,1160,54
313,40144,13,1709,1155,13
314,40232,12,1723,1154,33
315,40335,14,1735,1160,37
316,40437,12,1745,1145,58
317,40538,16,1751,1136,69
318,40759,136,1688,1114,32
319,40842,11,1708,1113,51
320,40922,11,1717,1109,66
321,41032,27,1726,1113,72
322,41144,18,1664,1115,4
323,41235,13,1667,1109,9
324,41340,12,1683,1098,36
325,41437,12,1690,1091,54
326,41505,12,1708,1107,55
327,41669,34,1660,1094,14
328,41767,17,1674,1105,14
329,41848,12,1682,1113,14
330,41928,13,1699,1129,14
331,42011,11,1705,1135,14
332,42123,21,1707,1147,3
333,42210,12,1726,1146,26
334,42299,13,1731,1149,26
335,42386,13,1737,1150,28
336,42502,12,1738,1126,57
337,42630,20,1683,1121,12
338,42730,13,1689,1112,26
339,42836,12,1706,1107,48
340,42909,11,1715,1105,57
341,43004,13,1734,1103,78
342,43143,38,1674,1108,6
343,43224,12,1677,1103,10
344,43302,13,1699,1106,27
345,43386,12,1722,1123,27
346,43480,12,1730,1119,38
347,43621,19,1699,1123,2
348,43854,11,1701,1102,25
349,43959,11,1705,1099,30
350,44052,13,1712,1103,33
351,44131,14,1694,1111,4
352,44223,13,1703,1103,29
353,44323,11,1705,1098,38
354,44424,11,1713,1082,62
355,44538,9,1724,1063,95
356,44678,19,1637,1064,10
357,44792,14,1642,1053,27
358,44918,12,1647,1048,38
359,45024,20,1653,1029,61
360,45147,20,1594,1023,7
361,45236,13,1604,1028,11
362,45342,11,1624,1038,18
363,45432,12,1629,1037,23
364,45525,13,1633,1034,29
365,45648,38,1618,1044,5
366,45746,10,1621,1045,5
367,45839,13,1633,1050,15
368,45945,13,1650,1055,21
369,46034,12,1659,1058,25
370,46155,42,1639,1047,20
371,46245,12,1655,1046,40
372,46340,11,1662,1052,40
373,46438,12,1670,1057,40
374,46570,26,1634,1061,0
375,46663,16,1641,1067,0
376,46780,15,1643,1068,0
377,46876,13,1650,1064,10
378,47058,100,1664,1064,15
379,47150,27,1652,1063,3
380,47238,11,1656,1059,13
381,47316,12,1667,1062,25
382,47421,13,1676,1062,34
383,47514,13,1682,1057,47
384,47641,38,1656,1070,14
385,47745,14,1673,1073,27
386,47834,12,1679,1072,31
387,47927,11,1691,1058,60
388,48019,13,1711,1060,75
389,48137,31,1650,1066,8
390,48219,12,1664,1078,10
391,48304,12,1693,1087,24
392,48380,13,1703,1092,29
393,48476,12,1718,1095,33
394,48615,43,1691,1095,10
395,48725,15,1703,1098,16
396,48795,14,1706,1091,23
397,48858,13,1728,1112,25
398,48953,12,1749,1125,31
399,49036,13,1777,1151,32
400,49134,17,1753,1154,9
401,49213,13,1761,1159,9
402,49301,13,1771,1168,9
403,49399,13,1777,1172,9
404,49482,13,1786,1178,9
405,49590,22,1787,1188,0
406,49803,136,1805,1204,0
407,49917,16,1822,1215,4
408,50002,16,1831,1220,8
409,50089,24,1825,1214,0
410,50163,14,1835,1221,4
411,50263,12,1842,1223,9
412,50342,12,1846,1224,10
413,50438,13,1854,1221,18
414,50530,12,1863,1222,20
415,50653,34,1847,1216,8
416,50730,14,1869,1227,19
417,50828,14,1884,1235,21
418,50925,13,1887,1234,22
419,51024,14,1892,1232,28
420,51122,26,1861,1221,10
421,51223,13,1871,1220,17
422,51330,13,1877,1221,21
423,51410,14,1886,1225,26
424,51504,14,1892,1208,50
425,51641,45,1851,1207,15
426,51726,14,1867,1218,18
427,51823,14,1870,1207,32
428,51913,13,1878,1212,32
429,52012,15,1900,1225,35
430,52133,28,1873,1220,14
431,52212,13,1876,1216,20
432,52304,17,1879,1217,22
433,52446,14,1884,1215,33
434,52672,41,1856,1214,7
435,52758,13,1872,1225,9
436,52858,13,1874,1213,26
437,52931,13,1876,1212,28
438,53011,13,1881,1215,31
439,53139,24,1860,1223,0
440,53226,13,1882,1231,6
441,53303,13,1882,1227,7
442,53389,13,1899,1228,25
443,53480,13,1908,1234,30
444,53590,34,1881,1230,3
445,53704,12,1894,1233,11
446,53818,13,1901,1230,14
447,53893,14,1918,1243,20
448,53985,14,1925,1245,28
449,54097,33,1905,1252,0
450,54199,13,1914,1252,6
451,54280,14,1922,1251,17
452,54375,14,1925,1253,20
453,54458,14,1942,1265,22
454,54547,12,1944,1265,21
455,54633,14,1923,1260,4
456,54715,14,1927,1259,8
457,54796,14,1932,1261,12
458,54908,17,1948,1267,18
459,55166,168,1955,1265,21
460,55295,54,1943,1268,5
461,55369,13,1950,1269,9
462,55456,14,1955,1266,14
463,55549,12,1958,1265,22
464,55636,19,1939,1262,7
465,55721,13,1949,1250,28
466,55811,13,1955,1251,33
467,55907,15,1961,1251,37
468,56003,14,1982,1263,43
469,56139,40,1943,1267,0
470,56229,14,1956,1278,1
471,56318,15,1961,1273,16
472,56404,16,1966,1275,21
473,56483,14,1982,1285,23
474,56598,37,1971,1296,3
475,56688,15,1996,1313,5
476,56766,15,1997,1314,5
477,56843,14,2012,1325,14
478,56939,16,2015,1321,26
479,57032,15,2024,1317,36
480,57155,47,1990,1315,2
481,57247,15,1997,1316,7
482,57336,15,2001,1316,12
483,57415,16,2017,1324,15
484,57514,20,2021,1322,21
485,59007,16,1993,1266,40
486,59137,34,1958,1270,1
487,59229,14,1962,1271,3
488,59317,14,1965,1269,7
489,59426,15,1971,1274,7
490,59566,24,1972,1275,5
491,59662,15,2003,1292,7
492,59751,14,2010,1285,14
493,59841,14,2033,1303,17
494,59918,13,2034,1300,19
495,60009,14,2061,1313,32
496,60134,18,2010,1282,23
497,60259,14,2011,1242,70
498,60364,15,2031,1231,104
499,60470,13,2039,1206,142
500,60615,33,1899,1205,2
501,60703,13,1903,1199,18
502,60798,15,1917,1182,54
503,60888,16,1939,1179,91
504,60993,15,1958,1186,100
505,61130,30,1850,1158,24
506,61271,54,1854,1162,24
507,61372,14,1863,1158,37
508,61488,13,1868,1142,59
509,61617,20,1810,1134,10
510,61715,14,1817,1139,12
511,61807,15,1829,1134,25
512,61895,13,1848,1149,36
513,61984,14,1860,1129,76
514,62095,26,1781,1123,1
515,62202,13,1786,1109,25
516,62333,13,1798,1096,53
517,62428,13,1809,1103,53
518,62551,13,1822,1086,89
519,62695,16,1740,1077,16
520,62802,12,1746,1082,16
521,62919,13,1753,1088,16
522,63012,14,1759,1094,16
523,63137,18,1748,1099,0
524,63245,14,1753,1104,0
525,63346,13,1759,1109,0
526,63438,13,1766,1114,0
527,63545,11,1769,1117,0
528,63642,13,1778,1124,0
529,63734,14,1785,1129,0
530,63865,14,1801,1145,0
531,64043,11,1818,1154,16
532,64173,14,1804,1151,7
533,64273,12,1807,1148,18
534,64361,13,1811,1135,35
535,64468,15,1815,1120,54
536,64618,41,1764,1120,0
537,64701,13,1780,1125,14
538,64783,12,1784,1119,24
539,64868,14,1800,1124,38
540,64969,12,1803,1119,47
541,65088,32,1760,1123,4
542,65204,12,1764,1111,20
543,65307,13,1776,1110,34
544,65404,13,1795,1103,57
545,65495,14,1814,1107,72
546,65606,17,1759,1103,22
547,65698,13,1765,1107,23
548,65793,13,1774,1100,45
549,65862,14,1785,1091,67
550,65958,15,1792,1094,78
551,66052,12,1800,1097,81
552,66143,17,1743,1107,15
553,66233,14,1749,1105,27
554,66329,13,1756,1097,41
555,66510,17,1761,1091,54
556,66653,33,1715,1088,9
557,66743,14,1723,1073,33
558,66839,12,1728,1071,48
559,66933,13,1750,1075,63
560,67130,117,1773,1072,81
561,67327,57,1721,1082,21
562,67418,13,1735,1092,25
563,67509,12,1744,1094,31
564,67672,72,1706,1077,16
565,67754,15,1718,1073,37
566,67843,12,1736,1086,45
567,67962,16,1747,1076,61
568,68082,33,1770,1081,84
569,68171,20,1708,1079,25
570,68262,13,1718,1081,27
571,68368,13,1724,1073,41
572,68467,12,1729,1068,49
573,68556,14,1731,1070,61
574,68685,16,1670,1060,12
575,68776,14,1676,1056,19
576,68859,13,1684,1059,23
577,68973,15,1697,1064,28
578,69193,135,1670,1056,14
579,69289,11,1679,1054,25
580,69365,11,1679,1049,33
581,69455,11,1692,1056,37
582,69542,11,1704,1058,42
583,69630,13,1677,1064,7
584,69742,11,1685,1062,24
585,69826,12,1691,1060,35
586,69914,15,1694,1050,56
587,70023,11,1703,1055,57
588,70158,37,1651,1052,11
589,70257,17,1655,1049,18
590,70346,14,1668,1051,28
591,70443,13,1676,1043,58
592,70539,9,1697,1060,61
593,70660,16,1642,1056,10
594,70769,12,1650,1063,10
595,70862,12,1664,1055,24
596,70962,15,1678,1051,47
597,71074,29,1634,1044,11
598,71149,13,1640,1046,14
599,71244,15,1647,1045,21
600,71334,13,1655,1046,31
601,71457,24,1673,1056,31
602,71585,33,1684,1071,28
603,71825,25,1657,1070,5
604,71918,13,1664,1064,17
605,72016,12,1672,1056,39
606,72125,28,1626,1045,7
607,72228,13,1629,1043,11
608,72325,14,1645,1049,26
609,72392,12,1648,1047,28
610,72483,12,1663,1048,37
611,72582,22,1630,1050,1
612,72711,14,1636,1051,9
613,72818,12,1646,1059,9
614,72910,12,1656,1063,9
615,72995,13,1659,1062,13
616,73086,16,1649,1065,2
617,73186,12,1659,1073,2
618,73273,12,1669,1076,8
619,73375,13,1687,1082,12
620,73460,14,1708,1096,19
621,73579,32,1692,1098,0
622,73688,13,1697,1094,5
623,73781,13,1715,1111,5
624,73877,13,1719,1107,11
625,73975,15,1726,1105,21
626,74107,42,1721,1110,0
627,74189,13,1735,1115,7
628,74428,12,1748,1085,38
629,74506,12,1752,1069,53
630,74629,17,1708,1075,5
631,74709,12,1716,1078,6
632,74796,13,1727,1079,13
633,74863,12,1743,1089,19
634,74947,13,1746,1086,22
635,75052,18,1753,1086,34
636,75161,12,1726,1088,6
637,75241,13,1738,1087,20
638,75317,13,1743,1080,28
639,75403,13,1750,1087,28
640,75485,12,1753,1087,32
641,75603,38,1728,1091,2
642,75679,12,1735,1088,14
643,75762,12,1739,1075,31
644,75859,13,1746,1070,45
645,75952,13,1752,1065,57
646,76043,15,1765,1062,73
647,76161,41,1695,1060,6
648,76264,13,1704,1054,30
649,76498,14,1712,1046,42
650,76617,37,1681,1052,5
651,76709,12,1682,1042,18
652,76814,12,1686,1032,29
653,76911,13,1693,1010,57
654,76990,12,1703,1017,62
655,77119,34,1659,1030,0
656,77215,12,1670,1036,5
657,77296,12,1674,1034,7
658,77392,12,1677,1031,16
659,77512,12,1682,1030,25
660,77628,40,1668,1035,5
661,77762,17,1674,1036,10
662,77858,14,1686,1039,15
663,77949,13,1690,1033,20
664,78023,14,1704,1045,27
665,78132,33,1688,1049,2
666,78219,12,1708,1063,8
667,78317,13,1718,1063,11
668,78400,13,1722,1065,11
669,78497,14,1733,1071,15
670,78753,32,1709,1057,10
671,78843,10,1720,1060,12
672,78956,13,1727,1056,23
673,79063,16,1698,1051,0
674,79141,13,1708,1053,8
675,79242,13,1731,1069,8
676,79317,12,1735,1067,18
677,79416,12,1743,1066,31
678,79490,13,1743,1064,32
679,79589,21,1721,1071,3
680,79681,15,1730,1069,15
681,79774,12,1743,1081,15
682,79865,12,1756,1091,19
683,79963,14,1772,1102,25
684,80093,35,1757,1117,0
685,80177,14,1772,1129,1
686,80423,169,1777,1119,11
687,80523,16,1781,1113,23
688,80616,20,1766,1116,1
689,80718,12,1771,1114,7
690,80822,12,1785,1123,8
691,80909,13,1794,1119,18
692,80999,11,1801,1110,36
693,81114,36,1779,1118,8
694,81210,12,1784,1120,11
695,81301,14,1790,1117,17
696,81389,12,1796,1118,20
697,81496,20,1800,1118,27
698,81634,37,1766,1115,5
699,81714,12,1775,1123,8
700,81826,13,1783,1122,18
701,81921,13,1793,1123,24
702,82011,16,1797,1109,41
703,82277,30,1780,1119,13
704,82369,13,1795,1131,13
705,82475,12,1806,1135,19
706,82573,16,1791,1139,0
707,82658,12,1799,1142,2
708,82761,13,1815,1154,6
709,82869,13,1825,1156,11
710,82973,14,1831,1159,13
711,83090,38,1814,1155,4
712,83168,12,1818,1155,4
713,83268,17,1825,1153,13
714,83363,14,1844,1165,16
715,83451,14,1849,1166,20
716,83547,16,1851,1168,20
717,83637,25,1836,1170,6
718,83883,173,1866,1180,21
719,83969,15,1868,1174,30
720,84135,41,1846,1176,2
721,84226,12,1857,1177,15
722,84310,14,1869,1187,16
723,84409,12,1869,1180,17
724,84485,13,1888,1198,19
725,84604,35,1873,1196,10
726,84695,14,1876,1195,13
727,84778,14,1880,1194,21
728,84880,14,1889,1191,26
729,84978,14,1897,1193,33
730,85111,33,1871,1198,0
731,85217,13,1878,1203,0
732,85301,14,1886,1211,0
733,87042,19,1824,1146,3
734,87132,17,1825,1148,5
735,87219,13,1828,1144,11
736,87316,12,1845,1158,16
737,87400,14,1869,1181,20
738,87490,13,1878,1184,23
739,87582,17,1870,1197,0
740,87684,12,1881,1206,0
741,87773,12,1883,1208,0
742,87874,13,1885,1210,0
743,87957,14,1892,1217,0
744,88062,15,1899,1223,0
745,88142,13,1916,1238,0
746,88229,13,1929,1251,0
747,88361,13,1934,1256,0
748,88453,13,1939,1261,0
749,88544,11,1946,1267,0
750,88637,14,1950,1271,0
751,88724,14,1956,1277,0
752,88811,13,1973,1291,0
753,88890,15,1985,1301,0
754,88988,16,1992,1303,3
755,89086,20,1998,1311,0
756,89180,14,2019,1326,4
757,89269,14,2027,1330,8
758,89397,17,2023,1325,13
759,89500,20,2026,1322,20
760,89617,16,2019,1330,4
761,89713,17,2027,1337,5
762,89862,14,2036,1337,13
763,89950,14,2036,1335,15
764,90070,19,2015,1321,3
765,90186,14,2028,1311,27
766,90292,14,2042,1301,52
767,90396,16,2062,1300,81
768,90511,14,2069,1296,85
769,90645,43,1978,1292,2
770,90755,16,1993,1252,64
771,90861,14,2007,1247,81
772,90947,15,2017,1239,99
773,91033,14,2037,1239,125
774,91173,50,1920,1230,23
775,91261,13,1929,1233,29
776,91358,13,1949,1228,54
777,91539,24,1955,1192,111
778,91663,18,1857,1199,6
779,91756,13,1874,1205,24
780,91863,18,1892,1199,61
781,91971,13,1897,1190,77
782,92107,36,1828,1173,14
783,92208,12,1833,1153,53
784,92288,13,1840,1152,65
785,92401,13,1847,1139,90
786,92491,13,1851,1134,108
787,92629,18,1744,1127,10
788,92725,12,1766,1137,29
789,92814,13,1783,1142,44
790,92911,13,1785,1124,68
791,93007,15,1788,1119,78
792,93231,119,1724,1125,15
793,93314,13,1746,1102,50
794,93397,11,1754,1082,76
795,93474,13,1758,1062,112
796,93604,15,1624,1043,1
797,93710,30,1628,1042,1
798,93836,13,1639,1030,27
799,93937,15,1651,1032,34
800,94066,22,1654,1023,49
801,94171,16,1610,997,30
802,94300,21,1625,1009,35
803,94416,16,1627,980,73
804,94529,27,1632,983,75
805,94660,22,1570,983,13
806,94774,17,1582,968,45
807,94901,13,1586,952,66
808,95004,14,1596,943,88
809,95193,15,1507,933,17
810,95297,11,1521,944,24
811,95385,11,1523,931,40
812,95467,11,1533,929,48
813,95631,58,1483,920,3
814,95714,10,1501,928,16
815,95803,11,1514,922,27
816,95890,11,1527,929,29
817,95973,11,1538,917,53
818,96115,47,1471,902,3
819,96211,12,1478,894,17
820,96295,13,1488,891,29
821,96401,10,1498,895,33
822,96495,12,1512,906,36
823,96603,37,1481,907,3
824,96692,15,1484,901,22
825,96804,16,1488,889,43
826,96968,10,1491,876,62
827,97089,31,1419,868,0
828,97186,11,1429,875,0
829,97274,11,1446,890,2
830,97368,10,1459,898,6
831,97444,11,1474,904,20
832,97545,9,1479,905,23
833,97650,12,1474,916,3
834,97741,11,1476,912,11
835,97835,10,1485,907,18
836,97913,10,1496,899,35
837,98026,15,1512,911,40
838,98178,49,1481,910,12
839,98260,13,1493,917,22
840,98343,12,1502,920,35
841,98429,11,1503,907,52
842,98510,10,1521,918,63
843,98640,36,1471,917,11
844,98793,11,1478,908,36
845,98890,12,1489,914,42
846,98980,10,1498,913,55
847,99102,28,1444,913,0
848,99178,11,1461,927,0
849,99271,15,1463,925,3
850,99349,11,1475,933,7
851,99422,12,1480,931,11
852,99501,11,1495,939,13
853,99602,26,1500,950,2
854,99695,13,1511,951,8
855,99781,11,1519,950,21
856,99892,12,1529,951,23
857,100001,14,1545,957,27
858,100114,16,1525,955,10
859,100211,11,1530,954,16
860,100290,11,1536,954,20
861,100378,13,1540,950,35
862,100560,102,1545,948,43
863,100703,44,1502,945,4
864,100775,11,1515,945,19
865,100872,13,1524,946,23
866,100950,15,1527,946,26
867,101088,33,1518,950,0
868,101167,11,1525,948,9
869,101252,11,1530,941,27
870,101330,11,1539,946,34
871,101427,13,1561,961,41
872,101541,19,1569,952,66
873,101639,18,1527,970,5
874,101726,14,1552,991,7
875,101820,16,1563,1001,7
876,101929,15,1571,1001,14
877,102016,14,1580,1003,17
878,102139,34,1573,1005,6
879,102223,14,1576,1000,14
880,102325,15,1589,1002,26
881,102524,120,1595,1002,31
882,102648,41,1567,1003,4
883,102729,11,1575,995,21
884,102842,14,1587,993,41
885,102959,13,1596,984,53
886,103076,20,1553,989,2
887,103203,12,1561,991,10
888,103307,11,1565,987,23
889,103395,11,1569,981,38
890,103485,12,1589,990,46
891,103622,24,1551,991,5
892,103720,12,1562,999,8
893,103810,13,1565,1001,10
894,103915,16,1575,1004,23
895,104016,12,1584,999,33
896,104120,25,1560,1003,2
897,104230,14,1567,1004,6
898,104345,16,1572,1009,6
899,104435,13,1586,1018,7
900,104666,30,1581,1020,0
901,104751,14,1588,1021,8
902,104857,12,1596,1025,12
903,104949,14,1614,1039,21
904,105067,15,1584,1031,0
905,105152,11,1594,1026,17
906,105247,12,1603,1030,20
907,105333,11,1613,1023,34
908,105425,12,1638,1032,57
909,105515,11,1646,1038,59
910,105638,39,1589,1031,11
911,105740,13,1599,1033,23
912,105839,16,1618,1044,34
913,105928,12,1626,1050,35
914,106012,12,1630,1049,36
915,106103,15,1606,1058,0
916,106198,15,1613,1061,4
917,106294,11,1618,1059,8
918,106380,14,1618,1054,16
919,106479,12,1629,1063,12
920,106656,106,1620,1060,2
921,106739,12,1632,1061,12
922,106833,12,1649,1069,19
923,106931,14,1655,1058,36
924,106999,11,1657,1058,39
925,107131,44,1622,1059,4
926,107202,11,1625,1051,15
927,107293,14,1636,1061,15
928,107381,12,1647,1069,16
929,107464,14,1647,1061,26
930,107552,12,1650,1065,26
931,107626,12,1627,1066,2
932,107778,14,1639,1074,6
933,107870,12,1647,1079,7
934,107959,12,1656,1081,19
935,108078,32,1636,1076,6
936,108175,16,1654,1075,18
937,108280,15,1669,1084,26
938,108352,12,1679,1088,28
939,108440,12,1684,1086,31
940,108516,13,1698,1097,36
941,108762,159,1681,1106,3
942,108852,11,1696,1116,6
943,108942,12,1712,1120,20
944,109016,13,1712,1118,25
945,109125,25,1688,1115,3
946,109214,12,1695,1116,8
947,109300,12,1701,1119,13
948,109410,13,1713,1125,13
949,109499,12,1723,1132,21
950,109620,42,1716,1138,14
951,109709,12,1719,1136,18
952,109812,13,1719,1130,25
953,109897,12,1732,1131,34
954,109990,13,1739,1131,43
955,110089,17,1705,1142,0
956,110199,13,1719,1146,3
957,110284,12,1729,1151,6
958,110385,12,1740,1160,6
959,110456,13,1749,1166,10
960,110586,27,1739,1158,2
961,110679,14,1740,1154,7
962,110895,11,1747,1151,16
963,110967,12,1749,1151,19
964,111087,30,1745,1160,8
965,111168,12,1749,1160,8
966,111250,12,1751,1154,14
967,111347,12,1766,1163,25
968,111422,13,1775,1171,27
969,111526,20,1775,1168,27
970,111631,33,1749,1165,5
971,111713,12,1752,1165,5
972,111798,13,1754,1163,9
973,111884,17,1761,1162,18
974,111989,13,1764,1158,25
975,112095,37,1749,1169,0
976,112194,12,1761,1179,0
977,112286,14,1767,1181,3
978,112374,12,1777,1176,15
979,112467,13,1803,1198,18
980,112539,11,1816,1206,23
981,112619,14,1798,1209,5
982,112704,13,1813,1216,8
983,112796,15,1814,1211,19
984,113028,15,1822,1203,33
985,113160,34,1794,1201,8
986,113255,13,1800,1199,14
987,113345,12,1802,1200,14
988,113442,14,1815,1208,18
989,113537,13,1823,1214,22
990,113648,33,1817,1228,3
991,113738,15,1819,1227,5
992,113820,14,1830,1238,5
993,113922,14,1848,1247,9
994,114013,13,1854,1252,9
995,114115,22,1856,1250,14
996,114213,13,1867,1255,16
997,114313,13,1872,1256,18
998,114407,13,1877,1257,22
999,114522,14,1882,1258,27
1000,114650,37,1859,1252,8
1001,114743,14,1861,1248,15
1002,114833,15,1877,1260,17
1003,114946,23,1884,1260,21
1004,116550,1528,1899,1267,31
1005,116668,15,1889,1282,0
1006,116753,14,1895,1284,0
1007,116848,14,1903,1291,0
1008,116940,13,1904,1292,0
1009,117013,15,1911,1296,4
1010,117118,17,1915,1294,6
1011,117218,17,1923,1295,9
1012,117307,13,1929,1292,15
1013,117385,13,1937,1296,15
1014,117494,14,1940,1291,28
1015,117603,19,1924,1301,0
1016,117697,25,1934,1301,7
1017,117815,18,1941,1307,7
1018,117888,14,1946,1305,12
1019,117988,18,1946,1303,15
1020,118082,33,1933,1301,0
1021,118173,14,1936,1298,8
1022,118256,13,1938,1298,8
1023,118335,15,1956,1312,8
1024,118427,14,1965,1316,10
1025,118576,17,1947,1311,3
1026,118668,13,1951,1312,8
1027,118759,13,1967,1320,15
1028,118832,14,1977,1324,20
1029,118928,14,1996,1335,28
1030,119026,14,1999,1332,35
1031,119151,43,1972,1331,9
1032,119224,15,1984,1338,11
1033,119314,14,2005,1353,18
1034,119408,14,2020,1354,31
1035,119493,15,2023,1349,41
1036,119628,47,2003,1364,0
1037,119706,15,2021,1379,2
1038,119792,15,2028,1385,2
1039,119877,14,2032,1387,4
1040,119974,15,2037,1390,4
1041,120115,29,1997,1348,22
1042,120254,18,2011,1324,60
1043,120366,14,2019,1309,91
1044,120466,14,2039,1289,136
1045,120759,35,1911,1258,53
1046,120856,13,1924,1253,73
1047,120940,14,1939,1241,106
1048,121045,14,1944,1230,125
1049,121151,16,1828,1205,43
1050,121245,14,1835,1182,76
1051,121337,12,1843,1175,96
1052,121467,13,1855,1154,147
1053,121552,11,1869,1167,147
1054,121662,17,1731,1164,15
1055,121765,11,1741,1170,18
1056,121845,12,1747,1173,21
1057,121932,12,1750,1146,58
1058,122013,12,1754,1137,71
1059,122127,15,1698,1125,19
1060,122235,12,1715,1133,28
1061,122343,12,1718,1125,47
1062,122433,12,1735,1135,51
1063,122525,13,1737,1123,70
1064,122683,38,1679,1120,13
1065,122852,10,1690,1102,45
1066,122940,12,1719,1119,57
1067,123032,11,1742,1114,84
1068,123172,24,1673,1120,13
1069,123271,13,1680,1122,18
1070,123368,11,1689,1117,28
1071,123461,12,1696,1092,66
1072,123595,36,1653,1109,6
1073,123681,12,1654,1103,17
1074,123775,12,1663,1097,31
1075,123872,12,1681,1102,42
1076,123958,12,1701,1112,51
1077,124040,10,1715,1121,54
1078,124141,17,1670,1105,29
1079,124232,13,1684,1102,48
1080,124338,12,1694,1102,59
1081,124443,12,1702,1105,62
1082,124544,11,1715,1106,71
1083,124646,13,1654,1110,7
1084,124731,12,1660,1109,23
1085,124823,12,1668,1111,31
1086,124929,15,1671,1104,45
1087,125125,13,1675,1103,52
1088,125219,14,1629,1083,34
1089,125306,12,1634,1084,40
1090,125379,11,1661,1109,40
1091,125463,11,1663,1102,51
1092,125574,15,1613,1096,1
1093,125676,11,1618,1089,15
1094,125774,11,1620,1086,19
1095,125862,12,1628,1082,29
1096,125943,13,1665,1109,39
1097,126045,13,1678,1111,43
1098,126149,16,1641,1114,1
1099,126235,12,1643,1109,4
1100,126331,12,1650,1112,15
1101,126428,13,1665,1113,34
1102,126517,13,1668,1103,50
1103,126624,37,1634,1107,6
1104,126715,13,1648,1112,18
1105,126797,12,1659,1119,19
1106,126884,13,1665,1124,20
1107,126981,12,1670,1127,20
1108,127100,36,1655,1129,8
1109,127194,12,1661,1122,17
1110,127416,13,1668,1097,60
1111,127511,13,1675,1098,59
1112,127653,40,1625,1085,18
1113,127740,12,1634,1074,41
1114,127837,12,1646,1070,56
1115,127938,12,1654,1053,79
1116,128036,15,1661,1046,96
1117,128144,16,1584,1057,11
1118,128231,11,1593,1058,13
1119,128326,11,1609,1060,23
1120,128412,11,1633,1065,47
1121,128516,11,1657,1085,52
1122,128647,17,1617,1089,12
1123,128748,12,1629,1100,12
1124,128832,14,1633,1099,15
1125,128928,13,1645,1092,34
1126,129010,12,1665,1104,39
1127,129123,38,1638,1097,23
1128,129212,12,1649,1089,49
1129,129305,12,1658,1096,49
1130,129393,12,1677,1113,53
1131,129494,12,1681,1110,54
1132,129730,15,1636,1108,9
1133,129837,11,1646,1101,26
1134,129935,12,1651,1097,34
1135,130024,12,1665,1104,40
1136,130131,15,1631,1088,20
1137,130221,12,1638,1085,28
1138,130303,11,1641,1081,40
1139,130407,12,1651,1090,42
1140,130487,12,1671,1105,44
1141,130611,40,1646,1114,6
1142,130710,12,1651,1104,24
1143,130802,12,1660,1109,27
1144,130880,13,1671,1114,28
1145,130978,14,1695,1136,32
1146,131108,41,1663,1128,1
1147,131211,12,1666,1119,11
1148,131295,13,1681,1131,12
1149,131395,15,1685,1129,20
1150,131483,13,1701,1134,28
1151,131612,39,1681,1133,5
1152,131709,12,1690,1136,10
1153,131807,14,1706,1145,16
1154,132093,10,1720,1138,43
1155,132181,20,1703,1160,8
1156,132273,13,1707,1144,23
1157,132374,12,1719,1137,45
1158,132467,13,1728,1145,45
1159,132572,30,1689,1142,3
1160,132663,12,1698,1133,28
1161,132758,15,1704,1138,30
1162,132849,11,1710,1136,34
1163,132945,12,1723,1136,44
1164,133020,13,1733,1136,59
1165,133127,33,1686,1145,2
1166,133204,12,1690,1141,8
1167,133291,12,1699,1122,45
1168,133386,13,1710,1118,56
1169,133485,18,1726,1130,59
1170,133624,44,1674,1133,6
1171,133714,14,1692,1141,10
1172,133796,13,1708,1155,12
1173,134036,157,1714,1139,34
1174,134152,37,1697,1155,3
1175,134256,11,1701,1150,12
1176,134339,11,1720,1157,24
1177,134418,12,1724,1159,21
1178,134510,12,1727,1150,33
1179,134616,35,1698,1150,2
1180,134713,13,1712,1157,6
1181,134792,12,1728,1165,15
1182,134892,14,1741,1156,37
1183,134986,12,1746,1152,44
1184,135076,16,1691,1142,0
1185,135170,11,1693,1140,4
1186,135256,14,1698,1141,12
1187,135338,12,1705,1138,21
1188,135408,11,1710,1141,23
1189,135497,12,1715,1143,27
1190,135615,30,1693,1141,5
1191,135700,13,1705,1144,13
1192,135777,13,1715,1147,16
1193,136031,177,1716,1132,30
1194,136143,19,1692,1132,9
1195,136231,12,1702,1137,19
1196,136328,12,1721,1141,22
1197,136425,12,1727,1141,27
1198,136523,14,1733,1144,30
1199,136640,34,1705,1140,6
1200,136736,13,1711,1139,12
1201,136822,12,1721,1144,13
1202,136918,13,1725,1133,23
1203,137020,14,1735,1142,23
1204,137132,33,1714,1141,2
1205,137230,13,1723,1145,4
1206,137329,13,1741,1151,16
1207,137421,14,1767,1170,20
1208,137512,12,1776,1177,20
1209,137603,21,1766,1183,2
1210,137691,12,1767,1184,2
1211,137789,12,1779,1195,2
1212,137988,13,1802,1205,12
1213,138101,41,1794,1211,0
1214,138191,12,1798,1210,5
1215,138290,12,1808,1217,8
1216,138380,12,1815,1218,13
1217,138481,12,1826,1219,23
1218,138602,39,1809,1218,3
1219,138690,13,1826,1229,7
1220,138783,13,1836,1235,7
1221,138863,13,1850,1248,9
1222,138945,15,1851,1240,22
1223,139013,14,1856,1240,23
1224,139117,34,1851,1253,5
1225,139198,14,1861,1254,10
1226,139284,13,1864,1253,14
1227,139374,14,1879,1264,14
1228,139467,14,1885,1262,19
1229,139578,27,1872,1264,1
1230,141109,1463,1878,1219,56
1231,141242,34,1790,1174,9
1232,141356,24,1793,1180,6
1233,141447,14,1794,1178,11
1234,141539,14,1799,1179,18
1235,141643,23,1792,1186,3
1236,141733,13,1808,1199,8
1237,141837,13,1818,1204,15
1238,141936,13,1827,1208,16
1239,142039,11,1844,1216,26
1240,142157,42,1819,1211,5
1241,142243,14,1835,1221,11
1242,142320,14,1840,1214,25
1243,142427,17,1844,1205,37
1244,142573,21,1810,1196,15
1245,142664,13,1821,1193,28
1246,142753,12,1826,1196,31
1247,142901,64,1834,1200,35
1248,142988,13,1837,1199,44
1249,143112,39,1801,1201,0
1250,143217,14,1823,1211,10
1251,143320,12,1837,1221,12
1252,143410,13,1842,1218,19
1253,143490,13,1856,1221,22
1254,143583,20,1836,1222,0
1255,143690,14,1839,1218,10
1256,143775,15,1855,1225,18
1257,143872,13,1856,1216,27
1258,143961,14,1872,1224,31
1259,144075,30,1847,1228,2
1260,144169,13,1852,1226,9
1261,144250,13,1852,1224,12
1262,144331,14,1873,1238,18
1263,144426,13,1880,1241,19
1264,144526,13,1887,1245,23
1265,144639,34,1871,1243,13
1266,144778,14,1873,1244,13
1267,144883,15,1888,1249,20
1268,144966,12,1896,1253,23
1269,145101,33,1874,1254,0
1270,145183,13,1890,1269,0
1271,145280,14,1896,1275,0
1272,145363,14,1912,1288,0
1273,145457,14,1926,1302,0
1274,145572,16,1936,1311,0
1275,145660,14,1941,1316,0
1276,145736,14,1943,1318,0
1277,145830,15,1963,1334,0
1278,145936,15,1978,1346,0
1279,146012,16,1984,1351,0
1280,146104,23,1997,1364,0
1281,146197,14,2001,1368,0
1282,146284,17,2005,1372,0
1283,146387,15,2012,1379,0
1284,146482,14,2042,1406,0
1285,146651,14,2051,1410,4
1286,146737,15,2053,1407,10
1287,146829,16,2061,1406,10
1288,146910,14,2071,1413,12
1289,147010,15,2074,1415,12
1290,147113,20,2071,1420,0
1291,147197,14,2074,1416,9
1292,147295,14,2093,1430,13
1293,147400,14,2097,1430,16
1294,147489,14,2104,1429,25
1295,147591,34,2086,1428,1
1296,147693,16,2092,1427,8
1297,147779,16,2102,1433,8
1298,147863,15,2108,1437,12
1299,147945,16,2115,1435,14
1300,148044,16,2119,1435,15
1301,148140,20,2110,1435,4
1302,148235,15,2125,1443,7
1303,148332,15,2127,1433,17
1304,148516,98,2135,1436,24
1305,148646,39,2110,1428,3
1306,148743,17,2112,1424,6
1307,148839,14,2123,1433,6
1308,148926,15,2125,1432,10
1309,149011,15,2140,1442,13
1310,149109,35,2135,1446,2
1311,149179,16,2147,1456,4
1312,149265,15,2154,1461,4
1313,149359,16,2154,1460,7
1314,149445,15,2162,1462,13
1315,149538,24,2163,1459,14
1316,149647,17,2156,1461,1
1317,149739,16,2161,1456,12
1318,149860,23,2167,1450,16
1319,149956,14,2170,1449,21
1320,150079,39,2171,1427,45
1321,150202,32,2132,1389,49
1322,150407,114,2139,1376,68
1323,150512,14,2148,1352,106
1324,150647,18,2039,1345,2
1325,150754,13,2056,1360,2
1326,150856,13,2063,1337,39
1327,150967,14,2083,1354,41
1328,151054,15,2098,1348,68
1329,151185,34,2046,1337,30
1330,151286,17,2052,1308,75
1331,151385,14,2058,1291,105
1332,151491,14,2064,1268,140
1333,151658,18,1897,1218,48
1334,151758,13,1908,1198,76
1335,151843,13,1917,1195,92
1336,151926,13,1924,1186,112
1337,152018,14,1933,1180,124
1338,152152,38,1818,1162,31
1339,152251,20,1834,1149,67
1340,152385,21,1844,1135,99
1341,152602,29,1745,1125,12
1342,152700,14,1750,1120,24
1343,152794,12,1761,1101,45
1344,152901,12,1770,1099,57
1345,153003,13,1783,1098,68
1346,153141,36,1733,1114,7
1347,153228,14,1735,1105,21
1348,153323,13,1737,1075,60
1349,153417,14,1745,1074,65
1350,153512,12,1751,1054,97
1351,153682,50,1658,1034,30
1352,153792,12,1673,1034,43
1353,153878,13,1677,1020,64
1354,153971,12,1694,1025,75
1355,154080,16,1631,1032,1
1356,154179,11,1636,1018,30
1357,154279,12,1645,1009,46
1358,154366,12,1654,1001,63
1359,154471,13,1659,981,91
1360,154573,15,1598,1008,0
1361,154784,15,1609,979,54
1362,154877,12,1610,976,58
1363,154968,12,1613,963,75
1364,155109,35,1534,960,0
1365,155207,11,1539,961,4
1366,155314,14,1542,959,11
1367,155425,16,1559,964,24
1368,155570,32,1561,943,48
1369,155666,24,1546,943,37
1370,155754,11,1564,947,50
1371,155851,11,1576,948,61
1372,155947,12,1585,954,66
1373,156074,14,1501,938,0
1374,156177,12,1503,918,19
1375,156261,11,1527,936,22
1376,156350,12,1537,940,27
1377,156435,11,1538,927,35
1378,156523,12,1543,929,41
1379,156620,17,1504,929,1
1380,156718,12,1524,936,13
1381,156806,12,1551,946,26
1382,157022,11,1561,925,63
1383,157135,39,1500,922,10
1384,157247,13,1502,913,24
1385,157360,11,1507,918,24
1386,157451,11,1515,919,33
1387,157555,22,1523,927,34
1388,157653,19,1493,927,3
1389,157753,11,1512,939,7
1390,157855,12,1519,935,20
1391,157936,12,1532,937,30
1392,158033,10,1541,930,49
1393,158161,48,1499,936,0
1394,158244,12,1514,942,8
1395,158321,11,1525,948,14
1396,158416,12,1557,971,19
1397,158509,11,1564,957,30
1398,158631,43,1545,958,19
1399,158723,11,1558,962,35
1400,158811,12,1568,958,46
1401,158910,12,1586,971,48
1402,158997,13,1629,1007,54
1403,159122,26,1586,1013,5
1404,159315,11,1590,1006,12
1405,159423,11,1595,1006,14
1406,159532,10,1600,996,29
1407,159641,41,1593,1015,0
1408,159727,12,1596,1017,3
1409,159827,11,1608,1017,7
1410,159915,12,1618,1016,12
1411,160000,13,1624,1018,13
1412,160132,35,1632,1025,19
1413,160251,12,1635,1021,20
1414,160383,14,1639,1012,29
1415,160482,11,1654,1019,36
1416,160614,26,1631,1028,2
1417,160726,15,1638,1020,15
1418,160842,14,1662,1027,36
1419,160951,19,1667,1027,39
1420,161095,45,1634,1023,18
1421,161202,14,1641,1022,28
1422,161311,12,1645,1020,33
1423,161411,12,1649,1014,39
1424,161516,12,1660,1018,42
1425,161655,40,1636,1026,10
1426,161865,11,1649,999,51
1427,161966,11,1659,1006,51
1428,162070,16,1614,1012,0
1429,162154,12,1614,1010,6
1430,162249,11,1624,1010,14
1431,162331,12,1627,1004,24
1432,162407,11,1640,1012,36
1433,162499,11,1652,1016,42
1434,162636,45,1618,1017,8
1435,162723,12,1629,1011,30
1436,162823,12,1634,1001,42
1437,162912,12,1639,997,54
1438,163004,16,1640,1000,51
1439,163111,17,1600,1010,3
1440,163207,12,1604,1013,6
1441,163308,11,1611,1010,14
1442,163409,14,1616,1007,19
1443,163483,12,1635,1011,30
1444,163605,33,1601,1004,2
1445,163695,12,1606,992,24
1446,163787,12,1611,995,24
1447,163873,13,1613,989,35
1448,163968,11,1621,997,35
1449,164212,27,1598,1001,10
1450,164304,11,1602,999,19
1451,164407,11,1612,994,30
1452,164492,11,1615,987,39
1453,164639,46,1580,989,3
1454,164712,13,1584,987,13
1455,164796,11,1587,988,14
1456,164885,12,1601,997,18
1457,164971,12,1619,1008,26
1458,165090,27,1595,1002,11
1459,165179,13,1604,1001,20
1460,165256,14,1612,997,33
1461,165345,11,1622,1001,38
1462,165429,13,1642,1017,45
1463,165527,15,1661,1026,48
1464,165639,36,1633,1044,1
1465,165724,12,1635,1036,18
1466,165821,13,1650,1044,26
1467,165918,12,1658,1046,33
1468,165992,12,1668,1053,33
1469,166113,30,1647,1061,5
1470,166196,13,1651,1058,11
1471,166440,155,1656,1058,19
1472,166525,12,1661,1055,32
1473,166624,16,1648,1059,9
1474,166719,11,1655,1051,24
1475,166804,11,1663,1054,26
1476,166900,12,1669,1045,42
1477,166999,13,1678,1040,53
1478,167145,45,1632,1038,8
1479,167239,12,1655,1058,9
1480,167327,14,1663,1057,16
1481,167413,12,1686,1079,16
1482,167502,13,1691,1081,23
1483,167585,17,1683,1092,4
1484,167674,13,1695,1097,15
1485,167764,13,1713,1103,21
1486,167859,13,1730,1120,21
1487,167954,13,1732,1121,21
1488,168038,10,1749,1132,26
1489,168167,46,1741,1137,12
1490,168263,12,1767,1155,17
1491,168371,16,1779,1157,24
1492,168454,13,1793,1153,38
1493,168583,40,1760,1156,1
1494,168803,12,1778,1162,13
1495,168879,13,1787,1168,16
1496,168953,13,1790,1166,20
1497,169039,11,1793,1160,24
1498,169141,17,1774,1159,5
1499,169220,12,1779,1156,15
1500,169319,13,1784,1156,24
1501,169445,15,1798,1165,27
1502,169589,35,1773,1159,5
1503,169679,13,1776,1162,5
1504,169758,14,1801,1185,5
1505,169850,12,1804,1188,5
1506,169944,12,1819,1203,5
1507,170035,16,1832,1214,5
1508,170141,22,1842,1229,0
1509,170237,14,1849,1236,0
1510,170321,13,1860,1247,0
1511,170407,14,1874,1255,0
1512,170492,14,1876,1257,0
1513,170584,13,1882,1261,0
1514,170685,14,1891,1269,0
1515,170757,14,1904,1282,0
1516,170869,13,1908,1285,0
1517,171078,13,1908,1285,0
1518,171172,14,1924,1295,5
1519,171264,14,1930,1298,10
1520,171346,14,1932,1291,17
1521,171435,14,1941,1295,21
1522,171513,13,1955,1305,25
1523,171621,32,1944,1307,13
1524,171715,14,1961,1319,16
1525,171801,13,1965,1317,22
1526,171899,16,1986,1331,22
1527,171985,13,1990,1315,41
1528,172114,40,1955,1318,2
1529,172208,16,1963,1322,5
1530,172292,15,1968,1324,8
1531,172388,14,1971,1325,11
1532,172462,14,1992,1341,11
1533,172586,34,1969,1337,0
1534,172668,15,1977,1343,2
1535,172746,15,1998,1357,2
1536,172850,15,1999,1352,9
1537,172943,16,2006,1358,9
1538,173055,15,2027,1369,11
1539,173279,18,2026,1373,3
1540,173370,14,2035,1367,5
1541,173466,15,2059,1384,9
1542,173567,18,2050,1382,1
1543,173653,17,2077,1399,7
1544,173744,15,2085,1398,16
1545,173837,15,2101,1402,24
1546,173925,14,2102,1396,27
1547,174022,15,2111,1397,35
1548,174150,42,2078,1391,3
1549,174235,16,2083,1386,16
1550,174315,15,2093,1390,22
1551,174400,16,2099,1381,41
1552,174498,16,2123,1402,45
1553,174602,20,2073,1395,8
1554,174692,15,2088,1409,8
1555,174785,16,2102,1415,11
1556,174862,16,2114,1418,17
1557,174950,15,2135,1417,38
1558,175032,19,2164,1443,41
1559,175145,43,2126,1440,3
1560,176738,1527,2134,1393,52
1561,176864,18,2067,1375,5
1562,176952,15,2069,1372,10
1563,177036,16,2073,1373,15
1564,177121,33,2084,1393,11
1565,177231,15,2089,1388,23
1566,177331,15,2103,1385,37
1567,177432,15,2111,1388,44
1568,177523,16,2119,1390,47
1569,177640,41,2075,1391,0
1570,177728,15,2083,1389,6
1571,177818,16,2099,1402,8
1572,177906,15,2105,1406,8
1573,178010,17,2112,1409,10
1574,178143,37,2108,1409,4
1575,178235,15,2115,1405,17
1576,178321,15,2123,1407,23
1577,178409,16,2127,1407,28
1578,178502,16,2129,1408,28
1579,178599,20,2109,1416,0
1580,178744,73,2118,1416,5
1581,178829,14,2135,1427,15
1582,178925,13,2140,1425,18
1583,179016,15,2144,1427,21
1584,179151,39,2144,1446,0
1585,179240,16,2148,1445,5
1586,179326,14,2152,1446,7
1587,179426,15,2155,1444,12
1588,179503,15,2157,1442,17
1589,179599,20,2157,1451,4
1590,179676,15,2163,1445,6
1591,179761,16,2172,1446,13
1592,179868,16,2177,1442,25
1593,179976,16,2184,1439,32
1594,180117,44,2163,1434,13
1595,180227,15,2172,1427,26
1596,180333,16,2184,1415,58
1597,180424,15,2193,1424,58
1598,180557,15,2200,1401,102
1599,180654,22,2116,1391,36
1600,180755,16,2128,1377,67
1601,180923,14,2137,1356,106
1602,181021,14,2155,1364,116
1603,181137,18,2046,1358,7
1604,181241,16,2057,1357,19
1605,181333,15,2079,1338,63
1606,181432,15,2099,1337,78
1607,181545,19,2112,1328,108
1608,181695,47,2012,1325,11
1609,181793,15,2014,1291,53
1610,181886,15,2019,1292,57
1611,181983,14,2034,1277,93
1612,182125,39,1936,1257,12
1613,182237,15,1943,1238,41
1614,182329,14,1955,1231,62
1615,182426,13,1957,1233,62
1616,182530,14,1959,1234,62
1617,182644,18,1900,1226,17
1618,182730,14,1910,1231,22
1619,182836,13,1913,1221,42
1620,182948,17,1922,1202,75
1621,183145,102,1935,1190,106
1622,183232,14,1853,1182,41
1623,183342,12,1861,1182,53
1624,183433,14,1869,1184,60
1625,183512,14,1893,1191,86
1626,183632,43,1813,1196,3
1627,183742,13,1822,1196,13
1628,183829,14,1852,1207,42
1629,183924,13,1865,1215,49
1630,184039,18,1874,1199,77
1631,184151,19,1810,1205,9
1632,184248,13,1815,1184,36
1633,184336,13,1828,1184,47
1634,184442,13,1836,1188,50
1635,184594,35,1773,1169,4
1636,184687,13,1789,1181,10
1637,184792,13,1798,1183,16
1638,184881,13,1809,1182,28
1639,184978,13,1817,1177,39
1640,185108,39,1773,1158,15
1641,185195,17,1780,1157,26
1642,185310,13,1795,1144,58
1643,185507,16,1804,1129,81
1644,185622,17,1725,1128,0
1645,185704,12,1748,1134,8
1646,185797,14,1752,1118,35
1647,185893,13,1762,1108,65
1648,185981,13,1777,1118,70
1649,186108,38,1688,1094,11
1650,186198,13,1701,1090,33
1651,186295,12,1717,1085,67
1652,186383,12,1733,1085,84
1653,186485,12,1739,1078,102
1654,186618,17,1645,1067,27
1655,186722,14,1653,1060,44
1656,186811,12,1657,1062,46
1657,186905,13,1662,1055,55
1658,187001,12,1668,1060,55
1659,187111,26,1632,1070,10
1660,187179,14,1642,1073,15
1661,187269,14,1654,1068,35
1662,187367,12,1659,1063,51
1663,187451,12,1674,1075,57
1664,187589,42,1624,1057,29
1665,187695,12,1648,1057,54
1666,187909,11,1649,1017,93
1667,188024,13,1663,1027,95
1668,188153,27,1576,1018,17
1669,188240,12,1584,1019,25
1670,188322,12,1589,1017,29
1671,188414,11,1607,1023,41
1672,188513,11,1610,996,68
1673,188627,30,1559,1009,4
1674,188720,11,1561,1005,12
1675,188815,12,1573,1012,14
1676,188909,12,1579,1000,41
1677,189000,11,1581,997,50
1678,189131,32,1567,1012,16
1679,189241,15,1585,1018,28
1680,189357,12,1613,1040,28
1681,189458,14,1624,1040,36
1682,189563,15,1600,1055,0
1683,189642,12,1601,1056,0
1684,189739,13,1612,1063,3
1685,189846,12,1616,1063,6
1686,189929,12,1621,1057,17
1687,190036,19,1628,1060,21
1688,190267,150,1626,1062,24
1689,190354,11,1631,1042,50
1690,190429,12,1652,1050,64
1691,190529,16,1664,1050,76
1692,190670,42,1603,1062,4
1693,190760,11,1611,1049,28
1694,190855,12,1627,1055,33
1695,190947,12,1633,1044,48
1696,191040,11,1642,1055,46
1697,191138,15,1607,1062,1
1698,191230,12,1615,1049,25
1699,191325,12,1619,1049,31
1700,191406,11,1624,1052,34
1701,191504,13,1643,1064,39
1702,191635,41,1614,1056,17
1703,191722,12,1622,1051,27
1704,191810,12,1646,1069,32
1705,191908,13,1649,1064,40
1706,192010,13,1653,1059,44
1707,192117,33,1612,1059,4
1708,192193,13,1614,1057,8
1709,192278,13,1621,1046,26
1710,192359,13,1629,1051,29
1711,192468,12,1635,1045,36
1712,192717,44,1597,1033,7
1713,192807,11,1610,1040,13
1714,192901,14,1614,1029,22
1715,192998,12,1629,1030,29
1716,193108,32,1616,1036,6
1717,193180,13,1620,1037,10
1718,193283,12,1630,1032,27
1719,193377,12,1633,1029,33
1720,193459,13,1646,1037,43
1721,193538,10,1648,1027,55
1722,193646,18,1609,1031,8
1723,193732,13,1623,1032,23
1724,193820,12,1634,1036,33
1725,193917,13,1653,1048,33
1726,194016,13,1669,1054,38
1727,194153,51,1641,1059,4
1728,194261,12,1647,1059,16
1729,194344,12,1662,1069,20
1730,194422,12,1669,1069,23
1731,194513,12,1689,1083,26
1732,194600,25,1669,1085,8
1733,194686,14,1675,1089,9
1734,194768,12,1682,1095,9
1735,194856,13,1702,1098,28
1736,195098,29,1683,1106,3
1737,195191,10,1693,1111,5
1738,195277,14,1696,1108,19
1739,195345,15,1697,1106,22
1740,195438,11,1710,1113,28
1741,195509,12,1722,1118,30
1742,195614,18,1698,1116,10
1743,195705,12,1701,1116,13
1744,195793,13,1711,1119,15
1745,195875,12,1718,1117,22
1746,195963,12,1730,1117,30
1747,196059,21,1733,1119,32
1748,196156,20,1709,1122,3
1749,196242,13,1715,1127,4
1750,196338,13,1720,1125,11
1751,196414,12,1726,1130,11
1752,196504,13,1733,1131,15
1753,196606,14,1726,1135,3
1754,196690,14,1737,1140,7
1755,196783,13,1742,1141,11
1756,196876,12,1758,1149,15
1757,196952,13,1772,1162,15
1758,197081,38,1769,1169,0
1759,197301,13,1773,1162,14
1760,197395,12,1782,1161,24
1761,197486,12,1792,1159,34
1762,197601,15,1758,1156,0
1763,197697,12,1762,1148,12
1764,197770,14,1776,1160,13
1765,197860,13,1786,1160,30
1766,197950,12,1792,1161,34
1767,198089,40,1761,1163,0
1768,198171,13,1773,1171,3
1769,198259,13,1795,1185,5
1770,198345,13,1798,1185,5
1771,198436,14,1811,1189,16
1772,198508,13,1824,1193,22
1773,198638,52,1816,1200,7
1774,198740,15,1843,1227,7
1775,198839,13,1856,1233,12
1776,198942,15,1866,1230,22
1777,199034,12,1870,1232,22
1778,199137,34,1848,1221,12
1779,199218,13,1867,1229,23
1780,199322,15,1872,1224,34
1781,199414,14,1885,1232,42
1782,199682,38,1831,1220,2
1783,199758,13,1856,1237,8
1784,199852,14,1879,1247,20
1785,199951,13,1891,1245,28
1786,200043,20,1906,1247,48
1787,200181,53,1862,1242,11
1788,200286,13,1865,1240,19
1789,200367,13,1872,1241,23
1790,200455,13,1878,1242,24
1791,200540,13,1882,1243,27
1792,200617,22,1879,1259,11
1793,200713,14,1886,1263,15
1794,200792,15,1889,1260,22
1795,200870,14,1896,1260,28
1796,200969,14,1901,1264,28
1797,201048,25,1904,1264,28
1798,201144,22,1879,1256,17
1799,201243,15,1884,1252,27
1800,201345,15,1890,1249,38
1801,201453,23,1892,1246,47
1802,201577,20,1850,1252,0
1803,201651,13,1851,1249,5
1804,201887,13,1857,1235,27
1805,201965,13,1862,1236,33
1806,202079,36,1840,1241,0
1807,202162,14,1842,1239,12
1808,202259,13,1847,1243,15
1809,202353,13,1852,1245,19
1810,202421,13,1865,1245,30
1811,202520,17,1875,1248,36
1812,202608,18,1855,1262,0
1813,202722,21,1875,1272,5
1814,202828,12,1894,1278,15
1815,202950,13,1899,1278,18
1816,203053,18,1908,1280,24
1817,203147,15,1888,1284,0
1818,203230,17,1897,1290,0
1819,203332,13,1902,1292,4
1820,203400,15,1902,1292,4
1821,203495,14,1907,1288,13
1822,203617,37,1908,1298,2
1823,203699,13,1911,1295,6
1824,203785,14,1917,1297,12
1825,203884,16,1920,1293,20
1826,203996,14,1932,1278,41
1827,205601,19,1856,1232,17
1828,205700,12,1842,1235,0
1829,205800,13,1842,1235,0
1830,205887,13,1849,1242,0
1831,205982,13,1856,1249,0
1832,206082,15,1869,1261,0
1833,206176,13,1897,1286,0
1834,206281,14,1904,1293,0
1835,206373,14,1920,1308,0
1836,206465,14,1929,1317,0
1837,206544,11,1939,1323,0
1838,206656,26,1941,1325,0
1839,206769,16,1944,1327,0
1840,206869,22,1950,1332,0
1841,206976,14,1952,1328,4
1842,207079,19,1958,1335,2
1843,207194,20,1967,1334,6
1844,207316,20,1981,1342,17
1845,207390,15,1985,1341,25
1846,207481,14,1992,1344,31
1847,207587,20,1977,1353,0
1848,207733,14,1989,1362,0
1849,207826,14,1999,1372,0
1850,207925,14,2014,1381,6
1851,208058,19,2033,1392,14
1852,208166,19,2026,1398,0
1853,208266,15,2042,1412,3
1854,208354,14,2046,1412,8
1855,208456,15,2048,1408,12
1856,208545,14,2069,1420,18
1857,208640,33,2058,1423,4
1858,208723,15,2063,1427,6
1859,208816,15,2069,1429,10
1860,208907,15,2077,1428,14
1861,208991,15,2077,1418,20
1862,209095,27,2070,1423,8
1863,209186,15,2074,1423,10
1864,209293,23,2075,1422,14
1865,209379,18,2079,1423,15
1866,209479,19,2094,1428,24
1867,209572,19,2070,1427,0
1868,209669,16,2082,1432,0
1869,209835,94,2085,1425,9
1870,209933,14,2092,1418,24
1871,210020,16,2097,1412,48
1872,210153,35,2065,1407,33
1873,210265,16,2077,1379,82
1874,210387,14,2082,1348,130
1875,210488,15,2090,1341,147
1876,210666,55,1954,1340,16
1877,210777,14,1961,1326,41
1878,210876,14,1970,1314,61
1879,210972,14,1974,1311,69
1880,211130,36,1912,1305,19
1881,211228,14,1918,1305,21
1882,211330,15,1933,1282,71
1883,211416,15,1954,1282,101
1884,211521,16,1963,1260,136
1885,211689,47,1836,1236,36
1886,211791,13,1847,1227,60
1887,211909,17,1855,1232,65
1888,212000,15,1857,1203,102
1889,212215,109,1731,1138,41
1890,212325,13,1735,1124,62
1891,212413,12,1748,1113,86
1892,212504,11,1760,1117,89
1893,212623,18,1688,1118,18
1894,212726,11,1695,1115,33
1895,212835,11,1704,1109,49
1896,212945,17,1713,1106,63
1897,213035,11,1735,1103,86
1898,213160,16,1648,1097,0
1899,213254,11,1663,1108,4
1900,213355,12,1669,1102,18
1901,213440,13,1684,1102,32
1902,213542,11,1693,1091,58
1903,213641,20,1647,1082,24
1904,213733,12,1654,1070,36
1905,213824,13,1670,1080,42
1906,213928,12,1688,1085,51
1907,214021,13,1705,1093,61
1908,214138,18,1651,1096,4
1909,214233,12,1665,1093,27
1910,214337,13,1671,1085,45
1911,214423,12,1692,1085,62
1912,214654,51,1626,1081,3
1913,214754,12,1638,1072,19
1914,214848,12,1657,1084,23
1915,214950,13,1661,1081,32
1916,215076,21,1635,1080,4
1917,215176,11,1640,1068,24
1918,215285,12,1644,1068,26
1919,215394,12,1661,1074,35
1920,215488,12,1667,1078,38
1921,215594,26,1641,1078,13
1922,215676,12,1655,1081,28
1923,215782,12,1661,1068,50
1924,215882,12,1666,1051,68
1925,215977,12,1674,1042,82
1926,216160,79,1610,1040,15
1927,216244,13,1617,1046,16
1928,216328,14,1624,1036,41
1929,216433,12,1630,1024,59
1930,216548,17,1636,1016,71
1931,216680,27,1574,997,24
1932,216780,13,1587,997,36
1933,216873,13,1603,993,53
1934,217067,112,1610,994,57
1935,217207,44,1542,980,1
1936,217291,10,1551,981,8
1937,217393,10,1564,988,16
1938,217492,10,1571,976,36
1939,217612,14,1538,977,3
1940,217716,13,1556,985,9
1941,217804,12,1567,992,9
1942,217890,12,1574,989,23
1943,217988,13,1578,986,28
1944,218086,27,1552,986,2
1945,218178,11,1559,982,13
1946,218261,13,1567,982,18
1947,218368,12,1579,978,50
1948,218449,12,1585,968,64
1949,218542,11,1604,984,67
1950,218634,15,1543,982,10
1951,218722,11,1559,991,17
1952,218819,12,1564,970,41
1953,218918,12,1582,972,61
1954,218996,11,1603,982,62
1955,219130,36,1533,958,13
1956,219222,14,1542,962,17
1957,219317,12,1549,958,35
1958,219522,10,1554,938,65
1959,219654,42,1491,936,7
1960,219741,10,1501,940,10
1961,219840,12,1508,931,35
1962,219917,11,1515,937,35
1963,220020,11,1526,923,55
1964,220122,14,1480,916,18
1965,220215,10,1486,922,18
1966,220314,11,1496,922,29
1967,220407,11,1503,927,29
1968,220491,11,1515,932,35
1969,220621,32,1482,927,14
1970,220712,11,1491,931,18
1971,220796,11,1500,932,22
1972,220887,11,1512,928,35
1973,220964,11,1516,926,41
1974,221077,29,1483,912,24
1975,221175,12,1487,907,32
1976,221271,12,1496,901,47
1977,221362,11,1513,908,57
1978,221467,12,1522,912,62
1979,221598,31,1459,907,6
1980,221813,9,1472,904,26
1981,221900,11,1478,904,35
1982,221994,11,1485,899,47
1983,222108,29,1439,898,2
1984,222196,10,1458,912,6
1985,222295,10,1462,915,9
1986,222392,10,1483,931,9
1987,222477,11,1495,938,11
1988,222583,29,1483,932,0
1989,222683,14,1497,942,0
1990,222781,10,1506,946,1
1991,222867,13,1512,949,1
1992,222955,11,1529,958,12
1993,223039,8,1537,959,16
1994,223145,11,1527,955,16
1995,223227,12,1532,953,20
1996,223314,13,1559,977,20
1997,223407,11,1566,975,33
1998,223502,12,1577,982,35
1999,223606,34,1552,988,2
2000,223699,11,1565,997,5
2001,223806,15,1568,998,7
2002,223911,13,1577,993,16
2003,224149,171,1581,992,19
2004,224244,34,1562,979,14
2005,224342,11,1573,983,21
2006,224424,11,1577,982,21
2007,224511,11,1592,990,32
2008,224628,29,1570,998,4
2009,224702,10,1573,998,7
2010,224793,11,1591,1008,11
2011,224887,13,1595,1009,15
2012,224970,11,1596,1010,15
2013,225076,28,1580,1009,0
2014,225168,12,1581,1008,2
2015,225277,13,1581,1001,7
2016,225386,11,1588,1005,8
2017,225464,13,1597,1009,10
2018,225589,29,1581,1005,4
2019,225678,11,1596,1009,19
2020,225779,11,1599,1007,32
2021,225856,11,1608,1010,32
2022,225942,13,1609,1005,40
2023,226186,168,1614,997,51
2024,226304,46,1573,992,14
2025,226384,11,1575,991,15
2026,226481,11,1575,990,16
2027,226574,16,1559,989,2
2028,226662,11,1571,994,11
2029,226754,12,1577,977,32
2030,226826,13,1579,975,33
2031,226926,11,1587,973,44
2032,227007,12,1591,970,58
2033,227129,30,1544,979,0
2034,227215,12,1558,990,0
2035,227306,13,1563,995,0
2036,227395,11,1566,991,12
2037,227472,12,1576,998,14
2038,227582,23,1572,1003,4
2039,227691,15,1581,1005,9
2040,227814,12,1597,1018,14
2041,227900,13,1612,1020,32
2042,227993,12,1626,1025,42
2043,228240,36,1590,1027,5
2044,228326,10,1605,1039,8
2045,228429,11,1610,1042,10
2046,228522,11,1621,1047,15
2047,228639,32,1609,1051,0
2048,228734,11,1615,1051,7
2049,228819,12,1625,1054,15
2050,228931,13,1635,1059,19
2051,229023,13,1654,1074,24
2052,229140,38,1639,1073,15
2053,229225,11,1655,1086,15
2054,229315,14,1667,1089,20
2055,229392,13,1684,1101,24
2056,229475,13,1692,1108,24
2057,229585,25,1674,1112,0
2058,229683,12,1675,1109,4
2059,229777,12,1678,1104,15
2060,229868,13,1685,1101,29
2061,229955,13,1689,1104,31
2062,230040,21,1707,1111,36
2063,230289,37,1691,1115,24
2064,230384,13,1705,1125,29
2065,230474,12,1714,1127,37
2066,230565,15,1699,1140,6
2067,230641,13,1718,1152,15
2068,230739,12,1729,1159,15
2069,230840,13,1743,1167,23
2070,230928,13,1758,1173,31
2071,231009,14,1764,1176,32
2072,231117,29,1747,1189,0
2073,231204,13,1757,1198,3
2074,231304,15,1763,1192,12
2075,231392,12,1770,1196,14
2076,231485,12,1772,1190,21
2077,231628,41,1758,1192,3
2078,231742,17,1766,1200,3
2079,231847,13,1773,1207,3
2080,231953,14,1788,1216,7
2081,232028,16,1799,1217,11
2082,232223,30,1790,1210,5
2083,232311,13,1808,1223,12
2084,232404,12,1814,1223,16
2085,232480,13,1819,1220,20
2086,232586,17,1801,1220,0
2087,232681,12,1805,1220,5
2088,232778,13,1812,1219,9
2089,232887,17,1824,1214,17
2090,232997,13,1848,1229,27
2091,233133,45,1835,1235,5
2092,233222,16,1846,1240,12
2093,233326,16,1854,1238,21
2094,233420,14,1867,1247,22
2095,233529,16,1874,1245,32
2096,233658,44,1848,1245,4
2097,233743,13,1853,1243,12
2098,233824,14,1858,1243,13
2099,233907,17,1867,1246,19
2100,234015,20,1871,1246,21
2101,235582,25,1859,1252,1
2102,235698,15,1867,1255,3
2103,235783,13,1878,1261,13
2104,235872,13,1883,1257,28
2105,235960,15,1894,1265,32
2106,236043,12,1906,1270,39
2107,236123,19,1889,1287,3
2108,236206,14,1896,1290,6
2109,236302,14,1900,1285,11
2110,236391,14,1907,1281,21
2111,236478,14,1921,1290,26
2112,236597,40,1907,1295,5
2113,236696,14,1917,1303,7
2114,236779,17,1923,1306,8
2115,236871,14,1929,1306,11
2116,236961,13,1941,1314,13
2117,237040,11,1963,1327,24
2118,237129,17,1946,1329,5
2119,237278,15,1969,1341,17
2120,237376,16,1978,1349,17
2121,237469,15,1987,1352,22
2122,237554,14,1994,1360,21
2123,237640,14,1987,1374,0
2124,237742,13,1990,1371,4
2125,237833,14,1995,1372,10
2126,237920,18,2018,1390,15
2127,238012,17,2030,1399,16
2128,238111,20,2028,1400,11
2129,238215,14,2035,1402,19
2130,238309,16,2047,1407,25
2131,238393,18,2070,1424,31
2132,238477,14,2077,1427,39
2133,238614,47,2043,1430,0
2134,238704,15,2051,1436,3
2135,238800,15,2052,1431,7
2136,238887,16,2055,1428,12
2137,238978,16,2070,1439,12
2138,239144,84,2071,1449,0
2139,239242,17,2105,1465,19
2140,239339,17,2120,1472,31
2141,239439,15,2139,1485,35
2142,239531,16,2142,1485,38
2143,239631,22,2105,1479,9
2144,239729,15,2110,1476,14
2145,239826,16,2116,1480,14
2146,239904,17,2137,1496,18
2147,239985,16,2161,1510,26
2148,240105,21,2134,1496,14
2149,240220,15,2141,1467,52
2150,240338,16,2148,1432,86
2151,240455,15,2165,1414,130
2152,240701,32,2016,1388,17
2153,240810,18,2022,1372,41
2154,240921,16,2031,1351,69
2155,241037,23,2036,1318,103
2156,241256,60,1948,1304,21
2157,241373,13,1953,1286,47
2158,241484,14,1967,1293,49
2159,241619,40,1901,1273,17
2160,241755,13,1914,1263,47
2161,241865,13,1928,1264,66
2162,241975,14,1934,1254,89
2163,242123,45,1855,1250,19
2164,242228,13,1861,1253,21
2165,242335,14,1870,1224,60
2166,242432,15,1876,1210,89
2167,242542,17,1890,1204,107
2168,242663,19,1789,1198,12
2169,242760,13,1802,1191,32
2170,242855,15,1823,1195,48
2171,242952,14,1838,1209,48
2172,243047,15,1855,1220,56
2173,243153,14,1805,1211,17
2174,243321,16,1812,1181,58
2175,243408,12,1818,1162,84
2176,243501,12,1823,1160,93
2177,243624,17,1732,1165,0
2178,243729,12,1751,1168,21
2179,243814,13,1767,1178,25
2180,243909,12,1782,1185,40
2181,244000,13,1792,1166,76
2182,244134,37,1729,1148,29
2183,244236,13,1732,1148,35
2184,244331,13,1744,1149,49
2185,244404,12,1762,1159,49
2186,244509,13,1767,1158,56
2187,244630,16,1717,1161,3
2188,244716,14,1726,1150,30
2189,244808,13,1734,1143,48
2190,244910,14,1746,1122,84
2191,245010,15,1757,1120,94
2192,245137,29,1670,1121,4
2193,245233,14,1678,1121,8
2194,245430,14,1682,1110,19
2195,245527,12,1692,1117,19
2196,245629,17,1679,1097,32
2197,245723,13,1697,1105,43
2198,245818,13,1712,1094,70
2199,245902,12,1716,1082,88
2200,246012,13,1720,1073,104
2201,246145,37,1619,1068,10
2202,246249,13,1639,1078,23
2203,246348,13,1650,1074,41
2204,246446,12,1666,1086,45
2205,246575,18,1625,1084,0
2206,246677,14,1637,1095,2
2207,246765,12,1658,1100,22
2208,246857,14,1670,1097,37
2209,246951,14,1683,1104,41
2210,247077,29,1655,1115,0
2211,247168,14,1665,1110,12
2212,247244,12,1668,1113,12
2213,247345,14,1683,1126,14
2214,247449,13,1688,1112,37
2215,247687,40,1647,1087,11
2216,247796,13,1654,1075,35
2217,247891,13,1665,1080,41
2218,247970,12,1667,1061,59
2219,248090,27,1618,1069,1
2220,248174,11,1624,1063,16
2221,248278,12,1625,1050,30
2222,248369,11,1634,1053,38
2223,248468,12,1647,1051,53
2224,248585,22,1607,1064,0
2225,248689,13,1614,1062,8
2226,248774,13,1619,1066,11
2227,248851,12,1636,1082,12
2228,248949,19,1644,1086,15
2229,249083,39,1610,1073,0
2230,249183,13,1633,1087,4
2231,249276,12,1641,1085,12
2232,249367,12,1645,1089,12
2233,249449,13,1656,1100,12
2234,249534,13,1667,1101,16
2235,249752,17,1657,1084,25
2236,249842,12,1672,1090,35
2237,249938,13,1680,1090,41
2238,250026,13,1690,1095,45
2239,250162,43,1664,1095,15
2240,250252,12,1674,1101,15
2241,250351,12,1690,1109,17
2242,250450,13,1692,1105,21
2243,250534,14,1700,1107,30
2244,250630,17,1676,1107,4
2245,250722,13,1681,1102,12
2246,250805,13,1686,1104,12
2247,250900,12,1697,1107,14
2248,250992,13,1710,1110,22
2249,251092,16,1690,1112,0
2250,251188,14,1701,1120,0
2251,251265,12,1706,1117,3
2252,251356,15,1719,1130,3
2253,251490,17,1724,1116,21
2254,251621,31,1714,1125,3
2255,251703,14,1726,1134,3
2256,251898,12,1730,1136,7
2257,251990,11,1734,1129,8
2258,252101,27,1729,1126,4
2259,252188,13,1743,1128,12
2260,252282,12,1752,1123,28
2261,252391,12,1757,1101,59
2262,252482,12,1765,1107,64
2263,252614,45,1700,1102,1
2264,252726,17,1703,1091,16
2265,252824,14,1708,1087,26
2266,252925,14,1722,1089,27
2267,253016,12,1729,1091,32
2268,253144,31,1706,1098,11
2269,253233,13,1709,1100,12
2270,253320,13,1720,1104,14
2271,253426,13,1724,1105,19
2272,253579,36,1707,1102,7
2273,253683,12,1711,1100,25
2274,253770,13,1712,1085,47
2275,253868,14,1719,1082,55
2276,254080,135,1733,1073,78
2277,254219,53,1674,1090,3
2278,254307,14,1678,1088,10
2279,254410,12,1694,1089,16
2280,254516,12,1703,1093,19
2281,254627,52,1687,1084,9
2282,254721,13,1692,1082,15
2283,254804,12,1696,1085,15
2284,254893,12,1703,1080,27
2285,254977,13,1730,1088,47
2286,255091,31,1700,1100,5
2287,255195,13,1704,1093,18
2288,255293,13,1705,1089,18
2289,255374,13,1707,1087,27
2290,255478,13,1723,1096,34
2291,255606,45,1688,1092,5
2292,255686,12,1696,1097,8
2293,255783,13,1707,1098,15
2294,255879,13,1721,1098,27
2295,255990,13,1724,1090,30
2296,256202,16,1691,1090,0
2297,256284,12,1710,1106,4
2298,256384,11,1720,1112,8
2299,256502,12,1727,1107,23
2300,256606,17,1711,1110,3
2301,256690,12,1714,1109,5
2302,256773,12,1718,1108,10
2303,256858,15,1730,1114,10
2304,256943,13,1734,1099,22
2305,257027,16,1736,1096,27
2306,257130,18,1715,1096,8
2307,257218,14,1727,1102,11
2308,257308,14,1749,1120,11
2309,257430,14,1760,1124,20
2310,257536,15,1763,1108,32
2311,257625,18,1733,1107,3
2312,257719,13,1746,1112,7
2313,257822,15,1752,1117,10
2314,257928,14,1758,1097,41
2315,258021,13,1765,1100,49
2316,258266,16,1729,1111,3
2317,258366,14,1738,1113,10
2318,258444,13,1742,1112,14
2319,258532,10,1750,1113,19
2320,258632,22,1737,1113,5
2321,258722,13,1749,1116,13
2322,258817,13,1754,1117,21
2323,258922,15,1763,1116,30
2324,259015,16,1778,1127,37
2325,259168,37,1759,1134,7
2326,259256,13,1775,1141,19
2327,259337,16,1779,1141,23
2328,259423,14,1798,1149,30
2329,259515,14,1802,1140,42
2330,259641,43,1772,1140,6
2331,259722,14,1779,1143,7
2332,259810,14,1797,1155,6
2333,259892,14,1821,1177,9
2334,259981,17,1822,1169,20
2335,260080,18,1799,1165,3
2336,260301,129,1805,1169,3
2337,260393,13,1816,1179,3
2338,260482,12,1823,1173,16
2339,260579,26,1807,1176,0
2340,260647,14,1811,1168,5
2341,260737,15,1821,1166,12
2342,260831,14,1821,1154,23
2343,260926,13,1826,1149,36
2344,261035,11,1836,1151,42
2345,261121,19,1803,1159,0
2346,261227,14,1811,1162,1
2347,261320,13,1813,1157,8
2348,261418,13,1818,1159,13
2349,261512,14,1821,1160,13
2350,261635,35,1821,1171,2
2351,261742,14,1827,1171,11
2352,261831,15,1835,1173,22
2353,261925,13,1839,1165,33
2354,262012,15,1841,1161,43
2355,262130,36,1811,1167,4
2356,262301,105,1829,1179,4
2357,262382,13,1851,1191,25
2358,262487,13,1871,1200,31
2359,262588,36,1857,1215,0
2360,262680,14,1868,1214,15
2361,262778,16,1874,1220,15
2362,262850,16,1875,1217,20
2363,262947,16,1879,1220,21
2364,263038,11,1890,1225,27
2365,263132,20,1878,1237,4
2366,263212,17,1884,1234,13
2367,263318,14,1891,1231,22
2368,263403,12,1899,1234,34
2369,263510,15,1905,1234,41
2370,263629,31,1869,1234,2
2371,263726,16,1887,1250,9
2372,263823,16,1902,1256,14
2373,263917,14,1906,1255,19
2374,264048,17,1914,1253,35
2375,264157,15,1893,1261,2
2376,264334,13,1907,1274,2
2377,264417,14,1925,1287,2
2378,264527,15,1934,1296,2
2379,264610,22,1942,1304,0
2380,264699,15,1948,1310,0
2381,264776,15,1961,1323,0
2382,264879,16,1972,1333,0
2383,264976,14,1986,1344,0
2384,265058,14,1989,1346,0
2385,265133,16,2005,1358,0
2386,265235,25,2006,1359,0
2387,265338,14,2014,1364,0
2388,265436,15,2014,1364,0
2389,265533,23,2018,1366,0
2390,265623,19,2021,1365,5
2391,265710,16,2025,1367,7
2392,265783,15,2041,1375,10
2393,265859,15,2052,1378,20
2394,265958,15,2056,1370,30
2395,266042,12,2058,1365,39
2396,266134,21,2031,1371,9
2397,266318,14,2040,1373,17
2398,266396,14,2052,1381,18
2399,266490,21,2057,1379,27
2400,266596,20,2042,1387,2
2401,266697,15,2062,1397,17
2402,266777,16,2066,1398,21
2403,266877,16,2068,1393,25
2404,266955,14,2070,1389,29
2405,267101,41,2043,1388,0
2406,267192,16,2050,1392,1
2407,267283,15,2062,1404,1
2408,267381,16,2064,1398,6
2409,267464,16,2074,1402,11
2410,267594,35,2076,1409,4
2411,267684,16,2080,1411,4
2412,267802,18,2091,1408,17
2413,267904,18,2097,1407,19
2414,267992,16,2107,1415,23
2415,268108,39,2086,1411,3
2416,269666,1490,2089,1357,42
2417,269812,34,2039,1342,5
2418,269906,18,2040,1342,1
2419,270009,15,2061,1350,14
2420,270135,24,2053,1315,39
2421,270242,15,2070,1282,92
2422,270343,16,2076,1264,124
2423,270456,15,2082,1254,139
2424,270618,57,1945,1251,10
2425,270724,16,1950,1254,10
2426,270820,16,1964,1261,15
2427,270961,17,1976,1248,50
2428,271139,49,1921,1245,1
2429,271228,14,1925,1227,39
2430,271314,16,1936,1225,53
2431,271420,17,1944,1176,116
2432,271516,14,1953,1176,131
2433,271772,88,1835,1157,38
2434,271884,15,1840,1112,94
2435,271969,14,1845,1106,106
2436,272191,61,1731,1071,32
2437,272286,14,1743,1067,51
2438,272369,13,1753,1071,60
2439,272476,13,1766,1065,83
2440,272627,39,1664,1043,2
2441,272737,13,1679,1041,14
2442,272834,13,1684,1032,29
2443,272928,12,1689,1022,57
2444,273013,12,1692,1021,58
2445,273119,19,1657,1024,24
2446,273207,12,1673,1036,27
2447,273309,15,1679,1031,41
2448,273422,14,1685,1021,65
2449,273528,13,1701,1025,83
2450,273646,17,1627,1021,11
2451,273739,12,1632,1016,19
2452,273853,16,1634,1017,21
2453,273957,13,1647,1019,36
2454,274147,34,1600,1007,2
2455,274229,12,1603,1004,8
2456,274326,12,1613,991,41
2457,274438,12,1619,992,50
2458,274540,11,1634,1000,53
2459,274651,21,1583,977,24
2460,274741,12,1594,985,27
2461,274826,12,1607,992,34
2462,274921,12,1610,992,39
2463,275018,13,1620,964,86
2464,275131,17,1540,966,5
2465,275239,11,1545,949,39
2466,275322,12,1551,946,48
2467,275433,11,1556,950,48
2468,275543,14,1569,947,63
2469,275650,13,1520,952,8
2470,275753,16,1535,958,18
2471,275863,11,1537,936,40
2472,275967,12,1542,927,56
2473,276084,16,1488,920,22
2474,276187,11,1490,911,36
2475,276379,13,1506,906,63
2476,276552,15,1508,904,67
2477,276631,14,1445,904,5
2478,276701,12,1455,909,14
2479,276817,18,1467,904,29
2480,276945,12,1478,911,32
2481,277087,42,1466,919,0
2482,277181,12,1470,921,2
2483,277290,11,1474,912,15
2484,277380,13,1501,934,18
2485,277476,11,1515,940,28
2486,277596,29,1491,944,0
2487,277700,12,1497,944,8
2488,277778,12,1505,949,15
2489,277883,11,1515,946,23
2490,277974,12,1521,947,32
2491,278083,29,1491,937,15
2492,278192,11,1513,945,25
2493,278267,13,1521,941,40
2494,278345,12,1530,938,49
2495,278439,12,1532,923,69
2496,278603,42,1457,918,0
2497,278786,10,1466,910,26
2498,278878,10,1483,922,28
2499,278972,10,1496,927,35
2500,279091,29,1466,932,0
2501,279193,10,1476,937,2
2502,279280,9,1484,933,12
2503,279380,10,1496,932,32
2504,279480,12,1500,928,45
2505,279578,14,1451,921,4
2506,279675,11,1455,924,4
2507,279752,11,1465,933,4
2508,279849,11,1468,931,6
2509,279930,12,1477,939,10
2510,280020,12,1480,939,11
2511,280116,16,1478,945,0
2512,280214,12,1486,950,6
2513,280303,12,1494,942,24
2514,280402,11,1502,935,42
2515,280482,11,1512,919,56
2516,280594,37,1454,917,0
2517,280673,12,1459,918,2
2518,280757,12,1461,915,6
2519,280851,12,1468,916,18
2520,281094,31,1444,904,8
2521,281188,12,1447,901,19
2522,281279,11,1449,894,38
2523,281368,12,1473,914,39
2524,281457,10,1497,928,54
2525,281529,13,1517,945,55
2526,281654,39,1469,938,12
2527,281770,14,1476,943,12
2528,281865,12,1478,945,12
2529,281961,11,1490,950,22
2530,282077,24,1461,936,3
2531,282161,11,1466,939,3
2532,282256,12,1475,947,4
2533,282339,12,1479,947,4
2534,282421,11,1491,946,14
2535,282503,11,1495,941,25
2536,282589,16,1475,944,0
2537,282688,12,1478,947,0
2538,282764,12,1492,956,6
2539,282863,12,1507,943,31
2540,282977,11,1511,921,61
2541,283112,37,1468,932,2
2542,283328,11,1475,929,16
2543,283417,12,1489,937,23
2544,283501,10,1491,929,41
2545,283598,14,1453,933,0
2546,283692,11,1467,942,4
2547,283785,11,1470,939,5
2548,283871,10,1482,944,8
2549,283949,11,1495,947,17
2550,284037,10,1510,960,17
2551,284139,11,1513,978,0
2552,284229,11,1532,995,3
2553,284324,11,1546,998,8
2554,284419,11,1557,1002,12
2555,284520,11,1564,1003,15
2556,284634,31,1563,1015,0
2557,284713,14,1583,1032,2
2558,284801,11,1584,1028,6
2559,284886,15,1589,1021,22
2560,284977,12,1608,1036,26
2561,285097,32,1594,1045,0
2562,285196,12,1599,1041,10
2563,285296,13,1608,1048,10
2564,285528,149,1614,1054,10
2565,285655,33,1602,1052,0
2566,285751,11,1617,1053,16
2567,285840,12,1635,1059,29
2568,285925,12,1655,1077,32
2569,286011,13,1662,1078,39
2570,286120,35,1635,1089,0
2571,286218,12,1641,1091,2
2572,286309,12,1649,1091,15
2573,286388,12,1656,1095,17
2574,286489,13,1662,1076,43
2575,286611,17,1627,1080,0
2576,286704,12,1632,1083,2
2577,286807,13,1634,1080,7
2578,286914,15,1638,1078,20
2579,287026,12,1644,1079,24
2580,287151,33,1638,1089,5
2581,287222,12,1651,1098,10
2582,287331,15,1666,1106,14
2583,287566,13,1669,1093,35
2584,287664,22,1646,1101,2
2585,287762,12,1671,1123,5
2586,287849,12,1673,1124,9
2587,287936,11,1685,1132,13
2588,288018,11,1694,1139,15
2589,288112,28,1692,1148,4
2590,288210,12,1696,1152,4
2591,288298,12,1712,1164,6
2592,288374,12,1714,1154,16
2593,288472,13,1728,1161,19
2594,288609,43,1698,1149,4
2595,288703,12,1712,1157,15
2596,288799,13,1721,1156,17
2597,288890,14,1728,1154,22
2598,288976,12,1739,1164,25
2599,289104,35,1724,1174,0
2600,289197,13,1731,1179,5
2601,289301,16,1742,1186,9
2602,289540,11,1748,1171,29
2603,289659,38,1734,1184,2
2604,289754,13,1741,1182,15
2605,289838,12,1750,1190,15
2606,289932,13,1757,1183,32
2607,290033,11,1763,1181,36
2608,290138,30,1729,1174,6
2609,290235,12,1731,1174,6
2610,290338,15,1741,1182,7
2611,290433,13,1748,1182,11
2612,290526,13,1759,1187,12
2613,290621,25,1750,1185,7
2614,290724,15,1754,1186,11
2615,290814,14,1760,1183,20
2616,290912,15,1768,1186,23
2617,290995,17,1770,1185,26
2618,291102,31,1754,1193,1
2619,291313,142,1758,1193,1
2620,291412,15,1762,1187,11
2621,291496,13,1772,1197,11
2622,291605,26,1769,1199,6
2623,291686,13,1779,1204,11
2624,291783,14,1792,1213,11
2625,291869,13,1795,1212,16
2626,291981,13,1800,1214,17
2627,292101,28,1800,1224,6
2628,292193,13,1810,1223,9
2629,292279,13,1813,1225,9
2630,292366,13,1827,1234,16
2631,292462,14,1836,1236,19
2632,292571,34,1840,1235,18
2633,292696,30,1822,1232,8
2634,292785,13,1829,1234,12
2635,292863,14,1849,1251,14
2636,292954,14,1862,1263,14
2637,293171,13,1870,1261,19
2638,293286,15,1860,1262,11
2639,293372,12,1862,1258,14
2640,293472,14,1872,1261,19
2641,293593,41,1857,1260,1
2642,293693,14,1861,1255,11
2643,293777,14,1862,1254,13
2644,293864,16,1865,1250,20
2645,293958,13,1882,1260,29
2646,294062,14,1883,1257,32
2647,294153,18,1861,1255,8
2648,294245,15,1875,1266,10
2649,294340,13,1881,1270,13
2650,294431,14,1888,1276,13
2651,294572,31,1876,1270,1
2652,294659,16,1879,1269,1
2653,294742,15,1882,1269,4
2654,294834,14,1900,1279,12
2655,295016,14,1910,1273,23
2656,295123,35,1918,1297,2
2657,295221,14,1940,1310,8
2658,295302,15,1943,1312,9
2659,295389,15,1957,1322,18
2660,295503,15,1965,1327,22
2661,295625,35,1947,1327,4
2662,295722,18,1953,1331,6
2663,295820,14,1957,1333,6
2664,295932,14,1966,1339,6
2665,296028,18,1974,1343,9
2666,296136,31,1966,1341,2
2667,296200,15,1967,1341,3
2668,296304,14,1983,1355,9
2669,296392,15,1995,1358,19
2670,296468,14,1995,1353,23
2671,296605,40,1975,1348,8
2672,296790,14,1979,1341,16
2673,296877,14,1992,1347,21
2674,296971,17,1997,1351,23
2675,297100,50,1972,1346,0
2676,297186,14,1986,1351,7
2677,297272,14,1992,1353,7
2678,297359,14,1995,1354,11
2679,297447,15,2000,1357,13
2680,297542,13,2009,1363,20
2681,297651,38,1991,1363,2
2682,297738,14,2001,1368,3
2683,297828,15,2013,1377,3
2684,297914,15,2029,1386,6
2685,298006,14,2049,1400,10
2686,298117,36,2040,1394,5
2687,298210,15,2047,1398,7
2688,298301,15,2056,1406,7
2689,298399,15,2061,1411,7
2690,298580,23,2075,1430,0
2691,298681,15,2081,1435,0
2692,298769,16,2098,1452,0
2693,298849,15,2121,1473,0
2694,298940,14,2129,1481,0
2695,299022,16,2131,1483,0
2696,299121,16,2139,1490,0
2697,299208,16,2159,1509,0
2698,299288,17,2173,1523,0
2699,299394,25,2183,1532,0
2700,299500,15,2189,1537,0
2701,299636,16,2194,1542,0
2702,299732,16,2196,1542,2
2703,299818,18,2208,1553,3
2704,299912,16,2214,1552,9
2705,300014,18,2222,1548,19
