tick,timestamp,query_runtime,trav_index_nodes,trav_vol_nodes,trav_unprod_nodes
0,1412,8,6,6,0
1,1852,5,14,14,0
2,2165,2,21,21,0
3,2525,8,34,34,0
4,2798,7,53,53,0
5,3103,6,61,61,0
6,3378,8,64,64,0
7,3744,6,71,71,0
8,3983,9,91,91,0
9,4225,5,107,107,0
10,4485,2,116,116,0
11,4753,13,133,133,0
12,5111,6,153,153,0
13,5448,3,159,159,0
14,5781,8,173,173,0
15,6221,3,187,187,0
16,6464,3,194,194,0
17,6677,9,216,216,0
18,6929,6,219,219,0
19,7095,10,227,227,0
20,7358,3,234,234,0
21,7609,3,243,243,0
22,7792,8,257,257,0
23,7984,5,261,261,0
24,8173,7,291,291,0
25,8339,10,317,317,0
26,8597,14,336,336,0
27,8809,13,355,355,0
28,8971,8,372,372,0
29,9160,11,375,375,0
30,9352,17,399,399,0
31,9527,4,403,403,0
32,9710,10,411,411,0
33,9993,15,431,431,0
34,10191,10,436,436,0
35,10416,10,443,443,0
36,10613,5,450,450,0
37,10828,5,453,453,0
38,11026,8,459,459,0
39,11330,17,466,466,0
40,11498,6,473,473,0
41,11692,16,490,490,0
42,11885,5,495,495,0
43,12100,30,503,503,0
44,12251,8,523,523,0
45,12433,21,526,526,0
46,12689,16,528,528,0
47,12850,10,540,540,0
48,13036,10,552,552,0
49,13199,9,563,563,0
50,13393,42,580,580,0
51,13557,11,583,583,0
52,13743,16,587,587,0
53,14010,25,591,591,0
54,14161,10,597,597,0
55,14342,12,608,608,0
56,14480,9,610,610,0
57,14665,7,615,615,0
58,14832,13,624,624,0
59,14985,12,633,633,0
60,15279,21,641,641,0
61,15496,43,641,641,0
62,15635,11,643,643,0
63,15797,11,658,658,0
64,15983,13,673,673,0
65,16149,12,682,682,0
66,16318,11,687,687,0
67,16566,24,696,696,0
68,16782,15,712,712,0
69,16944,15,728,728,0
70,17170,46,736,736,0
71,17333,18,744,744,0
72,17480,16,752,752,0
73,17642,16,766,766,0
74,17884,25,772,772,0
75,18121,7,780,780,0
76,18280,14,780,780,0
77,18473,13,784,784,0
78,18627,16,785,785,0
79,18795,15,800,800,0
80,18950,13,815,815,0
81,19115,16,826,826,0
82,19382,29,830,830,0
83,19939,416,843,843,0
84,20074,14,849,849,0
85,20217,17,857,857,0
86,20367,16,859,859,0
87,20597,22,864,864,0
88,20768,17,866,866,0
89,20905,13,870,870,0
90,21086,14,872,872,0
91,21231,14,878,878,0
92,21372,18,879,879,0
93,21578,54,883,883,0
94,21761,22,889,889,0
95,21959,26,889,889,0
96,22166,59,901,901,0
97,22313,18,910,910,0
98,22447,14,921,921,0
99,22592,20,923,923,0
100,22764,12,927,927,0
101,22893,14,934,934,0
102,23037,16,944,944,0
103,23260,27,955,955,0
104,23452,25,963,963,0
105,23578,18,966,966,0
106,23733,43,970,970,0
107,23862,14,975,975,0
108,23985,18,977,977,0
109,24136,15,990,990,0
110,24283,13,999,999,0
111,24442,15,1014,1014,0
112,24630,27,1024,1024,0
113,24891,25,1026,1026,0
114,25011,19,1028,1028,0
115,25190,18,1033,1033,0
116,25386,12,1040,1040,0
117,25522,15,1046,1046,0
118,25670,15,1048,1048,0
119,25857,56,1053,1053,0
120,26039,25,1054,1054,0
121,26229,30,1057,1057,0
122,26378,39,1062,1062,0
123,26510,17,1074,1074,0
124,26639,19,1083,1083,0
125,26742,19,1100,1100,0
126,26917,15,1117,1117,0
127,27045,20,1126,1126,0
128,27182,22,1127,1127,0
129,27377,28,1139,1139,0
130,27568,25,1154,1154,0
131,27741,15,1155,1155,0
132,27898,17,1160,1160,0
133,28010,18,1163,1163,0
134,28151,17,1174,1174,0
135,28321,16,1178,1178,0
136,28462,23,1181,1181,0
137,28585,18,1188,1188,0
138,28779,80,1192,1192,0
139,28956,26,1196,1196,0
140,29162,40,1199,1199,0
141,29315,61,1209,1209,0
142,29441,17,1212,1212,0
143,29570,16,1213,1213,0
144,29696,15,1221,1221,0
145,30352,46,1224,1204,11
146,30534,15,1229,1190,20
147,30681,20,1239,1197,20
148,30814,19,1253,1193,31
149,31000,56,1259,1188,31
150,31133,19,1263,1185,34
151,31264,19,1276,1177,45
152,31396,18,1288,1181,46
153,31584,36,1296,1150,77
154,31831,106,1326,1142,104
155,31977,18,1329,1088,143
156,32236,70,1185,1052,14
157,32404,22,1193,1040,28
158,32570,23,1197,1016,55
159,32801,23,1212,983,83
160,33021,32,1227,960,100
161,33253,21,1239,943,110
162,33416,24,1258,942,125
163,33580,26,1269,935,139
164,33803,24,1274,928,146
165,33962,26,1276,905,163
166,34121,23,1286,898,168
167,34343,39,1292,878,189
168,34548,25,1307,857,224
169,34742,22,1315,850,229
170,34868,19,1318,849,233
171,35005,20,1332,847,247
172,35132,22,1332,820,271
173,35272,24,1345,824,274
174,35448,25,1354,820,281
175,35588,35,1371,821,289
176,35794,33,1380,818,298
177,35939,19,1385,804,310
178,36168,112,1400,814,314
179,36467,109,1093,799,10
180,36611,17,1096,772,36
181,36755,13,1108,764,49
182,36936,33,1113,735,76
183,37208,22,1122,710,111
184,37365,16,1130,701,127
185,37512,23,1145,715,126
186,37644,13,1150,715,128
187,37783,20,1159,705,144
188,37949,65,1180,722,144
189,38088,21,1188,726,149
190,38226,23,1207,735,163
191,38424,38,1214,734,165
192,38639,32,1226,734,175
193,38863,18,1229,706,203
194,38994,16,1239,714,201
195,39115,14,1241,698,215
196,39234,19,1249,691,228
197,39354,21,1251,694,227
198,39489,19,1257,680,240
199,39697,28,1274,682,248
200,39886,33,1280,679,262
201,40073,26,1281,672,267
202,40256,19,1025,679,4
203,40462,19,1040,680,13
204,40588,12,1050,671,29
205,40711,17,1057,672,32
206,40837,16,1078,685,35
207,40971,18,1085,679,47
208,41196,29,1094,672,60
209,41387,29,1099,663,73
210,41537,16,1102,659,80
211,41661,14,1105,660,79
212,41765,13,1114,657,93
213,41969,21,1126,652,107
214,42073,16,1144,662,112
215,42200,21,1149,663,116
216,42327,17,1154,668,115
217,42452,15,1151,657,126
218,42696,98,1155,659,128
219,42870,30,1172,672,140
220,43043,23,1189,681,145
221,43166,22,1208,691,158
222,43275,16,1216,692,165
223,43407,17,1222,697,166
224,43583,18,1235,698,169
225,43700,20,1239,698,173
226,43817,18,1251,708,174
227,43952,19,1259,712,172
228,44372,110,1091,695,17
229,44555,28,1093,678,41
230,44673,20,1101,681,47
231,44763,18,1106,682,52
232,44871,14,1122,688,58
233,45064,17,1140,698,69
234,45192,19,1149,698,75
235,45288,17,1153,699,77
236,45410,19,1172,715,78
237,45524,21,1176,714,83
238,45765,109,1188,724,87
239,45926,31,1214,740,105
240,46093,18,1223,745,107
241,46229,16,1233,744,110
242,46342,25,1232,742,111
243,46476,23,1237,740,117
244,46684,20,1245,738,119
245,46839,26,1246,735,119
246,46967,19,1250,729,125
247,47149,31,1254,728,126
248,47330,37,1277,738,135
249,48567,25,1073,665,11
250,48688,19,1087,672,15
251,48816,16,1087,671,16
252,48929,16,1107,679,22
253,49065,16,1113,680,26
254,49179,15,1140,702,27
255,49292,17,1151,712,30
256,49401,17,1156,715,31
257,49622,29,1182,731,43
258,49802,31,1190,736,43
259,49967,26,1194,738,43
260,50092,18,1196,727,56
261,50210,13,1208,730,62
262,50318,18,1214,728,65
263,50431,18,1228,738,66
264,50547,21,1235,743,66
265,50730,20,1238,738,77
266,50849,17,1252,745,85
267,50971,20,1249,739,96
268,51157,35,1253,736,102
269,51344,37,1260,736,106
270,51499,21,1282,744,111
271,51610,21,1291,745,119
272,51738,18,1305,752,127
273,52017,17,1312,754,133
274,52218,55,1185,752,5
275,52332,18,1187,752,8
276,52484,26,1191,749,19
277,52667,34,1199,736,38
278,52825,34,1205,734,49
279,52961,21,1225,742,58
280,53066,16,1242,752,65
281,53282,21,1257,761,71
282,53402,24,1265,752,82
283,53500,18,1269,756,82
284,53613,19,1288,772,85
285,53727,25,1317,797,92
286,53882,37,1332,807,96
287,54102,34,1347,814,103
288,54447,193,1357,819,109
289,54598,19,1368,825,112
290,54744,24,1375,827,115
291,54860,21,1386,831,114
292,54969,26,1389,832,116
293,55097,22,1405,846,116
294,55228,19,1413,852,113
295,55344,23,1418,854,117
296,55442,13,1425,859,119
297,55697,35,1434,860,129
298,55879,34,1438,856,136
299,56086,38,1453,866,136
300,56274,74,1321,869,0
301,56373,21,1326,865,6
302,56465,9,1341,880,6
303,56530,9,1351,888,6
304,56667,9,1352,886,11
305,56764,11,1365,897,11
306,56859,12,1368,899,14
307,56941,9,1378,907,17
308,57011,10,1382,909,17
309,57105,22,1411,931,20
310,57257,24,1427,942,26
311,57375,23,1443,954,27
312,57545,18,1445,946,35
313,57633,11,1445,941,39
314,57709,15,1452,945,40
315,57778,12,1460,949,42
316,57850,10,1473,957,48
317,57915,11,1481,965,48
318,57994,11,1484,962,52
319,58057,11,1495,971,52
320,58190,11,1514,987,54
321,58256,10,1530,998,58
322,58329,11,1544,1010,58
323,58399,10,1558,1013,70
324,58472,11,1564,1013,75
325,58534,11,1570,1016,76
326,58663,27,1585,1028,79
327,58783,27,1591,1032,79
328,59023,44,1592,1033,79
329,59232,49,1605,1033,87
330,59393,37,1607,1031,90
331,59579,32,1621,1038,99
332,59715,22,1624,1037,100
333,59805,12,1656,1062,106
334,59880,13,1660,1066,106
335,59970,20,1671,1074,106
336,60323,120,1570,1057,29
337,60533,34,1574,1017,77
338,60728,21,1581,1007,95
339,60868,26,1587,990,128
340,60998,21,1595,986,144
341,61142,22,1604,975,168
342,61514,38,1616,927,226
343,61754,49,1623,915,247
344,61995,45,1638,887,310
345,62169,23,1649,891,313
346,62299,24,1675,915,313
347,62421,31,1687,909,335
348,62518,12,1693,912,340
349,62673,88,1716,916,356
350,62748,12,1731,917,368
351,62823,12,1741,924,371
352,62892,13,1748,928,375
353,62972,14,1755,925,383
354,63055,13,1763,933,383
355,63250,55,1764,920,404
356,63435,38,1776,911,430
357,63712,25,1793,908,454
358,63828,22,1799,893,481
359,63952,26,1803,885,494
360,64097,41,1801,862,524
361,64427,93,1286,843,28
362,64554,24,1294,836,46
363,64804,29,1310,838,67
364,64990,31,1315,830,82
365,65088,9,1321,832,88
366,65151,9,1333,844,88
367,65228,10,1337,841,94
368,65292,10,1348,849,99
369,65363,10,1353,852,101
370,65428,10,1362,846,115
371,65578,11,1363,844,121
372,65651,11,1376,859,116
373,65726,12,1381,860,118
374,65798,11,1390,867,115
375,65873,11,1406,872,126
376,65956,11,1407,854,150
377,66110,27,1424,865,154
378,66255,25,1427,868,154
379,66477,23,1442,880,160
380,66588,11,1446,867,179
381,66658,11,1464,881,178
382,66731,13,1477,893,181
383,66806,11,1495,909,183
384,66887,11,1499,904,195
385,66959,12,1514,919,195
386,67026,11,1518,920,197
387,67175,12,1521,918,203
388,67244,11,1543,934,206
389,67336,13,1542,932,206
390,67437,23,1545,919,219
391,67573,27,1556,916,232
392,67728,26,1562,916,231
393,67841,22,1565,892,267
394,67982,23,1572,887,279
395,68266,71,1296,874,19
396,68335,11,1314,886,30
397,68408,10,1319,886,38
398,68477,10,1329,896,33
399,68566,16,1338,905,34
400,68676,11,1355,919,36
401,68765,10,1358,919,38
402,68918,11,1370,924,38
403,69011,37,1375,918,51
404,69132,19,1381,890,83
405,69264,24,1394,897,91
406,69380,13,1405,904,94
407,69441,10,1429,914,106
408,69508,11,1451,930,116
409,69624,11,1469,933,127
410,69786,10,1475,939,127
411,69897,22,1511,970,134
412,70021,22,1527,970,151
413,70146,22,1537,979,151
414,70258,23,1547,984,156
415,70372,20,1549,976,166
416,70567,40,1552,966,177
417,70738,37,1558,948,202
418,72463,64,1274,843,20
419,72592,19,1283,848,23
420,72704,17,1305,870,23
421,72823,20,1318,878,25
422,72947,20,1319,874,31
423,73070,22,1323,870,35
424,73245,36,1327,850,63
425,73439,35,1337,843,82
426,73613,16,1339,842,87
427,73744,20,1340,832,99
428,73884,21,1358,830,118
429,74157,24,1363,826,128
430,74298,18,1376,837,124
431,74407,17,1387,845,124
432,74537,22,1400,849,124
433,74741,40,1409,846,134
434,74933,36,1410,810,153
435,75075,27,1417,815,153
436,75200,20,1436,826,159
437,75313,20,1458,839,173
438,75418,21,1462,840,178
439,75543,16,1465,832,197
440,75674,21,1476,827,219
441,75797,24,1483,833,219
442,76342,115,1271,820,22
443,76473,16,1281,823,31
444,76584,18,1290,829,31
445,76714,16,1292,827,33
446,76834,18,1297,828,40
447,76953,17,1307,835,43
448,77087,19,1313,839,43
449,77225,22,1324,848,49
450,77350,19,1329,843,55
451,77500,34,1333,845,57
452,77678,28,1336,848,57
453,78016,25,1357,861,57
454,78172,24,1361,865,57
455,78278,19,1372,872,57
456,78405,20,1379,868,70
457,78532,17,1393,877,77
458,78655,19,1400,877,81
459,78792,25,1420,880,89
460,78908,19,1421,873,100
461,79033,19,1425,864,116
462,79201,30,1432,863,122
463,79388,33,1446,870,126
464,79526,17,1450,870,131
465,79655,19,1459,878,130
466,79981,21,1472,878,138
467,80216,67,1334,867,7
468,80328,23,1345,865,15
469,80447,25,1348,862,18
470,80622,37,1358,852,44
471,80810,29,1362,853,50
472,80955,19,1374,854,58
473,81075,19,1389,868,61
474,81171,11,1394,868,61
475,81238,11,1397,865,67
476,81350,20,1399,866,69
477,81454,13,1409,866,82
478,81631,12,1432,877,98
479,81737,21,1452,890,104
480,81857,21,1458,884,114
481,82035,31,1478,900,115
482,82204,25,1482,898,118
483,82381,30,1494,901,130
484,82498,21,1504,905,136
485,82616,20,1516,914,136
486,82731,22,1536,926,135
487,82858,25,1544,929,137
488,82983,24,1547,931,137
489,83084,21,1564,942,144
490,83380,187,1566,942,145
491,83557,40,1568,922,160
492,83726,46,1579,925,166
493,83878,26,1581,924,168
494,83982,22,1584,925,170
495,84152,44,1591,926,174
496,84393,64,1425,923,7
497,84512,18,1440,931,9
498,84624,22,1448,930,15
499,84748,18,1462,941,18
500,84884,35,1478,956,19
501,85348,312,1493,952,37
502,85541,36,1506,950,60
503,85665,24,1531,970,61
504,85790,22,1539,975,61
505,85923,24,1545,976,69
506,86055,29,1567,994,73
507,86195,22,1580,1003,72
508,86328,20,1593,1011,76
509,86463,25,1606,1018,79
510,86638,38,1613,1010,95
511,86834,45,1621,1004,106
512,87013,40,1623,993,120
513,87245,133,1639,1003,123
514,87330,15,1642,995,132
515,87414,13,1661,1007,134
516,87490,12,1673,1017,134
517,87563,12,1677,1019,134
518,87628,13,1692,1029,137
519,87705,13,1700,1036,137
520,87792,13,1711,1039,142
521,87868,12,1714,1033,147
522,87935,14,1729,1042,148
523,88006,14,1733,1041,152
524,88359,130,1580,1038,4
525,88664,33,1602,1038,31
526,88860,26,1621,1051,35
527,88994,24,1635,1064,35
528,89107,26,1646,1074,36
529,89247,23,1659,1085,43
530,89373,26,1670,1087,50
531,89484,27,1671,1085,55
532,89614,23,1688,1098,60
533,89751,24,1689,1092,70
534,89915,33,1697,1084,85
535,90131,39,1694,1065,108
536,90653,29,1698,995,198
537,90784,21,1714,987,223
538,90928,28,1715,958,266
539,91074,27,1721,942,301
540,91209,27,1729,926,327
541,91345,29,1745,934,337
542,91478,25,1757,942,344
543,91630,30,1765,940,355
544,91842,55,1785,922,402
545,92071,57,1797,916,419
546,92504,211,1395,885,51
547,92634,24,1414,894,74
548,92766,22,1422,877,105
549,92895,18,1424,855,136
550,93030,22,1430,816,191
551,93253,43,1434,807,200
552,93461,32,1447,802,215
553,93588,25,1460,813,215
554,93699,25,1471,805,234
555,93819,22,1489,804,257
556,93956,26,1514,805,296
557,94086,19,1522,807,300
558,94213,26,1534,816,299
559,94486,41,1538,816,306
560,94648,40,1547,810,327
561,94841,25,1553,805,341
562,94970,24,1571,815,347
563,95101,21,1575,816,350
564,95239,23,1583,768,407
565,95368,22,1593,754,432
566,95497,20,1595,712,483
567,95581,12,1600,716,483
568,95651,12,1610,709,503
569,95733,12,1619,700,522
570,95808,12,1626,706,526
571,96055,37,1626,695,537
572,96471,82,1096,684,21
573,96535,8,1104,688,27
574,96607,9,1110,672,48
575,96676,9,1115,657,68
576,96744,9,1129,666,67
577,96816,9,1139,664,79
578,96886,8,1147,655,92
579,96954,10,1152,657,104
580,97078,16,1157,660,105
581,97196,9,1171,671,105
582,97441,158,1187,674,122
583,97623,34,1193,649,156
584,97794,23,1196,643,171
585,97911,14,1205,649,171
586,97993,11,1216,657,175
587,98077,20,1228,668,175
588,98200,16,1252,675,185
589,98295,9,1261,677,188
590,98361,10,1266,663,208
591,98430,10,1271,668,207
592,98526,19,1277,666,214
593,98590,11,1292,676,217
594,98659,11,1307,687,218
595,98736,11,1317,686,228
596,98975,24,1337,688,241
597,99106,27,1339,678,251
598,99258,18,1351,690,251
599,99363,11,1367,703,255
600,99434,11,1384,708,266
601,99500,12,1398,720,266
602,99595,19,1401,723,266
603,99726,23,1415,731,271
604,99838,23,1424,731,282
605,99960,21,1432,737,283
606,100103,36,1437,741,283
607,100429,172,1157,735,8
608,100598,24,1161,720,19
609,100778,24,1167,718,24
610,100925,15,1186,732,27
611,101047,16,1194,738,27
612,101159,18,1197,741,27
613,101268,16,1208,751,27
614,101364,8,1228,769,27
615,101430,10,1233,774,27
616,101506,10,1249,789,27
617,101567,10,1281,820,27
618,101629,10,1305,844,27
619,101721,14,1309,848,27
620,101941,154,1316,853,27
621,102074,21,1332,865,27
622,102191,22,1341,874,27
623,102308,22,1347,880,27
624,102391,10,1354,883,27
625,102455,11,1356,885,27
626,102521,11,1378,897,40
627,102596,11,1394,910,43
628,102663,11,1405,916,46
629,102746,10,1414,918,46
630,102805,11,1419,915,54
631,102870,11,1430,918,65
632,102974,19,1432,920,65
633,103315,20,1438,911,83
634,103483,33,1441,902,94
635,103640,39,1456,902,111
636,103796,36,1459,891,129
637,103935,21,1464,893,132
638,104069,36,1476,905,131
639,104252,61,1357,910,5
640,104358,18,1364,902,17
641,104474,16,1370,886,43
642,104585,17,1381,894,46
643,104690,18,1386,895,50
644,104807,23,1394,900,51
645,105113,29,1397,892,61
646,105234,26,1405,888,71
647,105368,27,1406,874,86
648,105439,11,1419,885,85
649,105498,11,1422,876,96
650,105556,11,1443,895,100
651,105629,11,1449,897,102
652,105688,11,1464,910,104
653,105753,12,1472,906,121
654,105818,11,1472,909,118
655,105897,11,1481,916,118
656,105957,12,1483,918,118
657,106059,20,1490,923,118
658,106262,12,1503,933,121
659,106336,12,1504,936,119
660,106458,35,1519,948,118
661,106571,29,1521,943,127
662,106695,25,1547,957,140
663,106831,28,1547,948,149
664,106957,25,1559,955,155
665,107030,13,1564,956,157
666,107097,13,1569,957,161
667,107154,12,1569,956,161
668,107227,13,1578,963,157
669,107295,13,1582,965,161
670,107502,12,1594,973,166
671,107572,13,1600,976,171
672,107632,12,1604,974,175
673,107702,13,1614,982,175
674,107774,14,1621,985,174
675,107833,14,1635,993,179
676,107977,33,1644,1007,173
677,108233,88,1473,1004,10
678,108346,27,1483,1005,14
679,108428,11,1488,1007,20
680,108503,12,1503,1014,23
681,108732,11,1503,996,45
682,108794,12,1504,995,49
683,108859,11,1507,989,63
684,108934,11,1534,1013,64
685,109002,12,1555,1028,66
686,109082,13,1568,1040,66
687,109154,12,1584,1050,66
688,109228,13,1585,1050,70
689,109303,12,1595,1054,74
690,109376,13,1596,1052,78
691,109548,23,1599,1049,81
692,109676,25,1607,1047,88
693,111319,26,1619,1007,138
694,111409,12,1626,1009,141
695,111471,13,1630,1011,143
696,111536,13,1636,1016,140
697,111607,13,1639,1019,140
698,111672,13,1648,1027,140
699,111735,13,1650,1023,145
700,111800,12,1654,1026,145
701,111867,14,1659,1030,145
702,111936,13,1666,1037,143
703,112002,14,1671,1037,145
704,112118,24,1674,1041,144
705,112193,14,1536,1044,3
706,112262,11,1544,1051,3
707,112337,12,1554,1056,8
708,112533,24,1560,1056,12
709,112663,30,1570,1059,13
710,112788,29,1579,1063,18
711,112918,26,1584,1065,18
712,112996,15,1591,1068,18
713,113065,13,1605,1080,22
714,113133,13,1615,1090,18
715,113237,26,1617,1084,21
716,113315,13,1621,1088,20
717,113381,12,1625,1092,20
718,113448,15,1635,1099,23
719,113515,13,1643,1105,23
720,113578,12,1652,1113,23
721,113653,13,1661,1120,27
722,113837,134,1662,1115,32
723,113892,13,1669,1116,41
724,113997,25,1689,1131,44
725,114171,44,1705,1138,53
726,114343,45,1715,1144,53
727,114510,47,1724,1140,62
728,114614,27,1739,1145,69
729,114726,25,1742,1131,80
730,114827,25,1758,1138,80
731,114942,23,1761,1139,84
732,115062,27,1782,1155,89
733,115190,25,1789,1160,89
734,115325,28,1791,1162,89
735,115457,28,1795,1163,94
736,115602,26,1804,1166,97
737,115893,31,1822,1162,110
738,116033,34,1834,1160,114
739,116181,50,1726,1158,6
740,116245,14,1736,1165,9
741,116314,13,1737,1161,15
742,116384,14,1741,1162,16
743,116469,19,1751,1174,14
744,116548,16,1755,1168,27
745,116611,13,1781,1194,27
746,116687,14,1785,1198,27
747,116765,14,1789,1200,30
748,116832,13,1794,1205,30
749,116905,14,1798,1208,30
750,117147,32,1804,1210,34
751,117281,27,1812,1213,35
752,117417,33,1823,1210,46
753,117584,41,1826,1199,55
754,117676,14,1826,1190,63
755,117740,14,1833,1193,64
756,117811,13,1838,1193,71
757,117871,14,1841,1196,71
758,117942,14,1853,1203,77
759,118011,13,1855,1195,86
760,118077,14,1858,1197,89
761,118148,14,1855,1199,84
762,118210,14,1859,1203,84
763,118277,15,1866,1210,84
764,118486,154,1872,1216,84
765,118555,15,1878,1220,84
766,118689,45,1888,1228,88
767,118841,32,1897,1231,91
768,118976,35,1908,1237,95
769,119109,31,1916,1243,94
770,119197,15,1921,1247,95
771,119265,15,1927,1250,95
772,119337,16,1930,1255,93
773,119408,15,1934,1257,96
774,119487,18,1942,1263,98
775,119554,15,1946,1261,101
776,119620,15,1951,1264,105
777,119693,15,1963,1272,107
778,119914,15,1966,1269,113
779,119976,15,1966,1265,118
780,120072,39,1972,1262,127
781,120281,98,1860,1252,27
782,120411,32,1876,1234,62
783,120575,50,1884,1240,62
784,120815,19,1899,1206,119
785,120890,14,1908,1197,136
786,120959,13,1913,1192,148
787,121031,14,1917,1169,187
788,121102,14,1930,1162,212
789,121171,15,1940,1162,230
790,121381,152,1946,1161,241
791,121457,15,1949,1137,264
792,121535,15,1953,1131,275
793,121606,15,1963,1134,283
794,121725,36,1966,1137,282
795,121862,34,1977,1135,294
796,122002,39,1999,1130,317
797,122073,15,2000,1131,315
798,122145,15,2020,1144,318
799,122219,16,2042,1165,318
800,122292,15,2049,1159,328
801,122368,15,2055,1165,328
802,122456,27,2071,1181,328
803,122570,36,2073,1179,334
804,122976,313,2076,1159,352
805,123162,56,2089,1134,390
806,123332,45,2098,1123,412
807,123497,16,2118,1128,425
808,123579,16,2126,1126,437
809,123658,17,2131,1117,450
810,123736,16,2138,1115,456
811,123803,16,2150,1103,483
812,123876,17,2166,1118,483
813,123950,16,2170,1109,491
814,124022,17,2186,1103,522
815,124141,37,2193,1092,546
816,124674,79,1667,1082,37
817,124803,26,1677,1074,57
818,124941,14,1693,1065,79
819,125013,13,1699,1068,81
820,125087,14,1714,1063,107
821,125160,14,1718,1064,107
822,125236,14,1721,1066,108
823,125302,13,1730,1070,104
824,125378,13,1743,1080,107
825,125450,15,1751,1077,119
826,125526,13,1757,1078,129
827,125587,14,1757,1066,145
828,125663,13,1769,1052,169
829,125880,156,1772,1034,186
830,126017,30,1776,1020,203
831,126151,29,1792,1012,225
832,126276,29,1799,1019,225
833,126342,14,1802,1022,225
834,126410,13,1826,1039,229
835,126481,14,1830,1041,231
836,126557,14,1836,1037,238
837,126658,23,1845,1028,260
838,126732,14,1850,1026,265
839,126805,14,1863,1026,281
840,126875,15,1874,1016,306
841,126951,14,1878,1003,328
842,127043,15,1883,994,341
843,127257,155,1892,965,390
844,127378,33,1903,966,402
845,127507,35,1914,972,412
846,127645,34,1920,965,419
847,127751,15,1925,961,428
848,127825,16,1940,965,441
849,127897,17,1952,970,441
850,127969,16,1963,982,440
851,128041,19,1965,975,447
852,128236,56,1519,962,10
853,128300,12,1536,977,13
854,128363,12,1560,977,26
855,128426,11,1569,972,49
856,128632,13,1573,950,70
857,128699,12,1577,949,77
858,128819,29,1587,950,88
859,128948,25,1596,951,96
860,129082,28,1601,930,125
861,129187,12,1607,929,135
862,129245,12,1625,944,136
863,129315,12,1637,953,136
864,129385,13,1650,954,147
865,129446,12,1658,953,155
866,129514,13,1669,943,180
867,129576,13,1676,920,206
868,129647,13,1682,924,205
869,129736,13,1689,924,212
870,129973,176,1697,926,220
871,130057,17,1701,917,237
872,130121,13,1707,921,241
873,130230,30,1710,917,253
874,130361,31,1731,926,268
875,130472,29,1739,928,266
876,130591,24,1744,918,276
877,130656,13,1754,924,286
878,130722,14,1762,926,293
879,130786,15,1777,933,293
880,130861,13,1780,932,299
881,130926,13,1785,938,294
882,130995,14,1787,925,308
883,131063,14,1799,926,320
884,131136,14,1807,920,332
885,131342,14,1826,918,357
886,131413,14,1833,914,360
887,131479,15,1838,918,360
888,131558,15,1843,914,359
889,131677,30,1858,923,361
890,131813,38,1864,907,385
891,131942,36,1869,914,379
892,132059,34,1883,924,379
893,132236,44,1508,915,10
894,132302,13,1509,914,13
895,132364,12,1515,912,18
896,132435,11,1523,914,20
897,132502,11,1529,915,24
898,132717,12,1538,895,61
899,132785,12,1550,899,70
900,132849,12,1559,902,77
901,132918,13,1576,913,82
902,132985,13,1586,922,82
903,133087,28,1593,919,101
904,133209,29,1614,939,101
905,133358,29,1622,940,107
906,133484,29,1626,936,114
907,133546,12,1639,945,117
908,133606,13,1649,955,116
909,133672,14,1658,964,116
910,133745,13,1659,970,111
911,133809,13,1686,997,111
912,134015,158,1699,996,118
913,134079,13,1723,1012,122
914,134151,13,1730,1015,123
915,134219,14,1735,1015,123
916,134289,14,1742,1022,123
917,134364,13,1750,1027,123
918,134437,13,1758,1024,127
919,134524,38,1769,1031,132
920,134649,30,1780,1029,145
921,134817,36,1783,1027,148
922,134943,30,1803,1041,153
923,135012,14,1808,1045,153
924,135069,13,1808,1044,153
925,135141,14,1819,1055,153
926,135206,14,1825,1058,157
927,135425,14,1831,1044,179
928,135485,15,1840,1048,180
929,135552,14,1843,1048,185
930,135620,15,1852,1049,193
931,135694,14,1864,1060,194
932,135763,15,1868,1058,197
933,135835,15,1871,1060,197
934,135894,15,1882,1063,210
935,135986,37,1885,1061,213
936,136170,58,1895,1067,215
937,136333,41,1693,1066,12
938,136440,16,1703,1070,23
939,136504,13,1707,1073,23
940,136711,14,1714,1074,28
941,136777,13,1720,1074,33
942,136845,14,1734,1088,33
943,136908,14,1743,1088,39
944,136978,14,1747,1080,51
945,137044,15,1761,1094,51
946,137112,14,1767,1099,51
947,137187,13,1771,1097,53
948,137262,13,1786,1103,61
949,137330,14,1788,1099,62
950,137402,14,1803,1112,62
951,137521,33,1804,1108,77
952,137643,32,1834,1127,87
953,137776,32,1853,1134,105
954,138079,38,1859,1122,122
955,138152,15,1865,1128,125
956,138226,18,1868,1131,125
957,138303,17,1869,1130,125
958,138378,16,1871,1128,132
959,138453,17,1885,1129,146
960,138527,17,1890,1127,149
961,138607,17,1899,1139,145
962,138695,16,1907,1147,145
963,138772,14,1910,1148,144
964,138856,15,1913,1140,154
965,138932,15,1929,1151,152
966,139003,17,1932,1154,152
967,139120,52,1935,1152,162
968,139500,207,1945,1144,179
969,139650,39,1949,1135,195
970,139850,45,1954,1135,192
971,139968,16,1955,1136,190
972,140088,45,1960,1141,190
973,140214,24,1782,1153,0
974,140285,16,1794,1165,0
975,140357,15,1807,1174,0
976,140435,14,1811,1178,0
977,140511,18,1814,1181,0
978,140593,22,1818,1185,0
979,140686,13,1823,1189,0
980,140772,13,1828,1194,0
981,141036,197,1853,1219,0
982,141202,42,1855,1221,0
983,141365,32,1867,1231,0
984,141510,37,1870,1228,11
985,141596,16,1872,1223,17
986,141696,20,1875,1216,20
987,141787,16,1894,1221,31
988,141871,17,1899,1221,38
989,141944,17,1903,1215,42
990,142026,18,1915,1227,42
991,142118,18,1921,1229,47
992,142218,23,1932,1232,56
993,142309,16,1932,1229,63
994,142396,16,1940,1232,67
995,142657,186,1945,1236,72
996,142832,37,1949,1220,83
997,142993,45,1965,1226,89
998,143128,36,1973,1227,100
999,143212,16,1986,1236,101
1000,143293,20,2013,1249,102
1001,143372,17,2014,1249,100
1002,143447,15,2019,1252,97
1003,143512,17,2022,1249,105
1004,143586,19,2036,1249,112
1005,143656,16,2045,1247,122
1006,143740,16,2063,1262,122
1007,143813,16,2063,1264,120
1008,143884,16,2067,1266,123
1009,144137,28,2089,1280,125
1010,144352,80,1970,1279,7
1011,144491,37,1972,1277,12
1012,144649,30,1980,1277,18
1013,144737,18,1987,1278,27
1014,144808,15,1989,1277,29
1015,144897,17,1995,1282,29
1016,144977,16,2017,1298,29
1017,145058,17,2036,1314,31
1018,145144,20,2043,1315,35
1019,145234,16,2046,1315,39
1020,145303,16,2049,1312,49
1021,145379,26,2052,1309,51
1022,147300,44,2053,1230,131
1023,147463,44,2075,1249,136
1024,147606,43,2075,1244,139
1025,147686,16,2083,1248,144
1026,147770,18,2086,1245,149
1027,147843,18,2091,1248,147
1028,147927,20,2094,1247,152
1029,147991,17,2105,1254,156
1030,148122,52,2111,1257,156
1031,148241,20,1963,1259,8
1032,148364,31,1965,1259,14
1033,148477,16,1978,1271,14
1034,148546,15,1983,1273,16
1035,148768,147,2003,1276,28
1036,148895,35,2008,1267,31
1037,149041,40,2015,1270,36
1038,149215,50,2025,1273,46
1039,149320,20,2036,1277,53
1040,149435,34,2044,1277,57
1041,149524,18,2050,1276,62
1042,149628,18,2063,1283,68
1043,149728,18,2069,1282,74
1044,149825,17,2074,1287,74
1045,149901,18,2076,1284,80
1046,149981,17,2080,1284,86
1047,150080,18,2095,1267,119
1048,150179,18,2108,1256,161
1049,150441,175,2111,1233,193
1050,150588,40,2130,1214,239
1051,150751,32,2134,1198,261
1052,150876,19,2141,1149,332
1053,150965,19,2151,1142,359
1054,151058,17,2158,1108,397
1055,151142,19,2179,1107,420
1056,151255,18,2186,1103,431
1057,151336,19,2213,1129,431
1058,151413,17,2219,1112,460
1059,151503,17,2221,1086,498
1060,151583,18,2235,1062,544
1061,151656,17,2238,1049,566
1062,151740,19,2251,1046,587
1063,151990,188,2275,1053,601
1064,152201,69,2281,1032,637
1065,152694,53,1659,977,92
1066,152775,14,1669,987,92
1067,152846,14,1685,1000,92
1068,152913,13,1691,1005,92
1069,152982,13,1701,1011,92
1070,153053,13,1710,1011,104
1071,153117,14,1712,994,131
1072,153192,12,1717,998,131
1073,153269,13,1722,1000,131
1074,153339,13,1732,1010,131
1075,153405,13,1749,1020,136
1076,153712,41,1772,972,205
1077,153866,32,1781,936,263
1078,153983,17,1793,941,269
1079,154060,14,1795,945,268
1080,154131,15,1803,949,272
1081,154198,15,1814,959,272
1082,154271,15,1821,966,272
1083,154351,17,1838,983,271
1084,154440,20,1851,994,271
1085,154526,16,1852,995,271
1086,154598,14,1861,997,277
1087,154667,15,1875,1010,277
1088,154745,14,1892,1022,282
1089,154818,15,1899,1010,295
1090,155040,166,1908,998,324
1091,155172,39,1922,987,351
1092,155321,37,1932,986,357
1093,155460,30,1943,976,374
1094,155547,14,1948,949,406
1095,155617,15,1952,934,426
1096,155685,16,1961,937,429
1097,155757,15,1974,933,448
1098,155833,19,1978,937,448
1099,155912,18,1986,944,445
1100,155996,15,1992,942,452
1101,156126,38,1997,933,463
1102,156255,17,1564,943,17
1103,156341,14,1572,935,38
1104,156636,24,1574,890,99
1105,156756,29,1576,877,118
1106,156889,29,1578,876,123
1107,156980,13,1587,879,130
1108,157043,13,1591,875,137
1109,157119,15,1598,878,142
1110,157197,14,1599,879,142
1111,157283,13,1607,885,141
1112,157362,13,1613,886,150
1113,157434,12,1620,891,152
1114,157508,14,1626,895,152
1115,157589,20,1628,888,164
1116,157663,13,1634,888,168
1117,157728,13,1638,883,174
1118,157800,13,1640,881,180
1119,158075,25,1648,844,228
1120,158226,26,1660,854,228
1121,158360,24,1662,840,248
1122,158471,24,1675,852,246
1123,158552,12,1686,862,246
1124,158624,13,1698,875,241
1125,158694,13,1701,874,247
1126,158771,13,1700,866,258
1127,158851,14,1702,864,259
1128,158922,14,1712,872,260
1129,158992,14,1720,879,259
1130,159066,14,1726,875,271
1131,159137,14,1732,875,278
1132,159230,27,1736,878,281
1133,159338,13,1741,847,318
1134,159585,192,1742,824,343
1135,159727,32,1747,820,353
1136,159855,35,1750,810,373
1137,160017,37,1762,818,378
1138,160374,70,1398,807,24
1139,160432,10,1402,806,32
1140,160506,11,1412,815,32
1141,160577,13,1425,823,41
1142,160632,11,1426,814,58
1143,160695,12,1442,827,60
1144,160771,12,1444,822,67
1145,160844,14,1449,819,77
1146,160922,12,1468,833,81
1147,160987,11,1477,836,82
1148,161257,17,1493,842,99
1149,161379,25,1496,836,109
1150,161511,28,1505,831,128
1151,161601,12,1527,844,137
1152,161690,12,1535,852,137
1153,161768,12,1551,860,136
1154,161833,12,1552,863,133
1155,161912,13,1560,859,148
1156,161999,12,1568,860,151
1157,162093,13,1571,852,163
1158,162175,14,1582,861,168
1159,162256,13,1614,891,164
1160,162330,16,1622,887,178
1161,162412,14,1639,894,184
1162,162495,15,1650,903,184
1163,162764,200,1670,909,192
1164,162941,35,1674,883,220
1165,163144,45,1680,866,239
1166,163349,49,1684,868,241
1167,163594,42,1706,884,244
1168,163665,13,1731,903,257
1169,163732,13,1734,892,276
1170,163803,13,1741,893,275
1171,163869,14,1750,893,296
1172,163938,14,1759,902,296
1173,164018,13,1764,907,296
1174,164200,58,1465,902,8
1175,164263,11,1473,905,15
1176,164341,12,1473,904,17
1177,164565,12,1486,899,43
1178,164686,26,1497,906,42
1179,164821,28,1502,903,51
1180,164947,28,1514,911,54
1181,165055,22,1527,909,68
1182,165121,12,1534,905,71
1183,165191,12,1544,907,76
1184,165265,11,1552,907,80
1185,165333,12,1564,919,80
1186,165395,11,1570,919,84
1187,165470,12,1574,915,90
1188,165535,12,1587,925,92
1189,165633,23,1606,935,98
1190,165704,12,1609,928,110
1191,165767,12,1612,928,116
1192,165842,13,1622,925,130
1193,166165,30,1630,911,154
1194,166298,28,1634,913,155
1195,166444,30,1642,920,154
1196,166554,12,1653,919,170
1197,166651,18,1659,924,170
1198,166721,13,1664,927,169
1199,166791,14,1670,928,172
1200,166873,16,1680,927,171
1201,166946,13,1682,925,177
1202,167010,14,1684,927,177
1203,167073,14,1694,935,180
1204,167140,13,1700,935,187
1205,167226,17,1723,957,186
1206,167303,13,1733,958,197
1207,167383,14,1739,956,201
1208,167690,30,1751,947,223
1209,167847,33,1765,957,225
1210,167977,33,1771,966,222
1211,168152,49,1783,974,226
1212,168262,19,1567,966,23
1213,168326,13,1586,985,23
1214,168396,13,1590,987,27
1215,168461,13,1594,989,27
1216,168526,15,1595,990,26
1217,168610,16,1612,1005,33
1218,168768,13,1632,1013,37
1219,168836,13,1645,1019,39
1220,168904,13,1649,1020,39
1221,168977,13,1673,1033,42
1222,169235,29,1683,1030,60
1223,169350,26,1694,1040,59
1224,169497,37,1707,1053,58
1225,169632,28,1713,1057,58
1226,169715,17,1715,1054,63
1227,169813,14,1721,1056,66
1228,169907,14,1725,1059,66
1229,169997,14,1732,1059,73
1230,170065,13,1743,1067,74
1231,170133,14,1748,1071,75
1232,170208,16,1751,1067,84
1233,170276,13,1762,1076,84
1234,170348,13,1778,1086,86
1235,170421,14,1795,1089,95
1236,170491,14,1812,1099,95
1237,170784,34,1821,1097,113
1238,170913,36,1827,1102,111
1239,171057,39,1830,1105,111
1240,171209,36,1833,1106,115
1241,171305,15,1834,1107,113
1242,171378,14,1840,1112,116
1243,171455,14,1857,1125,122
1244,171517,14,1856,1125,121
1245,171582,14,1856,1123,122
1246,171663,17,1862,1119,133
1247,171793,62,1871,1121,140
1248,171924,13,1871,1108,152
1249,172009,15,1876,1112,155
1250,172178,54,1729,1109,6
1251,172478,43,1735,1087,25
1252,172679,41,1758,1107,30
1253,172843,37,1766,1108,36
1254,172974,18,1785,1127,27
1255,173039,15,1789,1129,31
1256,173098,13,1807,1141,32
1257,173164,15,1808,1142,32
1258,173224,14,1826,1155,36
1259,173292,14,1844,1156,51
1260,173359,15,1862,1161,68
1261,173428,16,1871,1164,78
1262,173494,14,1879,1171,77
1263,173571,16,1882,1163,87
1264,173653,16,1886,1165,90
1265,173743,16,1892,1162,95
1266,174024,34,1903,1163,106
1267,174150,39,1907,1167,103
1268,174283,35,1916,1175,103
1269,174416,31,1922,1179,103
1270,174498,17,1929,1183,107
1271,174575,16,1958,1203,110
1272,174656,16,1964,1206,110
1273,174723,16,1980,1217,119
1274,174796,15,1983,1216,123
1275,174867,16,1991,1219,128
1276,174950,18,2004,1226,131
1277,175046,20,2016,1226,138
1278,175134,18,2022,1232,135
1279,175218,20,2026,1232,141
1280,175496,205,2018,1226,137
1281,175612,32,2025,1230,143
1282,175766,51,2033,1238,143
1283,175910,35,2045,1247,140
1284,175997,20,2054,1254,140
1285,176214,41,2057,1262,135
1286,176295,20,1933,1273,0
1287,176379,18,1939,1279,0
1288,176468,17,1946,1284,0
1289,176554,19,1955,1293,0
1290,176642,19,1968,1304,0
1291,176723,15,1972,1308,0
1292,176792,15,1982,1317,0
1293,176908,41,1987,1322,0
1294,177313,41,1996,1329,2
1295,177473,42,2002,1333,3
1296,177626,44,2014,1341,6
1297,177741,23,2023,1346,8
1298,177827,17,2027,1349,8
1299,177908,17,2031,1347,18
1300,177993,16,2033,1346,21
1301,178067,17,2036,1346,25
1302,178146,16,2039,1349,25
1303,178231,18,2051,1345,38
1304,178308,17,2057,1347,43
1305,178391,18,2065,1355,43
1306,178451,17,2067,1354,52
1307,178531,19,2071,1353,56
1308,178834,37,2080,1354,66
1309,178969,36,2094,1351,74
1310,179118,39,2100,1352,74
1311,179227,17,2122,1362,82
1312,179296,16,2128,1364,83
1313,179365,17,2130,1362,88
1314,179442,17,2137,1367,97
1315,179520,17,2155,1384,99
1316,179594,17,2156,1378,106
1317,179669,17,2165,1384,108
1318,179754,20,2162,1384,105
1319,179826,19,2179,1398,109
1320,179906,18,2194,1412,112
1321,179993,19,2208,1418,118
1322,180373,71,2211,1346,211
1323,180549,44,2036,1343,43
1324,180695,33,2045,1320,73
1325,180794,17,2065,1316,95
1326,180871,16,2076,1287,145
1327,180954,17,2091,1294,149
1328,181042,16,2096,1268,197
1329,181127,16,2105,1270,200
1330,181209,17,2115,1255,234
1331,181289,17,2120,1257,240
1332,181364,17,2122,1260,237
1333,181448,16,2128,1245,263
1334,181523,16,2131,1218,298
1335,181797,35,2155,1201,345
1336,181931,40,2179,1224,345
1337,182077,37,2185,1228,345
1338,182183,17,2193,1226,351
1339,182270,18,2200,1232,352
1340,182349,17,2207,1239,352
1341,182423,17,2211,1244,351
1342,182501,18,2219,1250,351
1343,182577,17,2222,1253,351
1344,182655,17,2226,1249,366
1345,182732,17,2236,1241,386
1346,182810,17,2241,1225,413
1347,182877,17,2248,1217,429
1348,183173,243,2261,1212,445
1349,183315,37,2272,1134,557
1350,183475,51,2284,1135,565
1351,183642,38,2293,1137,571
1352,183779,36,2299,1133,583
1353,183904,34,2301,1117,608
1354,184048,38,2325,1132,612
1355,184444,119,1711,1101,33
1356,184577,23,1726,1081,80
1357,184744,34,1735,1068,96
1358,184879,30,1745,1067,109
1359,184957,13,1763,1084,107
1360,186779,44,1763,917,273
1361,186940,30,1771,921,276
1362,187030,15,1775,905,302
1363,187100,14,1792,917,301
1364,187167,15,1794,915,309
1365,187256,14,1804,916,313
1366,187319,13,1813,916,321
1367,187395,14,1824,909,348
1368,187475,14,1828,882,386
1369,187559,15,1832,867,407
1370,187633,17,1835,865,411
1371,187714,15,1851,875,411
1372,187787,14,1853,866,422
1373,187860,13,1867,872,431
1374,187969,28,1870,872,435
1375,188253,57,1885,876,445
1376,188482,16,1472,872,37
1377,188560,12,1485,879,39
1378,188672,27,1490,879,46
1379,188763,11,1491,874,52
1380,188835,12,1505,867,78
1381,188898,12,1518,875,79
1382,188966,11,1527,879,88
1383,189022,12,1536,886,91
1384,189102,12,1554,895,97
1385,189180,12,1559,896,97
1386,189245,12,1566,898,101
1387,189303,12,1580,906,109
1388,189375,12,1585,910,109
1389,189590,163,1600,912,115
1390,189742,30,1602,899,133
1391,189872,30,1611,909,133
1392,190020,29,1637,928,139
1393,190105,12,1642,923,151
1394,190173,13,1649,927,157
1395,190243,13,1651,929,157
1396,190310,13,1656,926,161
1397,190385,13,1672,941,157
1398,190448,13,1681,937,168
1399,190514,13,1684,909,208
1400,190591,16,1693,898,225
1401,190667,16,1699,901,228
1402,190741,13,1702,900,233
1403,190820,17,1708,902,236
1404,190894,17,1715,895,258
1405,191211,30,1718,883,278
1406,191347,33,1718,880,282
1407,191508,32,1723,883,279
1408,191616,14,1736,894,284
1409,191698,15,1747,895,300
1410,191775,15,1754,897,307
1411,191848,15,1760,895,323
1412,191930,14,1764,884,346
1413,191996,15,1778,890,348
1414,192087,22,1789,882,366
1415,192217,16,1438,887,13
1416,192289,14,1444,884,24
1417,192354,12,1446,884,25
1418,192428,11,1452,885,25
1419,192728,31,1484,903,40
1420,192877,30,1490,903,47
1421,193014,18,1494,901,54
1422,193175,27,1500,903,59
1423,193259,14,1506,902,66
1424,193332,12,1515,908,66
1425,193409,12,1523,914,68
1426,193478,13,1542,929,73
1427,193552,13,1545,932,71
1428,193634,16,1550,930,75
1429,193708,13,1554,912,108
1430,193784,13,1558,909,113
1431,193866,12,1565,907,127
1432,193942,13,1568,901,142
1433,194019,13,1568,890,156
1434,194105,16,1584,901,156
1435,194438,34,1588,894,165
1436,194584,24,1606,901,166
1437,194740,33,1618,898,180
1438,194858,14,1631,905,188
1439,194927,12,1646,916,199
1440,194998,15,1656,923,199
1441,195072,16,1669,932,201
1442,195147,13,1677,934,199
1443,195251,19,1676,919,209
1444,195328,16,1693,931,211
1445,195400,13,1704,932,218
1446,195461,13,1709,930,225
1447,195527,14,1722,940,228
1448,195602,14,1736,948,228
1449,195661,14,1741,950,230
1450,195947,28,1761,955,249
1451,196111,41,1766,951,262
1452,196397,121,1530,944,39
1453,196468,12,1550,957,42
1454,196539,12,1556,955,51
1455,196607,13,1558,954,53
1456,196678,12,1567,959,56
1457,196759,12,1576,965,57
1458,196821,12,1583,966,57
1459,196880,11,1586,966,59
1460,196946,12,1595,970,66
1461,197011,12,1602,972,70
1462,197075,11,1609,975,68
1463,197139,14,1614,977,64
1464,197379,14,1626,973,80
1465,197526,32,1631,974,84
1466,197664,30,1637,980,84
1467,197801,32,1645,978,94
1468,197904,16,1649,976,94
1469,197975,14,1657,984,94
1470,198046,12,1665,988,99
1471,198133,30,1665,986,99
1472,198211,14,1666,986,99
1473,198276,14,1676,991,107
1474,198346,14,1689,997,116
1475,198424,14,1700,985,135
1476,198485,14,1702,979,147
1477,198559,13,1705,968,156
1478,198641,16,1712,965,160
1479,198914,197,1713,961,167
1480,199094,35,1724,956,177
1481,199267,34,1727,962,173
1482,199391,29,1729,960,181
1483,199519,13,1745,971,191
1484,199588,13,1766,985,193
1485,199662,14,1772,981,206
1486,199734,15,1781,980,214
1487,199802,14,1784,972,227
1488,199878,15,1788,970,230
1489,199956,15,1803,978,231
1490,200032,17,1812,976,234
1491,200243,66,1582,962,26
1492,200312,14,1593,966,39
1493,200543,181,1604,955,69
1494,200668,28,1621,971,68
1495,200801,28,1652,997,67
1496,200908,27,1655,996,69
1497,200989,13,1662,1001,68
1498,201077,16,1675,1013,68
1499,201147,12,1699,1031,68
1500,201216,12,1703,1033,73
1501,201279,12,1704,1030,76
1502,201342,13,1715,1030,84
1503,201412,13,1722,1029,101
1504,201472,12,1732,1034,101
1505,201541,16,1738,1030,112
1506,201627,14,1745,1034,116
1507,201713,17,1752,1038,121
1508,201955,175,1768,1042,126
1509,202111,42,1771,1033,144
1510,202275,34,1772,1032,146
1511,202436,35,1779,1036,150
1512,202535,16,1784,1039,149
1513,202622,15,1793,1047,152
1514,202702,16,1809,1059,151
1515,202783,15,1819,1063,155
1516,202860,16,1817,1065,149
1517,202952,18,1822,1069,147
1518,203034,16,1842,1085,153
1519,203112,15,1846,1088,158
1520,203183,14,1860,1092,164
1521,203250,13,1859,1092,161
1522,203314,13,1861,1088,172
1523,203560,186,1877,1093,185
1524,203693,30,1881,1093,185
1525,203831,33,1890,1100,187
1526,203951,32,1892,1103,185
1527,204048,24,1910,1116,190
1528,204193,50,1724,1114,7
1529,204265,15,1737,1123,11
1530,204345,17,1752,1131,12
1531,204421,14,1755,1128,20
1532,204500,13,1769,1131,30
1533,204573,14,1774,1132,37
1534,204646,15,1787,1138,41
1535,204732,17,1805,1155,41
1536,204821,15,1807,1150,51
1537,205127,36,1815,1130,72
1538,205328,43,1823,1118,94
1539,205487,38,1825,1120,94
1540,205591,14,1827,1117,100
1541,205663,14,1840,1127,99
1542,205731,15,1844,1129,99
1543,205802,15,1849,1132,99
1544,205888,15,1859,1133,111
1545,205962,15,1872,1142,117
1546,206040,15,1882,1145,122
1547,206120,20,1891,1149,126
1548,206199,19,1893,1151,126
1549,206277,15,1898,1152,129
1550,206373,18,1903,1154,135
1551,206453,14,1908,1158,136
1552,206792,36,1909,1141,150
1553,206959,38,1921,1144,147
1554,207099,36,1924,1148,142
1555,207191,16,1940,1163,141
1556,207265,15,1943,1165,140
1557,207344,16,1958,1178,140
1558,207405,16,1980,1198,142
1559,207474,15,1982,1199,143
1560,207551,15,1982,1199,144
1561,207609,16,1994,1211,144
1562,207680,16,1994,1210,144
1563,207757,15,1998,1213,144
1564,207816,16,1998,1209,151
1565,207891,15,2007,1215,151
1566,208133,184,2012,1216,154
1567,208371,74,1858,1206,15
1568,208521,35,1863,1208,17
1569,208645,24,1868,1213,17
1570,208714,14,1872,1216,17
1571,208783,16,1874,1218,17
1572,208858,16,1874,1218,17
1573,208931,16,1874,1215,22
1574,208998,17,1891,1229,22
1575,209065,15,1901,1237,24
1576,209145,16,1914,1249,24
1577,209236,19,1919,1248,26
1578,209316,18,1926,1248,33
1579,209387,16,1933,1244,49
1580,209675,43,1944,1232,72
1581,209828,39,1951,1233,82
1582,209969,37,1956,1233,85
1583,210151,36,1965,1202,127
1584,210235,14,1975,1212,127
1585,210321,18,1982,1213,132
1586,210396,15,1984,1215,132
1587,210468,15,1994,1205,164
1588,210546,16,2002,1190,188
1589,210628,22,2016,1182,211
1590,210719,18,2032,1192,216
1591,210804,18,2055,1171,254
1592,210892,18,2060,1141,294
1593,210981,15,2072,1120,336
1594,211268,33,2069,1042,412
1595,211447,41,2080,1030,441
1596,211606,38,2084,1019,452
1597,211724,16,2097,1026,457
1598,211823,18,2099,1020,472
1599,211906,18,2114,1021,480
1600,211987,17,2126,1021,495
1601,212085,37,2147,1040,497
1602,212312,81,1672,1035,20
1603,212387,14,1675,1006,59
1604,212470,14,1677,986,94
1605,212555,13,1697,979,128
1606,212634,13,1706,970,152
1607,212922,30,1713,923,224
1608,213064,29,1731,936,225
1609,213202,23,1737,941,227
1610,213280,13,1754,943,241
1611,213349,13,1763,950,244
1612,213419,14,1774,956,250
1613,213499,14,1776,950,261
1614,213571,14,1780,942,278
1615,213648,14,1785,945,279
1616,213708,13,1789,946,284
1617,213787,14,1801,947,295
1618,213863,13,1817,945,317
1619,213939,14,1836,952,327
1620,214004,14,1843,945,345
1621,214249,187,1856,949,356
1622,214381,32,1855,948,357
1623,214514,31,1856,947,360
1624,214652,39,1866,957,360
1625,214759,16,1865,955,361
1626,214851,16,1881,956,375
1627,214936,14,1892,964,375
1628,215020,15,1897,948,404
1629,215107,15,1908,957,402
1630,215175,14,1905,960,395
1631,215242,14,1915,968,393
1632,215317,15,1917,970,391
1633,215402,18,1929,981,389
1634,215473,14,1931,982,389
1635,215541,15,1933,983,389
1636,215844,27,1936,986,388
1637,215978,31,1946,994,388
1638,216166,59,1950,998,388
1639,216340,20,1583,1018,0
1640,216412,15,1586,1021,0
1641,216488,13,1608,1043,0
1642,216551,12,1626,1060,0
1643,216634,13,1629,1063,0
1644,216712,13,1633,1067,0
1645,216787,13,1644,1075,0
1646,216849,13,1656,1085,2
1647,216915,14,1672,1099,3
1648,216994,13,1680,1101,19
1649,217263,201,1687,1093,52
1650,217413,32,1695,1074,83
1651,217569,36,1709,1067,102
1652,217698,28,1720,1056,133
1653,217849,17,1733,1060,139
1654,217931,13,1748,1063,149
1655,218011,15,1751,1056,164
1656,218094,15,1761,1061,173
1657,218178,14,1781,1079,173
1658,218264,20,1787,1084,176
1659,218361,18,1793,1090,176
1660,218473,16,1810,1095,184
1661,218545,13,1824,1081,209
1662,218621,15,1828,1083,209
1663,218691,15,1832,1084,213
1664,218954,207,1839,1060,241
1665,219094,35,1841,1044,263
1666,219257,39,1855,1039,279
1667,219421,39,1866,1020,307
1668,219490,14,1869,1018,307
1669,219579,18,1870,1022,301
1670,219667,14,1876,1027,300
1671,219756,17,1883,1027,306
1672,219843,17,1890,1029,309
1673,219936,20,1903,1037,311
1674,220012,16,1914,1036,313
1675,220232,47,1602,1013,24
1676,220312,14,1612,1020,29
1677,220394,14,1622,1009,45
1678,220708,26,1640,997,79
1679,220874,32,1646,986,93
1680,221018,24,1651,989,92
1681,221117,13,1657,989,97
1682,221184,12,1663,989,101
1683,221264,12,1668,992,103
1684,221334,12,1680,1002,106
1685,221406,15,1697,1015,111
1686,221476,14,1721,1029,113
1687,221549,16,1724,1033,111
1688,221631,17,1735,1043,111
1689,221710,15,1751,1051,116
1690,221783,14,1767,1047,132
1691,221851,14,1778,1054,132
1692,221922,13,1780,1042,148
1693,222224,31,1784,1029,158
1694,222344,28,1796,1021,190
1695,222479,32,1800,1017,204
1696,222623,28,1806,1015,217
1697,222707,18,1827,1032,217
1698,222812,17,1837,1028,230
1699,222894,14,1841,1030,233
1700,222966,14,1852,1040,234
1701,223038,14,1860,1047,234
1702,223117,14,1870,1056,235
1703,223196,15,1879,1063,238
1704,223277,15,1881,1056,244
1705,223353,15,1888,1058,249
1706,223427,15,1894,1058,255
1707,223681,199,1899,1049,270
1708,223822,33,1910,1053,275
1709,223966,37,1927,1063,288
1710,224165,60,1927,1065,287
1711,224272,17,1645,1069,0
1712,224347,18,1655,1078,0
1713,224442,15,1658,1074,8
1714,224522,14,1661,1066,22
1715,224600,12,1672,1074,26
1716,224677,14,1681,1079,29
1717,224755,12,1687,1081,35
1718,224817,13,1715,1098,46
1719,224881,14,1718,1098,51
1720,224957,14,1727,1094,67
1721,225207,192,1724,1076,85
1722,225346,30,1726,1074,91
1723,225522,31,1734,1066,114
1724,225642,31,1739,1059,125
1725,225730,13,1760,1076,127
1726,225803,15,1762,1083,122
1727,225877,15,1765,1086,122
1728,225960,16,1772,1091,124
1729,226043,14,1774,1089,126
1730,226120,14,1783,1097,126
1731,226211,14,1787,1101,126
1732,226284,14,1803,1104,132
1733,226357,16,1807,1108,132
1734,226436,16,1819,1115,135
1735,226541,13,1826,1119,138
1736,228513,45,1833,1004,270
1737,228716,46,1563,978,18
1738,228872,46,1576,987,24
1739,229020,14,1582,990,29
1740,229098,14,1587,989,33
1741,229203,26,1594,991,45
1742,229320,29,1598,995,45
1743,229432,31,1613,1004,52
1744,229541,16,1619,1005,52
1745,229604,12,1621,1002,57
1746,229672,13,1640,1017,58
1747,229742,13,1643,1011,68
1748,229832,15,1647,1013,71
1749,229922,13,1653,1011,79
1750,229996,16,1664,1016,83
1751,230299,54,1667,1009,94
1752,230507,41,1672,1007,102
1753,230650,29,1672,1004,106
1754,230779,26,1679,1008,108
1755,230851,14,1684,1008,108
1756,230932,20,1691,1015,105
1757,231040,15,1706,1021,107
1758,231128,17,1717,1015,121
1759,231205,13,1726,1017,120
1760,231290,13,1739,1024,118
1761,231370,15,1746,1024,125
1762,231430,15,1747,1022,126
1763,231495,13,1765,1031,130
1764,231568,14,1767,1030,130
1765,231648,13,1773,1025,132
1766,231897,56,1786,1021,150
1767,232122,59,1790,1021,150
1768,232625,180,1659,1000,40
1769,232763,23,1670,991,55
1770,232888,27,1679,992,61
1771,232981,23,1684,993,67
1772,233068,13,1709,1009,76
1773,233142,12,1715,1003,84
1774,233220,13,1716,999,90
1775,233295,14,1722,1004,86
1776,233356,13,1724,1001,91
1777,233433,14,1735,1007,97
1778,233494,13,1735,1008,95
1779,233563,14,1743,1016,95
1780,233887,40,1748,1012,104
1781,234004,30,1757,1014,108
1782,234140,31,1770,1013,117
1783,234280,31,1783,1017,124
1784,234361,14,1791,1021,130
1785,234425,13,1807,1031,136
1786,234498,14,1815,1027,146
1787,234586,28,1827,1031,156
1788,234659,13,1846,1043,160
1789,234722,14,1859,1052,163
1790,234791,14,1868,1052,174
1791,234848,15,1896,1079,174
1792,234916,13,1895,1080,172
1793,234978,16,1909,1094,172
1794,235052,14,1913,1098,172
1795,235270,165,1929,1099,182
1796,235395,31,1934,1100,186
1797,235535,37,1934,1095,191
1798,235739,55,1947,1099,201
1799,235856,31,1960,1105,209
1800,235920,15,1960,1103,209
1801,235988,15,1963,1105,212
1802,236076,27,1970,1106,213
1803,236186,17,1762,1109,6
1804,236251,14,1773,1117,10
1805,236316,13,1776,1116,18
1806,236379,13,1778,1107,26
1807,236449,13,1783,1108,31
1808,236523,13,1791,1112,33
1809,236741,15,1796,1111,34
1810,236804,13,1821,1136,34
1811,236906,35,1824,1137,42
1812,237045,34,1831,1136,43
1813,237183,38,1838,1141,44
1814,237328,35,1842,1136,53
1815,237431,14,1847,1131,61
1816,237503,14,1857,1137,63
1817,237569,14,1859,1138,65
1818,237635,14,1860,1135,71
1819,237797,25,1864,1131,90
1820,237861,14,1882,1139,102
1821,237933,13,1895,1144,105
1822,237995,14,1903,1149,106
1823,238059,14,1918,1162,106
1824,238299,16,1930,1168,109
1825,238370,16,1947,1184,106
1826,238486,34,1959,1192,109
1827,238621,34,1965,1194,110
1828,238756,37,1972,1195,114
1829,238866,23,1978,1193,124
1830,238930,16,1986,1197,126
1831,239011,16,1999,1206,128
1832,239080,16,2001,1211,125
1833,239147,16,2023,1230,125
1834,239227,17,2027,1230,126
1835,239306,17,2039,1235,127
1836,239380,15,2053,1247,129
1837,239456,14,2055,1248,132
1838,239666,161,2062,1253,132
1839,239733,17,2070,1256,133
1840,239802,16,2076,1257,138
1841,239913,38,2078,1258,139
1842,240057,44,2091,1243,171
1843,240297,52,1924,1176,90
1844,240430,16,1927,1149,128
1845,240527,15,1933,1120,159
1846,240618,15,1941,1086,204
1847,240701,16,1949,1068,232
1848,240782,15,1966,1071,252
1849,240861,16,1977,1062,274
1850,240938,15,1982,1042,297
1851,241019,16,1994,1034,321
1852,241280,20,2023,1046,338
1853,241374,20,2036,1046,350
1854,241504,38,2045,1041,372
1855,241655,40,2054,1038,383
1856,241871,30,2059,984,451
1857,241955,17,2074,990,465
1858,242041,17,2094,1007,465
1859,242122,17,2098,1002,474
1860,242209,16,2102,1006,474
1861,242282,16,2115,1009,477
1862,242354,16,2121,1004,492
1863,242423,17,2137,1010,501
1864,242489,17,2142,1000,525
1865,242569,16,2150,976,570
1866,242797,17,2162,964,597
1867,242907,41,2169,957,616
1868,243040,39,2177,959,628
1869,243203,46,2179,960,632
1870,243315,18,2186,938,660
1871,243391,20,2211,941,684
1872,243477,18,2225,940,704
1873,243565,18,2226,932,722
1874,243649,18,2238,934,736
1875,243728,19,2241,935,736
1876,243818,28,2250,931,745
1877,243938,17,2264,924,763
1878,244011,17,2273,932,756
1879,244340,70,2277,928,766
1880,244735,26,1519,884,43
1881,244861,18,1523,878,57
1882,244981,25,1525,855,85
1883,245106,20,1536,863,87
1884,245227,25,1554,856,115
1885,245347,28,1559,849,133
1886,245466,26,1571,847,148
1887,245583,22,1578,835,171
1888,245690,23,1594,851,171
1889,245883,47,1602,848,177
1890,246036,28,1607,840,195
1891,246161,13,1613,845,201
1892,246234,12,1617,850,203
1893,246449,13,1632,856,211
1894,246527,16,1648,867,214
1895,246614,15,1654,865,220
1896,246693,14,1657,851,246
1897,246776,14,1663,849,254
1898,246853,13,1665,849,255
1899,246930,14,1672,851,259
1900,247012,14,1680,849,268
1901,247090,16,1687,848,275
1902,247194,28,1694,855,275
1903,247336,35,1701,860,283
1904,247499,28,1719,873,284
1905,247620,17,1727,882,284
1906,247689,13,1750,903,282
1907,247764,14,1759,893,300
1908,248002,180,1768,897,305
1909,248103,31,1794,886,349
1910,248218,18,1480,891,27
1911,248287,12,1490,895,31
1912,248363,16,1494,899,31
1913,248432,12,1499,891,42
1914,248502,13,1503,880,53
1915,248575,12,1520,886,56
1916,248701,38,1533,874,83
1917,248811,25,1534,874,83
1918,248961,27,1542,882,83
1919,249076,11,1559,895,88
1920,249132,11,1566,891,100
1921,249200,11,1578,901,102
1922,249271,13,1586,903,109
1923,249500,12,1590,890,129
1924,249576,12,1597,893,131
1925,249630,13,1603,887,148
1926,249697,12,1608,878,166
1927,249757,12,1609,876,168
1928,249824,11,1610,862,187
1929,249886,12,1616,864,196
1930,249952,12,1611,853,203
1931,250013,12,1624,866,203
1932,250111,25,1627,864,211
1933,250227,31,1649,886,211
1934,250350,24,1656,872,233
1935,250493,29,1663,870,246
1936,250560,13,1690,894,243
1937,250624,13,1697,898,250
1938,250696,13,1708,905,251
1939,250913,14,1717,904,260
1940,250979,15,1725,907,264
1941,251050,14,1731,908,268
1942,251123,14,1738,915,267
1943,251201,13,1750,917,284
1944,251265,13,1755,919,288
1945,251338,14,1755,919,290
1946,251411,14,1757,917,300
1947,251483,14,1758,915,302
1948,251614,32,1772,923,310
1949,251767,33,1783,924,324
1950,251904,31,1790,912,347
1951,252005,14,1796,916,351
1952,252109,33,1814,932,349
1953,252523,40,1474,920,26
1954,252586,11,1479,907,42
1955,252643,11,1482,896,55
1956,252701,12,1487,893,60
1957,252771,11,1500,899,60
1958,252836,11,1500,896,62
1959,252908,11,1503,894,71
1960,253028,32,1516,900,77
1961,253203,29,1515,876,108
1962,253328,27,1521,875,113
1963,253449,18,1531,873,126
1964,253513,12,1540,878,134
1965,253588,12,1548,884,134
1966,253643,12,1551,887,134
1967,253712,12,1556,882,146
1968,253931,12,1557,876,156
1969,254004,13,1569,888,156
1970,254071,12,1570,883,166
1971,254143,12,1588,896,178
1972,254213,14,1597,898,178
1973,254288,12,1601,898,185
1974,254364,13,1605,898,191
1975,254434,12,1614,898,202
1976,254592,36,1631,901,215
1977,254738,31,1631,893,228
1978,254874,29,1641,898,230
1979,254991,15,1658,912,233
1980,255074,13,1670,923,233
1981,255153,14,1680,933,233
1982,255220,13,1681,935,231
1983,255450,177,1683,923,249
1984,255523,13,1689,924,253
1985,255592,12,1699,930,251
1986,255659,13,1706,936,254
1987,255726,13,1712,938,256
1988,255798,17,1715,938,262
1989,255883,16,1724,945,266
1990,255990,39,1733,949,269
1991,256154,50,1748,952,272
1992,256318,43,1487,939,24
1993,256431,23,1489,934,30
1994,256508,11,1501,941,34
1995,256581,13,1504,940,35
1996,256654,12,1527,963,35
1997,256728,13,1532,967,35
1998,256980,12,1536,969,35
1999,257055,16,1539,972,35
2000,257133,16,1550,981,35
2001,257212,14,1552,983,35
2002,257286,12,1559,986,35
2003,257358,12,1562,989,35
2004,257428,12,1569,995,34
2005,257543,29,1574,1001,32
2006,257683,26,1585,1008,32
2007,257816,28,1594,1021,27
2008,257943,32,1610,1037,27
2009,258021,14,1617,1042,27
2010,258099,14,1633,1058,27
2011,258169,15,1649,1069,27
2012,258257,14,1661,1076,27
2013,258511,187,1679,1093,27
2014,258584,14,1707,1115,27
2015,258668,16,1716,1117,31
2016,258750,15,1728,1122,34
2017,258822,14,1733,1127,34
2018,258896,14,1735,1129,34
2019,258965,18,1753,1145,36
2020,259113,35,1771,1158,42
2021,259268,32,1774,1154,53
2022,259414,31,1785,1155,71
2023,259512,14,1789,1151,78
2024,259590,14,1792,1150,84
2025,259664,16,1800,1142,107
2026,259734,14,1800,1136,112
2027,259811,16,1810,1139,121
2028,260049,180,1815,1141,121
2029,260246,55,1703,1140,6
2030,260321,14,1713,1146,6
2031,260445,33,1731,1162,6
2032,260634,48,1731,1156,15
2033,260827,47,1740,1152,27
2034,261032,49,1761,1165,37
2035,261161,30,1764,1152,53
2036,261282,24,1772,1149,61
2037,261396,28,1786,1160,63
2038,261515,32,1793,1161,69
2039,261638,19,1795,1148,84
2040,261709,14,1797,1150,81
2041,261783,15,1809,1161,81
2042,262017,179,1819,1171,81
2043,262162,48,1838,1173,98
2044,262341,44,1840,1173,98
2045,262537,56,1852,1183,100
2046,262671,28,1867,1197,98
2047,262797,28,1869,1194,102
2048,262923,31,1874,1192,107
2049,263049,32,1878,1195,105
2050,263177,26,1898,1201,121
2051,263304,32,1903,1178,128
2052,263415,31,1922,1186,139
2053,263514,17,1932,1192,140
2054,263585,23,1933,1190,143
2055,263712,32,1940,1197,142
2056,263857,32,1945,1202,142
2057,264159,33,1953,1198,151
2058,264249,19,1807,1194,5
2059,264314,15,1826,1213,5
2060,264382,14,1841,1224,6
2061,264454,15,1856,1231,9
2062,264529,14,1865,1232,18
2063,264602,16,1866,1231,22
2064,264673,15,1869,1228,28
2065,264749,15,1874,1230,26
2066,264823,15,1880,1223,36
2067,264896,15,1888,1225,39
2068,264971,15,1899,1227,46
2069,265034,14,1902,1224,52
2070,265111,18,1914,1228,53
2071,265502,248,1921,1222,66
2072,265684,44,1924,1222,71
2073,265879,50,1941,1231,76
2074,266049,43,1951,1229,86
2075,266159,30,1954,1226,87
2076,266246,15,1957,1227,90
2077,266311,14,1962,1225,93
2078,266381,15,1972,1230,99
2079,266433,15,1985,1239,95
2080,266504,14,1984,1232,103
2081,266571,15,1989,1233,103
2082,266636,14,2003,1247,102
2083,266705,15,2011,1255,102
2084,266771,16,2015,1255,109
2085,266846,20,2021,1255,123
2086,268694,55,2026,1168,212
2087,268976,159,1814,1162,9
2088,269108,30,1824,1155,16
2089,269203,14,1833,1148,29
2090,269282,15,1843,1155,31
2091,269343,16,1854,1161,35
2092,269415,15,1862,1160,44
2093,269486,14,1885,1175,53
2094,269560,15,1889,1178,54
2095,269632,18,1905,1193,54
2096,269704,15,1915,1199,56
2097,269783,14,1926,1208,57
2098,269857,15,1941,1213,58
2099,270020,108,1956,1220,56
2100,270103,15,1958,1221,63
2101,270218,37,1969,1230,64
2102,270364,33,1987,1228,88
2103,270501,33,2002,1202,136
2104,270651,32,2009,1167,186
2105,270737,16,2014,1132,233
2106,270802,15,2023,1131,249
2107,270884,16,2035,1110,282
2108,270963,16,2043,1103,300
2109,271039,16,2045,1086,323
2110,271103,16,2058,1099,323
2111,271176,15,2066,1106,322
2112,271253,17,2076,1108,324
2113,271447,133,2082,1076,373
2114,271509,15,2090,1071,397
2115,271584,15,2100,1056,427
2116,271653,16,2114,1061,439
2117,271797,34,2120,1055,453
2118,271936,35,2127,1051,470
2119,272091,38,2138,1014,523
2120,272285,42,1634,983,59
2121,272357,13,1638,965,84
2122,272432,13,1652,964,94
2123,272504,13,1658,957,108
2124,272569,13,1671,963,125
2125,272642,13,1681,967,124
2126,272881,184,1689,963,135
2127,272960,15,1695,942,180
2128,273042,12,1702,946,181
2129,273148,28,1719,943,213
2130,273286,32,1724,932,231
2131,273411,27,1732,905,268
2132,273512,12,1737,895,283
2133,273579,13,1742,887,300
2134,273669,14,1746,890,303
2135,273744,13,1755,888,314
2136,273796,13,1768,888,322
2137,273870,14,1774,892,327
2138,273931,14,1787,901,327
2139,274008,14,1801,915,326
2140,274078,14,1805,910,338
2141,274303,163,1806,914,334
2142,274378,14,1814,922,334
2143,274455,15,1817,927,332
2144,274577,30,1838,948,330
2145,274710,35,1844,944,329
2146,274842,28,1855,937,349
2147,274933,14,1865,933,359
2148,274998,15,1867,927,372
2149,275070,15,1875,930,377
2150,275145,15,1879,928,385
2151,275222,15,1880,925,390
2152,275290,14,1892,933,398
2153,275360,15,1910,949,398
2154,275426,15,1919,954,401
2155,275499,15,1928,946,420
2156,275722,165,1933,928,444
2157,275797,15,1940,929,449
2158,275859,15,1941,927,454
2159,275972,34,1953,942,451
2160,276134,52,1970,940,464
2161,276358,18,1514,904,48
2162,276416,12,1520,910,48
2163,276480,12,1535,911,63
2164,276553,11,1545,909,73
2165,276622,12,1555,917,74
2166,276691,13,1561,913,87
2167,276764,12,1583,925,105
2168,276834,13,1593,921,123
2169,276913,12,1602,911,144
2170,277151,181,1609,913,151
2171,277232,13,1619,892,184
2172,277301,13,1624,896,189
2173,277454,33,1628,889,199
2174,277587,32,1634,893,197
2175,277720,31,1639,882,210
2176,277831,13,1647,871,237
2177,277908,13,1647,874,234
2178,277973,13,1655,882,233
2179,278042,13,1670,895,230
2180,278119,13,1678,902,230
2181,278183,12,1680,904,230
2182,278246,13,1688,908,237
2183,278316,13,1687,900,244
2184,278396,12,1694,891,259
2185,278462,12,1695,893,259
2186,278698,12,1699,879,274
2187,278769,13,1712,888,282
2188,278880,27,1714,888,287
2189,279002,30,1731,894,290
2190,279127,29,1736,884,294
2191,279289,22,1739,876,310
2192,279361,14,1747,877,320
2193,279425,13,1761,892,319
2194,279491,14,1773,902,321
2195,279559,12,1788,904,338
2196,279626,14,1797,910,340
2197,279693,14,1809,914,343
2198,279764,13,1831,932,347
2199,279831,13,1836,933,349
2200,279897,14,1841,928,359
2201,280388,170,1470,915,9
2202,280585,51,1485,903,44
2203,280816,60,1497,886,74
2204,280990,26,1519,903,71
2205,281054,12,1530,894,97
2206,281135,15,1538,890,104
2207,281209,12,1554,897,109
2208,281282,12,1561,898,117
2209,281353,11,1575,904,128
2210,281424,13,1578,901,129
2211,281495,14,1583,892,142
2212,281578,15,1590,898,142
2213,281637,14,1604,910,142
2214,281700,13,1610,910,144
2215,281945,13,1616,913,153
2216,282076,33,1623,917,157
2217,282238,34,1636,927,157
2218,282422,39,1642,931,157
2219,282526,12,1650,931,156
2220,282589,13,1655,921,170
2221,282662,14,1668,933,168
2222,282737,14,1680,934,173
2223,282804,13,1684,936,175
2224,282879,13,1692,937,182
2225,282956,13,1703,935,199
2226,283026,13,1711,947,193
2227,283103,13,1719,948,195
2228,283186,14,1722,949,196
2229,283258,14,1732,957,196
2230,283495,13,1740,949,212
2231,283638,36,1754,956,224
2232,283814,36,1761,947,236
2233,283980,36,1766,950,237
2234,284153,44,1782,956,245
2235,284281,20,1547,948,16
2236,284351,12,1547,945,19
2237,284411,12,1562,955,25
2238,284490,13,1570,958,26
2239,284566,11,1576,959,26
2240,284626,12,1589,972,26
2241,284690,12,1606,988,26
2242,284755,12,1608,990,26
2243,284830,13,1613,989,27
2244,285093,13,1622,976,55
2245,285194,28,1625,976,58
2246,285326,28,1634,969,66
2247,285506,58,1641,974,68
2248,285657,28,1657,977,89
2249,285730,14,1677,995,92
2250,285807,16,1695,1004,100
2251,285869,14,1701,1009,104
2252,285935,14,1710,1017,105
2253,285995,13,1722,1028,105
2254,286064,14,1725,1030,105
2255,286124,13,1745,1048,107
2256,286192,12,1756,1057,107
2257,286256,13,1760,1053,116
2258,286322,14,1770,1062,115
2259,286579,202,1774,1057,123
2260,286658,14,1778,1048,136
2261,286781,30,1789,1045,152
2262,286903,30,1797,1053,150
2263,287037,33,1815,1057,164
2264,287173,36,1823,1051,183
2265,287251,14,1827,1042,197
2266,287312,15,1829,1043,196
2267,287388,16,1851,1053,204
2268,287459,14,1856,1056,205
2269,287551,29,1859,1054,208
2270,287648,15,1858,1051,209
2271,287720,15,1870,1063,209
2272,287785,16,1870,1060,214
2273,287864,14,1879,1067,214
2274,288136,23,1886,1066,214
2275,288468,111,1686,1056,18
2276,288605,43,1699,1056,25
2277,288768,28,1701,1039,44
2278,288855,14,1708,1038,51
2279,288935,16,1714,1042,53
2280,289021,15,1723,1050,58
2281,289096,13,1728,1051,64
2282,289172,21,1732,1054,64
2283,289266,17,1741,1055,74
2284,289344,17,1747,1049,86
2285,289423,13,1753,1053,91
2286,289495,15,1757,1044,100
2287,289581,16,1763,1042,116
2288,289857,34,1778,1042,135
2289,289979,29,1780,1041,138
2290,290114,34,1784,1045,138
2291,290250,36,1785,1043,141
2292,290326,16,1796,1046,144
2293,290391,13,1804,1053,145
2294,290467,14,1815,1062,146
2295,290537,13,1816,1068,141
2296,290593,14,1838,1086,146
2297,290657,14,1843,1094,143
2298,290712,15,1840,1094,140
2299,290774,14,1851,1096,143
2300,290855,14,1854,1098,143
2301,290921,14,1869,1109,145
2302,290992,13,1880,1115,147
2303,291242,195,1882,1113,151
2304,291379,28,1890,1112,165
2305,291504,32,1893,1115,162
2306,291632,31,1901,1118,163
2307,291760,24,1916,1129,172
2308,291822,15,1929,1128,185
2309,291884,15,1949,1149,179
2310,291947,14,1955,1154,179
2311,292010,14,1958,1157,179
2312,292132,38,1961,1166,170
2313,292316,52,1798,1165,11
2314,292379,14,1804,1169,11
2315,292447,14,1813,1175,13
2316,292671,171,1822,1183,15
2317,292851,38,1834,1185,28
2318,292987,34,1838,1183,39
2319,293118,35,1840,1179,42
2320,293266,35,1847,1181,44
2321,293352,14,1859,1190,46
2322,293414,15,1872,1199,46
2323,293480,14,1906,1231,46
2324,293547,14,1914,1236,52
2325,293621,14,1916,1237,52
2326,293693,14,1923,1243,51
2327,293769,14,1934,1246,60
2328,293857,14,1935,1247,60
2329,293919,14,1952,1259,60
2330,293992,15,1957,1263,60
2331,294240,193,1963,1267,63
2332,294335,36,1968,1269,66
2333,294461,37,1972,1263,75
2334,294594,34,1984,1259,81
2335,294720,34,1985,1245,95
2336,294815,18,1989,1241,98
2337,294942,19,1994,1234,110
2338,295019,18,2004,1238,116
2339,295083,16,2010,1237,123
2340,295154,15,2015,1234,128
2341,295219,15,2011,1227,129
2342,295291,15,2020,1235,129
2343,295349,16,2020,1235,129
2344,295418,15,2031,1246,126
2345,295481,15,2046,1261,125
2346,295712,16,2061,1274,126
2347,295837,39,2073,1285,126
2348,296020,52,2090,1292,130
2349,296244,51,1970,1286,13
2350,296374,29,1974,1278,22
2351,296461,18,1981,1282,25
2352,296528,17,1984,1280,32
2353,296627,17,1994,1283,34
2354,296714,18,1997,1274,43
2355,296793,16,2002,1276,43
2356,296868,18,2004,1273,51
2357,296955,22,2017,1278,60
2358,297050,17,2028,1285,60
2359,297135,18,2032,1288,60
2360,297423,41,2036,1292,60
2361,297580,39,2048,1304,60
2362,297710,33,2057,1313,56
2363,297828,26,2062,1318,56
2364,297891,15,2065,1319,56
2365,297950,15,2065,1319,56
2366,298053,15,2083,1335,56
2367,298129,18,2091,1343,52
2368,298225,18,2110,1360,52
2369,298329,22,2119,1368,52
2370,298408,19,2131,1377,52
2371,298498,21,2142,1387,52
2372,298592,20,2156,1401,52
2373,298681,18,2161,1404,54
2374,298968,46,2179,1417,59
2375,299134,38,2204,1436,71
2376,299301,46,2220,1441,75
2377,299466,39,2231,1434,101
2378,299551,18,2245,1440,104
2379,299627,18,2247,1440,110
2380,299704,19,2251,1439,113
2381,299789,20,2271,1451,114
2382,299865,22,2285,1457,116
2383,299929,18,2287,1455,122
2384,300046,51,2290,1458,120
