tick,timestamp,query_runtime,trav_index_nodes,trav_vol_nodes,trav_unprod_nodes
0,1067,12,8,8,0
1,1559,10,26,26,0
2,1866,9,62,62,0
3,2160,7,81,81,0
4,2505,8,89,89,0
5,2820,2,95,95,0
6,3091,3,99,99,0
7,3362,1,105,105,0
8,3718,2,110,110,0
9,3987,39,114,114,0
10,4170,2,133,133,0
11,4395,4,159,159,0
12,4697,11,165,165,0
13,4913,2,168,168,0
14,5153,4,173,173,0
15,5356,2,184,184,0
16,5573,3,196,196,0
17,5823,12,204,204,0
18,6133,7,209,209,0
19,6339,4,228,228,0
20,6543,3,229,229,0
21,6765,7,233,233,0
22,6970,5,238,238,0
23,7238,15,245,245,0
24,7472,3,258,258,0
25,7724,37,264,264,0
26,7914,6,271,271,0
27,8083,4,271,271,0
28,8326,7,281,281,0
29,8573,4,298,298,0
30,8814,11,314,314,0
31,8994,8,337,337,0
32,9211,38,359,359,0
33,9396,8,367,367,0
34,9560,11,368,368,0
35,9782,16,371,371,0
36,10118,11,375,375,0
37,10476,17,386,386,0
38,10759,21,392,392,0
39,10999,7,405,405,0
40,11405,16,421,421,0
41,11597,10,427,427,0
42,11812,11,431,431,0
43,11958,10,437,437,0
44,12148,10,439,439,0
45,12326,8,456,456,0
46,12539,12,460,460,0
47,12830,4,466,466,0
48,12992,10,477,477,0
49,13150,11,497,497,0
50,13312,9,510,510,0
51,13520,14,518,518,0
52,13675,8,520,520,0
53,13928,55,527,527,0
54,14210,14,535,535,0
55,14395,38,542,542,0
56,14548,10,558,558,0
57,14712,6,562,562,0
58,14890,6,566,566,0
59,15018,10,578,578,0
60,15194,6,592,592,0
61,15435,20,603,603,0
62,15665,9,609,609,0
63,15818,13,612,612,0
64,15969,15,628,628,0
65,16162,13,635,635,0
66,16312,11,643,643,0
67,16495,15,652,652,0
68,16703,20,660,660,0
69,16968,10,669,669,0
70,17120,14,687,687,0
71,17255,9,690,690,0
72,17450,10,697,697,0
73,17598,14,702,702,0
74,17763,12,720,720,0
75,17966,27,723,723,0
76,18224,24,748,748,0
77,18418,10,752,752,0
78,18568,34,757,757,0
79,18713,6,761,761,0
80,18884,18,765,765,0
81,19337,28,781,781,0
82,19564,29,785,785,0
83,19744,15,789,789,0
84,19907,14,794,794,0
85,20072,11,800,800,0
86,20230,14,805,805,0
87,20423,10,806,806,0
88,20558,15,812,812,0
89,20760,22,816,816,0
90,21005,21,830,830,0
91,21169,13,841,841,0
92,21293,13,845,845,0
93,21464,40,853,853,0
94,21596,14,857,857,0
95,21719,15,867,867,0
96,21840,10,870,870,0
97,21995,18,880,880,0
98,22209,25,897,897,0
99,22433,31,923,923,0
100,22652,18,936,936,0
101,22824,18,948,948,0
102,23005,16,952,952,0
103,23172,20,956,956,0
104,23316,12,961,961,0
105,23463,16,966,966,0
106,23773,74,966,966,0
107,23971,18,971,971,0
108,24120,18,977,977,0
109,24294,45,979,979,0
110,24448,20,984,984,0
111,24621,26,998,998,0
112,24808,14,1010,1010,0
113,25008,26,1025,1025,0
114,25332,27,1036,1036,0
115,25625,91,1052,1052,0
116,25790,16,1060,1060,0
117,25925,19,1068,1068,0
118,26114,44,1071,1071,0
119,26344,20,1076,1076,0
120,26534,40,1081,1081,0
121,26726,28,1103,1103,0
122,26919,19,1109,1109,0
123,27074,20,1113,1113,0
124,27235,24,1117,1117,0
125,27459,17,1124,1124,0
126,27605,19,1128,1128,0
127,27768,34,1142,1142,0
128,28002,39,1153,1153,0
129,28226,33,1160,1160,0
130,28372,24,1172,1172,0
131,28567,26,1176,1176,0
132,28728,24,1186,1186,0
133,28869,22,1212,1212,0
134,29095,69,1214,1214,0
135,29254,22,1218,1218,0
136,29457,37,1232,1232,0
137,29828,47,1240,1240,0
138,30038,36,1244,1244,0
139,30263,29,1251,1231,12
140,31118,37,1261,1149,62
141,31338,19,1281,1141,84
142,31498,27,1293,1137,87
143,31643,19,1302,1137,90
144,31804,24,1305,1116,103
145,31976,21,1307,1082,115
146,32135,23,1316,1055,137
147,32272,20,1329,1053,137
148,32498,45,1331,1043,139
149,32726,70,1345,1029,164
150,32871,21,1350,1017,174
151,33014,21,1357,983,206
152,33157,23,1360,964,219
153,33308,25,1364,946,227
154,33524,106,1373,935,242
155,33702,37,1374,922,250
156,33932,44,1384,887,280
157,34123,26,1384,875,292
158,34265,26,1403,890,293
159,34448,19,1410,881,302
160,34605,18,1414,878,305
161,34758,26,1425,886,306
162,34944,34,1440,860,346
163,35223,108,1444,849,357
164,35899,103,1105,799,52
165,36039,18,1120,792,62
166,36218,31,1126,778,75
167,36426,57,1130,773,80
168,36588,31,1139,762,89
169,36871,34,1146,726,124
170,37067,25,1145,692,157
171,37240,26,1151,678,169
172,37425,87,1154,677,180
173,37594,19,1156,680,183
174,37781,34,1162,683,187
175,37939,13,1166,679,193
176,38199,35,1172,657,217
177,38405,19,1174,631,253
178,38525,18,1197,642,265
179,38668,20,1203,630,278
180,38784,23,1214,638,277
181,38903,16,1219,616,307
182,39045,19,1223,618,310
183,39252,21,1229,611,320
184,39388,19,1233,604,331
185,39575,26,1235,585,353
186,39776,34,1237,585,355
187,39968,71,1241,588,356
188,40246,56,896,590,7
189,40373,17,910,601,7
190,40496,16,927,616,7
191,40626,13,935,614,14
192,40840,26,948,623,15
193,41033,29,965,634,23
194,41215,14,965,630,26
195,41332,14,973,620,36
196,41459,13,982,627,39
197,41690,24,1002,631,50
198,41810,16,1003,615,67
199,41936,18,1014,607,80
200,42072,14,1022,601,89
201,42215,26,1021,595,95
202,42499,89,1030,596,97
203,42673,24,1046,596,112
204,42807,22,1070,614,116
205,42949,18,1087,622,122
206,43079,18,1095,630,120
207,43248,17,1103,634,119
208,43476,17,1109,626,137
209,43627,25,1111,623,143
210,43823,26,1115,608,161
211,44039,23,1117,606,164
212,44203,19,1139,617,172
213,44390,19,1151,621,179
214,44518,17,1153,608,197
215,44637,15,1159,603,201
216,44753,20,1160,601,201
217,44897,21,1163,597,209
218,45062,21,1165,593,218
219,45463,78,970,580,39
220,45651,12,996,588,66
221,45770,20,1000,587,74
222,45935,14,1012,586,85
223,46087,19,1024,591,90
224,46209,15,1028,592,91
225,46328,15,1051,606,96
226,46462,14,1057,608,102
227,46599,17,1080,631,103
228,46880,28,1085,631,111
229,47048,32,1111,650,115
230,47200,15,1117,651,122
231,47317,19,1119,645,128
232,47434,18,1129,638,137
233,47599,13,1134,638,141
234,47721,15,1144,645,141
235,47846,16,1157,644,156
236,47967,15,1159,644,158
237,48082,16,1167,649,158
238,49090,30,1181,606,216
239,49263,32,1188,612,218
240,49457,25,1185,611,216
241,49613,17,1186,607,222
242,49735,18,1189,606,223
243,49846,19,1205,622,223
244,49973,15,1218,630,227
245,50320,29,1232,628,240
246,50467,25,1012,631,16
247,50688,30,1020,631,26
248,50874,36,1029,637,22
249,51038,16,1058,658,25
250,51171,19,1072,660,35
251,51297,15,1080,663,40
252,51425,16,1087,665,46
253,51608,18,1100,669,56
254,51730,10,1122,678,59
255,51866,24,1125,672,66
256,52012,19,1134,678,66
257,52202,27,1142,681,69
258,52369,24,1142,679,71
259,52536,20,1167,701,73
260,52668,25,1168,698,79
261,52860,20,1173,698,80
262,53005,17,1182,697,88
263,53148,22,1190,696,96
264,53282,20,1196,702,97
265,53437,20,1201,700,108
266,53651,38,1207,701,113
267,53824,39,1209,700,117
268,54027,38,1226,711,122
269,54227,12,1239,719,125
270,54363,19,1249,722,135
271,54495,10,1257,723,141
272,54618,14,1263,725,142
273,54702,10,1264,726,140
274,54787,11,1267,727,142
275,54869,11,1271,729,142
276,54951,11,1278,736,142
277,55153,39,1284,738,148
278,55369,48,1153,749,14
279,55544,34,1164,759,12
280,55682,13,1178,766,16
281,55804,18,1183,764,25
282,55884,8,1186,764,27
283,55996,10,1191,764,37
284,56137,9,1210,775,37
285,56215,9,1217,782,37
286,56329,18,1228,793,37
287,56447,25,1250,807,44
288,56542,9,1261,814,43
289,56655,28,1266,815,46
290,56799,16,1266,815,40
291,56950,21,1287,828,44
292,57214,22,1305,834,48
293,57338,12,1308,835,52
294,57413,11,1314,837,57
295,57514,12,1321,833,66
296,57616,13,1326,831,66
297,57720,19,1330,822,78
298,57812,12,1340,828,80
299,57914,13,1349,834,80
300,58098,18,1366,845,80
301,58247,32,1381,858,79
302,58380,29,1385,857,86
303,58507,27,1389,854,97
304,58700,24,1394,857,101
305,58795,13,1401,863,101
306,58895,13,1403,864,102
307,58984,13,1407,866,101
308,59140,12,1422,875,104
309,59248,13,1427,876,108
310,59337,13,1446,890,107
311,59401,11,1451,898,103
312,59465,11,1463,910,103
313,59564,12,1468,914,102
314,59640,10,1474,920,101
315,59714,12,1487,931,103
316,59972,29,1498,939,107
317,60259,94,1402,914,50
318,60441,23,1418,894,94
319,60595,28,1422,898,94
320,60697,13,1428,904,94
321,60779,11,1434,910,93
322,60974,15,1449,925,93
323,61076,12,1452,924,95
324,61165,11,1474,944,95
325,61242,11,1479,949,95
326,61360,15,1486,926,131
327,61533,43,1491,928,132
328,61738,45,1507,918,156
329,62089,190,1526,906,199
330,62239,26,1552,896,239
331,62368,24,1566,887,259
332,62499,25,1569,881,271
333,62640,31,1575,864,296
334,62740,12,1605,891,301
335,62820,14,1612,886,313
336,62900,12,1621,874,333
337,63058,94,1625,859,359
338,63190,25,1629,848,375
339,63365,30,1634,824,407
340,63512,29,1636,805,426
341,63639,21,1646,800,440
342,63777,25,1659,801,451
343,63932,31,1664,800,459
344,64144,97,1672,807,459
345,64240,16,1686,817,457
346,64331,13,1695,823,461
347,64403,16,1699,825,463
348,64494,12,1702,819,472
349,64650,28,1708,823,483
350,64826,31,1711,819,489
351,65127,127,1720,811,509
352,65562,128,1215,814,0
353,65718,27,1220,810,11
354,65855,20,1220,803,18
355,65936,9,1227,807,21
356,66021,11,1227,797,34
357,66133,18,1237,797,46
358,66405,32,1250,798,60
359,66597,22,1256,805,59
360,66737,10,1276,820,59
361,66827,12,1280,820,63
362,66922,13,1285,804,89
363,67006,12,1294,809,92
364,67094,12,1300,806,107
365,67168,10,1315,814,115
366,67342,10,1319,817,114
367,67457,12,1350,841,116
368,67536,12,1359,845,123
369,67629,13,1378,851,132
370,67744,33,1378,838,152
371,67879,28,1396,843,169
372,68040,23,1407,832,187
373,68291,128,1419,834,198
374,68391,13,1426,837,198
375,68465,14,1444,853,201
376,68542,14,1448,854,203
377,68623,11,1457,851,208
378,68707,11,1467,856,216
379,68793,12,1471,856,222
380,68892,15,1481,849,241
381,69073,108,1490,848,251
382,69165,20,1492,850,250
383,69281,26,1498,845,266
384,69490,38,1500,841,274
385,69696,38,1505,828,287
386,69917,45,1512,831,293
387,70152,35,1516,827,305
388,70792,67,1227,755,116
389,71015,32,1235,755,121
390,71258,36,1241,755,124
391,71445,28,1245,722,159
392,71627,15,1257,729,161
393,71755,15,1267,729,164
394,71880,15,1280,737,175
395,72084,118,1283,730,182
396,72197,25,1294,736,182
397,72305,21,1296,736,185
398,72420,21,1300,735,189
399,72578,34,1310,739,192
400,72734,34,1316,743,192
401,72863,20,1329,740,205
402,72960,9,1332,733,216
403,74253,1244,1338,694,265
404,74403,23,1341,683,278
405,74545,47,1349,680,290
406,74711,27,1360,681,301
407,74825,17,1380,695,305
408,74955,31,1387,703,300
409,75562,48,1396,707,305
410,75832,36,1117,710,23
411,75930,9,1118,710,23
412,76007,9,1125,712,27
413,76098,9,1140,724,34
414,76247,9,1152,731,36
415,76364,16,1163,737,41
416,76480,18,1168,736,48
417,76601,15,1179,736,56
418,76722,19,1186,741,59
419,76843,18,1190,741,63
420,77083,55,1200,748,70
421,77295,33,1206,746,78
422,77473,30,1211,748,79
423,77594,22,1224,749,82
424,77695,16,1229,751,88
425,77804,14,1231,738,104
426,77877,11,1248,747,107
427,78080,11,1256,741,117
428,78157,14,1268,743,125
429,78233,8,1277,751,123
430,78315,9,1278,753,122
431,78415,14,1291,766,122
432,78546,28,1316,790,120
433,78743,51,1332,804,120
434,78913,31,1359,827,115
435,79190,61,1368,833,120
436,79465,14,1383,826,135
437,79586,25,1401,834,145
438,79691,23,1404,827,153
439,79797,17,1417,835,156
440,80090,35,1425,835,163
441,80326,93,1269,841,0
442,80513,19,1281,841,8
443,80696,26,1288,847,10
444,80817,18,1295,851,10
445,80952,23,1304,850,14
446,81098,30,1308,849,19
447,81286,26,1322,843,35
448,81485,31,1324,831,47
449,81629,20,1338,838,50
450,81776,28,1338,834,52
451,82072,159,1346,831,62
452,82248,34,1358,821,88
453,82366,21,1371,821,93
454,82488,20,1383,830,92
455,82606,20,1393,832,98
456,82686,10,1408,843,99
457,82750,10,1415,853,96
458,82804,10,1425,862,96
459,82881,10,1430,865,96
460,82953,10,1435,868,99
461,83021,10,1445,876,99
462,83089,12,1453,880,102
463,83152,9,1462,881,102
464,83352,149,1476,889,99
465,83483,21,1489,896,104
466,83627,24,1493,897,110
467,83752,18,1496,898,109
468,83875,14,1504,902,110
469,83930,11,1504,895,116
470,84002,11,1520,905,118
471,84075,11,1524,907,123
472,84136,11,1535,920,123
473,84201,11,1538,915,125
474,84273,11,1547,919,131
475,84361,10,1556,920,138
476,84544,128,1564,928,138
477,84628,17,1565,923,143
478,84756,25,1585,939,142
479,84908,49,1599,934,151
480,85110,51,1607,932,166
481,85349,54,1449,930,8
482,85537,41,1451,916,29
483,85696,24,1462,922,34
484,85821,24,1483,931,37
485,85943,14,1487,922,47
486,86047,17,1493,920,48
487,86157,11,1501,925,48
488,86355,11,1507,919,63
489,86419,12,1523,931,64
490,86487,12,1529,937,64
491,86557,12,1529,932,74
492,86730,36,1541,937,76
493,86916,41,1548,936,88
494,87109,33,1550,937,89
495,87226,13,1560,942,90
496,87306,10,1567,944,96
497,87378,14,1576,950,101
498,87459,14,1588,954,112
499,87555,20,1597,957,115
500,87825,12,1599,941,131
501,87902,14,1603,943,136
502,87969,11,1608,947,136
503,88063,18,1610,951,133
504,88186,26,1616,957,133
505,88336,26,1625,962,139
506,88467,21,1633,964,140
507,88635,50,1639,969,142
508,88771,15,1651,978,142
509,88846,14,1651,978,142
510,88935,18,1655,979,139
511,89010,18,1676,992,147
512,89281,18,1679,988,156
513,89387,19,1679,980,161
514,89566,38,1684,980,164
515,89692,26,1691,984,166
516,89814,25,1705,993,169
517,89930,26,1707,993,175
518,90120,46,1707,984,198
519,90405,87,1514,952,40
520,90555,24,1537,947,73
521,90707,23,1548,911,137
522,91104,27,1555,856,217
523,91271,37,1562,818,274
524,91504,50,1585,783,346
525,91745,38,1591,786,351
526,91901,26,1595,767,377
527,92016,13,1611,780,377
528,92144,19,1627,795,377
529,92225,13,1651,817,378
530,92300,13,1654,817,380
531,92368,12,1672,822,393
532,92451,12,1675,821,395
533,92532,12,1681,809,414
534,92735,34,1686,809,415
535,92915,37,1698,799,444
536,93096,34,1703,794,457
537,93248,23,1708,790,464
538,93368,21,1715,782,484
539,93504,30,1720,782,486
540,93616,22,1737,795,488
541,93738,31,1743,782,511
542,93869,21,1749,772,527
543,93988,23,1752,764,544
544,94117,31,1754,754,563
545,94526,267,1762,728,603
546,94722,46,1765,695,645
547,94883,24,1772,695,651
548,94995,27,1789,699,660
549,95375,94,1144,705,12
550,95471,14,1153,708,17
551,95594,19,1167,721,17
552,95714,22,1172,715,34
553,95831,19,1184,724,34
554,95994,25,1197,715,55
555,96184,28,1205,693,86
556,96460,22,1226,711,97
557,96563,11,1245,715,112
558,96613,9,1252,721,115
559,96688,9,1264,728,123
560,96772,9,1267,723,131
561,96858,19,1273,721,138
562,96959,21,1282,710,164
563,97078,12,1283,692,185
564,97157,11,1291,695,186
565,97226,9,1293,696,184
566,97292,10,1299,701,182
567,97371,12,1303,706,179
568,97549,58,1300,687,201
569,97878,35,1318,664,238
570,98064,31,1324,659,249
571,98216,21,1330,660,253
572,98324,16,1338,667,250
573,98450,25,1347,658,279
574,98576,21,1356,654,296
575,98694,18,1369,648,314
576,98813,20,1378,646,326
577,98918,23,1398,662,331
578,99031,21,1404,657,340
579,99157,24,1406,656,345
580,99311,35,1414,645,363
581,99631,29,1421,642,370
582,99768,20,1434,645,387
583,99871,10,1434,641,395
584,99939,10,1439,641,399
585,99993,11,1450,652,399
586,100113,26,1458,657,396
587,100465,72,1089,681,0
588,100542,9,1109,700,0
589,100606,8,1121,711,0
590,100670,8,1125,712,0
591,100747,8,1136,719,3
592,100998,192,1142,711,15
593,101141,25,1167,729,20
594,101275,23,1189,747,21
595,101394,18,1194,743,30
596,101475,10,1199,746,31
597,101570,13,1203,738,49
598,101678,16,1221,748,58
599,101804,20,1226,745,63
600,101884,10,1240,759,63
601,101951,8,1242,757,72
602,102029,11,1254,765,72
603,102106,9,1261,771,71
604,102183,12,1267,770,79
605,102465,25,1275,764,86
606,102614,35,1282,757,104
607,102795,21,1289,753,118
608,102936,16,1292,754,123
609,103019,12,1299,755,127
610,103106,11,1302,758,127
611,103218,22,1308,764,127
612,103293,11,1312,767,127
613,103386,9,1319,773,126
614,103473,11,1329,783,126
615,103544,11,1341,791,126
616,103615,11,1347,796,126
617,103683,11,1360,807,126
618,103896,11,1362,809,126
619,104085,39,1363,810,126
620,104217,25,1372,818,122
621,104399,35,1381,815,135
622,104564,16,1387,819,139
623,104675,25,1392,822,139
624,104810,23,1405,833,141
625,104957,24,1406,832,145
626,105132,42,1413,821,170
627,105288,22,1256,821,16
628,105441,21,1275,834,15
629,105756,196,1289,843,15
630,105953,39,1302,846,29
631,106108,28,1306,839,37
632,106213,11,1308,835,44
633,106284,11,1313,833,44
634,106352,11,1312,830,45
635,106428,11,1332,844,48
636,106500,12,1341,852,48
637,106574,11,1346,852,50
638,106644,11,1349,854,51
639,106710,11,1361,865,51
640,106787,11,1367,868,52
641,106881,14,1369,859,67
642,107105,13,1384,866,68
643,107173,11,1390,868,63
644,107310,26,1401,875,67
645,107443,26,1411,869,86
646,107615,27,1416,869,90
647,107711,13,1429,863,113
648,107808,14,1441,869,117
649,107875,10,1454,881,118
650,107937,12,1457,881,124
651,108018,13,1464,888,124
652,108113,11,1470,879,138
653,108184,11,1478,880,147
654,108401,157,1495,889,151
655,108486,16,1510,888,165
656,108576,13,1514,891,165
657,108657,13,1518,888,170
658,108819,25,1519,884,172
659,108961,29,1523,889,169
660,109116,33,1532,897,171
661,109226,15,1546,901,178
662,109298,13,1557,911,177
663,109377,12,1564,919,176
664,109494,17,1575,919,187
665,109578,14,1586,927,190
666,109800,159,1592,931,191
667,109880,13,1598,934,192
668,109952,14,1596,936,188
669,110011,15,1611,951,188
670,110379,81,1439,966,0
671,110523,25,1449,968,3
672,110642,12,1458,971,9
673,110743,22,1459,968,15
674,110838,11,1468,972,19
675,110907,11,1470,969,19
676,110967,12,1489,982,25
677,112757,36,1497,911,99
678,112903,31,1513,915,111
679,113028,13,1517,916,120
680,113114,15,1518,914,128
681,113185,12,1521,915,126
682,113257,13,1521,918,123
683,113344,13,1527,924,120
684,113418,11,1536,930,121
685,113487,13,1539,932,121
686,113549,11,1553,942,123
687,113616,13,1560,945,121
688,113689,11,1567,943,131
689,113765,12,1583,955,140
690,113819,11,1600,972,137
691,113885,12,1612,981,135
692,114042,105,1627,992,136
693,114184,27,1635,987,155
694,114315,34,1642,982,161
695,114461,33,1649,985,161
696,114584,12,1653,980,167
697,114662,15,1661,983,167
698,114737,14,1667,988,164
699,114803,13,1674,990,168
700,114875,15,1674,984,168
701,114967,15,1680,987,170
702,115066,32,1686,991,171
703,115295,74,1521,991,6
704,115373,15,1527,996,10
705,115459,13,1540,1004,10
706,115762,29,1560,1014,20
707,115899,31,1573,1015,33
708,116025,28,1583,1019,36
709,116144,13,1588,1015,37
710,116220,15,1587,1017,35
711,116291,14,1598,1027,35
712,116367,13,1603,1028,38
713,116429,12,1606,1027,42
714,116506,14,1622,1040,44
715,116595,25,1622,1035,48
716,116703,13,1627,1031,55
717,116780,16,1644,1048,55
718,116861,12,1648,1048,62
719,116943,15,1655,1055,61
720,117205,184,1661,1052,69
721,117342,31,1662,1045,77
722,117505,34,1664,1037,91
723,117657,30,1672,1036,95
724,117733,14,1675,1039,95
725,117810,15,1683,1040,96
726,117891,14,1694,1044,97
727,117970,14,1700,1045,100
728,118051,15,1720,1058,110
729,118123,16,1724,1061,115
730,118209,15,1740,1073,120
731,118277,14,1741,1069,126
732,118386,15,1750,1072,132
733,118467,17,1771,1088,132
734,118551,14,1775,1089,139
735,118863,32,1788,1090,151
736,119011,33,1790,1084,163
737,119172,37,1801,1094,163
738,119311,25,1805,1090,171
739,119392,15,1823,1108,168
740,119475,16,1825,1108,170
741,119567,14,1825,1110,171
742,119663,18,1830,1110,173
743,119748,19,1827,1106,171
744,119846,18,1841,1116,173
745,119961,43,1853,1124,169
746,120162,47,1856,1094,208
747,120277,20,1670,1076,45
748,120628,53,1681,1049,97
749,120861,46,1690,995,180
750,121086,45,1702,1007,180
751,121235,27,1708,976,217
752,121362,30,1718,973,229
753,121487,28,1728,956,252
754,121632,31,1746,948,276
755,121770,30,1758,941,297
756,121927,29,1762,927,316
757,122049,23,1767,916,333
758,122161,28,1778,921,344
759,122332,37,1794,890,400
760,122472,15,1803,869,431
761,122703,159,1800,848,454
762,122789,14,1804,840,468
763,122872,14,1824,855,473
764,122971,14,1829,860,473
765,123062,17,1832,861,479
766,123144,16,1848,878,476
767,123291,23,1854,872,494
768,123372,18,1863,878,500
769,123484,36,1873,872,518
770,123627,30,1877,862,521
771,123791,42,1883,833,557
772,123894,16,1888,832,558
773,123977,17,1901,831,576
774,124071,18,1919,842,582
775,124328,17,1932,822,613
776,124432,19,1943,833,613
777,124544,26,1961,850,613
778,124633,17,1967,851,615
779,124739,18,1967,847,618
780,124834,16,1974,846,629
781,124986,37,1977,831,652
782,125255,79,1977,820,668
783,125514,17,1327,832,2
784,125596,11,1354,830,28
785,125679,13,1360,834,28
786,125770,11,1369,834,35
787,125851,10,1375,838,36
788,126063,12,1391,845,41
789,126127,12,1405,857,44
790,126199,15,1413,855,59
791,126265,12,1418,857,60
792,126360,16,1423,860,60
793,126500,38,1433,857,77
794,126655,24,1458,865,94
795,126827,29,1462,852,118
796,126946,14,1475,849,132
797,127036,12,1479,849,133
798,127115,13,1488,853,138
799,127192,12,1493,848,153
800,127272,11,1497,849,156
801,127355,14,1499,851,156
802,127448,17,1522,855,167
803,127713,13,1535,855,183
804,127801,11,1547,864,182
805,127873,13,1570,872,203
806,128014,36,1591,884,209
807,128162,37,1597,881,221
808,128320,33,1608,876,239
809,128441,14,1628,895,239
810,128520,13,1631,898,239
811,128601,14,1646,892,271
812,128687,12,1651,897,270
813,128754,12,1666,910,275
814,128834,14,1671,908,281
815,128935,18,1681,915,283
816,129016,15,1693,918,295
817,129247,165,1696,911,307
818,129383,30,1697,901,322
819,129538,30,1706,910,322
820,129673,22,1720,910,335
821,129798,31,1732,919,338
822,129921,27,1748,920,349
823,129992,12,1759,916,360
824,130084,26,1772,921,364
825,130284,16,1418,918,13
826,130351,11,1428,928,13
827,130455,10,1431,930,15
828,130527,11,1438,933,19
829,130603,11,1450,939,24
830,130666,11,1466,953,30
831,130915,25,1480,945,52
832,131069,34,1489,950,52
833,131210,27,1497,953,51
834,131320,17,1500,945,61
835,131394,11,1507,948,65
836,131471,14,1511,936,84
837,131575,25,1518,935,95
838,131645,13,1523,935,97
839,131717,12,1535,931,111
840,131786,13,1547,933,125
841,131858,14,1562,937,136
842,131935,14,1568,937,141
843,132007,13,1570,923,155
844,132093,12,1583,920,165
845,132193,12,1586,907,183
846,132551,30,1592,902,196
847,132695,29,1595,894,200
848,132852,26,1603,884,213
849,132955,12,1618,894,215
850,133019,12,1622,891,216
851,133084,13,1625,884,231
852,133156,13,1634,895,226
853,133231,13,1638,895,228
854,133291,13,1647,888,243
855,133358,13,1667,899,253
856,133434,13,1669,893,256
857,133501,15,1673,890,260
858,133570,12,1677,892,260
859,133640,13,1672,887,259
860,133851,156,1690,898,261
861,133945,23,1698,904,268
862,134085,39,1701,902,273
863,134252,35,1703,902,274
864,134398,34,1704,899,277
865,134505,13,1710,903,278
866,134561,12,1726,919,278
867,134634,12,1732,923,279
868,134703,13,1735,924,278
869,134766,14,1736,919,288
870,134829,12,1747,930,286
871,134893,13,1757,935,287
872,134962,14,1769,945,293
873,135039,23,1768,943,298
874,135355,47,1473,942,4
875,135430,11,1478,939,13
876,135526,23,1485,941,15
877,135638,23,1508,962,13
878,135763,26,1510,963,13
879,135903,23,1515,968,12
880,135973,12,1524,974,12
881,136033,12,1530,977,15
882,136093,12,1539,979,19
883,136164,12,1556,995,19
884,136234,12,1573,1002,22
885,136310,22,1576,1002,26
886,136389,12,1581,990,46
887,136457,12,1591,993,47
888,136669,12,1594,981,70
889,136725,12,1595,979,71
890,136793,12,1596,978,75
891,136853,13,1610,986,82
892,136918,22,1615,990,85
893,137054,29,1633,1004,87
894,137196,26,1645,1005,91
895,137338,26,1655,1011,97
896,137433,15,1658,1006,106
897,137505,14,1658,997,112
898,137579,15,1667,1005,114
899,137666,15,1673,1010,112
900,137744,12,1687,1015,117
901,137829,14,1695,1013,126
902,137910,15,1696,1013,127
903,138194,16,1698,987,159
904,138273,17,1723,1004,162
905,138564,44,1728,998,172
906,138698,25,1742,1000,179
907,138833,32,1748,990,193
908,138934,14,1771,1012,191
909,139003,13,1773,1012,193
910,139082,17,1780,1021,192
911,139156,15,1794,1033,192
912,139235,16,1807,1048,188
913,139319,18,1807,1030,203
914,139396,14,1811,1027,207
915,139472,14,1815,1031,203
916,139545,14,1817,1032,205
917,139793,18,1823,1029,203
918,139893,16,1834,1041,200
919,140040,45,1839,1042,198
920,140437,117,1645,1042,5
921,140538,26,1658,1049,14
922,140608,11,1660,1047,18
923,140673,12,1663,1048,19
924,140733,14,1669,1053,22
925,140808,16,1682,1061,27
926,140879,13,1691,1066,30
927,140964,13,1697,1072,29
928,141043,15,1698,1072,31
929,141268,160,1704,1078,31
930,141342,14,1711,1084,31
931,141412,13,1712,1085,31
932,141536,30,1728,1100,31
933,141674,33,1734,1105,31
934,141794,32,1747,1117,31
935,141870,14,1765,1132,31
936,141939,13,1770,1136,31
937,142011,18,1775,1141,31
938,142091,13,1787,1151,31
939,142158,13,1798,1162,31
940,142218,14,1816,1180,31
941,142291,14,1830,1190,28
942,142356,15,1845,1204,27
943,142424,14,1847,1206,27
944,142644,14,1863,1214,27
945,142724,14,1866,1214,30
946,142791,15,1870,1217,33
947,142924,27,1878,1224,33
948,143060,32,1883,1226,37
949,143191,36,1895,1232,41
950,143336,35,1902,1230,57
951,143412,16,1916,1240,60
952,143506,14,1937,1248,65
953,143590,33,1941,1245,71
954,143712,17,1951,1245,79
955,143784,19,1955,1244,83
956,143875,16,1961,1240,92
957,144138,180,1970,1231,117
958,144216,19,1972,1231,119
959,144295,16,1981,1235,126
960,144433,34,1981,1229,134
961,144602,39,1984,1226,143
962,144771,40,1987,1216,150
963,144874,16,1992,1215,159
964,144965,21,1997,1209,170
965,145061,38,2002,1209,172
966,145226,63,1832,1207,5
967,145317,19,1838,1209,8
968,145414,20,1847,1203,15
969,145515,20,1851,1206,15
970,145834,16,1856,1200,27
971,145996,42,1862,1195,33
972,146138,36,1862,1188,44
973,146268,24,1862,1178,56
974,146335,17,1867,1177,56
975,146413,15,1877,1183,58
976,146492,14,1885,1186,63
977,146566,17,1910,1203,71
978,146638,16,1923,1213,68
979,146707,15,1938,1225,67
980,146779,16,1941,1225,68
981,146849,15,1947,1225,74
982,146916,14,1958,1235,80
983,146991,14,1968,1238,88
984,147213,16,1979,1245,91
985,147329,37,1981,1244,96
986,147459,36,1981,1240,99
987,147604,35,1991,1245,102
988,147720,23,1995,1243,111
989,147792,15,1998,1239,113
990,147863,16,2004,1241,117
991,147932,15,2010,1241,122
992,147996,16,2012,1242,122
993,148065,16,2019,1249,123
994,148140,17,2027,1252,132
995,148211,16,2043,1263,136
996,148276,15,2071,1286,139
997,148490,154,2073,1281,148
998,148556,16,2074,1278,153
999,148634,31,2079,1278,161
1000,148709,16,2085,1283,160
1001,148859,34,2091,1289,163
1002,148995,38,2096,1288,172
1003,149127,36,2118,1299,181
1004,149233,17,2128,1307,178
1005,149290,15,2147,1325,178
1006,149362,17,2157,1324,185
1007,149432,17,2169,1330,187
1008,149502,18,2171,1325,195
1009,149569,16,2172,1319,204
1010,149635,17,2181,1324,208
1011,151478,72,2182,1108,491
1012,151913,43,1712,1056,90
1013,151989,14,1739,1068,102
1014,152065,14,1753,1070,110
1015,152187,26,1773,1082,120
1016,152308,23,1777,1074,132
1017,152423,28,1789,1075,142
1018,152546,34,1794,1044,193
1019,152695,45,1804,1052,192
1020,152864,42,1813,1014,244
1021,153053,37,1824,987,288
1022,153272,13,1837,994,294
1023,153473,27,1843,967,338
1024,153559,16,1848,963,346
1025,153636,13,1854,958,361
1026,153719,14,1867,963,372
1027,153792,15,1875,972,370
1028,153866,15,1884,980,374
1029,153933,14,1890,964,398
1030,154012,15,1905,970,410
1031,154085,15,1926,984,410
1032,154165,15,1934,975,421
1033,154285,36,1948,988,421
1034,154461,50,1953,980,441
1035,154647,43,1964,954,489
1036,154785,30,1973,949,505
1037,155125,54,1987,938,535
1038,155578,41,1472,929,29
1039,155727,37,1486,919,49
1040,155933,34,1489,905,69
1041,156089,23,1495,897,84
1042,156217,19,1508,902,85
1043,156345,20,1516,888,112
1044,156468,21,1526,886,123
1045,156602,26,1527,892,118
1046,156729,19,1536,880,145
1047,156808,11,1544,881,155
1048,156867,11,1550,881,159
1049,156929,12,1563,893,159
1050,157162,28,1574,847,213
1051,157288,27,1584,852,218
1052,157412,27,1585,838,239
1053,157495,12,1589,828,253
1054,157564,11,1590,831,251
1055,157632,11,1601,841,249
1056,157695,12,1615,848,254
1057,157766,12,1622,852,260
1058,157825,12,1641,866,258
1059,157887,12,1645,861,267
1060,157952,12,1658,871,269
1061,158030,12,1662,873,272
1062,158094,13,1685,891,271
1063,158172,13,1702,907,270
1064,158243,12,1706,903,275
1065,158318,13,1722,904,290
1066,158613,29,1728,858,351
1067,158746,30,1739,858,363
1068,158902,33,1745,842,392
1069,158993,13,1752,840,403
1070,159073,14,1768,822,431
1071,159137,13,1780,824,442
1072,159210,14,1796,840,437
1073,159278,13,1799,839,442
1074,159347,14,1799,840,438
1075,159417,13,1803,846,436
1076,159496,14,1806,849,436
1077,159565,14,1823,866,434
1078,159646,14,1830,859,447
1079,159716,14,1842,863,457
1080,159931,158,1842,861,458
1081,160082,48,1844,857,466
1082,160401,93,1381,829,32
1083,160470,11,1392,822,50
1084,160536,10,1403,824,59
1085,160599,10,1419,823,74
1086,160667,11,1425,818,84
1087,160732,10,1449,842,82
1088,160807,10,1460,850,82
1089,160879,12,1465,851,88
1090,160955,10,1487,869,88
1091,161033,11,1494,872,94
1092,161099,11,1517,890,94
1093,161169,12,1526,897,95
1094,161409,172,1528,881,116
1095,161543,25,1539,880,123
1096,161671,25,1547,882,127
1097,161817,27,1549,873,132
1098,161910,11,1551,858,151
1099,161967,11,1573,877,156
1100,162025,11,1582,883,160
1101,162093,11,1586,881,164
1102,162158,11,1593,881,174
1103,162233,12,1604,885,181
1104,162298,11,1613,892,181
1105,162364,11,1622,897,181
1106,162436,12,1626,901,181
1107,162507,12,1632,907,181
1108,162572,11,1635,908,193
1109,162793,160,1645,912,198
1110,162908,35,1646,905,212
1111,163075,29,1648,889,234
1112,163210,25,1659,887,238
1113,163357,27,1665,879,251
1114,163440,13,1665,878,256
1115,163509,13,1669,876,270
1116,163585,14,1683,880,280
1117,163645,13,1696,887,286
1118,163705,13,1716,907,286
1119,163780,16,1723,913,286
1120,163852,15,1727,916,286
1121,163938,16,1736,922,286
1122,164028,13,1742,927,283
1123,164099,13,1765,948,283
1124,164169,14,1776,954,290
1125,164391,14,1788,942,313
1126,164528,30,1790,938,324
1127,164659,30,1801,926,341
1128,164792,33,1813,922,366
1129,164896,14,1814,921,372
1130,164964,14,1817,927,369
1131,165050,27,1821,927,375
1132,165304,79,1448,924,7
1133,165390,11,1466,932,16
1134,165467,13,1494,947,33
1135,165553,11,1508,958,34
1136,165616,11,1517,971,30
1137,165684,11,1532,971,40
1138,165904,166,1546,980,44
1139,166035,29,1577,976,82
1140,166171,30,1586,978,83
1141,166299,23,1604,969,109
1142,166364,13,1610,972,111
1143,166431,12,1620,964,132
1144,166501,12,1632,971,137
1145,166568,13,1636,973,137
1146,166636,12,1648,983,137
1147,166707,12,1651,973,148
1148,166777,13,1656,975,150
1149,166854,12,1659,971,153
1150,166920,12,1665,977,153
1151,166992,15,1684,981,168
1152,167063,14,1689,985,168
1153,167132,13,1701,991,168
1154,167403,31,1711,977,189
1155,167526,33,1717,975,196
1156,167660,31,1732,987,198
1157,167767,23,1736,988,202
1158,167842,13,1744,993,206
1159,167912,13,1754,992,209
1160,167973,13,1758,995,210
1161,168044,13,1766,1003,207
1162,168103,13,1771,1007,207
1163,168190,16,1771,1001,215
1164,168255,12,1783,1008,223
1165,168322,14,1784,1008,225
1166,168385,14,1796,1020,225
1167,168445,14,1799,1023,225
1168,168519,14,1808,1032,225
1169,168733,14,1816,1028,241
1170,168846,28,1821,1025,248
1171,168966,30,1821,1019,255
1172,169095,29,1826,1022,256
1173,169213,27,1839,1027,259
1174,169306,14,1846,1028,264
1175,169370,14,1846,1025,270
1176,169434,14,1859,1031,271
1177,169502,14,1871,1040,273
1178,169559,13,1874,1039,277
1179,169622,13,1876,1040,272
1180,169693,14,1880,1045,271
1181,169753,13,1890,1053,271
1182,169827,14,1896,1048,274
1183,170052,164,1903,1049,272
1184,170231,62,1647,1055,4
1185,170355,28,1652,1048,15
1186,170456,28,1658,1051,15
1187,170590,27,1667,1055,19
1188,170700,13,1669,1052,24
1189,170765,13,1675,1053,31
1190,170840,12,1681,1057,32
1191,170901,12,1683,1056,36
1192,170967,13,1685,1051,46
1193,171031,12,1690,1054,46
1194,171108,14,1692,1053,47
1195,171168,13,1701,1061,47
1196,171237,13,1715,1074,47
1197,171473,189,1722,1064,65
1198,171557,15,1731,1058,79
1199,171638,14,1739,1063,80
1200,171760,29,1746,1066,80
1201,171885,32,1762,1076,86
1202,172002,31,1763,1064,102
1203,172140,13,1766,1054,115
1204,172214,15,1779,1064,116
1205,172300,16,1787,1068,122
1206,172386,16,1799,1070,128
1207,172462,19,1808,1072,133
1208,172538,14,1819,1085,131
1209,172617,14,1822,1086,133
1210,172694,15,1835,1083,144
1211,172772,18,1848,1090,148
1212,173012,181,1853,1092,150
1213,173081,15,1853,1085,155
1214,173213,31,1858,1084,164
1215,173346,37,1860,1086,164
1216,173524,42,1864,1080,172
1217,173643,24,1866,1079,177
1218,173698,14,1875,1080,185
1219,173763,14,1893,1094,187
1220,173827,14,1905,1103,187
1221,173900,15,1913,1111,190
1222,173987,14,1934,1120,197
1223,174063,15,1941,1126,197
1224,174132,15,1945,1130,196
1225,174192,14,1948,1132,197
1226,174261,15,1956,1133,198
1227,174493,16,1966,1127,210
1228,174582,16,1973,1132,213
1229,174703,37,1974,1134,212
1230,174841,42,1978,1132,221
1231,175000,38,1980,1135,225
1232,175272,76,1747,1128,8
1233,175343,14,1753,1129,12
1234,175417,18,1776,1148,16
1235,175523,18,1788,1149,24
1236,175613,17,1798,1158,26
1237,175707,18,1811,1170,26
1238,175791,17,1826,1184,26
1239,175885,17,1827,1181,31
1240,176110,167,1830,1173,45
1241,176174,14,1833,1174,47
1242,176293,30,1844,1177,54
1243,176434,33,1850,1175,59
1244,176565,34,1869,1187,68
1245,176705,28,1873,1178,82
1246,176802,13,1880,1178,93
1247,176867,13,1890,1175,102
1248,176929,14,1901,1183,107
1249,176995,15,1913,1191,113
1250,177064,15,1914,1192,113
1251,177140,13,1924,1201,113
1252,177203,14,1934,1200,124
1253,177269,15,1943,1197,134
1254,177341,15,1951,1204,133
1255,177560,15,1962,1204,145
1256,177663,45,1964,1203,148
1257,177808,36,1967,1196,161
1258,177931,36,1971,1191,171
1259,178069,36,1970,1189,169
1260,178151,16,1983,1199,173
1261,178233,15,1986,1203,171
1262,178297,16,1998,1211,176
1263,178359,16,1998,1211,176
1264,178434,16,1998,1213,174
1265,178512,15,2002,1216,175
1266,178587,16,2002,1211,179
1267,178655,15,2010,1219,179
1268,178730,15,2018,1222,183
1269,178960,172,2024,1223,189
1270,179026,15,2029,1227,187
1271,179123,36,2037,1231,188
1272,179250,33,2043,1233,191
1273,179385,36,2050,1240,189
1274,179525,34,2064,1244,186
1275,179630,19,2076,1252,186
1276,179707,15,2087,1258,185
1277,179769,16,2093,1264,185
1278,179834,15,2092,1265,182
1279,179903,15,2096,1269,182
1280,179966,18,2099,1272,182
1281,180078,30,2109,1281,180
1282,180403,214,1942,1288,2
1283,180481,14,1946,1292,2
1284,180602,32,1963,1305,2
1285,180740,35,1986,1328,2
1286,180880,32,1999,1341,2
1287,180987,14,2005,1347,2
1288,181060,15,2014,1354,2
1289,181134,16,2020,1359,2
1290,181204,15,2040,1379,2
1291,181280,15,2055,1393,2
1292,181350,14,2066,1394,11
1293,181425,15,2071,1382,32
1294,181498,16,2082,1385,43
1295,181566,14,2093,1396,43
1296,181783,15,2099,1402,43
1297,181862,15,2114,1392,67
1298,181945,15,2119,1383,86
1299,182075,37,2133,1357,134
1300,182206,33,2153,1361,154
1301,182340,32,2168,1358,168
1302,182414,16,2185,1354,188
1303,182483,15,2193,1357,199
1304,182556,17,2201,1338,228
1305,182627,16,2213,1344,235
1306,182704,16,2218,1332,251
1307,182765,16,2221,1324,268
1308,182833,16,2233,1335,265
1309,182910,17,2247,1338,278
1310,183114,17,2247,1321,300
1311,183185,16,2251,1324,300
1312,183262,17,2266,1334,305
1313,183332,17,2270,1336,305
1314,183485,42,2268,1309,336
1315,183631,45,2271,1269,386
1316,183768,33,2285,1266,400
1317,183849,16,2290,1267,405
1318,183924,17,2303,1252,446
1319,184032,25,2312,1241,468
1320,184100,17,2324,1246,482
1321,184177,17,2335,1249,485
1322,184255,17,2346,1254,487
1323,184467,157,2347,1235,510
1324,184552,18,2349,1232,511
1325,184639,18,2357,1235,516
1326,184723,18,2367,1239,523
1327,184872,43,2376,1239,534
1328,185021,44,2387,1250,533
1329,185396,60,1860,1257,0
1330,185462,16,1866,1258,0
1331,185531,15,1879,1260,6
1332,185612,14,1893,1271,8
1333,185685,15,1895,1263,21
1334,185764,15,1899,1255,34
1335,185981,154,1908,1249,47
1336,186058,17,1911,1238,62
1337,186126,15,1920,1228,76
1338,186200,15,1926,1227,84
1339,186278,15,1941,1219,110
1340,186417,36,1947,1218,115
1341,186562,40,1950,1194,139
1342,186690,35,1954,1156,190
1343,186769,16,1966,1145,221
1344,186831,15,1967,1143,222
1345,186898,14,1980,1143,237
1346,186965,15,1986,1140,243
1347,187041,15,1996,1151,241
1348,187122,28,2005,1158,238
1349,187239,17,2008,1153,247
1350,187457,16,2028,1165,250
1351,187527,14,2047,1175,257
1352,187602,15,2066,1164,295
1353,187668,15,2080,1170,303
1354,187784,35,2089,1156,335
1355,187906,34,2091,1154,340
1356,188044,36,2110,1149,370
1357,188180,25,2112,1138,371
1358,188267,17,2110,1116,395
1359,188339,16,2118,1111,406
1360,188419,17,2124,1118,405
1361,188490,16,2136,1131,404
1362,188556,17,2158,1147,412
1363,188632,16,2167,1154,415
1364,190428,60,2175,1032,550
1365,190666,18,1636,979,72
1366,190739,12,1641,973,81
1367,190804,12,1658,967,106
1368,190873,13,1676,978,113
1369,190939,13,1676,967,120
1370,191000,13,1685,969,126
1371,191067,14,1686,967,135
1372,191139,12,1692,949,166
1373,191259,46,1695,933,187
1374,191359,13,1711,949,187
1375,191428,13,1712,949,187
1376,191508,13,1716,949,188
1377,191572,13,1738,967,188
1378,191785,32,1741,944,225
1379,191912,30,1749,943,232
1380,192042,30,1751,934,248
1381,192135,13,1763,927,262
1382,192206,14,1770,929,268
1383,192273,15,1782,926,286
1384,192345,13,1796,933,294
1385,192412,13,1809,940,300
1386,192475,15,1821,938,314
1387,192537,13,1822,934,323
1388,192612,14,1830,911,353
1389,192673,14,1840,920,356
1390,192737,14,1859,939,356
1391,192812,14,1867,941,360
1392,192886,15,1870,944,359
1393,193079,14,1873,942,371
1394,193212,34,1886,951,377
1395,193386,40,1892,939,399
1396,193512,31,1897,940,405
1397,193626,14,1904,939,409
1398,193696,14,1908,939,414
1399,193771,15,1913,939,416
1400,193846,14,1915,937,422
1401,193909,15,1920,934,419
1402,193976,14,1930,942,419
1403,194047,15,1936,935,431
1404,194123,14,1937,930,433
1405,194190,14,1941,937,427
1406,194261,14,1948,944,427
1407,194490,14,1955,946,433
1408,194565,15,1965,955,433
1409,194676,33,1987,966,446
1410,194803,35,1988,962,451
1411,194938,33,1991,962,456
1412,195112,49,1998,954,470
1413,195323,73,1563,952,37
1414,195485,14,1570,950,46
1415,195554,12,1582,960,49
1416,195623,12,1586,961,52
1417,195689,12,1588,961,55
1418,195759,12,1598,963,56
1419,195828,13,1602,967,56
1420,196042,13,1609,965,67
1421,196113,12,1613,952,92
1422,196243,27,1620,955,95
1423,196376,40,1624,942,109
1424,196514,27,1630,937,125
1425,196614,13,1629,924,135
1426,196686,12,1637,921,141
1427,196757,12,1643,922,148
1428,196830,13,1651,924,150
1429,196905,12,1667,931,158
1430,196972,12,1691,952,164
1431,197033,15,1699,953,168
1432,197107,13,1719,964,171
1433,197175,13,1734,971,171
1434,197236,14,1738,976,170
1435,197446,156,1740,975,176
1436,197517,14,1753,983,182
1437,197591,19,1764,990,182
1438,197702,24,1767,991,185
1439,197837,31,1768,993,186
1440,197966,28,1784,1005,192
1441,198090,29,1791,1007,195
1442,198150,14,1811,1026,195
1443,198217,13,1828,1035,199
1444,198295,14,1834,1039,201
1445,198360,14,1846,1050,202
1446,198429,13,1847,1053,200
1447,198503,14,1857,1049,213
1448,198576,14,1869,1056,218
1449,198653,15,1871,1061,212
1450,198868,14,1874,1058,222
1451,198933,15,1878,1060,223
1452,199006,15,1889,1061,233
1453,199082,14,1900,1070,233
1454,199210,30,1902,1071,236
1455,199341,34,1904,1069,243
1456,199465,33,1922,1086,245
1457,199596,28,1926,1085,252
1458,199657,15,1935,1084,260
1459,199727,15,1949,1096,258
1460,199785,15,1959,1100,259
1461,199857,15,1974,1106,264
1462,199915,15,1976,1108,264
1463,199989,15,1980,1112,264
1464,200263,40,1984,1109,271
1465,200446,43,1725,1109,10
1466,200514,13,1730,1112,10
1467,200581,14,1740,1120,11
1468,200703,28,1744,1118,17
1469,200836,29,1749,1099,31
1470,200960,24,1753,1096,33
1471,201058,13,1756,1099,33
1472,201124,13,1759,1094,53
1473,201191,12,1775,1105,57
1474,201253,13,1787,1115,58
1475,201325,13,1796,1122,59
1476,201383,13,1805,1127,59
1477,201486,40,1818,1137,59
1478,201732,14,1830,1134,81
1479,201798,13,1834,1130,92
1480,201859,13,1834,1127,92
1481,201924,14,1857,1147,92
1482,201999,14,1862,1151,92
1483,202106,25,1884,1170,94
1484,202243,32,1896,1172,109
1485,202358,31,1896,1164,123
1486,202475,21,1905,1168,125
1487,202543,13,1909,1169,130
1488,202621,13,1915,1168,136
1489,202691,16,1925,1174,139
1490,202773,14,1931,1177,139
1491,202844,13,1938,1177,145
1492,203055,15,1941,1177,147
1493,203127,15,1966,1199,145
1494,203189,15,1966,1195,151
1495,203252,15,1977,1202,153
1496,203314,14,1979,1204,153
1497,203381,16,1987,1210,156
1498,203457,14,1994,1210,155
1499,203606,35,1996,1206,158
1500,203726,32,1999,1205,160
1501,203859,33,2010,1211,166
1502,203998,35,2017,1204,177
1503,204084,14,2021,1204,180
1504,204149,15,2027,1206,183
1505,204227,14,2030,1207,189
1506,204447,153,2040,1210,192
1507,204519,15,2042,1211,191
1508,204628,28,2042,1206,194
1509,204701,14,2042,1205,194
1510,204775,15,2058,1217,194
1511,204849,15,2068,1228,189
1512,204921,15,2074,1228,192
1513,204992,14,2078,1226,198
1514,205164,56,2081,1225,200
1515,205322,43,1899,1236,2
1516,205462,36,1901,1225,12
1517,205581,24,1903,1220,18
1518,205762,20,1908,1212,28
1519,205970,156,1921,1213,33
1520,206033,14,1941,1231,36
1521,206103,14,1949,1238,36
1522,206173,14,1955,1238,38
1523,206244,13,1963,1245,44
1524,206314,15,1970,1252,44
1525,206382,14,1974,1251,44
1526,206451,15,1987,1260,46
1527,206527,14,1992,1262,48
1528,206677,49,2004,1274,48
1529,206849,51,2005,1268,55
1530,206990,27,2008,1264,63
1531,207122,25,2022,1265,73
1532,207179,15,2033,1272,73
1533,207246,15,2041,1278,73
1534,207460,15,2066,1295,82
1535,207535,16,2079,1306,82
1536,207603,15,2091,1313,84
1537,207665,15,2099,1319,85
1538,207737,15,2105,1314,97
1539,207808,16,2106,1315,97
1540,207870,15,2116,1322,100
1541,207934,16,2117,1324,98
1542,208012,16,2130,1334,95
1543,208090,15,2142,1343,95
1544,208219,27,2146,1337,99
1545,208355,34,2159,1345,105
1546,208473,32,2162,1345,106
1547,208610,35,2167,1343,111
1548,208820,16,2180,1341,127
1549,208888,16,2190,1351,127
1550,208958,16,2203,1364,125
1551,209036,17,2212,1370,126
1552,209108,16,2224,1377,130
1553,209183,16,2236,1386,133
1554,209248,17,2236,1386,133
1555,209311,17,2234,1387,130
1556,209387,16,2239,1392,130
1557,209457,16,2246,1394,133
1558,209523,16,2251,1399,133
1559,209598,17,2266,1404,133
1560,209664,16,2271,1403,138
1561,209742,17,2275,1402,148
1562,210000,35,2279,1393,164
1563,210349,141,2092,1360,20
1564,210500,37,2102,1328,65
1565,210590,16,2117,1312,101
1566,210665,16,2126,1314,113
1567,210739,16,2136,1297,136
1568,210815,16,2142,1274,168
1569,210897,16,2153,1265,189
1570,210968,16,2171,1279,196
1571,211055,20,2178,1245,242
1572,211137,17,2190,1245,266
1573,211216,17,2197,1229,295
1574,211437,18,2199,1183,352
1575,211510,16,2208,1170,379
1576,211638,33,2222,1131,444
1577,211800,42,2231,1138,444
1578,211937,37,2246,1118,476
1579,212018,17,2249,1100,501
1580,212090,17,2253,1086,522
1581,212171,18,2258,1073,530
1582,212245,17,2264,1068,541
1583,212321,17,2268,1068,545
1584,212394,16,2276,1053,567
1585,212472,18,2288,1057,580
1586,212546,16,2286,1040,606
1587,212756,154,2293,1022,635
1588,212832,18,2302,1024,650
1589,212902,17,2305,1009,673
1590,213032,36,2308,1011,668
1591,213176,44,2310,998,692
1592,213327,37,2315,973,727
1593,213482,35,2318,968,739
1594,213616,28,2325,961,752
1595,213738,33,2341,968,764
1596,213870,32,2353,960,788
1597,214002,34,2358,917,841
1598,214132,36,2357,913,842
1599,214276,27,2366,897,872
1600,214603,229,2362,885,883
1601,214746,39,2366,839,955
1602,214902,44,2375,840,961
1603,214985,18,2378,840,965
1604,215107,37,2391,849,965
1605,215333,17,1452,869,3
1606,215406,11,1455,872,3
1607,215472,11,1470,873,16
1608,215539,11,1484,869,39
1609,215609,13,1503,861,63
1610,215671,11,1511,866,64
1611,215734,11,1535,875,81
1612,215804,13,1552,872,104
1613,216024,162,1563,871,116
1614,216159,25,1565,855,139
1615,216291,32,1583,856,155
1616,216413,29,1596,865,159
1617,216495,13,1620,878,171
1618,216565,12,1623,871,183
1619,216628,11,1625,863,193
1620,216690,12,1640,872,204
1621,216764,13,1646,868,219
1622,216839,12,1659,871,223
1623,216897,13,1673,876,231
1624,216961,13,1674,870,237
1625,217027,13,1685,877,239
1626,217104,13,1692,880,243
1627,217181,13,1705,888,243
1628,217253,13,1723,904,245
1629,217488,38,1736,908,252
1630,217628,30,1745,904,271
1631,217777,31,1752,903,276
1632,217907,30,1759,902,292
1633,217974,14,1773,909,294
1634,218035,13,1780,904,308
1635,218101,14,1785,904,311
1636,218170,14,1798,909,320
1637,218241,14,1808,915,325
1638,218326,14,1814,910,333
1639,218387,13,1829,917,337
1640,218449,14,1841,924,346
1641,218506,13,1857,935,345
1642,218575,14,1862,936,345
1643,218792,159,1867,936,349
1644,218855,14,1873,936,354
1645,218936,32,1880,940,353
1646,219051,29,1883,941,353
1647,219196,28,1889,948,350
1648,219316,25,1893,952,347
1649,219391,13,1902,960,346
1650,219457,14,1917,973,344
1651,219534,14,1916,973,343
1652,219599,13,1915,975,340
1653,219670,15,1932,992,334
1654,219735,15,1938,998,333
1655,219811,14,1950,1010,333
1656,219885,14,1952,1014,331
1657,219957,14,1958,1020,331
1658,220219,31,1969,1031,331
1659,220329,20,1650,1042,2
1660,220469,27,1662,1048,6
1661,220598,33,1674,1060,6
1662,220736,26,1689,1063,13
1663,220825,13,1708,1068,22
1664,220894,13,1712,1065,26
1665,220952,14,1731,1078,35
1666,221024,14,1739,1084,36
1667,221102,13,1749,1085,43
1668,221170,13,1753,1077,58
1669,221231,13,1764,1087,60
1670,221305,13,1772,1084,71
1671,221376,13,1775,1081,78
1672,221583,14,1772,1053,110
1673,221651,14,1773,1054,110
1674,221722,14,1792,1064,119
1675,221818,35,1801,1059,128
1676,221941,33,1805,1055,135
1677,222064,33,1808,1053,139
1678,222197,31,1832,1068,148
1679,222282,14,1844,1080,148
1680,222351,14,1853,1073,158
1681,222427,14,1859,1076,158
1682,222487,14,1862,1069,170
1683,222564,15,1875,1082,169
1684,222627,15,1877,1080,173
1685,222692,14,1901,1098,178
1686,222909,161,1910,1098,189
1687,222991,18,1914,1101,192
1688,223074,18,1922,1092,210
1689,223147,15,1924,1092,210
1690,223218,15,1933,1099,212
1691,223347,33,1938,1102,218
1692,223478,38,1953,1116,218
1693,223614,34,1957,1113,226
1694,223713,15,1961,1110,236
1695,223789,14,1963,1104,253
1696,223861,14,1973,1108,260
1697,223920,16,1981,1113,260
1698,223985,15,1991,1115,269
1699,224061,16,1995,1104,279
1700,224126,15,1995,1104,278
1701,224335,15,2006,1088,312
1702,224404,15,2015,1095,312
1703,224474,16,2028,1108,312
1704,224548,15,2038,1113,316
1705,224617,16,2045,1115,316
1706,224680,16,2057,1126,316
1707,224820,31,2063,1129,315
1708,224955,36,2074,1132,324
1709,225125,48,2088,1143,320
1710,225290,20,1773,1143,7
1711,225356,13,1788,1157,7
1712,225410,13,1794,1160,7
1713,225477,14,1805,1167,9
1714,225699,14,1824,1164,39
1715,225768,14,1836,1171,37
1716,225855,15,1841,1168,45
1717,225936,16,1854,1180,47
1718,226014,15,1871,1197,47
1719,226095,15,1882,1202,49
1720,226164,15,1885,1203,52
1721,226295,33,1894,1210,55
1722,226445,39,1903,1214,59
1723,226576,33,1903,1210,62
1724,226700,20,1911,1205,71
1725,226775,16,1921,1197,89
1726,226844,14,1927,1191,99
1727,226913,14,1931,1190,103
1728,226977,15,1941,1197,103
1729,227189,15,1947,1179,134
1730,227253,14,1957,1187,137
1731,227310,16,1972,1195,140
1732,227370,14,1978,1199,140
1733,227448,15,1985,1205,140
1734,227519,14,1988,1208,140
1735,227593,14,1996,1207,144
1736,227663,15,1999,1209,144
1737,227782,32,2000,1204,146
1738,227920,34,2001,1201,153
1739,228058,33,2011,1203,159
1740,228183,34,2015,1200,165
1741,228246,15,2019,1193,174
1742,228306,17,2025,1199,174
1743,230053,65,2024,1079,317
1744,230406,94,1708,1077,0
1745,230534,27,1715,1078,3
1746,230661,29,1721,1076,12
1747,230781,32,1726,1079,14
1748,230945,41,1730,1079,14
1749,231065,14,1738,1080,25
1750,231131,12,1741,1073,41
1751,231199,14,1743,1070,43
1752,231308,32,1756,1078,47
1753,231456,31,1768,1078,53
1754,231593,29,1775,1083,54
1755,231667,14,1782,1088,54
1756,231820,13,1795,1096,58
1757,231882,14,1807,1106,58
1758,231953,14,1819,1113,59
1759,232026,15,1827,1113,64
1760,232105,17,1846,1130,63
1761,232203,18,1851,1128,77
1762,232279,14,1859,1124,87
1763,232357,13,1862,1125,87
1764,232421,14,1869,1126,88
1765,232482,14,1871,1127,91
1766,232556,13,1878,1125,98
1767,232657,30,1889,1113,115
1768,232790,34,1894,1111,127
1769,232917,32,1897,1109,136
1770,233036,33,1905,1117,136
1771,233245,15,1915,1112,148
1772,233314,14,1918,1110,150
1773,233395,14,1920,1111,152
1774,233475,15,1923,1101,161
1775,233536,16,1933,1105,165
1776,233601,14,1934,1105,166
1777,233670,14,1938,1111,164
1778,233748,15,1944,1111,167
1779,233823,14,1949,1103,165
1780,233890,14,1961,1109,173
1781,233961,14,1978,1116,175
1782,234029,14,1986,1124,177
1783,234097,14,1992,1126,179
1784,234167,16,1999,1130,180
1785,234263,35,1999,1117,189
1786,234524,34,2004,1112,195
1787,234652,33,2023,1127,199
1788,234779,35,2030,1130,205
1789,234884,20,2032,1130,205
1790,234954,15,2055,1151,209
1791,235012,15,2057,1144,219
1792,235162,19,1847,1145,8
1793,235227,14,1869,1165,8
1794,235297,13,1870,1166,8
1795,235359,14,1876,1169,9
1796,235419,14,1884,1172,14
1797,235484,14,1888,1174,14
1798,235559,14,1896,1177,23
1799,235778,158,1904,1182,23
1800,235848,15,1912,1187,24
1801,235991,35,1918,1193,24
1802,236116,25,1924,1192,34
1803,236254,32,1937,1187,58
1804,236340,14,1946,1187,75
1805,236398,14,1957,1193,81
1806,236478,15,1960,1193,82
1807,236541,13,1966,1195,82
1808,236605,14,1972,1195,95
1809,236677,15,1976,1199,95
1810,236740,15,1978,1200,95
1811,236814,16,1985,1205,96
1812,236887,16,1991,1205,104
1813,236964,15,2004,1210,110
1814,237189,18,2006,1205,121
1815,237255,15,2010,1202,125
1816,237361,36,2010,1204,123
1817,237501,32,2030,1220,126
1818,237633,35,2043,1227,129
1819,237757,36,2052,1222,149
1820,237856,16,2060,1223,150
1821,237929,16,2069,1224,156
1822,238002,16,2072,1220,164
1823,238076,16,2094,1231,169
1824,238144,15,2100,1229,173
1825,238227,16,2105,1232,173
1826,238297,17,2122,1241,174
1827,238364,17,2135,1251,177
1828,238570,160,2135,1248,181
1829,238634,16,2138,1250,183
1830,238709,17,2146,1257,184
1831,238791,17,2149,1259,185
1832,238936,53,2150,1254,199
1833,239138,40,2153,1244,216
1834,239278,39,2182,1270,217
1835,239399,36,2185,1262,229
1836,239470,17,2193,1269,230
1837,239547,16,2190,1266,231
1838,239620,17,2198,1265,241
1839,239697,16,2204,1264,250
1840,239763,18,2215,1275,250
1841,239834,17,2213,1273,250
1842,240072,172,2214,1267,257
1843,240337,49,1960,1233,36
1844,240455,40,1983,1235,59
1845,240599,34,1994,1199,115
1846,240741,35,2012,1169,172
1847,240874,17,2020,1155,203
1848,240953,15,2027,1132,249
1849,241028,16,2046,1133,274
1850,241101,17,2063,1134,292
1851,241180,16,2075,1119,320
1852,241264,16,2081,1111,342
1853,241337,15,2088,1118,341
1854,241545,157,2103,1125,345
1855,241608,16,2104,1093,382
1856,241692,16,2113,1072,409
1857,241775,16,2126,1076,423
1858,241861,25,2135,1083,423
1859,242010,33,2140,1068,455
1860,242162,37,2146,1050,481
1861,242263,16,2161,1033,514
1862,242349,16,2167,1026,533
1863,242433,17,2178,1007,564
1864,242514,16,2181,997,576
1865,242598,15,2187,1000,579
1866,242672,15,2210,1022,580
1867,242747,16,2227,1037,580
1868,242957,158,2233,1007,634
1869,243034,17,2241,995,658
1870,243110,16,2253,1006,657
1871,243193,17,2261,998,677
1872,243329,40,2270,998,681
1873,243467,48,2279,981,711
1874,243609,37,2288,963,742
1875,243717,17,2302,972,749
1876,243800,17,2320,972,771
1877,243875,18,2327,976,771
1878,243950,18,2339,986,770
1879,244028,17,2349,996,770
1880,244100,18,2354,998,773
1881,244175,18,2359,996,782
1882,244387,18,2377,970,838
1883,244463,17,2383,976,838
1884,244542,17,2394,985,838
1885,244621,17,2404,993,837
1886,244738,36,2414,999,842
1887,244880,35,2423,997,849
1888,245013,40,2427,1000,851
1889,245186,40,2441,999,867
1890,245898,73,1615,939,97
1891,246110,13,1623,921,120
1892,246248,30,1626,905,129
1893,246358,12,1639,903,140
1894,246435,12,1648,911,138
1895,246504,12,1659,912,145
1896,246580,12,1667,912,149
1897,246643,12,1672,918,146
1898,246713,13,1680,920,158
1899,246779,13,1695,918,180
1900,246843,13,1709,906,201
1901,246928,13,1717,897,223
1902,247000,13,1720,897,227
1903,247059,13,1723,892,242
1904,247133,12,1728,885,247
1905,247209,13,1735,881,256
1906,247427,159,1750,890,258
1907,247557,30,1762,900,258
1908,247682,29,1766,900,271
1909,247831,31,1777,883,298
1910,247906,13,1788,889,301
1911,247990,15,1793,885,317
1912,248090,19,1799,886,320
1913,248188,22,1810,888,327
1914,248337,15,1816,878,344
1915,248417,13,1826,883,355
1916,248486,15,1843,896,355
1917,248566,15,1848,900,353
1918,248652,14,1851,899,358
1919,248734,15,1872,919,357
1920,248816,15,1880,920,360
1921,249137,34,1890,924,374
1922,249283,41,1906,928,387
1923,249428,37,1918,932,396
1924,249554,27,1930,934,402
1925,249632,24,1947,936,412
1926,249708,18,1948,935,412
1927,249797,18,1953,925,428
1928,249871,17,1958,916,445
1929,249953,17,1966,920,450
1930,250063,40,1970,923,447
1931,250273,55,1525,922,4
1932,250391,19,1530,920,10
1933,250472,15,1538,925,13
1934,250730,196,1555,924,37
1935,250873,22,1561,915,58
1936,251034,37,1569,905,80
1937,251227,29,1582,907,97
1938,251315,13,1584,897,111
1939,251428,37,1596,904,118
1940,251530,14,1597,906,117
1941,251620,13,1601,906,121
1942,251704,13,1607,899,134
1943,251802,17,1611,898,143
1944,251897,19,1622,907,143
1945,251998,15,1626,909,148
1946,252078,13,1646,926,153
1947,252175,17,1656,929,158
1948,252295,37,1659,934,156
1949,252603,31,1677,912,206
1950,252744,27,1682,906,217
1951,252880,24,1685,911,214
1952,252958,13,1686,910,216
1953,253025,15,1709,910,234
1954,253096,13,1712,900,250
1955,253181,16,1725,905,256
1956,253269,17,1731,904,268
1957,253356,15,1734,910,262
1958,253432,21,1757,924,270
1959,253528,14,1788,951,267
1960,253581,13,1815,970,278
1961,253649,13,1817,968,280
1962,253719,13,1820,974,277
1963,253789,13,1825,971,294
1964,253870,14,1835,967,309
1965,254190,36,1843,956,324
1966,254318,30,1848,960,324
1967,254468,35,1855,954,338
1968,254639,30,1857,931,371
1969,254705,14,1859,925,379
1970,254771,14,1860,921,381
1971,254839,15,1863,924,381
1972,254917,14,1866,921,388
1973,254993,14,1875,928,388
1974,255116,29,1881,931,394
1975,255247,16,1499,931,10
1976,255318,11,1501,921,23
1977,255387,11,1522,931,28
1978,255608,162,1530,933,34
1979,255737,26,1541,936,40
1980,255852,21,1574,961,52
1981,255982,21,1581,958,55
1982,256089,13,1589,955,72
1983,256156,13,1599,953,88
1984,256228,13,1605,956,90
1985,256308,13,1612,963,88
1986,256372,12,1622,961,102
1987,256446,12,1633,969,99
1988,256513,13,1659,989,101
1989,256647,23,1668,993,110
1990,256739,12,1674,992,113
1991,256811,13,1685,990,125
1992,256879,13,1694,988,130
1993,256954,13,1698,984,139
1994,257244,29,1717,995,147
1995,257372,33,1723,989,160
1996,257501,33,1734,991,172
1997,257618,13,1747,996,186
1998,257754,13,1752,999,192
1999,257815,13,1764,1008,192
2000,257896,13,1762,1008,189
2001,257970,14,1779,1021,194
2002,258039,13,1787,1025,199
2003,258109,14,1797,1034,199
2004,258183,14,1812,1046,202
2005,258255,14,1830,1060,207
2006,258335,14,1842,1070,207
2007,258410,14,1849,1076,206
2008,258489,13,1853,1080,206
2009,258775,30,1865,1089,205
2010,258907,30,1870,1094,205
2011,259031,28,1884,1103,202
2012,259170,20,1895,1111,202
2013,259238,13,1900,1115,202
2014,259296,13,1910,1125,202
2015,259367,14,1923,1132,202
2016,259437,13,1932,1144,199
2017,259500,14,1942,1153,199
2018,259573,14,1948,1159,199
2019,259636,14,1954,1165,198
2020,259699,14,1965,1176,198
2021,259768,14,1980,1190,198
2022,259844,14,1987,1197,198
2023,260067,178,1998,1201,200
2024,260385,182,1798,1201,0
2025,260565,45,1809,1194,9
2026,260743,47,1828,1201,12
2027,260885,28,1841,1207,23
2028,260992,28,1842,1204,24
2029,261104,29,1863,1220,25
2030,261234,28,1876,1218,36
2031,261345,26,1894,1231,39
2032,261460,25,1901,1229,44
2033,261581,25,1909,1223,58
2034,261653,15,1920,1224,67
2035,261737,14,1936,1233,70
2036,261817,14,1944,1240,67
2037,262111,33,1950,1233,77
2038,262275,37,1952,1212,91
2039,262387,20,1958,1202,113
2040,262458,15,1970,1213,115
2041,262533,15,1987,1211,128
2042,262608,15,1995,1204,138
2043,262686,16,1999,1206,138
2044,262824,30,2007,1208,145
2045,262889,15,2018,1215,150
2046,262960,16,2023,1218,155
2047,263035,14,2033,1226,157
2048,263102,14,2038,1228,154
2049,263182,16,2048,1238,153
2050,263251,15,2055,1246,150
2051,263556,50,2068,1227,167
2052,263751,56,2068,1213,181
2053,263905,36,2069,1206,196
2054,264056,39,2071,1200,204
2055,264165,14,2083,1208,207
2056,264231,16,2092,1215,214
2057,264300,16,2100,1221,217
2058,264363,15,2103,1224,217
2059,264441,16,2102,1224,216
2060,264510,17,2103,1225,216
2061,264579,16,2112,1228,216
2062,264650,16,2124,1238,218
2063,264726,16,2122,1238,217
2064,264834,16,2126,1239,217
2065,265065,181,2130,1234,226
2066,265340,111,1913,1224,22
2067,265488,33,1917,1220,31
2068,265636,41,1934,1219,52
2069,265748,16,1943,1228,52
2070,265895,20,1950,1226,58
2071,265977,14,1960,1232,62
2072,266054,19,1963,1233,68
2073,266120,15,1967,1235,70
2074,266183,15,1993,1255,73
2075,266258,15,1997,1258,73
2076,266330,15,2011,1270,75
2077,266408,16,2021,1275,79
2078,266621,162,2025,1266,88
2079,266699,16,2028,1255,98
2080,266839,35,2045,1267,102
2081,267004,37,2056,1261,110
2082,267133,37,2060,1264,110
2083,267219,15,2066,1266,114
2084,267302,16,2077,1274,112
2085,267370,15,2091,1285,112
2086,267427,15,2091,1283,114
2087,267485,16,2092,1282,116
2088,267561,15,2097,1281,119
2089,267632,15,2106,1288,119
2090,267697,15,2108,1290,119
2091,267767,16,2113,1295,119
2092,267832,15,2115,1298,121
2093,269673,57,2120,1225,205
2094,269868,58,2122,1219,209
2095,270070,66,2126,1216,219
2096,270331,44,1905,1185,51
2097,270462,27,1918,1159,98
2098,270583,24,1924,1136,137
2099,270741,28,1935,1121,166
2100,270821,15,1939,1106,192
2101,270896,16,1952,1116,195
2102,270987,15,1964,1099,224
2103,271071,15,1976,1098,238
2104,271153,14,1978,1085,250
2105,271272,33,1995,1087,269
2106,271506,32,2002,1072,296
2107,271644,32,2035,1086,321
2108,271738,14,2051,1079,354
2109,271812,15,2056,1073,365
2110,271887,15,2062,1063,385
2111,272018,15,2074,1043,406
2112,272094,18,2089,1046,420
2113,272176,16,2093,1046,425
2114,272256,16,2100,1051,428
2115,272332,16,2105,1027,468
2116,272411,16,2110,1021,481
2117,272500,16,2114,1010,500
2118,272584,17,2118,1006,513
2119,272661,16,2123,1001,522
2120,272903,34,2135,1002,534
2121,273081,36,2139,967,584
2122,273227,38,2147,946,620
2123,273330,16,2152,947,629
2124,273403,17,2163,952,630
2125,273478,16,2171,960,629
2126,273553,16,2188,971,636
2127,273627,16,2195,971,637
2128,273697,17,2201,972,645
2129,273771,17,2213,959,670
2130,273851,17,2226,960,677
2131,273925,17,2229,953,684
2132,274002,18,2231,936,715
2133,274086,16,2248,947,714
2134,274322,38,2250,940,720
2135,274457,41,2261,938,737
2136,274601,37,2260,934,744
2137,274852,38,2262,912,780
2138,274996,36,2266,905,793
2139,275185,53,2267,901,796
2140,276013,132,1486,893,28
2141,276127,12,1511,872,64
2142,276192,11,1532,870,86
2143,276275,15,1546,882,88
2144,276342,13,1564,885,97
2145,276546,12,1569,849,147
2146,276628,15,1589,864,149
2147,276702,14,1595,858,167
2148,276784,12,1601,842,189
2149,276846,13,1616,850,196
2150,276916,12,1618,841,210
2151,276999,12,1627,831,231
2152,277079,13,1646,843,236
2153,277210,28,1651,834,248
2154,277344,31,1656,835,255
2155,277469,28,1664,841,259
2156,277559,12,1669,841,261
2157,277633,13,1682,845,264
2158,277714,13,1683,845,263
2159,277787,13,1689,838,277
2160,277997,14,1695,804,326
2161,278069,13,1703,804,339
2162,278132,14,1708,809,339
2163,278201,14,1717,814,341
2164,278277,13,1717,806,357
2165,278355,14,1728,815,359
2166,278428,13,1730,815,366
2167,278514,26,1733,811,368
2168,278666,35,1743,795,397
2169,278807,31,1749,782,420
2170,278951,31,1751,788,417
2171,279028,15,1759,800,413
2172,279091,14,1770,809,409
2173,279158,16,1776,814,409
2174,279225,14,1781,810,420
2175,279430,155,1786,801,446
2176,279508,14,1786,801,446
2177,279581,13,1791,799,453
2178,279657,14,1801,804,457
2179,279726,14,1805,802,464
2180,279799,14,1807,798,471
2181,279866,14,1811,801,471
2182,279941,14,1821,808,479
2183,280073,53,1835,817,478
2184,280450,115,1371,807,18
2185,280527,11,1381,804,23
2186,280607,11,1395,812,23
2187,280686,11,1402,819,23
2188,280761,12,1415,832,21
2189,280995,11,1442,847,25
2190,281064,11,1453,855,32
2191,281123,11,1462,864,32
2192,281197,11,1464,864,37
2193,281256,12,1485,880,39
2194,281319,11,1489,865,56
2195,281392,11,1492,848,80
2196,281453,11,1510,862,80
2197,281568,30,1521,870,85
2198,281692,29,1538,872,97
2199,281821,24,1549,863,118
2200,281922,13,1554,850,135
2201,281998,15,1559,846,146
2202,282083,14,1574,849,158
2203,282161,16,1578,850,160
2204,282244,16,1582,850,160
2205,282477,12,1591,855,167
2206,282551,13,1600,863,165
2207,282617,12,1603,866,165
2208,282684,16,1607,867,168
2209,282758,13,1626,882,170
2210,282838,12,1637,876,190
2211,282952,28,1658,891,201
2212,283101,34,1673,894,206
2213,283246,22,1679,886,221
2214,283372,12,1681,885,220
2215,283437,12,1685,886,227
2216,283513,14,1690,891,227
2217,283584,15,1698,899,227
2218,283662,14,1710,896,234
2219,283734,14,1710,891,244
2220,283967,13,1725,893,259
2221,284051,13,1726,897,255
2222,284131,14,1731,898,257
2223,284207,15,1740,904,261
2224,284296,15,1745,906,264
2225,284430,33,1750,902,277
2226,284570,27,1768,918,277
2227,284745,35,1771,915,284
2228,284866,14,1785,913,293
2229,284943,17,1793,912,301
2230,285008,15,1796,907,308
2231,285169,19,1508,920,4
2232,285233,12,1521,929,10
2233,285308,15,1526,929,14
2234,285577,13,1533,921,28
2235,285654,15,1544,927,33
2236,285734,13,1561,928,40
2237,285822,13,1588,942,41
2238,285938,35,1600,949,46
2239,286082,29,1611,951,54
2240,286210,28,1618,948,67
2241,286307,14,1621,945,70
2242,286370,13,1628,946,77
2243,286445,13,1635,940,90
2244,286525,16,1642,945,90
2245,286614,16,1649,944,93
2246,286684,14,1660,953,93
2247,286754,14,1666,951,93
2248,286830,12,1676,953,100
2249,287115,219,1687,955,104
2250,287211,16,1692,954,107
2251,287300,34,1710,970,107
2252,287436,33,1713,968,111
2253,287577,28,1724,952,137
2254,287732,28,1722,941,153
2255,287818,15,1722,942,155
2256,287890,15,1738,950,155
2257,287974,16,1747,949,165
2258,288069,14,1761,953,180
2259,288147,14,1768,957,182
2260,288235,17,1773,958,184
2261,288321,19,1777,955,187
2262,288400,15,1781,954,188
2263,288500,18,1785,954,192
2264,288801,221,1796,958,198
2265,288966,38,1797,938,229
2266,289133,36,1796,931,236
2267,289315,16,1796,920,251
2268,289389,17,1798,920,256
2269,289487,23,1813,930,259
2270,289574,21,1829,939,263
2271,289670,16,1833,938,268
2272,289753,15,1843,943,276
2273,289841,16,1849,939,284
2274,289915,17,1857,943,281
2275,290010,17,1863,948,279
2276,290221,55,1595,952,9
2277,290322,29,1598,955,9
2278,290648,28,1606,955,15
2279,290798,37,1606,951,24
2280,290932,29,1626,966,28
2281,291010,13,1633,971,28
2282,291077,15,1637,970,32
2283,291180,15,1647,969,42
2284,291252,12,1651,971,42
2285,291320,13,1654,974,42
2286,291395,12,1670,983,48
2287,291462,14,1682,992,52
2288,291525,15,1706,1014,50
2289,291595,13,1704,1010,48
2290,291659,13,1716,1018,55
2291,291731,13,1720,1017,57
2292,291809,14,1727,1020,60
2293,292081,216,1735,1023,63
2294,292226,31,1739,1014,72
2295,292373,32,1747,1016,80
2296,292528,35,1758,1018,87
2297,292624,15,1763,1015,92
2298,292710,13,1765,1013,95
2299,292789,14,1775,1020,95
2300,292870,15,1777,1019,97
2301,292962,16,1783,1024,100
2302,293043,15,1790,1022,112
2303,293111,14,1798,1026,117
2304,293194,17,1804,1025,116
2305,293290,16,1810,1021,116
2306,293367,15,1827,1038,116
2307,293453,17,1848,1057,108
2308,293738,215,1854,1060,110
2309,293888,37,1874,1067,121
2310,294056,34,1877,1061,131
2311,294213,38,1889,1066,142
2312,294358,17,1894,1066,150
2313,294436,17,1897,1063,161
2314,294513,15,1899,1063,162
2315,294593,17,1914,1075,168
2316,294687,18,1920,1070,182
2317,294781,15,1921,1071,178
2318,294863,15,1933,1080,176
2319,294948,16,1946,1092,176
2320,295034,23,1946,1092,176
2321,295395,250,1772,1094,0
2322,295548,32,1785,1099,6
2323,295697,35,1786,1099,6
2324,295839,32,1802,1105,18
2325,295932,14,1804,1102,26
2326,295999,14,1806,1094,34
2327,296079,14,1812,1088,48
2328,296163,18,1843,1116,49
2329,296243,15,1854,1118,57
2330,296325,14,1865,1125,53
2331,296394,14,1871,1126,55
2332,296469,15,1885,1138,55
2333,296559,15,1890,1143,54
2334,296639,16,1913,1166,54
2335,296712,15,1925,1172,56
2336,296967,34,1928,1171,63
2337,297126,37,1929,1169,66
2338,297290,37,1947,1178,70
2339,297438,23,1947,1172,76
2340,297517,15,1949,1172,77
2341,297591,15,1959,1181,74
2342,297661,16,1965,1184,79
2343,297733,17,1981,1192,92
2344,297798,15,1991,1195,95
2345,297870,15,2005,1206,95
2346,297942,15,2007,1208,95
2347,298020,14,2012,1212,95
2348,298098,15,2034,1234,95
2349,298174,15,2036,1235,95
2350,298384,164,2041,1240,95
2351,298493,34,2042,1241,95
2352,298637,39,2055,1254,95
2353,298799,40,2065,1260,95
2354,298951,40,2067,1262,95
2355,299034,17,2070,1265,95
2356,299093,16,2074,1269,94
2357,299159,16,2087,1282,94
2358,299222,16,2101,1294,94
2359,299303,21,2106,1299,94
2360,299388,18,2119,1312,92
2361,299468,19,2124,1315,92
2362,299547,17,2140,1329,94
2363,299634,19,2146,1331,99
2364,299716,21,2159,1339,101
2365,300080,75,2164,1332,114
