tick,timestamp,query_runtime,trav_index_nodes,trav_vol_nodes,trav_unprod_nodes
0,1033,18,8,8,0
1,1470,2,12,12,0
2,1852,4,18,18,0
3,2154,5,20,20,0
4,2442,4,28,28,0
5,2715,10,38,38,0
6,3044,3,62,62,0
7,3281,8,67,67,0
8,3517,6,67,67,0
9,3714,4,75,75,0
10,3946,2,84,84,0
11,6323,12,89,89,0
12,6536,2,92,92,0
13,6754,2,100,100,0
14,6920,3,101,101,0
15,7096,2,102,102,0
16,7447,9,105,105,0
17,7727,12,109,109,0
18,7933,3,113,113,0
19,8162,2,113,113,0
20,8359,2,114,114,0
21,8584,2,124,124,0
22,8877,2,139,139,0
23,9061,7,141,141,0
24,9226,3,159,159,0
25,9439,2,162,162,0
26,9653,3,164,164,0
27,9845,6,167,167,0
28,10157,2,171,171,0
29,10350,5,173,173,0
30,10540,12,175,175,0
31,10740,3,185,185,0
32,10909,5,193,193,0
33,11073,8,202,202,0
34,11371,10,209,209,0
35,11558,6,210,210,0
36,11741,9,216,216,0
37,11929,5,216,216,0
38,12243,12,224,224,0
39,12574,12,227,227,0
40,12964,15,228,228,0
41,13358,27,230,230,0
42,13663,13,231,231,0
43,14035,29,232,232,0
44,14299,14,236,236,0
45,14601,12,238,238,0
46,14893,20,247,247,0
47,15279,26,249,249,0
48,15555,14,251,251,0
49,15806,13,253,253,0
50,16368,27,260,260,0
51,16718,26,260,260,0
52,18198,13,261,261,0
53,18360,10,264,264,0
54,18537,6,269,269,0
55,18709,5,269,269,0
56,18893,6,270,270,0
57,19066,15,271,271,0
58,19336,7,274,274,0
59,19540,8,283,283,0
60,19704,11,291,291,0
61,19871,8,302,302,0
62,20059,5,305,305,0
63,20243,8,306,306,0
64,20410,4,315,315,0
65,20655,17,326,326,0
66,20867,7,327,327,0
67,21013,4,330,330,0
68,21131,4,331,331,0
69,21269,8,332,332,0
70,21414,5,333,333,0
71,21589,3,338,338,0
72,21771,26,344,344,0
73,22014,17,346,346,0
74,22178,8,356,356,0
75,22334,16,371,371,0
76,22483,6,380,380,0
77,22654,11,383,383,0
78,22817,11,384,384,0
79,22989,8,399,399,0
80,23230,19,401,401,0
81,23426,5,402,402,0
82,23598,9,403,403,0
83,23754,13,404,404,0
84,23907,5,405,405,0
85,24072,12,409,409,0
86,24222,6,412,412,0
87,24447,23,420,420,0
88,24702,8,427,427,0
89,24900,11,433,433,0
90,25096,6,440,440,0
91,25262,8,444,444,0
92,25420,8,452,452,0
93,26023,440,454,454,0
94,26254,14,457,457,0
95,26409,10,458,458,0
96,26558,11,461,461,0
97,26700,11,462,462,0
98,26857,10,465,465,0
99,27028,15,466,466,0
100,27197,8,467,467,0
101,27446,18,477,477,0
102,27653,9,478,478,0
103,27787,10,483,483,0
104,27942,13,484,484,0
105,28072,7,487,487,0
106,28199,12,490,490,0
107,28333,13,500,500,0
108,28493,11,502,502,0
109,28671,14,503,503,0
110,28882,9,506,506,0
111,29042,13,512,512,0
112,29194,9,525,525,0
113,29334,13,525,525,0
114,29472,7,534,534,0
115,29619,10,539,539,0
116,29773,12,543,543,0
117,29938,13,546,546,0
118,30330,41,548,534,6
119,30680,11,559,535,11
120,30820,19,566,541,11
121,30961,13,568,524,21
122,31128,11,573,521,23
123,31298,13,577,508,31
124,31436,10,583,505,33
125,31599,26,601,513,37
126,31793,19,602,509,40
127,31968,13,606,491,53
128,32082,12,618,488,67
129,32238,11,615,472,76
130,32385,12,617,468,81
131,32533,6,628,475,80
132,32694,16,631,462,88
133,32848,13,638,460,95
134,33080,19,649,462,98
135,33583,12,649,443,112
136,33723,15,666,460,112
137,33863,18,679,462,121
138,33973,10,683,454,131
139,34106,15,693,463,128
140,34235,15,700,465,133
141,34382,12,703,466,133
142,34536,13,705,471,130
143,34768,26,706,472,130
144,34941,14,710,476,130
145,35092,24,719,485,130
146,35280,23,597,493,0
147,35428,19,604,500,0
148,35554,13,605,501,0
149,35716,16,611,506,0
150,35877,26,635,530,0
151,36123,25,638,533,0
152,36296,9,644,539,0
153,36436,12,645,529,8
154,36562,14,659,539,12
155,36726,12,662,538,17
156,36914,19,671,532,31
157,37136,23,674,531,35
158,37412,30,682,525,48
159,37661,26,688,520,60
160,37857,28,688,512,67
161,38064,25,694,504,82
162,38265,23,701,500,92
163,38500,24,702,493,93
164,38770,39,706,492,98
165,39012,21,711,486,108
166,39229,21,711,484,111
167,39480,25,712,479,117
168,39729,31,712,465,127
169,40008,31,723,468,129
170,40350,36,603,469,6
171,40596,27,606,467,8
172,40729,17,608,461,16
173,40887,17,611,461,19
174,41606,575,615,454,28
175,41842,28,616,450,34
176,41988,14,617,441,41
177,42134,13,617,436,44
178,42302,10,620,438,45
179,42452,16,627,440,54
180,42603,12,629,442,54
181,42747,12,634,446,54
182,42919,23,639,450,54
183,43160,27,654,466,52
184,43312,14,656,465,59
185,43474,15,656,464,59
186,43634,18,671,476,59
187,43779,13,672,478,57
188,43916,13,673,479,57
189,44092,9,675,478,61
190,44305,21,679,480,63
191,44505,13,681,482,63
192,44604,14,681,480,65
193,44741,11,687,482,71
194,44857,17,684,483,67
195,45001,13,701,494,70
196,45194,46,636,497,3
197,45320,10,651,511,3
198,45445,13,659,517,3
199,45633,25,659,517,3
200,45799,12,659,515,6
201,45921,16,663,512,6
202,46046,11,667,516,6
203,46168,14,675,523,6
204,46312,17,676,524,6
205,46443,14,682,526,6
206,46559,18,689,533,6
207,46680,15,697,536,10
208,46838,18,699,535,13
209,47072,21,708,544,13
210,47205,17,708,544,13
211,47339,11,725,561,12
212,47476,14,725,561,12
213,47605,15,729,565,12
214,47747,14,729,565,12
215,47887,17,730,566,12
216,48502,28,730,562,18
217,48664,10,734,560,24
218,48778,17,736,556,28
219,48910,15,737,555,30
220,49059,14,742,558,32
221,49188,15,742,558,32
222,49308,13,749,563,34
223,49458,18,762,575,35
224,49607,19,768,577,39
225,49802,14,770,573,45
226,49980,16,776,572,53
227,50184,48,726,567,5
228,50323,18,728,546,30
229,50464,12,730,536,39
230,50595,10,740,536,49
231,50718,14,741,521,65
232,50858,15,746,511,79
233,51023,26,747,510,79
234,51239,22,756,484,123
235,51375,22,763,486,128
236,51521,14,766,488,128
237,51672,14,777,484,146
238,51801,15,787,477,162
239,51942,14,795,478,169
240,52111,12,800,472,180
241,52282,25,806,462,198
242,52483,19,812,457,205
243,52642,16,831,472,214
244,52793,16,832,468,219
245,52941,19,832,448,240
246,53107,23,834,443,246
247,53248,19,833,441,244
248,53489,104,834,425,263
249,53703,26,834,406,282
250,53911,16,841,406,289
251,54056,22,844,402,300
252,54197,16,854,406,308
253,54350,18,853,388,320
254,54500,16,855,389,321
255,55569,68,511,344,26
256,55711,11,524,357,26
257,55865,8,525,358,26
258,56002,8,531,364,26
259,56134,15,533,364,29
260,56295,22,538,360,42
261,56491,9,537,355,46
262,56639,10,543,353,54
263,56781,9,551,353,62
264,56917,13,553,347,72
265,57045,11,569,360,72
266,57193,10,574,357,85
267,57329,9,578,348,98
268,57495,23,579,344,103
269,57697,20,583,340,109
270,57857,16,601,349,118
271,57976,11,603,348,122
272,58141,23,605,346,126
273,58297,18,613,350,131
274,58430,13,619,351,132
275,58569,12,617,351,130
276,58707,12,635,367,131
277,58879,21,638,368,131
278,59088,24,651,373,140
279,59228,10,668,386,142
280,59340,10,668,385,143
281,59489,11,671,367,164
282,59618,14,680,359,181
283,59767,11,692,368,180
284,59896,15,695,366,185
285,60061,27,697,362,194
286,60408,91,511,369,0
287,60634,14,526,380,2
288,60767,15,530,383,3
289,60895,14,533,385,4
290,61027,8,537,381,12
291,61153,15,543,386,14
292,61294,12,549,382,26
293,61443,10,551,381,30
294,62072,18,564,386,39
295,62240,5,569,383,43
296,62370,10,569,379,47
297,62493,11,570,383,46
298,62602,8,579,394,44
299,62712,10,582,396,44
300,62851,9,582,391,58
301,62974,12,584,391,59
302,63093,12,590,391,66
303,63249,28,594,396,65
304,63438,26,597,399,66
305,63599,9,602,403,66
306,63698,10,604,400,75
307,63817,12,607,400,77
308,63944,12,607,400,77
309,64054,12,610,394,86
310,64170,9,611,391,90
311,64298,10,613,390,93
312,64426,10,618,395,93
313,64544,13,621,393,97
314,64695,23,630,394,107
315,64894,22,639,387,122
316,65058,10,641,387,124
317,65229,17,537,396,11
318,65350,8,543,400,13
319,65458,9,549,404,15
320,65580,9,560,411,21
321,65689,9,561,409,27
322,65806,11,576,415,34
323,65944,12,583,420,37
324,66122,18,589,425,35
325,66401,26,594,417,49
326,66528,12,594,417,49
327,66663,11,598,420,51
328,66776,10,600,422,51
329,66892,9,617,441,49
330,67026,15,626,449,50
331,67167,12,627,452,48
332,67303,13,627,451,48
333,67480,26,631,450,53
334,67635,16,636,452,55
335,67822,22,644,460,55
336,68624,637,655,465,64
337,68746,15,663,465,72
338,68868,15,663,464,73
339,68998,19,676,477,72
340,69204,27,679,480,72
341,69344,20,690,487,76
342,69468,15,689,482,77
343,69603,12,690,483,77
344,69754,9,699,491,80
345,69904,15,700,487,84
346,70034,20,702,488,84
347,70182,19,628,497,0
348,70336,12,641,508,0
349,70605,50,645,498,11
350,70754,15,653,504,14
351,70898,14,656,505,14
352,71041,17,661,505,19
353,71164,14,661,505,19
354,71291,15,672,516,19
355,71407,12,675,519,19
356,71530,10,678,525,16
357,71688,40,678,523,18
358,71888,26,683,525,21
359,72046,11,684,521,25
360,72140,9,685,522,24
361,72223,8,689,529,22
362,72333,7,690,529,23
363,72410,6,697,533,25
364,72482,10,704,539,25
365,72552,7,704,538,25
366,72649,14,707,541,25
367,72918,21,709,531,34
368,73053,18,725,547,34
369,73250,24,730,549,37
370,73444,22,732,546,42
371,73575,14,735,541,51
372,73697,12,735,541,52
373,73809,9,739,541,54
374,74009,15,736,536,53
375,74322,11,752,546,57
376,74438,15,752,546,57
377,75138,28,757,537,67
378,75337,24,705,543,6
379,75440,16,713,546,11
380,75541,14,716,548,11
381,75664,17,726,556,14
382,75785,15,729,556,17
383,75902,18,731,555,20
384,76018,14,737,557,24
385,76155,19,740,554,24
386,76295,23,748,560,26
387,76491,31,772,581,29
388,76674,16,776,584,30
389,76803,14,778,581,34
390,76924,20,790,591,36
391,77108,15,794,593,36
392,77241,20,804,601,37
393,77377,13,807,602,39
394,77516,12,810,599,46
395,77678,26,815,596,53
396,77876,19,815,591,57
397,78112,51,816,592,57
398,78300,13,824,601,55
399,78424,18,830,607,55
400,78558,17,841,617,56
401,78687,16,842,617,57
402,78837,22,841,611,59
403,78957,15,845,615,59
404,79074,33,846,614,61
405,79285,31,853,613,68
406,79466,13,853,609,72
407,79670,18,853,603,77
408,79821,15,859,606,82
409,79972,18,865,606,87
410,80201,77,779,604,2
411,80344,13,786,603,11
412,80538,24,787,568,50
413,80743,20,791,547,78
414,80866,15,795,535,101
415,81028,14,800,519,126
416,81918,26,809,464,200
417,82076,14,825,461,221
418,82198,19,825,461,221
419,82328,13,826,459,224
420,82467,12,829,455,228
421,82609,16,831,449,237
422,82752,17,837,446,245
423,82886,18,847,441,265
424,83009,12,850,432,276
425,83193,28,851,414,297
426,83658,17,851,398,313
427,83765,18,857,404,313
428,83896,20,858,404,313
429,84014,16,864,402,324
430,84288,8,875,412,325
431,84357,13,901,438,324
432,84450,8,903,433,331
433,84555,13,909,432,335
434,84653,17,921,444,335
435,84790,22,922,446,334
436,84892,9,923,447,334
437,84974,9,931,455,334
438,85269,71,596,453,0
439,85388,12,608,465,0
440,85532,10,613,470,0
441,85700,27,622,471,11
442,85797,6,624,471,14
443,85911,24,626,467,18
444,86062,14,630,471,18
445,86205,13,648,484,22
446,86323,8,657,485,33
447,86393,6,658,482,37
448,86472,7,664,486,37
449,86549,7,670,490,38
450,86629,7,674,480,57
451,86777,37,683,490,57
452,86981,7,686,482,66
453,87068,16,689,481,70
454,87203,14,693,479,75
455,87665,22,697,450,101
456,87791,14,708,461,101
457,87859,6,709,459,104
458,87930,7,713,452,115
459,88125,31,718,449,125
460,88262,7,718,426,150
461,88327,7,720,428,150
462,88406,7,721,426,151
463,88480,7,724,428,152
464,88545,7,725,431,149
465,88612,7,736,443,148
466,88681,7,738,445,147
467,88753,7,754,461,147
468,88874,17,755,461,147
469,88984,20,763,467,147
470,89121,23,767,471,149
471,89340,16,770,471,150
472,89410,9,771,465,159
473,89471,8,784,479,158
474,89542,8,786,478,164
475,89603,7,789,473,172
476,89688,8,789,468,176
477,89780,8,790,467,177
478,89853,8,796,463,189
479,89923,8,800,466,191
480,89993,8,803,467,191
481,90144,35,612,467,0
482,90262,16,624,476,2
483,90493,11,633,483,5
484,90623,7,641,488,6
485,90733,12,655,501,7
486,90838,7,661,502,12
487,90914,7,661,501,12
488,90998,8,669,505,14
489,91063,6,669,508,11
490,91162,13,670,510,10
491,91292,10,676,509,13
492,91391,6,679,508,20
493,91628,26,690,518,21
494,91774,13,696,525,18
495,92417,485,700,524,24
496,92554,19,711,528,29
497,92827,21,717,524,37
498,92941,16,721,520,45
499,93082,12,726,518,49
500,93190,14,736,524,51
501,93312,14,739,521,60
502,93417,8,746,527,61
503,93542,24,748,526,62
504,93689,15,753,522,73
505,93801,15,752,511,79
506,93932,7,757,502,94
507,93998,7,759,501,100
508,94082,13,756,501,94
509,94157,7,760,496,102
510,94226,8,761,494,103
511,94326,7,767,489,104
512,94400,7,772,490,107
513,94475,10,772,491,106
514,94531,7,772,485,107
515,94594,6,780,489,110
516,94661,7,781,488,112
517,94770,14,783,490,112
518,94951,53,783,485,116
519,95294,79,667,470,10
520,95403,7,671,463,26
521,95486,7,679,468,26
522,95574,10,685,471,28
523,95644,7,690,476,28
524,95722,6,694,479,28
525,95793,9,705,484,32
526,95876,8,707,482,37
527,96002,11,710,474,48
528,96078,6,721,485,48
529,96252,11,728,485,56
530,96364,12,733,488,57
531,96526,20,742,497,57
532,96647,11,746,492,65
533,96713,7,765,510,66
534,96782,7,771,516,65
535,96854,7,773,519,67
536,97697,31,778,500,97
537,97880,28,778,497,101
538,98036,14,777,493,103
539,98153,14,781,497,103
540,98276,10,781,497,103
541,98383,11,781,497,103
542,98508,19,793,509,103
543,98639,20,794,511,102
544,98766,20,796,514,101
545,98894,14,799,517,101
546,99036,17,800,512,107
547,99209,51,800,512,107
548,99305,8,801,513,107
549,99413,39,801,514,106
550,99576,9,805,513,110
551,99659,14,803,515,105
552,99732,7,802,515,104
553,99890,12,806,511,113
554,100070,23,812,516,113
555,100251,20,699,510,7
556,100470,27,701,507,12
557,100803,34,701,505,14
558,100980,11,704,499,15
559,101092,14,706,498,18
560,101230,20,710,501,19
561,101340,13,708,492,28
562,101486,19,729,508,33
563,101672,26,749,524,31
564,101852,27,755,531,31
565,102099,32,756,530,35
566,102719,29,760,518,52
567,102842,14,765,523,52
568,102979,19,774,529,52
569,103104,16,776,529,53
570,103247,14,779,531,53
571,103391,19,777,526,58
572,103608,17,777,519,67
573,103808,28,777,519,67
574,104007,21,778,514,72
575,104338,18,785,517,80
576,104489,15,795,523,81
577,105667,62,708,507,10
578,105778,16,709,506,12
579,105908,14,713,505,10
580,106017,8,715,505,12
581,106088,8,728,513,16
582,106175,8,739,520,20
583,106257,15,750,530,18
584,106355,7,753,533,18
585,106434,10,753,530,22
586,106515,7,759,535,22
587,106598,9,765,538,26
588,106769,25,775,544,33
589,106931,14,777,545,34
590,106995,8,777,545,34
591,107089,8,777,543,36
592,107164,8,777,541,39
593,107230,8,778,541,40
594,107341,14,778,541,41
595,107446,9,780,543,41
596,107526,8,783,546,41
597,107614,19,787,546,46
598,107752,14,791,550,46
599,107894,23,794,553,46
600,108085,25,803,558,48
601,108252,16,803,557,49
602,108389,18,803,553,53
603,108490,10,809,556,58
604,108573,8,820,567,58
605,108643,8,819,561,63
606,108718,7,821,564,62
607,108792,8,833,576,62
608,108870,10,838,580,61
609,108937,9,845,585,66
610,109020,11,847,590,63
611,109103,8,846,592,60
612,109183,8,849,595,60
613,109285,12,850,596,60
614,109370,8,852,597,59
615,109508,20,867,608,58
616,110208,565,867,603,63
617,110483,49,808,563,41
618,110551,8,827,578,51
619,110641,8,833,574,63
620,110725,9,837,576,66
621,110811,8,841,571,75
622,110888,9,845,567,83
623,110989,13,860,575,93
624,111073,8,860,572,104
625,111163,10,871,577,114
626,111253,8,879,585,114
627,111343,9,879,589,110
628,111416,8,881,591,110
629,111562,18,885,594,110
630,111717,22,893,602,110
631,111925,30,902,608,113
632,112058,19,901,609,120
633,112163,13,903,595,127
634,112236,8,909,601,127
635,112314,8,920,611,127
636,112390,8,933,617,135
637,112469,10,951,634,135
638,112551,10,967,633,152
639,112630,9,970,626,165
640,112711,10,976,622,175
641,112786,8,981,617,185
642,112875,9,983,594,214
643,113000,22,994,602,216
644,113129,25,997,588,240
645,113280,21,1003,583,255
646,113364,10,1018,598,255
647,113424,11,1018,598,255
648,113539,20,1020,590,265
649,113666,21,1035,593,277
650,113792,24,1043,598,276
651,113907,20,1045,593,292
652,114036,21,1050,577,315
653,114156,16,1054,580,317
654,114970,86,1057,532,368
655,115318,18,689,530,1
656,115438,17,692,524,10
657,115548,13,701,529,13
658,115674,10,705,531,16
659,115776,13,706,532,15
660,115897,23,711,533,15
661,116019,15,726,547,18
662,116135,13,728,548,20
663,116422,24,735,530,41
664,116578,23,736,507,65
665,116714,13,741,493,90
666,116783,7,739,494,87
667,116889,14,747,493,96
668,117016,16,751,497,96
669,117147,20,750,495,97
670,117222,8,757,494,108
671,117290,8,764,500,109
672,117365,7,771,506,109
673,117445,8,771,506,109
674,117579,22,780,515,109
675,117732,17,783,512,115
676,117839,7,784,499,131
677,117900,8,796,511,131
678,117969,7,801,513,134
679,118040,8,805,517,134
680,118115,8,818,530,134
681,118219,10,840,551,136
682,118327,21,846,535,153
683,118444,20,856,543,153
684,118554,14,858,539,163
685,118656,11,868,543,165
686,118734,9,871,546,165
687,118850,20,874,547,167
688,119006,22,879,549,168
689,119180,15,880,543,176
690,119290,11,881,537,183
691,119353,8,881,537,183
692,119428,8,883,538,185
693,119505,9,884,530,193
694,120575,70,653,481,12
695,120707,20,663,472,35
696,120795,6,672,480,37
697,120867,7,681,489,37
698,120922,7,681,488,38
699,121010,7,686,482,49
700,121089,8,690,475,60
701,121157,7,697,476,62
702,121232,7,702,472,72
703,121308,6,706,475,75
704,121378,7,707,475,77
705,121446,7,708,468,77
706,121559,15,717,474,78
707,121693,17,724,478,82
708,121856,17,724,467,88
709,121926,7,736,477,89
710,122001,8,737,478,89
711,122062,7,750,491,87
712,122145,10,750,491,87
713,122254,8,752,495,84
714,122370,7,766,509,84
715,122480,14,778,521,84
716,122596,7,784,526,84
717,122673,8,786,528,84
718,122756,12,787,529,84
719,122829,9,789,530,84
720,122981,15,792,527,91
721,123123,15,804,534,95
722,123311,22,810,538,94
723,123412,9,813,540,95
724,123493,7,814,542,94
725,123563,8,827,553,96
726,123625,9,835,561,96
727,123752,20,837,560,98
728,123904,11,845,568,97
729,123994,8,848,563,108
730,124124,21,848,555,116
731,124258,19,862,559,127
732,124460,29,870,557,140
733,127588,37,874,482,211
734,127758,11,665,483,0
735,127823,6,674,491,0
736,127890,6,676,492,0
737,127957,7,679,495,0
738,128029,6,686,498,3
739,128105,6,687,499,3
740,128169,7,693,505,3
741,128254,10,700,505,10
742,128328,7,700,505,10
743,128413,6,703,506,12
744,128483,9,704,505,17
745,128562,8,706,507,17
746,128639,6,712,513,17
747,128765,14,717,514,20
748,128911,18,714,514,17
749,129109,22,722,518,22
750,129239,18,731,526,22
751,129322,6,736,531,22
752,129400,7,738,533,22
753,129464,7,743,538,19
754,129540,7,750,542,22
755,129619,7,754,542,25
756,129689,8,754,540,26
757,129761,10,758,538,30
758,129836,7,764,540,34
759,129907,7,766,541,34
760,129986,6,768,540,36
761,130108,22,742,551,0
762,130339,46,753,560,2
763,130569,18,754,556,7
764,131349,15,763,552,18
765,131467,9,767,552,22
766,131572,12,774,559,22
767,131766,15,778,562,23
768,131865,7,777,563,21
769,131931,7,778,558,28
770,131998,7,779,556,31
771,132096,7,779,556,31
772,132177,7,789,565,29
773,132502,23,798,572,33
774,132644,17,808,580,32
775,132772,11,816,587,34
776,132839,8,824,595,34
777,132923,7,823,591,35
778,133004,14,835,598,40
779,133072,7,840,603,40
780,133136,8,851,611,45
781,133198,8,856,614,46
782,133355,44,864,615,54
783,133427,8,873,623,57
784,133506,12,876,626,57
785,133566,8,876,624,57
786,133633,8,888,635,57
787,133704,10,889,637,52
788,133804,24,893,640,53
789,133928,20,894,637,56
790,134052,12,897,638,59
791,134175,13,897,637,57
792,134240,8,905,646,54
793,134309,9,904,646,53
794,134448,51,915,656,52
795,134641,8,918,657,54
796,134706,8,935,674,52
797,134781,8,936,675,52
798,134849,9,943,682,52
799,134917,8,955,694,51
800,135003,9,961,700,51
801,135166,33,923,710,2
802,135284,23,926,713,2
803,135459,27,932,718,2
804,135726,66,935,716,6
805,135921,27,941,717,10
806,136011,9,949,720,20
807,136091,11,949,718,22
808,136172,9,951,712,31
809,136231,9,965,722,36
810,136308,9,977,731,37
811,136385,9,982,736,36
812,136789,15,992,734,50
813,136946,25,1007,749,50
814,137046,9,1004,741,51
815,137117,9,1011,746,52
816,137197,10,1016,746,57
817,137302,21,1016,744,57
818,137439,21,1019,741,66
819,137556,21,1028,746,68
820,137672,24,1033,750,68
821,137799,34,1042,750,75
822,137986,15,1050,739,93
823,138182,36,1051,733,95
824,138370,43,1052,731,96
825,138526,26,1053,732,96
826,138641,18,1061,740,96
827,138761,17,1069,750,89
828,138885,17,1067,750,87
829,139137,30,1069,738,101
830,139250,17,1081,749,101
831,139378,20,1082,745,107
832,139528,36,1085,744,110
833,139715,33,1085,734,120
834,139912,24,1095,741,120
835,140042,31,1103,749,120
836,140237,44,994,760,0
837,140319,9,994,758,0
838,140443,16,997,737,27
839,140585,16,1002,712,65
840,140694,10,1004,694,83
841,140782,12,1003,656,123
842,140870,12,1005,645,145
843,141036,18,1012,596,220
844,141277,73,1013,551,272
845,141426,11,1019,554,275
846,141511,10,1032,558,283
847,141585,13,1036,562,283
848,141670,11,1052,570,296
849,142119,24,1056,546,327
850,142222,13,1065,537,347
851,142359,21,1071,534,354
852,142571,30,1080,522,380
853,142670,10,1090,525,391
854,142739,9,1093,523,395
855,142817,14,1098,521,402
856,142894,10,1108,510,428
857,142963,11,1119,520,428
858,143036,11,1125,526,428
859,143114,10,1124,529,425
860,143189,10,1129,529,431
861,143263,11,1127,528,430
862,143333,11,1128,527,432
863,143410,10,1136,533,432
864,143577,65,1139,529,440
865,143748,22,1139,512,454
866,143882,28,1148,520,455
867,144003,11,1152,518,461
868,144106,20,1158,513,470
869,144246,22,1160,515,470
870,144318,10,1182,537,469
871,144385,11,1201,556,469
872,144464,11,1198,556,466
873,144531,10,1201,559,466
874,144628,31,1209,567,466
875,144819,10,1219,577,465
876,144943,15,1220,578,463
877,145109,37,1212,569,463
878,145526,44,767,553,35
879,145588,7,769,550,42
880,145659,9,784,558,53
881,145731,7,787,559,55
882,145824,25,788,558,57
883,146453,475,793,559,60
884,146575,21,802,533,97
885,146693,10,805,531,100
886,146769,9,814,533,108
887,146840,12,825,544,108
888,146906,11,832,549,107
889,147067,9,841,556,111
890,147134,8,849,563,112
891,147200,9,858,566,114
892,147283,10,865,568,120
893,147358,11,864,566,122
894,147438,9,865,558,134
895,147529,9,887,568,142
896,147603,8,896,579,139
897,147713,22,904,584,141
898,147852,24,913,578,152
899,147989,22,912,567,166
900,148198,45,912,562,172
901,148292,9,913,553,181
902,148357,9,914,553,182
903,148427,9,912,542,193
904,148499,8,921,550,190
905,148564,9,928,557,190
906,148645,9,926,553,194
907,148731,16,935,559,197
908,148799,9,937,559,199
909,148871,9,938,563,196
910,148941,9,950,576,195
911,149006,9,956,581,196
912,149078,9,966,587,195
913,149165,9,967,575,209
914,149289,18,973,570,222
915,149419,21,974,566,227
916,149552,20,980,563,237
917,149625,9,982,565,237
918,149715,9,986,569,237
919,149780,10,986,569,237
920,149892,25,981,571,230
921,149983,10,982,572,230
922,152684,2636,1003,571,252
923,152979,85,782,468,138
924,153053,14,789,474,140
925,153122,8,793,478,140
926,153204,8,799,483,141
927,153270,7,806,490,140
928,153334,9,811,494,142
929,153496,33,811,491,148
930,153564,7,811,490,148
931,153631,11,812,484,155
932,153713,8,810,483,155
933,153790,7,807,485,150
934,153870,12,816,492,149
935,153952,10,822,494,151
936,154079,15,825,497,150
937,154202,17,824,493,153
938,154357,18,834,493,163
939,154418,7,841,498,163
940,154507,17,842,498,164
941,154695,9,844,499,165
942,154766,11,850,507,163
943,154839,10,851,508,163
944,154918,7,851,508,163
945,154995,7,851,508,163
946,155122,34,694,513,0
947,155187,9,698,517,0
948,155256,7,703,522,0
949,155331,7,715,534,0
950,155430,19,717,536,0
951,155558,14,720,539,0
952,155750,41,726,545,0
953,155867,7,731,549,0
954,155939,7,745,563,0
955,156003,7,754,572,0
956,156062,9,756,574,0
957,156124,8,770,588,0
958,156199,8,776,594,0
959,156275,8,776,594,0
960,156341,10,779,597,0
961,156620,218,790,608,0
962,156687,8,801,618,0
963,156754,8,807,624,0
964,156923,18,814,631,0
965,157068,20,825,641,0
966,157190,21,834,650,0
967,157266,8,837,653,0
968,157329,8,845,661,0
969,157403,8,845,661,0
970,157481,11,845,661,0
971,157557,12,853,669,0
972,157625,10,854,670,0
973,157711,8,856,668,7
974,157774,9,857,668,9
975,157833,9,858,666,13
976,158021,10,875,663,33
977,158076,8,877,662,35
978,158143,12,883,664,46
979,158218,14,883,661,50
980,158346,16,887,654,63
981,158466,18,889,648,70
982,158588,17,890,640,79
983,158657,9,891,634,86
984,158727,8,897,640,86
985,158803,10,900,646,83
986,158873,9,911,657,83
987,158939,8,916,660,83
988,159000,10,917,661,83
989,159152,9,923,667,83
990,159229,8,934,676,83
991,159291,11,940,675,91
992,159361,8,939,672,95
993,159427,8,941,672,96
994,159498,9,941,670,98
995,159563,9,941,666,100
996,159701,23,948,669,104
997,159833,20,949,668,107
998,159963,17,952,668,109
999,160071,17,950,664,109
1000,160523,378,842,662,0
1001,160582,9,852,666,3
1002,160657,9,857,668,3
1003,160728,9,867,678,3
1004,160805,9,874,685,3
1005,160874,9,891,697,3
1006,160942,9,902,707,3
1007,161069,22,910,715,3
1008,161203,22,915,718,3
1009,161437,18,918,717,7
1010,161509,9,925,723,8
1011,161589,13,929,726,9
1012,161664,9,943,738,10
1013,161739,11,954,748,10
1014,161801,9,961,755,10
1015,161862,9,965,758,11
1016,161927,9,971,761,15
1017,162003,10,974,760,17
1018,162067,9,992,775,19
1019,162126,9,992,772,23
1020,162214,10,1000,771,33
1021,162281,9,1015,787,32
1022,162478,73,1017,789,32
1023,162789,41,1024,785,45
1024,162968,36,1026,779,50
1025,163139,23,1033,768,65
1026,163214,10,1033,764,73
1027,163280,9,1040,769,75
1028,163363,11,1052,778,75
1029,163444,12,1052,777,73
1030,163516,11,1054,776,78
1031,163590,12,1060,771,88
1032,163659,12,1061,757,105
1033,163848,12,1067,754,110
1034,163921,10,1071,759,109
1035,164008,10,1076,766,107
1036,164075,9,1080,772,105
1037,164140,10,1083,772,109
1038,164406,10,1090,768,116
1039,164902,64,1091,755,125
1040,165008,11,1091,748,128
1041,165248,36,970,751,3
1042,165317,10,974,752,4
1043,165379,10,975,749,8
1044,165495,21,975,747,10
1045,165597,13,980,752,10
1046,165657,9,992,764,10
1047,165720,10,994,766,10
1048,165785,11,1013,785,10
1049,165846,10,1021,793,10
1050,165917,10,1032,800,13
1051,166081,10,1036,793,21
1052,166176,10,1037,788,27
1053,166253,11,1040,790,27
1054,166351,23,1048,791,30
1055,166509,39,1049,792,30
1056,166715,37,1051,794,27
1057,166941,38,1052,786,36
1058,167095,22,1060,791,39
1059,167212,21,1060,786,44
1060,167340,17,1060,785,45
1061,167468,20,1064,789,45
1062,167596,19,1066,784,52
1063,167714,18,1071,788,54
1064,167860,24,1081,794,57
1065,167992,25,1081,786,65
1066,168223,43,1080,786,63
1067,168491,37,1081,783,59
1068,168562,16,1084,786,59
1069,168637,11,1086,787,60
1070,168719,12,1091,789,66
1071,168784,11,1097,795,66
1072,168848,10,1101,799,66
1073,168936,15,1100,800,64
1074,169002,11,1100,800,64
1075,169077,11,1101,801,64
1076,169588,25,1101,796,71
1077,169738,31,1103,798,71
1078,169833,12,1105,797,75
1079,169916,17,1106,798,75
1080,169989,10,1113,802,79
1081,170112,34,1110,809,68
1082,170232,12,1039,806,1
1083,170311,11,1044,773,42
1084,170391,15,1052,772,51
1085,170463,9,1058,742,88
1086,170551,10,1062,731,118
1087,170640,12,1070,722,134
1088,170717,11,1077,707,155
1089,170798,19,1081,696,171
1090,170966,25,1086,696,177
1091,171099,30,1099,699,184
1092,171214,14,1104,690,196
1093,171295,13,1107,682,206
1094,171362,11,1121,696,206
1095,171447,11,1124,692,216
1096,171579,24,1131,687,225
1097,171698,14,1136,671,260
1098,171784,12,1139,676,258
1099,171868,14,1143,680,258
1100,171951,13,1150,688,257
1101,172024,12,1150,688,257
1102,172111,12,1155,683,264
1103,172178,13,1164,691,265
1104,172351,24,1166,654,304
1105,172506,34,1173,661,304
1106,172609,11,1179,658,315
1107,172689,12,1198,669,316
1108,172763,12,1202,654,339
1109,172846,12,1212,648,348
1110,172916,13,1217,652,351
1111,175418,2431,1236,596,442
1112,175796,43,676,439,61
1113,175867,6,677,440,61
1114,175936,7,679,435,69
1115,176000,7,685,437,73
1116,176072,7,697,449,73
1117,176146,7,712,464,73
1118,176229,6,718,470,73
1119,176300,7,733,481,73
1120,176366,7,733,481,73
1121,176435,12,739,487,73
1122,176495,7,748,495,74
1123,176569,7,748,479,93
1124,176640,7,758,486,91
1125,176745,14,760,483,98
1126,176905,21,762,484,97
1127,177051,16,765,478,106
1128,177149,7,769,482,106
1129,177207,6,771,474,114
1130,177279,7,773,473,114
1131,177355,7,782,480,114
1132,177428,9,784,475,122
1133,177498,7,791,479,127
1134,177567,9,803,491,127
1135,177644,8,807,488,135
1136,177704,7,811,494,129
1137,177778,7,817,500,129
1138,177854,8,822,504,129
1139,177928,7,829,509,129
1140,177998,7,829,509,129
1141,178062,8,832,503,140
1142,178188,18,838,504,151
1143,178307,19,843,500,160
1144,178442,18,846,499,162
1145,178517,8,847,500,160
1146,178585,7,858,509,161
1147,178664,8,859,508,165
1148,178744,8,862,507,169
1149,178807,8,869,511,169
1150,179077,9,869,487,196
1151,179151,8,865,479,205
1152,179211,8,869,479,209
1153,179285,8,868,480,207
1154,179350,9,875,487,204
1155,179412,8,888,499,206
1156,179505,31,889,500,206
1157,179626,11,891,496,212
1158,179755,23,918,521,213
1159,179864,8,919,517,216
1160,179934,9,925,523,216
1161,180001,8,928,522,220
1162,180125,17,721,532,2
1163,180187,7,723,534,2
1164,180255,12,724,535,2
1165,180325,10,725,536,2
1166,180388,7,736,544,2
1167,180446,6,750,558,2
1168,180517,6,758,566,2
1169,180586,7,767,575,2
1170,180640,8,778,586,2
1171,180701,8,789,597,2
1172,180776,12,791,599,2
1173,180842,10,804,609,2
1174,180988,20,815,620,2
1175,181101,18,821,626,2
1176,181220,14,824,629,2
1177,181329,8,824,629,2
1178,181408,10,836,640,2
1179,181485,9,844,648,2
1180,181563,10,847,651,2
1181,181667,9,850,654,2
1182,181753,10,857,661,2
1183,181816,10,866,670,2
1184,181889,9,869,673,2
1185,181967,8,877,681,2
1186,182038,10,886,690,2
1187,182109,9,896,699,2
1188,182189,10,903,706,2
1189,182681,75,921,724,2
1190,182798,28,927,730,2
1191,182915,13,928,726,7
1192,182979,8,930,728,7
1193,183057,14,941,732,10
1194,183292,25,946,709,42
1195,183416,11,964,711,60
1196,183521,11,968,715,60
1197,183587,9,969,714,63
1198,183811,14,973,693,89
1199,183886,12,973,686,94
1200,184014,25,978,679,108
1201,184168,24,985,680,111
1202,184263,16,987,681,112
1203,184333,10,996,689,113
1204,184402,11,1002,690,114
1205,184562,17,1005,681,121
1206,184651,13,1007,682,121
1207,184728,13,1008,678,121
1208,184814,15,1010,675,125
1209,184896,14,1013,669,139
1210,184972,9,1015,666,143
1211,185074,21,1017,662,146
1212,185195,15,874,658,0
1213,185355,26,882,653,10
1214,185499,18,892,658,12
1215,185700,9,892,642,21
1216,185772,14,894,644,21
1217,185843,10,898,646,22
1218,185920,11,901,640,32
1219,185979,9,904,643,32
1220,186044,9,907,644,34
1221,186108,9,911,645,34
1222,186189,9,920,648,37
1223,186262,9,924,645,42
1224,186336,9,930,649,46
1225,186414,10,946,663,46
1226,186493,9,947,664,46
1227,187006,22,949,654,57
1228,187170,29,955,656,58
1229,187313,14,956,655,58
1230,187397,13,965,662,59
1231,187477,17,974,664,61
1232,187554,11,982,670,61
1233,187636,13,994,679,64
1234,187741,51,996,670,73
1235,187922,14,1000,670,76
1236,188012,13,1005,668,77
1237,188106,13,1007,665,83
1238,188200,10,1014,672,83
1239,188276,10,1019,677,83
1240,188419,28,1025,681,85
1241,188560,26,1025,678,87
1242,188716,27,1032,675,93
1243,188835,12,1037,666,104
1244,189095,31,1039,646,129
1245,189196,14,1046,651,129
1246,189291,11,1046,653,127
1247,189376,13,1049,651,131
1248,189452,13,1050,651,132
1249,189539,12,1057,651,141
1250,189758,13,1062,653,144
1251,189901,27,1062,651,146
1252,190056,48,1066,651,147
1253,190290,50,915,644,7
1254,190365,10,915,644,7
1255,190428,9,915,644,7
1256,190490,9,916,645,7
1257,190568,9,925,653,7
1258,190636,9,937,661,12
1259,190698,10,937,661,12
1260,190765,11,949,670,15
1261,190849,12,949,667,15
1262,190928,10,952,656,27
1263,191444,456,963,655,38
1264,191578,27,963,650,43
1265,191719,18,963,644,44
1266,191818,10,974,651,47
1267,191895,10,976,642,60
1268,191968,9,982,644,63
1269,192044,10,982,644,63
1270,192103,9,984,648,60
1271,192169,10,984,645,64
1272,192304,9,983,644,64
1273,192379,10,981,644,62
1274,192449,10,986,647,62
1275,192528,16,987,648,62
1276,192581,9,999,660,62
1277,192649,10,1000,661,62
1278,192713,9,1007,668,62
1279,192781,13,1010,668,55
1280,192951,29,1013,671,55
1281,193095,32,1029,681,59
1282,193252,29,1029,685,55
1283,193628,34,1030,669,76
1284,193706,14,1036,674,74
1285,193779,11,1040,677,74
1286,193854,10,1049,684,76
1287,193924,10,1057,683,85
1288,193994,13,1060,685,86
1289,194061,10,1058,685,85
1290,194142,14,1072,699,82
1291,194217,12,1074,701,82
1292,194317,20,1082,709,82
1293,194445,29,1088,710,87
1294,194584,26,1089,711,87
1295,194824,26,1108,724,92
1296,195574,57,1011,709,10
1297,195661,13,1028,721,10
1298,195776,22,1034,719,14
1299,195843,10,1034,716,20
1300,198651,21,1034,672,51
1301,198774,20,1039,670,59
1302,198916,14,1054,679,60
1303,198982,9,1057,679,66
1304,199048,9,1058,680,66
1305,199109,10,1054,679,63
1306,199172,9,1058,683,63
1307,199289,14,1065,690,63
1308,199412,20,1065,690,63
1309,199538,23,1071,691,73
1310,199650,23,1086,705,74
1311,199760,13,1080,705,68
1312,199955,57,1085,700,79
1313,200298,110,1005,674,32
1314,200429,17,1009,658,50
1315,200535,9,1015,617,106
1316,200613,8,1017,605,130
1317,200692,9,1018,596,140
1318,200812,14,1020,584,156
1319,200886,9,1031,590,163
1320,200952,10,1049,603,169
1321,201064,9,1049,593,184
1322,201142,10,1057,598,184
1323,201223,10,1061,579,216
1324,201296,10,1067,575,226
1325,201443,29,1069,549,254
1326,201618,27,1076,534,285
1327,201771,16,1077,514,310
1328,201873,17,1079,508,322
1329,201994,19,1072,499,326
1330,202251,51,1076,478,349
1331,202378,24,1091,481,365
1332,202493,15,1098,471,393
1333,202618,17,1100,473,394
1334,202698,10,1103,476,391
1335,202814,24,1107,478,393
1336,203155,20,1109,457,424
1337,203350,60,1112,461,422
1338,203462,10,1118,467,422
1339,203526,10,1143,492,419
1340,203618,12,1145,494,419
1341,203699,11,1156,505,419
1342,203765,11,1157,506,419
1343,203844,12,1162,511,418
1344,203927,11,1167,516,418
1345,204012,11,1167,516,418
1346,204090,12,1179,529,417
1347,204171,11,1183,536,414
1348,204293,43,1195,548,414
1349,204526,94,1201,552,414
1350,204779,18,1206,557,413
1351,204880,26,1208,559,413
1352,204952,11,1210,561,413
1353,205027,14,1217,567,413
1354,205280,57,804,567,0
1355,205355,10,820,583,0
1356,205441,8,826,586,0
1357,205518,8,831,591,0
1358,205612,11,841,601,0
1359,205687,12,842,602,0
1360,205785,18,851,610,0
1361,205908,20,855,603,10
1362,206024,9,858,597,16
1363,206096,9,861,593,29
1364,206187,8,870,601,29
1365,206277,10,877,598,39
1366,206351,8,883,592,49
1367,206426,11,887,595,50
1368,206495,8,895,602,51
1369,206568,8,898,604,52
1370,206731,25,899,589,80
1371,206814,8,905,588,80
1372,207202,28,906,562,112
1373,207328,24,906,533,142
1374,207443,13,914,536,146
1375,207512,9,915,531,160
1376,207572,9,921,535,166
1377,207641,9,924,533,169
1378,207712,9,925,515,193
1379,207878,11,933,493,223
1380,207943,10,933,489,227
1381,208009,9,939,486,234
1382,208077,9,935,481,238
1383,208144,9,932,483,236
1384,208216,9,932,481,240
1385,208300,14,933,480,242
1386,208370,9,934,475,249
1387,208428,8,935,473,252
1388,208567,27,935,467,259
1389,208679,18,943,466,274
1390,208816,16,952,466,282
1391,208978,51,955,469,282
1392,209090,9,962,470,287
1393,209169,9,963,471,286
1394,209236,9,963,470,287
1395,209299,8,966,469,291
1396,209378,11,966,469,291
1397,209440,9,966,469,291
1398,209498,9,974,472,298
1399,209567,9,983,487,289
1400,209638,9,986,490,287
1401,209711,10,997,499,290
1402,209771,9,995,500,287
1403,209883,20,1002,501,290
1404,209998,23,1002,488,302
1405,210405,53,696,470,43
1406,210480,6,705,464,55
1407,210549,6,709,467,55
1408,210961,352,719,471,64
1409,211022,7,720,461,78
1410,211097,7,727,467,77
1411,211164,8,733,471,78
1412,211231,12,742,478,80
1413,211381,17,743,468,90
1414,211507,17,743,458,98
1415,211609,7,753,461,106
1416,211673,11,762,470,105
1417,211742,7,759,459,112
1418,211811,9,763,463,112
1419,211880,9,768,466,110
1420,211938,7,778,476,108
1421,211998,8,794,488,108
1422,212062,8,795,487,110
1423,212124,7,798,489,111
1424,212180,8,801,490,113
1425,212248,7,803,493,112
1426,212399,34,806,498,110
1427,212468,9,820,513,109
1428,212552,10,824,517,109
1429,212672,17,828,519,109
1430,212797,22,829,520,109
1431,212906,23,829,519,109
1432,213035,8,832,514,120
1433,213170,8,844,526,120
1434,213230,8,853,534,124
1435,213330,16,866,547,124
1436,213427,33,867,543,131
1437,213626,8,870,542,135
1438,213704,9,869,542,134
1439,213762,9,882,555,132
1440,213828,9,881,555,131
1441,213894,9,886,560,129
1442,213980,8,893,568,127
1443,214068,20,896,566,135
1444,214195,21,899,561,143
1445,214329,21,905,560,152
1446,214416,11,911,563,153
1447,214482,8,912,566,151
1448,214549,8,918,573,150
1449,214958,9,928,571,165
1450,215048,22,934,576,162
1451,215156,10,771,572,3
1452,215220,8,772,565,9
1453,215286,8,776,569,9
1454,215356,7,781,573,10
1455,215478,24,794,585,11
1456,215814,89,794,576,22
1457,216222,20,799,561,36
1458,216305,7,807,565,38
1459,216388,13,809,555,50
1460,216452,7,811,557,50
1461,216509,12,807,557,46
1462,216573,7,817,567,46
1463,216659,11,819,569,46
1464,216740,10,823,574,45
1465,216803,8,827,578,45
1466,216970,19,826,579,43
1467,217087,17,842,593,45
1468,217209,29,848,598,44
1469,217305,8,866,611,46
1470,217381,8,878,620,48
1471,217439,9,879,621,48
1472,217498,8,879,616,55
1473,217569,12,885,619,56
1474,217638,13,906,635,58
1475,217704,9,912,641,58
1476,217775,9,910,642,55
1477,217854,12,912,646,52
1478,217935,9,914,648,52
1479,218149,9,922,653,55
1480,218225,9,945,673,58
1481,218328,29,944,669,59
1482,218436,21,952,675,58
1483,218560,21,956,679,58
1484,218689,16,959,680,60
1485,218744,9,960,678,62
1486,218823,14,963,679,64
1487,219224,11,969,683,68
1488,219406,10,973,679,76
1489,219484,9,974,676,79
1490,219550,10,979,679,89
1491,219620,11,980,680,89
1492,219730,25,986,686,89
1493,219863,29,987,681,93
1494,219989,21,995,689,93
1495,220080,32,996,690,93
1496,220168,14,904,691,0
1497,220236,8,919,704,2
1498,220310,9,924,709,2
1499,220463,59,925,695,20
1500,220560,9,936,703,22
1501,220621,9,944,710,23
1502,220690,10,946,712,23
1503,220763,11,954,721,22
1504,220839,9,959,718,29
1505,220920,10,961,717,32
1506,221037,20,964,713,43
1507,221224,28,975,724,43
1508,221373,19,979,727,43
1509,221464,11,992,738,43
1510,221598,10,993,738,44
1511,221671,10,995,734,46
1512,221737,10,998,734,50
1513,221803,11,1008,745,48
1514,221874,10,1010,742,50
1515,221939,9,1010,739,54
1516,222023,9,1010,740,52
1517,222094,10,1011,737,57
1518,222171,11,1016,739,61
1519,222241,10,1022,745,61
1520,222320,11,1032,753,63
1521,222387,13,1032,750,63
1522,222518,23,1042,758,65
1523,222826,45,1049,755,76
1524,223293,24,1055,752,84
1525,223410,11,1065,762,84
1526,223482,11,1073,768,84
1527,223553,11,1080,775,84
1528,223627,13,1087,782,84
1529,223702,13,1090,779,91
1530,223821,38,1092,781,91
1531,223964,11,1090,766,104
1532,224035,12,1093,763,107
1533,224099,10,1095,763,109
1534,224163,14,1098,766,108
1535,224223,11,1096,764,109
1536,224295,10,1099,769,107
1537,224362,10,1102,770,111
1538,224639,30,1107,774,110
1539,224798,32,1117,781,113
1540,224918,25,1128,791,113
1541,225095,24,1128,804,100
1542,225171,20,1016,792,0
1543,225244,10,1016,792,0
1544,225332,15,1019,795,0
1545,225405,13,1028,801,0
1546,225490,12,1039,811,0
1547,225560,11,1044,815,0
1548,225619,10,1056,814,10
1549,225709,11,1058,808,19
1550,225785,10,1058,808,19
1551,225842,11,1068,816,21
1552,225962,26,1068,815,22
1553,226209,44,1072,819,22
1554,226336,10,1072,819,22
1555,226399,12,1092,839,22
1556,226464,11,1097,844,22
1557,226524,11,1104,851,22
1558,226601,10,1114,862,19
1559,226685,13,1114,862,19
1560,226757,12,1115,863,19
1561,227256,14,1133,881,19
1562,227370,25,1138,886,19
1563,227497,26,1139,887,19
1564,227607,17,1140,888,19
1565,227683,14,1150,898,19
1566,227760,14,1152,900,19
1567,227838,12,1153,901,19
1568,227914,11,1160,908,19
1569,227984,12,1170,918,19
1570,228062,14,1174,922,19
1571,228135,13,1175,923,19
1572,228205,15,1184,932,19
1573,228364,11,1189,937,19
1574,228447,14,1189,937,19
1575,228541,22,1189,937,19
1576,228750,45,1199,943,21
1577,228940,54,1203,947,21
1578,229130,54,1205,935,35
1579,229269,25,1206,933,39
1580,229391,16,1207,932,45
1581,229525,22,1208,926,50
1582,229651,29,1211,929,50
1583,229772,24,1220,935,49
1584,229889,24,1222,937,49
1585,230039,31,1231,946,49
1586,230331,131,1190,946,10
1587,230621,30,1190,856,118
1588,230939,73,1192,814,165
1589,231064,12,1196,804,181
1590,231150,13,1201,802,189
1591,231221,12,1212,792,211
1592,231295,12,1219,786,223
1593,231376,11,1221,781,230
1594,231463,11,1223,770,248
1595,231541,12,1229,776,248
1596,234145,27,1235,571,485
1597,234268,20,1236,567,493
1598,234369,12,1239,570,490
1599,234442,11,1247,570,496
1600,234519,11,1262,585,493
1601,234588,12,1273,595,493
1602,234664,12,1281,603,493
1603,234741,13,1283,608,490
1604,234811,11,1290,608,497
1605,234884,11,1293,609,499
1606,234950,12,1295,604,506
1607,235018,13,1298,591,523
1608,235238,38,806,592,35
1609,235310,8,809,593,36
1610,235437,22,813,578,59
1611,235566,14,815,549,95
1612,235685,7,822,553,95
1613,235747,8,838,568,96
1614,235809,8,848,576,96
1615,235877,7,852,580,96
1616,235939,8,862,582,105
1617,236010,9,863,582,105
1618,236084,8,864,574,110
1619,236153,8,866,569,115
1620,236221,9,879,576,126
1621,236288,8,884,580,128
1622,236361,12,896,587,129
1623,236461,15,900,579,143
1624,236542,10,907,557,174
1625,236623,9,916,564,178
1626,236887,24,924,567,181
1627,237019,17,933,577,178
1628,237134,9,937,581,178
1629,237209,9,945,587,178
1630,237292,11,948,590,178
1631,237362,10,967,608,179
1632,237667,11,969,586,214
1633,237745,9,968,585,214
1634,237825,9,974,591,214
1635,237895,9,977,597,211
1636,237968,11,981,599,213
1637,238045,10,981,600,212
1638,238114,9,995,611,215
1639,238262,19,994,590,233
1640,238399,23,995,588,236
1641,238483,11,996,582,242
1642,238554,10,990,579,239
1643,238628,12,1001,587,240
1644,238698,10,1000,589,237
1645,238753,11,1001,590,237
1646,238826,11,1005,589,242
1647,238895,9,1018,596,244
1648,238965,10,1028,606,244
1649,239029,10,1038,616,243
1650,239103,11,1051,628,244
1651,239178,11,1048,623,248
1652,239254,12,1055,620,253
1653,239319,10,1057,619,254
1654,239389,14,1060,622,254
1655,239459,20,1056,603,270
1656,239600,24,1056,599,277
1657,239738,24,1063,598,285
1658,239873,20,1061,588,295
1659,239939,10,1065,591,294
1660,240014,10,1067,588,301
1661,240404,53,759,569,12
1662,240461,7,778,583,12
1663,240529,7,783,585,15
1664,240583,7,786,573,31
1665,240655,8,790,575,31
1666,240724,7,793,578,31
1667,241066,28,794,577,35
1668,241183,14,801,574,43
1669,241294,16,813,585,46
1670,241383,9,819,577,58
1671,241450,8,829,584,59
1672,241521,12,834,585,63
1673,241584,8,843,593,64
1674,241651,8,854,602,65
1675,241728,12,859,598,71
1676,241787,9,861,594,80
1677,241882,11,869,594,88
1678,241958,10,869,593,89
1679,242034,10,879,602,89
1680,242106,9,878,602,88
1681,242170,9,886,594,106
1682,242237,9,890,594,112
1683,242290,8,891,590,117
1684,242381,28,905,600,120
1685,242501,25,905,574,146
1686,242623,15,907,562,162
1687,242750,18,908,562,161
1688,242818,10,911,565,161
1689,242896,8,910,566,159
1690,242970,10,927,584,160
1691,243043,11,929,585,161
1692,243102,10,930,576,172
1693,243167,9,931,577,172
1694,243232,10,939,579,181
1695,243303,10,941,580,183
1696,243378,9,946,585,183
1697,243447,12,950,589,180
1698,243503,8,958,593,183
1699,243578,10,966,605,176
1700,243662,11,967,603,177
1701,243742,12,968,596,185
1702,243929,27,974,596,191
1703,244098,29,979,583,205
1704,244242,25,984,582,217
1705,244310,9,984,578,219
1706,244920,21,987,567,231
1707,245024,10,992,562,245
1708,245165,15,748,560,3
1709,245238,8,760,566,7
1710,245397,32,766,569,8
1711,245493,8,780,581,8
1712,245561,8,786,580,15
1713,245627,9,787,568,28
1714,245695,8,787,568,28
1715,245772,8,791,572,28
1716,245836,8,794,575,28
1717,245899,8,795,576,28
1718,245971,7,805,585,29
1719,246035,8,806,586,29
1720,246103,8,807,587,29
1721,246170,9,809,587,30
1722,246234,8,811,586,33
1723,246315,9,819,591,33
1724,246391,8,823,592,37
1725,246469,8,823,588,41
1726,246684,33,823,577,54
1727,246814,23,826,576,55
1728,246947,12,826,568,64
1729,247013,8,829,570,64
1730,247084,8,849,588,66
1731,247155,9,851,586,69
1732,247211,8,856,591,69
1733,247278,9,866,601,69
1734,247331,8,873,604,71
1735,247413,8,880,607,71
1736,247478,8,880,607,71
1737,247546,9,887,613,72
1738,247618,8,890,613,80
1739,247765,39,897,617,82
1740,247855,9,900,622,82
1741,247927,10,906,627,83
1742,248057,29,907,626,85
1743,248173,22,909,622,91
1744,248667,396,917,620,98
1745,248825,40,922,616,108
1746,248950,13,925,607,120
1747,249029,10,929,614,117
1748,249116,9,931,616,115
1749,249206,10,936,621,115
1750,249293,11,942,626,115
1751,249370,10,945,625,118
1752,249461,11,946,625,120
1753,249547,12,949,622,129
1754,249628,13,954,625,131
1755,249753,32,957,627,136
1756,249935,67,962,624,142
1757,250219,30,831,629,1
1758,250299,11,834,629,6
1759,250380,10,853,647,6
1760,250461,9,855,649,6
1761,250533,9,859,652,7
1762,250604,10,867,657,14
1763,250756,11,878,666,16
1764,250834,9,890,675,18
1765,250915,15,892,674,21
1766,251009,23,900,677,24
1767,251102,10,905,681,25
1768,251178,10,906,682,24
1769,251300,22,908,684,24
1770,251435,22,912,686,26
1771,251586,20,911,676,37
1772,251657,10,920,685,37
1773,251744,9,926,677,46
1774,251818,10,930,677,46
1775,251895,11,931,676,48
1776,251987,13,945,686,52
1777,252203,35,954,680,72
1778,252304,13,969,692,74
1779,252386,10,971,692,77
1780,252447,10,971,691,78
1781,252516,10,981,698,78
1782,252581,10,994,707,78
1783,253085,26,1004,709,80
1784,253227,33,1004,709,80
1785,253354,15,1007,705,87
1786,253421,9,1011,705,89
1787,253492,10,1018,709,98
1788,253565,10,1019,708,98
1789,253625,10,1024,710,102
1790,253689,10,1024,705,109
1791,253751,15,1025,706,109
1792,253824,15,1027,704,114
1793,253896,10,1028,705,114
1794,253967,13,1026,702,116
1795,254039,10,1024,698,119
1796,254111,12,1027,701,117
1797,254222,29,1026,699,118
1798,254301,10,1041,711,121
1799,254409,26,1055,717,134
1800,254529,25,1068,727,137
1801,254680,20,1068,721,140
1802,254786,11,1072,726,139
1803,254867,10,1075,729,138
1804,254943,12,1082,736,138
1805,255001,11,1098,751,138
1806,255139,33,974,762,0
1807,255214,10,983,767,7
1808,255555,20,985,756,22
1809,255653,15,991,761,23
1810,255732,11,1001,769,25
1811,255928,36,1005,771,25
1812,256188,64,1003,767,27
1813,256329,11,1012,774,29
1814,256402,13,1026,787,26
1815,256484,26,1048,808,28
1816,256639,10,1053,805,36
1817,256709,14,1064,812,36
1818,256777,11,1068,814,37
1819,259324,2485,1077,814,39
1820,259628,36,1087,798,62
1821,259759,22,1087,798,62
1822,259836,9,1088,799,60
1823,259900,11,1090,801,60
1824,259970,10,1091,804,58
1825,260059,18,1094,805,59
1826,260164,15,1042,808,0
1827,260233,9,1042,808,0
1828,260309,11,1045,811,0
1829,260389,8,1050,800,17
1830,260462,8,1055,805,17
1831,260552,10,1059,803,25
1832,260704,44,1061,793,37
1833,260868,22,1063,779,54
1834,260987,22,1075,791,54
1835,261116,20,1087,763,97
1836,261183,9,1098,752,122
1837,261259,10,1110,742,147
1838,261332,10,1115,747,147
1839,261402,10,1124,755,148
1840,261468,9,1125,747,158
1841,261545,10,1126,737,174
1842,261610,10,1126,731,180
1843,261694,11,1130,735,180
1844,261878,57,1133,737,180
1845,261987,11,1144,748,180
1846,262069,10,1148,752,179
1847,262180,22,1151,753,179
1848,262330,23,1158,760,179
1849,262463,22,1158,760,179
1850,262551,10,1161,763,179
1851,262620,11,1168,770,179
1852,262700,11,1168,770,179
1853,262782,10,1170,772,179
1854,262862,10,1179,781,179
1855,263253,11,1190,789,179
1856,263323,12,1193,792,179
1857,263394,11,1196,795,178
1858,263472,13,1200,797,178
1859,263611,29,1208,803,178
1860,263730,25,1211,806,178
1861,263820,11,1220,815,178
1862,263886,14,1221,816,178
1863,263953,11,1226,821,178
1864,264026,13,1235,831,177
1865,264202,69,1239,829,186
1866,264293,14,1239,817,202
1867,264377,12,1241,805,219
1868,264450,11,1248,800,233
1869,264524,11,1258,792,255
1870,264612,11,1260,780,278
1871,264698,15,1264,775,291
1872,264830,25,1264,736,332
1873,264965,29,1274,734,344
1874,265168,42,1277,707,377
1875,265432,14,919,695,38
1876,265552,20,923,687,48
1877,265672,14,928,691,49
1878,265792,14,931,686,57
1879,265922,20,940,678,74
1880,266062,19,945,682,76
1881,266249,36,946,662,93
1882,266511,90,946,619,133
1883,266659,9,946,604,154
1884,266724,11,959,615,154
1885,266789,9,984,639,154
1886,266867,9,990,644,155
1887,266941,11,990,647,152
1888,267007,9,1002,653,161
1889,267090,10,1005,656,161
1890,267429,9,1012,631,184
1891,267510,10,1013,632,184
1892,267642,23,1013,632,184
1893,267763,26,1014,621,196
1894,267896,17,1015,613,211
1895,267971,12,1021,614,217
1896,268034,10,1031,616,227
1897,268115,10,1037,622,227
1898,268188,10,1050,635,227
1899,268280,11,1061,625,248
1900,268362,14,1077,641,248
1901,268432,10,1084,648,248
1902,268498,11,1098,657,249
1903,268710,45,1098,641,263
1904,268791,12,1098,640,264
1905,268872,12,1105,645,264
1906,268998,23,1108,641,272
1907,269104,21,1111,635,279
1908,269241,24,1111,618,299
1909,269311,12,1120,619,310
1910,269394,11,1123,622,310
1911,269473,11,1126,624,312
1912,269548,13,1134,624,312
1913,269616,12,1139,628,313
1914,269710,20,1150,632,322
1915,269910,11,1154,626,334
1916,269998,15,1154,622,340
1917,270243,68,813,621,0
1918,270412,36,818,626,0
1919,270605,44,820,602,25
1920,270727,14,829,601,43
1921,270822,8,832,595,54
1922,271032,9,844,608,53
1923,271113,9,848,612,53
1924,271180,9,854,607,65
1925,271598,10,854,580,92
1926,271671,10,870,583,108
1927,271811,27,869,576,110
1928,271924,17,874,575,119
1929,271988,9,880,579,120
1930,272132,13,884,578,127
1931,272200,8,883,578,127
1932,272268,9,877,578,121
1933,272329,9,893,594,121
1934,272391,9,906,606,122
1935,272471,9,906,605,123
1936,272554,9,910,609,123
1937,272645,11,914,600,133
1938,272736,12,916,600,137
1939,272804,10,917,597,139
1940,272880,9,915,595,138
1941,272975,30,923,602,138
1942,273172,63,928,600,142
1943,273342,24,930,588,156
1944,273472,18,936,587,165
1945,273549,9,937,589,163
1946,273620,10,943,598,160
1947,273687,10,948,595,173
1948,273764,11,947,593,175
1949,273824,8,945,594,172
1950,273890,10,945,592,174
1951,273965,9,945,592,174
1952,274037,10,947,593,175
1953,274115,9,956,600,175
1954,274183,10,956,591,185
1955,274368,10,958,578,192
1956,274429,10,968,588,192
1957,274552,22,975,595,192
1958,274692,24,978,598,192
1959,274845,29,990,607,194
1960,274964,10,992,611,192
1961,275037,18,992,611,192
1962,275169,13,801,611,1
1963,275757,9,816,602,27
1964,275826,9,832,610,31
1965,275896,8,835,598,46
1966,276023,21,839,592,48
1967,276170,28,849,599,48
1968,276250,10,847,594,51
1969,276316,9,852,594,58
1970,276405,8,857,593,66
1971,276488,11,862,590,73
1972,276608,11,862,588,80
1973,276694,10,863,589,80
1974,276768,9,878,601,81
1975,276841,8,883,604,81
1976,276915,9,893,613,81
1977,276991,10,895,614,82
1978,277063,9,907,622,85
1979,277140,11,913,625,90
1980,277232,32,920,630,92
1981,277372,27,919,628,93
1982,277503,23,923,626,99
1983,277731,58,924,613,114
1984,277850,10,939,627,111
1985,277920,11,950,635,114
1986,277998,11,958,640,116
1987,278071,14,969,651,114
1988,278139,9,972,653,114
1989,278211,10,976,657,114
1990,278287,9,979,661,113
1991,278353,10,980,662,113
1992,278430,9,976,662,109
1993,278506,12,980,667,108
1994,278566,9,983,670,108
1995,278644,15,986,673,108
1996,278714,10,992,679,108
1997,278922,26,991,679,107
1998,279058,24,993,677,113
1999,279185,26,993,677,113
2000,279248,10,993,676,114
2001,279634,11,995,672,119
2002,279710,11,1014,685,127
2003,279780,11,1033,702,129
2004,279843,10,1033,699,132
2005,279989,10,1036,695,137
2006,280096,29,1047,711,130
2007,280170,16,913,703,6
2008,280297,20,916,703,8
2009,280423,18,919,703,12
2010,280530,10,931,714,12
2011,280597,9,932,707,18
2012,280675,11,938,706,24
2013,280733,10,957,725,21
2014,280808,10,958,723,24
2015,280879,9,959,723,25
2016,280944,10,959,721,30
2017,281145,12,965,720,36
2018,281215,11,965,720,36
2019,281290,13,982,737,36
2020,281362,11,984,731,41
2021,281436,9,987,734,41
2022,281575,39,991,736,46
2023,281701,23,991,735,47
2024,281827,26,1002,738,50
2025,281934,10,1006,742,50
2026,282006,10,1010,740,55
2027,282067,11,1018,748,55
2028,282215,56,1022,751,55
2029,282306,10,1025,744,65
2030,282385,12,1030,745,68
2031,282451,10,1038,752,68
2032,282530,12,1044,749,71
2033,282612,11,1054,758,72
2034,282691,14,1053,759,70
2035,282772,11,1055,762,69
2036,282853,11,1059,766,69
2037,282971,31,1073,778,71
2038,285879,110,914,688,4
2039,286009,18,917,691,4
2040,286088,12,933,704,6
2041,286163,8,934,705,6
2042,286232,8,942,713,6
2043,286521,10,943,708,9
2044,286590,12,944,709,9
2045,286661,9,944,700,18
2046,286736,9,955,705,20
2047,286814,10,968,716,20
2048,286906,10,980,724,21
2049,286980,13,986,730,21
2050,287081,33,998,742,21
2051,287229,23,1012,754,21
2052,287371,25,1023,764,21
2053,287482,10,1027,768,21
2054,287637,11,1029,770,21
2055,287709,11,1033,774,21
2056,287774,9,1032,774,20
2057,287842,9,1030,774,18
2058,287908,10,1045,787,18
2059,287973,9,1046,788,18
2060,288040,10,1047,791,16
2061,288122,9,1052,794,16
2062,288181,10,1057,799,16
2063,288251,9,1063,805,16
2064,288338,16,1068,810,16
2065,288403,10,1073,814,16
2066,288511,22,1080,821,16
2067,288749,63,1084,824,16
2068,288885,23,1087,827,16
2069,288989,10,1086,827,15
2070,289059,10,1093,834,15
2071,289127,10,1101,842,15
2072,289202,11,1102,843,15
2073,289264,11,1109,850,15
2074,289538,15,1113,853,15
2075,289608,12,1119,851,22
2076,289672,11,1130,856,24
2077,289734,11,1132,857,25
2078,289884,12,1133,854,29
2079,289951,10,1134,851,31
2080,290154,77,1140,858,33
2081,290327,56,1108,833,31
2082,290393,10,1108,800,69
2083,290466,10,1112,792,79
2084,290545,15,1117,783,96
2085,290618,10,1122,770,114
2086,290696,10,1138,786,114
2087,290760,10,1144,787,124
2088,290845,15,1144,769,147
2089,291011,10,1154,770,160
2090,291098,11,1159,759,179
2091,291184,12,1159,758,179
2092,291265,10,1161,750,191
2093,291391,47,1166,719,232
2094,291585,37,1177,708,252
2095,291779,31,1186,710,262
2096,291860,11,1189,713,262
2097,291935,11,1200,722,259
2098,292183,21,1201,694,287
2099,292306,25,1213,697,299
2100,292442,24,1219,701,300
2101,292583,22,1225,689,315
2102,292715,25,1231,667,349
2103,292906,45,1234,643,381
2104,293114,45,1236,645,381
2105,293237,24,1241,647,384
2106,293377,20,1255,649,396
2107,293531,26,1260,638,420
2108,294147,519,1266,641,424
2109,294335,29,1274,594,486
2110,294421,12,1274,577,503
2111,294482,11,1276,568,514
2112,294552,11,1278,568,516
2113,294618,15,1280,570,515
2114,294691,15,1291,579,519
2115,294773,15,1297,580,521
2116,294836,11,1299,580,523
2117,294905,12,1299,579,523
2118,294979,16,1303,583,523
2119,295074,17,1315,591,528
2120,295297,64,794,596,1
2121,295412,19,796,598,1
2122,295627,40,814,612,3
2123,295765,17,819,611,8
2124,296175,17,829,596,39
2125,296241,9,838,595,48
2126,296310,8,848,603,49
2127,296379,8,852,606,50
2128,296456,12,850,608,46
2129,296536,12,854,612,45
2130,296597,8,857,613,47
2131,296667,9,859,614,48
2132,296741,10,860,608,55
2133,296814,9,873,610,57
2134,296896,11,884,611,64
2135,296969,9,890,610,71
2136,297049,9,895,614,72
2137,297119,9,906,608,96
2138,297218,20,918,618,96
2139,297355,25,916,619,93
2140,297506,38,919,606,114
2141,297619,9,926,603,124
2142,297690,10,933,609,126
2143,297767,10,936,611,126
2144,298175,10,946,583,169
2145,298244,9,948,585,169
2146,298307,10,949,572,183
2147,298375,10,952,575,183
2148,298440,9,962,585,183
2149,298518,11,963,576,202
2150,298588,10,963,564,216
2151,298718,17,965,566,216
2152,298843,17,974,572,217
2153,298946,11,988,577,224
2154,299011,11,1008,596,224
2155,299071,10,1008,596,224
2156,299141,10,1016,603,223
2157,299213,10,1019,606,223
2158,299289,10,1024,611,223
2159,299367,11,1032,616,226
2160,299441,10,1036,618,229
2161,299515,12,1037,607,239
2162,299579,10,1037,607,239
2163,299660,12,1040,598,255
2164,299727,11,1041,599,255
2165,299803,10,1041,594,265
2166,299877,10,1047,600,265
2167,300011,26,1052,600,268
