tick,timestamp,query_runtime,trav_index_nodes,trav_vol_nodes,trav_unprod_nodes
0,885,38,23,23,0
1,1390,2,26,26,0
2,1668,9,48,48,0
3,2028,5,53,53,0
4,2302,3,58,58,0
5,2748,9,65,65,0
6,3045,2,81,81,0
7,3297,4,85,85,0
8,3576,3,91,91,0
9,3961,3,111,111,0
10,4301,5,124,124,0
11,4527,8,137,137,0
12,4878,14,143,143,0
13,5206,5,149,149,0
14,5448,7,163,163,0
15,5699,6,172,172,0
16,5933,8,178,178,0
17,6242,3,192,192,0
18,6486,6,197,197,0
19,6765,3,199,199,0
20,6961,3,206,206,0
21,7204,3,213,213,0
22,7418,3,218,218,0
23,7736,5,221,221,0
24,7933,9,229,229,0
25,8141,2,234,234,0
26,8316,8,237,237,0
27,8485,3,244,244,0
28,8758,3,253,253,0
29,9000,8,281,281,0
30,9311,8,292,292,0
31,9604,11,299,299,0
32,9959,9,317,317,0
33,10287,11,319,319,0
34,10604,5,323,323,0
35,10852,12,330,330,0
36,11071,3,354,354,0
37,11272,13,360,360,0
38,11551,9,368,368,0
39,11712,4,373,373,0
40,11882,10,377,377,0
41,12096,3,384,384,0
42,12263,9,401,401,0
43,12410,8,416,416,0
44,12672,15,432,432,0
45,12868,5,437,437,0
46,13086,9,445,445,0
47,13267,8,452,452,0
48,13481,8,459,459,0
49,13655,8,475,475,0
50,13874,15,478,478,0
51,14128,19,489,489,0
52,14306,6,492,492,0
53,14480,16,506,506,0
54,14636,9,523,523,0
55,14805,9,526,526,0
56,14991,13,543,543,0
57,15179,15,547,547,0
58,15445,18,551,551,0
59,15656,6,555,555,0
60,15819,6,560,560,0
61,15983,12,574,574,0
62,16208,16,577,577,0
63,16390,15,586,586,0
64,16685,26,601,601,0
65,16911,6,604,604,0
66,17102,5,610,610,0
67,17251,11,615,615,0
68,17425,13,627,627,0
69,17584,13,635,635,0
70,17738,13,646,646,0
71,18076,18,650,650,0
72,18377,16,652,652,0
73,18591,15,653,653,0
74,18787,20,657,657,0
75,19006,15,664,664,0
76,19176,6,667,667,0
77,19414,15,691,691,0
78,19628,21,707,707,0
79,19842,13,714,714,0
80,19996,15,719,719,0
81,20579,15,730,730,0
82,20801,23,746,746,0
83,20959,13,750,750,0
84,21116,9,767,767,0
85,21273,10,768,768,0
86,21420,16,774,774,0
87,21535,9,781,781,0
88,21724,16,810,810,0
89,21841,12,843,843,0
90,22038,23,857,857,0
91,22251,23,865,865,0
92,22420,14,871,871,0
93,22576,17,874,874,0
94,22739,11,896,896,0
95,22889,12,898,898,0
96,23082,20,906,906,0
97,23343,22,909,909,0
98,23628,29,916,916,0
99,23885,23,940,940,0
100,24128,16,944,944,0
101,24290,16,958,958,0
102,24440,22,960,960,0
103,24663,75,965,965,0
104,24777,15,981,981,0
105,25027,37,984,984,0
106,25296,23,987,987,0
107,25458,19,1003,1003,0
108,25581,22,1008,1008,0
109,25778,26,1012,1012,0
110,25969,17,1017,1017,0
111,26121,14,1019,1019,0
112,26257,18,1021,1021,0
113,26498,42,1034,1034,0
114,26697,24,1043,1043,0
115,26906,20,1055,1055,0
116,27096,15,1081,1081,0
117,27266,23,1097,1097,0
118,27423,26,1117,1117,0
119,27678,20,1130,1130,0
120,27870,43,1138,1138,0
121,28131,95,1143,1143,0
122,28381,22,1162,1162,0
123,28542,20,1163,1163,0
124,28763,74,1169,1169,0
125,28916,26,1173,1173,0
126,29123,24,1175,1175,0
127,29325,44,1180,1180,0
128,29558,30,1191,1191,0
129,29761,20,1194,1194,0
130,29955,25,1200,1200,0
131,30142,17,1201,1193,0
132,30294,20,1221,1212,0
133,30489,18,1226,1193,14
134,30651,24,1241,1178,37
135,30890,33,1250,1164,43
136,31204,55,1201,1127,9
137,31354,20,1213,1121,20
138,31995,512,1218,1069,47
139,32411,45,1162,966,48
140,32600,26,1166,947,62
141,32789,24,1171,939,64
142,33059,84,1178,919,82
143,33264,31,1100,896,13
144,33507,36,1110,877,33
145,33811,23,1116,872,43
146,34136,134,1137,863,71
147,34435,74,1076,836,28
148,34616,19,1080,829,35
149,34850,29,1089,829,39
150,35180,23,1042,809,5
151,35367,19,1048,778,30
152,35546,16,1051,763,44
153,35709,24,1073,764,64
154,35902,26,1085,749,89
155,36259,31,981,731,3
156,36485,32,991,717,28
157,36638,14,1007,720,35
158,36776,18,1016,718,40
159,36913,18,1040,725,50
160,37163,21,984,717,4
161,37323,18,993,715,11
162,37476,15,1002,717,17
163,37695,28,1007,711,23
164,37935,13,1032,700,53
165,38120,21,980,689,12
166,38262,15,992,685,25
167,38401,15,998,686,32
168,38547,13,1015,695,42
169,38719,19,1020,686,55
170,38855,16,1034,694,59
171,39069,50,1040,692,68
172,39375,72,976,691,5
173,39589,16,984,687,12
174,39715,17,995,691,17
175,39843,16,1016,704,27
176,39985,15,1031,703,42
177,40169,27,1000,700,11
178,40381,32,1008,700,17
179,40596,33,1021,705,26
180,40799,17,1034,709,29
181,40921,15,1034,713,25
182,41088,33,1038,705,33
183,41336,36,1016,690,25
184,41487,17,1028,696,28
185,41635,15,1040,705,30
186,41774,18,1060,696,55
187,41980,33,1088,698,66
188,42286,51,1024,674,17
189,42392,15,1037,679,23
190,42545,15,1060,689,39
191,42692,17,1072,698,41
192,42831,20,1089,700,57
193,43046,32,1094,689,75
194,43203,23,1038,697,12
195,43391,32,1046,693,28
196,43608,25,1052,688,36
197,43811,14,1067,697,44
198,43943,14,1078,706,44
199,44115,25,1057,729,2
200,44247,18,1060,726,10
201,44377,17,1068,718,25
202,44539,9,1069,694,54
203,44723,30,1076,685,71
204,44895,26,1091,696,72
205,45090,23,1103,684,82
206,45280,77,1027,689,0
207,45404,17,1041,685,19
208,45535,14,1060,696,25
209,45659,14,1063,696,27
210,45800,16,1075,686,48
211,45925,16,1075,674,57
212,46217,58,1025,669,5
213,46396,21,1048,685,8
214,46540,13,1051,682,13
215,46650,17,1072,686,30
216,46806,58,1086,680,52
217,46926,19,1090,675,60
218,47080,29,1101,672,73
219,47193,18,1047,673,15
220,47319,14,1055,664,29
221,47497,70,1071,676,37
222,47684,31,1074,669,48
223,47871,26,1090,672,57
224,48010,19,1092,662,71
225,48172,38,1034,668,2
226,48371,21,1045,670,5
227,48486,19,1051,672,6
228,48602,14,1066,679,8
229,48717,16,1077,683,17
230,48824,18,1088,683,26
231,49791,47,1091,652,72
232,50129,65,1040,657,13
233,50293,20,1037,665,3
234,50423,18,1040,668,3
235,50549,17,1044,670,3
236,50670,15,1047,666,10
237,50818,19,1061,675,14
238,50983,14,1076,684,16
239,51136,36,1061,680,10
240,51303,30,1064,679,12
241,51492,35,1068,675,20
242,51645,20,1064,670,23
243,51765,15,1074,673,34
244,51881,20,1080,675,36
245,52002,19,1087,676,47
246,52237,43,1058,685,2
247,52354,16,1065,686,7
248,52474,20,1069,680,23
249,52602,12,1069,670,30
250,52792,26,1075,669,34
251,52968,27,1082,668,41
252,53290,152,1040,665,5
253,53440,19,1046,669,9
254,53562,18,1058,675,14
255,53681,22,1077,690,14
256,53817,25,1082,690,17
257,53949,19,1090,693,18
258,54137,53,1075,695,1
259,54324,38,1082,689,14
260,54606,30,1094,691,19
261,54767,19,1110,704,19
262,54907,24,1116,706,23
263,55042,25,1123,710,24
264,55201,28,1110,718,5
265,55349,20,1123,724,5
266,55478,23,1129,725,9
267,55606,22,1130,725,9
268,55948,30,1140,721,20
269,56166,41,1155,740,10
270,56318,15,1167,743,19
271,56438,17,1169,744,19
272,56554,19,1185,755,23
273,56675,17,1192,760,21
274,56797,24,1204,772,21
275,57076,169,1210,773,23
276,57272,44,1193,763,20
277,57454,33,1209,772,27
278,57672,40,1218,779,27
279,57847,19,1224,776,38
280,57993,16,1232,784,38
281,58162,34,1201,790,0
282,58322,9,1211,794,11
283,58416,17,1221,803,14
284,58507,13,1223,804,17
285,58645,18,1234,810,20
286,58823,30,1248,819,25
287,59007,39,1262,825,31
288,59214,43,1240,833,1
289,59385,10,1246,832,7
290,59438,9,1247,832,8
291,59523,18,1248,832,9
292,59621,10,1259,841,9
293,59705,10,1263,841,12
294,59764,10,1277,855,10
295,59851,11,1293,863,18
296,59927,10,1307,875,18
297,60084,73,1314,860,46
298,60378,64,1261,809,57
299,60581,31,1273,806,70
300,60779,20,1280,753,135
301,60912,20,1290,747,148
302,61031,23,1315,761,159
303,61330,38,1179,749,47
304,61457,20,1201,764,48
305,61620,23,1208,770,51
306,61749,22,1217,777,51
307,61941,33,1223,782,51
308,62168,31,1173,778,6
309,62251,9,1189,782,9
310,62397,8,1194,786,9
311,62523,12,1203,793,11
312,62605,8,1216,800,17
313,62675,9,1227,803,28
314,62765,9,1236,802,31
315,62834,9,1247,810,37
316,62900,10,1270,832,37
317,62971,9,1274,834,35
318,63266,61,1246,828,16
319,63441,35,1254,806,54
320,63637,37,1264,809,64
321,63784,26,1270,800,79
322,63947,31,1284,797,97
323,64173,50,1189,799,0
324,64281,14,1209,801,14
325,64448,16,1214,784,42
326,64540,11,1217,766,65
327,64623,10,1232,781,65
328,64761,29,1240,762,101
329,64920,26,1246,754,113
330,65087,23,1252,749,135
331,65191,13,1142,771,0
332,65352,11,1155,763,14
333,65493,19,1161,764,18
334,65608,17,1170,760,27
335,65743,17,1180,756,40
336,65869,14,1186,761,40
337,66013,25,1190,755,51
338,66241,75,1154,759,11
339,66541,127,1164,746,30
340,66707,16,1168,734,46
341,66819,19,1172,726,58
342,66935,20,1198,744,68
343,67064,23,1210,744,81
344,67277,38,1142,746,12
345,67401,20,1157,757,13
346,67534,17,1181,767,26
347,67826,38,1183,760,37
348,68011,25,1186,745,58
349,68192,32,1131,702,60
350,68305,14,1142,704,71
351,68446,23,1152,697,88
352,68580,16,1161,693,95
353,68724,26,1169,698,93
354,68928,109,1172,690,102
355,69003,12,1191,696,114
356,69266,79,1087,704,5
357,69462,22,1099,705,12
358,69589,10,1104,707,15
359,69655,9,1115,710,23
360,69721,9,1119,714,23
361,69795,9,1133,726,23
362,69977,12,1145,726,41
363,70093,23,1111,730,0
364,70177,9,1129,742,2
365,70282,14,1137,747,5
366,70369,8,1144,754,5
367,70508,22,1157,764,6
368,70659,20,1169,773,9
369,70884,20,1191,789,17
370,71111,51,1193,779,27
371,71321,25,1184,786,11
372,71482,19,1186,779,19
373,71656,29,1213,784,41
374,71838,36,1225,791,42
375,72058,47,1238,791,52
376,72529,61,1195,765,35
377,72724,25,1213,768,43
378,72885,21,1222,763,52
379,73014,16,1237,768,71
380,73212,57,1184,780,5
381,73294,10,1199,790,14
382,73373,13,1205,795,14
383,73548,98,1208,795,20
384,73611,9,1224,809,21
385,73680,10,1230,810,23
386,73747,9,1243,820,27
387,73815,9,1250,823,31
388,73927,22,1267,835,38
389,74092,39,1300,859,45
390,74255,33,1275,867,10
391,75620,39,1219,821,8
392,75717,20,1245,842,14
393,75837,23,1262,843,25
394,75966,23,1271,840,38
395,76211,22,1234,837,3
396,76355,20,1249,842,3
397,76467,22,1255,844,7
398,76640,32,1264,848,19
399,76840,32,1284,859,29
400,77067,30,1289,843,48
401,77183,21,1245,843,3
402,77440,18,1262,836,30
403,77565,18,1268,838,32
404,77679,17,1276,839,33
405,77792,18,1286,845,33
406,77912,18,1294,850,38
407,78041,26,1295,843,42
408,78248,46,1259,836,11
409,78435,28,1266,837,17
410,78588,27,1276,837,29
411,78692,22,1285,832,44
412,78825,21,1298,840,46
413,78939,17,1311,848,51
414,79193,27,1316,860,42
415,79300,10,1262,851,0
416,79370,10,1278,867,0
417,79464,11,1285,874,0
418,79591,25,1295,884,0
419,79710,27,1312,897,0
420,79877,28,1320,903,1
421,80034,31,1324,903,1
422,80179,23,1329,909,0
423,80309,26,1333,907,7
424,80442,21,1341,910,12
425,80582,24,1363,920,22
426,81188,75,1340,908,0
427,81392,34,1342,900,9
428,81517,16,1349,902,14
429,81637,15,1358,905,19
430,81775,20,1362,906,19
431,81918,28,1368,906,19
432,82068,24,1380,908,30
433,82194,10,1360,913,4
434,82294,12,1376,923,5
435,82396,13,1381,918,5
436,82528,22,1389,920,8
437,82815,26,1397,916,24
438,82944,25,1401,912,36
439,83033,20,1414,923,38
440,83137,30,1380,925,0
441,83250,21,1390,934,0
442,83319,12,1407,948,0
443,83397,11,1415,951,5
444,83513,22,1435,963,17
445,83639,22,1441,955,27
446,83761,18,1446,956,28
447,83875,23,1453,961,28
448,84036,49,1471,977,33
449,84477,74,1428,962,5
450,84685,33,1436,963,9
451,84813,23,1444,969,10
452,84928,20,1459,975,16
453,85065,24,1464,977,20
454,85200,30,1447,976,6
455,85305,20,1455,975,8
456,85426,22,1461,973,16
457,85546,23,1464,970,16
458,85672,18,1471,976,19
459,85855,39,1487,991,20
460,86236,38,1465,981,0
461,86402,34,1471,981,7
462,86513,26,1480,985,11
463,86639,30,1488,987,16
464,86767,29,1503,999,19
465,86902,27,1507,990,34
466,87047,30,1518,999,35
467,87209,48,1490,1004,2
468,87329,25,1511,1019,2
469,87509,36,1521,1020,2
470,87952,270,1524,1019,6
471,88228,52,1519,1015,6
472,88383,29,1540,1025,12
473,88495,23,1550,1031,12
474,88607,24,1550,1023,20
475,88740,26,1553,1020,26
476,88883,36,1562,1020,37
477,89040,34,1564,1021,37
478,89243,62,1535,1024,3
479,89487,44,1541,1020,10
480,89695,52,1549,1000,32
481,90128,267,1553,951,101
482,90327,39,1457,914,47
483,90508,22,1464,918,52
484,90654,21,1476,914,75
485,90850,43,1484,891,121
486,91067,40,1486,869,152
487,91301,47,1349,841,38
488,91433,27,1357,844,39
489,91548,11,1365,830,65
490,91618,11,1392,837,88
491,91701,11,1397,819,113
492,91929,23,1409,811,132
493,92079,32,1424,818,140
494,92233,32,1289,809,21
495,92458,39,1300,784,67
496,92652,16,1306,746,110
497,92791,24,1313,707,171
498,92937,24,1317,696,194
499,93214,72,1110,682,1
500,93355,23,1126,698,1
501,93493,17,1142,705,6
502,93612,17,1156,712,8
503,94019,25,1167,705,33
504,94219,35,1148,715,6
505,94340,19,1166,713,24
506,94455,14,1179,724,28
507,94582,18,1186,696,68
508,94698,14,1209,706,74
509,94818,16,1223,704,85
510,94907,11,1226,704,87
511,94982,9,1229,707,87
512,95092,11,1129,693,1
513,95160,10,1137,693,12
514,95355,130,1143,693,26
515,95502,22,1166,692,53
516,95640,18,1187,706,64
517,95767,13,1194,705,71
518,95900,25,1201,707,70
519,96058,31,1213,701,95
520,96245,53,1132,711,4
521,96371,13,1135,693,29
522,96501,14,1141,685,45
523,96610,19,1146,687,52
524,96727,17,1174,709,54
525,96906,27,1184,702,80
526,97231,36,1074,678,10
527,97323,8,1085,685,15
528,97389,9,1097,695,16
529,97469,12,1111,703,19
530,97534,8,1133,719,23
531,97635,18,1137,719,27
532,97749,13,1153,724,39
533,97862,17,1174,742,42
534,97986,21,1175,730,57
535,98150,39,1122,732,3
536,98269,14,1133,737,12
537,98438,23,1147,740,29
538,98775,32,1160,728,60
539,98928,19,1167,716,81
540,99042,25,1179,717,89
541,99183,23,1104,719,3
542,99290,20,1109,721,3
543,99391,17,1127,735,3
544,99458,9,1131,736,10
545,99539,9,1138,737,18
546,99619,9,1150,730,39
547,99693,9,1155,732,46
548,99752,9,1167,735,55
549,99865,16,1168,738,53
550,100175,43,1166,714,77
551,100336,23,1092,685,45
552,100451,17,1121,707,55
553,100508,8,1135,720,55
554,100568,9,1143,723,58
555,100629,9,1152,729,63
556,100687,9,1165,732,74
557,100766,8,1175,727,97
558,100844,8,1177,727,100
559,100947,20,1202,742,112
560,101066,21,1218,754,113
561,101241,24,1125,755,15
562,101482,155,1139,755,23
563,101656,21,1141,749,41
564,101796,18,1151,756,42
565,101899,18,1156,759,45
566,101977,9,1160,761,50
567,102041,13,1162,763,50
568,102145,12,1119,768,4
569,102206,8,1126,775,4
570,102269,8,1130,779,4
571,102336,9,1140,786,4
572,102404,9,1153,799,4
573,102472,12,1158,803,4
574,102546,9,1161,805,4
575,102767,10,1174,810,11
576,102852,8,1181,816,11
577,102965,33,1189,818,17
578,103118,28,1189,831,2
579,103234,16,1198,840,2
580,103388,18,1203,835,11
581,103463,9,1204,831,16
582,103547,14,1211,834,16
583,103612,9,1222,838,22
584,103676,9,1228,836,27
585,103742,9,1234,829,42
586,103807,11,1245,832,55
587,104058,17,1251,829,60
588,104148,13,1201,824,13
589,104216,11,1210,829,18
590,104286,12,1225,844,18
591,104353,10,1240,856,18
592,104467,22,1247,863,18
593,104587,25,1259,874,18
594,104705,24,1272,886,18
595,104816,25,1279,893,18
596,104886,10,1298,912,18
597,104961,10,1309,921,17
598,105036,22,1325,936,17
599,105273,21,1312,940,0
600,105342,12,1325,953,0
601,105402,11,1329,957,0
602,105481,13,1346,972,0
603,105542,11,1349,972,2
604,105612,11,1361,982,3
605,105685,11,1368,987,3
606,105748,10,1378,997,3
607,105804,11,1406,1019,8
608,105960,36,1428,1034,12
609,106115,35,1414,1031,0
610,106297,27,1418,1026,9
611,106580,19,1429,1023,17
612,106651,12,1447,1041,17
613,106753,11,1453,1046,19
614,106825,11,1457,1050,16
615,106892,11,1462,1053,17
616,106967,11,1466,1056,17
617,107053,16,1475,1057,23
618,107134,17,1466,1068,0
619,107221,13,1475,1075,2
620,107299,11,1490,1089,3
621,107365,11,1493,1091,3
622,107440,11,1498,1091,7
623,107694,24,1502,1067,28
624,107839,32,1505,1065,36
625,107970,26,1513,1056,44
626,108116,14,1471,1060,0
627,108182,11,1474,1055,5
628,108281,15,1479,1059,8
629,108336,11,1491,1071,8
630,108408,12,1505,1080,10
631,108470,12,1522,1097,10
632,108553,14,1541,1111,12
633,108635,14,1553,1112,16
634,108861,13,1551,1099,28
635,108930,13,1557,1093,41
636,109007,13,1560,1095,41
637,109227,69,1528,1101,0
638,109348,25,1531,1094,9
639,109500,27,1536,1070,31
640,109611,11,1548,1078,32
641,109688,13,1557,1081,34
642,109769,14,1568,1090,35
643,109839,13,1579,1091,39
644,109932,14,1590,1100,39
645,110176,24,1606,1107,47
646,110279,34,1566,1109,7
647,110363,14,1570,1113,10
648,110436,13,1572,1112,13
649,110513,15,1581,1116,19
650,110618,40,1581,1109,22
651,110739,30,1592,1120,22
652,110912,34,1612,1138,22
653,111065,48,1615,1133,24
654,111185,18,1596,1138,0
655,111264,14,1602,1144,0
656,113235,88,1558,1069,3
657,113356,12,1562,1069,6
658,113470,26,1564,1061,21
659,113579,24,1568,1059,24
660,113690,22,1582,1068,27
661,113819,25,1598,1080,33
662,113892,12,1612,1090,38
663,113961,12,1624,1099,40
664,114095,30,1628,1105,37
665,114180,16,1594,1109,0
666,114271,16,1600,1109,2
667,114387,37,1607,1114,2
668,114647,126,1614,1116,7
669,114804,30,1616,1100,25
670,114920,16,1629,1109,25
671,114994,13,1631,1111,25
672,115118,17,1606,1107,3
673,115190,12,1621,1118,9
674,115264,14,1633,1129,9
675,115349,14,1649,1137,12
676,115439,19,1654,1138,15
677,115599,25,1660,1128,21
678,115703,15,1664,1130,26
679,115821,28,1681,1143,28
680,116047,52,1692,1154,28
681,116278,62,1669,1155,3
682,116572,32,1676,1138,23
683,116670,12,1680,1139,28
684,116736,13,1692,1144,33
685,116806,13,1696,1145,29
686,116864,12,1703,1148,32
687,116929,13,1705,1148,32
688,117005,14,1723,1164,33
689,117112,27,1697,1164,6
690,117181,13,1700,1168,7
691,117245,13,1704,1169,10
692,117313,12,1708,1169,12
693,117381,13,1715,1171,15
694,117456,13,1720,1171,16
695,117525,13,1726,1176,16
696,117790,27,1736,1174,21
697,117924,32,1747,1183,21
698,118055,38,1758,1193,21
699,118204,32,1740,1194,4
700,118274,13,1744,1197,4
701,118343,13,1769,1215,9
702,118405,12,1770,1216,9
703,118475,14,1783,1217,23
704,118540,13,1789,1222,23
705,118611,13,1795,1226,23
706,118674,14,1796,1226,25
707,118741,13,1819,1245,25
708,118810,13,1826,1250,28
709,119025,18,1842,1262,34
710,119134,29,1810,1259,4
711,119269,36,1836,1276,10
712,119468,46,1853,1288,16
713,119665,44,1860,1289,20
714,119841,27,1862,1286,21
715,119950,30,1871,1295,21
716,120112,37,1897,1325,16
717,120275,35,1888,1297,34
718,120428,33,1899,1271,68
719,120573,18,1912,1278,73
720,120653,14,1921,1252,109
721,120922,202,1937,1262,117
722,121161,81,1958,1254,146
723,121418,56,1816,1212,57
724,121567,27,1832,1211,82
725,121736,37,1842,1184,119
726,121890,33,1850,1182,128
727,122067,53,1860,1178,147
728,122272,54,1720,1153,39
729,122410,28,1726,1133,74
730,122603,54,1730,1129,80
731,122826,53,1737,1113,102
732,122975,14,1742,1083,142
733,123206,29,1754,1067,177
734,123307,19,1583,1061,14
735,123388,12,1589,1055,24
736,123463,12,1597,1054,36
737,123534,12,1610,1048,55
738,123606,12,1615,1040,69
739,123672,12,1622,1046,69
740,123737,12,1656,1075,69
741,123808,13,1674,1093,69
742,123874,13,1680,1100,68
743,123945,12,1686,1085,88
744,124115,48,1704,1101,90
745,124254,31,1625,1098,9
746,124559,35,1627,1065,43
747,124638,13,1639,1074,43
748,124725,15,1648,1074,47
749,124796,12,1658,1061,84
750,124876,12,1671,1059,101
751,124955,13,1683,1060,112
752,125047,31,1693,1049,132
753,125158,29,1555,1021,21
754,125230,13,1562,1023,28
755,125312,14,1573,1029,25
756,125399,12,1578,1030,29
757,125468,12,1593,1026,50
758,125550,12,1613,1042,54
759,125677,27,1620,1034,69
760,125953,30,1623,1007,100
761,126138,51,1641,1002,128
762,126255,14,1533,998,25
763,126370,24,1544,965,73
764,126454,11,1554,958,97
765,126524,12,1556,946,111
766,126623,11,1566,949,116
767,126695,12,1584,954,135
768,126767,11,1581,956,130
769,126837,12,1590,962,132
770,126914,12,1600,964,135
771,126977,12,1608,965,137
772,127078,24,1611,968,134
773,127343,47,1482,965,6
774,127475,26,1490,948,29
775,127618,38,1507,946,45
776,127740,22,1516,945,62
777,127795,11,1528,955,65
778,127863,12,1550,972,66
779,127936,12,1556,970,70
780,128003,12,1572,979,81
781,128129,25,1475,966,0
782,128209,11,1488,978,0
783,128268,11,1500,988,1
784,128339,13,1507,991,3
785,128405,11,1510,992,4
786,128483,12,1524,1002,5
787,128711,11,1540,1000,22
788,128812,26,1559,1015,22
789,128935,25,1587,1039,30
790,129126,34,1591,1030,38
791,129278,20,1560,1023,10
792,129351,12,1568,1021,21
793,129419,11,1576,1023,28
794,129486,13,1587,1029,31
795,129551,13,1587,1019,43
796,129621,14,1613,1030,54
797,129800,37,1617,1018,68
798,129907,12,1631,1023,77
799,129973,12,1639,1024,80
800,130218,176,1643,1021,95
801,130352,29,1566,1021,10
802,130485,24,1574,1007,28
803,130611,25,1585,1002,42
804,130724,13,1604,1006,59
805,130789,15,1609,992,78
806,130848,12,1613,986,90
807,130916,12,1626,992,96
808,130978,13,1633,986,108
809,131100,29,1637,987,109
810,131196,25,1532,984,8
811,131289,13,1536,985,13
812,131375,12,1541,988,18
813,131471,14,1548,995,18
814,131738,193,1555,988,27
815,131866,25,1565,983,42
816,131994,26,1574,979,53
817,132158,28,1520,968,13
818,132219,13,1522,963,23
819,132302,12,1530,959,39
820,132400,12,1533,955,48
821,132522,22,1541,941,72
822,132638,21,1547,945,72
823,132747,24,1554,949,74
824,132871,22,1572,945,94
825,132996,23,1583,952,100
826,133175,38,1482,958,0
827,133585,264,1493,945,29
828,133708,23,1520,940,57
829,133811,22,1525,944,57
830,133905,12,1543,947,63
831,133984,14,1549,953,63
832,134092,25,1558,959,63
833,134168,16,1502,954,17
834,134244,14,1504,942,32
835,134318,12,1514,938,41
836,134383,12,1518,926,53
837,134469,23,1526,931,53
838,134537,11,1534,935,57
839,134600,13,1541,942,57
840,134671,12,1550,948,63
841,134741,11,1558,955,63
842,134991,22,1563,925,105
843,135204,62,1475,933,5
844,135345,32,1485,938,10
845,135489,28,1502,941,24
846,135560,13,1504,937,29
847,135642,11,1508,934,36
848,135698,11,1514,929,44
849,135759,11,1524,936,47
850,135826,15,1534,943,50
851,135893,11,1537,931,65
852,135961,12,1546,939,65
853,136055,28,1567,956,64
854,136133,17,1517,968,0
855,136364,175,1532,974,4
856,136435,12,1543,980,7
857,136501,20,1546,982,7
858,136623,26,1559,977,26
859,136763,33,1576,990,31
860,136893,27,1579,982,40
861,136988,12,1600,987,70
862,137093,23,1612,995,72
863,137161,12,1546,995,4
864,137242,12,1557,995,14
865,137317,12,1564,998,21
866,137380,11,1572,1002,25
867,137441,12,1577,998,35
868,137497,12,1583,1004,35
869,137720,173,1594,1011,35
870,137794,14,1609,1017,35
871,137886,16,1619,1027,36
872,137964,15,1624,1031,38
873,138173,49,1606,1039,3
874,138307,26,1616,1042,7
875,138473,42,1630,1042,28
876,138589,13,1650,1047,42
877,138658,15,1653,1044,46
878,138729,14,1655,1044,46
879,138801,14,1680,1066,46
880,138873,12,1685,1068,46
881,138939,13,1695,1075,50
882,139006,14,1718,1082,57
883,139287,35,1662,1078,3
884,139354,13,1675,1090,3
885,139419,12,1683,1090,14
886,139492,13,1689,1094,16
887,139599,28,1695,1093,23
888,139716,31,1698,1084,37
889,139866,32,1701,1081,49
890,140017,32,1713,1079,61
891,140182,43,1654,1081,0
892,140283,13,1662,1085,3
893,140411,21,1677,1081,19
894,140546,27,1697,1095,26
895,140688,28,1715,1095,38
896,140930,14,1726,1101,38
897,141009,15,1728,1101,39
898,141176,73,1693,1101,1
899,141324,34,1703,1108,4
900,141450,32,1703,1108,4
901,141557,14,1719,1121,4
902,141618,14,1720,1122,4
903,141684,13,1722,1124,4
904,141751,13,1733,1135,4
905,141832,13,1745,1146,4
906,141893,14,1749,1150,4
907,141964,14,1765,1165,4
908,142083,31,1768,1168,4
909,142358,207,1770,1174,0
910,142433,14,1787,1190,0
911,142519,21,1796,1198,0
912,142653,31,1797,1199,0
913,142787,34,1797,1199,0
914,142935,25,1808,1209,0
915,143046,40,1812,1212,0
916,143140,14,1816,1215,0
917,143210,15,1818,1217,0
918,143284,16,1823,1220,4
919,143363,19,1832,1218,9
920,143435,15,1847,1227,14
921,143531,19,1852,1223,31
922,143596,15,1860,1228,31
923,143799,14,1863,1219,46
924,143871,14,1887,1239,46
925,143963,41,1891,1229,59
926,144128,55,1903,1245,53
927,144259,45,1843,1231,9
928,144373,26,1849,1227,22
929,144438,14,1849,1229,19
930,144512,13,1851,1225,25
931,144578,13,1854,1227,25
932,144651,14,1874,1245,27
933,144725,13,1880,1248,27
934,144793,15,1891,1251,36
935,144851,14,1893,1253,36
936,145068,167,1919,1271,44
937,145170,31,1874,1266,1
938,145246,14,1879,1259,10
939,145330,15,1882,1253,16
940,145462,37,1897,1258,22
941,145603,37,1902,1258,27
942,145739,26,1914,1264,34
943,145864,32,1915,1261,39
944,145948,15,1920,1259,44
945,146016,15,1937,1271,47
946,146134,31,1898,1278,1
947,146201,15,1910,1286,1
948,146443,185,1925,1301,1
949,146512,15,1933,1305,5
950,146579,14,1934,1301,12
951,146646,14,1941,1306,14
952,146712,16,1948,1305,22
953,146769,15,1968,1322,25
954,146838,15,1982,1335,25
955,146902,15,1985,1332,35
956,147051,48,2002,1340,42
957,147258,78,1977,1349,1
958,147401,38,1982,1336,18
959,147465,14,1989,1336,21
960,147532,15,2001,1344,25
961,147745,157,2002,1342,26
962,147815,15,2009,1345,30
963,147879,15,2019,1349,38
964,147956,15,2019,1351,36
965,148046,31,2027,1360,33
966,148159,34,2002,1361,7
967,148222,16,2011,1366,11
968,148283,15,2013,1358,17
969,148350,16,2014,1346,30
970,148462,30,2014,1340,37
971,148588,32,2018,1335,39
972,148730,39,2022,1329,50
973,148850,21,2025,1322,67
974,150608,42,2030,1167,267
975,150861,39,1777,1137,40
976,150941,15,1743,1142,0
977,151017,13,1755,1134,28
978,151125,18,1749,1153,0
979,151203,13,1764,1166,4
980,151280,14,1777,1168,17
981,151359,13,1787,1156,45
982,151438,14,1796,1153,56
983,151516,13,1807,1161,56
984,151587,13,1811,1158,68
985,151657,17,1824,1160,85
986,151824,105,1832,1167,85
987,151959,28,1836,1158,96
988,152149,54,1841,1146,113
989,152285,28,1749,1135,35
990,152370,13,1753,1119,56
991,152452,16,1759,1112,71
992,152550,18,1768,1106,87
993,152638,16,1772,1109,87
994,152713,13,1793,1122,101
995,152784,14,1814,1123,124
996,152854,14,1826,1129,123
997,152930,14,1841,1138,129
998,153004,14,1844,1138,132
999,153254,149,1717,1142,0
1000,153383,32,1721,1116,37
1001,153508,30,1733,1092,76
1002,153636,28,1748,1061,118
1003,153740,13,1757,1047,147
1004,153813,16,1763,1038,172
1005,153884,13,1781,1030,201
1006,153947,13,1784,1011,229
1007,154013,12,1794,1015,231
1008,154174,39,1557,994,25
1009,154237,12,1575,997,38
1010,154303,12,1594,1014,38
1011,154367,12,1605,1021,42
1012,154459,17,1630,1041,42
1013,154541,13,1633,1044,42
1014,154807,25,1638,992,117
1015,154935,27,1639,960,154
1016,155103,42,1656,960,181
1017,155210,15,1493,968,14
1018,155284,12,1503,947,50
1019,155382,27,1516,940,66
1020,155471,12,1528,939,75
1021,155545,13,1550,956,81
1022,155617,18,1552,946,92
1023,155713,12,1574,953,103
1024,155781,13,1585,960,106
1025,155851,12,1598,973,106
1026,155911,13,1625,997,106
1027,155982,13,1629,1001,106
1028,156313,66,1638,985,137
1029,156487,54,1538,988,35
1030,156689,44,1551,965,88
1031,156845,26,1566,943,121
1032,156928,15,1588,954,129
1033,157012,16,1598,937,155
1034,157184,56,1448,938,0
1035,157269,12,1454,944,0
1036,157334,10,1476,965,0
1037,157414,12,1485,959,17
1038,157489,12,1496,967,17
1039,157557,11,1511,973,21
1040,157624,12,1539,997,23
1041,157690,13,1551,1003,23
1042,157935,29,1560,970,73
1043,158099,39,1565,964,81
1044,158266,26,1508,963,22
1045,158405,23,1512,953,37
1046,158488,12,1527,952,56
1047,158549,12,1544,953,69
1048,158621,13,1557,963,69
1049,158694,12,1572,976,69
1050,158763,12,1581,976,77
1051,158833,15,1589,984,77
1052,158902,14,1597,989,79
1053,158975,13,1603,997,77
1054,159067,24,1609,1003,77
1055,159134,17,1534,1005,0
1056,159363,166,1536,1003,9
1057,159428,11,1553,1000,29
1058,159564,27,1561,992,51
1059,159683,26,1579,997,62
1060,159803,25,1592,1007,63
1061,159913,14,1594,1004,70
1062,159985,11,1607,1010,76
1063,160056,18,1604,1002,81
1064,160132,14,1541,1016,4
1065,160198,11,1548,1023,4
1066,160262,12,1577,1041,14
1067,160334,11,1588,1037,31
1068,160404,12,1604,1047,34
1069,160470,12,1625,1061,40
1070,160537,12,1629,1064,44
1071,160760,165,1629,1055,52
1072,160820,13,1633,1048,69
1073,160888,12,1638,1051,69
1074,161011,25,1660,1060,74
1075,161235,72,1581,1052,9
1076,161370,30,1581,1036,36
1077,161482,16,1585,1032,47
1078,161553,12,1592,1022,65
1079,161613,12,1593,1023,65
1080,161683,12,1622,1050,62
1081,161746,12,1634,1059,62
1082,161806,12,1640,1065,62
1083,161869,12,1643,1066,65
1084,161935,12,1652,1072,69
1085,162004,12,1660,1077,70
1086,162282,17,1592,1070,5
1087,162360,13,1608,1072,18
1088,162439,15,1621,1076,30
1089,162538,28,1623,1078,30
1090,162664,28,1634,1081,37
1091,162780,28,1641,1079,46
1092,162899,27,1658,1085,56
1093,162981,12,1669,1088,59
1094,163078,23,1677,1087,64
1095,163150,13,1634,1099,8
1096,163210,12,1643,1099,19
1097,163284,13,1644,1100,19
1098,163355,13,1650,1103,23
1099,163420,12,1652,1105,23
1100,163646,14,1666,1113,33
1101,163722,13,1680,1124,30
1102,163802,13,1696,1137,34
1103,163864,14,1714,1151,38
1104,163943,21,1735,1165,41
1105,164107,45,1741,1152,51
1106,164230,37,1698,1149,11
1107,164368,29,1716,1144,35
1108,164464,13,1720,1142,41
1109,164528,13,1722,1138,46
1110,164591,13,1739,1153,47
1111,164658,13,1744,1153,51
1112,164735,14,1752,1139,71
1113,164809,17,1759,1139,75
1114,165111,27,1762,1134,81
1115,165218,23,1692,1142,0
1116,165303,16,1704,1149,9
1117,165378,16,1714,1155,13
1118,165499,29,1729,1159,18
1119,165626,31,1754,1168,34
1120,165749,33,1774,1182,35
1121,165858,14,1794,1187,56
1122,165932,16,1793,1181,65
1123,166005,16,1796,1168,74
1124,166137,31,1728,1167,4
1125,166211,16,1736,1168,4
1126,166299,15,1740,1172,4
1127,166373,14,1751,1183,0
1128,166630,18,1762,1180,15
1129,166713,14,1773,1185,22
1130,166788,18,1776,1186,27
1131,166920,42,1788,1195,32
1132,167072,41,1800,1202,36
1133,167224,41,1774,1197,25
1134,167333,14,1777,1193,30
1135,167398,15,1785,1193,32
1136,167467,15,1792,1194,36
1137,167546,15,1796,1194,39
1138,167623,15,1801,1195,43
1139,167717,18,1820,1214,42
1140,167808,15,1831,1219,48
1141,167936,35,1840,1223,53
1142,168256,29,1851,1225,61
1143,168409,97,1800,1234,3
1144,168555,31,1824,1247,5
1145,168698,38,1828,1242,17
1146,168817,15,1841,1236,34
1147,168891,14,1855,1237,43
1148,168956,14,1863,1237,45
1149,169046,28,1878,1250,45
1150,169129,26,1836,1253,0
1151,169190,14,1850,1265,0
1152,169262,14,1862,1274,0
1153,169327,14,1877,1283,8
1154,169393,16,1883,1282,14
1155,169632,180,1894,1289,18
1156,169702,15,1899,1268,48
1157,169772,15,1899,1268,48
1158,169934,35,1902,1269,46
1159,170105,42,1917,1273,56
1160,170245,36,1863,1271,1
1161,170341,17,1876,1277,4
1162,170412,14,1886,1281,9
1163,170476,15,1887,1275,18
1164,170545,15,1892,1271,26
1165,170605,14,1905,1281,34
1166,170676,17,1913,1281,35
1167,170747,14,1918,1283,39
1168,170819,14,1927,1291,39
1169,171072,188,1932,1288,49
1170,171184,29,1893,1296,0
1171,171259,15,1897,1298,1
1172,171375,34,1903,1295,9
1173,171503,35,1905,1295,12
1174,171633,35,1913,1295,23
1175,171767,34,1921,1293,34
1176,171839,15,1931,1299,37
1177,171905,16,1938,1301,41
1178,171993,33,1945,1303,45
1179,172131,35,1926,1313,13
1180,172204,17,1930,1314,19
1181,172274,15,1930,1314,19
1182,172351,14,1937,1318,19
1183,172573,16,1943,1312,26
1184,172653,20,1950,1310,35
1185,172739,17,1956,1312,35
1186,172881,35,1969,1321,38
1187,173010,43,1989,1332,49
1188,173235,88,1943,1325,4
1189,173342,16,1944,1321,6
1190,173418,16,1953,1326,9
1191,173479,16,1956,1323,16
1192,173565,16,1964,1329,15
1193,173638,15,1967,1328,18
1194,173747,16,1979,1340,18
1195,173836,18,1979,1338,24
1196,174128,205,1993,1335,31
1197,174230,35,1964,1335,0
1198,174372,43,1977,1346,2
1199,174553,55,1979,1333,14
1200,174704,39,1981,1325,24
1201,174816,18,1992,1327,31
1202,174886,16,2006,1330,42
1203,174959,16,2013,1336,44
1204,175120,31,2018,1347,37
1205,175195,17,1986,1349,4
1206,175265,16,1992,1347,13
1207,175328,16,2013,1365,19
1208,175401,16,2018,1363,30
1209,175666,204,2019,1358,34
1210,175751,16,2029,1362,41
1211,175892,36,2040,1361,52
1212,176070,68,2043,1348,57
1213,176269,37,1991,1338,14
1214,176345,15,1995,1342,14
1215,176424,16,1998,1343,14
1216,176510,20,2003,1339,24
1217,176584,16,2003,1330,28
1218,176659,20,2003,1324,32
1219,176739,15,2015,1327,36
1220,176805,15,2032,1342,40
1221,176869,15,2044,1348,46
1222,176937,15,2045,1344,49
1223,177211,35,2062,1354,57
1224,177343,52,2008,1356,1
1225,177481,37,2015,1358,2
1226,177626,39,2015,1346,10
1227,177763,36,2024,1352,11
1228,177843,15,2025,1349,19
1229,177909,15,2038,1362,19
1230,177996,28,2044,1366,19
1231,178175,47,2053,1372,16
1232,178263,21,2030,1356,14
1233,178357,16,2039,1360,19
1234,178436,17,2056,1367,24
1235,178507,18,2061,1368,29
1236,178751,15,2066,1362,41
1237,178882,37,2068,1358,45
1238,179011,36,2069,1355,48
1239,179195,72,2026,1360,0
1240,179283,18,2035,1369,0
1241,179369,19,2040,1374,0
1242,179449,18,2046,1380,0
1243,179525,19,2051,1385,0
1244,179609,19,2053,1387,0
1245,179669,17,2053,1387,0
1246,179745,15,2059,1392,0
1247,179814,15,2061,1394,0
1248,179883,19,2074,1407,0
1249,180248,241,2090,1423,0
1250,180424,37,2098,1429,0
1251,180573,33,2109,1440,0
1252,180693,16,2123,1440,16
1253,180779,18,2129,1435,29
1254,180873,19,2146,1422,65
1255,180959,17,2149,1402,96
1256,181097,43,2154,1386,128
1257,181260,29,2044,1324,80
1258,181362,17,2049,1275,138
1259,181454,17,2055,1256,173
1260,181543,15,2072,1239,206
1261,181628,18,2089,1237,230
1262,181928,34,2098,1215,262
1263,182139,58,2112,1206,296
1264,182337,21,1824,1175,35
1265,182411,16,1838,1172,46
1266,182485,14,1876,1197,64
1267,182561,14,1885,1184,89
1268,182643,16,1898,1192,94
1269,182735,17,1912,1190,115
1270,182832,17,1917,1159,151
1271,182914,16,1930,1164,164
1272,182997,16,1933,1132,203
1273,183184,55,1727,1123,23
1274,183504,29,1730,1104,48
1275,183641,33,1751,1111,57
1276,183779,31,1756,1080,98
1277,183888,17,1764,1058,143
1278,183977,15,1767,1026,180
1279,184106,34,1773,1014,195
1280,184196,20,1611,1029,12
1281,184350,16,1624,1031,23
1282,184439,14,1645,1027,53
1283,184530,16,1649,1005,82
1284,184605,13,1659,1014,80
1285,184677,13,1665,1017,80
1286,184753,17,1684,1026,96
1287,185050,206,1696,1027,99
1288,185272,71,1594,988,45
1289,185422,24,1605,974,65
1290,185516,12,1617,980,70
1291,185589,12,1618,963,92
1292,185661,13,1621,966,92
1293,185722,13,1634,977,93
1294,185784,12,1636,976,98
1295,185853,12,1648,970,116
1296,185922,13,1652,965,126
1297,185991,12,1654,964,129
1298,186100,30,1660,962,145
1299,186175,12,1523,967,3
1300,186245,12,1529,972,3
1301,186590,216,1534,965,19
1302,186713,29,1536,966,21
1303,186845,25,1543,960,31
1304,186976,27,1550,948,44
1305,187107,31,1516,956,2
1306,187162,12,1524,959,3
1307,187226,13,1546,976,5
1308,187286,13,1560,976,23
1309,187353,12,1568,971,34
1310,187421,12,1585,969,53
1311,187504,12,1591,962,63
1312,187572,12,1601,966,71
1313,187640,12,1607,946,103
1314,187704,13,1614,942,106
1315,187767,13,1624,946,112
1316,189709,47,1634,768,336
1317,190057,81,1304,723,65
1318,190306,66,1249,716,18
1319,190422,16,1257,703,40
1320,190537,21,1263,704,44
1321,190643,20,1279,716,45
1322,190762,20,1287,722,45
1323,190871,16,1296,723,46
1324,190993,16,1308,732,48
1325,191160,42,1265,731,3
1326,191276,20,1276,733,11
1327,191459,25,1279,717,25
1328,191578,21,1293,720,46
1329,191792,24,1295,690,78
1330,191886,10,1304,684,99
1331,191972,16,1346,722,97
1332,192108,30,1240,715,0
1333,192175,9,1242,716,0
1334,192239,10,1247,721,0
1335,192307,10,1252,720,6
1336,192381,10,1264,721,16
1337,192455,10,1270,723,21
1338,192520,10,1280,728,21
1339,192590,10,1292,737,21
1340,192658,10,1303,740,25
1341,192720,10,1317,752,29
1342,192787,9,1324,756,32
1343,192858,10,1343,772,36
1344,193115,151,1349,771,46
1345,193269,40,1307,750,12
1346,193392,23,1323,757,13
1347,193633,25,1349,774,16
1348,193739,20,1352,769,23
1349,193853,23,1359,765,35
1350,193966,21,1366,766,44
1351,194159,55,1337,774,8
1352,194306,22,1347,774,14
1353,194434,15,1363,770,36
1354,194581,23,1367,765,46
1355,194706,25,1376,772,51
1356,194825,25,1382,771,64
1357,194954,22,1396,780,68
1358,195250,27,1412,791,69
1359,195323,12,1368,805,11
1360,195396,10,1390,819,16
1361,195469,11,1393,816,23
1362,195553,14,1395,804,36
1363,195641,12,1405,807,42
1364,195723,11,1417,818,45
1365,195806,12,1424,823,49
1366,195876,11,1450,843,54
1367,195943,10,1460,851,55
1368,196012,11,1469,857,55
1369,196161,30,1415,850,12
1370,196297,24,1419,845,24
1371,196429,19,1427,849,29
1372,196558,26,1451,872,25
1373,196771,11,1453,864,40
1374,196842,11,1469,874,50
1375,196902,12,1479,882,50
1376,196973,11,1485,886,50
1377,197063,21,1500,894,54
1378,197133,16,1455,900,0
1379,197205,11,1461,906,0
1380,197272,10,1465,909,0
1381,197345,11,1486,927,6
1382,197415,12,1494,931,11
1383,197478,11,1510,939,17
1384,197537,11,1514,938,26
1385,197663,31,1532,947,30
1386,197799,27,1534,943,38
1387,197950,28,1545,942,41
1388,198254,35,1559,961,33
1389,198327,13,1526,952,12
1390,198395,12,1532,957,12
1391,198471,12,1536,953,19
1392,198540,12,1559,968,30
1393,198593,11,1566,975,30
1394,198662,12,1567,973,34
1395,198728,13,1573,979,34
1396,198799,14,1594,997,34
1397,198879,12,1603,1000,36
1398,198946,12,1623,1017,35
1399,199017,12,1630,1012,40
1400,199115,27,1606,1023,5
1401,199181,11,1613,1026,10
1402,199252,14,1617,1026,17
1403,199522,28,1621,1024,29
1404,199634,26,1632,1035,29
1405,199757,29,1633,1031,35
1406,199881,26,1640,1028,50
1407,200004,13,1650,1024,56
1408,200125,32,1608,1037,0
1409,200212,16,1609,1037,4
1410,200300,18,1609,1030,10
1411,200377,15,1613,1029,13
1412,200460,13,1630,1039,16
1413,200530,12,1641,1039,28
1414,200604,12,1644,1032,41
1415,200677,12,1651,1028,55
1416,200746,14,1661,1029,60
1417,200814,14,1678,1034,66
1418,201233,90,1621,1035,19
1419,201399,36,1628,1031,26
1420,201571,42,1634,1030,33
1421,201701,17,1641,1029,37
1422,201768,14,1648,1032,40
1423,201827,15,1679,1057,48
1424,201900,13,1693,1066,50
1425,201959,14,1705,1070,54
1426,202040,25,1722,1083,54
1427,202125,15,1671,1089,0
1428,202224,14,1675,1086,7
1429,202290,12,1678,1087,7
1430,202362,13,1694,1095,11
1431,202620,201,1698,1098,11
1432,202768,53,1704,1084,35
1433,202915,31,1716,1091,37
1434,203072,42,1718,1091,39
1435,203233,65,1679,1085,0
1436,203303,13,1688,1088,7
1437,203357,13,1695,1089,16
1438,203418,13,1708,1098,27
1439,203491,13,1713,1100,30
1440,203559,13,1721,1106,32
1441,203636,15,1729,1107,33
1442,203713,14,1742,1113,38
1443,203782,16,1759,1124,39
1444,203842,13,1768,1118,55
1445,203915,16,1785,1126,64
1446,204155,25,1800,1136,67
1447,204225,20,1733,1136,0
1448,204417,42,1737,1140,0
1449,204584,30,1744,1143,5
1450,204734,32,1757,1151,6
1451,204833,14,1759,1151,7
1452,204917,17,1772,1152,21
1453,204997,17,1783,1160,24
1454,205116,29,1762,1162,4
1455,205180,14,1770,1167,4
1456,205264,16,1777,1164,8
1457,205342,15,1790,1170,12
1458,205427,16,1791,1167,18
1459,205687,188,1803,1178,22
1460,205782,17,1815,1183,28
1461,205925,30,1821,1184,29
1462,206088,38,1822,1184,31
1463,206239,32,1799,1188,2
1464,206333,14,1801,1188,6
1465,206408,15,1831,1213,8
1466,206477,14,1836,1215,10
1467,206551,17,1836,1213,11
1468,206624,14,1847,1220,14
1469,206697,14,1852,1222,22
1470,206760,15,1853,1221,23
1471,206827,14,1859,1224,25
1472,206897,14,1873,1227,29
1473,206961,14,1878,1227,29
1474,207223,31,1861,1235,3
1475,207281,14,1861,1231,6
1476,207407,32,1862,1230,10
1477,207523,32,1868,1232,10
1478,207659,31,1880,1239,15
1479,207769,15,1895,1244,17
1480,207832,14,1908,1255,17
1481,207898,15,1913,1256,22
1482,207963,14,1918,1253,31
1483,208037,26,1932,1264,34
1484,208127,32,1904,1260,5
1485,208199,14,1913,1269,5
1486,208270,14,1917,1272,4
1487,208509,16,1944,1281,22
1488,208583,18,1955,1292,22
1489,208667,18,1968,1300,22
1490,208778,38,1983,1310,29
1491,208949,46,1997,1316,29
1492,209162,53,2022,1336,26
1493,209318,29,2007,1344,1
1494,209406,18,2013,1342,12
1495,209483,17,2020,1344,15
1496,209555,17,2023,1343,26
1497,209638,18,2021,1332,38
1498,209712,19,2022,1333,38
1499,209786,19,2039,1346,38
1500,209861,15,2045,1344,48
1501,210167,32,1988,1337,3
1502,210247,15,1991,1340,0
1503,210341,26,1997,1322,30
1504,210482,32,2012,1308,66
1505,210614,29,2028,1313,81
1506,210758,29,2039,1283,132
1507,210842,16,2043,1272,147
1508,210917,16,2049,1247,184
1509,211014,19,2057,1207,245
1510,211200,32,1813,1187,24
1511,211294,16,1820,1192,24
1512,211531,172,1837,1175,61
1513,211622,18,1839,1119,136
1514,211712,18,1847,1126,135
1515,211861,42,1848,1120,146
1516,212040,44,1850,1113,155
1517,212335,41,1724,1097,56
1518,212429,15,1738,1099,62
1519,212513,14,1761,1095,102
1520,212603,15,1788,1102,117
1521,212695,17,1791,1083,139
1522,212784,16,1801,1079,150
1523,212870,14,1809,1062,174
1524,212949,14,1814,1043,209
1525,213195,186,1825,1040,219
1526,213463,92,1608,1045,0
1527,213611,29,1628,1009,73
1528,213705,12,1636,1015,73
1529,213793,15,1641,1009,84
1530,213883,14,1642,993,106
1531,213960,13,1645,976,123
1532,214048,20,1647,955,146
1533,214178,22,1525,952,37
1534,214257,12,1537,957,50
1535,214338,12,1556,969,52
1536,214405,12,1561,966,60
1537,214469,12,1575,973,61
1538,214545,12,1582,974,62
1539,214805,206,1583,916,126
1540,214932,27,1596,925,128
1541,215119,35,1608,930,132
1542,215329,43,1488,932,9
1543,215408,12,1500,931,29
1544,215489,14,1520,947,26
1545,215565,11,1524,933,46
1546,215635,11,1529,923,68
1547,215701,12,1537,929,70
1548,215764,11,1544,931,75
1549,215837,13,1552,936,76
1550,215911,11,1570,934,92
1551,215980,12,1581,924,121
1552,216060,20,1610,946,134
1553,216306,173,1488,925,38
1554,216407,23,1496,915,56
1555,216544,25,1502,921,55
1556,216692,27,1506,920,55
1557,216841,25,1515,919,64
1558,216912,12,1535,934,64
1559,216971,12,1543,938,68
1560,217071,25,1549,939,71
1561,217169,17,1489,937,15
1562,217244,11,1499,934,32
1563,217318,12,1513,945,39
1564,217385,11,1530,958,41
1565,217459,16,1534,956,43
1566,217543,16,1561,979,45
1567,217607,15,1573,980,58
1568,217906,235,1578,958,84
1569,218042,40,1584,964,84
1570,218253,71,1503,967,0
1571,218358,21,1518,979,0
1572,218414,12,1520,980,0
1573,218483,12,1528,987,0
1574,218548,11,1534,993,0
1575,218618,12,1539,996,0
1576,218684,12,1556,1012,0
1577,218738,12,1558,1014,0
1578,218807,13,1562,1017,0
1579,218875,13,1577,1032,0
1580,218949,12,1587,1040,0
1581,219003,12,1591,1044,0
1582,219081,12,1594,1047,0
1583,219313,13,1610,1063,0
1584,219430,33,1614,1067,0
1585,219550,28,1621,1074,0
1586,219678,26,1630,1080,2
1587,219795,25,1638,1085,2
1588,219864,12,1647,1092,2
1589,219924,13,1653,1096,5
1590,219988,13,1672,1106,8
1591,220076,15,1673,1103,14
1592,220145,15,1676,1112,8
1593,220214,12,1697,1132,8
1594,220287,13,1708,1143,8
1595,220346,13,1711,1140,20
1596,220415,13,1720,1144,26
1597,220646,167,1734,1140,39
1598,220716,13,1739,1139,40
1599,220786,14,1748,1139,47
1600,220905,27,1751,1127,65
1601,221045,45,1753,1117,76
1602,221240,66,1681,1111,9
1603,221331,13,1702,1121,23
1604,221434,17,1705,1120,28
1605,221502,14,1715,1128,31
1606,221569,14,1716,1130,32
1607,221646,13,1722,1126,42
1608,221718,13,1737,1141,42
1609,221813,14,1762,1151,54
1610,221891,13,1771,1156,61
1611,222129,181,1776,1136,94
1612,222235,25,1695,1139,6
1613,222297,13,1695,1131,14
1614,222446,32,1712,1114,36
1615,222616,34,1718,1085,74
1616,222748,26,1720,1068,97
1617,222822,13,1728,1067,117
1618,222896,13,1736,1063,135
1619,222962,13,1756,1076,142
1620,223048,23,1765,1085,142
1621,223179,51,1641,1095,3
1622,223241,12,1655,1093,21
1623,223301,12,1667,1102,25
1624,223365,13,1673,1103,30
1625,223594,15,1679,1106,29
1626,223669,13,1681,1105,32
1627,223744,13,1689,1104,35
1628,223868,50,1697,1110,37
1629,224068,56,1706,1103,50
1630,224297,64,1659,1093,6
1631,224401,15,1672,1092,20
1632,224468,13,1682,1099,20
1633,224531,13,1698,1101,33
1634,224654,16,1705,1104,33
1635,224722,12,1725,1122,33
1636,224788,13,1736,1129,37
1637,224854,13,1739,1132,37
1638,224918,15,1748,1135,39
1639,225160,33,1752,1131,48
1640,225240,16,1712,1138,0
1641,225314,13,1728,1147,1
1642,225380,13,1730,1141,7
1643,225496,33,1735,1137,16
1644,225621,24,1740,1125,30
1645,225759,27,1747,1118,46
1646,225876,14,1757,1104,74
1647,225935,13,1772,1107,84
1648,225991,13,1774,1100,92
1649,226079,31,1776,1098,96
1650,226156,17,1684,1089,17
1651,226231,12,1695,1088,29
1652,226299,12,1699,1091,33
1653,226503,12,1704,1082,51
1654,226574,14,1719,1095,51
1655,226660,19,1723,1093,51
1656,226727,14,1734,1102,51
1657,226812,13,1736,1102,57
1658,226899,36,1739,1100,63
1659,227033,34,1752,1085,91
1660,227389,123,1663,1061,37
1661,227531,21,1677,1065,48
1662,227651,28,1682,1067,51
1663,227817,17,1691,1066,56
1664,227941,21,1700,1064,62
1665,228016,13,1710,1071,63
1666,228273,19,1656,1075,0
1667,228350,13,1669,1086,3
1668,228416,13,1676,1083,15
1669,228521,31,1682,1085,17
1670,228647,33,1683,1072,36
1671,228776,34,1685,1068,39
1672,228891,13,1698,1064,54
1673,228954,12,1702,1065,52
1674,229028,21,1719,1073,60
1675,229159,57,1669,1076,3
1676,229277,26,1673,1074,4
1677,229397,27,1691,1088,8
1678,229504,24,1697,1091,8
1679,229622,22,1712,1099,11
1680,229766,25,1716,1097,16
1681,231753,71,1649,1027,24
1682,231944,39,1658,1026,33
1683,232095,24,1667,1027,39
1684,232154,13,1649,1036,11
1685,232217,15,1652,1037,15
1686,232291,12,1655,1026,32
1687,232354,13,1666,1022,53
1688,232425,13,1680,1035,58
1689,232489,14,1687,1041,58
1690,232549,13,1689,1045,55
1691,232611,13,1693,1047,55
1692,232684,13,1697,1049,58
1693,232751,13,1708,1060,58
1694,232926,105,1712,1062,63
1695,232998,12,1718,1065,65
1696,233181,79,1662,1074,0
1697,233388,50,1672,1076,9
1698,233579,46,1674,1068,13
1699,233776,43,1680,1067,19
1700,233982,27,1689,1062,29
1701,234142,47,1665,1067,0
1702,234208,12,1672,1070,3
1703,234279,13,1677,1065,12
1704,234353,12,1684,1068,18
1705,234426,12,1689,1072,18
1706,234491,13,1694,1076,20
1707,234559,13,1706,1085,22
1708,234768,154,1711,1074,33
1709,234843,14,1717,1080,32
1710,234916,14,1724,1086,35
1711,235080,36,1731,1088,44
1712,235227,37,1697,1087,8
1713,235365,26,1703,1083,20
1714,235472,13,1714,1076,30
1715,235532,16,1729,1085,37
1716,235597,13,1746,1102,37
1717,235667,14,1754,1107,37
1718,235725,14,1755,1106,41
1719,235800,15,1770,1108,51
1720,235890,28,1782,1114,57
1721,235983,14,1803,1135,56
1722,236268,216,1808,1141,51
1723,236342,17,1764,1142,6
1724,236405,14,1771,1148,6
1725,236529,28,1777,1145,13
1726,236654,34,1784,1143,17
1727,236798,32,1796,1143,30
1728,236924,14,1804,1140,35
1729,237000,14,1818,1153,39
1730,237114,16,1786,1159,0
1731,237185,17,1789,1158,4
1732,237265,15,1795,1159,9
1733,237333,15,1802,1161,15
1734,237405,14,1812,1160,26
1735,237478,14,1819,1167,26
1736,237545,14,1833,1181,26
1737,237807,20,1852,1185,40
1738,237915,42,1860,1190,45
1739,238089,36,1869,1197,47
1740,238303,69,1830,1188,17
1741,238451,33,1839,1194,17
1742,238513,16,1849,1204,12
1743,238596,16,1858,1210,15
1744,238676,15,1865,1215,15
1745,238753,15,1871,1217,15
1746,238833,16,1872,1216,15
1747,238904,18,1872,1212,19
1748,239065,22,1875,1210,22
1749,239154,20,1859,1212,2
1750,239228,19,1863,1210,11
1751,239539,37,1869,1200,31
1752,239691,44,1872,1198,36
1753,239842,39,1884,1204,44
1754,239951,17,1884,1203,47
1755,240074,29,1892,1195,61
1756,240182,20,1841,1163,48
1757,240280,18,1849,1134,96
1758,240367,16,1867,1127,121
1759,240447,15,1893,1130,142
1760,240532,14,1904,1135,147
1761,240608,14,1921,1138,162
1762,240688,15,1925,1117,196
1763,240761,14,1932,1119,204
1764,241115,287,1936,1073,266
1765,241381,80,1686,1045,49
1766,241525,25,1696,1056,48
1767,241633,13,1705,1028,85
1768,241709,16,1710,1013,106
1769,241793,16,1728,999,144
1770,241871,16,1741,1010,146
1771,241958,15,1747,1001,161
1772,242074,27,1770,1009,172
1773,242172,15,1602,1002,14
1774,242242,12,1612,1012,14
1775,242314,12,1615,1013,18
1776,242388,12,1621,1013,27
1777,242629,184,1631,988,58
1778,242783,33,1649,974,95
1779,242938,32,1661,970,113
1780,243147,47,1674,973,123
1781,243240,14,1557,975,7
1782,243310,12,1568,982,7
1783,243384,13,1582,984,21
1784,243449,12,1598,1000,21
1785,243518,12,1604,1003,22
1786,243594,12,1618,1014,21
1787,243669,13,1635,1030,21
1788,243743,13,1651,1025,45
1789,243824,13,1666,1022,77
1790,243899,14,1670,1015,91
1791,243970,12,1675,1014,93
1792,244265,43,1679,996,118
1793,244410,32,1577,984,31
1794,244537,26,1580,966,56
1795,244655,12,1594,970,71
1796,244718,12,1621,996,71
1797,244789,12,1624,999,71
1798,244865,12,1635,999,83
1799,244939,14,1637,996,88
1800,245010,14,1644,987,106
1801,245186,32,1548,990,8
1802,245255,13,1557,994,15
1803,245328,12,1563,986,30
1804,245404,12,1571,985,41
1805,245473,12,1575,972,62
1806,245751,25,1586,943,104
1807,245872,20,1608,954,112
1808,246011,27,1621,945,130
1809,246238,46,1483,925,12
1810,246305,11,1492,934,12
1811,246376,11,1505,943,16
1812,246437,12,1513,942,22
1813,246513,12,1519,941,26
1814,246586,11,1522,940,29
1815,246652,12,1534,950,30
1816,246720,12,1541,956,30
1817,246787,12,1557,968,31
1818,246855,12,1570,973,39
1819,246924,12,1576,975,39
1820,247176,182,1582,958,68
1821,247373,55,1515,937,26
1822,247535,28,1520,907,66
1823,247653,31,1536,915,72
1824,247722,13,1544,923,72
1825,247795,12,1558,937,72
1826,247863,12,1565,944,70
1827,247942,13,1566,942,70
1828,248015,13,1571,943,70
1829,248125,26,1507,944,7
1830,248246,17,1514,948,21
1831,248333,12,1525,948,26
1832,248404,12,1533,951,31
1833,248479,13,1546,959,38
1834,248739,196,1558,960,49
1835,248964,55,1583,935,104
1836,249146,52,1583,931,117
1837,249299,32,1484,941,9
1838,249382,12,1490,919,44
1839,249465,11,1492,921,44
1840,249523,12,1495,912,57
1841,249634,12,1511,918,64
1842,249709,13,1521,927,64
1843,249779,13,1524,923,79
1844,249845,15,1539,935,79
1845,249914,12,1547,932,85
1846,249978,12,1564,946,87
1847,250058,12,1574,940,100
1848,250173,25,1485,943,6
1849,250459,26,1492,915,47
1850,250574,26,1503,923,47
1851,250702,27,1529,944,50
1852,250829,22,1530,935,60
1853,250890,11,1543,946,60
1854,250955,13,1564,963,66
1855,251064,26,1573,972,66
1856,251137,16,1512,972,9
1857,251191,12,1516,975,9
1858,251261,12,1523,978,12
1859,251332,13,1538,982,16
1860,251407,14,1557,996,23
1861,251539,12,1564,998,23
1862,251605,12,1581,1008,29
1863,251663,12,1581,1000,39
1864,251924,25,1593,979,64
1865,252066,38,1602,984,66
1866,252295,68,1543,969,28
1867,252455,32,1549,957,49
1868,252610,19,1549,947,55
1869,252733,26,1562,950,65
1870,252863,28,1574,955,72
1871,252980,23,1585,959,78
1872,253177,73,1505,948,9
1873,253297,26,1516,950,20
1874,253411,19,1521,941,39
1875,253484,11,1524,944,39
1876,253655,25,1532,946,44
1877,253799,31,1536,937,57
1878,254163,30,1493,952,3
1879,254222,12,1504,959,6
1880,254295,12,1508,962,9
1881,254365,12,1511,961,9
1882,254432,12,1520,954,27
1883,254504,12,1528,955,33
1884,254583,12,1532,958,31
1885,254674,24,1553,977,32
1886,254797,30,1569,986,38
1887,254939,25,1570,977,48
1888,255074,32,1574,981,48
1889,255258,54,1540,993,2
1890,255428,39,1549,987,12
1891,255604,41,1550,978,31
1892,256071,25,1556,963,61
1893,256176,36,1505,956,14
1894,256243,15,1506,953,18
1895,256312,12,1509,951,22
1896,256371,11,1512,953,22
1897,256442,12,1515,956,22
1898,256516,12,1517,955,22
1899,256587,12,1524,961,21
1900,256646,12,1537,968,23
1901,256717,12,1541,968,24
1902,256908,44,1543,966,28
1903,257106,49,1559,973,31
1904,257289,40,1529,971,1
1905,257416,25,1537,978,1
1906,257510,22,1552,987,5
1907,257775,26,1558,987,11
1908,257893,23,1562,976,26
1909,257966,12,1569,983,26
1910,258054,19,1582,993,28
1911,258133,14,1563,1001,0
1912,258203,11,1571,1008,0
1913,258269,12,1581,1014,2
1914,258393,45,1590,1015,15
1915,258517,26,1594,1004,32
1916,258664,30,1598,1007,28
1917,258773,30,1602,1008,30
1918,258853,12,1624,1023,33
1919,258914,13,1628,1024,44
1920,258979,12,1638,1029,44
1921,259218,176,1642,1032,44
1922,259315,18,1617,1025,32
1923,259391,16,1628,1030,36
1924,259466,13,1636,1031,43
1925,259534,12,1646,1035,44
1926,259604,13,1656,1040,47
1927,259661,13,1659,1041,47
1928,259737,13,1664,1038,52
1929,259855,31,1681,1050,54
1930,259984,27,1687,1055,51
1931,260163,41,1647,1065,0
1932,260315,13,1660,1078,0
1933,260377,13,1663,1081,0
1934,260436,12,1667,1085,0
1935,260496,13,1676,1094,0
1936,260717,166,1681,1098,0
1937,260777,14,1686,1102,0
1938,260838,13,1694,1110,0
1939,260913,13,1714,1130,0
1940,260972,14,1718,1134,0
1941,261063,20,1723,1138,0
1942,261124,13,1744,1158,0
1943,261190,14,1750,1164,0
1944,261261,14,1762,1176,0
1945,261398,34,1767,1181,0
1946,261522,29,1779,1190,1
1947,261665,30,1793,1194,4
1948,261768,14,1806,1206,5
1949,261836,14,1810,1210,5
1950,261907,14,1815,1214,5
1951,262140,27,1815,1209,9
1952,262211,14,1815,1215,8
1953,262265,16,1826,1222,12
1954,262327,14,1828,1223,13
1955,262407,17,1834,1221,19
1956,262473,14,1838,1221,27
1957,262543,14,1839,1219,30
1958,262605,14,1849,1221,42
1959,262671,15,1856,1218,49
1960,262743,15,1860,1219,54
1961,262923,48,1872,1224,60
1962,263187,69,1878,1211,75
1963,263373,48,1806,1207,6
1964,263516,32,1817,1216,8
1965,263763,14,1832,1207,28
1966,263831,14,1838,1213,28
1967,263900,15,1853,1227,30
1968,263964,14,1859,1223,42
1969,264053,37,1861,1223,48
1970,264158,31,1824,1229,3
1971,264217,15,1836,1234,8
1972,264285,15,1848,1235,17
1973,264350,14,1848,1226,28
1974,264415,15,1851,1216,39
1975,264529,33,1858,1219,45
1976,264655,29,1879,1232,55
1977,264801,32,1888,1240,54
1978,264914,16,1895,1240,59
1979,265165,28,1899,1225,67
1980,265252,19,1842,1232,3
1981,265320,15,1844,1234,3
1982,265383,15,1849,1239,3
1983,265450,14,1855,1229,19
1984,265513,15,1859,1226,23
1985,265573,15,1869,1232,31
1986,265633,14,1871,1227,41
1987,265687,14,1878,1230,45
1988,265759,14,1887,1231,49
1989,265837,14,1897,1238,47
1990,265916,29,1911,1248,53
1991,266060,44,1913,1241,56
1992,266392,214,1862,1245,0
1993,266517,30,1886,1255,10
1994,266601,15,1893,1259,13
1995,266668,15,1922,1288,13
1996,266737,16,1928,1283,26
1997,266810,15,1931,1281,30
1998,266882,15,1935,1281,35
1999,266957,17,1944,1285,36
2000,267053,35,1957,1288,43
2001,267156,22,1929,1289,14
2002,267223,16,1937,1293,19
2003,267295,15,1943,1295,24
2004,267364,15,1949,1297,26
2005,267433,16,1963,1301,35
2006,267511,14,1975,1304,48
2007,267804,36,1980,1306,48
2008,267936,41,1992,1314,51
2009,268121,44,2003,1323,49
2010,268254,33,1958,1322,4
2011,268348,16,1959,1323,4
2012,268413,17,1963,1324,4
2013,268484,15,1988,1349,4
2014,268552,18,1991,1347,10
2015,268632,18,2001,1350,14
2016,268722,17,2006,1350,17
2017,268814,16,2010,1349,26
2018,268892,18,2019,1355,26
2019,268967,16,2026,1358,31
2020,270875,58,2029,1010,466
2021,271137,40,1686,1022,108
2022,271292,16,1592,1033,3
2023,271359,12,1612,1044,14
2024,271436,13,1623,1049,18
2025,271594,26,1638,1055,29
2026,271725,17,1654,1046,50
2027,271804,12,1664,1050,52
2028,271880,13,1675,1052,69
2029,271956,12,1692,1035,115
2030,272039,25,1698,1028,125
2031,272184,56,1583,1035,4
2032,272354,12,1586,1023,21
2033,272434,15,1595,1017,43
2034,272515,12,1601,1011,53
2035,272592,13,1606,1016,53
2036,272669,13,1611,1010,65
2037,272783,32,1617,1012,71
2038,272888,28,1635,1024,74
2039,273028,37,1646,1011,97
2040,273255,83,1555,1001,17
2041,273387,14,1566,971,68
2042,273456,11,1576,970,75
2043,273525,13,1601,988,85
2044,273590,13,1623,988,113
2045,273656,12,1623,972,130
2046,273844,12,1635,948,176
2047,273916,14,1654,955,192
2048,273991,13,1656,955,196
2049,274138,41,1461,956,0
2050,274210,12,1470,955,3
2051,274295,11,1479,941,24
2052,274415,26,1486,935,35
2053,274545,27,1513,940,54
2054,274681,23,1520,914,91
2055,274782,11,1533,908,111
2056,274852,12,1548,898,134
2057,274925,12,1568,899,152
2058,274994,13,1573,894,157
2059,275296,197,1421,892,9
2060,275368,11,1438,892,29
2061,275444,11,1450,899,30
2062,275512,12,1455,892,42
2063,275580,11,1469,901,42
2064,275645,11,1473,903,42
2065,275714,12,1480,906,42
2066,275836,24,1496,902,58
2067,275955,28,1503,904,65
2068,276158,60,1439,905,0
2069,276245,11,1449,895,29
2070,276313,11,1452,894,33
2071,276390,11,1461,882,59
2072,276457,11,1479,889,66
2073,276512,12,1505,914,66
2074,276731,165,1521,899,98
2075,276806,11,1533,902,103
2076,276878,12,1547,907,116
2077,276951,12,1553,901,126
2078,277035,23,1562,897,134
2079,277194,46,1436,905,0
2080,277316,22,1443,898,17
2081,277456,25,1449,892,30
2082,277580,22,1464,900,37
2083,277690,11,1475,891,61
2084,277762,11,1483,896,63
2085,277830,12,1492,897,63
2086,277901,12,1498,892,74
2087,277964,11,1525,913,77
2088,278232,213,1538,918,88
2089,278377,33,1459,903,22
2090,278457,11,1471,899,44
2091,278572,21,1478,903,49
2092,278711,41,1486,907,49
2093,278880,41,1497,913,53
2094,279078,44,1505,908,66
2095,279320,73,1450,917,2
2096,279428,18,1452,912,9
2097,279541,19,1458,912,18
2098,279613,11,1467,914,24
2099,279681,11,1474,911,38
2100,279747,12,1489,910,52
2101,279830,12,1496,908,63
2102,279900,11,1503,913,62
2103,280160,24,1438,894,22
2104,280238,11,1445,898,27
2105,280346,26,1456,909,27
2106,280468,28,1466,913,28
2107,280605,29,1477,907,41
2108,280734,20,1484,905,53
2109,280799,11,1490,906,59
2110,280869,12,1500,913,59
2111,280935,11,1507,911,63
2112,281006,11,1515,916,63
2113,281112,21,1463,920,6
2114,281242,11,1468,906,34
2115,281295,11,1470,904,39
2116,281364,12,1481,913,41
2117,281415,11,1492,919,46
2118,281655,12,1507,909,76
2119,281733,15,1528,925,82
2120,281858,23,1543,939,82
2121,281978,23,1556,946,88
2122,282218,91,1462,940,2
2123,282307,11,1488,963,6
2124,282360,11,1494,959,10
2125,282424,12,1504,968,10
2126,282492,12,1524,985,9
2127,282556,11,1530,981,16
2128,282632,11,1535,983,19
2129,282704,12,1543,983,22
2130,282781,13,1551,985,27
2131,282841,12,1569,999,32
2132,283074,176,1583,1006,42
2133,283176,19,1534,998,0
2134,283320,33,1535,993,6
2135,283445,21,1542,979,16
2136,283601,25,1555,969,36
2137,283737,23,1565,975,39
2138,283799,11,1573,977,42
2139,283868,12,1593,995,42
2140,283932,12,1595,997,42
2141,283997,13,1598,1001,40
2142,284120,47,1603,1004,29
2143,284203,23,1583,1000,25
2144,284331,25,1590,998,32
2145,284407,14,1602,1003,44
2146,284480,13,1619,997,57
2147,284713,12,1632,996,74
2148,284874,44,1636,990,83
2149,285029,41,1640,991,83
2150,285238,74,1563,987,11
2151,285419,14,1568,982,21
2152,285494,13,1569,973,32
2153,285551,12,1577,976,34
2154,285620,12,1592,990,34
2155,285676,13,1596,994,34
2156,285737,12,1602,988,44
2157,285806,13,1610,996,44
2158,285872,13,1623,1009,44
2159,285935,12,1631,1016,44
2160,285992,13,1662,1041,44
2161,286306,33,1622,1041,1
2162,286385,15,1628,1039,6
2163,286535,33,1632,1037,16
2164,286680,28,1643,1038,26
2165,286814,29,1655,1043,33
2166,286952,17,1656,1039,39
2167,287015,13,1661,1040,44
2168,287129,27,1634,1054,0
2169,287191,13,1644,1060,4
2170,287251,12,1651,1067,4
2171,287324,14,1663,1077,5
2172,287460,15,1672,1081,7
2173,287539,14,1672,1076,11
2174,287599,13,1686,1090,11
2175,287829,168,1696,1098,11
2176,287894,13,1702,1098,14
2177,288002,33,1706,1096,21
2178,288192,37,1698,1088,22
2179,288352,36,1712,1090,35
2180,288521,35,1720,1091,41
2181,288587,14,1726,1094,46
2182,288657,13,1737,1100,49
2183,288721,14,1751,1112,51
2184,288789,14,1755,1115,53
2185,288864,14,1768,1110,67
2186,288934,14,1772,1101,75
2187,288999,14,1789,1114,76
2188,289116,29,1718,1118,0
2189,289347,174,1727,1118,12
2190,289450,21,1730,1111,22
2191,289520,13,1735,1110,28
2192,289677,32,1743,1092,60
2193,289803,30,1745,1084,74
2194,289945,33,1752,1085,82
2195,290101,34,1766,1090,84
2196,290172,14,1695,1098,3
2197,290241,13,1707,1110,3
2198,290312,13,1724,1122,15
2199,290383,16,1731,1125,17
2200,290524,29,1745,1119,43
2201,290605,16,1751,1122,46
2202,290681,16,1759,1130,44
2203,290755,16,1779,1145,47
2204,291011,17,1781,1128,64
2205,291209,75,1718,1116,11
2206,291380,31,1730,1117,32
2207,291518,39,1736,1113,38
2208,291645,15,1742,1109,43
2209,291720,15,1745,1110,43
2210,291787,17,1763,1126,41
2211,291900,14,1773,1126,45
2212,291974,15,1779,1132,45
2213,292075,32,1784,1137,45
2214,292162,17,1745,1139,4
2215,292235,14,1776,1159,4
2216,292310,15,1798,1178,7
2217,292394,16,1808,1182,11
2218,292724,36,1815,1171,41
2219,292878,29,1822,1172,47
2220,293007,33,1828,1171,54
2221,293167,33,1771,1169,2
2222,293234,14,1780,1174,2
2223,293289,14,1792,1184,4
2224,293366,15,1800,1189,5
2225,293440,14,1800,1189,5
2226,293508,15,1805,1191,7
2227,293607,14,1808,1194,7
2228,293675,15,1812,1198,7
2229,293742,13,1829,1206,14
2230,293817,14,1832,1202,21
2231,293892,14,1839,1207,23
2232,294226,57,1842,1193,29
2233,294359,30,1817,1192,4
2234,294491,26,1819,1188,13
2235,294622,14,1823,1188,18
2236,294692,14,1834,1194,18
2237,294756,14,1838,1193,24
2238,294823,14,1838,1194,23
2239,294900,14,1845,1195,31
2240,294965,14,1861,1205,33
2241,295044,27,1876,1216,33
2242,295127,17,1852,1223,0
2243,295204,14,1857,1226,0
2244,295268,15,1864,1227,6
2245,295484,165,1882,1237,13
2246,295554,16,1888,1232,24
2247,295660,42,1905,1244,28
2248,295780,32,1912,1243,39
2249,295914,39,1916,1236,48
2250,296071,55,1930,1247,52
2251,296198,27,1881,1249,0
2252,296270,14,1885,1252,0
2253,296335,14,1888,1254,0
2254,296397,15,1890,1256,0
2255,296454,14,1894,1253,9
2256,296527,15,1900,1258,9
2257,296627,44,1902,1254,16
2258,296700,15,1911,1257,21
2259,296766,14,1913,1254,21
2260,296984,15,1921,1243,38
2261,297085,24,1928,1248,40
2262,297164,18,1892,1243,14
2263,297348,41,1899,1236,24
2264,297520,32,1905,1235,33
2265,297662,53,1916,1243,33
2266,297746,15,1918,1240,38
2267,297813,14,1930,1250,37
2268,297875,14,1930,1250,37
2269,297934,14,1931,1248,40
2270,297997,15,1938,1253,42
2271,298107,41,1947,1266,39
2272,298180,24,1909,1263,3
2273,298408,16,1912,1258,8
2274,298473,15,1923,1262,14
2275,298551,14,1929,1259,14
2276,298620,15,1933,1256,24
2277,298717,29,1951,1273,25
2278,298844,30,1959,1280,25
2279,298995,37,1967,1274,35
2280,299172,49,1942,1285,0
2281,299244,15,1956,1298,0
2282,299316,16,1968,1309,0
2283,299379,15,1970,1310,0
2284,299451,15,1987,1326,0
2285,299518,16,1988,1327,0
2286,299585,15,1994,1332,0
2287,299842,15,2007,1344,0
2288,299900,16,2021,1353,0
2289,299975,15,2024,1356,0
2290,300080,22,2027,1359,0
