tick,timestamp,query_runtime,trav_index_nodes,trav_vol_nodes,trav_unprod_nodes
0,1164,10,9,9,0
1,1680,1,9,9,0
2,1993,3,19,19,0
3,2279,5,30,30,0
4,2539,5,42,42,0
5,2962,7,44,44,0
6,3224,2,50,50,0
7,3524,10,59,59,0
8,3771,2,64,64,0
9,4125,5,77,77,0
10,4364,2,78,78,0
11,7196,2,81,81,0
12,7467,4,91,91,0
13,7710,2,94,94,0
14,7902,3,101,101,0
15,8281,13,103,103,0
16,8567,1,107,107,0
17,8795,2,110,110,0
18,8965,2,111,111,0
19,9167,2,113,113,0
20,9332,3,115,115,0
21,9603,6,116,116,0
22,9804,6,121,121,0
23,9985,2,130,130,0
24,10138,6,131,131,0
25,10330,2,136,136,0
26,10519,3,139,139,0
27,10715,9,157,157,0
28,10929,7,162,162,0
29,11117,2,168,168,0
30,11305,4,174,174,0
31,11475,7,184,184,0
32,11659,8,185,185,0
33,11822,2,191,191,0
34,12041,2,193,193,0
35,12264,3,194,194,0
36,12441,7,205,205,0
37,12612,2,206,206,0
38,12895,32,214,214,0
39,13357,47,225,225,0
40,13786,40,227,227,0
41,14246,36,231,231,0
42,14733,63,243,243,0
43,15223,35,247,247,0
44,15700,31,248,248,0
45,16202,33,249,249,0
46,16718,27,258,258,0
47,17239,74,260,260,0
48,17590,3,268,268,0
49,18050,38,271,271,0
50,19225,803,271,271,0
51,19764,16,273,273,0
52,20123,11,276,276,0
53,20276,3,278,278,0
54,20461,14,278,278,0
55,20651,7,284,284,0
56,20834,10,285,285,0
57,20998,5,296,296,0
58,21144,12,307,307,0
59,21328,8,321,321,0
60,21492,9,322,322,0
61,21703,5,326,326,0
62,21905,17,335,335,0
63,22027,7,337,337,0
64,22197,4,339,339,0
65,22356,9,350,350,0
66,22496,9,351,351,0
67,22642,10,361,361,0
68,22820,15,364,364,0
69,23190,4,367,367,0
70,23693,4,368,368,0
71,23840,9,372,372,0
72,24032,17,372,372,0
73,24194,8,379,379,0
74,24463,8,381,381,0
75,24619,9,397,397,0
76,24907,8,412,412,0
77,25073,10,420,420,0
78,25245,14,438,438,0
79,25450,14,443,443,0
80,25737,23,445,445,0
81,25971,18,454,454,0
82,26229,9,461,461,0
83,26407,11,461,461,0
84,26568,12,462,462,0
85,26759,16,467,467,0
86,27073,9,471,471,0
87,27245,18,473,473,0
88,27396,17,476,476,0
89,27588,13,479,479,0
90,28375,10,482,482,0
91,28921,14,490,490,0
92,29187,11,497,497,0
93,29414,23,498,498,0
94,29671,26,498,498,0
95,29923,16,498,498,0
96,30148,15,499,499,0
97,30333,12,501,496,0
98,30561,23,503,490,3
99,30768,11,503,491,0
100,31070,18,514,496,1
101,31256,7,516,493,0
102,31446,5,517,480,1
103,31629,28,514,473,1
104,31779,10,517,463,3
105,31956,12,522,447,23
106,32219,41,493,411,24
107,32433,11,498,390,50
108,32668,43,455,385,1
109,32805,12,464,393,1
110,32989,20,468,391,5
111,33194,34,465,385,3
112,33385,20,465,378,10
113,33665,32,452,362,10
114,33806,9,456,345,28
115,33953,5,466,350,33
116,34112,13,435,351,0
117,34238,9,439,351,4
118,34395,10,442,348,6
119,34518,8,449,352,9
120,34728,28,453,365,0
121,34924,17,453,365,0
122,35071,10,454,366,0
123,35225,8,457,368,0
124,35393,9,460,371,0
125,35519,6,460,371,0
126,35672,5,466,375,0
127,35799,11,467,376,0
128,36018,22,468,377,0
129,36527,11,470,379,0
130,36684,9,474,383,0
131,36837,6,477,386,0
132,36998,13,487,396,0
133,37138,8,488,395,1
134,37269,9,503,399,13
135,37440,16,511,400,22
136,37730,56,490,395,2
137,37897,15,493,383,18
138,38100,11,480,385,2
139,38231,9,484,381,9
140,38365,13,491,384,15
141,38493,12,495,384,18
142,38675,41,473,371,2
143,38813,7,477,366,8
144,39001,17,479,351,26
145,39225,29,451,336,10
146,39360,12,475,358,10
147,39502,12,476,347,22
148,39665,19,459,345,5
149,39815,11,470,349,13
150,39956,10,473,342,23
151,40156,11,448,342,0
152,40417,31,449,318,26
153,40601,23,419,311,4
154,40728,9,422,314,4
155,40885,8,427,319,4
156,41067,11,418,313,0
157,41193,8,421,315,1
158,41335,8,428,320,3
159,41485,17,429,320,3
160,41709,17,435,322,6
161,41886,8,447,328,13
162,42021,9,447,327,14
163,42167,28,438,331,0
164,42297,8,440,324,9
165,42411,10,445,325,12
166,42769,22,446,333,0
167,43603,29,453,339,1
168,43876,16,462,347,1
169,44037,19,469,353,2
170,44170,22,469,353,1
171,44322,13,472,353,2
172,44459,13,476,356,2
173,44620,22,474,356,0
174,44885,13,477,356,2
175,45108,18,479,357,3
176,45228,9,487,364,4
177,45369,12,487,364,4
178,45503,10,487,362,6
179,45655,24,482,360,3
180,45843,37,486,364,3
181,46429,64,484,362,4
182,46797,14,487,362,6
183,46949,11,493,366,6
184,47137,28,494,371,1
185,47298,9,495,371,3
186,47438,14,502,374,5
187,47615,14,498,375,0
188,47835,21,506,383,0
189,48044,14,509,385,1
190,48153,5,513,386,2
191,48318,21,530,400,4
192,48466,10,540,408,6
193,48626,25,541,415,0
194,48777,17,545,419,0
195,48941,12,548,422,0
196,49139,18,552,426,0
197,49347,17,564,430,6
198,49494,16,567,432,7
199,49659,19,572,442,1
200,49783,10,579,448,2
201,49926,10,584,445,11
202,50049,12,590,447,14
203,50209,24,587,457,0
204,50355,17,599,465,4
205,50560,18,601,463,8
206,50785,13,595,458,4
207,51370,15,586,445,6
208,51506,9,600,457,9
209,51650,21,592,456,2
210,51812,16,609,471,4
211,51968,14,619,481,4
212,52143,27,613,476,3
213,52272,15,617,477,7
214,52404,15,617,473,12
215,52504,7,619,472,12
216,52641,16,624,489,0
217,52785,11,625,486,1
218,52929,17,626,485,2
219,53168,45,629,489,0
220,53327,16,629,489,0
221,53472,10,635,495,0
222,53629,7,637,471,26
223,53800,6,638,441,65
224,53980,17,653,444,75
225,54170,39,576,417,28
226,54367,17,580,399,54
227,54604,33,517,391,3
228,54741,12,521,392,6
229,54865,5,527,395,7
230,55055,19,538,395,23
231,55201,11,527,396,8
232,55346,9,541,409,9
233,55494,14,542,406,13
234,55739,57,537,409,6
235,55909,12,552,418,9
236,56072,13,544,419,0
237,56198,8,546,419,1
238,56333,5,547,413,8
239,56475,13,560,417,19
240,56623,20,547,419,3
241,56783,14,547,410,15
242,56978,23,558,418,21
243,57219,23,539,420,0
244,57376,17,541,419,0
245,58363,13,521,399,0
246,58517,6,531,409,0
247,58665,14,535,413,0
248,58789,6,548,426,0
249,58937,12,554,432,0
250,59206,20,551,419,9
251,59344,18,565,428,12
252,59581,36,566,419,21
253,59746,14,562,424,12
254,59892,15,564,426,12
255,60049,6,569,423,20
256,60204,21,553,426,2
257,60353,13,557,430,2
258,60507,12,559,420,14
259,60687,44,557,431,0
260,60910,18,567,439,3
261,61092,13,562,438,0
262,61206,13,572,442,5
263,61317,5,577,447,5
264,61453,11,580,448,7
265,61600,11,569,444,2
266,61739,10,571,444,4
267,61891,15,576,448,5
268,62083,24,584,456,5
269,62291,22,582,450,10
270,62453,14,594,453,20
271,62591,17,572,453,0
272,62719,13,572,447,8
273,62849,9,572,440,15
274,63007,11,584,441,27
275,63181,33,567,439,14
276,63320,12,571,436,20
277,63485,25,576,439,24
278,63716,41,554,439,2
279,63841,13,555,427,18
280,63950,5,559,424,24
281,64131,33,537,415,12
282,64256,10,548,424,11
283,64380,11,559,431,12
284,65381,29,528,405,3
285,65575,15,514,391,3
286,65698,9,520,394,4
287,65933,24,523,385,16
288,66036,4,536,398,16
289,66183,24,523,401,0
290,66325,12,523,401,0
291,66434,6,523,400,2
292,66613,22,529,407,1
293,66787,19,532,401,12
294,66907,12,541,410,12
295,67039,8,557,417,15
296,67152,19,547,419,7
297,67277,9,551,422,8
298,67390,10,552,416,14
299,67528,15,559,412,27
300,67700,27,539,413,2
301,67823,5,540,414,2
302,68064,32,540,408,8
303,68268,12,544,407,12
304,68394,11,544,404,15
305,68541,22,546,398,27
306,68671,14,526,402,2
307,68795,12,528,397,11
308,68919,11,529,397,11
309,69121,28,522,401,0
310,69283,11,526,404,3
311,69478,15,540,416,7
312,69666,24,533,410,4
313,69777,8,541,416,4
314,69876,5,545,418,6
315,70035,22,552,417,12
316,70284,22,549,422,3
317,70389,5,549,422,3
318,70536,15,550,419,7
319,70717,26,544,419,0
320,70867,13,546,415,3
321,71038,7,552,417,7
322,71169,10,548,415,5
323,72127,65,542,410,2
324,72323,19,543,410,4
325,72447,6,554,414,6
326,72584,13,555,419,0
327,72673,6,558,418,5
328,72749,9,558,418,5
329,72857,12,566,424,7
330,72986,6,580,437,8
331,73102,16,579,444,0
332,73229,7,581,446,0
333,73472,43,582,447,0
334,73690,22,587,450,0
335,73890,11,589,448,3
336,74049,13,591,442,16
337,74190,9,589,445,12
338,74303,9,592,445,14
339,74415,5,602,453,16
340,74583,51,603,455,16
341,74845,15,594,452,10
342,75029,19,601,453,15
343,75198,16,592,457,0
344,75341,8,595,457,3
345,75475,9,595,450,11
346,75609,15,584,438,10
347,75706,5,584,433,12
348,75780,5,597,446,12
349,75855,6,597,446,12
350,75936,12,600,449,12
351,76005,6,606,454,12
352,76099,15,605,465,0
353,76175,5,605,465,0
354,76354,21,614,473,1
355,76521,12,625,480,5
356,76746,51,621,478,1
357,77028,16,626,479,4
358,77149,8,625,481,1
359,77245,6,630,486,1
360,77339,5,632,486,3
361,77409,6,635,489,3
362,78301,25,622,477,0
363,78448,18,628,478,9
364,78553,14,629,480,8
365,78648,10,621,480,0
366,78743,6,638,495,0
367,78860,14,647,502,3
368,79096,30,650,506,0
369,79194,6,660,515,2
370,79272,9,666,520,3
371,79363,6,670,524,3
372,79437,7,684,537,3
373,79538,23,690,542,3
374,79690,34,692,541,5
375,79858,16,704,549,8
376,80012,20,706,546,13
377,80684,65,696,541,8
378,80976,28,692,543,2
379,81093,11,695,548,0
380,81157,6,697,550,0
381,81220,7,697,550,0
382,81304,8,707,559,0
383,81461,16,710,561,1
384,81617,16,709,561,0
385,81703,8,718,569,1
386,81789,6,718,565,3
387,81861,7,724,570,5
388,81934,6,728,571,8
389,81995,7,730,573,8
390,82148,33,723,568,0
391,82272,14,731,572,6
392,82402,14,736,572,10
393,82486,7,741,576,11
394,82564,8,747,593,0
395,82743,14,750,585,10
396,82810,7,760,588,17
397,82877,8,768,594,20
398,82939,7,769,595,20
399,83444,456,772,581,40
400,83639,19,699,533,25
401,83838,23,703,524,41
402,83945,9,715,517,61
403,84053,14,720,514,69
404,84150,7,670,533,0
405,84234,6,677,540,0
406,84304,6,684,545,3
407,84386,6,696,554,6
408,84480,7,698,546,17
409,84609,18,673,532,8
410,84690,6,679,526,21
411,84823,15,685,526,26
412,85088,34,694,503,57
413,85303,24,642,501,5
414,85403,7,647,504,7
415,85489,6,654,507,10
416,85588,15,647,509,0
417,85654,6,652,514,0
418,85733,6,652,512,1
419,85822,11,667,524,6
420,85955,7,676,524,19
421,86057,14,653,520,0
422,86161,6,659,508,20
423,86243,6,663,503,29
424,86351,17,673,493,49
425,86486,6,680,495,53
426,86648,25,635,503,0
427,86754,8,645,500,11
428,86834,7,647,500,13
429,86951,13,650,501,14
430,87153,41,640,500,3
431,87282,8,650,505,7
432,87360,7,657,510,8
433,87447,5,658,511,8
434,87579,8,652,513,0
435,87671,7,652,513,0
436,88098,305,660,521,0
437,88331,60,663,523,1
438,88530,19,665,510,16
439,88661,15,649,508,2
440,88770,14,660,505,16
441,88894,11,666,506,19
442,88998,13,672,512,19
443,89156,26,661,517,0
444,89271,19,662,504,14
445,89387,14,670,500,29
446,89511,14,672,497,34
447,89742,34,640,490,6
448,89929,19,647,489,17
449,90087,29,622,483,0
450,90194,13,631,483,9
451,90305,12,636,484,13
452,90459,42,639,482,15
453,90662,27,634,488,1
454,90781,10,642,489,8
455,90897,13,664,507,8
456,91126,43,644,485,18
457,91273,8,644,465,39
458,91346,7,656,476,40
459,91432,6,656,457,59
460,91521,7,662,460,62
461,91776,30,606,449,18
462,91844,5,610,449,21
463,91933,5,618,453,22
464,91997,6,627,461,22
465,92095,14,611,467,0
466,92196,13,630,480,6
467,92335,22,636,483,6
468,92502,16,640,478,16
469,92732,47,624,467,14
470,92864,13,637,477,17
471,92991,12,645,485,18
472,93123,15,648,504,1
473,93263,19,655,502,7
474,94007,26,658,485,31
475,94255,35,623,475,10
476,94402,6,625,473,11
477,94522,12,641,488,11
478,94668,21,637,495,0
479,94778,11,639,497,0
480,94894,10,647,505,0
481,95020,8,649,507,0
482,95123,8,667,525,0
483,95228,7,670,528,0
484,95338,15,676,530,0
485,95505,30,678,531,0
486,95741,32,676,527,3
487,95867,11,689,539,4
488,95994,12,691,537,6
489,96138,14,696,548,0
490,96228,12,704,556,0
491,96331,14,709,558,5
492,96479,12,712,557,7
493,96624,15,708,557,0
494,96749,20,713,560,1
495,96935,22,731,572,5
496,97152,50,725,569,5
497,97260,10,729,566,11
498,97383,16,730,560,14
499,97482,14,733,561,15
500,97611,17,722,560,4
501,97728,16,726,564,4
502,97846,11,733,568,7
503,97952,10,737,570,8
504,98108,36,723,566,0
505,98286,17,726,556,16
506,98459,15,735,552,27
507,98659,40,702,544,3
508,98759,10,716,554,6
509,98882,17,718,554,8
510,99035,20,719,548,15
511,99589,433,705,545,0
512,99786,31,703,536,11
513,99922,12,705,533,15
514,100038,23,706,532,17
515,100171,19,693,535,1
516,100296,14,694,534,3
517,100418,13,706,546,3
518,100561,17,720,551,12
519,100704,16,708,536,17
520,100821,12,716,543,19
521,101003,20,722,549,19
522,101214,53,715,560,0
523,101330,13,717,561,1
524,101419,7,727,571,1
525,101503,6,727,572,0
526,101592,7,731,576,0
527,101682,7,739,584,0
528,101763,7,744,588,0
529,101879,9,744,588,0
530,101983,7,747,590,0
531,102095,7,748,591,0
532,102204,17,755,598,0
533,102397,19,757,599,1
534,102589,26,760,593,11
535,102782,20,754,580,19
536,102933,13,767,591,21
537,103112,43,747,585,11
538,103269,12,757,588,17
539,103405,16,764,594,19
540,103560,25,766,593,25
541,103694,12,749,599,2
542,103892,26,750,590,14
543,104123,44,733,583,4
544,104256,14,738,584,7
545,104388,15,754,584,21
546,104506,20,764,593,22
547,104691,43,741,593,0
548,105549,741,741,580,9
549,105776,29,722,571,0
550,105914,7,731,569,10
551,105995,8,743,577,13
552,106116,22,727,574,0
553,106210,10,733,573,6
554,106289,8,746,585,6
555,106381,9,743,584,4
556,106452,8,748,588,4
557,106561,18,752,591,6
558,106631,8,752,597,0
559,106710,9,760,603,1
560,106803,10,779,621,2
561,106912,33,782,622,6
562,107107,24,787,632,0
563,107226,13,797,642,0
564,107352,9,803,639,7
565,107468,18,805,640,7
566,107552,13,814,648,7
567,107630,8,817,657,0
568,107708,8,824,664,0
569,107801,8,828,668,0
570,107881,8,830,670,0
571,107964,10,830,670,0
572,108055,10,839,679,0
573,108141,8,840,680,0
574,108224,8,846,686,0
575,108316,9,847,682,0
576,108461,19,856,688,6
577,108656,47,855,687,11
578,108838,25,859,682,16
579,108958,24,865,684,20
580,109105,24,846,681,0
581,109245,17,850,684,1
582,109382,18,856,682,6
583,109513,11,857,681,7
584,109720,38,850,681,0
585,110596,33,855,677,6
586,110808,31,869,689,4
587,110998,22,870,688,7
588,111114,28,866,690,1
589,111194,9,868,688,7
590,111296,12,873,687,9
591,111389,9,878,691,9
592,111488,8,879,692,9
593,111590,11,871,693,0
594,111709,14,872,689,5
595,111827,11,872,680,13
596,111918,10,872,679,15
597,111999,19,878,680,18
598,112173,24,861,680,0
599,112286,19,863,677,2
600,112405,9,869,682,5
601,112487,9,871,682,7
602,112574,10,860,675,3
603,112667,8,862,677,3
604,112739,7,879,692,3
605,112819,8,885,698,3
606,112895,8,885,690,6
607,112976,9,887,691,7
608,113079,22,880,691,0
609,113146,8,881,692,0
610,113225,9,881,692,0
611,113318,9,884,695,0
612,113454,20,901,711,0
613,113635,23,889,684,16
614,113836,24,893,672,32
615,113975,21,896,660,56
616,114130,18,849,654,19
617,114253,12,852,626,46
618,114383,11,857,594,83
619,114464,8,866,591,95
620,115366,798,767,575,18
621,115512,20,714,530,4
622,115669,25,713,523,21
623,115787,9,714,512,32
624,115954,30,716,495,50
625,116181,36,651,481,0
626,116300,17,662,480,14
627,116418,12,664,475,23
628,116588,25,636,459,8
629,116791,23,641,460,12
630,116962,12,647,462,13
631,117225,82,642,462,11
632,117343,11,651,469,13
633,117472,13,654,470,15
634,117639,36,634,448,18
635,117765,12,640,441,31
636,117890,11,645,446,31
637,118051,14,645,446,31
638,118216,26,617,446,3
639,118371,6,626,454,2
640,118452,6,630,458,2
641,118553,8,632,461,0
642,118631,6,639,457,11
643,118715,7,642,459,13
644,118784,6,648,460,21
645,118855,6,649,445,39
646,118932,7,650,438,46
647,119033,14,650,437,50
648,119131,8,604,434,8
649,119222,6,606,436,8
650,119309,23,612,440,10
651,119609,30,605,442,0
652,119737,6,612,442,4
653,119827,6,623,448,5
654,119895,6,623,446,7
655,119975,6,632,440,23
656,120080,17,605,436,0
657,120894,12,606,392,52
658,121105,19,558,393,0
659,121204,6,570,402,3
660,121316,6,579,406,6
661,121382,5,584,408,8
662,121445,7,582,408,6
663,121517,6,597,414,17
664,121758,73,587,420,4
665,121876,10,594,418,14
666,121984,9,595,408,30
667,122107,20,591,433,2
668,122205,11,595,428,12
669,122327,13,618,448,14
670,122453,10,625,454,16
671,122595,31,609,454,4
672,122703,10,615,459,4
673,122881,14,621,464,4
674,122991,13,621,464,4
675,123120,21,621,468,0
676,123245,13,636,479,2
677,123363,9,638,472,15
678,123496,35,654,487,15
679,123653,24,639,487,0
680,123800,13,650,497,0
681,123996,17,656,503,0
682,124112,7,666,513,0
683,124172,6,677,524,0
684,124229,6,689,536,0
685,124318,7,694,538,0
686,124403,7,699,543,0
687,124477,6,708,549,3
688,124561,8,706,548,0
689,124635,7,706,546,2
690,124721,7,708,546,2
691,124790,6,716,545,13
692,124923,16,718,545,15
693,125182,109,732,547,25
694,125332,16,718,545,14
695,126089,36,696,524,12
696,126170,11,687,524,3
697,126246,7,701,538,3
698,126355,12,702,539,3
699,126496,20,713,544,6
700,126595,10,705,543,0
701,126675,7,716,553,0
702,126758,8,718,554,0
703,126824,7,722,558,0
704,126908,7,726,561,3
705,126976,7,731,566,3
706,127077,10,729,566,0
707,127156,16,741,577,0
708,127359,37,744,568,9
709,127463,7,745,567,11
710,127614,35,735,565,2
711,127749,16,743,564,12
712,127896,16,757,574,19
713,128004,12,762,574,25
714,128200,31,737,574,0
715,128329,14,745,576,5
716,128549,35,753,577,11
717,128713,29,754,585,7
718,128821,15,754,579,14
719,128995,29,755,569,26
720,129242,69,721,562,1
721,129373,13,730,571,1
722,129468,6,740,580,1
723,129564,10,741,582,0
724,129757,19,748,583,7
725,129879,10,757,592,7
726,129997,9,757,590,9
727,130143,32,749,587,3
728,130269,12,767,597,12
729,130462,20,777,594,29
730,130708,56,753,593,8
731,133270,2425,773,565,42
732,133469,11,712,548,2
733,133584,8,712,549,0
734,133653,6,715,552,0
735,133727,8,720,553,0
736,133798,6,729,561,2
737,133889,7,735,563,5
738,133961,7,736,563,6
739,134078,27,725,559,0
740,134147,7,727,561,0
741,134212,7,732,563,4
742,134294,6,735,566,4
743,134428,13,739,566,8
744,134655,54,737,569,2
745,134851,27,739,571,2
746,135146,20,739,573,0
747,135222,6,742,576,0
748,135304,8,751,585,0
749,135381,8,767,601,0
750,135465,9,769,603,0
751,135570,7,772,606,0
752,135641,6,776,609,0
753,135737,15,780,609,0
754,135852,15,795,622,2
755,135986,14,796,620,5
756,136244,101,792,610,9
757,136434,22,792,601,20
758,136636,37,783,610,1
759,136731,7,784,609,6
760,136848,11,786,604,16
761,136945,17,795,612,18
762,137095,35,789,623,1
763,137207,15,792,625,3
764,137382,13,794,626,3
765,137495,14,808,639,5
766,137957,43,805,620,22
767,138165,53,793,628,1
768,138291,8,795,622,5
769,138465,26,797,621,8
770,138631,46,791,624,0
771,138708,8,796,628,3
772,138778,8,799,630,4
773,138833,8,803,634,4
774,138904,8,810,636,5
775,139017,11,807,636,2
776,139145,13,806,636,1
777,139203,7,814,643,1
778,139315,15,822,649,3
779,139456,27,825,649,4
780,139671,35,824,651,2
781,139769,12,824,650,3
782,139879,11,828,647,10
783,139978,15,835,654,10
784,140109,20,828,657,0
785,140206,11,830,659,0
786,140320,11,835,663,0
787,140436,13,836,664,0
788,140551,14,838,666,0
789,140771,15,844,663,7
790,140885,19,848,667,7
791,140986,9,850,668,9
792,141067,15,852,679,0
793,141154,11,857,682,3
794,141232,9,865,690,3
795,141294,8,879,697,7
796,141365,7,884,699,9
797,141443,7,902,714,11
798,141501,8,917,729,11
799,141590,16,910,732,0
800,141709,15,919,738,1
801,141785,8,919,737,2
802,141851,8,923,739,5
803,142256,43,918,739,0
804,142372,20,918,736,3
805,142488,15,933,748,5
806,142585,11,936,754,0
807,142668,8,937,754,1
808,142877,9,937,749,6
809,142993,18,945,756,6
810,143132,31,943,760,0
811,143225,12,954,768,3
812,143317,9,963,755,31
813,143406,10,966,727,67
814,143516,30,970,716,85
815,143740,56,881,690,22
816,143949,73,883,667,49
817,144233,37,833,646,25
818,144311,7,839,643,33
819,144378,8,847,645,36
820,144444,8,862,659,36
821,144539,21,864,651,46
822,144635,20,826,659,0
823,144722,7,833,664,0
824,144801,7,840,671,0
825,144880,8,848,679,0
826,144962,16,850,681,0
827,145098,16,861,692,0
828,145226,19,867,698,0
829,145314,8,868,699,0
830,145384,8,881,710,0
831,145457,9,882,708,3
832,145547,12,886,710,3
833,145621,9,894,715,8
834,145701,8,911,729,9
835,145783,10,928,733,20
836,145853,8,929,727,22
837,146299,64,899,716,0
838,146459,31,913,716,16
839,146669,44,895,713,1
840,146742,8,908,723,3
841,146824,8,913,721,13
842,146889,9,914,710,30
843,146950,8,922,711,38
844,147059,17,935,711,51
845,147173,27,889,716,0
846,147372,8,890,708,11
847,147445,9,898,708,20
848,147546,17,900,698,30
849,147648,21,880,705,3
850,147768,17,880,681,30
851,147926,18,891,685,36
852,148265,24,848,663,17
853,148370,15,851,656,28
854,148639,23,780,596,13
855,148719,7,784,562,49
856,148795,8,793,554,69
857,148854,7,793,546,78
858,148935,8,795,542,87
859,149049,17,809,523,124
860,149140,9,685,515,10
861,149231,10,697,525,11
862,149366,15,708,525,22
863,149489,7,711,524,24
864,149659,77,689,526,0
865,149828,8,695,517,12
866,149900,8,697,518,12
867,149970,8,707,527,15
868,150070,13,685,508,13
869,150143,6,699,505,22
870,150238,9,700,505,23
871,150313,6,702,507,23
872,150843,36,687,515,0
873,150969,16,697,519,3
874,151061,9,697,522,0
875,151123,6,703,521,7
876,151210,8,714,530,8
877,151281,8,715,529,9
878,151358,7,721,525,22
879,151425,7,728,532,22
880,151495,7,728,524,28
881,151596,20,700,524,0
882,151661,7,700,524,0
883,151785,20,705,528,0
884,151895,8,707,519,12
885,151974,8,712,521,16
886,152129,35,711,535,0
887,152253,14,715,532,7
888,152373,13,722,528,21
889,152446,7,725,524,26
890,152522,7,726,523,29
891,152617,13,712,535,1
892,152677,7,718,533,7
893,152740,6,721,531,9
894,152828,11,722,532,9
895,152996,8,730,537,10
896,153094,19,722,531,3
897,153163,7,725,532,5
898,153263,13,734,539,5
899,153346,7,736,538,8
900,153444,16,740,538,13
901,153603,20,750,541,19
902,153725,23,737,539,9
903,153812,7,742,543,9
904,154034,26,744,544,12
905,154224,30,735,536,12
906,154347,9,745,542,15
907,154472,11,751,542,21
908,154605,26,732,540,1
909,155856,36,701,519,0
910,156006,18,702,520,0
911,156113,10,701,519,0
912,156304,24,711,525,3
913,156510,6,712,524,5
914,156594,10,715,534,0
915,156677,8,722,533,8
916,156743,9,734,544,8
917,156811,7,738,547,8
918,156890,7,739,546,13
919,156964,7,747,538,28
920,157126,40,713,523,10
921,157264,19,715,523,12
922,157402,17,720,523,19
923,157500,6,722,521,24
924,157598,18,700,523,0
925,157652,7,713,526,4
926,157717,6,725,538,4
927,157773,6,731,543,4
928,157836,7,747,559,4
929,157910,7,747,558,4
930,157990,9,752,551,14
931,158091,22,743,556,0
932,158157,7,756,568,1
933,158245,7,770,579,1
934,158324,7,780,574,15
935,158391,11,789,583,15
936,158450,8,793,586,15
937,158612,31,783,590,0
938,158728,14,786,587,2
939,158845,15,797,598,2
940,158946,11,801,601,2
941,159035,15,810,610,2
942,159121,12,812,614,0
943,159196,8,815,615,2
944,159270,8,825,622,5
945,161712,2379,827,599,33
946,161902,17,789,590,0
947,162184,32,789,590,0
948,162272,8,796,595,0
949,162351,9,798,597,0
950,162426,8,798,597,0
951,162499,8,807,606,0
952,162582,7,811,610,0
953,162653,8,813,612,0
954,162732,7,821,620,0
955,162811,6,826,625,0
956,162888,7,842,639,0
957,162967,8,850,647,0
958,163045,6,853,648,0
959,163114,7,856,651,0
960,163178,8,871,666,0
961,163278,17,873,668,0
962,163396,21,889,679,2
963,163530,27,900,688,2
964,163668,26,902,686,8
965,163750,7,906,671,30
966,163823,8,906,666,34
967,163889,8,913,670,37
968,163957,8,916,669,45
969,164052,16,916,666,49
970,164136,12,870,666,2
971,164211,8,874,658,12
972,164281,8,887,667,17
973,164346,7,889,668,18
974,164431,7,890,666,23
975,164509,8,902,675,23
976,164608,25,879,673,0
977,164671,9,888,682,0
978,164788,14,897,681,12
979,164897,15,903,686,13
980,165021,14,903,684,13
981,165337,21,876,669,2
982,165402,8,876,663,9
983,165467,8,887,664,15
984,165552,14,891,662,17
985,165639,9,877,662,2
986,165719,8,880,661,7
987,165782,8,888,664,12
988,165856,8,900,674,13
989,165937,9,902,675,14
990,166004,9,911,682,16
991,166120,20,903,689,1
992,166185,8,904,688,4
993,166267,9,912,693,4
994,166385,16,913,690,8
995,166547,26,915,691,9
996,166733,25,913,698,0
997,166841,8,936,721,0
998,166901,8,941,726,0
999,166971,8,942,726,2
1000,167065,13,940,725,0
1001,167138,8,955,740,0
1002,167228,11,962,746,1
1003,167301,8,963,746,2
1004,167361,8,972,754,3
1005,167438,8,972,750,7
1006,167508,9,982,752,16
1007,167599,17,968,754,0
1008,167671,9,974,760,0
1009,167741,9,976,761,0
1010,167815,8,987,772,0
1011,167946,19,987,772,0
1012,168085,23,988,767,0
1013,168193,12,991,770,0
1014,168290,9,994,768,3
1015,168356,10,994,766,5
1016,168678,18,987,764,0
1017,168739,10,997,771,3
1018,168810,9,998,767,10
1019,168889,8,999,768,10
1020,168960,9,995,765,9
1021,169034,18,996,766,9
1022,169129,21,989,766,2
1023,169206,20,991,767,3
1024,169279,20,991,766,4
1025,169380,16,994,765,5
1026,169493,18,1008,776,8
1027,169622,17,1012,788,0
1028,169701,10,1024,800,0
1029,169770,9,1031,805,0
1030,169847,9,1033,804,1
1031,169918,10,1041,810,3
1032,169982,9,1049,815,4
1033,170063,21,1060,825,5
1034,170147,12,1055,825,0
1035,170229,13,1064,831,2
1036,170299,13,1068,835,2
1037,170394,11,1074,840,3
1038,170470,10,1079,845,3
1039,170561,17,1087,852,4
1040,170709,28,1098,867,0
1041,170863,22,1111,873,7
1042,171053,51,1114,873,11
1043,171251,27,1108,868,8
1044,171308,9,1110,862,17
1045,171405,9,1112,847,36
1046,171482,11,1115,850,36
1047,171592,22,1077,848,0
1048,171659,9,1081,851,1
1049,171736,14,1092,862,1
1050,172172,27,1094,864,0
1051,172326,23,1098,868,0
1052,172505,34,1109,875,3
1053,172666,31,1106,872,5
1054,172788,22,1110,875,6
1055,172898,20,1110,875,6
1056,173017,20,1111,876,6
1057,173192,39,1101,864,15
1058,173348,29,1111,845,53
1059,173474,17,1117,807,107
1060,173600,38,1136,818,114
1061,173786,42,1027,810,15
1062,173919,12,1043,805,36
1063,174013,14,1054,815,36
1064,174176,36,1028,815,9
1065,174261,11,1029,815,9
1066,174365,14,1034,785,50
1067,174460,10,1041,768,76
1068,174539,20,1047,752,102
1069,174662,17,951,739,26
1070,174735,11,958,740,35
1071,174874,22,961,724,53
1072,175008,23,968,713,71
1073,175197,44,902,697,23
1074,175315,7,904,679,46
1075,175393,8,908,659,65
1076,175465,9,920,661,72
1077,175546,10,920,644,92
1078,175636,15,828,638,6
1079,175710,8,830,635,9
1080,175780,8,837,635,24
1081,175858,10,841,629,32
1082,175969,12,858,640,40
1083,176452,46,822,637,3
1084,176596,28,825,635,7
1085,176677,7,826,636,7
1086,176741,9,830,637,10
1087,176804,8,837,642,13
1088,176867,8,842,649,10
1089,176946,9,851,654,13
1090,177099,25,830,650,0
1091,177201,9,839,635,16
1092,177279,8,841,631,22
1093,177362,9,853,645,20
1094,177432,10,857,647,20
1095,177513,11,862,649,22
1096,177608,13,838,640,13
1097,177739,16,848,649,13
1098,177863,13,857,658,17
1099,177958,7,858,658,17
1100,178037,10,866,663,20
1101,178118,16,852,669,0
1102,178205,23,863,679,6
1103,178340,8,864,667,14
1104,178416,8,867,667,16
1105,178486,7,869,669,16
1106,178582,18,851,671,0
1107,178647,8,867,683,0
1108,178717,8,872,683,5
1109,178795,8,883,693,6
1110,178862,8,887,695,8
1111,178936,18,892,684,25
1112,179185,62,874,685,9
1113,179406,51,879,679,18
1114,179556,17,875,667,23
1115,179631,10,853,668,0
1116,179699,10,863,678,0
1117,179771,8,866,675,0
1118,180153,13,874,652,33
1119,180240,13,849,647,9
1120,180305,9,852,639,21
1121,180373,11,853,632,30
1122,180466,15,855,634,30
1123,180652,38,828,637,0
1124,180777,20,834,631,9
1125,180878,8,842,639,9
1126,180941,9,850,645,11
1127,181014,8,853,645,14
1128,181115,23,855,654,7
1129,181187,9,860,646,20
1130,181258,9,861,640,28
1131,181322,9,868,641,33
1132,181406,10,870,641,35
1133,181564,54,877,631,53
1134,181743,15,827,618,12
1135,181850,8,838,627,15
1136,181960,15,846,621,30
1137,182137,51,817,619,0
1138,182269,10,819,615,4
1139,182348,9,828,622,6
1140,182418,9,847,627,20
1141,182479,9,847,618,30
1142,182565,21,856,618,43
1143,182714,60,818,613,12
1144,182809,7,820,609,22
1145,182884,8,826,614,23
1146,182956,19,826,612,25
1147,183083,18,802,610,4
1148,183150,7,806,609,16
1149,183218,8,806,607,18
1150,183328,13,814,604,27
1151,183443,21,826,612,33
1152,183624,49,800,619,0
1153,186132,2447,808,589,34
1154,186311,12,758,575,0
1155,186387,5,773,590,0
1156,186450,7,779,596,0
1157,186527,12,787,600,0
1158,186604,8,787,596,4
1159,186671,7,789,593,4
1160,186748,8,799,600,9
1161,186836,7,801,588,26
1162,186961,24,814,594,33
1163,187070,23,774,590,0
1164,187122,8,777,585,8
1165,187208,7,785,590,9
1166,187304,15,793,594,11
1167,187423,19,809,598,19
1168,187517,17,811,598,20
1169,187671,26,785,587,6
1170,187741,8,789,586,10
1171,187803,8,799,594,15
1172,187876,8,807,593,24
1173,187940,8,815,591,33
1174,188148,29,778,582,3
1175,188228,7,794,582,17
1176,188289,7,798,581,20
1177,188357,7,803,582,24
1178,188431,9,812,590,24
1179,188513,8,815,591,24
1180,188629,25,793,592,1
1181,188733,13,795,594,1
1182,188856,17,796,593,3
1183,188963,13,797,580,16
1184,189047,8,808,587,23
1185,189128,16,789,587,4
1186,189293,7,789,577,14
1187,189363,7,790,570,21
1188,189447,7,794,574,21
1189,189711,10,774,575,0
1190,189768,7,774,575,0
1191,189834,8,774,575,0
1192,189904,7,775,576,0
1193,189964,7,785,586,0
1194,190088,13,787,588,0
1195,190236,18,793,592,0
1196,190462,16,802,598,0
1197,190546,10,816,612,0
1198,190626,7,822,618,0
1199,190706,10,827,623,0
1200,190760,8,828,624,0
1201,190843,10,829,625,0
1202,190906,7,831,627,0
1203,190979,8,842,638,0
1204,191048,5,847,643,0
1205,191104,7,855,651,0
1206,191174,8,857,653,0
1207,191240,8,863,659,0
1208,191314,9,869,664,0
1209,191407,19,872,667,0
1210,191533,25,877,672,0
1211,191649,15,887,682,0
1212,191780,24,888,678,8
1213,191902,21,890,679,9
1214,191967,9,906,694,10
1215,192041,13,906,694,10
1216,192134,22,899,697,0
1217,192201,8,899,696,1
1218,192291,8,901,684,16
1219,192373,9,913,690,25
1220,192504,50,913,683,28
1221,192733,43,886,678,5
1222,192817,11,887,679,5
1223,192887,9,900,686,5
1224,193032,28,902,683,13
1225,193461,311,894,673,14
1226,193615,19,887,674,6
1227,193826,18,897,675,16
1228,193913,10,903,677,18
1229,193987,11,908,682,18
1230,194102,32,896,687,3
1231,194171,10,897,678,11
1232,194262,10,905,679,13
1233,194325,8,908,681,14
1234,194398,9,912,685,14
1235,194477,8,917,687,16
1236,194566,11,890,677,0
1237,194686,22,894,675,8
1238,194855,51,902,680,17
1239,195029,24,909,682,23
1240,195119,18,896,692,0
1241,195194,9,899,695,0
1242,195257,9,899,695,0
1243,195319,9,904,698,0
1244,195380,8,905,699,0
1245,195456,9,907,698,0
1246,195518,8,910,696,3
1247,195607,17,913,694,7
1248,195686,9,915,689,8
1249,195752,9,929,703,8
1250,195832,8,931,700,12
1251,195919,13,933,696,19
1252,196163,52,911,690,3
1253,196287,21,926,701,5
1254,196424,21,939,706,15
1255,196514,8,942,708,15
1256,196599,14,937,717,2
1257,196669,9,943,723,2
1258,196745,11,947,726,3
1259,196816,10,952,731,3
1260,197341,12,919,703,2
1261,197407,9,922,699,7
1262,197483,18,934,708,9
1263,197657,33,921,696,8
1264,197779,19,923,694,12
1265,197863,9,927,693,15
1266,197935,10,928,694,15
1267,197993,10,929,695,15
1268,198088,22,914,697,0
1269,198241,41,917,698,0
1270,198295,9,922,700,0
1271,198372,8,923,699,2
1272,198431,9,934,710,2
1273,198505,9,939,715,2
1274,198581,9,939,717,0
1275,198640,8,940,717,1
1276,198715,8,945,719,4
1277,198781,9,949,722,4
1278,198899,20,948,719,6
1279,199015,21,975,742,10
1280,199159,25,967,737,7
1281,199334,64,978,747,7
1282,199414,9,980,749,7
1283,199479,9,981,748,8
1284,199552,12,982,749,8
1285,199622,9,985,751,6
1286,199695,8,985,751,6
1287,199764,11,987,748,7
1288,199829,9,994,751,11
1289,199902,8,1000,751,18
1290,199970,9,1000,749,22
1291,200075,22,979,750,0
1292,200153,11,985,751,7
1293,200240,23,999,764,8
1294,200420,73,999,758,14
1295,200991,41,970,740,1
1296,201118,13,971,742,0
1297,201191,9,972,743,0
1298,201267,10,986,751,2
1299,201336,10,990,753,4
1300,201422,9,990,750,8
1301,201493,9,998,758,8
1302,201588,17,990,756,0
1303,201652,9,994,760,0
1304,201720,9,1001,763,2
1305,201791,10,1004,765,4
1306,201858,10,1004,765,4
1307,201938,10,1007,768,4
1308,202005,10,1009,770,4
1309,202099,26,1018,783,0
1310,202231,21,1031,795,2
1311,202361,22,1035,798,3
1312,202487,22,1045,804,6
1313,202747,105,1045,809,0
1314,202826,9,1047,807,6
1315,202901,11,1059,819,6
1316,202971,11,1066,823,11
1317,203074,15,1067,831,4
1318,203150,10,1084,844,4
1319,203229,11,1099,859,4
1320,203302,10,1103,854,15
1321,203388,10,1105,856,15
1322,203463,10,1106,838,42
1323,203659,44,1052,833,0
1324,203887,73,1059,817,26
1325,204089,26,1064,803,48
1326,204165,11,1022,792,23
1327,204230,9,1038,800,34
1328,204690,19,1039,740,95
1329,204765,12,961,747,11
1330,204831,9,968,738,25
1331,204903,9,981,751,25
1332,204997,11,991,761,25
1333,205135,57,979,767,8
1334,205264,17,980,768,8
1335,205369,10,995,758,30
1336,205433,8,1002,758,40
1337,205494,10,1002,746,56
1338,205606,13,948,745,2
1339,205681,10,954,733,22
1340,205776,14,957,723,40
1341,205861,9,966,712,56
1342,205942,15,979,719,62
1343,206177,30,901,706,0
1344,206276,8,914,718,0
1345,206382,18,914,713,6
1346,206499,18,914,701,17
1347,206655,30,899,701,5
1348,206733,10,914,702,23
1349,206796,10,916,702,24
1350,206866,9,925,710,24
1351,206934,10,938,703,41
1352,207006,10,950,703,50
1353,207198,68,900,690,12
1354,207340,9,904,670,42
1355,207434,15,911,660,62
1356,207532,17,914,643,83
1357,207707,65,837,637,10
1358,207872,27,839,625,23
1359,208052,23,844,627,27
1360,208205,43,817,612,18
1361,211082,39,818,458,180
1362,211488,10,612,433,0
1363,211628,13,615,434,0
1364,211738,9,617,436,0
1365,211844,13,627,440,5
1366,211965,13,632,442,8
1367,212108,15,624,442,0
1368,212255,20,630,441,5
1369,212518,21,632,431,17
1370,212684,37,612,428,0
1371,212788,12,615,429,3
1372,212898,10,633,439,8
1373,213041,20,636,428,23
1374,213193,37,614,421,9
1375,213287,8,614,418,12
1376,213393,14,616,414,18
1377,213534,28,631,427,20
1378,213702,29,629,443,0
1379,213865,22,631,445,0
1380,214029,20,643,457,0
1381,214161,13,659,471,0
1382,214280,13,660,472,0
1383,214396,13,665,477,0
1384,214531,33,667,479,0
1385,214724,16,683,494,0
1386,214803,8,684,495,0
1387,214897,8,690,501,0
1388,215038,18,695,506,0
1389,215163,15,706,517,0
1390,215262,6,710,521,0
1391,215325,6,712,522,0
1392,215390,6,717,527,0
1393,215453,6,723,532,0
1394,215510,7,735,543,0
1395,215587,7,745,552,0
1396,215684,33,761,567,0
1397,216063,6,766,572,0
1398,216148,11,769,574,0
1399,216224,10,780,583,2
1400,216372,16,781,580,6
1401,216517,15,790,566,33
1402,216826,14,762,560,10
1403,216953,28,775,555,30
1404,217099,26,749,561,0
1405,217205,16,755,553,15
1406,217307,13,765,561,20
1407,217426,16,771,561,30
1408,217545,25,782,571,30
1409,217689,44,766,583,2
1410,217815,18,774,580,14
1411,218009,31,780,570,31
1412,218252,51,752,571,3
1413,218427,14,753,556,20
1414,218672,96,736,554,7
1415,218871,7,745,542,31
1416,218935,8,753,550,31
1417,219019,7,754,544,42
1418,219122,25,717,541,8
1419,219192,8,719,542,8
1420,219300,11,720,542,9
1421,219446,15,722,534,20
1422,219581,18,705,535,0
1423,219668,8,710,540,0
1424,219728,6,714,542,2
1425,219794,7,718,538,7
1426,219866,7,727,549,4
1427,219940,15,735,556,4
1428,220015,8,741,560,6
1429,220097,16,735,560,0
1430,220172,7,735,560,0
1431,220237,7,737,560,3
1432,220304,8,747,568,5
1433,220733,46,744,564,3
1434,220863,22,752,569,3
1435,220981,8,755,567,7
1436,221080,24,751,570,0
1437,221164,7,754,566,10
1438,221231,7,763,568,14
1439,221301,8,767,573,13
1440,221375,7,768,572,14
1441,221441,8,771,573,13
1442,221512,7,775,571,23
1443,221607,19,757,574,2
1444,221674,8,758,573,5
1445,221740,7,767,581,6
1446,221816,8,768,582,6
1447,221876,7,772,584,6
1448,222020,55,785,595,12
1449,222217,44,781,598,9
1450,222345,15,782,596,9
1451,222455,8,785,595,14
1452,222515,8,788,598,14
1453,222622,18,786,610,0
1454,222703,10,795,617,4
1455,222778,10,811,630,4
1456,222847,11,822,639,5
1457,222916,11,822,638,5
1458,223048,27,825,638,5
1459,223126,17,829,646,1
1460,223197,11,841,654,5
1461,223272,9,842,655,5
1462,223362,10,848,660,5
1463,223472,33,849,661,5
1464,223678,49,836,654,1
1465,223879,24,843,655,6
1466,224157,28,836,644,11
1467,224218,8,842,648,11
1468,224671,28,818,630,6
1469,224755,8,820,631,6
1470,224820,9,832,643,6
1471,224877,8,839,650,6
1472,224987,19,848,661,3
1473,225117,26,847,659,2
1474,225235,20,856,664,6
1475,225350,16,867,667,11
1476,225421,10,875,668,20
1477,225486,9,876,664,25
1478,225590,29,857,674,0
1479,225653,9,862,677,0
1480,225720,9,872,680,5
1481,225792,8,880,683,7
1482,225850,8,890,689,12
1483,225928,11,891,683,18
1484,226000,8,900,690,20
1485,226099,25,880,690,0
1486,226178,10,882,692,0
1487,226235,9,892,697,7
1488,226301,9,914,718,8
1489,226397,18,919,723,8
1490,226512,21,922,709,19
1491,226641,26,910,710,2
1492,226765,17,912,710,4
1493,226850,10,913,705,10
1494,226938,11,928,718,10
1495,227010,9,931,721,10
1496,227093,26,938,738,0
1497,227163,8,938,738,0
1498,227226,11,948,748,0
1499,227286,10,966,766,0
1500,227364,11,970,766,4
1501,227436,10,982,777,4
1502,227503,10,982,773,5
1503,227930,346,979,765,7
1504,228101,29,983,753,12
1505,228252,23,981,763,0
1506,228381,10,985,761,9
1507,228452,10,997,771,10
1508,228520,9,999,766,17
1509,228605,15,986,768,1
1510,228682,11,988,765,6
1511,228758,12,997,766,11
1512,228834,9,1002,770,11
1513,228915,10,1011,779,11
1514,228988,12,1011,776,11
1515,229077,10,1004,780,0
1516,229144,10,1007,778,4
1517,229209,10,1013,778,9
1518,229279,9,1015,780,9
1519,229339,10,1016,781,9
1520,229475,17,1017,777,15
1521,229619,25,1004,767,9
1522,229734,22,1016,771,18
1523,229794,9,1029,782,21
1524,229860,9,1035,779,23
1525,229935,9,1035,777,29
1526,230006,9,1035,769,31
1527,230105,12,1015,777,3
1528,230174,10,1020,781,4
1529,230253,10,1021,780,6
1530,230326,10,1029,785,6
1531,230405,10,1030,783,9
1532,230477,10,1031,784,9
1533,230576,22,1023,785,0
1534,230642,9,1028,790,0
1535,230786,20,1029,791,0
1536,230903,17,1030,791,3
1537,231364,350,1032,783,15
1538,231544,36,1017,773,10
1539,231673,36,1017,782,1
1540,231744,10,1032,794,3
1541,231813,10,1042,800,5
1542,231876,11,1047,801,7
1543,231942,10,1068,819,10
1544,232007,11,1074,824,9
1545,232103,28,1066,823,2
1546,232177,12,1069,822,5
1547,232251,11,1077,828,5
1548,232318,10,1077,825,10
1549,232382,10,1083,831,8
1550,232455,11,1087,834,8
1551,232556,35,1092,836,9
1552,232697,25,1088,839,3
1553,232824,23,1104,854,4
1554,232926,11,1108,857,6
1555,233001,10,1109,856,8
1556,233090,20,1102,853,0
1557,233155,10,1105,852,3
1558,233232,9,1110,854,5
1559,233301,10,1111,844,21
1560,233378,11,1121,833,47
1561,233454,10,1121,811,74
1562,233540,19,1127,791,106
1563,233639,14,1031,792,8
1564,233712,11,1034,788,15
1565,233802,12,1038,790,15
1566,233884,12,1042,794,15
1567,234039,35,1051,792,25
1568,234202,46,1028,754,48
1569,234420,14,1029,741,71
1570,234781,297,1034,732,90
1571,234897,40,941,702,22
1572,234967,9,944,694,41
1573,235050,11,947,696,48
1574,235141,10,903,697,9
1575,235219,9,911,698,15
1576,235304,12,917,687,34
1577,235384,13,927,689,43
1578,235579,27,928,685,49
1579,235725,20,877,668,20
1580,235805,9,881,668,25
1581,235872,8,898,682,27
1582,235937,9,907,673,42
1583,235987,8,919,678,48
1584,236096,33,879,684,0
1585,236164,9,879,683,1
1586,236228,9,881,682,4
1587,236300,8,891,690,8
1588,236373,8,896,694,9
1589,236466,19,908,701,14
1590,236651,27,887,687,10
1591,236724,7,890,674,25
1592,236849,19,891,652,53
1593,236972,17,899,654,58
1594,237136,32,844,652,7
1595,237210,8,851,659,7
1596,237272,8,856,664,7
1597,237339,8,863,657,16
1598,237393,8,867,658,19
1599,237454,8,879,669,19
1600,237521,9,882,668,23
1601,237712,40,865,664,5
1602,237789,8,866,664,6
1603,237862,8,867,664,6
1604,238233,312,873,662,15
1605,238439,61,848,653,0
1606,238570,18,851,654,0
1607,238726,21,853,656,0
1608,238835,12,861,663,0
1609,238908,9,866,668,0
1610,238996,9,871,673,0
1611,239073,8,888,690,0
1612,239152,9,903,705,0
1613,239222,10,912,714,0
1614,239313,9,914,716,0
1615,239392,10,921,722,0
1616,239460,9,922,723,0
1617,239540,8,930,731,0
1618,239628,9,932,733,0
1619,239725,17,942,743,0
1620,239896,35,944,745,0
1621,240109,15,947,748,0
1622,240185,9,961,762,0
1623,240260,9,973,774,0
1624,240325,9,976,777,0
1625,240390,10,980,781,0
1626,240448,10,992,793,0
1627,240508,9,992,793,0
1628,240592,11,994,795,0
1629,240671,10,1004,801,0
1630,240752,10,1006,803,0
1631,240818,10,1007,804,0
1632,240894,11,1013,810,0
1633,240968,9,1018,815,0
1634,241080,15,1023,820,0
1635,241203,15,1027,824,0
1636,241344,26,1028,817,7
1637,241477,16,1032,814,19
1638,241633,41,1012,798,12
1639,244351,37,1016,611,217
1640,244614,43,798,585,28
1641,244751,12,772,582,8
1642,244821,14,776,572,24
1643,244895,7,780,566,34
1644,244977,16,790,571,35
1645,245082,25,743,561,0
1646,245154,7,747,558,9
1647,245260,16,751,550,24
1648,245325,8,756,548,34
1649,245396,7,755,536,54
1650,245479,8,768,548,54
1651,245617,17,715,545,6
1652,245849,23,716,534,20
1653,245998,6,716,534,20
1654,246091,24,696,531,5
1655,246155,7,696,531,5
1656,246220,8,702,535,7
1657,246377,14,703,536,7
1658,246455,8,711,541,9
1659,246535,14,715,541,10
1660,246624,22,715,551,0
1661,246701,7,721,556,0
1662,246770,6,733,567,1
1663,246837,7,736,569,2
1664,246907,8,746,578,3
1665,247040,19,747,579,3
1666,247166,21,746,579,3
1667,247301,27,749,579,6
1668,247455,40,762,590,6
1669,247605,23,755,580,1
1670,247682,6,757,578,5
1671,247744,7,763,578,9
1672,247813,9,766,580,9
1673,248087,17,771,591,0
1674,248159,8,783,597,4
1675,248248,28,784,597,5
1676,248328,7,797,610,5
1677,248453,12,798,603,13
1678,248707,41,785,601,3
1679,248840,22,791,602,7
1680,248933,17,807,607,19
1681,249038,24,816,613,22
1682,249174,30,805,619,3
1683,249359,19,812,614,18
1684,249491,20,823,621,21
1685,249661,33,808,622,2
1686,249806,19,812,617,11
1687,249942,17,827,626,16
1688,250073,12,805,619,0
1689,250133,7,814,620,0
1690,250233,8,821,623,2
1691,250294,9,830,629,7
1692,250355,7,834,632,7
1693,250427,8,836,634,7
1694,250499,9,839,637,7
1695,250592,19,841,646,0
1696,250650,8,843,647,1
1697,250737,12,857,659,2
1698,250888,8,860,654,17
1699,250973,9,866,660,17
1700,251089,24,848,658,2
1701,251199,16,852,652,12
1702,251320,21,865,660,17
1703,251428,10,866,656,20
1704,251493,9,868,655,21
1705,251610,33,849,655,3
1706,251682,9,850,653,5
1707,251749,8,854,649,12
1708,252224,31,841,643,0
1709,252298,8,843,642,1
1710,252370,8,854,651,1
1711,252463,21,859,652,5
1712,252611,35,853,653,0
1713,252737,8,854,649,5
1714,252794,8,861,653,10
1715,252873,8,867,649,17
1716,252935,8,867,648,18
1717,253071,58,870,645,24
1718,253166,12,851,646,2
1719,253233,8,855,644,9
1720,253296,9,875,662,11
1721,253354,9,886,673,11
1722,253424,10,896,679,14
1723,253511,10,904,683,19
1724,253608,22,894,692,0
1725,253669,8,900,696,0
1726,253767,21,901,697,0
1727,253868,16,904,698,8
1728,253966,13,906,699,10
1729,254176,91,897,697,4
1730,254251,9,897,691,12
1731,254319,8,904,698,12
1732,254374,7,908,702,12
1733,254438,8,917,711,12
1734,254501,8,926,720,12
1735,254591,21,924,730,0
1736,254653,9,927,731,1
1737,254719,9,928,722,12
1738,254805,11,928,715,18
1739,254886,13,930,717,18
1740,254967,11,934,714,26
1741,255072,12,922,727,0
1742,255548,404,937,734,8
1743,255785,85,912,708,9
1744,255950,35,921,708,15
1745,256196,49,911,710,2
1746,256400,18,914,705,7
1747,256476,9,914,697,15
1748,256578,13,900,697,3
1749,256647,9,910,706,4
1750,256711,11,921,716,6
1751,256773,10,923,717,7
1752,256845,9,924,702,10
1753,256920,9,927,703,12
1754,256991,8,934,705,13
1755,257107,14,932,711,6
1756,257180,10,933,711,7
1757,257346,24,935,710,9
1758,257644,26,914,700,3
1759,257766,12,920,706,3
1760,257839,9,925,711,3
1761,257913,10,929,714,3
1762,257974,8,943,724,9
1763,258042,14,943,724,9
1764,258133,17,937,723,4
1765,258202,9,943,729,4
1766,258265,9,960,741,6
1767,258337,10,968,745,10
1768,258412,10,977,748,15
1769,258486,9,976,744,18
1770,258620,42,983,739,20
1771,258726,9,969,740,4
1772,258848,24,971,742,4
1773,258962,23,975,741,9
1774,259139,56,964,737,4
1775,259214,9,972,742,7
1776,259574,12,987,751,15
1777,259649,16,982,761,0
1778,259804,10,1003,773,11
1779,259873,10,1015,780,14
1780,259959,13,1020,778,22
1781,260039,22,1022,780,22
1782,260130,14,1001,780,3
1783,260239,22,1004,779,6
1784,260375,25,1007,780,8
1785,260537,28,1015,782,12
1786,260638,30,1014,790,3
1787,260716,12,1021,790,9
1788,260809,32,1021,787,11
1789,260879,11,1026,787,16
1790,261011,17,1028,784,22
1791,261169,44,1011,789,0
1792,261369,140,1022,799,0
1793,261465,11,1022,799,0
1794,261648,17,1023,797,3
1795,261773,21,1040,805,8
1796,262167,57,1027,790,6
1797,262282,10,1029,781,7
1798,262365,10,1041,784,16
1799,262455,10,1048,788,19
1800,262533,18,1049,785,23
1801,262725,56,1042,798,3
1802,262792,10,1060,810,10
1803,262860,11,1070,818,10
1804,262927,10,1082,828,11
1805,263070,60,1091,829,18
1806,263212,30,1075,828,3
1807,263291,11,1084,832,7
1808,263756,365,1093,787,78
1809,264088,108,954,716,31
1810,264521,54,930,660,69
1811,264637,21,875,672,0
1812,264728,15,880,676,0
1813,264812,10,888,684,0
1814,264880,9,897,692,1
1815,264972,9,897,683,14
1816,265114,36,875,673,3
1817,265205,10,883,658,28
1818,265305,11,888,654,35
1819,265405,9,904,646,60
1820,265639,63,909,655,56
1821,265841,48,866,645,22
1822,265926,9,869,634,36
1823,266012,9,875,632,46
1824,266168,34,827,622,8
1825,266242,9,845,631,19
1826,266321,9,850,632,21
1827,266399,10,859,637,24
1828,266471,9,862,633,30
1829,266701,22,835,624,11
1830,266804,13,850,636,15
1831,266935,20,859,642,21
1832,267116,25,840,644,0
1833,267221,8,848,636,16
1834,267299,12,851,630,33
1835,267370,11,858,632,37
1836,267456,11,870,645,36
1837,267541,12,871,642,37
1838,267648,27,836,643,0
1839,267829,9,839,632,16
1840,270431,38,687,491,28
1841,270592,22,661,481,15
1842,270677,13,643,480,0
1843,270735,6,651,473,20
1844,270896,12,662,468,31
1845,270985,13,666,469,34
1846,271155,45,636,470,8
1847,271276,12,643,476,9
1848,271397,10,644,467,20
1849,271506,14,644,460,29
1850,271703,37,616,458,3
1851,271882,29,633,473,4
1852,272181,15,631,475,0
1853,272254,7,634,478,0
1854,272326,7,634,478,0
1855,272394,6,638,482,0
1856,272470,8,639,483,0
1857,272549,7,645,489,0
1858,272638,6,646,490,0
1859,272704,6,655,499,0
1860,272773,6,660,504,0
1861,272867,7,665,509,0
1862,272943,7,669,513,0
1863,273017,8,690,532,0
1864,273164,15,690,532,0
1865,273290,12,690,532,0
1866,273423,15,690,532,0
1867,273499,7,701,543,0
1868,273566,7,706,546,0
1869,273634,7,708,548,0
1870,273695,6,725,565,0
1871,273758,7,726,566,0
1872,273823,9,734,574,0
1873,273903,8,737,577,0
1874,273990,6,738,578,0
1875,274368,9,742,582,0
1876,274464,18,746,586,0
1877,274589,9,747,587,0
1878,274724,18,748,582,1
1879,274796,8,752,585,4
1880,274867,7,757,582,10
1881,274931,8,768,584,11
1882,275002,8,780,593,14
1883,275109,19,772,597,0
1884,275180,7,783,596,27
1885,275362,33,791,572,52
1886,275451,8,797,572,63
1887,275517,8,811,586,63
1888,275618,14,751,588,1
1889,275701,9,755,588,3
1890,275849,28,772,605,3
1891,275969,19,788,621,3
1892,276141,43,777,616,0
1893,276230,11,780,614,3
1894,276310,9,780,613,3
1895,276490,41,786,613,11
1896,276598,17,780,617,0
1897,276788,30,784,612,10
1898,276864,7,791,605,28
1899,276959,11,794,598,39
1900,277021,8,800,598,39
1901,277147,15,787,607,14
1902,277263,23,792,607,17
1903,277411,13,795,606,21
1904,277669,21,767,597,0
1905,277727,7,771,598,3
1906,277795,9,771,594,7
1907,277867,8,777,598,7
1908,277938,7,779,600,7
1909,278027,12,783,602,9
1910,278537,38,779,582,19
1911,278627,14,762,584,0
1912,278807,16,763,578,11
1913,278921,18,772,581,17
1914,279021,10,791,596,21
1915,279101,11,781,607,0
1916,279166,8,786,610,2
1917,279237,8,793,617,2
1918,279307,8,799,623,2
1919,279383,8,802,626,2
1920,279451,8,811,633,4
1921,279519,10,817,636,7
1922,279612,17,811,634,3
1923,279700,28,818,636,6
1924,279904,15,828,640,14
1925,280110,53,828,636,20
1926,280313,44,824,647,5
1927,280477,18,824,629,26
1928,280635,37,813,642,2
1929,280764,18,814,630,18
1930,280877,19,824,640,18
1931,280982,16,828,623,40
1932,281159,60,791,625,0
1933,281261,18,801,632,1
1934,281372,16,806,628,5
1935,281545,37,807,625,6
1936,281744,30,802,619,10
1937,282028,15,804,621,10
1938,282304,15,798,614,14
1939,282377,7,809,621,19
1940,282443,9,809,619,21
1941,282513,8,812,621,22
1942,282623,23,799,630,0
1943,282695,9,809,635,2
1944,283124,24,814,627,15
1945,283268,26,808,621,15
1946,283370,8,815,627,16
1947,283426,9,828,637,17
1948,283496,8,829,637,18
1949,283606,25,805,629,3
1950,283681,9,822,634,4
1951,283763,9,826,636,6
1952,283844,13,828,636,7
1953,283912,9,829,636,8
1954,283986,12,836,642,8
1955,284066,11,829,641,0
1956,284141,11,832,644,0
1957,284211,9,839,649,3
1958,284285,10,841,640,15
1959,284355,10,846,638,18
1960,284462,9,850,633,23
1961,284541,10,861,644,23
1962,284658,55,848,654,0
1963,284809,19,856,656,15
1964,284955,17,859,654,21
1965,285122,57,841,655,5
1966,285210,8,848,656,8
1967,285276,7,850,657,8
1968,285359,9,854,661,8
1969,285426,8,870,677,8
1970,285498,8,874,680,8
1971,285598,18,875,689,0
1972,285670,9,877,691,0
1973,285740,8,880,694,0
1974,285813,9,891,702,0
1975,285881,9,891,701,1
1976,285955,8,900,709,2
1977,286055,11,900,708,8
1978,286150,30,894,710,0
1979,286638,54,880,690,5
1980,286762,23,881,683,15
1981,286885,18,883,672,27
1982,286967,8,883,665,31
1983,287042,13,883,663,34
1984,287122,15,861,671,3
1985,287187,9,873,681,3
1986,287253,9,879,674,13
1987,287320,9,882,676,14
1988,287377,8,889,681,16
1989,287441,8,890,682,16
1990,287529,13,890,682,16
1991,287607,11,876,684,0
1992,287675,9,880,688,0
1993,287753,8,883,688,3
1994,287826,9,894,697,7
1995,287898,10,896,691,15
1996,288054,38,900,693,20
1997,288163,27,884,685,7
1998,288280,19,891,676,15
1999,288385,8,894,670,20
2000,288454,9,912,679,30
2001,288572,17,925,691,28
2002,288655,12,897,691,0
2003,288728,9,898,691,1
2004,288812,10,902,694,3
2005,288881,8,904,696,3
2006,288952,9,906,698,3
2007,289015,8,913,705,3
2008,289119,24,913,707,0
2009,289197,9,914,704,4
2010,289289,10,916,705,5
2011,289348,9,926,714,5
2012,289508,34,934,722,5
2013,290093,428,930,705,19
2014,290257,27,910,704,0
2015,290363,9,917,708,2
2016,290426,10,925,714,3
2017,290492,9,928,717,3
2018,290585,20,930,723,0
2019,290648,9,932,724,1
2020,290728,10,931,721,3
2021,290802,10,931,712,12
2022,290875,10,931,710,15
2023,290940,9,939,717,16
2024,290999,9,939,716,17
2025,291093,23,926,718,1
2026,291159,8,948,738,4
2027,291230,9,948,729,10
2028,291323,24,949,730,10
2029,291438,25,949,729,11
2030,291589,29,950,728,13
2031,291716,19,948,733,10
2032,291780,10,970,753,12
2033,291856,9,967,753,9
2034,291923,10,976,762,9
2035,291979,9,981,767,9
2036,292049,15,985,774,6
2037,292113,10,981,776,0
2038,292174,10,984,779,0
2039,292246,9,986,778,4
2040,292312,10,998,788,5
2041,292384,9,1000,790,5
2042,292455,9,1005,791,11
2043,292519,10,1012,794,15
2044,292622,24,1027,823,0
2045,292688,9,1029,825,0
2046,292788,27,1043,833,6
2047,292918,23,1045,826,12
2048,295277,24,1044,672,204
2049,295576,55,863,637,59
2050,295710,12,804,637,0
2051,295800,7,816,634,16
2052,295869,8,824,628,26
2053,295952,9,827,627,30
2054,296066,16,831,629,41
2055,296155,11,787,623,5
2056,296265,14,790,594,42
2057,296362,12,799,597,47
2058,296492,22,805,585,63
2059,296699,61,742,587,1
2060,296814,7,743,582,8
2061,296910,30,743,579,11
2062,297124,29,715,553,9
2063,297205,7,717,545,18
2064,297276,7,735,551,28
2065,297341,7,756,562,33
2066,297410,7,762,557,44
2067,297495,7,768,547,58
2068,297607,29,725,561,1
2069,297672,6,729,558,9
2070,297756,10,733,553,17
2071,297929,20,738,558,17
2072,298197,84,731,567,0
2073,298386,19,735,569,0
2074,298502,18,738,572,0
2075,298623,10,743,577,0
2076,298733,17,744,578,0
2077,298862,14,749,583,0
2078,298950,8,756,590,0
2079,299009,7,759,593,0
2080,299265,6,760,594,0
2081,299366,13,772,605,0
2082,299494,19,774,607,0
2083,299604,8,778,611,0
2084,299670,7,787,620,0
2085,299738,9,798,631,0
2086,299805,8,809,642,0
2087,299880,9,822,655,0
2088,299943,7,825,658,0
2089,300011,10,831,664,0
