tick,timestamp,query_runtime,trav_index_nodes,trav_vol_nodes,trav_unprod_nodes
0,978,7,5,5,0
1,1436,2,11,11,0
2,1819,5,13,13,0
3,2120,8,21,21,0
4,2417,3,23,23,0
5,2757,4,28,28,0
6,3088,2,35,35,0
7,3436,1,39,39,0
8,3687,3,45,45,0
9,3884,3,65,65,0
10,7155,2,68,68,0
11,7820,8,72,72,0
12,8076,4,75,75,0
13,8348,4,81,81,0
14,8559,2,86,86,0
15,8748,5,94,94,0
16,8935,2,101,101,0
17,9094,3,102,102,0
18,9296,6,106,106,0
19,9577,5,107,107,0
20,9741,1,108,108,0
21,9929,7,111,111,0
22,10119,6,115,115,0
23,10337,4,118,118,0
24,10788,12,123,123,0
25,11074,2,123,123,0
26,11255,3,136,136,0
27,11456,2,138,138,0
28,11653,6,142,142,0
29,11804,3,153,153,0
30,12070,2,164,164,0
31,12333,3,172,172,0
32,12522,3,176,176,0
33,12695,6,185,185,0
34,12857,3,188,188,0
35,13032,7,188,188,0
36,13230,10,191,191,0
37,13746,16,195,195,0
38,14063,11,203,203,0
39,14322,15,204,204,0
40,14683,30,214,214,0
41,14960,9,214,214,0
42,15228,18,219,219,0
43,15508,9,221,221,0
44,15836,3,224,224,0
45,16227,10,227,227,0
46,16504,29,228,228,0
47,16797,27,244,244,0
48,17085,44,250,250,0
49,17529,25,261,261,0
50,17947,19,262,262,0
51,21089,5,262,262,0
52,21315,8,265,265,0
53,21512,22,269,269,0
54,21703,4,280,280,0
55,21907,9,286,286,0
56,22120,7,291,291,0
57,22385,13,295,295,0
58,22562,6,296,296,0
59,22748,6,302,302,0
60,22918,8,302,302,0
61,23114,4,303,303,0
62,23310,10,305,305,0
63,24599,17,321,321,0
64,24832,8,324,324,0
65,24985,7,331,331,0
66,25167,8,335,335,0
67,25334,8,351,351,0
68,25487,8,364,364,0
69,25632,4,368,368,0
70,26054,19,369,369,0
71,26279,21,374,374,0
72,26429,9,375,375,0
73,26581,11,377,377,0
74,26735,9,389,389,0
75,26883,4,391,391,0
76,27038,7,394,394,0
77,27187,8,395,395,0
78,27349,15,397,397,0
79,27551,17,401,401,0
80,27708,5,405,405,0
81,27830,9,411,411,0
82,27991,8,416,416,0
83,28106,9,421,421,0
84,28295,9,425,425,0
85,28437,12,427,427,0
86,28560,9,431,431,0
87,28766,4,432,432,0
88,28973,11,436,436,0
89,29112,5,437,437,0
90,29280,15,441,441,0
91,29397,5,450,450,0
92,29523,5,460,460,0
93,29650,4,460,460,0
94,30413,21,463,446,0
95,30627,17,466,442,1
96,30796,9,469,433,2
97,30942,11,469,429,3
98,31093,10,474,424,8
99,31228,10,477,422,8
100,31385,13,483,422,11
101,31496,11,483,415,17
102,31643,8,482,406,26
103,31801,9,486,385,43
104,32034,18,500,384,52
105,32291,41,450,377,4
106,32439,10,454,366,17
107,32603,5,458,351,36
108,32774,15,462,353,39
109,32945,16,463,352,41
110,33089,5,470,330,61
111,33289,14,472,327,64
112,33557,5,474,314,76
113,33698,8,484,323,77
114,33863,15,492,332,75
115,34023,15,488,328,73
116,34269,49,421,331,0
117,34461,12,429,339,0
118,34700,14,430,340,0
119,34889,11,435,345,0
120,35038,11,436,346,0
121,35211,14,438,348,0
122,35360,12,441,351,0
123,35499,10,451,361,0
124,35673,13,454,363,0
125,35805,9,460,369,0
126,36035,16,469,378,0
127,36231,6,469,378,0
128,36387,9,476,385,0
129,36542,10,479,388,0
130,36972,9,486,395,0
131,37128,12,487,391,2
132,38063,18,490,373,19
133,38557,19,473,360,12
134,38857,8,473,346,18
135,39058,4,475,336,29
136,39572,10,476,322,41
137,39738,18,477,318,46
138,39861,8,479,303,59
139,39987,5,489,311,60
140,40318,185,433,304,9
141,40478,8,447,317,11
142,40612,13,457,327,10
143,40724,5,464,331,14
144,40847,6,473,339,15
145,40964,4,475,338,18
146,41114,10,480,341,19
147,41257,23,480,331,27
148,41452,15,480,319,33
149,41600,4,486,320,39
150,41772,11,497,328,44
151,41900,10,497,320,50
152,42031,9,499,322,48
153,42190,17,459,327,2
154,42294,6,472,338,1
155,42411,4,484,346,3
156,42539,7,488,346,7
157,42659,7,488,343,10
158,42849,10,497,346,14
159,43046,17,515,358,19
160,43205,16,515,358,19
161,43312,12,518,360,20
162,43435,5,520,358,22
163,43559,8,522,357,26
164,43675,11,529,364,26
165,43801,9,539,369,34
166,43940,9,539,369,37
167,44064,6,549,372,45
168,44247,11,514,381,1
169,44424,4,518,380,2
170,44594,12,525,387,2
171,44729,8,528,387,5
172,44845,12,544,393,15
173,44963,10,544,388,15
174,45085,11,553,397,15
175,45214,10,554,394,19
176,45327,4,563,399,21
177,45447,5,566,400,24
178,46329,46,568,381,46
179,46531,23,527,380,6
180,46677,11,536,385,8
181,46784,5,537,386,8
182,46908,8,540,389,8
183,47021,5,540,386,13
184,47141,5,551,394,16
185,47252,8,555,398,16
186,47385,11,561,401,22
187,47490,10,569,409,22
188,47647,5,574,412,24
189,47827,21,571,413,20
190,47988,8,580,421,21
191,48118,28,560,422,0
192,48244,12,563,423,2
193,48361,7,573,433,2
194,48482,11,585,445,2
195,48584,9,585,445,2
196,48704,9,585,445,2
197,48816,14,595,455,2
198,48964,7,595,455,2
199,49176,15,598,458,2
200,49380,13,605,465,2
201,49518,5,606,466,2
202,49660,12,617,477,2
203,49787,9,630,490,2
204,49936,14,634,494,2
205,50091,20,643,505,0
206,50238,12,648,510,0
207,50346,6,660,522,0
208,50497,9,665,526,0
209,50630,12,667,528,0
210,50778,12,671,532,0
211,50905,22,684,544,0
212,51048,10,688,548,0
213,51177,12,689,548,1
214,51337,12,698,533,28
215,51444,9,700,530,32
216,51566,13,709,530,44
217,51672,12,711,515,57
218,51775,14,725,509,77
219,52927,14,629,439,58
220,53492,13,638,398,114
221,53666,5,643,403,112
222,53790,10,647,406,112
223,54345,30,539,410,0
224,54777,14,546,398,22
225,54894,5,552,404,22
226,55016,11,561,402,30
227,55132,8,564,398,37
228,55231,5,565,385,54
229,55343,8,572,385,62
230,55497,29,572,380,64
231,55824,8,572,368,80
232,55971,5,579,375,80
233,56173,59,500,378,0
234,56283,4,504,376,5
235,56391,5,526,391,5
236,56508,13,528,384,14
237,56630,11,528,382,16
238,56746,10,539,391,16
239,56862,10,543,390,18
240,57021,7,550,391,22
241,57205,12,556,396,22
242,57355,11,563,395,32
243,57472,8,574,404,32
244,57584,5,588,417,33
245,57853,7,591,397,57
246,57933,12,593,398,58
247,58018,6,605,402,66
248,58131,24,557,417,0
249,58214,7,561,414,11
250,58310,11,564,411,19
251,58476,23,566,403,31
252,58651,5,578,405,41
253,58746,12,582,405,43
254,58896,8,584,405,46
255,59009,6,584,397,54
256,59118,9,588,401,54
257,59243,6,588,390,65
258,59376,9,588,382,73
259,59490,11,599,392,74
260,60133,512,604,392,79
261,60368,33,518,387,0
262,60548,4,530,398,2
263,60664,12,541,409,2
264,60779,12,547,414,6
265,61009,10,558,410,25
266,61096,4,565,415,27
267,61169,5,568,412,33
268,61241,5,571,415,33
269,61320,5,574,414,37
270,61388,7,580,413,46
271,61469,4,581,414,46
272,61531,5,585,416,46
273,61660,6,585,412,52
274,61798,14,599,421,58
275,61910,5,606,421,65
276,62131,48,620,430,65
277,62337,7,567,436,5
278,62398,5,577,446,5
279,62466,4,587,451,5
280,62522,5,590,445,13
281,62591,5,601,454,16
282,62681,6,604,458,15
283,62747,6,606,459,15
284,62825,8,608,459,17
285,62914,5,631,481,18
286,63074,16,641,490,17
287,63229,16,648,496,22
288,63394,20,654,498,28
289,63547,11,657,496,33
290,63669,11,660,492,38
291,63798,12,667,495,43
292,63912,5,669,496,44
293,64018,6,687,508,48
294,64170,26,641,505,2
295,64352,28,643,504,8
296,64592,18,643,499,9
297,64723,14,661,516,9
298,64847,7,664,511,20
299,64938,6,669,514,22
300,65006,5,674,517,24
301,65067,6,676,519,24
302,65812,12,682,513,34
303,65908,6,688,518,36
304,65996,6,697,525,38
305,66114,19,661,527,0
306,66233,6,670,536,0
307,66304,6,682,544,2
308,66394,7,686,544,6
309,66469,5,690,548,6
310,66539,5,694,549,7
311,66614,8,699,554,7
312,66733,12,703,556,9
313,66827,6,714,564,9
314,66985,10,719,567,9
315,67074,9,719,561,16
316,67176,9,732,572,19
317,67252,6,740,580,19
318,67325,6,743,583,19
319,67460,12,746,586,19
320,67571,13,763,603,19
321,67707,13,769,606,19
322,67947,14,777,613,20
323,68104,29,777,604,28
324,68310,31,753,608,0
325,68443,15,755,609,1
326,68629,23,757,611,1
327,68739,7,757,610,2
328,68805,7,758,611,2
329,68882,7,762,611,5
330,69089,38,774,621,5
331,69260,6,778,624,7
332,69333,7,783,628,7
333,69406,6,789,634,7
334,69478,8,789,634,7
335,69544,9,792,636,10
336,69665,6,795,628,21
337,69783,10,799,631,21
338,69967,24,807,634,26
339,70226,62,787,636,3
340,70500,8,793,633,15
341,71121,532,795,627,23
342,71205,13,806,628,32
343,71329,12,816,641,29
344,71448,7,825,648,29
345,71541,7,829,651,29
346,71638,23,840,661,30
347,71715,6,846,666,32
348,71795,7,847,661,36
349,71871,6,860,672,39
350,71935,6,862,672,39
351,72001,8,862,668,44
352,72102,9,815,669,0
353,72176,9,816,668,2
354,72244,7,817,662,9
355,72322,7,826,669,9
356,72451,21,829,661,17
357,72799,60,830,643,32
358,72973,20,831,642,34
359,73163,20,834,645,34
360,73299,15,836,639,43
361,73415,13,836,639,43
362,73540,10,835,639,42
363,73661,14,828,638,36
364,73766,13,832,636,39
365,73971,15,833,629,49
366,74141,35,785,623,2
367,74302,19,787,623,3
368,74457,12,787,622,4
369,74589,9,789,621,4
370,74698,13,796,618,10
371,74824,23,810,631,11
372,74990,47,820,640,11
373,75153,13,821,637,15
374,75303,11,828,632,29
375,75429,15,828,635,26
376,75580,26,836,642,26
377,75801,30,840,646,26
378,75980,15,844,650,26
379,76257,54,819,649,4
380,77695,1320,821,629,24
381,77806,9,837,620,48
382,77974,23,840,618,52
383,78080,16,857,632,52
384,78243,19,807,634,0
385,78523,15,813,633,0
386,78671,9,829,638,8
387,78747,8,832,641,8
388,78853,12,833,642,7
389,78945,8,837,638,16
390,79081,21,843,625,35
391,79240,16,849,611,54
392,79367,14,860,616,62
393,79547,7,865,587,99
394,79625,9,868,582,110
395,79710,10,871,576,119
396,79797,8,873,577,119
397,79884,9,883,586,119
398,80016,12,890,591,121
399,80445,178,792,565,53
400,80785,30,797,538,82
401,80906,8,800,531,90
402,81068,18,810,541,90
403,81216,10,815,530,111
404,81360,20,817,513,139
405,81534,24,829,521,140
406,81749,24,832,515,149
407,82010,29,840,521,151
408,82405,70,691,522,1
409,82600,15,697,528,1
410,82829,24,700,531,1
411,83021,17,708,536,3
412,83226,20,713,541,3
413,83418,39,718,545,3
414,83677,62,719,508,37
415,83748,7,723,497,46
416,83839,7,737,507,52
417,83926,17,743,511,54
418,84362,25,747,514,55
419,84498,16,706,526,1
420,84585,7,714,534,1
421,84730,19,714,530,5
422,84855,18,722,526,16
423,84976,8,744,542,23
424,85063,7,758,539,42
425,85134,7,771,545,46
426,85193,7,778,549,48
427,85276,6,787,551,57
428,85342,6,790,547,64
429,85416,6,793,548,65
430,85518,15,794,541,74
431,85663,15,794,541,74
432,85752,7,796,543,74
433,85845,9,798,542,77
434,86014,18,804,538,97
435,86262,79,712,526,8
436,86393,11,716,512,25
437,86519,12,723,497,50
438,86639,13,730,502,52
439,86760,18,743,510,65
440,86869,14,750,499,85
441,86985,11,754,491,96
442,87107,11,759,482,110
443,87220,10,765,486,112
444,87359,34,772,484,124
445,87510,22,774,482,128
446,87707,30,787,493,130
447,87843,15,790,496,130
448,87974,15,794,484,143
449,88180,45,636,472,0
450,88306,11,638,454,23
451,88405,12,651,457,30
452,88509,13,657,458,36
453,88639,15,665,462,40
454,88755,19,673,457,55
455,88907,17,684,466,56
456,89063,17,689,468,63
457,89971,801,707,465,85
458,90212,67,612,461,0
459,90350,8,621,442,31
460,90467,13,627,445,34
461,90591,12,627,433,48
462,90713,12,636,435,53
463,90829,15,637,437,52
464,90935,9,643,442,49
465,91046,6,648,443,51
466,91112,6,652,446,51
467,91171,5,662,454,54
468,91247,6,665,451,57
469,91350,16,678,457,66
470,91511,22,683,454,71
471,91631,5,688,456,74
472,91736,5,692,458,76
473,91803,7,698,462,78
474,91884,7,706,468,78
475,91992,12,706,465,78
476,92120,21,632,465,2
477,92223,10,637,461,11
478,92319,8,641,465,11
479,92432,13,644,466,13
480,92543,11,646,465,17
481,92657,14,646,455,25
482,92827,13,649,448,32
483,92976,17,654,450,35
484,93149,13,661,451,42
485,93274,9,674,462,43
486,93414,10,677,463,42
487,93537,13,679,458,42
488,93611,5,679,455,46
489,93734,14,683,458,48
490,93866,19,694,467,50
491,94054,21,699,469,56
492,94260,22,645,463,5
493,94434,16,645,459,9
494,94615,13,655,468,9
495,94798,9,655,463,13
496,94872,9,662,470,13
497,94995,10,666,462,26
498,95658,9,674,469,27
499,95786,17,682,474,29
500,95889,6,696,485,35
501,95971,14,695,487,32
502,96097,22,660,485,0
503,96175,5,663,486,0
504,96242,6,672,495,0
505,96322,6,680,497,2
506,96391,6,685,493,7
507,96442,6,687,486,13
508,96511,7,698,487,15
509,96596,6,711,497,19
510,96667,7,723,508,19
511,96731,6,726,511,19
512,96806,7,727,510,24
513,96922,14,731,510,26
514,97042,18,733,512,26
515,97205,30,734,509,31
516,97365,17,751,522,34
517,97475,14,754,522,37
518,97593,12,768,535,39
519,97688,16,768,532,42
520,97832,17,781,544,43
521,97975,13,785,548,43
522,98100,9,747,553,0
523,98172,13,756,561,0
524,98238,6,765,566,2
525,98290,7,766,567,2
526,98391,16,771,572,2
527,98505,15,787,583,5
528,98643,14,794,588,10
529,98763,13,794,588,10
530,98867,11,805,592,15
531,98995,12,814,596,19
532,99113,17,824,606,19
533,99236,11,828,604,25
534,99371,20,831,598,39
535,99485,7,833,598,41
536,99574,8,846,605,47
537,99643,7,848,605,49
538,99729,14,865,619,51
539,100324,21,812,615,0
540,100457,19,826,628,2
541,100530,7,829,631,2
542,100603,8,836,633,6
543,100666,7,843,640,6
544,100735,7,853,649,6
545,100791,7,859,655,6
546,100877,8,862,658,6
547,100949,7,872,668,6
548,101049,19,885,679,6
549,101108,7,891,685,6
550,101182,11,896,682,14
551,101267,8,900,686,14
552,101334,7,902,683,17
553,101401,7,904,670,28
554,101462,8,908,670,30
555,101570,20,909,670,31
556,101695,12,912,671,31
557,101889,25,914,659,43
558,102061,27,924,668,44
559,102206,27,883,667,4
560,102334,14,884,666,6
561,102445,13,881,666,3
562,102556,13,881,666,3
563,102684,14,888,672,4
564,102819,20,898,681,7
565,102933,18,903,684,8
566,103048,9,912,689,12
567,103211,17,915,686,18
568,103346,20,915,683,20
569,103509,12,919,685,21
570,103621,20,930,690,25
571,103784,9,930,682,31
572,103854,9,931,683,31
573,103959,18,940,690,32
574,104044,15,943,692,32
575,104167,37,917,696,5
576,104289,10,926,702,5
577,105044,26,929,686,31
578,105293,44,933,682,38
579,105417,9,936,683,44
580,105499,9,939,685,46
581,105579,15,939,684,49
582,106174,33,948,688,54
583,106363,30,899,693,0
584,106580,50,899,693,0
585,106765,18,906,698,0
586,106908,19,907,699,0
587,107031,22,908,700,0
588,107174,20,908,700,0
589,107375,25,921,713,0
590,107512,19,933,725,0
591,107655,21,944,734,0
592,107889,38,946,733,1
593,108149,31,947,730,4
594,108295,20,954,736,6
595,108536,17,956,733,12
596,108683,20,959,730,18
597,108786,21,959,728,20
598,108921,28,966,722,40
599,109078,24,968,711,54
600,109319,31,975,689,81
601,109504,40,976,664,114
602,109596,10,981,650,134
603,109681,13,987,643,150
604,109754,9,988,617,184
605,109847,9,1000,609,204
606,109928,13,1008,617,204
607,110019,12,1015,619,209
608,110274,85,802,609,9
609,110436,19,813,620,9
610,110663,27,817,614,19
611,110884,30,828,613,32
612,111058,15,833,590,66
613,111973,25,834,553,99
614,112192,35,737,549,6
615,112286,6,740,550,9
616,112356,7,742,547,12
617,112441,8,755,559,12
618,112524,8,765,546,38
619,112618,16,762,531,54
620,112725,15,765,533,57
621,112847,16,766,526,68
622,112975,14,774,534,68
623,113091,11,786,540,71
624,113238,32,790,540,75
625,113377,16,791,535,74
626,113525,18,792,535,74
627,113632,8,799,528,89
628,113707,7,803,530,90
629,113894,26,808,522,97
630,113971,7,823,527,106
631,114157,27,722,532,0
632,114235,10,731,541,0
633,114325,8,733,543,0
634,114413,8,739,547,2
635,114492,6,745,551,3
636,114616,17,756,558,3
637,114755,16,760,560,5
638,114910,18,762,553,15
639,115088,8,765,553,18
640,115146,6,776,562,18
641,115222,7,777,550,33
642,115311,6,783,544,46
643,115382,8,786,536,57
644,115456,7,795,537,68
645,115562,7,799,532,76
646,115629,9,799,530,77
647,115706,11,800,530,78
648,115769,6,800,526,83
649,115841,7,809,532,86
650,115946,17,817,532,98
651,116667,520,711,500,24
652,116805,11,718,492,38
653,116936,26,723,489,48
654,117016,9,735,490,57
655,117089,7,746,496,59
656,117232,9,756,495,73
657,117293,6,756,486,84
658,117374,6,759,489,84
659,117455,9,760,487,87
660,117529,8,763,480,97
661,117595,7,765,471,109
662,117701,8,767,473,109
663,117876,17,772,478,108
664,118032,24,777,474,114
665,118509,85,674,474,11
666,118592,6,678,472,18
667,118663,8,684,470,27
668,118731,6,684,471,26
669,118842,6,689,473,30
670,118915,12,700,486,28
671,119009,14,707,484,36
672,119091,6,717,484,47
673,119175,8,720,476,62
674,119243,6,736,492,59
675,119308,7,749,503,59
676,119383,9,755,509,58
677,119585,9,758,512,58
678,119760,20,761,515,58
679,119968,24,763,516,58
680,120118,27,709,519,0
681,120172,6,721,531,0
682,120233,7,721,531,0
683,120312,8,728,537,1
684,120372,6,738,542,5
685,120457,9,744,545,8
686,120561,8,755,554,10
687,120799,24,767,556,20
688,120879,7,772,551,43
689,120960,7,780,553,51
690,121628,526,786,520,100
691,121756,16,794,515,124
692,121989,16,795,506,130
693,122083,17,796,503,134
694,122180,9,666,497,7
695,122247,6,673,490,20
696,122324,6,673,488,23
697,122392,6,679,492,23
698,122447,6,688,497,23
699,122520,7,688,496,24
700,122597,6,690,494,26
701,122696,12,691,493,28
702,122847,6,691,488,32
703,122916,7,702,499,32
704,123085,15,715,512,32
705,123159,7,721,514,32
706,123235,6,722,514,33
707,123295,6,722,512,35
708,123394,15,723,504,44
709,123519,22,728,502,51
710,123622,12,728,501,52
711,123690,6,736,507,52
712,123749,6,735,501,60
713,123816,8,743,508,63
714,123906,9,754,519,63
715,123979,6,759,523,64
716,124186,70,703,528,2
717,124254,6,707,531,2
718,124314,8,713,537,2
719,124376,7,713,537,2
720,124448,6,729,552,2
721,124567,7,745,564,8
722,124668,10,748,563,11
723,124784,13,751,565,13
724,124891,15,751,560,20
725,125015,13,758,557,29
726,125075,8,759,557,29
727,125150,7,757,558,26
728,125380,40,766,567,26
729,125509,13,766,567,26
730,125619,16,771,571,26
731,129946,35,631,426,24
732,130019,8,602,422,0
733,130088,5,615,434,0
734,130156,6,618,437,0
735,130211,5,634,453,0
736,130284,5,652,467,0
737,130353,8,670,485,0
738,130467,29,676,491,0
739,130638,7,681,491,4
740,130701,7,690,493,11
741,130767,6,700,497,14
742,130835,6,701,496,15
743,130908,22,705,496,19
744,131026,19,707,490,27
745,131135,11,709,489,35
746,131248,7,709,486,39
747,131317,6,717,494,39
748,131391,8,722,498,40
749,131475,6,723,492,47
750,131552,7,726,494,50
751,131691,8,734,495,56
752,131761,8,754,515,56
753,131846,7,756,514,58
754,131907,7,757,516,57
755,131980,6,754,518,52
756,132059,10,757,516,58
757,132139,11,708,525,0
758,132202,7,732,549,0
759,132272,14,741,550,11
760,132396,14,748,551,17
761,132503,18,746,550,17
762,132621,13,753,557,14
763,132852,31,754,555,16
764,132979,9,756,555,19
765,133060,7,759,558,19
766,133127,7,763,562,17
767,133203,15,782,578,19
768,133297,7,784,580,19
769,133366,7,788,584,19
770,133625,7,789,578,33
771,133690,7,800,588,36
772,133787,13,799,588,36
773,133916,25,803,587,44
774,134218,34,754,578,3
775,134332,9,765,587,6
776,134390,6,781,603,6
777,134453,7,786,607,6
778,134518,11,801,615,6
779,134584,7,805,619,6
780,134651,9,816,630,6
781,134728,7,818,632,6
782,134798,8,830,644,6
783,134855,8,832,646,6
784,134921,11,844,657,6
785,134988,7,848,657,9
786,135059,8,859,668,9
787,135189,9,864,670,10
788,135272,22,866,671,10
789,135395,18,873,674,10
790,135523,24,872,671,14
791,135647,21,875,669,16
792,135731,11,891,685,15
793,135793,8,891,685,15
794,135865,8,893,687,15
795,135933,7,894,688,15
796,135998,8,898,691,15
797,136093,10,885,693,0
798,136168,8,889,694,2
799,136375,13,891,688,10
800,136429,7,914,711,10
801,136498,8,914,711,10
802,136564,8,920,717,10
803,136647,8,922,717,12
804,136744,17,922,715,14
805,136859,13,927,716,18
806,136976,15,932,720,18
807,137097,16,933,722,17
808,137604,452,939,725,19
809,137691,9,947,727,26
810,137771,12,947,725,27
811,137847,9,950,723,29
812,137923,15,963,736,29
813,137985,9,971,743,30
814,138064,17,979,750,31
815,138183,25,955,754,3
816,138365,35,968,763,6
817,138487,12,970,761,11
818,138553,9,981,769,13
819,138752,10,982,764,16
820,138820,9,984,766,16
821,138889,11,995,776,16
822,138972,9,999,774,28
823,139046,8,1003,771,35
824,139117,9,1005,756,54
825,139187,9,1017,766,56
826,139265,9,1025,765,65
827,139344,12,1025,757,73
828,139417,9,1039,758,86
829,139525,20,1043,751,98
830,139646,19,1049,745,110
831,139898,63,1055,720,151
832,140012,9,1056,707,167
833,140282,51,881,685,19
834,140351,15,891,693,21
835,140432,8,893,674,42
836,140511,7,896,675,44
837,140597,14,899,676,44
838,140721,17,903,672,53
839,140796,7,907,670,61
840,140874,7,909,663,74
841,141041,15,917,669,76
842,141156,17,937,687,77
843,141286,16,947,697,77
844,141665,309,955,706,76
845,141732,9,964,715,76
846,141801,9,966,717,76
847,141885,9,967,718,76
848,141950,9,978,729,76
849,142137,41,982,732,77
850,142276,9,906,714,19
851,142364,12,911,715,22
852,142496,18,917,708,32
853,142617,8,920,665,84
854,142692,8,928,668,88
855,142760,8,929,650,105
856,142813,8,930,649,107
857,142875,8,931,650,107
858,142936,8,940,658,107
859,143007,8,945,660,110
860,143068,9,952,667,110
861,143132,9,958,670,110
862,143196,9,966,677,111
863,143343,9,977,685,111
864,143405,9,980,680,119
865,143475,14,987,685,121
866,143544,8,988,688,119
867,143661,22,990,675,135
868,143782,21,1000,673,150
869,143907,16,1007,680,150
870,144011,9,1005,659,166
871,144149,43,840,648,13
872,144207,8,849,653,23
873,144270,7,858,660,24
874,144397,38,859,650,38
875,144555,16,859,627,56
876,144664,12,864,624,61
877,144784,16,872,628,64
878,144899,15,874,629,65
879,145040,37,881,633,65
880,145206,30,894,638,73
881,145402,30,893,626,82
882,146529,142,761,589,0
883,146627,8,764,592,0
884,146690,7,769,592,3
885,146747,8,769,590,5
886,146806,7,777,593,9
887,146872,8,789,603,11
888,146932,7,798,609,14
889,147006,7,799,601,23
890,147070,8,808,609,23
891,147140,7,813,598,42
892,147212,8,820,603,42
893,147294,8,828,607,48
894,147354,7,832,597,58
895,147428,8,832,590,63
896,147489,8,833,577,77
897,147552,8,839,583,76
898,147662,21,844,584,80
899,147787,25,856,590,84
900,147913,18,873,603,83
901,148016,13,870,600,81
902,148118,10,788,599,0
903,148182,7,791,602,0
904,148247,7,801,605,8
905,148372,19,802,594,20
906,148447,7,806,592,28
907,148527,7,819,605,28
908,148584,8,830,613,31
909,148655,10,837,616,37
910,148722,10,843,620,39
911,148799,10,844,607,51
912,148857,8,845,602,53
913,148915,8,848,604,54
914,148989,8,853,592,71
915,149109,13,854,589,75
916,149237,18,856,586,79
917,149378,12,857,583,84
918,149477,7,863,583,92
919,149543,12,864,585,91
920,149600,8,872,596,86
921,152369,47,671,458,36
922,152445,18,637,453,12
923,152504,5,639,447,20
924,152572,6,643,448,23
925,152648,6,654,456,23
926,152711,5,655,456,26
927,152774,6,655,453,29
928,152838,6,663,460,30
929,152904,6,665,460,31
930,152978,6,672,464,31
931,153040,6,674,461,36
932,153104,6,676,463,36
933,153166,5,694,474,41
934,153227,7,716,488,46
935,153341,15,720,488,51
936,153445,16,728,492,54
937,153565,16,727,494,51
938,153656,6,733,497,54
939,153714,6,734,491,61
940,153779,7,734,489,66
941,153839,7,740,494,66
942,153899,7,744,494,70
943,153970,7,748,492,76
944,154036,7,754,493,91
945,154156,31,675,504,0
946,154219,5,676,504,1
947,154280,6,683,510,1
948,154344,6,698,518,4
949,154412,7,703,520,5
950,154476,6,711,517,14
951,154547,6,716,520,17
952,154628,7,725,523,25
953,154751,16,725,525,23
954,154867,13,738,533,23
955,154981,13,750,540,24
956,155092,7,756,535,37
957,155153,7,776,553,40
958,155218,8,777,554,40
959,155475,6,782,556,43
960,155543,7,801,572,45
961,155597,7,806,576,46
962,155657,7,818,588,46
963,155735,8,821,591,46
964,155802,7,832,603,45
965,155870,9,833,604,45
966,155938,7,837,608,45
967,156006,7,843,614,45
968,156154,51,801,617,0
969,156271,11,801,617,0
970,156411,20,808,623,0
971,156536,20,809,624,0
972,156593,7,812,627,0
973,156657,7,816,631,0
974,156712,8,826,641,0
975,156793,7,830,645,0
976,156854,12,835,650,0
977,156914,7,840,655,0
978,156984,8,842,657,0
979,157047,8,845,660,0
980,157109,7,849,664,0
981,157165,8,860,673,0
982,157238,7,862,675,0
983,157305,7,867,680,0
984,157370,8,874,687,0
985,157436,8,883,696,0
986,157498,7,903,716,0
987,157591,20,906,719,0
988,157700,16,913,726,0
989,157804,14,926,739,0
990,157929,26,929,742,0
991,158026,9,933,746,0
992,158109,8,935,748,0
993,158178,8,936,749,0
994,158247,8,936,749,0
995,158304,8,938,751,0
996,158376,9,943,754,0
997,158449,8,944,755,0
998,158765,9,949,760,0
999,158844,10,952,763,0
1000,158925,9,955,766,0
1001,158983,8,963,774,0
1002,159082,16,969,780,0
1003,159197,19,972,783,0
1004,159319,20,975,786,0
1005,159404,9,986,797,0
1006,159456,9,989,800,0
1007,159519,8,995,806,0
1008,159581,9,1001,812,0
1009,159650,8,1004,814,3
1010,159711,9,1004,814,3
1011,159775,9,1014,823,3
1012,159833,10,1023,830,5
1013,159897,9,1030,835,8
1014,159959,8,1031,836,8
1015,160027,9,1039,841,11
1016,160115,13,1030,837,6
1017,160171,9,1031,836,9
1018,160228,8,1028,834,9
1019,160296,10,1035,830,19
1020,160390,27,1039,826,28
1021,160495,20,1043,829,27
1022,160607,21,1046,830,27
1023,160759,26,1049,818,41
1024,160839,9,1060,816,47
1025,160911,9,1064,817,50
1026,160980,8,1064,815,52
1027,161042,9,1065,809,59
1028,161110,9,1074,811,59
1029,161167,9,1094,831,57
1030,161233,9,1105,839,60
1031,161319,10,1119,846,67
1032,161382,9,1126,852,62
1033,161453,10,1131,850,69
1034,161524,9,1133,849,72
1035,161590,9,1134,849,73
1036,162093,29,1135,830,90
1037,162251,38,1050,828,7
1038,162450,33,1058,825,15
1039,162534,9,1071,834,18
1040,162595,9,1072,826,26
1041,162670,10,1073,826,28
1042,162735,9,1076,828,28
1043,162811,14,1077,828,29
1044,162869,11,1096,847,26
1045,162939,9,1105,852,28
1046,163009,10,1110,853,32
1047,163062,10,1116,859,32
1048,163156,22,1120,863,32
1049,163223,10,1127,862,39
1050,163287,9,1132,864,42
1051,163367,10,1131,856,45
1052,163432,10,1133,857,46
1053,163586,33,1150,872,46
1054,163699,26,1150,861,55
1055,163816,27,1148,854,61
1056,163974,35,1153,861,59
1057,164152,54,1157,869,55
1058,164225,23,1095,860,2
1059,164292,9,1101,861,2
1060,164359,9,1117,874,5
1061,164424,10,1123,877,8
1062,164489,10,1127,879,10
1063,164551,11,1129,872,15
1064,164623,10,1129,871,16
1065,164692,10,1130,859,24
1066,164755,10,1136,861,27
1067,164832,10,1137,852,35
1068,164898,10,1143,852,41
1069,164987,28,1163,862,41
1070,165140,32,1175,863,45
1071,165704,22,1188,862,52
1072,165827,23,1193,865,55
1073,165902,12,1193,860,56
1074,165974,11,1200,864,61
1075,166054,22,1202,862,67
1076,166180,44,1138,862,3
1077,166230,10,1144,863,8
1078,166353,24,1149,865,10
1079,166445,11,1161,877,10
1080,166513,11,1163,870,17
1081,166599,23,1165,872,17
1082,166678,11,1173,876,21
1083,166758,12,1178,880,24
1084,166842,30,1182,883,25
1085,166954,28,1190,888,28
1086,167071,25,1196,891,29
1087,167209,26,1202,894,34
1088,167307,20,1206,898,34
1089,167392,16,1204,899,31
1090,167526,29,1209,904,31
1091,167608,11,1211,906,31
1092,167668,13,1211,897,36
1093,167746,10,1210,888,40
1094,167797,11,1210,883,46
1095,167863,11,1218,881,54
1096,167947,11,1220,883,54
1097,168020,11,1220,881,58
1098,168146,39,1169,887,0
1099,168213,14,1172,890,0
1100,168312,26,1182,895,5
1101,168478,44,1183,891,8
1102,168814,49,1193,892,18
1103,169002,36,1194,855,58
1104,169252,23,1197,816,108
1105,172117,32,1216,570,417
1106,172446,49,802,556,18
1107,172525,10,797,559,10
1108,172586,7,798,555,15
1109,172653,7,811,558,24
1110,172716,8,820,564,28
1111,172790,7,832,574,32
1112,172861,8,840,574,48
1113,172927,8,847,572,55
1114,172991,8,854,563,80
1115,173060,8,865,567,89
1116,173144,19,874,570,96
1117,173271,8,885,566,112
1118,173408,24,893,562,125
1119,173544,16,888,549,139
1120,173653,16,897,554,147
1121,173728,7,902,559,147
1122,173799,7,906,558,157
1123,173868,8,907,556,157
1124,173939,7,909,554,164
1125,174005,8,906,551,165
1126,174112,9,753,552,10
1127,174179,7,755,542,19
1128,174361,37,765,541,38
1129,174451,7,777,540,45
1130,174513,7,779,542,45
1131,174585,7,787,543,53
1132,174649,7,800,553,55
1133,174770,15,802,551,62
1134,174884,10,806,552,62
1135,175054,11,809,553,70
1136,175125,7,816,557,73
1137,175185,7,817,557,74
1138,175258,7,820,560,74
1139,175315,7,823,548,92
1140,175408,27,836,561,92
1141,175734,183,836,556,97
1142,175802,7,837,557,97
1143,175871,8,843,563,97
1144,175936,7,846,566,97
1145,176002,7,846,566,97
1146,176148,32,759,575,0
1147,176250,14,759,575,0
1148,176377,15,760,576,0
1149,176471,6,771,587,0
1150,176629,35,771,586,2
1151,176722,7,773,575,13
1152,176792,6,782,583,13
1153,176849,7,800,600,13
1154,176927,7,805,601,16
1155,176993,8,810,606,16
1156,177051,7,831,626,17
1157,177118,8,841,628,24
1158,177182,8,844,626,28
1159,177253,8,845,616,39
1160,177333,7,855,609,56
1161,177412,9,863,613,60
1162,177520,17,865,606,71
1163,177685,27,866,585,98
1164,177887,14,865,570,116
1165,177975,7,877,572,129
1166,178051,15,876,574,125
1167,178149,11,753,572,3
1168,178219,7,756,573,6
1169,178288,7,758,575,6
1170,178362,6,759,575,8
1171,178431,7,763,574,11
1172,178497,7,765,566,12
1173,178576,6,775,575,12
1174,178642,8,788,585,25
1175,178707,7,790,585,28
1176,178774,7,809,601,28
1177,178904,24,828,618,31
1178,179024,13,830,612,41
1179,179142,20,833,607,51
1180,179490,19,845,603,65
1181,179601,10,842,592,74
1182,179678,10,844,588,79
1183,179744,9,849,593,79
1184,179824,8,853,599,77
1185,179889,8,867,612,77
1186,180088,56,871,616,76
1187,180229,41,799,620,0
1188,180302,10,802,623,0
1189,180384,8,805,626,0
1190,180458,8,811,628,0
1191,180534,8,813,630,0
1192,180647,13,818,635,0
1193,180848,19,822,639,0
1194,181015,15,823,640,0
1195,181082,9,832,649,0
1196,181382,29,836,653,0
1197,181461,8,841,658,0
1198,181532,8,848,661,0
1199,181598,7,852,665,0
1200,181663,8,862,675,0
1201,181746,9,867,680,0
1202,181803,8,883,696,0
1203,181882,8,893,706,0
1204,181950,8,898,711,0
1205,182032,22,910,721,0
1206,182183,20,916,727,0
1207,182357,31,919,730,0
1208,182660,12,924,699,36
1209,182799,11,932,688,55
1210,182873,9,948,701,57
1211,182953,11,949,692,70
1212,183058,12,951,690,71
1213,183136,11,952,685,75
1214,183232,12,952,682,78
1215,183317,9,957,685,78
1216,183406,13,956,682,82
1217,183474,11,957,678,89
1218,184587,105,821,590,32
1219,184906,23,824,576,51
1220,184986,9,828,578,53
1221,185063,11,847,595,56
1222,185152,8,855,600,59
1223,185236,9,857,599,67
1224,185312,8,866,608,67
1225,185384,10,869,610,67
1226,185466,9,869,606,71
1227,185543,14,873,601,79
1228,185612,8,874,600,81
1229,185693,9,886,599,95
1230,185769,11,891,596,101
1231,185832,9,891,594,103
1232,185945,17,896,598,103
1233,186071,24,898,596,107
1234,186249,26,794,598,1
1235,186375,8,796,598,3
1236,186445,8,800,601,4
1237,186510,7,807,606,4
1238,186568,8,815,613,6
1239,186642,8,827,623,6
1240,186712,8,828,620,8
1241,186779,8,831,621,10
1242,186870,23,836,618,16
1243,187087,7,845,598,45
1244,187161,7,848,595,47
1245,187220,8,866,613,47
1246,187292,8,876,616,50
1247,187372,26,887,626,50
1248,187500,20,892,631,50
1249,187616,24,903,639,55
1250,187739,19,909,640,59
1251,187822,7,919,646,62
1252,187890,8,921,647,62
1253,187962,8,922,648,62
1254,188023,9,922,644,66
1255,188624,24,844,632,0
1256,188687,9,847,635,0
1257,188753,8,850,636,0
1258,188869,20,855,635,7
1259,188997,16,860,635,11
1260,189088,8,870,641,15
1261,189143,8,875,645,15
1262,189256,40,884,653,16
1263,189316,7,887,655,17
1264,189379,8,893,659,18
1265,189463,8,897,659,21
1266,189529,9,897,654,22
1267,189603,10,899,655,23
1268,189659,8,910,661,28
1269,189713,12,923,672,30
1270,189782,8,936,682,30
1271,189858,8,940,679,40
1272,189915,8,940,678,41
1273,189989,8,952,688,44
1274,190190,84,954,690,43
1275,190547,103,919,678,12
1276,190714,24,932,688,15
1277,190809,9,933,685,19
1278,190872,8,942,695,18
1279,190935,8,949,702,18
1280,191006,9,953,700,28
1281,191055,9,954,701,28
1282,191123,9,956,700,32
1283,191190,8,963,706,31
1284,191253,8,964,705,31
1285,191320,8,972,712,35
1286,191387,9,973,707,41
1287,191452,10,983,717,41
1288,191615,9,997,725,45
1289,191684,8,997,725,45
1290,191744,9,1002,728,45
1291,194431,22,1002,647,111
1292,194876,39,893,641,15
1293,194988,18,893,630,27
1294,195112,8,896,628,30
1295,195174,7,898,630,30
1296,195228,8,913,645,30
1297,195305,8,918,650,30
1298,195370,8,918,650,30
1299,195435,9,931,663,30
1300,195490,10,942,674,30
1301,195560,8,944,676,30
1302,195631,12,945,677,30
1303,195705,9,950,681,31
1304,195778,8,954,681,35
1305,195893,46,957,684,35
1306,195983,9,959,684,36
1307,196056,20,967,690,38
1308,196174,20,936,697,0
1309,196303,14,940,699,3
1310,196426,22,950,706,6
1311,196539,23,952,704,8
1312,196605,8,954,702,11
1313,196661,11,959,705,12
1314,196716,8,965,710,12
1315,196785,8,973,716,16
1316,196838,9,974,717,16
1317,196899,8,982,723,17
1318,197108,48,983,724,17
1319,197187,8,985,724,19
1320,197248,8,988,723,26
1321,197310,9,990,725,26
1322,197381,13,991,724,31
1323,197441,9,991,719,35
1324,197505,9,988,721,30
1325,197564,10,989,722,30
1326,197695,20,996,725,31
1327,197810,18,1002,725,37
1328,198262,108,957,715,2
1329,198344,8,959,715,6
1330,198401,9,982,737,7
1331,198457,9,985,740,7
1332,198519,8,986,740,7
1333,198583,11,988,742,7
1334,198639,9,992,746,7
1335,198698,8,997,751,7
1336,198750,8,1007,761,7
1337,198822,8,1009,763,7
1338,198892,9,1019,753,26
1339,198966,9,1027,743,45
1340,199042,11,1035,749,48
1341,199112,8,1042,753,50
1342,199186,10,1058,760,62
1343,199382,34,1062,747,81
1344,199515,22,1069,755,80
1345,199645,22,1073,759,80
1346,199769,23,1074,760,80
1347,199870,13,1088,774,80
1348,199946,9,1090,776,80
1349,200017,10,1099,785,80
1350,200127,15,1025,791,0
1351,200205,12,1029,793,0
1352,200284,11,1033,797,0
1353,200355,9,1037,801,0
1354,200557,10,1039,803,0
1355,200636,9,1041,805,0
1356,200699,10,1041,805,0
1357,200770,10,1044,808,0
1358,200881,21,1050,814,0
1359,201010,23,1053,817,0
1360,201138,21,1061,825,0
1361,201231,9,1064,828,0
1362,201314,9,1066,830,0
1363,201759,10,1068,832,0
1364,201838,8,1072,835,0
1365,201907,10,1074,837,0
1366,201984,9,1084,847,0
1367,202076,13,1089,844,8
1368,202158,10,1082,833,12
1369,202270,22,1100,843,23
1370,202389,24,1112,839,41
1371,202522,17,1116,828,59
1372,202596,10,1123,814,84
1373,202875,131,1131,764,152
1374,203057,17,1131,744,172
1375,203178,19,1138,725,210
1376,203317,22,1142,711,230
1377,203437,19,1144,698,244
1378,203553,35,1149,703,242
1379,203668,23,1158,696,259
1380,203774,11,1164,690,274
1381,203844,9,1166,683,285
1382,203916,10,1173,681,297
1383,203978,10,1189,682,312
1384,204244,50,867,656,17
1385,204304,11,878,666,17
1386,204373,9,882,662,25
1387,204446,9,892,663,36
1388,204522,8,903,664,48
1389,204575,8,910,662,57
1390,204641,7,912,665,60
1391,204709,9,913,659,67
1392,204795,21,917,655,72
1393,204914,21,923,646,83
1394,205037,17,925,625,109
1395,205179,45,926,619,113
1396,205328,8,934,622,120
1397,205405,8,938,623,122
1398,205475,8,942,626,123
1399,205827,9,960,622,142
1400,205882,9,966,613,157
1401,205953,9,971,611,160
1402,206031,9,978,608,176
1403,206213,55,815,616,5
1404,206424,52,822,610,11
1405,206527,16,829,593,38
1406,206620,15,833,595,40
1407,206730,18,851,606,42
1408,206831,12,850,587,66
1409,206959,25,875,603,76
1410,207097,21,896,620,79
1411,207198,14,903,616,95
1412,207340,16,904,599,105
1413,207465,16,908,598,108
1414,207625,31,911,589,120
1415,207797,33,907,580,125
1416,207965,28,907,565,140
1417,208114,29,908,560,144
1418,208323,38,774,552,27
1419,208602,27,782,544,42
1420,208740,7,791,539,55
1421,208801,8,796,540,60
1422,208861,8,798,533,73
1423,208962,26,799,530,79
1424,209081,20,799,531,78
1425,209179,8,800,533,78
1426,209239,7,799,534,76
1427,209310,6,817,555,73
1428,209370,7,821,558,73
1429,209431,8,824,561,72
1430,209501,7,824,563,70
1431,209567,7,825,561,74
1432,209627,10,827,561,74
1433,209681,7,835,569,74
1434,209752,7,846,574,80
1435,209827,8,852,572,89
1436,209891,9,861,580,90
1437,210422,72,763,566,11
1438,210550,19,775,572,17
1439,210645,7,778,563,30
1440,210710,7,789,574,29
1441,210765,7,798,583,29
1442,210828,7,805,587,28
1443,210906,8,827,608,28
1444,210978,8,828,606,31
1445,211108,18,834,605,36
1446,211228,12,847,616,36
1447,211323,9,849,617,37
1448,211403,11,861,621,44
1449,211485,8,864,624,44
1450,211574,8,879,625,56
1451,211693,16,880,618,64
1452,211834,22,880,609,81
1453,211984,19,886,610,88
1454,212176,41,795,608,0
1455,212240,8,803,610,5
1456,212306,8,813,618,5
1457,212370,7,824,626,8
1458,212437,7,824,626,8
1459,212511,8,828,630,8
1460,212574,7,830,634,7
1461,212641,7,833,635,9
1462,212709,7,835,629,18
1463,212776,8,842,634,20
1464,212843,8,851,637,22
1465,212908,8,852,635,25
1466,212976,9,852,635,25
1467,213042,8,860,636,34
1468,213103,8,871,646,34
1469,213228,19,875,652,32
1470,213366,21,879,645,45
1471,213500,30,882,648,45
1472,213626,8,883,651,43
1473,213996,316,888,656,43
1474,214105,11,852,663,0
1475,214163,9,871,678,0
1476,214280,17,873,673,7
1477,214401,21,877,674,7
1478,214517,11,886,680,7
1479,214660,41,891,685,7
1480,214844,26,896,685,12
1481,215032,40,900,666,34
1482,215153,20,910,672,36
1483,215282,17,913,666,40
1484,215394,18,915,661,47
1485,215484,11,916,660,56
1486,215543,8,922,664,58
1487,215595,8,922,656,68
1488,215650,7,924,652,69
1489,215716,11,929,655,71
1490,215788,9,935,655,71
1491,215852,9,942,646,87
1492,215915,14,951,654,89
1493,215981,10,963,665,90
1494,216086,27,962,667,87
1495,216226,27,893,679,4
1496,216326,17,901,685,7
1497,216446,17,904,688,7
1498,216531,8,910,684,19
1499,216610,8,920,685,26
1500,216677,8,934,696,27
1501,216741,9,939,692,34
1502,216803,9,954,701,39
1503,216879,9,955,701,40
1504,216937,9,960,705,41
1505,217011,11,970,715,41
1506,217073,12,972,717,41
1507,217148,12,976,718,44
1508,217233,8,983,724,45
1509,217311,9,986,720,55
1510,217374,8,985,714,61
1511,217769,335,992,717,73
1512,217896,20,998,718,77
1513,218030,18,998,713,81
1514,218243,65,920,715,0
1515,218305,8,921,716,0
1516,218376,8,924,719,0
1517,218437,11,931,726,0
1518,218505,9,938,730,0
1519,218578,8,942,732,0
1520,218639,9,947,735,0
1521,218706,10,949,736,1
1522,218773,10,954,739,2
1523,218846,9,956,741,2
1524,218902,9,960,744,2
1525,218967,9,968,747,7
1526,219035,9,973,753,5
1527,219099,9,973,753,5
1528,219164,10,973,752,5
1529,219261,17,976,754,4
1530,219401,25,979,749,10
1531,219519,25,990,748,22
1532,219633,17,991,740,32
1533,219707,9,994,735,36
1534,219765,11,1003,739,38
1535,219831,9,1004,738,41
1536,219891,12,1005,738,44
1537,219956,9,1005,736,46
1538,220028,9,1000,729,49
1539,220161,60,952,728,0
1540,220276,15,961,737,0
1541,220396,17,968,740,1
1542,220495,20,982,749,9
1543,220608,18,986,752,9
1544,220784,25,990,751,12
1545,220907,20,990,749,14
1546,221010,15,996,755,14
1547,221452,10,997,726,49
1548,221507,10,1004,732,49
1549,221576,10,1015,743,49
1550,221642,12,1024,750,51
1551,221709,9,1025,750,51
1552,221791,11,1031,752,54
1553,221852,9,1028,752,51
1554,221920,11,1039,763,51
1555,221983,10,1046,770,51
1556,222081,20,1048,776,47
1557,222144,11,998,773,0
1558,222206,9,1004,779,0
1559,222277,9,1008,783,0
1560,222350,9,1010,785,0
1561,222412,10,1015,790,0
1562,222538,32,1019,792,0
1563,222660,23,1022,795,0
1564,222786,22,1026,799,0
1565,222890,10,1027,800,0
1566,222961,10,1028,801,0
1567,223031,9,1029,802,0
1568,223109,9,1036,809,0
1569,223176,17,1036,809,0
1570,223249,9,1040,813,0
1571,223304,9,1055,828,0
1572,223383,12,1058,831,0
1573,223453,10,1063,836,0
1574,223525,10,1083,856,0
1575,223721,52,1083,856,0
1576,223788,9,1095,867,0
1577,223861,10,1100,872,0
1578,223984,23,1108,880,0
1579,224140,27,1116,888,0
1580,224259,20,1136,906,0
1581,224342,10,1140,910,0
1582,224397,10,1149,919,0
1583,226760,2313,1151,901,24
1584,226960,45,1073,837,3
1585,227029,10,1077,837,7
1586,227104,10,1085,845,7
1587,227170,10,1090,850,7
1588,227258,21,1096,839,29
1589,227360,22,1103,842,33
1590,227473,18,1105,837,40
1591,227588,19,1107,836,45
1592,227700,19,1108,833,49
1593,227866,10,1115,837,51
1594,227937,10,1124,844,51
1595,228032,22,1126,846,51
1596,228233,62,1075,846,0
1597,228333,13,1084,848,4
1598,228395,9,1090,854,4
1599,228455,10,1094,856,4
1600,228517,11,1096,858,4
1601,228583,9,1101,857,9
1602,228646,10,1105,859,10
1603,228714,9,1117,867,13
1604,228773,10,1120,867,16
1605,228843,16,1123,867,19
1606,229012,10,1122,827,59
1607,229087,10,1129,812,83
1608,229158,10,1142,798,110
1609,229238,10,1149,776,144
1610,229317,9,1152,773,153
1611,229447,15,1149,766,160
1612,229583,23,1151,746,177
1613,229707,26,1156,738,193
1614,229806,10,1157,719,215
1615,229872,10,1166,728,215
1616,229946,12,1178,730,227
1617,230486,71,937,655,63
1618,230601,19,940,650,73
1619,230723,19,947,640,95
1620,230909,33,949,627,114
1621,231093,30,951,616,127
1622,231246,19,964,611,146
1623,231365,21,966,596,168
1624,231454,10,983,609,170
1625,231546,10,995,621,170
1626,231616,10,1011,637,170
1627,231694,9,1014,640,170
1628,231761,9,1018,637,178
1629,231843,9,1018,635,180
1630,231940,12,1019,630,192
1631,232019,9,1022,627,196
1632,232153,14,823,605,19
1633,232340,15,826,601,26
1634,232477,15,830,597,34
1635,232604,18,834,579,49
1636,232673,8,838,573,64
1637,232745,8,840,574,67
1638,232822,8,846,580,67
1639,232903,8,853,587,67
1640,232982,9,858,589,67
1641,233051,8,864,590,74
1642,233117,9,873,591,81
1643,233182,8,879,592,89
1644,233247,8,879,585,105
1645,233321,19,893,599,105
1646,233475,8,894,582,125
1647,233543,11,905,577,143
1648,233630,28,912,576,151
1649,233751,22,912,572,153
1650,233874,12,911,565,159
1651,233997,9,914,565,162
1652,234084,15,915,569,159
1653,234405,11,763,550,30
1654,234570,38,769,548,40
1655,234672,8,776,555,39
1656,234748,7,780,558,41
1657,234809,7,789,565,42
1658,234874,7,801,570,47
1659,234944,7,812,580,48
1660,235037,12,814,573,58
1661,235168,14,825,579,61
1662,235303,16,829,574,64
1663,235383,8,833,568,75
1664,235458,8,837,567,84
1665,235529,9,843,568,89
1666,235594,7,852,577,89
1667,235810,28,853,578,89
1668,235883,8,853,575,97
1669,235955,8,853,570,102
1670,236028,8,861,568,115
1671,236159,40,747,568,1
1672,236238,8,758,577,2
1673,236313,9,758,573,2
1674,236434,19,761,575,3
1675,236577,19,776,575,13
1676,236704,14,795,580,27
1677,236776,8,800,583,28
1678,236949,30,801,574,36
1679,237048,7,808,579,40
1680,237126,8,808,579,40
1681,237199,7,820,585,46
1682,237270,8,822,584,46
1683,237331,7,823,581,47
1684,237393,7,827,585,47
1685,237477,7,832,580,58
1686,237551,8,841,588,59
1687,237624,7,852,598,59
1688,237686,8,869,615,59
1689,237814,17,871,611,65
1690,237960,26,877,616,68
1691,238641,71,792,602,5
1692,238715,9,792,598,5
1693,238778,8,801,605,7
1694,238844,7,807,601,15
1695,238925,9,811,601,18
1696,238995,8,813,599,23
1697,239078,8,815,599,26
1698,239168,30,831,609,34
1699,239291,10,837,603,46
1700,239361,8,840,588,61
1701,239426,7,849,594,64
1702,239500,9,858,601,65
1703,239572,8,862,596,73
1704,239668,19,864,594,77
1705,239765,23,868,599,76
1706,239881,23,884,603,92
1707,240010,17,896,614,92
1708,240156,42,819,627,0
1709,240269,33,824,627,2
1710,240452,11,834,630,11
1711,240533,8,845,638,14
1712,240605,8,850,635,22
1713,240674,8,855,636,28
1714,240740,8,857,637,31
1715,240810,8,872,647,37
1716,240878,8,874,644,41
1717,240957,13,876,638,48
1718,241031,14,882,645,45
1719,241175,23,885,634,59
1720,241293,20,898,638,63
1721,241519,66,906,640,68
1722,241628,8,908,641,70
1723,241694,8,917,644,77
1724,241758,9,918,645,77
1725,241820,9,919,645,78
1726,241896,8,915,646,73
1727,241961,9,915,638,82
1728,242408,395,936,644,100
1729,242584,87,826,624,5
1730,242718,19,840,627,14
1731,242850,25,838,621,18
1732,242927,8,846,626,25
1733,242991,7,851,630,26
1734,243055,8,861,630,32
1735,243124,8,877,646,32
1736,243192,8,880,644,37
1737,243247,8,882,646,37
1738,243309,8,887,652,34
1739,243380,9,897,661,34
1740,243453,9,905,668,37
1741,243519,9,907,670,37
1742,243649,41,915,671,46
1743,243773,9,924,680,46
1744,243845,9,925,681,46
1745,243947,28,932,688,46
1746,244221,93,892,679,25
1747,244382,24,896,679,31
1748,244471,9,906,684,36
1749,244538,9,918,690,44
1750,244609,10,924,691,47
1751,244667,9,945,708,53
1752,244812,54,948,709,55
1753,244938,8,951,710,62
1754,245047,17,957,716,62
1755,245163,20,963,721,62
1756,245280,16,969,720,69
1757,245379,15,979,727,69
1758,245507,28,989,735,71
1759,245684,40,992,724,83
1760,245837,29,1003,718,100
1761,246108,20,1017,711,121
1762,246191,14,902,714,3
1763,246257,9,904,712,7
1764,246731,403,910,693,30
1765,246801,8,920,698,33
1766,246865,10,920,691,40
1767,246958,26,921,692,40
1768,247129,58,933,692,51
1769,247282,14,934,683,59
1770,247348,8,935,683,59
1771,247409,9,945,687,64
1772,247477,8,954,696,64
1773,247548,10,960,702,64
1774,247613,9,961,703,64
1775,247684,11,962,704,64
1776,247747,8,967,709,63
1777,247808,9,971,713,63
1778,247879,9,979,720,63
1779,247961,9,985,725,63
1780,248022,11,998,733,68
1781,248196,77,932,733,2
1782,248269,11,933,733,3
1783,248393,21,938,732,5
1784,248511,19,949,736,9
1785,248645,25,953,731,17
1786,248741,9,954,724,30
1787,248806,13,958,728,30
1788,248850,8,958,728,30
1789,248912,8,958,727,30
1790,248979,13,962,731,32
1791,249046,9,966,733,35
1792,249106,10,971,732,43
1793,249175,9,986,743,47
1794,249401,42,986,735,55
1795,249494,8,990,738,56
1796,249557,9,994,742,56
1797,249625,13,1008,749,67
1798,249698,9,1012,751,69
1799,249818,19,1012,747,72
1800,249979,16,1016,749,75
1801,252673,63,935,672,65
1802,252754,10,884,686,0
1803,252811,7,886,688,0
1804,252864,7,896,692,4
1805,252928,9,902,693,9
1806,252983,7,908,695,13
1807,253044,8,915,702,13
1808,253104,8,926,712,13
1809,253183,7,929,714,13
1810,253254,9,940,721,17
1811,253313,8,941,715,24
1812,253385,8,951,724,24
1813,253463,8,951,717,36
1814,253569,8,954,720,36
1815,253641,8,954,724,32
1816,253759,16,963,731,32
1817,253880,18,966,730,39
1818,254016,20,972,731,45
1819,254206,56,937,739,0
1820,254275,8,953,753,2
1821,254339,9,955,755,2
1822,254412,14,959,756,4
1823,254469,10,960,754,7
1824,254617,43,962,756,7
1825,254794,10,975,768,7
1826,254860,9,978,769,7
1827,254916,9,979,770,7
1828,254991,9,992,781,7
1829,255066,8,992,781,7
1830,255117,9,998,787,7
1831,255186,9,1003,792,7
1832,255321,25,1012,797,7
1833,255476,28,1015,800,7
1834,255609,23,1019,802,7
1835,255698,10,1030,813,7
1836,255864,52,1033,816,7
1837,256184,203,1035,818,7
1838,256259,11,1028,818,0
1839,256320,9,1033,821,0
1840,256389,9,1037,825,0
1841,256449,9,1040,828,0
1842,256521,9,1040,828,0
1843,256594,8,1042,830,0
1844,256711,50,1047,834,0
1845,256923,53,1056,839,3
1846,257159,29,1067,837,11
1847,257287,18,1070,828,19
1848,257403,17,1073,830,19
1849,257515,26,1080,836,18
1850,257607,9,1082,831,27
1851,257671,9,1084,831,27
1852,257736,10,1085,835,24
1853,257825,14,1087,837,24
1854,257889,11,1090,838,26
1855,257970,11,1095,836,30
1856,258086,49,1096,837,30
1857,258161,12,1080,848,1
1858,258225,9,1088,856,1
1859,258350,23,1096,860,5
1860,258482,25,1111,873,7
1861,258600,21,1124,878,11
1862,258668,10,1128,881,11
1863,258734,10,1129,877,16
1864,258802,11,1129,877,16
1865,258869,10,1139,887,16
1866,258950,10,1142,880,28
1867,259022,10,1142,864,47
1868,259190,60,1146,840,85
1869,259316,10,1144,805,120
1870,259388,10,1148,802,128
1871,259464,10,1167,821,128
1872,259558,11,1173,818,139
1873,259656,21,1182,811,155
1874,260048,32,1190,766,204
1875,260393,141,976,758,0
1876,260512,15,986,767,0
1877,260587,9,1000,774,10
1878,260660,10,1000,771,17
1879,260727,9,1010,773,26
1880,260799,8,1015,777,27
1881,260867,10,1019,775,35
1882,260940,9,1022,777,36
1883,261015,9,1035,764,60
1884,261081,10,1045,773,61
1885,261147,10,1055,782,63
1886,261217,10,1057,780,70
1887,261287,9,1061,777,77
1888,261661,24,1069,736,137
1889,261785,22,1071,710,168
1890,261879,10,1079,716,169
1891,261935,10,1080,709,176
1892,262003,10,1084,711,179
1893,262107,24,1087,707,187
1894,262202,15,911,713,6
1895,262271,8,914,716,6
1896,262338,13,926,727,6
1897,262404,9,935,728,13
1898,262469,9,937,722,21
1899,262530,8,940,718,28
1900,262599,9,950,720,38
1901,262791,9,952,714,44
1902,262905,21,957,696,72
1903,263026,21,970,702,77
1904,263137,18,983,707,89
1905,263244,9,986,704,95
1906,263320,9,995,711,95
1907,263395,9,1003,715,95
1908,263472,12,1012,724,95
1909,263919,11,1016,679,148
1910,263996,10,1024,686,150
1911,264082,24,1027,687,152
1912,264244,73,881,677,16
1913,264370,20,893,689,16
1914,264496,18,909,699,22
1915,264566,9,916,698,30
1916,264630,9,934,711,33
1917,264699,9,941,696,55
1918,264766,10,942,684,70
1919,264912,58,942,671,83
1920,265048,9,944,650,112
1921,265121,9,946,651,112
1922,265199,10,949,654,111
1923,265283,10,953,648,118
1924,265354,10,954,649,118
1925,265429,8,957,646,126
1926,265492,9,959,642,132
1927,265634,21,963,639,139
1928,265757,28,968,637,149
1929,265884,21,971,636,153
1930,265952,9,976,636,157
1931,266083,65,981,633,168
1932,266320,53,818,626,18
1933,266392,8,821,624,21
1934,266451,7,821,609,35
1935,266508,7,829,612,36
1936,266599,8,834,614,39
1937,266675,8,837,615,41
1938,266748,8,839,615,46
1939,266816,8,845,610,59
1940,266897,9,868,633,59
1941,267040,19,879,636,66
1942,267157,20,887,636,75
1943,267399,32,887,622,89
1944,267800,8,901,595,129
1945,267869,9,903,597,129
1946,267954,9,905,605,123
1947,268019,9,906,603,126
1948,268178,53,781,604,0
1949,268251,8,788,611,0
1950,268328,8,794,615,0
1951,268475,19,794,615,0
1952,268594,19,803,621,3
1953,268720,9,811,627,3
1954,268789,8,812,619,12
1955,268987,13,815,614,16
1956,269115,18,819,607,30
1957,269248,15,815,597,36
1958,269380,17,816,594,39
1959,269499,17,816,585,49
1960,269625,17,821,586,53
1961,269773,35,843,607,53
1962,269957,28,857,617,55
1963,270191,26,799,612,0
1964,270314,15,803,613,3
1965,270433,18,803,616,0
1966,270552,9,813,620,8
1967,270679,24,815,608,20
1968,270841,12,831,618,25
1969,271116,13,839,613,37
1970,271223,8,849,623,37
1971,271284,7,853,619,36
1972,271353,8,853,618,36
1973,271409,8,865,627,41
1974,271484,9,879,641,41
1975,271634,22,880,632,56
1976,271752,11,883,626,62
1977,271830,8,892,628,68
1978,271884,9,904,638,72
1979,271952,8,912,648,70
1980,272023,9,913,647,72
1981,272463,33,842,648,0
1982,272546,9,845,648,3
1983,272618,13,851,654,3
1984,272679,8,858,657,6
1985,272762,22,861,660,6
1986,272886,17,864,658,10
1987,273008,25,874,666,11
1988,273138,22,878,661,20
1989,273207,8,890,664,28
1990,273284,9,901,664,37
1991,273344,8,901,662,41
1992,273418,8,905,664,45
1993,273482,8,910,664,52
1994,273562,11,916,664,58
1995,273638,9,922,668,61
1996,273706,9,924,664,62
1997,273778,10,924,664,62
1998,273848,10,926,666,61
1999,273921,11,936,675,61
2000,274002,9,937,677,60
2001,274130,45,879,677,2
2002,274255,22,884,682,2
2003,274375,18,885,673,8
2004,274496,23,897,684,10
2005,274614,9,904,683,14
2006,274687,8,909,681,21
2007,274762,9,909,677,24
2008,274844,8,915,682,25
2009,274915,9,921,688,25
2010,274987,9,929,692,28
2011,275075,9,934,693,33
2012,275158,9,937,692,38
2013,275238,8,941,691,39
2014,275308,12,947,691,44
2015,275388,11,950,685,55
2016,275459,9,950,685,55
2017,275523,12,959,691,57
2018,278034,19,967,609,150
2019,278279,54,821,607,5
2020,278398,31,822,610,2
2021,278517,17,829,613,6
2022,278599,11,847,629,9
2023,278660,8,849,627,12
2024,278720,9,850,625,15
2025,278800,8,851,624,16
2026,278870,12,858,629,16
2027,278948,9,867,631,19
2028,279029,8,877,635,24
2029,279099,9,876,630,28
2030,279172,10,889,639,37
2031,279248,9,898,648,37
2032,279322,8,902,650,39
2033,279388,8,907,655,39
2034,279457,8,913,657,45
2035,279535,16,917,661,45
2036,279704,18,926,666,49
2037,279824,17,950,685,50
2038,279954,20,959,691,53
2039,280091,21,957,691,51
2040,280171,11,909,694,0
2041,280237,12,913,698,0
2042,280308,9,914,699,0
2043,280372,9,919,704,0
2044,280445,9,922,707,0
2045,280511,7,926,710,0
2046,280573,10,927,711,0
2047,280646,9,938,722,0
2048,280719,9,944,728,0
2049,280783,9,947,731,0
2050,280855,11,953,736,0
2051,280933,9,953,736,0
2052,281004,9,955,738,0
2053,281074,9,957,740,0
2054,281472,39,962,745,0
2055,281670,31,966,749,0
2056,281858,35,970,753,0
2057,282025,21,987,769,0
2058,282152,18,997,779,0
2059,282262,21,1004,786,0
2060,282395,26,1007,789,0
2061,282538,22,1011,793,0
2062,282669,16,1016,797,0
2063,282744,13,1025,800,6
2064,282816,9,1027,795,14
2065,282880,10,1029,785,26
2066,282950,9,1035,789,28
2067,283046,20,1046,799,29
2068,283171,20,1048,792,37
2069,283330,22,1050,782,50
2070,283441,14,1056,786,53
2071,283496,10,1060,783,61
2072,283555,10,1076,796,64
2073,283616,10,1076,792,68
2074,283693,13,1079,791,70
2075,283766,9,1081,790,76
2076,283827,10,1081,791,75
2077,283892,10,1081,788,84
2078,283957,9,1096,803,83
2079,284028,12,1106,811,83
2080,284205,40,1026,811,3
2081,284277,12,1032,813,8
2082,284341,10,1040,818,10
2083,284459,28,1051,825,17
2084,284600,28,1059,831,18
2085,284741,24,1065,832,23
2086,284846,10,1069,828,31
2087,284918,10,1078,827,40
2088,284985,9,1092,838,41
2089,285319,10,1096,818,57
2090,285388,10,1096,814,60
2091,285494,9,1100,815,62
2092,285562,10,1106,821,62
2093,285633,11,1107,817,69
2094,285701,11,1107,814,73
2095,285767,10,1103,810,73
2096,285843,20,1109,816,73
2097,285982,24,1112,814,76
2098,286223,99,1048,825,0
2099,286292,16,1048,823,1
2100,286362,9,1049,816,10
2101,286428,11,1050,808,19
2102,286497,10,1055,810,22
2103,286557,11,1056,810,22
2104,286679,22,1066,814,30
2105,286770,9,1070,814,33
2106,286848,9,1067,815,29
2107,286908,10,1074,822,29
2108,286990,11,1075,823,29
2109,287058,10,1085,831,29
2110,287124,10,1087,833,29
2111,287198,13,1109,855,29
2112,287294,15,1110,856,29
2113,287440,26,1116,857,30
2114,287587,25,1122,863,29
2115,287679,10,1124,857,40
2116,287822,37,1124,847,47
2117,287944,18,1124,842,52
2118,288056,21,1131,845,56
2119,288156,22,1082,849,1
2120,288226,11,1100,863,2
2121,288290,10,1101,864,2
2122,288354,10,1109,871,3
2123,288425,10,1114,870,5
2124,288846,363,1129,878,15
2125,289001,26,1134,840,59
2126,289150,26,1136,818,89
2127,289253,11,1139,820,90
2128,289341,10,1143,799,118
2129,289431,12,1144,789,135
2130,289506,16,1149,766,163
2131,289594,10,1151,744,180
2132,289673,13,1153,730,198
2133,289768,11,1156,733,198
2134,289847,14,1157,734,197
2135,289967,10,1163,743,194
2136,290051,17,1166,738,202
2137,290336,96,968,734,7
2138,290472,24,972,734,10
2139,290569,9,983,720,32
2140,290638,9,999,724,43
2141,290702,9,1006,730,44
2142,290763,9,1018,722,67
2143,290838,11,1021,707,84
2144,290905,9,1033,706,97
2145,290978,10,1035,685,131
2146,291052,10,1038,679,142
2147,291121,10,1042,671,154
2148,291311,9,1043,662,173
2149,291380,10,1056,675,173
2150,291455,10,1056,675,173
2151,291546,22,1059,678,173
2152,291676,20,1062,673,185
2153,291836,23,1064,655,204
2154,291940,14,1069,650,219
2155,292018,12,1077,649,225
2156,292189,42,855,648,1
2157,292352,65,858,614,39
2158,292890,9,859,563,101
2159,293090,30,861,564,108
2160,293254,19,877,573,114
2161,293370,17,882,573,115
2162,293505,20,885,554,140
2163,293698,25,885,554,140
2164,293762,8,898,567,138
2165,293821,9,903,572,138
2166,293898,8,908,573,140
2167,293982,9,911,567,151
2168,294083,18,923,576,154
2169,294173,19,770,575,2
2170,294284,15,771,573,11
2171,294401,19,793,592,25
2172,294505,14,803,595,32
2173,294572,9,812,590,49
2174,294717,28,801,583,44
2175,294777,7,804,578,50
2176,294843,7,826,583,59
2177,294922,13,832,589,59
2178,294980,9,836,593,58
2179,295044,9,845,602,58
2180,295114,7,847,585,78
2181,295186,8,857,593,89
2182,295261,8,864,597,96
2183,295326,8,874,602,103
2184,295406,8,877,602,106
2185,295492,8,881,603,110
2186,295609,18,883,601,114
2187,295785,58,888,599,116
2188,296000,18,888,550,176
2189,296155,40,716,552,0
2190,296220,6,719,555,0
2191,296298,6,723,552,7
2192,296368,7,724,550,10
2193,296431,7,734,557,10
2194,296502,8,741,553,16
2195,296571,7,742,542,28
2196,297015,7,769,519,78
2197,297129,17,776,526,78
2198,297267,21,777,519,85
2199,297370,7,786,528,85
2200,297442,8,788,530,85
2201,297510,7,794,536,84
2202,297570,8,800,543,83
2203,297644,8,803,546,83
2204,297714,8,812,555,83
2205,297778,8,831,573,82
2206,297842,11,837,579,82
2207,297930,8,839,578,84
2208,297995,9,843,576,95
2209,298285,53,754,572,11
2210,298392,14,764,570,17
2211,298517,15,774,577,20
2212,298640,17,789,588,21
2213,298751,7,801,583,37
2214,298810,7,804,582,46
2215,298878,8,808,583,48
2216,298951,12,814,586,48
2217,299016,8,817,589,47
2218,299087,8,829,599,50
2219,299154,8,833,601,54
2220,299262,31,833,601,54
2221,299430,8,833,590,67
2222,299503,7,833,587,70
2223,299582,8,836,584,77
2224,299650,11,857,598,78
2225,299724,13,861,601,78
2226,299853,21,861,602,77
2227,299997,21,866,603,82
2228,300185,37,787,606,0
