tick,timestamp,query_runtime,trav_index_nodes,trav_vol_nodes,trav_unprod_nodes
0,1027,10,6,6,0
1,1470,3,10,10,0
2,1817,1,15,15,0
3,2097,2,24,24,0
4,2358,2,27,27,0
5,2639,9,43,43,0
6,2964,3,55,55,0
7,3188,6,57,57,0
8,3421,7,62,62,0
9,3604,2,63,63,0
10,3829,2,67,67,0
11,5743,9,74,74,0
12,6015,3,76,76,0
13,6229,2,80,80,0
14,6427,1,82,82,0
15,6629,5,87,87,0
16,6927,10,97,97,0
17,7285,2,100,100,0
18,7479,2,100,100,0
19,7693,6,109,109,0
20,7889,11,110,110,0
21,8049,2,119,119,0
22,8307,6,129,129,0
23,8518,6,131,131,0
24,8725,6,132,132,0
25,8925,4,137,137,0
26,9095,5,147,147,0
27,9283,3,148,148,0
28,9481,8,153,153,0
29,9702,7,176,176,0
30,9884,7,178,178,0
31,10038,8,178,178,0
32,10212,3,181,181,0
33,10454,11,184,184,0
34,10716,16,184,184,0
35,11078,11,185,185,0
36,11488,25,201,201,0
37,11804,3,203,203,0
38,12017,11,203,203,0
39,12341,9,213,213,0
40,12573,19,223,223,0
41,12819,13,227,227,0
42,13060,12,230,230,0
43,13384,23,238,238,0
44,13592,16,254,254,0
45,13820,15,267,267,0
46,14042,17,269,269,0
47,14287,13,270,270,0
48,14602,31,274,274,0
49,14851,14,275,275,0
50,15100,12,286,286,0
51,15982,11,289,289,0
52,16180,9,291,291,0
53,16297,3,292,292,0
54,16435,3,305,305,0
55,16578,8,310,310,0
56,16701,3,311,311,0
57,16845,14,313,313,0
58,16987,4,314,314,0
59,17127,7,314,314,0
60,17349,8,317,317,0
61,17498,4,318,318,0
62,17630,4,336,336,0
63,17768,8,337,337,0
64,17876,9,344,344,0
65,17990,10,352,352,0
66,18090,4,352,352,0
67,18239,9,359,359,0
68,18386,8,365,365,0
69,18592,13,381,381,0
70,18792,7,383,383,0
71,18910,4,384,384,0
72,19046,4,385,385,0
73,19168,8,387,387,0
74,19322,7,390,390,0
75,19444,4,394,394,0
76,19563,10,401,401,0
77,19686,10,405,405,0
78,19882,10,405,405,0
79,20052,18,422,422,0
80,20207,18,424,424,0
81,20364,4,426,426,0
82,20506,15,434,434,0
83,20625,12,443,443,0
84,20743,9,453,453,0
85,20864,6,456,456,0
86,21021,13,458,458,0
87,21195,8,459,459,0
88,21417,18,464,464,0
89,21559,8,464,464,0
90,21687,10,469,469,0
91,21806,12,478,478,0
92,21936,6,487,487,0
93,22075,14,488,488,0
94,22633,16,494,494,0
95,22823,12,496,496,0
96,22955,9,499,499,0
97,23097,11,511,511,0
98,23217,10,515,515,0
99,23369,12,518,518,0
100,23496,10,543,543,0
101,23610,5,552,552,0
102,23731,5,559,559,0
103,23897,19,561,561,0
104,24099,13,561,561,0
105,24245,7,563,563,0
106,24372,12,563,563,0
107,24497,9,570,570,0
108,24626,9,581,581,0
109,24749,14,591,591,0
110,24857,10,598,598,0
111,24991,12,605,605,0
112,25133,17,611,611,0
113,25281,15,621,621,0
114,25441,13,629,629,0
115,25583,9,632,632,0
116,25756,26,636,636,0
117,25952,12,642,642,0
118,26080,14,649,649,0
119,26200,11,651,651,0
120,26319,12,660,660,0
121,26454,10,668,668,0
122,26619,21,672,672,0
123,26801,18,672,672,0
124,26958,9,672,672,0
125,27050,12,678,678,0
126,27192,13,681,681,0
127,27322,11,681,681,0
128,27455,13,686,686,0
129,27564,10,686,686,0
130,27714,13,686,686,0
131,27856,26,686,686,0
132,28056,26,688,688,0
133,28212,15,691,691,0
134,28323,9,694,694,0
135,28446,13,696,696,0
136,29164,16,697,697,0
137,29341,22,697,697,0
138,29463,14,703,703,0
139,29587,15,705,705,0
140,29699,9,709,709,0
141,29833,17,712,712,0
142,29969,8,715,715,0
143,30104,12,720,720,0
144,30224,16,729,721,0
145,30374,18,734,716,7
146,30560,38,734,713,8
147,30731,17,737,709,8
148,30846,6,739,702,16
149,30962,11,740,689,25
150,31201,48,740,676,27
151,31348,14,756,680,36
152,31475,14,760,668,45
153,31586,13,763,657,53
154,31754,15,766,642,64
155,31951,22,768,637,68
156,32185,47,691,605,9
157,32333,16,706,610,11
158,32481,17,708,600,18
159,32644,19,716,594,31
160,32788,14,716,584,38
161,32920,13,721,571,54
162,33094,24,723,555,71
163,33409,68,725,535,87
164,33552,11,731,531,99
165,33681,14,733,516,112
166,33814,16,734,510,114
167,33955,16,736,507,120
168,34089,15,748,520,119
169,34216,14,749,521,119
170,34348,9,756,528,119
171,34614,37,760,532,118
172,34816,16,759,532,117
173,34951,15,760,533,117
174,35089,18,761,534,117
175,35767,14,766,526,130
176,35981,22,771,520,135
177,36125,18,772,508,145
178,36224,7,779,508,155
179,36367,16,788,509,164
180,36496,11,785,500,168
181,36644,17,788,497,168
182,36774,18,789,496,171
183,36914,12,792,495,173
184,37111,28,794,496,174
185,37298,27,797,492,181
186,37446,19,797,482,191
187,37596,28,802,491,187
188,37810,21,815,493,192
189,37928,13,818,483,201
190,38066,18,819,474,209
191,38194,15,817,468,212
192,38376,38,820,465,221
193,38563,26,820,461,226
194,38719,15,827,464,228
195,38939,16,835,465,234
196,39058,18,833,456,243
197,39176,15,832,452,247
198,39289,16,845,460,250
199,39393,14,855,460,259
200,39513,11,862,464,259
201,39631,12,864,465,259
202,39823,25,863,453,270
203,40085,21,863,443,279
204,40232,16,866,446,279
205,40359,17,866,443,283
206,40484,12,864,430,297
207,40620,16,864,426,302
208,40755,13,870,431,304
209,40876,14,873,431,306
210,41012,15,880,441,303
211,41209,28,885,448,300
212,41384,29,885,446,302
213,41505,16,890,451,301
214,41607,17,895,457,299
215,42305,17,906,444,318
216,42420,18,910,447,319
217,42604,30,906,444,317
218,42748,12,909,441,321
219,42859,20,908,441,319
220,42988,16,908,443,317
221,43085,16,907,444,315
222,43295,26,909,440,319
223,43420,14,909,439,320
224,43536,13,912,442,315
225,43667,15,912,438,319
226,43838,28,914,440,319
227,43975,20,913,440,318
228,44088,15,912,441,317
229,44209,20,911,441,316
230,44404,38,912,437,319
231,44562,10,909,433,317
232,44683,14,915,438,318
233,44798,11,923,442,320
234,44922,21,931,446,324
235,45094,21,932,437,328
236,45276,26,931,440,325
237,45417,17,941,451,323
238,45633,17,940,451,322
239,45742,15,940,454,319
240,45862,18,938,455,316
241,45985,12,940,456,317
242,46096,19,948,464,316
243,46212,11,954,470,316
244,46362,44,956,472,316
245,46577,26,953,464,321
246,46858,20,954,456,329
247,46983,14,958,458,333
248,47103,16,964,464,333
249,47222,19,964,462,335
250,47342,17,960,463,330
251,47470,22,960,463,330
252,47586,15,966,462,334
253,47722,20,971,466,334
254,47965,31,986,482,333
255,48798,41,634,466,1
256,49018,22,634,454,9
257,49161,11,634,451,11
258,49289,14,641,455,14
259,49395,10,650,464,14
260,49482,6,660,468,14
261,49619,6,681,485,14
262,49797,23,699,500,15
263,49994,46,706,504,18
264,50181,7,709,503,21
265,50319,14,725,513,26
266,50391,6,728,516,25
267,50531,14,732,514,27
268,50648,10,734,512,27
269,50783,10,736,512,30
270,50902,13,739,516,29
271,51033,13,759,532,31
272,51181,21,769,536,37
273,51392,19,773,537,40
274,51567,13,778,520,69
275,51673,7,787,522,83
276,51796,13,788,487,126
277,51937,7,790,471,144
278,52077,21,796,469,152
279,52295,14,799,471,153
280,52434,16,801,473,153
281,52607,27,803,470,159
282,52785,31,811,473,167
283,52935,13,814,457,189
284,53142,17,825,446,219
285,53317,20,830,439,231
286,53480,15,833,436,237
287,53645,18,842,445,234
288,53813,17,843,415,265
289,54017,25,846,411,273
290,54266,26,850,404,287
291,54443,19,854,392,298
292,54629,21,860,394,300
293,54815,22,865,399,300
294,55516,542,866,386,319
295,55712,49,884,387,341
296,55868,23,886,372,365
297,55978,7,901,389,363
298,56122,12,916,404,363
299,56549,8,922,373,404
300,56636,8,923,374,403
301,56726,15,925,374,409
302,56842,15,920,372,406
303,56972,20,921,362,418
304,57075,8,929,370,418
305,57163,10,931,370,418
306,57314,13,932,362,430
307,57470,16,930,354,436
308,57545,8,933,356,439
309,57627,8,943,367,438
310,57739,20,940,367,435
311,57857,14,942,367,435
312,57957,17,948,371,437
313,58109,38,952,375,437
314,58260,35,952,372,443
315,58403,18,963,378,447
316,58492,9,971,388,445
317,58597,19,972,389,445
318,58703,9,989,406,442
319,58771,8,1004,420,441
320,58845,8,1006,422,441
321,58944,9,1007,423,441
322,59008,8,1010,426,438
323,59127,14,1009,426,436
324,59212,9,1010,416,447
325,59286,10,1010,415,449
326,59362,8,1011,416,448
327,59484,17,1016,419,450
328,59658,20,1018,417,456
329,59785,10,1020,401,478
330,59860,8,1023,404,478
331,59932,9,1036,417,478
332,60008,9,1036,416,478
333,60074,9,1035,409,485
334,60528,10,1036,403,494
335,60620,11,1038,404,494
336,60703,12,1049,417,492
337,60803,20,1060,424,492
338,60968,25,1056,415,498
339,61064,10,1049,415,491
340,61148,10,1058,413,501
341,61236,13,1055,414,497
342,61355,28,1057,409,506
343,61487,18,1059,409,507
344,61594,19,1069,419,507
345,61734,24,1070,419,509
346,61858,15,1079,428,507
347,61930,16,1079,425,509
348,62001,10,1086,434,508
349,62124,19,1091,435,513
350,62277,27,1091,434,515
351,62391,10,1107,442,524
352,62472,13,1118,453,524
353,62542,12,1123,445,535
354,62617,10,1124,446,535
355,62716,9,1126,448,535
356,62825,20,1132,440,548
357,62897,9,1129,438,549
358,63017,19,1131,437,552
359,63091,11,1145,449,553
360,63163,10,1144,449,552
361,63239,9,1143,449,551
362,63318,13,1156,464,545
363,63460,50,1167,471,551
364,63607,23,1168,467,552
365,63738,24,1170,468,554
366,63849,10,1163,462,554
367,63920,10,1167,465,554
368,63991,13,1169,466,554
369,64119,32,1171,468,555
370,64933,37,621,449,27
371,65073,7,627,447,35
372,65205,14,628,444,40
373,65308,8,637,453,40
374,65420,16,651,464,40
375,65536,9,652,465,40
376,65641,6,657,470,40
377,65718,6,657,470,40
378,65793,6,658,471,40
379,65855,5,662,474,41
380,65936,8,662,473,42
381,66010,5,662,473,42
382,66120,16,669,476,43
383,66251,13,668,478,39
384,66360,7,676,483,42
385,66424,6,683,490,42
386,66515,6,688,497,41
387,66580,6,690,497,43
388,66661,5,700,505,45
389,66726,6,700,504,46
390,66814,7,703,505,51
391,66875,7,712,512,53
392,66960,7,723,520,56
393,67040,9,724,516,61
394,67114,6,724,516,61
395,67179,7,735,524,62
396,67246,6,737,524,64
397,67332,9,749,532,67
398,67510,15,757,536,75
399,67653,21,760,537,77
400,67830,24,769,541,84
401,67958,13,772,543,84
402,68075,11,774,545,84
403,68189,11,783,551,87
404,68299,13,786,550,91
405,68425,7,788,547,94
406,68546,15,790,548,97
407,68693,17,797,547,108
408,68806,10,809,558,109
409,68991,26,810,562,106
410,69173,24,814,563,108
411,69326,15,818,558,111
412,69795,8,823,561,113
413,69855,8,832,570,113
414,69943,9,838,576,110
415,70021,8,840,576,113
416,70099,8,844,577,116
417,70168,7,847,580,116
418,70245,8,852,579,123
419,70374,15,853,580,121
420,70514,22,861,586,120
421,70599,9,865,591,119
422,70826,45,869,596,118
423,70930,11,870,597,118
424,71030,8,870,586,131
425,71094,8,872,587,133
426,71160,8,874,589,133
427,71233,8,876,591,133
428,71307,7,880,594,134
429,71375,8,888,600,133
430,71442,8,905,615,136
431,71527,7,908,617,134
432,71663,25,915,624,132
433,71788,19,935,644,132
434,71985,45,938,647,132
435,72160,20,943,650,132
436,72230,12,945,652,131
437,72309,9,953,660,131
438,72380,8,956,657,139
439,72444,8,957,658,139
440,72508,8,958,659,139
441,72574,9,952,661,130
442,72651,8,961,670,127
443,72722,8,961,666,131
444,72840,15,965,669,132
445,72911,8,965,669,132
446,73035,22,968,671,132
447,73204,19,967,666,137
448,73333,9,969,670,134
449,73411,9,979,679,135
450,73486,14,981,680,137
451,73555,10,996,695,137
452,74084,18,999,687,146
453,74190,34,1000,686,148
454,74282,9,1016,699,149
455,74378,22,1025,707,147
456,74541,30,1032,713,148
457,74650,10,1043,719,147
458,74723,10,1046,723,146
459,74794,9,1045,724,144
460,74876,10,1047,723,148
461,74951,10,1053,729,148
462,75056,8,1061,733,152
463,75122,11,1066,738,152
464,75188,10,1066,733,157
465,75331,11,1066,735,155
466,75400,10,1066,734,158
467,75474,10,1064,733,155
468,75541,9,1064,733,155
469,75612,12,1065,733,156
470,75763,33,1076,738,158
471,75946,39,1077,739,153
472,76061,10,1078,740,153
473,76134,12,1088,746,153
474,76204,9,1088,746,153
475,76275,10,1088,746,153
476,76434,11,1092,750,153
477,76515,11,1099,757,153
478,76584,11,1108,764,156
479,76657,10,1110,766,156
480,76743,10,1112,767,156
481,76815,10,1117,769,159
482,76878,13,1117,769,159
483,76962,11,1119,770,162
484,77024,11,1129,780,162
485,77171,23,1133,785,159
486,77310,25,1128,781,160
487,77552,63,1127,780,160
488,77672,10,1132,782,160
489,77738,11,1135,779,166
490,78311,11,1136,773,171
491,78376,11,1141,778,171
492,78447,11,1144,780,171
493,78529,12,1147,782,171
494,78602,12,1146,777,178
495,78804,41,1143,778,174
496,79017,37,1151,779,176
497,79142,26,1151,776,176
498,79233,10,1154,772,182
499,79295,11,1164,777,182
500,79347,12,1169,782,180
501,79409,11,1187,799,180
502,79477,12,1190,801,180
503,79548,11,1191,801,180
504,79691,60,1189,796,183
505,79785,10,1195,798,187
506,79862,16,1193,797,186
507,79940,18,1201,795,198
508,80025,21,1202,798,196
509,80311,97,1006,792,6
510,80500,21,1016,794,10
511,80629,24,1024,796,14
512,80825,76,1028,790,21
513,81004,27,1035,793,21
514,81130,21,1043,794,23
515,81255,14,1056,805,24
516,81411,22,1065,805,34
517,81611,43,1071,773,67
518,81824,47,1077,756,95
519,82039,26,1088,715,147
520,82152,16,1104,708,173
521,82296,21,1108,699,189
522,82434,26,1111,682,214
523,82557,18,1116,681,218
524,82679,20,1119,678,226
525,82807,19,1127,667,246
526,83393,30,1141,638,292
527,83527,23,1141,629,304
528,83637,11,1143,632,303
529,83716,14,1137,632,297
530,83799,11,1145,635,305
531,83897,10,1145,633,309
532,83970,10,1154,642,309
533,84148,12,1154,633,318
534,84227,11,1155,634,316
535,84340,21,1152,629,320
536,84428,11,1158,629,328
537,84510,10,1159,619,342
538,84620,41,1165,621,346
539,84761,24,1168,621,347
540,84900,23,1182,625,349
541,84979,11,1195,619,364
542,85057,13,1203,626,362
543,85247,65,1203,626,362
544,85410,10,1205,628,358
545,85478,13,1208,632,357
546,85621,26,1209,633,357
547,85740,26,1226,647,358
548,85857,11,1229,643,363
549,85978,26,1231,642,366
550,86172,47,1231,630,388
551,86355,45,1234,632,388
552,86557,24,1241,637,391
553,86986,11,1256,622,421
554,87059,11,1260,605,446
555,87138,12,1260,597,459
556,87220,11,1265,591,470
557,87367,41,1267,588,479
558,87650,74,1269,575,496
559,87742,11,1273,565,513
560,87819,12,1286,578,513
561,87898,12,1288,579,513
562,88022,23,1290,574,520
563,88591,26,1293,546,557
564,88721,21,1294,534,572
565,88868,29,1299,523,588
566,88936,12,1304,517,598
567,89009,12,1304,516,599
568,89087,13,1305,517,600
569,89154,13,1311,523,600
570,89226,12,1323,525,612
571,89303,13,1332,534,611
572,89369,12,1346,547,611
573,89444,12,1343,538,625
574,89549,12,1342,523,641
575,89634,12,1344,519,648
576,89848,18,1346,515,649
577,89982,25,1360,517,662
578,90120,33,1359,505,677
579,90235,12,1361,509,675
580,90309,13,1368,518,673
581,90376,12,1369,519,673
582,90445,11,1369,519,673
583,90522,13,1378,528,670
584,90617,27,1385,532,676
585,90746,27,1388,534,677
586,90959,24,1390,529,685
587,91086,26,1398,533,687
588,91201,26,1412,540,693
589,91396,42,1414,532,707
590,91583,41,1416,534,707
591,91714,21,1419,536,710
592,91840,23,1419,517,728
593,92035,78,1431,501,747
594,92181,25,1431,492,758
595,92308,21,1449,508,760
596,92463,22,1454,513,761
597,92550,13,1454,513,761
598,93194,36,1451,467,808
599,93335,25,1458,463,819
600,93444,14,1456,460,821
601,93523,14,1454,454,834
602,93606,13,1466,466,830
603,93673,13,1472,473,829
604,93738,15,1470,473,827
605,93809,14,1474,476,828
606,93890,13,1474,470,829
607,93963,17,1479,475,829
608,94034,13,1483,481,826
609,94233,62,1484,482,826
610,94329,13,1483,482,825
611,94416,21,1484,483,825
612,94567,31,1484,484,824
613,94707,36,1488,488,824
614,94833,18,1496,496,824
615,94904,12,1485,496,813
616,94972,15,1493,506,811
617,95043,13,1493,503,808
618,95122,13,1496,506,806
619,95199,15,1499,497,814
620,95370,87,1499,492,817
621,95485,18,1499,488,821
622,95566,16,1504,487,822
623,95651,14,1508,492,817
624,95735,13,1508,485,819
625,95894,47,1523,478,841
626,96077,56,1532,479,845
627,96956,141,689,453,46
628,97083,14,699,459,49
629,97649,16,699,451,59
630,97820,20,700,450,61
631,97964,10,700,449,63
632,98083,12,702,449,65
633,98214,14,709,456,65
634,98332,13,710,451,69
635,98459,10,712,450,72
636,98623,48,724,459,76
637,98699,10,727,456,84
638,98773,7,729,457,85
639,98855,7,736,464,85
640,99004,10,737,468,82
641,99141,16,749,479,85
642,99235,8,758,490,83
643,99348,17,767,498,81
644,99470,11,768,500,80
645,99562,7,777,508,80
646,99691,37,786,517,80
647,99892,8,783,511,85
648,99959,7,787,515,85
649,100034,8,787,512,89
650,100119,11,791,512,92
651,100267,11,797,504,113
652,100380,18,798,503,116
653,100498,10,804,509,116
654,100559,9,810,514,116
655,100621,8,809,511,119
656,100704,7,818,520,117
657,100777,7,818,522,115
658,100829,7,821,525,115
659,100904,8,834,536,115
660,100980,7,835,530,122
661,101057,8,831,528,121
662,101125,8,843,536,125
663,101198,8,848,539,127
664,101273,8,854,540,128
665,101410,16,852,536,130
666,101546,21,851,527,142
667,101657,12,856,531,145
668,101832,32,861,538,147
669,102152,9,861,531,151
670,102772,16,860,503,169
671,102907,13,866,504,168
672,103033,15,869,505,169
673,103221,31,876,512,169
674,103380,20,879,514,170
675,103501,20,878,514,176
676,103629,16,884,521,171
677,103734,17,885,522,171
678,103840,13,891,530,166
679,103962,14,898,538,165
680,104082,15,900,538,166
681,104257,13,917,553,173
682,104415,29,923,555,177
683,104588,29,929,559,177
684,104746,17,931,559,178
685,104855,19,933,558,184
686,104982,19,941,561,188
687,105094,16,943,542,210
688,105255,56,945,540,213
689,105442,17,948,541,213
690,105558,13,941,532,215
691,105674,20,942,530,218
692,105783,21,941,533,214
693,105910,15,949,540,215
694,106006,9,953,544,214
695,106113,16,955,546,214
696,106187,9,956,542,219
697,106251,9,957,543,218
698,106322,10,958,543,221
699,106478,11,962,547,220
700,106534,8,962,545,222
701,106598,9,962,545,222
702,106663,10,970,552,220
703,106732,10,987,567,224
704,106800,10,992,570,225
705,106874,10,1000,578,225
706,106941,10,1000,576,227
707,107055,25,1009,585,227
708,107169,23,1016,592,225
709,107304,23,1027,600,228
710,107896,10,1033,593,233
711,107972,11,1045,605,233
712,108043,12,1058,619,229
713,108106,11,1055,619,226
714,108190,10,1055,619,226
715,108258,11,1062,626,226
716,108390,24,1066,627,229
717,108543,48,1064,624,230
718,108709,10,1065,621,236
719,108769,10,1072,628,236
720,108844,10,1072,628,236
721,108924,12,1076,629,234
722,108990,10,1076,629,233
723,109063,12,1078,629,235
724,109142,12,1080,632,234
725,109215,10,1082,638,230
726,109294,11,1084,639,230
727,109366,10,1084,641,228
728,109445,10,1091,645,231
729,109521,10,1094,646,233
730,109622,22,1096,648,231
731,109890,41,1101,650,233
732,110067,24,1106,649,243
733,110186,11,1113,656,243
734,110257,10,1120,665,241
735,110319,14,1117,665,238
736,110381,10,1117,665,238
737,110449,11,1118,664,237
738,110517,12,1123,668,239
739,110584,11,1132,676,237
740,110722,29,1132,674,239
741,111000,40,1130,672,236
742,111113,22,1133,668,240
743,111273,34,1134,666,248
744,111462,36,1129,655,258
745,111637,24,1139,654,266
746,111767,14,1140,638,283
747,111897,24,1148,631,297
748,115332,41,1157,443,546
749,115717,16,616,432,17
750,115844,14,629,427,31
751,115984,10,632,421,46
752,116088,6,637,406,70
753,116160,6,648,412,74
754,116239,7,654,417,75
755,116315,7,654,413,81
756,116390,6,659,415,84
757,116457,6,668,415,93
758,116553,14,671,410,103
759,116685,20,681,411,111
760,116805,11,683,413,111
761,116873,8,690,418,111
762,116938,7,705,433,111
763,117056,12,710,421,127
764,117135,8,710,417,133
765,117358,16,717,423,133
766,117432,11,720,424,135
767,117532,14,721,425,142
768,117631,6,722,426,142
769,117702,6,725,424,149
770,117773,6,738,433,152
771,117883,16,746,434,159
772,118025,15,743,434,156
773,118134,13,751,441,154
774,118203,8,756,446,154
775,118276,7,761,454,151
776,118332,8,777,470,151
777,118629,21,777,464,159
778,118817,15,777,463,161
779,118947,12,783,463,166
780,119057,20,783,456,175
781,119185,23,783,455,175
782,119364,31,788,452,184
783,119536,13,790,444,195
784,119642,19,790,444,195
785,119773,14,801,438,217
786,119904,11,808,449,213
787,120025,18,816,447,224
788,120631,24,817,427,248
789,120799,8,820,427,249
790,120862,9,819,421,255
791,120945,11,819,421,255
792,121009,7,823,425,255
793,121074,9,828,428,258
794,121137,8,837,437,258
795,121207,8,841,433,268
796,121280,8,838,430,268
797,121371,15,840,432,268
798,121482,7,841,419,284
799,121551,8,842,420,284
800,121625,8,846,424,283
801,121707,8,849,427,283
802,121793,23,851,427,284
803,121919,17,851,418,294
804,122054,20,853,419,294
805,122161,8,856,421,295
806,122237,11,863,425,295
807,122306,8,869,431,295
808,122373,11,870,432,295
809,122445,7,886,442,297
810,122505,8,894,450,297
811,122573,10,903,451,307
812,122641,9,915,459,307
813,122734,16,917,461,307
814,122804,8,926,470,307
815,122879,9,928,473,306
816,122955,9,938,483,306
817,123030,9,947,492,306
818,123096,9,947,492,306
819,123230,21,950,495,306
820,123360,21,960,490,320
821,123489,19,970,483,338
822,123559,9,974,486,337
823,123633,9,976,484,343
824,123704,9,980,488,340
825,123775,11,989,495,343
826,123841,10,989,495,343
827,123909,8,991,492,352
828,124245,9,999,489,368
829,124316,9,1000,490,368
830,124386,10,1013,503,368
831,124456,9,1016,505,368
832,124553,24,1012,505,364
833,124688,26,1014,504,363
834,124823,21,1020,510,361
835,124920,10,1020,510,361
836,124994,10,1020,511,360
837,125080,14,1026,516,361
838,125196,21,1038,518,373
839,125306,16,1045,507,391
840,125367,9,1042,508,387
841,125437,10,1043,509,385
842,125510,12,1043,508,385
843,125568,9,1049,514,381
844,125639,9,1062,524,382
845,125697,10,1064,523,385
846,125756,10,1070,531,384
847,125829,11,1070,528,387
848,125895,17,1070,529,386
849,126027,23,1070,528,387
850,126166,21,1069,530,384
851,126286,18,1074,533,384
852,126372,10,1079,538,384
853,126460,11,1079,538,384
854,126529,11,1081,540,384
855,126596,11,1084,543,384
856,126667,11,1086,545,384
857,126734,11,1091,550,384
858,126798,11,1097,556,384
859,126867,10,1103,558,384
860,126938,10,1102,558,383
861,127011,10,1111,567,383
862,127084,11,1112,563,388
863,127157,11,1113,562,390
864,127229,11,1112,562,390
865,127674,363,1113,563,390
866,127789,24,1108,561,386
867,127916,25,1116,563,386
868,128074,56,1120,559,398
869,128349,36,722,557,4
870,128416,8,734,567,6
871,128485,8,751,584,6
872,128555,10,753,585,7
873,128626,8,752,585,6
874,128698,6,755,584,8
875,128755,8,764,589,13
876,128825,8,773,586,21
877,128894,8,781,590,24
878,128950,7,789,597,24
879,129025,9,789,597,24
880,129090,8,805,596,41
881,129152,8,811,601,42
882,129291,17,813,598,46
883,129428,19,817,602,46
884,129548,16,817,602,46
885,129658,8,822,602,48
886,129730,9,826,606,48
887,129801,8,832,611,48
888,129868,8,841,618,52
889,129936,7,845,618,53
890,130008,8,848,618,54
891,130083,8,857,622,59
892,130150,8,864,628,59
893,130220,9,868,627,65
894,130295,8,873,630,66
895,130368,8,873,628,68
896,130443,8,879,637,65
897,130516,8,883,638,68
898,130580,8,883,635,75
899,130678,23,888,630,86
900,130841,30,899,626,97
901,130949,26,901,624,100
902,131077,17,906,606,123
903,131149,9,906,604,125
904,131583,9,912,597,134
905,131659,8,915,594,141
906,131717,8,917,596,141
907,131803,9,922,603,138
908,131860,9,923,604,138
909,131919,9,936,614,137
910,131975,9,936,614,137
911,132051,11,938,615,140
912,132155,23,941,615,145
913,132273,20,946,611,156
914,132391,15,946,612,155
915,132450,10,949,616,154
916,132506,8,959,626,154
917,132578,10,954,627,148
918,132648,10,954,627,148
919,132707,10,958,631,146
920,132775,10,966,639,146
921,132853,12,968,637,150
922,132921,10,980,649,150
923,132990,13,979,642,155
924,133077,20,986,649,155
925,133183,17,985,656,147
926,133307,14,983,656,145
927,133466,35,985,655,149
928,133581,25,986,651,155
929,133698,19,988,652,156
930,133787,10,985,651,154
931,133851,10,995,663,151
932,133921,10,998,666,151
933,133981,11,998,664,155
934,134045,9,998,665,152
935,134128,11,1007,674,149
936,134199,10,1007,673,150
937,134276,11,1015,674,155
938,134346,10,1021,670,161
939,134415,10,1030,673,164
940,134484,13,1033,677,163
941,134557,9,1034,679,162
942,134630,10,1034,679,162
943,134700,10,1034,679,162
944,135190,25,1040,670,177
945,135310,21,1041,671,177
946,135477,40,1044,672,178
947,135553,11,1043,672,177
948,135644,25,1060,689,176
949,135732,11,1073,700,183
950,135799,11,1085,712,182
951,135857,10,1094,721,182
952,135927,10,1120,743,185
953,135997,10,1120,743,185
954,136070,11,1124,742,188
955,136140,11,1136,751,192
956,136201,10,1136,751,192
957,136276,19,1138,750,194
958,136433,15,1137,741,205
959,136582,34,1139,738,205
960,136750,51,1139,739,203
961,137422,24,1150,733,208
962,137526,12,1150,736,203
963,137617,14,1153,739,203
964,137712,13,1158,743,203
965,137810,15,1160,745,203
966,137887,13,1159,745,202
967,138002,14,1156,743,204
968,138095,27,1169,757,203
969,138229,17,1169,749,211
970,138311,13,1179,754,214
971,138383,12,1187,760,218
972,138489,16,1190,762,218
973,138569,16,1190,762,218
974,138662,15,1192,764,218
975,138749,14,1189,753,224
976,138844,14,1192,752,224
977,138933,20,1190,747,226
978,139024,16,1188,748,223
979,139107,14,1188,735,232
980,139199,13,1187,731,235
981,142957,25,1190,590,398
982,143112,21,1198,600,395
983,143281,36,1201,603,395
984,143414,22,1208,610,395
985,143574,29,1208,610,395
986,143721,26,1208,612,393
987,143805,11,1217,621,392
988,143894,15,1215,622,389
989,143974,12,1216,623,389
990,144093,30,1214,627,383
991,144318,58,846,640,0
992,144397,8,853,646,0
993,144474,9,859,652,0
994,144584,17,859,652,0
995,144732,22,862,655,0
996,144904,28,867,660,0
997,145058,17,869,661,0
998,145143,9,871,663,0
999,145224,9,872,664,0
1000,145305,9,876,668,0
1001,145381,8,883,675,0
1002,145450,7,884,676,0
1003,145532,8,884,676,0
1004,145618,9,891,676,7
1005,145700,8,892,667,18
1006,145782,8,893,662,22
1007,145867,10,894,662,22
1008,145992,41,904,667,25
1009,146231,37,918,639,73
1010,146377,31,931,620,103
1011,146508,9,938,601,129
1012,146586,9,941,595,138
1013,146662,9,949,602,139
1014,146740,8,950,599,144
1015,146810,10,953,599,146
1016,146898,9,955,592,158
1017,147209,23,959,578,174
1018,147337,9,962,577,177
1019,147408,10,971,585,177
1020,147491,18,976,577,188
1021,147624,22,975,574,189
1022,147760,24,977,568,197
1023,147910,16,978,560,204
1024,147995,11,987,569,204
1025,148075,11,989,570,206
1026,148160,11,988,559,217
1027,148247,10,988,537,237
1028,148430,47,996,533,254
1029,148531,9,998,536,253
1030,148601,10,999,537,251
1031,148673,10,1001,539,251
1032,148743,10,1004,540,253
1033,148812,10,1014,546,263
1034,148919,24,1017,540,271
1035,149034,18,1026,544,284
1036,149173,25,1026,544,284
1037,149260,10,1021,545,278
1038,149333,9,1023,549,276
1039,149408,15,1024,549,276
1040,149600,50,1031,544,289
1041,149699,10,1032,532,306
1042,149770,10,1034,534,306
1043,149843,10,1034,533,306
1044,149923,9,1037,534,309
1045,149994,13,1039,528,312
1046,150056,10,1040,528,312
1047,150127,11,1050,538,312
1048,150196,11,1060,548,311
1049,150332,23,1062,550,311
1050,150464,20,1068,556,309
1051,150563,10,1068,553,312
1052,150639,12,1068,553,312
1053,150861,13,1072,538,339
1054,150928,12,1072,519,361
1055,151358,348,1072,500,383
1056,151451,14,1075,480,411
1057,151522,12,1082,485,413
1058,151640,26,1087,488,412
1059,151779,30,1093,495,409
1060,151931,38,1097,492,417
1061,152033,10,1101,494,417
1062,152103,11,1106,498,417
1063,152176,11,1105,492,426
1064,152245,12,1108,490,435
1065,152319,9,1118,493,443
1066,152394,13,1121,490,447
1067,152465,10,1126,491,450
1068,152541,11,1129,487,460
1069,152610,10,1149,505,460
1070,152682,10,1156,505,473
1071,152748,11,1170,519,473
1072,152815,10,1181,529,475
1073,152990,52,1190,534,479
1074,153164,22,1188,523,492
1075,153273,10,1191,522,496
1076,153344,13,1194,524,497
1077,153437,17,1194,524,497
1078,153508,11,1196,524,499
1079,153575,11,1199,527,499
1080,153648,14,1211,537,500
1081,153760,26,1211,536,501
1082,153843,13,1211,527,506
1083,153920,12,1213,517,525
1084,153998,11,1221,518,533
1085,154164,51,1223,520,533
1086,154296,31,1227,516,540
1087,154412,22,1227,496,557
1088,154560,25,1236,505,553
1089,154663,13,1242,511,556
1090,154737,12,1250,519,556
1091,154809,12,1257,520,563
1092,155383,511,1258,517,568
1093,155453,12,1263,498,599
1094,155545,14,1272,505,602
1095,155615,13,1268,502,601
1096,155746,27,1274,507,603
1097,155875,19,1281,511,609
1098,155953,12,1281,509,609
1099,156020,12,1278,510,605
1100,156099,12,1297,528,606
1101,156160,11,1297,529,605
1102,156226,12,1300,528,609
1103,156295,12,1308,529,616
1104,156453,16,1318,521,630
1105,156524,13,1317,524,626
1106,156598,11,1312,516,630
1107,156673,13,1316,520,629
1108,156751,12,1310,519,626
1109,156853,13,1311,512,634
1110,157009,32,1319,517,640
1111,157130,26,1330,525,641
1112,157266,25,1339,531,637
1113,157362,13,1340,534,635
1114,157449,27,1340,534,635
1115,157662,14,1339,535,633
1116,157732,13,1343,541,629
1117,157810,13,1343,541,629
1118,157884,13,1344,542,629
1119,157950,14,1349,547,627
1120,158028,13,1349,545,622
1121,158095,12,1351,547,622
1122,158171,13,1356,549,622
1123,158231,15,1356,549,622
1124,158346,39,1364,558,621
1125,158496,31,1364,548,630
1126,158619,28,1370,544,644
1127,158832,19,1375,548,644
1128,159213,319,1374,535,656
1129,159292,13,1375,536,655
1130,159356,13,1374,536,653
1131,159420,13,1374,534,651
1132,159499,17,1380,541,650
1133,159574,12,1384,545,650
1134,159712,63,1382,538,656
1135,159898,87,1383,525,670
1136,160074,34,1398,530,680
1137,160404,75,738,527,31
1138,160473,11,746,533,31
1139,160534,7,748,532,34
1140,160602,7,760,544,34
1141,160671,7,763,544,36
1142,160734,7,766,543,40
1143,160797,7,778,555,40
1144,160867,6,785,560,40
1145,160943,16,794,569,40
1146,161044,10,793,569,39
1147,161172,23,793,565,42
1148,161298,13,812,583,42
1149,161439,19,825,591,42
1150,161521,8,825,591,42
1151,161587,8,826,592,42
1152,161658,11,830,591,44
1153,161719,8,833,594,44
1154,161795,9,835,591,48
1155,161853,9,860,612,55
1156,161922,8,865,618,53
1157,162024,42,867,618,55
1158,162187,9,873,620,59
1159,162264,8,873,620,59
1160,162331,8,882,626,59
1161,162397,10,882,624,61
1162,162508,16,895,633,65
1163,162686,36,901,630,71
1164,162820,19,901,626,72
1165,163447,12,907,621,85
1166,163507,10,908,622,84
1167,163572,9,909,623,84
1168,163641,8,907,620,83
1169,163711,10,915,624,83
1170,163783,10,928,633,81
1171,163858,10,931,633,83
1172,163934,10,945,636,94
1173,164006,9,949,640,95
1174,164083,14,950,642,94
1175,164145,9,951,639,96
1176,164206,9,967,651,98
1177,164315,10,972,655,98
1178,164386,11,972,654,99
1179,164482,27,977,657,101
1180,164595,20,981,657,98
1181,164709,21,984,659,99
1182,164987,10,987,659,102
1183,165059,9,990,662,102
1184,165126,10,999,671,100
1185,165189,11,1011,683,97
1186,165269,12,1030,700,100
1187,165484,14,1038,708,98
1188,165546,11,1044,714,98
1189,165626,9,1050,719,98
1190,165697,11,1055,721,102
1191,165765,10,1058,721,105
1192,165830,10,1061,723,106
1193,165886,12,1064,725,107
1194,166023,26,1063,722,109
1195,166132,19,1068,713,114
1196,166281,24,1071,718,112
1197,166396,15,1074,719,114
1198,166482,28,1076,723,110
1199,166669,10,1077,724,112
1200,166745,11,1079,726,112
1201,166819,10,1078,728,109
1202,166896,11,1082,732,109
1203,166968,12,1086,736,109
1204,169560,24,1086,699,148
1205,169698,16,1088,707,142
1206,169808,12,1090,709,142
1207,169876,11,1091,710,142
1208,169948,11,1094,713,137
1209,170015,9,1092,713,135
1210,170098,19,1100,721,135
1211,170226,23,1100,722,134
1212,170350,17,1098,723,131
1213,170467,20,1103,728,128
1214,170593,17,1103,728,128
1215,170777,28,1106,731,128
1216,170978,29,1112,737,128
1217,171162,25,1112,737,128
1218,171237,11,1115,740,128
1219,171303,12,1118,743,128
1220,171384,13,1126,751,128
1221,171479,13,1125,751,127
1222,171565,10,1131,759,125
1223,171644,11,1132,765,120
1224,171875,57,1133,766,120
1225,171960,10,1132,767,118
1226,172038,11,1134,770,117
1227,172120,10,1142,782,113
1228,172223,34,1143,786,110
1229,172353,20,1157,800,110
1230,172489,27,1161,804,110
1231,172588,11,1163,808,108
1232,172676,11,1165,810,108
1233,172745,13,1169,814,108
1234,172817,11,1170,815,108
1235,173006,65,1173,803,125
1236,173141,11,1175,799,131
1237,173219,10,1175,778,154
1238,173297,11,1178,773,165
1239,173377,14,1192,772,182
1240,173453,13,1197,770,189
1241,173773,26,1210,756,217
1242,173902,26,1211,737,237
1243,174033,12,1212,716,262
1244,174218,26,1225,722,267
1245,174281,13,1228,725,267
1246,174359,13,1242,733,270
1247,174426,10,1246,727,282
1248,174510,15,1247,718,292
1249,174578,13,1249,713,296
1250,174653,12,1252,693,319
1251,174728,14,1256,689,327
1252,174800,11,1268,693,335
1253,174877,13,1267,686,342
1254,174958,12,1278,696,341
1255,175068,21,1288,702,342
1256,175201,29,1288,693,349
1257,175491,40,1296,673,376
1258,175572,12,1310,673,390
1259,175639,11,1310,664,402
1260,175707,14,1315,654,413
1261,175776,12,1316,632,442
1262,175848,11,1320,638,440
1263,175929,12,1321,622,460
1264,176009,13,1321,623,458
1265,176244,77,858,618,3
1266,176305,8,869,625,6
1267,176377,9,872,624,9
1268,176518,20,888,630,17
1269,176660,23,898,623,35
1270,176796,18,906,611,48
1271,176897,11,911,610,64
1272,176952,11,915,614,64
1273,177038,10,924,621,64
1274,177115,12,929,625,64
1275,177465,294,941,636,65
1276,177655,21,948,635,75
1277,177725,10,949,636,75
1278,177798,10,951,638,75
1279,177901,19,951,629,85
1280,178023,20,966,644,85
1281,178164,17,966,617,119
1282,178239,12,966,610,128
1283,178331,14,969,611,129
1284,178421,11,971,612,129
1285,178502,13,974,610,135
1286,178581,11,978,606,147
1287,178751,52,980,601,153
1288,178873,14,981,590,171
1289,178965,13,991,600,170
1290,179152,12,989,593,174
1291,179294,28,993,572,195
1292,179437,30,994,562,209
1293,179560,11,995,549,228
1294,179632,10,995,549,228
1295,179713,11,994,550,226
1296,179917,21,1000,524,261
1297,179991,11,1004,524,268
1298,180063,9,1012,528,277
1299,180142,11,1014,524,286
1300,180206,10,1015,520,287
1301,180269,10,1017,515,296
1302,180349,9,1022,521,295
1303,180431,20,1022,514,304
1304,180521,12,1025,517,303
1305,180651,20,1033,523,305
1306,180816,25,1036,526,305
1307,181057,18,1044,522,324
1308,181171,16,1045,523,324
1309,181296,19,1044,523,323
1310,181424,23,1044,521,325
1311,181550,25,1059,531,330
1312,181665,21,1059,526,337
1313,181799,26,1064,526,339
1314,182657,36,1075,473,410
1315,183042,24,1079,468,418
1316,183126,13,1081,461,428
1317,183195,11,1089,462,435
1318,183267,11,1097,470,435
1319,183336,11,1099,468,441
1320,183404,11,1099,460,449
1321,183477,12,1109,471,448
1322,183550,11,1116,477,449
1323,183623,11,1114,477,447
1324,183699,12,1115,476,445
1325,183762,11,1128,489,445
1326,183831,12,1132,493,444
1327,183903,11,1135,495,445
1328,183962,10,1156,511,451
1329,184045,11,1161,513,454
1330,184178,24,1165,517,454
1331,184314,25,1177,522,459
1332,184464,34,1180,522,462
1333,184548,11,1187,524,465
1334,184630,14,1188,524,466
1335,184705,12,1193,519,469
1336,184770,11,1196,521,466
1337,184842,12,1210,531,469
1338,184907,12,1211,531,471
1339,184978,11,1212,532,471
1340,185055,11,1212,532,471
1341,185122,13,1220,540,471
1342,185195,12,1226,547,470
1343,185265,12,1225,550,458
1344,185339,11,1225,552,455
1345,185402,12,1218,552,448
1346,185471,12,1221,554,450
1347,185612,27,1224,556,451
1348,185750,26,1229,556,456
1349,185863,22,1230,556,457
1350,185961,12,1230,554,456
1351,186416,12,1229,536,478
1352,186506,13,1235,539,476
1353,186600,13,1236,540,476
1354,186684,14,1239,542,477
1355,186757,12,1241,543,478
1356,186865,13,1237,539,481
1357,186995,29,1236,539,480
1358,187130,34,1240,541,479
1359,187238,14,1241,540,481
1360,187320,16,1244,543,480
1361,187406,18,1254,552,481
1362,187489,14,1253,551,481
1363,187572,11,1252,549,480
1364,187644,12,1262,559,480
1365,187716,14,1274,570,480
1366,187804,14,1276,570,482
1367,187885,12,1279,561,492
1368,187959,13,1284,566,492
1369,188034,12,1298,578,495
1370,188123,17,1318,592,495
1371,188187,14,1320,592,498
1372,188326,32,1324,592,502
1373,188464,31,1328,593,506
1374,188591,30,1328,594,503
1375,188683,13,1326,592,504
1376,188754,12,1326,590,506
1377,188835,18,1327,591,504
1378,188901,13,1331,596,503
1379,188967,12,1331,596,503
1380,189040,13,1324,596,496
1381,189102,13,1327,598,496
1382,189175,13,1328,601,494
1383,189239,16,1337,609,495
1384,189307,13,1344,615,496
1385,189370,12,1360,631,491
1386,189449,17,1354,630,488
1387,189882,373,1362,630,498
1388,190025,31,1371,637,500
1389,190156,35,1378,643,500
1390,190266,14,1380,645,500
1391,190333,14,1381,643,506
1392,190406,13,1377,635,511
1393,190484,18,1380,635,515
1394,190560,17,1386,638,517
1395,190626,12,1390,638,524
1396,190702,14,1391,639,524
1397,190770,13,1401,643,529
1398,190895,26,1402,638,534
1399,191027,30,1404,638,534
1400,191154,27,1415,638,539
1401,191314,42,1415,637,539
1402,191508,49,1416,628,546
1403,191702,48,1412,626,536
1404,191843,29,1411,618,542
1405,191977,24,1413,612,550
1406,192164,39,1416,613,546
1407,192552,86,867,606,9
1408,192620,11,868,606,10
1409,192694,9,875,613,10
1410,192820,24,883,616,17
1411,192955,18,890,616,22
1412,193053,9,901,627,22
1413,193114,9,911,637,22
1414,193178,10,915,640,22
1415,193252,10,934,658,22
1416,193316,11,946,667,22
1417,193374,10,953,674,22
1418,193439,9,960,680,22
1419,193507,10,985,700,22
1420,193585,9,986,697,25
1421,196236,17,995,619,115
1422,196360,16,999,623,115
1423,196470,9,1005,625,117
1424,196529,8,1014,634,117
1425,196599,8,1014,634,117
1426,196693,18,1028,646,120
1427,196781,10,1029,643,127
1428,196849,11,1037,647,131
1429,196905,9,1045,652,133
1430,196970,9,1063,665,132
1431,197077,10,1061,664,131
1432,197155,9,1064,667,130
1433,197219,10,1068,670,130
1434,197298,10,1067,670,129
1435,197359,10,1072,675,129
1436,197444,11,1073,677,128
1437,197636,30,1078,682,128
1438,197808,29,1087,691,128
1439,197998,34,1093,697,127
1440,198131,20,1099,702,127
1441,198257,20,1101,704,127
1442,198357,19,1103,706,125
1443,198464,24,1112,715,125
1444,198548,9,1118,721,125
1445,198614,10,1114,722,120
1446,198686,10,1114,722,120
1447,198748,11,1118,726,120
1448,198816,10,1122,732,118
1449,198884,11,1137,748,117
1450,198944,10,1141,752,117
1451,199018,14,1142,753,117
1452,199137,26,1155,765,117
1453,199256,24,1163,773,117
1454,199368,19,1174,783,117
1455,199502,11,1175,784,117
1456,199582,12,1180,789,117
1457,199635,10,1185,793,117
1458,199904,12,1190,795,119
1459,199977,12,1194,798,120
1460,200045,12,1194,797,120
1461,200119,12,1196,796,124
1462,200191,11,1197,797,124
1463,200251,11,1197,796,127
1464,200323,12,1197,796,127
1465,200387,11,1189,796,119
1466,200446,11,1190,795,112
1467,200560,18,1200,805,112
1468,200688,24,1201,806,112
1469,200831,33,1201,805,113
1470,201016,26,1216,817,113
1471,201100,10,1216,817,113
1472,201167,11,1220,820,113
1473,201245,12,1228,826,115
1474,201320,11,1233,827,115
1475,201400,12,1242,821,132
1476,201484,12,1245,799,153
1477,201572,13,1250,765,195
1478,201655,12,1253,757,213
1479,201730,11,1261,743,237
1480,201815,14,1267,746,240
1481,201938,27,1267,746,241
1482,202115,46,1266,710,287
1483,202330,39,1269,679,326
1484,202410,15,1269,671,345
1485,202483,12,1268,671,344
1486,202550,12,1273,676,343
1487,202641,13,1278,674,351
1488,202707,11,1276,668,359
1489,202782,11,1278,664,368
1490,202858,12,1279,652,381
1491,202923,12,1285,658,381
1492,203003,12,1285,658,381
1493,203077,12,1285,657,382
1494,203508,29,1286,625,424
1495,203643,30,1291,630,424
1496,203751,13,1296,624,435
1497,203823,12,1298,626,435
1498,203891,12,1301,628,437
1499,203963,13,1305,633,436
1500,204045,14,1305,632,438
1501,204109,11,1305,635,434
1502,204173,12,1306,636,433
1503,204233,12,1308,638,433
1504,204305,11,1310,631,442
1505,204380,12,1314,624,456
1506,204501,48,1323,632,458
1507,204665,12,1326,603,500
1508,204777,27,1332,598,515
1509,204929,27,1337,576,551
1510,205062,28,1338,560,574
1511,205129,12,1345,568,573
1512,205195,12,1352,572,576
1513,205270,12,1357,571,583
1514,205336,12,1371,582,586
1515,205398,12,1371,580,587
1516,205474,15,1373,583,585
1517,205542,17,1379,589,585
1518,205651,43,1393,595,597
1519,205732,15,1400,587,614
1520,205804,12,1405,585,623
1521,205872,12,1406,579,630
1522,205940,14,1415,579,639
1523,206019,16,1419,582,640
1524,206143,28,1424,573,651
1525,206277,33,1425,574,651
1526,206403,30,1434,566,676
1527,206471,15,1437,569,676
1528,206956,433,1450,582,676
1529,207036,14,1452,557,717
1530,207118,13,1452,553,719
1531,207199,13,1456,548,728
1532,207272,14,1456,548,728
1533,207342,15,1464,556,728
1534,207453,30,1464,556,728
1535,207608,33,1472,570,722
1536,207709,13,1470,550,743
1537,207871,55,1472,549,747
1538,207958,14,1476,550,753
1539,208052,33,1493,567,752
1540,208979,214,744,543,24
1541,209060,8,752,542,25
1542,209122,8,753,534,34
1543,209185,7,757,534,38
1544,209258,8,757,534,41
1545,209330,8,761,536,41
1546,209440,7,763,538,41
1547,209509,8,771,546,41
1548,209571,8,774,549,41
1549,209645,8,777,552,41
1550,209725,8,779,541,57
1551,209793,9,782,543,58
1552,209869,8,788,543,59
1553,209939,8,792,543,62
1554,210091,24,793,532,75
1555,210249,16,810,538,90
1556,210368,20,814,534,97
1557,210444,8,832,549,99
1558,210526,9,847,557,106
1559,210583,8,861,570,106
1560,210648,9,871,577,108
1561,211143,12,880,580,111
1562,211211,9,881,581,111
1563,211277,9,881,579,120
1564,211360,20,882,579,120
1565,211524,26,886,570,134
1566,211709,30,895,569,145
1567,211842,20,902,574,145
1568,211960,22,902,573,146
1569,212079,13,910,580,146
1570,212272,16,910,580,146
1571,212341,10,929,599,146
1572,212416,10,939,609,146
1573,212489,9,938,609,145
1574,212556,10,937,609,144
1575,212617,9,945,618,141
1576,212676,10,952,625,140
1577,212766,19,954,622,147
1578,212887,20,972,632,153
1579,213034,21,975,633,153
1580,213123,9,979,632,158
1581,213180,11,983,635,159
1582,213371,68,983,623,172
1583,213485,11,985,613,187
1584,213570,15,1006,634,187
1585,213669,12,1009,625,196
1586,213749,11,1011,616,207
1587,213843,16,1021,619,216
1588,213959,16,1024,611,226
1589,214183,32,1024,609,222
1590,214324,29,1026,608,221
1591,214570,14,1023,590,238
1592,214632,11,1026,588,241
1593,214709,10,1026,585,243
1594,214777,10,1046,606,241
1595,214850,14,1048,597,252
1596,214928,13,1055,601,255
1597,214997,11,1053,601,253
1598,215068,11,1061,608,253
1599,215136,11,1067,613,254
1600,215640,32,1074,603,276
1601,215782,26,1074,602,277
1602,215909,19,1078,606,277
1603,215985,12,1082,608,279
1604,216061,12,1082,608,279
1605,216145,13,1094,619,279
1606,216231,12,1101,626,279
1607,216306,13,1111,636,279
1608,216382,13,1111,636,279
1609,216465,12,1112,636,280
1610,216560,23,1115,639,280
1611,216739,13,1125,638,288
1612,216811,14,1123,638,285
1613,216887,12,1136,647,291
1614,217014,28,1146,654,295
1615,217158,28,1143,642,303
1616,217281,13,1148,647,303
1617,217352,13,1149,646,306
1618,217429,11,1156,652,309
1619,217504,11,1160,654,311
1620,217578,11,1160,651,316
1621,217649,12,1160,652,315
1622,217756,47,1169,658,319
1623,217898,11,1177,656,327
1624,217974,13,1181,659,330
1625,218046,12,1181,659,330
1626,218113,11,1183,661,330
1627,218186,11,1178,665,321
1628,218280,30,1189,673,322
1629,218418,28,1191,667,331
1630,218561,30,1191,665,333
1631,218688,15,1194,665,336
1632,218770,13,1198,660,345
1633,218880,36,1200,655,355
1634,219068,15,1201,649,365
1635,219139,13,1200,653,360
1636,219600,398,1207,648,371
1637,219704,26,1232,671,375
1638,219851,31,1231,673,372
1639,219961,14,1232,671,378
1640,220099,71,1233,673,375
1641,220203,13,1236,676,375
1642,220284,12,1234,678,371
1643,220361,12,1241,689,365
1644,220434,12,1242,690,363
1645,220518,16,1251,694,365
1646,220592,14,1253,696,365
1647,220662,15,1252,696,364
1648,220729,13,1256,695,368
1649,220815,11,1259,688,386
1650,220886,12,1260,691,384
1651,220950,21,1269,702,382
1652,221092,33,1270,698,387
1653,221388,48,1277,706,385
1654,221476,13,1285,711,388
1655,221543,12,1287,716,383
1656,221617,14,1292,720,383
1657,221687,16,1303,730,384
1658,221769,14,1304,731,385
1659,221847,15,1310,742,380
1660,221926,14,1332,760,385
1661,222007,17,1336,764,385
1662,222091,14,1337,766,383
1663,222162,12,1341,770,383
1664,222245,15,1354,783,383
1665,222327,14,1355,786,381
1666,222526,55,1352,785,377
1667,222668,35,1354,785,377
1668,222803,31,1354,777,386
1669,222928,35,1358,778,387
1670,222999,13,1360,778,388
1671,223050,14,1360,778,388
1672,223469,15,1370,767,408
1673,223645,13,1372,763,411
1674,223721,15,1372,764,408
1675,223788,14,1378,770,408
1676,223854,13,1385,779,406
1677,223935,23,1385,780,403
1678,224086,49,1386,781,403
1679,224353,59,986,784,0
1680,224420,12,990,788,0
1681,224484,10,993,791,0
1682,224540,12,1006,800,0
1683,224601,12,1014,808,0
1684,224773,12,1020,814,0
1685,224832,11,1027,821,0
1686,224906,12,1031,825,0
1687,224977,10,1033,827,0
1688,225047,11,1036,829,0
1689,225119,11,1045,838,0
1690,225194,11,1056,848,0
1691,225295,21,1066,857,0
1692,225442,25,1071,859,0
1693,225577,19,1072,860,0
1694,225677,14,1073,861,0
1695,225739,13,1082,868,0
1696,225884,13,1094,875,0
1697,225953,12,1094,875,0
1698,226021,11,1098,879,0
1699,226097,11,1104,884,0
1700,226179,10,1114,893,0
1701,226246,12,1119,895,3
1702,226312,12,1119,894,3
1703,226386,12,1127,901,3
1704,226463,12,1127,896,13
1705,226542,13,1128,892,16
1706,226624,11,1129,892,17
1707,229730,23,1134,790,107
1708,229848,26,1140,796,107
1709,230050,38,1144,793,114
1710,230136,10,1155,796,123
1711,230214,12,1161,800,123
1712,230282,12,1176,815,123
1713,230348,12,1182,821,120
1714,230430,11,1190,821,128
1715,230503,11,1198,830,125
1716,230578,12,1204,837,124
1717,230647,11,1205,835,124
1718,230722,13,1206,836,124
1719,230795,13,1208,834,124
1720,230863,10,1209,834,127
1721,230944,13,1217,838,131
1722,231072,39,1219,838,131
1723,231197,23,1225,839,138
1724,231334,25,1235,841,150
1725,231492,31,1237,802,206
1726,231645,20,1234,765,241
1727,231842,15,1234,743,273
1728,231926,13,1242,732,297
1729,231999,12,1255,739,293
1730,232176,76,1261,739,302
1731,232329,12,1273,730,327
1732,232410,13,1283,732,334
1733,232483,11,1285,724,338
1734,232638,32,1294,714,354
1735,232774,23,1301,698,380
1736,232862,11,1306,696,388
1737,232941,12,1313,696,398
1738,233008,12,1314,682,415
1739,233089,13,1321,675,429
1740,233170,11,1331,688,426
1741,233251,18,1337,694,426
1742,233403,14,1341,697,426
1743,233690,14,1339,695,427
1744,233773,14,1346,697,431
1745,233913,36,1350,692,442
1746,234067,34,1351,684,455
1747,234202,20,1358,655,490
1748,234299,15,1360,655,494
1749,234462,74,1360,647,501
1750,234555,15,1360,638,508
1751,234634,13,1364,623,526
1752,234716,15,1362,617,533
1753,234800,16,1366,615,537
1754,234891,15,1373,619,542
1755,234962,14,1374,611,549
1756,235042,14,1375,610,549
1757,235143,26,1380,605,563
1758,235306,36,1385,590,584
1759,235458,34,1384,588,587
1760,235661,17,1386,582,595
1761,235743,18,1382,576,598
1762,235813,13,1398,592,600
1763,235889,13,1395,591,599
1764,235966,14,1411,599,609
1765,236042,14,1424,603,619
1766,236116,15,1426,604,620
1767,236185,15,1426,597,625
1768,236261,14,1425,590,631
1769,236341,16,1426,591,631
1770,236415,13,1421,591,626
1771,236492,13,1429,588,637
1772,236615,35,1429,588,637
1773,236894,36,1435,601,629
1774,237043,34,1434,592,637
1775,237116,14,1436,585,643
1776,237198,13,1434,585,641
1777,237513,14,1436,561,683
1778,237583,13,1429,553,685
1779,237660,13,1427,555,681
1780,237742,13,1429,550,688
1781,237816,13,1439,549,698
1782,237948,16,1442,553,696
1783,238026,14,1442,553,696
1784,238205,49,1449,562,695
1785,238386,50,1450,563,695
1786,238549,26,1443,567,683
1787,238667,21,1453,576,683
1788,238738,14,1469,592,683
1789,238806,13,1467,584,685
1790,238869,14,1476,593,685
1791,239035,69,1483,592,695
1792,239111,14,1483,581,706
1793,239183,14,1486,578,718
1794,239258,15,1489,577,721
1795,239327,14,1487,557,742
1796,239400,15,1490,558,745
1797,239469,15,1490,558,745
1798,239612,39,1488,547,754
1799,239752,36,1499,534,783
1800,239844,13,1512,532,799
1801,239919,14,1519,529,809
1802,239990,14,1520,524,816
1803,240234,60,1523,515,829
1804,240534,16,729,510,35
1805,240617,7,729,497,48
1806,240701,14,738,502,52
1807,240793,7,739,503,52
1808,240933,24,739,503,52
1809,241057,17,746,510,52
1810,241527,8,747,489,84
1811,241598,7,752,490,88
1812,241671,9,761,498,85
1813,241746,8,768,506,84
1814,241804,10,769,506,86
1815,241887,8,774,510,87
1816,241953,8,778,512,87
1817,242029,8,782,504,101
1818,242108,9,785,507,101
1819,242176,9,786,508,101
1820,242254,9,791,505,108
1821,242389,10,788,496,110
1822,242472,9,794,488,125
1823,242638,30,793,484,128
1824,242785,22,798,479,136
1825,242903,14,801,482,136
1826,242988,10,813,490,139
1827,243054,8,824,500,138
1828,243290,17,839,511,142
1829,243406,19,846,516,143
1830,243509,13,863,532,143
1831,243631,15,872,541,143
1832,243742,19,872,536,151
1833,243862,17,879,530,162
1834,244013,31,886,534,164
1835,244181,22,888,536,164
1836,244344,18,887,535,163
1837,244464,16,889,537,163
1838,244584,19,891,537,165
1839,244699,19,897,533,178
1840,244852,9,895,520,196
1841,244924,9,903,527,196
1842,244995,10,903,525,199
1843,245100,10,905,527,199
1844,245165,10,909,530,198
1845,245262,10,924,545,193
1846,245466,28,930,552,191
1847,245792,33,931,548,196
1848,245955,17,936,541,198
1849,246039,10,938,542,199
1850,246422,10,941,527,219
1851,246497,10,941,526,220
1852,246559,10,946,524,226
1853,246637,11,952,530,226
1854,246717,11,952,529,229
1855,246789,10,954,527,233
1856,246859,14,957,528,233
1857,247004,26,963,522,247
1858,247141,26,959,521,246
1859,247225,11,960,522,245
1860,247298,10,963,526,244
1861,247360,10,969,535,240
1862,247427,10,970,534,242
1863,247498,11,972,530,250
1864,247563,10,973,517,265
1865,247631,10,978,517,269
1866,247707,11,978,514,274
1867,247768,9,987,523,273
1868,247834,10,993,529,271
1869,247907,13,1001,535,272
1870,247984,10,998,535,269
1871,248055,9,1005,542,269
1872,248129,10,1006,542,269
1873,248241,25,1013,549,269
1874,248344,22,1019,555,269
1875,248471,24,1024,556,276
1876,248571,10,1029,557,281
1877,248642,12,1033,559,281
1878,248713,11,1032,557,283
1879,248772,11,1037,556,285
1880,248856,12,1039,555,285
1881,248926,10,1039,555,285
1882,249003,10,1045,562,283
1883,249076,11,1047,561,286
1884,249155,12,1047,558,291
1885,249222,13,1052,561,288
1886,249287,11,1063,572,287
1887,249370,11,1062,574,284
1888,249761,330,1065,577,284
1889,249944,34,1063,572,285
1890,250121,34,1072,582,283
1891,250282,19,1069,578,284
1892,250393,21,1071,582,282
1893,250515,20,1078,583,287
1894,250626,20,1077,583,286
1895,250750,24,1083,589,286
1896,250858,14,1087,586,293
1897,250942,10,1089,585,293
1898,251005,11,1088,585,292
1899,251075,11,1099,595,292
1900,251146,12,1100,596,292
1901,251212,10,1094,597,285
1902,251348,30,1098,600,285
1903,251528,36,1115,614,287
1904,251701,39,1117,614,290
1905,251813,17,1117,608,296
1906,251943,18,1114,604,302
1907,252071,18,1113,608,294
1908,252188,23,1117,609,297
1909,252303,24,1119,608,301
1910,252425,21,1114,604,302
1911,252539,22,1121,612,299
1912,252649,11,1121,615,300
1913,252735,26,1119,617,296
1914,252862,25,1122,621,295
1915,252988,19,1127,626,293
1916,253065,15,1129,629,292
1917,253122,11,1137,637,292
1918,253197,11,1139,642,289
1919,253269,12,1146,650,285
1920,253336,11,1143,650,282
1921,253409,13,1157,661,280
1922,253477,15,1157,661,280
1923,253549,12,1159,662,279
1924,253625,11,1161,663,278
1925,253694,12,1163,667,276
1926,256528,37,859,627,17
1927,256597,9,868,619,24
1928,256662,7,874,620,27
1929,256730,8,878,624,27
1930,256802,10,890,636,27
1931,256886,19,901,644,27
1932,256952,9,904,647,27
1933,257027,9,906,649,27
1934,257101,10,910,652,23
1935,257172,9,910,652,23
1936,257252,8,919,660,23
1937,257319,9,925,664,21
1938,257374,9,928,667,21
1939,257439,10,928,667,21
1940,257550,17,934,676,18
1941,257690,24,938,680,18
1942,257814,24,938,680,18
1943,257912,10,941,683,18
1944,257974,9,943,685,18
1945,258040,9,953,695,18
1946,258130,18,953,695,18
1947,258219,9,963,705,18
1948,258283,9,964,706,18
1949,258345,9,968,710,18
1950,258414,9,968,710,18
1951,258481,10,974,715,18
1952,258546,9,974,715,18
1953,258606,10,975,716,18
1954,258671,10,986,727,18
1955,258743,9,995,731,18
1956,258803,10,1001,737,18
1957,258869,10,1007,742,18
1958,258998,22,1010,745,18
1959,259126,18,1013,748,18
1960,259251,19,1016,751,17
1961,259359,10,1033,768,17
1962,259647,10,1039,774,16
1963,259715,11,1043,778,16
1964,259773,10,1051,786,16
1965,259843,11,1068,801,16
1966,259903,10,1077,805,24
1967,259968,9,1077,805,24
1968,260039,10,1079,807,24
1969,260119,11,1084,808,25
1970,260196,11,1085,801,35
1971,260269,10,1085,799,36
1972,260357,34,1098,809,38
1973,260487,32,1099,807,40
1974,260611,21,1099,805,42
1975,260734,10,1099,803,43
1976,260808,10,1100,800,47
1977,260929,29,1101,798,50
1978,261039,17,1106,801,49
1979,261115,10,1108,800,55
1980,261181,11,1114,801,55
1981,261250,9,1114,801,55
1982,261318,14,1118,797,61
1983,261393,10,1129,799,70
1984,261478,14,1130,787,78
1985,261558,10,1133,780,84
1986,261635,10,1133,772,93
1987,261726,16,1134,769,102
1988,261851,14,1138,753,130
1989,262001,25,1139,732,156
1990,262270,49,1140,709,185
1991,262371,11,1140,696,203
1992,262445,13,1148,693,213
1993,262582,11,1149,674,233
1994,262656,11,1149,674,233
1995,262736,11,1153,670,241
1996,262808,11,1162,663,258
1997,262892,11,1165,651,273
1998,262972,11,1165,628,299
1999,263358,24,1166,598,333
2000,263494,22,1173,592,347
2001,263594,11,1180,599,347
2002,263667,12,1185,593,366
2003,263733,11,1189,597,367
2004,263805,11,1193,592,377
2005,263874,11,1207,584,395
2006,263958,17,1211,589,394
2007,264026,12,1229,597,404
2008,264099,12,1239,606,404
2009,264165,13,1249,604,417
2010,264236,12,1251,605,418
2011,264381,61,1252,600,422
2012,264477,13,1258,602,423
2013,264588,33,1264,595,439
2014,264731,25,1281,594,458
2015,264855,28,1295,594,471
2016,264937,12,1304,597,480
2017,265009,12,1304,596,480
2018,265090,17,1322,613,482
2019,265158,13,1332,623,482
2020,265236,13,1333,623,486
2021,265323,13,1338,628,483
2022,265401,13,1343,632,482
2023,265621,14,1345,631,487
2024,265690,17,1359,637,497
2025,265767,12,1360,636,499
2026,265849,12,1360,629,508
2027,265957,32,1369,628,517
2028,266108,34,1383,627,533
2029,266223,32,1384,623,537
2030,266300,13,1381,621,534
2031,266373,14,1382,613,546
2032,266455,12,1390,611,554
2033,266947,434,1394,607,563
2034,267020,14,1399,603,571
2035,267104,16,1406,606,573
2036,267184,14,1408,599,582
2037,267303,31,1419,604,586
2038,267438,29,1420,605,586
2039,267534,14,1426,605,594
2040,267598,16,1426,598,602
2041,267679,23,1449,601,621
2042,267821,14,1456,597,635
2043,267892,15,1459,599,636
2044,267965,16,1459,598,637
2045,268039,13,1464,599,637
2046,268151,16,1464,599,637
2047,268233,15,1465,600,637
2048,268312,15,1466,596,642
2049,268386,13,1476,606,639
2050,268463,15,1476,600,647
2051,268593,30,1476,598,649
2052,268740,37,1478,600,649
2053,268963,22,1479,590,664
2054,269041,14,1479,590,664
2055,269116,13,1489,599,664
2056,269182,14,1495,596,674
2057,269252,14,1500,598,678
2058,269341,24,1505,594,687
2059,269445,16,1506,592,692
2060,269525,18,1506,592,692
2061,269601,16,1513,599,690
2062,269683,16,1505,587,694
2063,269766,16,1508,591,693
2064,269872,18,1509,582,701
2065,270093,36,1522,591,707
2066,270247,39,1518,591,703
2067,270699,16,1519,570,730
2068,270783,16,1519,570,730
2069,270851,17,1522,569,733
2070,270922,16,1522,569,734
2071,271007,19,1519,567,733
2072,271212,16,1519,564,735
2073,271290,17,1520,565,735
2074,271378,16,1525,570,735
2075,271455,18,1529,575,732
2076,271534,15,1530,575,731
2077,271620,17,1539,576,741
2078,271757,38,1540,569,752
2079,271905,41,1538,562,757
2080,272064,54,1541,555,766
2081,273533,177,795,499,86
2082,273648,12,805,505,89
2083,273792,25,811,510,92
2084,273924,25,827,525,91
2085,274047,24,826,525,90
2086,274147,9,830,522,90
2087,274234,13,834,523,92
2088,274534,30,839,507,107
2089,274725,22,846,511,111
2090,274868,18,853,516,115
2091,274983,12,855,517,117
2092,275119,17,855,506,131
2093,275246,15,879,518,141
2094,275390,23,882,520,142
2095,275561,30,891,521,162
2096,275687,21,908,536,164
2097,276249,29,911,536,167
2098,276428,20,917,533,167
2099,276599,63,918,526,175
2100,276718,16,932,534,178
2101,276834,12,939,535,182
2102,276899,11,939,535,182
2103,276991,9,938,536,180
2104,277076,10,938,536,180
2105,277150,12,951,550,179
2106,277234,13,957,553,182
2107,277316,11,955,551,184
2108,277400,13,959,552,185
2109,277553,22,961,546,196
2110,277773,20,958,532,207
2111,277898,9,961,522,218
2112,277968,10,966,526,218
2113,278047,14,970,526,219
2114,278118,10,977,533,217
2115,278188,11,983,537,222
2116,278269,10,987,542,221
2117,278334,10,997,551,221
2118,278406,12,997,552,219
2119,278484,11,1001,552,220
2120,278541,11,1003,553,221
2121,278616,11,1003,553,221
2122,278692,13,1004,554,221
2123,278855,12,1007,552,227
2124,278993,24,1006,550,228
2125,279129,22,1011,545,239
2126,279264,27,1019,552,239
2127,279369,11,1030,559,245
2128,279442,10,1033,558,252
2129,279519,12,1034,559,252
2130,279582,12,1037,563,251
2131,279650,12,1037,563,251
2132,279731,11,1039,565,251
2133,279817,20,1038,565,250
2134,280009,11,1043,569,253
2135,282637,18,1049,505,329
2136,282751,16,1049,504,334
2137,282848,12,1052,504,339
2138,282915,11,1053,507,337
2139,283059,43,1063,516,336
2140,283129,11,1062,515,337
2141,283204,14,1064,519,334
2142,283260,11,1065,512,339
2143,283337,10,1067,508,343
2144,283414,10,1069,510,343
2145,283486,9,1069,506,346
2146,283566,10,1078,512,352
2147,283632,9,1088,521,353
2148,283707,10,1088,522,352
2149,283774,10,1102,534,351
2150,283860,21,1115,551,345
2151,283987,24,1113,552,342
2152,284226,45,1112,553,339
2153,284333,12,1122,564,336
2154,284400,11,1124,566,335
2155,284472,12,1129,572,332
2156,284540,12,1134,575,331
2157,284607,10,1139,583,328
2158,284680,12,1141,589,324
2159,284753,11,1145,592,323
2160,284829,11,1156,603,322
2161,284891,10,1156,604,321
2162,284959,14,1168,617,320
2163,285031,11,1173,622,320
2164,285108,14,1179,628,320
2165,285194,11,1176,629,316
2166,285313,13,1182,631,316
2167,285448,27,1177,632,310
2168,285580,27,1177,632,310
2169,285711,26,1183,641,307
2170,285804,11,1183,642,306
2171,286061,200,1189,647,306
2172,286136,12,1190,648,306
2173,286211,13,1200,657,305
2174,286298,36,1203,661,304
2175,286448,12,1210,669,303
2176,286522,12,1215,675,302
2177,286593,12,1216,674,304
2178,286668,12,1220,679,303
2179,286739,12,1222,670,305
2180,286847,26,1244,692,303
2181,286969,28,1254,699,301
2182,287111,28,1258,697,307
2183,287183,15,1268,704,310
2184,287244,12,1268,694,319
2185,287309,13,1287,710,316
2186,287375,13,1289,712,316
2187,287565,33,1286,711,313
2188,287638,13,1287,711,316
2189,287710,12,1290,715,313
2190,287779,13,1297,719,314
2191,287870,12,1303,725,312
2192,287941,14,1300,724,310
2193,288003,12,1300,718,315
2194,288315,151,986,703,16
2195,288453,23,997,709,21
2196,288595,44,998,704,22
2197,288740,10,1003,706,25
2198,288804,10,1005,707,25
2199,288877,11,1010,711,25
2200,288948,15,1016,716,25
2201,289015,13,1019,714,30
2202,289083,12,1020,711,38
2203,289156,13,1023,713,39
2204,289218,9,1033,723,39
2205,289281,10,1049,738,39
2206,289718,54,1056,744,40
2207,289852,22,1060,738,46
2208,289989,19,1062,736,48
2209,290062,11,1067,734,48
2210,290133,11,1068,734,50
2211,290206,10,1068,733,50
2212,290277,12,1087,745,54
2213,290354,11,1095,749,57
2214,290434,11,1111,765,57
2215,290504,10,1111,763,59
2216,290565,11,1113,765,59
2217,290624,12,1125,779,57
2218,290688,12,1134,784,61
2219,290817,12,1136,780,66
2220,290884,11,1148,786,64
2221,290953,11,1147,788,61
2222,291092,22,1149,778,72
2223,291224,28,1155,780,72
2224,291347,25,1164,775,87
2225,291435,12,1174,758,116
2226,291498,10,1169,729,139
2227,291579,11,1167,714,156
2228,291659,11,1169,687,190
2229,291740,12,1170,667,215
2230,291917,65,1178,646,253
2231,292035,11,1196,663,253
2232,292105,12,1207,673,253
2233,292177,12,1216,676,262
2234,292252,15,1218,677,262
2235,292327,12,1220,664,278
2236,292441,22,1228,665,291
2237,292575,26,1238,652,314
2238,292713,22,1237,628,355
2239,292778,11,1239,621,367
2240,292862,12,1246,613,388
2241,292934,13,1248,594,415
2242,293495,13,1251,571,448
2243,293570,12,1257,561,468
2244,293657,14,1256,548,487
2245,293761,30,1269,561,487
2246,293913,28,1271,540,522
2247,294002,12,1278,545,528
2248,294072,15,1282,535,552
2249,294145,12,1295,539,564
2250,294220,15,1295,541,564
2251,294298,12,1296,540,564
2252,294372,12,1293,541,560
2253,294451,13,1293,541,560
2254,294527,13,1307,549,565
2255,294599,12,1312,546,583
2256,294673,13,1313,542,591
2257,294748,13,1318,539,599
2258,294820,14,1318,538,602
2259,294889,12,1325,538,607
2260,294991,29,1342,553,607
2261,295114,25,1348,551,619
2262,295404,31,1357,543,642
2263,295480,13,1364,541,652
2264,295559,14,1364,534,657
2265,295636,18,1364,533,656
2266,295710,15,1368,538,654
2267,295786,13,1366,525,668
2268,295859,13,1363,524,667
2269,295940,15,1361,522,667
2270,296013,13,1361,521,668
2271,296080,14,1364,515,677
2272,296147,13,1362,519,669
2273,296222,13,1363,520,669
2274,296295,13,1382,537,667
2275,296403,44,1387,542,666
2276,296881,330,1388,543,667
2277,297013,24,1388,538,665
2278,297111,14,1395,537,675
2279,297190,14,1404,545,665
2280,297274,14,1408,541,674
2281,297356,16,1408,541,674
2282,297426,13,1420,551,674
2283,297601,13,1421,546,676
2284,297673,15,1424,548,677
2285,297765,18,1426,550,677
2286,297837,14,1433,549,682
2287,297915,13,1442,557,683
2288,297992,13,1443,562,681
2289,298067,14,1445,564,683
2290,298217,30,1454,573,683
2291,298457,43,1459,564,707
2292,298876,14,1468,554,727
2293,298953,15,1473,559,726
2294,299029,17,1475,557,730
2295,299108,15,1477,555,732
2296,299195,14,1478,544,741
2297,299264,14,1479,544,741
2298,299341,15,1485,549,743
2299,299409,14,1496,560,743
2300,299488,14,1500,565,741
2301,299600,42,1499,550,754
2302,299738,39,1507,553,759
2303,299987,86,1508,547,766
2304,300085,16,1514,551,770
