tick,timestamp,query_runtime,trav_index_nodes,trav_vol_nodes,trav_unprod_nodes
0,514,2,5,5,0
1,837,1,15,15,0
2,1084,2,22,22,0
3,1354,1,29,29,0
4,1579,2,34,34,0
5,1857,3,53,53,0
6,2049,1,60,60,0
7,2228,1,74,74,0
8,2417,2,80,80,0
9,2603,2,86,86,0
10,2794,2,97,97,0
11,2961,2,115,115,0
12,3135,4,145,145,0
13,3300,2,154,154,0
14,3485,3,159,159,0
15,3659,2,162,162,0
16,3830,3,174,174,0
17,3979,3,190,190,0
18,4126,4,205,205,0
19,4290,2,208,208,0
20,4475,2,225,225,0
21,4633,3,228,228,0
22,4828,2,234,234,0
23,4980,2,240,240,0
24,5141,5,245,245,0
25,5271,3,276,276,0
26,5390,4,288,288,0
27,5517,2,291,291,0
28,5680,3,306,306,0
29,5830,5,324,324,0
30,5944,3,329,329,0
31,6076,2,340,340,0
32,6222,7,348,348,0
33,6323,2,356,356,0
34,6420,6,378,378,0
35,6537,4,383,383,0
36,6677,4,390,390,0
37,6826,4,399,399,0
38,6966,4,410,410,0
39,7087,3,419,419,0
40,7183,4,420,420,0
41,7286,4,426,426,0
42,7406,7,456,456,0
43,7590,5,465,465,0
44,7747,4,470,470,0
45,7860,3,473,473,0
46,7948,3,476,476,0
47,8077,4,479,479,0
48,8180,4,484,484,0
49,8300,4,484,484,0
50,8412,6,499,499,0
51,8513,4,503,503,0
52,8633,4,516,516,0
53,8749,8,525,525,0
54,8857,3,531,531,0
55,8968,4,535,535,0
56,9058,3,545,545,0
57,9148,4,550,550,0
58,9295,5,559,559,0
59,9410,3,566,566,0
60,9522,3,591,591,0
61,9617,5,597,597,0
62,9722,4,613,613,0
63,9791,4,637,637,0
64,9913,4,644,644,0
65,10011,4,648,648,0
66,10115,5,653,653,0
67,10208,4,669,669,0
68,10305,7,675,675,0
69,10419,4,682,682,0
70,10517,7,687,687,0
71,10630,5,693,693,0
72,10735,8,698,698,0
73,10842,9,706,706,0
74,10998,6,720,720,0
75,11109,7,725,725,0
76,11218,11,741,741,0
77,11337,7,754,754,0
78,11878,452,760,760,0
79,11966,6,764,764,0
80,12052,5,769,769,0
81,12152,5,774,774,0
82,12237,5,794,794,0
83,12349,6,798,798,0
84,12433,5,799,799,0
85,12522,5,809,809,0
86,12601,5,813,813,0
87,12695,5,826,826,0
88,12778,5,831,831,0
89,12890,5,832,832,0
90,12975,13,834,834,0
91,13077,6,838,838,0
92,13182,5,841,841,0
93,13286,6,866,866,0
94,13385,6,889,889,0
95,13505,6,895,895,0
96,13612,8,911,911,0
97,13719,7,916,916,0
98,13818,6,921,921,0
99,13961,64,934,934,0
100,14056,6,956,956,0
101,14164,5,958,958,0
102,14262,6,965,965,0
103,14356,6,978,978,0
104,14468,6,980,980,0
105,14567,8,994,994,0
106,14685,7,1001,1001,0
107,14807,7,1018,1018,0
108,14907,7,1031,1031,0
109,15027,7,1037,1037,0
110,15100,7,1052,1052,0
111,15206,10,1065,1065,0
112,15286,7,1078,1078,0
113,15403,10,1089,1089,0
114,15524,7,1095,1095,0
115,15639,7,1100,1100,0
116,15791,12,1102,1102,0
117,15890,9,1113,1113,0
118,15989,9,1118,1118,0
119,16076,7,1138,1138,0
120,16148,7,1142,1142,0
121,16219,8,1155,1155,0
122,16301,9,1158,1158,0
123,16383,8,1162,1162,0
124,16484,8,1162,1162,0
125,16596,9,1166,1166,0
126,16750,6,1173,1173,0
127,16826,7,1183,1183,0
128,16920,9,1188,1188,0
129,17003,11,1192,1192,0
130,17099,8,1199,1199,0
131,17193,8,1206,1206,0
132,17287,10,1222,1222,0
133,17383,8,1225,1225,0
134,17468,8,1252,1252,0
135,17567,10,1254,1254,0
136,17669,9,1258,1258,0
137,17771,8,1272,1272,0
138,17863,8,1274,1274,0
139,17937,10,1275,1275,0
140,18042,8,1280,1280,0
141,18132,9,1280,1280,0
142,18233,9,1283,1283,0
143,18336,11,1288,1288,0
144,18432,11,1300,1300,0
145,18532,10,1302,1302,0
146,18640,9,1312,1312,0
147,18763,10,1316,1316,0
148,18868,10,1320,1320,0
149,18953,8,1329,1329,0
150,19048,10,1346,1346,0
151,19143,10,1369,1369,0
152,19236,10,1385,1385,0
153,19359,18,1392,1392,0
154,20330,17,1396,1396,0
155,20453,11,1401,1401,0
156,20630,16,1405,1405,0
157,20757,12,1406,1406,0
158,20866,9,1411,1411,0
159,20951,10,1414,1414,0
160,21053,10,1428,1428,0
161,21147,9,1431,1431,0
162,21249,9,1434,1434,0
163,21347,10,1444,1444,0
164,21445,11,1445,1445,0
165,21552,10,1449,1449,0
166,21638,10,1458,1458,0
167,21734,8,1466,1466,0
168,21833,10,1471,1471,0
169,21905,10,1476,1476,0
170,21989,9,1488,1488,0
171,22077,12,1489,1489,0
172,22182,10,1499,1499,0
173,22289,10,1500,1500,0
174,22384,11,1509,1509,0
175,22494,11,1510,1510,0
176,22599,12,1514,1514,0
177,22700,14,1521,1521,0
178,22810,13,1527,1527,0
179,22907,11,1533,1533,0
180,23005,11,1538,1538,0
181,23100,12,1540,1540,0
182,23222,12,1549,1549,0
183,23352,11,1552,1552,0
184,23443,14,1553,1553,0
185,23529,16,1570,1570,0
186,23615,11,1580,1580,0
187,23723,12,1585,1585,0
188,23818,12,1591,1591,0
189,23897,10,1596,1596,0
190,23985,13,1610,1610,0
191,24078,11,1615,1615,0
192,24176,14,1622,1622,0
193,24284,12,1629,1629,0
194,24371,10,1629,1629,0
195,24469,11,1634,1634,0
196,24577,14,1637,1637,0
197,24675,10,1650,1650,0
198,24770,12,1662,1662,0
199,24877,9,1675,1675,0
200,24974,13,1675,1675,0
201,25074,11,1683,1683,0
202,25152,11,1700,1700,0
203,25266,13,1708,1708,0
204,25360,11,1714,1714,0
205,25453,15,1716,1716,0
206,25555,12,1734,1734,0
207,25643,13,1739,1739,0
208,25747,14,1751,1751,0
209,25851,12,1760,1760,0
210,25941,11,1771,1771,0
211,26031,12,1781,1781,0
212,26112,13,1784,1784,0
213,26302,9,1791,1791,0
214,26387,11,1796,1796,0
215,26497,13,1798,1798,0
216,26594,16,1803,1803,0
217,26732,12,1811,1811,0
218,26829,12,1833,1833,0
219,26933,12,1838,1838,0
220,27021,15,1847,1847,0
221,27113,13,1854,1854,0
222,27202,13,1867,1867,0
223,27292,13,1869,1869,0
224,27384,13,1878,1878,0
225,27489,19,1894,1894,0
226,27613,14,1896,1896,0
227,27759,17,1900,1900,0
228,27896,15,1908,1908,0
229,27982,19,1910,1910,0
230,28067,13,1916,1916,0
231,28140,14,1918,1918,0
232,28243,14,1920,1920,0
233,28320,15,1936,1936,0
234,28396,14,1954,1954,0
235,28499,17,1967,1967,0
236,28585,14,1986,1986,0
237,28682,19,1999,1999,0
238,28794,19,2004,2004,0
239,28913,14,2012,2012,0
240,29041,14,2014,2014,0
241,29133,15,2024,2024,0
242,29243,27,2046,2046,0
243,29426,14,2048,2048,0
244,29530,16,2059,2059,0
245,29619,15,2072,2072,0
246,29718,13,2085,2085,0
247,29836,14,2091,2091,0
248,29923,16,2094,2094,0
249,30027,14,2099,2099,0
250,30151,15,2105,2094,0
251,30316,21,2112,2068,13
252,30448,17,2120,2046,18
253,30668,74,2109,2014,15
254,30799,24,2128,2004,26
255,30966,46,2090,1935,23
256,31067,15,2095,1914,37
257,31189,13,2101,1896,45
258,31288,14,2074,1892,16
259,31393,14,2088,1878,32
260,31501,14,2102,1869,52
261,31652,45,2053,1823,34
262,31780,15,2062,1796,63
263,31942,46,1990,1781,1
264,32056,14,2009,1759,26
265,32154,14,2016,1749,32
266,32282,31,1987,1727,15
267,32369,17,2006,1725,28
268,32490,16,2010,1704,44
269,32710,27,1967,1686,3
270,32828,19,1986,1670,33
271,32916,13,1996,1662,37
272,33048,38,1965,1633,28
273,33137,13,1967,1627,35
274,33216,13,1976,1600,66
275,33333,21,1911,1578,13
276,33449,15,1922,1568,26
277,33552,14,1935,1556,43
278,33641,13,1949,1547,52
279,33768,19,1903,1509,42
280,33888,24,1909,1499,47
281,34014,20,1858,1488,2
282,34107,13,1869,1479,15
283,34204,13,1877,1474,18
284,34305,13,1895,1457,43
285,34440,40,1860,1449,9
286,34565,17,1869,1431,24
287,34708,18,1872,1418,35
288,34823,14,1844,1399,22
289,34919,13,1859,1404,31
290,35017,14,1871,1391,51
291,35153,44,1832,1382,16
292,35265,13,1837,1365,40
293,35348,12,1840,1352,53
294,35484,43,1792,1351,3
295,35589,14,1794,1332,19
296,37115,19,1812,1085,245
297,37300,13,1572,1087,1
298,37428,12,1580,1092,4
299,37521,16,1571,1083,0
300,37646,15,1587,1085,13
301,37736,12,1608,1095,24
302,37886,26,1580,1086,0
303,37985,12,1590,1073,19
304,38094,13,1595,1066,27
305,38214,11,1600,1065,32
306,38333,12,1585,1052,16
307,38452,12,1591,1044,27
308,38541,10,1612,1053,38
309,38657,16,1590,1030,45
310,38776,15,1605,1041,47
311,38872,15,1622,1051,52
312,38987,19,1576,1034,22
313,39083,12,1587,1025,41
314,39182,11,1591,1026,41
315,39293,24,1557,1033,2
316,39383,11,1562,1022,16
317,39496,17,1573,1009,40
318,39648,40,1527,995,9
319,39755,14,1538,993,19
320,39839,12,1545,986,38
321,39973,16,1522,986,9
322,40065,13,1534,991,18
323,40251,105,1536,978,31
324,40403,38,1463,924,20
325,40514,13,1474,921,30
326,40619,11,1488,929,36
327,40776,45,1465,930,7
328,40889,13,1472,934,10
329,40987,11,1489,935,26
330,41092,19,1467,936,3
331,41177,10,1479,933,15
332,41268,11,1487,927,26
333,41394,31,1463,925,6
334,41490,18,1466,919,12
335,41608,11,1479,929,12
336,41742,25,1483,940,0
337,41844,11,1495,952,0
338,41950,12,1514,966,1
339,42072,24,1526,977,0
340,42156,11,1533,972,8
341,42261,11,1552,971,17
342,42347,14,1562,973,21
343,42462,18,1543,956,18
344,42569,17,1557,967,21
345,42676,12,1565,954,43
346,42810,42,1518,937,16
347,42903,11,1525,936,24
348,43002,12,1533,934,37
349,43131,39,1496,924,10
350,43213,11,1501,925,18
351,43311,11,1516,935,23
352,43395,11,1523,932,28
353,43623,41,1484,915,4
354,43725,11,1499,920,10
355,43844,36,1499,925,4
356,43960,10,1503,924,8
357,44058,10,1512,922,19
358,44177,13,1506,930,1
359,44297,22,1511,928,10
360,44419,15,1520,925,20
361,44550,39,1500,912,11
362,44661,14,1504,908,17
363,44783,19,1523,918,27
364,44924,32,1512,925,11
365,45032,11,1514,922,16
366,45123,12,1522,924,26
367,45247,35,1516,928,6
368,45353,18,1523,927,13
369,45443,13,1534,934,13
370,45595,40,1520,930,2
371,45715,11,1526,925,12
372,45820,11,1535,926,14
373,45922,16,1525,928,3
374,46013,12,1537,932,11
375,46109,11,1540,931,16
376,46197,10,1547,936,15
377,46300,15,1537,935,6
378,46395,11,1548,940,12
379,46496,12,1555,945,12
380,46641,32,1535,937,4
381,46729,13,1543,940,9
382,46930,11,1548,935,14
383,47023,20,1542,940,0
384,47121,12,1559,944,12
385,47212,11,1568,949,15
386,47320,31,1559,953,0
387,47414,16,1560,947,13
388,47511,14,1585,958,25
389,47598,11,1603,972,28
390,47696,19,1581,973,3
391,47790,12,1585,972,10
392,47870,11,1589,971,15
393,47955,13,1612,990,13
394,48053,23,1604,993,2
395,48142,13,1614,1000,7
396,48232,11,1640,1012,24
397,48374,37,1620,1011,0
398,48474,15,1626,1011,7
399,48563,13,1654,1034,13
400,48647,13,1659,1030,27
401,48773,39,1635,1027,6
402,48857,12,1643,1025,9
403,48941,13,1656,1037,9
404,49036,11,1657,1029,16
405,49138,16,1641,1012,10
406,49251,12,1643,1002,24
407,49369,13,1649,996,41
408,49520,48,1619,1002,8
409,49618,12,1621,1004,8
410,49820,21,1615,1006,0
411,49930,11,1629,1017,0
412,50003,10,1637,1025,0
413,50097,13,1647,1031,0
414,50205,11,1655,1039,0
415,50322,11,1660,1044,0
416,50426,10,1662,1041,8
417,50554,18,1664,1043,2
418,50648,12,1678,1054,4
419,50743,13,1682,1048,15
420,50847,28,1667,1046,0
421,50949,11,1679,1054,0
422,51027,13,1684,1048,15
423,51110,13,1697,1059,15
424,51209,17,1689,1060,2
425,51300,11,1703,1062,11
426,51386,15,1715,1068,14
427,51483,15,1719,1067,16
428,51595,33,1707,1066,1
429,51698,12,1713,1065,6
430,51810,14,1714,1063,11
431,51940,12,1712,1060,10
432,52035,13,1721,1055,28
433,52109,12,1724,1047,33
434,52223,33,1702,1062,0
435,52312,14,1721,1068,18
436,52392,12,1734,1077,23
437,52633,160,1742,1072,36
438,52754,38,1713,1068,16
439,52843,12,1715,1067,20
440,52948,18,1713,1079,3
441,53027,13,1718,1078,6
442,53149,12,1728,1079,14
443,53219,12,1740,1085,17
444,53346,40,1744,1101,2
445,53434,13,1751,1105,6
446,53550,15,1764,1109,14
447,53642,18,1750,1110,0
448,53714,14,1762,1114,7
449,53809,12,1769,1114,16
450,53885,13,1773,1112,27
451,53999,32,1747,1109,5
452,54093,14,1757,1117,6
453,54187,12,1780,1134,14
454,54280,18,1796,1145,18
455,54389,16,1788,1147,7
456,54489,14,1791,1148,7
457,54588,18,1797,1148,14
458,54701,22,1798,1160,0
459,54806,13,1800,1155,12
460,54886,18,1811,1165,13
461,54976,13,1817,1168,17
462,55086,32,1806,1168,8
463,55164,13,1817,1174,16
464,55371,17,1814,1178,0
465,55492,13,1817,1171,3
466,55592,16,1838,1187,6
467,55714,26,1833,1184,1
468,55806,16,1840,1188,4
469,55885,12,1847,1190,10
470,55976,15,1849,1188,13
471,56099,36,1833,1182,4
472,56184,12,1840,1180,16
473,56286,14,1851,1190,15
474,56380,12,1852,1186,28
475,56486,35,1845,1206,0
476,56574,14,1861,1217,1
477,56681,16,1867,1215,10
478,56813,35,1862,1213,7
479,56882,15,1872,1217,14
480,56965,14,1880,1220,19
481,57045,14,1882,1219,23
482,57138,35,1850,1209,5
483,57227,14,1860,1215,8
484,57324,13,1872,1222,8
485,57407,16,1880,1224,13
486,57501,19,1870,1223,0
487,57619,14,1880,1225,0
488,57737,15,1893,1232,1
489,57954,17,1897,1226,5
490,58056,18,1902,1229,10
491,58184,28,1911,1237,10
492,58285,13,1922,1248,10
493,58382,14,1933,1258,10
494,58462,13,1933,1256,11
495,58584,29,1928,1258,2
496,58673,15,1931,1254,7
497,58756,20,1944,1263,11
498,58835,11,1959,1274,14
499,58919,20,1946,1271,3
500,59004,14,1969,1292,6
501,59099,15,1976,1295,12
502,59195,15,1980,1292,19
503,59280,15,1981,1311,2
504,59359,14,1988,1315,7
505,59463,17,1997,1318,10
506,59543,15,2009,1327,12
507,59663,21,2003,1327,3
508,59756,16,2011,1328,6
509,59852,14,2019,1330,14
510,59956,34,2009,1331,5
511,60058,15,2019,1315,34
512,61728,1575,2028,1236,155
513,61977,40,1517,958,16
514,62098,10,1504,964,0
515,62211,11,1518,960,26
516,62326,9,1530,934,72
517,62485,37,1470,933,18
518,62607,12,1484,929,35
519,62768,33,1455,932,3
520,62874,10,1474,932,13
521,62969,10,1493,928,35
522,63093,16,1468,931,13
523,63195,10,1474,931,14
524,63304,10,1482,933,16
525,63438,30,1473,929,9
526,63561,11,1485,927,18
527,63670,11,1488,924,22
528,63774,15,1437,905,0
529,63874,10,1444,895,31
530,63965,10,1452,886,43
531,64071,11,1455,888,44
532,64186,34,1429,895,14
533,64340,60,1453,904,22
534,64431,11,1476,921,26
535,64532,16,1458,922,2
536,64638,12,1459,903,29
537,64753,15,1487,919,43
538,64899,34,1446,914,13
539,64991,10,1453,909,22
540,65079,10,1456,901,33
541,65197,30,1430,904,2
542,65274,11,1438,906,10
543,65352,10,1460,918,20
544,65462,11,1462,913,33
545,65598,38,1430,890,34
546,65697,10,1438,893,43
547,65802,16,1445,903,40
548,65909,28,1419,917,0
549,65998,11,1427,925,0
550,66072,10,1432,929,0
551,66165,10,1439,935,0
552,66242,11,1461,957,0
553,66331,10,1478,974,0
554,66444,11,1479,975,0
555,66565,16,1486,982,0
556,66660,10,1489,984,0
557,66745,13,1506,1001,0
558,66846,11,1523,1015,0
559,67027,10,1534,1023,0
560,67116,11,1546,1035,0
561,67202,11,1552,1029,12
562,67307,20,1547,1028,5
563,67408,11,1551,1031,5
564,67514,12,1556,1031,7
565,67630,21,1555,1022,14
566,67725,11,1569,1035,14
567,67843,11,1587,1043,20
568,67980,42,1579,1046,3
569,68070,12,1593,1055,12
570,68147,12,1600,1049,21
571,68241,14,1614,1054,27
572,68366,34,1592,1045,13
573,68458,12,1603,1041,31
574,68556,14,1609,1046,33
575,68679,16,1573,1033,10
576,68775,11,1583,1038,15
577,68858,11,1587,1033,20
578,68970,11,1594,1037,25
579,69104,42,1584,1036,8
580,69210,11,1599,1029,32
581,69305,12,1603,1018,53
582,69439,48,1548,1013,0
583,69652,15,1553,1009,9
584,69774,31,1539,1002,3
585,69880,11,1551,995,18
586,69968,11,1559,998,26
587,70090,32,1538,1002,5
588,70179,11,1541,978,21
589,70285,11,1546,973,29
590,70374,10,1551,961,51
591,70507,43,1505,961,4
592,70606,12,1514,962,9
593,70704,13,1523,959,22
594,70795,18,1504,962,2
595,70880,11,1512,951,24
596,70970,10,1521,939,50
597,71078,14,1532,945,54
598,71191,14,1483,946,8
599,71291,10,1489,943,17
600,71379,13,1501,948,30
601,71548,39,1480,943,11
602,71633,13,1482,940,15
603,71710,10,1490,939,22
604,71819,21,1486,948,7
605,71906,11,1496,948,14
606,71994,12,1512,953,23
607,72073,11,1522,960,24
608,72259,14,1488,949,1
609,72331,10,1518,973,3
610,72411,11,1521,972,5
611,72523,24,1539,990,4
612,72647,11,1544,983,21
613,72767,11,1555,988,26
614,72882,30,1533,985,11
615,72971,11,1535,983,14
616,73059,13,1544,988,17
617,73146,10,1556,994,20
618,73255,32,1541,994,3
619,73358,12,1548,991,10
620,73445,14,1563,1000,12
621,73554,18,1556,1003,0
622,73650,13,1572,1012,7
623,73744,13,1580,1007,21
624,73833,11,1587,1008,27
625,73960,40,1584,1011,19
626,74051,11,1589,1014,20
627,74114,11,1602,1014,43
628,74202,12,1606,1015,45
629,74315,29,1571,1021,4
630,74406,12,1582,1011,29
631,74512,13,1585,1004,33
632,74759,148,1560,1011,5
633,74850,10,1566,1008,15
634,74920,11,1583,1025,15
635,75023,27,1570,1026,4
636,75128,11,1605,1051,12
637,75223,12,1611,1053,14
638,75318,28,1600,1052,8
639,75409,15,1603,1048,11
640,75520,13,1611,1046,20
641,75612,13,1619,1049,23
642,75738,31,1598,1033,14
643,75823,11,1627,1058,14
644,75917,12,1629,1055,24
645,76028,30,1606,1054,0
646,76106,12,1608,1055,0
647,76203,12,1616,1051,16
648,76304,11,1628,1055,24
649,76418,17,1617,1060,9
650,76519,13,1624,1035,49
651,76633,12,1637,1038,57
652,76748,36,1590,1044,7
653,76844,12,1601,1052,7
654,76925,13,1611,1055,12
655,77134,142,1626,1066,12
656,77250,43,1590,1054,0
657,77352,11,1603,1056,8
658,77470,26,1607,1064,2
659,77584,14,1615,1053,16
660,77662,13,1624,1059,16
661,77764,20,1613,1065,0
662,77846,11,1638,1082,4
663,77939,11,1644,1074,14
664,78023,11,1644,1067,23
665,78119,15,1629,1067,5
666,78214,12,1644,1072,15
667,78301,12,1659,1080,20
668,78387,12,1670,1090,20
669,78499,24,1652,1085,7
670,78598,12,1657,1087,11
671,78683,12,1664,1088,19
672,78779,10,1670,1091,21
673,78913,16,1653,1085,12
674,79008,13,1656,1083,16
675,79098,15,1672,1094,17
676,79195,31,1678,1110,5
677,79269,12,1681,1103,14
678,79579,64,1670,1099,0
679,79687,12,1676,1103,2
680,79770,14,1677,1103,4
681,79869,20,1674,1100,2
682,79969,12,1685,1098,6
683,80071,12,1698,1105,11
684,80161,12,1704,1102,24
685,80262,28,1691,1089,26
686,80341,13,1708,1099,30
687,80433,13,1722,1107,37
688,80522,14,1726,1108,45
689,80655,37,1689,1114,6
690,80743,14,1708,1131,11
691,80838,12,1713,1131,15
692,80931,22,1710,1135,3
693,81017,11,1718,1142,4
694,81100,13,1725,1146,6
695,81189,12,1741,1156,17
696,81456,35,1729,1148,13
697,81540,12,1731,1148,16
698,81655,31,1715,1137,11
699,81758,12,1730,1140,15
700,81861,11,1742,1146,29
701,81954,15,1719,1149,0
702,82039,12,1725,1152,0
703,82126,11,1728,1148,6
704,82200,12,1735,1150,12
705,82325,36,1715,1149,0
706,82409,15,1718,1149,1
707,82525,12,1726,1151,6
708,82629,12,1747,1172,6
709,82737,23,1745,1173,5
710,82829,13,1748,1173,8
711,82909,13,1751,1170,10
712,82987,14,1755,1171,10
713,83068,20,1754,1176,4
714,83280,12,1757,1175,6
715,83386,21,1755,1177,0
716,83481,15,1768,1182,4
717,83589,13,1775,1184,9
718,83687,10,1785,1188,12
719,83787,20,1787,1199,0
720,83899,12,1802,1208,5
721,83983,13,1804,1204,16
722,84091,17,1793,1209,3
723,84171,12,1796,1203,17
724,84253,14,1799,1201,20
725,84357,14,1806,1198,27
726,84469,27,1794,1210,6
727,84567,13,1797,1209,11
728,84659,15,1807,1218,11
729,84759,22,1809,1215,8
730,84868,19,1821,1231,5
731,85129,32,1807,1228,0
732,85232,14,1810,1230,1
733,85329,13,1814,1230,4
734,85405,14,1818,1231,7
735,85526,18,1816,1226,8
736,85653,17,1826,1229,16
737,85777,11,1834,1224,26
738,85885,19,1811,1226,0
739,85991,18,1812,1225,7
740,86081,14,1817,1220,17
741,86197,40,1814,1228,0
742,86282,14,1825,1232,8
743,86369,13,1827,1231,11
744,86477,17,1831,1235,11
745,86587,20,1827,1235,9
746,86690,17,1839,1243,11
747,86936,16,1827,1232,5
748,87012,12,1839,1236,11
749,87101,14,1848,1244,11
750,87195,10,1860,1255,11
751,87281,13,1858,1253,11
752,87368,13,1862,1254,16
753,87462,13,1862,1254,16
754,87624,48,1855,1258,2
755,87717,13,1868,1259,6
756,87802,14,1868,1253,9
757,87900,14,1881,1267,6
758,87992,15,1877,1268,0
759,88064,13,1879,1268,0
760,88167,14,1887,1274,0
761,88264,25,1898,1284,2
762,88356,13,1904,1287,2
763,88583,143,1909,1285,5
764,88714,29,1897,1275,5
765,88806,14,1914,1288,7
766,88919,14,1931,1298,13
767,89035,17,1920,1300,0
768,89128,13,1925,1300,5
769,89220,13,1941,1310,7
770,89317,20,1938,1313,1
771,89396,13,1955,1324,2
772,89501,14,1958,1325,7
773,89604,17,1966,1330,9
774,89737,35,1967,1336,1
775,89826,14,1973,1333,9
776,89907,13,1978,1334,11
777,90034,43,1986,1341,9
778,91971,1830,1980,1303,42
779,92108,11,1871,1252,0
780,92204,13,1886,1252,18
781,92303,12,1894,1235,51
782,92415,14,1900,1212,83
783,92596,54,1828,1185,44
784,92710,13,1844,1155,103
785,92882,50,1751,1148,16
786,92983,14,1766,1143,39
787,93082,13,1780,1140,61
788,93221,48,1726,1124,26
789,93320,11,1738,1108,51
790,93424,13,1751,1095,76
791,93625,88,1686,1071,43
792,93727,11,1696,1057,65
793,93824,12,1711,1054,84
794,93935,16,1641,1033,47
795,94045,12,1653,1027,70
796,94144,11,1665,1030,80
797,94273,16,1594,1012,21
798,94374,11,1601,1016,21
799,94492,10,1620,1022,28
800,94598,16,1598,1018,13
801,94692,11,1605,1022,14
802,94806,12,1612,1020,19
803,94901,13,1594,1022,0
804,95002,11,1597,1010,18
805,95109,11,1605,994,46
806,95204,11,1610,981,62
807,95333,30,1561,982,11
808,95480,12,1576,970,42
809,95640,28,1531,962,2
810,95727,12,1540,962,13
811,95823,11,1548,957,33
812,95911,11,1560,942,68
813,96029,32,1506,951,1
814,96101,11,1522,956,15
815,96169,12,1531,956,27
816,96268,12,1538,954,30
817,96378,29,1516,938,29
818,96487,12,1522,933,40
819,96578,12,1527,936,40
820,96724,37,1489,937,3
821,96838,11,1495,929,16
822,96924,11,1503,935,17
823,97034,17,1489,930,6
824,97126,13,1496,927,25
825,97206,14,1509,927,39
826,97373,13,1514,901,79
827,97487,14,1452,894,28
828,97607,10,1460,887,46
829,97753,30,1423,888,7
830,97854,16,1442,881,32
831,97940,10,1459,893,43
832,98034,8,1469,891,55
833,98129,10,1439,890,25
834,98228,11,1455,881,57
835,98308,10,1482,901,61
836,98437,39,1410,887,10
837,98544,11,1416,874,38
838,98636,15,1416,870,41
839,98727,7,1422,871,43
840,98836,14,1398,881,18
841,98933,12,1399,868,36
842,99038,11,1408,866,40
843,99188,32,1383,862,17
844,99366,9,1384,853,34
845,99491,26,1362,862,6
846,99573,9,1380,877,6
847,99679,13,1397,890,7
848,99776,10,1405,888,23
849,99874,13,1386,883,10
850,99979,11,1393,873,25
851,100074,10,1407,876,27
852,100157,15,1412,872,37
853,100252,12,1380,870,5
854,100335,9,1390,870,15
855,100445,19,1395,868,20
856,100596,35,1373,839,26
857,100696,11,1385,841,38
858,100791,11,1392,844,42
859,100922,33,1358,843,5
860,101025,9,1362,832,26
861,101121,10,1367,835,28
862,101248,36,1347,837,6
863,101485,9,1356,813,52
864,101634,40,1306,805,8
865,101721,9,1320,818,8
866,101814,9,1328,819,18
867,101915,21,1326,827,0
868,102009,9,1335,833,4
869,102079,9,1343,837,6
870,102165,10,1346,840,6
871,102272,14,1361,858,0
872,102355,9,1374,868,1
873,102475,10,1379,861,13
874,102580,7,1387,868,13
875,102687,11,1380,863,5
876,102792,10,1401,878,10
877,102888,10,1411,881,15
878,102993,30,1401,883,1
879,103084,11,1424,901,2
880,103174,10,1434,905,5
881,103272,11,1448,907,13
882,103511,160,1458,898,38
883,103619,11,1468,901,50
884,103745,15,1420,897,9
885,103837,10,1437,909,10
886,103913,9,1443,911,13
887,104014,31,1445,922,2
888,104123,13,1458,929,11
889,104195,10,1460,925,17
890,104272,12,1474,932,25
891,104371,31,1450,918,11
892,104479,13,1456,921,13
893,104568,12,1465,924,25
894,104664,17,1470,925,31
895,104771,15,1443,929,0
896,104877,10,1452,928,10
897,104973,10,1457,926,13
898,105071,25,1458,932,3
899,105175,11,1472,931,14
900,105260,10,1482,936,17
901,105340,11,1498,947,20
902,105585,31,1475,936,3
903,105660,10,1486,937,9
904,105763,26,1495,951,0
905,105853,11,1500,952,5
906,105938,10,1511,952,11
907,106034,10,1514,951,12
908,106157,29,1514,954,15
909,106248,11,1528,960,20
910,106336,10,1537,959,26
911,106427,8,1539,950,40
912,106535,18,1519,959,8
913,106621,11,1529,953,31
914,106717,13,1534,953,36
915,106835,28,1504,957,2
916,106919,10,1514,960,10
917,107004,11,1532,963,24
918,107103,11,1540,971,24
919,107213,16,1522,977,0
920,107305,11,1531,985,0
921,107395,11,1537,981,6
922,107679,31,1523,973,2
923,107778,10,1536,975,6
924,107867,15,1535,977,4
925,107954,10,1543,978,11
926,108030,11,1553,980,21
927,108114,11,1569,992,26
928,108230,31,1558,1001,7
929,108313,12,1561,995,22
930,108405,13,1570,999,26
931,108496,11,1577,1006,26
932,108616,15,1568,1017,5
933,108724,11,1574,1023,5
934,108818,11,1578,1022,9
935,108931,25,1576,1022,1
936,109036,11,1585,1026,2
937,109129,12,1603,1036,6
938,109226,16,1618,1042,10
939,109334,33,1617,1047,3
940,109429,12,1623,1051,3
941,109711,23,1616,1042,1
942,109803,11,1630,1053,9
943,109883,11,1632,1052,9
944,109975,17,1636,1058,11
945,110081,13,1642,1053,19
946,110171,11,1647,1042,34
947,110239,11,1657,1052,34
948,110359,38,1630,1054,7
949,110462,12,1637,1054,7
950,110579,11,1644,1055,11
951,110701,30,1624,1049,0
952,110792,13,1628,1047,5
953,110881,13,1643,1056,7
954,110959,11,1645,1054,13
955,111050,30,1630,1051,4
956,111136,12,1640,1059,4
957,111249,11,1651,1063,9
958,111359,27,1647,1068,0
959,111462,11,1673,1090,0
960,111708,25,1667,1084,1
961,111812,13,1676,1090,11
962,111891,11,1694,1107,8
963,111979,11,1708,1112,23
964,112079,26,1695,1123,1
965,112151,12,1708,1130,6
966,112239,12,1734,1149,8
967,112333,12,1740,1150,12
968,112447,39,1739,1158,6
969,112533,14,1748,1155,19
970,112629,14,1761,1160,31
971,112734,13,1782,1172,36
972,112833,20,1748,1172,2
973,112921,14,1753,1176,2
974,113006,12,1765,1182,5
975,113121,35,1768,1188,4
976,113221,14,1777,1193,8
977,113314,14,1791,1204,8
978,113412,17,1797,1205,9
979,113637,142,1804,1215,7
980,113741,11,1831,1235,10
981,113856,22,1824,1232,4
982,113935,13,1824,1222,12
983,114032,13,1845,1226,25
984,114111,12,1860,1234,25
985,114216,27,1846,1235,12
986,114306,14,1846,1229,22
987,114406,15,1854,1227,32
988,114532,40,1837,1234,0
989,114623,15,1857,1246,1
990,114719,13,1872,1255,5
991,114819,15,1873,1252,8
992,114930,31,1886,1260,11
993,115031,14,1893,1267,11
994,115116,14,1900,1272,12
995,115196,13,1909,1278,14
996,115286,14,1899,1278,3
997,115370,14,1911,1281,6
998,115593,25,1905,1272,5
999,115700,16,1912,1267,10
1000,115805,15,1925,1276,14
1001,115924,36,1911,1281,0
1002,116004,15,1917,1282,3
1003,116099,12,1922,1281,6
1004,116186,15,1925,1278,8
1005,116283,18,1923,1284,0
1006,116365,13,1930,1288,0
1007,116478,14,1935,1289,6
1008,116575,16,1937,1276,16
1009,116691,18,1928,1281,1
1010,116780,15,1933,1283,1
1011,116866,13,1940,1287,1
1012,116947,13,1956,1302,3
1013,117041,14,1956,1306,0
1014,117129,13,1966,1308,8
1015,117227,16,1981,1315,21
1016,117334,20,1961,1317,0
1017,119022,37,1895,1229,6
1018,119119,21,1893,1235,1
1019,119197,13,1905,1243,5
1020,119287,13,1918,1252,7
1021,119379,13,1929,1254,17
1022,119482,23,1920,1254,3
1023,119577,14,1933,1263,3
1024,119683,20,1941,1265,11
1025,119792,31,1928,1259,9
1026,119877,13,1934,1261,9
1027,119961,14,1940,1259,16
1028,120065,14,1947,1262,24
1029,120191,19,1924,1242,29
1030,120292,15,1942,1259,29
1031,120393,17,1954,1271,29
1032,120519,37,1939,1281,0
1033,120684,73,1946,1285,0
1034,120782,14,1954,1291,0
1035,120885,13,1962,1299,0
1036,120978,14,1967,1304,0
1037,121075,13,1985,1321,0
1038,121169,13,1998,1333,0
1039,121278,19,2010,1344,0
1040,121379,14,2016,1350,0
1041,121487,12,2021,1354,0
1042,121603,14,2027,1360,0
1043,121718,15,2048,1381,0
1044,121824,20,2053,1386,0
1045,121925,14,2059,1392,0
1046,122021,14,2063,1384,23
1047,122128,14,2070,1357,66
1048,122264,42,2008,1342,28
1049,122375,15,2018,1320,71
1050,122475,15,2027,1315,85
1051,122638,47,1942,1314,0
1052,122858,13,1954,1269,68
1053,123002,34,1892,1251,29
1054,123120,13,1902,1240,44
1055,123234,27,1905,1240,48
1056,123371,42,1857,1198,48
1057,123476,14,1872,1181,86
1058,123597,12,1874,1181,93
1059,123703,19,1796,1189,11
1060,123809,13,1801,1172,34
1061,123901,25,1811,1178,37
1062,124030,35,1786,1174,10
1063,124127,13,1788,1152,42
1064,124219,13,1792,1137,70
1065,124351,47,1725,1123,16
1066,124456,13,1729,1115,20
1067,124549,15,1732,1116,22
1068,124683,38,1705,1103,12
1069,124799,16,1716,1100,23
1070,124889,12,1728,1084,58
1071,125100,34,1652,1057,14
1072,125198,12,1658,1053,24
1073,125295,11,1662,1045,34
1074,125406,18,1643,1057,0
1075,125502,13,1665,1063,16
1076,125621,11,1672,1044,41
1077,125741,19,1629,1045,0
1078,125822,11,1635,1039,18
1079,125907,12,1646,1042,29
1080,125995,12,1654,1046,34
1081,126114,29,1627,1045,8
1082,126212,13,1632,1044,11
1083,126307,11,1658,1037,35
1084,126438,40,1612,1022,7
1085,126516,14,1626,1018,24
1086,126618,13,1638,1013,34
1087,126715,14,1652,1020,40
1088,126841,36,1625,1018,17
1089,126928,12,1637,1015,48
1090,127027,13,1643,1012,63
1091,127234,29,1571,997,11
1092,127314,10,1577,994,20
1093,127471,38,1566,990,14
1094,127561,11,1580,996,26
1095,127659,13,1597,1009,31
1096,127761,13,1606,1010,38
1097,127885,30,1572,993,24
1098,127966,12,1578,996,27
1099,128060,12,1602,1010,39
1100,128159,14,1570,1015,2
1101,128255,12,1581,1002,28
1102,128342,12,1591,1002,33
1103,128432,12,1612,1021,35
1104,128556,32,1578,1002,21
1105,128671,14,1581,999,27
1106,128769,15,1590,1000,41
1107,128897,37,1553,1004,0
1108,128976,11,1570,1009,5
1109,129048,12,1574,1012,7
1110,129115,12,1589,1022,11
1111,129329,30,1591,1031,2
1112,129423,13,1630,1052,17
1113,129526,13,1629,1049,14
1114,129611,17,1627,1054,7
1115,129751,14,1632,1041,24
1116,129860,11,1649,1048,31
1117,129986,32,1630,1041,19
1118,130090,12,1645,1049,27
1119,130171,11,1653,1055,31
1120,130309,17,1628,1054,1
1121,130422,12,1629,1042,15
1122,130498,11,1629,1041,19
1123,130621,33,1633,1037,28
1124,130725,24,1617,1027,23
1125,130823,12,1623,1023,33
1126,130913,12,1632,1022,48
1127,131042,33,1598,1014,23
1128,131133,12,1599,1008,27
1129,131225,11,1611,1003,40
1130,131338,16,1573,1004,0
1131,131420,16,1576,1007,0
1132,131653,13,1586,1016,1
1133,131757,12,1592,1012,12
1134,131852,12,1596,1014,13
1135,131935,10,1611,1023,16
1136,132065,31,1600,1018,12
1137,132146,10,1605,1018,16
1138,132254,10,1615,1020,21
1139,132384,15,1603,1025,3
1140,132488,17,1608,1021,15
1141,132589,12,1610,1012,20
1142,132682,20,1612,998,39
1143,132816,42,1595,1012,2
1144,132906,11,1609,1010,13
1145,133011,12,1615,1012,15
1146,133110,15,1612,1023,0
1147,133191,11,1614,1016,16
1148,133286,12,1621,1013,27
1149,133363,12,1629,1018,31
1150,133484,33,1607,1023,0
1151,133604,21,1614,1008,23
1152,133846,156,1620,1010,31
1153,133939,16,1591,1011,6
1154,134035,11,1597,1012,8
1155,134122,15,1592,1014,0
1156,134212,11,1595,1006,10
1157,134301,11,1611,1010,17
1158,134382,11,1624,1012,28
1159,134516,34,1589,998,5
1160,134610,13,1594,996,9
1161,134710,11,1620,1006,22
1162,134802,13,1625,1009,27
1163,134913,12,1613,1000,14
1164,135001,12,1619,992,39
1165,135100,11,1626,989,43
1166,135225,21,1583,986,10
1167,135300,11,1601,1003,13
1168,135401,13,1609,1003,26
1169,135534,17,1590,1006,0
1170,135626,12,1590,1003,1
1171,135731,12,1599,1002,8
1172,136024,33,1611,998,24
1173,136142,28,1592,986,32
1174,136240,20,1570,993,2
1175,136326,11,1581,1000,4
1176,136428,10,1587,1003,9
1177,136514,12,1594,996,11
1178,136622,27,1594,1001,13
1179,136718,14,1596,995,17
1180,136812,12,1602,992,24
1181,136909,30,1604,994,22
1182,137013,23,1586,992,4
1183,137093,11,1604,1000,20
1184,137162,10,1609,997,33
1185,137291,41,1573,985,13
1186,137377,11,1575,982,22
1187,137463,12,1584,990,22
1188,137545,11,1589,993,22
1189,137648,18,1563,988,7
1190,137732,12,1567,992,7
1191,138010,198,1573,990,19
1192,138113,28,1561,994,0
1193,138215,10,1569,993,12
1194,138322,16,1561,997,0
1195,138418,13,1575,1002,9
1196,138506,12,1592,1019,9
1197,138595,12,1604,1029,10
1198,138707,18,1603,1034,5
1199,138787,11,1605,1031,10
1200,138864,11,1609,1032,11
1201,138961,11,1623,1035,15
1202,139052,15,1617,1038,3
1203,139130,13,1627,1047,3
1204,139220,12,1636,1043,15
1205,139316,14,1643,1039,20
1206,139449,33,1624,1030,0
1207,139543,15,1629,1033,0
1208,139646,12,1640,1040,4
1209,139906,24,1648,1045,12
1210,140006,12,1655,1046,15
1211,140103,16,1648,1038,11
1212,140169,11,1662,1049,14
1213,140256,11,1673,1059,14
1214,140346,12,1676,1054,22
1215,140454,31,1657,1054,5
1216,140542,12,1673,1063,11
1217,140637,14,1686,1070,13
1218,140744,12,1701,1084,13
1219,140841,13,1706,1096,1
1220,140918,11,1719,1105,8
1221,141001,13,1719,1101,14
1222,141133,46,1711,1104,0
1223,141240,12,1720,1099,13
1224,141338,13,1729,1106,11
1225,141436,11,1738,1113,11
1226,141681,13,1731,1110,5
1227,141804,22,1726,1109,0
1228,141870,12,1731,1112,3
1229,141946,12,1748,1115,10
1230,142046,13,1762,1122,22
1231,142139,11,1773,1130,25
1232,142217,13,1751,1130,3
1233,142306,12,1752,1118,13
1234,142406,13,1763,1122,22
1235,142517,20,1751,1130,0
1236,142605,14,1757,1132,6
1237,142700,17,1772,1142,12
1238,142807,13,1785,1152,15
1239,142914,33,1780,1155,3
1240,142992,16,1790,1156,13
1241,143091,14,1808,1167,22
1242,143186,10,1816,1168,30
1243,143422,133,1818,1192,7
1244,143520,22,1830,1201,10
1245,143623,16,1829,1208,0
1246,143732,14,1838,1212,1
1247,143828,12,1852,1222,4
1248,143912,16,1859,1231,1
1249,144017,13,1864,1230,13
1250,144093,13,1878,1242,12
1251,144177,14,1880,1239,17
1252,144277,39,1863,1239,0
1253,144357,13,1876,1246,3
1254,144452,16,1876,1241,11
1255,144544,14,1884,1248,12
1256,144663,28,1869,1246,4
1257,144757,13,1876,1239,19
1258,144837,12,1892,1248,24
1259,144920,13,1899,1241,35
1260,145131,36,1867,1235,9
1261,145204,13,1868,1232,14
1262,145332,33,1869,1245,2
1263,145412,14,1870,1240,2
1264,145509,15,1899,1263,8
1265,145610,14,1909,1268,10
1266,145714,19,1906,1273,0
1267,145809,14,1922,1287,2
1268,145887,13,1931,1292,8
1269,145977,12,1935,1295,8
1270,146084,14,1930,1291,6
1271,146177,14,1947,1302,7
1272,146273,14,1952,1304,13
1273,146401,46,1942,1306,0
1274,146487,14,1948,1307,5
1275,146589,17,1952,1302,14
1276,146670,17,1970,1310,22
1277,148430,1677,1977,1316,9
1278,148572,15,1969,1313,0
1279,148705,20,1971,1315,0
1280,148810,12,1980,1322,0
1281,148895,14,1983,1325,0
1282,148998,13,1991,1331,0
1283,149082,15,1994,1330,4
1284,149188,15,1995,1323,13
1285,149287,16,2002,1326,16
1286,149366,14,2017,1336,17
1287,149464,14,2019,1332,24
1288,149589,36,2012,1338,5
1289,149716,22,2017,1331,12
1290,149816,18,2020,1334,12
1291,149933,31,2012,1330,9
1292,150026,14,2016,1310,34
1293,150165,13,2027,1296,87
1294,150316,56,1948,1284,25
1295,150423,14,1958,1260,61
1296,150569,18,1884,1241,13
1297,150683,13,1894,1245,19
1298,150795,13,1904,1231,47
1299,150946,55,1849,1229,0
1300,151065,16,1862,1221,25
1301,151164,13,1863,1197,60
1302,151286,34,1803,1190,4
1303,151372,12,1814,1193,12
1304,151486,14,1824,1182,41
1305,151637,45,1782,1177,4
1306,151745,15,1784,1158,29
1307,151847,13,1789,1157,37
1308,151974,17,1745,1136,16
1309,152115,68,1756,1140,17
1310,152208,12,1771,1115,64
1311,152323,27,1717,1117,9
1312,152405,14,1724,1098,32
1313,152512,14,1724,1098,35
1314,152626,21,1728,1089,47
1315,152747,17,1699,1096,11
1316,152861,12,1702,1095,16
1317,152956,13,1709,1101,20
1318,153066,24,1684,1083,14
1319,153179,12,1690,1081,24
1320,153278,13,1696,1082,24
1321,153387,19,1667,1078,2
1322,153505,12,1676,1084,2
1323,153622,14,1692,1092,20
1324,153749,33,1651,1073,5
1325,153829,12,1656,1067,20
1326,153929,12,1658,1061,28
1327,154123,13,1627,1040,26
1328,154192,11,1645,1046,38
1329,154261,12,1660,1054,42
1330,154352,11,1677,1065,42
1331,154462,15,1643,1072,0
1332,154597,16,1655,1069,17
1333,154695,13,1658,1067,27
1334,154834,33,1622,1036,27
1335,154943,13,1630,1022,50
1336,155032,13,1642,1034,50
1337,155153,24,1592,1027,8
1338,155254,11,1607,1026,23
1339,155340,11,1613,1017,42
1340,155484,35,1568,998,18
1341,155587,11,1575,1002,20
1342,155686,17,1592,1015,27
1343,155779,13,1612,1023,40
1344,155885,16,1581,1003,30
1345,155971,12,1597,1017,32
1346,156153,15,1577,1024,3
1347,156241,11,1586,1019,25
1348,156334,10,1595,1015,30
1349,156427,12,1602,1019,31
1350,156531,17,1577,1018,5
1351,156617,12,1589,1019,17
1352,156727,12,1602,1013,41
1353,156826,9,1609,999,61
1354,156990,38,1556,988,25
1355,157098,11,1570,984,42
1356,157174,13,1574,988,42
1357,157263,15,1536,988,6
1358,157357,11,1545,994,9
1359,157455,12,1561,1004,15
1360,157575,17,1540,1003,0
1361,157677,16,1565,1016,8
1362,157776,12,1577,982,55
1363,157871,16,1581,978,66
1364,158003,36,1519,975,8
1365,158199,11,1535,974,17
1366,158294,16,1515,971,5
1367,158393,12,1522,966,11
1368,158483,11,1538,974,19
1369,158609,21,1538,973,16
1370,158716,20,1526,970,4
1371,158803,11,1531,964,29
1372,158889,12,1542,961,38
1373,158993,25,1524,973,6
1374,159070,11,1542,969,32
1375,159165,10,1550,955,48
1376,159255,11,1552,957,48
1377,159360,16,1508,961,0
1378,159476,13,1513,948,15
1379,159564,11,1516,948,19
1380,159670,17,1499,948,3
1381,159768,16,1509,950,11
1382,159864,11,1513,932,32
1383,159952,11,1528,942,37
1384,160052,16,1498,941,6
1385,160235,10,1512,943,19
1386,160310,10,1540,964,34
1387,160443,33,1508,957,11
1388,160531,11,1513,948,27
1389,160647,15,1519,941,41
1390,160774,42,1496,951,7
1391,160852,12,1503,954,7
1392,160940,10,1511,958,11
1393,161025,10,1528,966,17
1394,161107,14,1512,964,3
1395,161206,11,1518,955,17
1396,161297,10,1522,948,29
1397,161394,13,1524,946,32
1398,161489,17,1500,954,0
1399,161585,12,1515,963,1
1400,161668,12,1517,957,6
1401,161784,18,1512,947,8
1402,161869,14,1521,954,10
1403,161968,11,1529,954,24
1404,162051,11,1531,952,27
1405,162295,35,1509,927,27
1406,162380,10,1514,923,39
1407,162493,14,1479,921,6
1408,162579,10,1486,923,7
1409,162668,12,1491,922,13
1410,162750,11,1498,926,13
1411,162852,13,1486,921,0
1412,162945,10,1491,918,5
1413,163039,11,1505,929,10
1414,163119,12,1505,929,9
1415,163230,26,1512,938,7
1416,163312,11,1540,955,19
1417,163393,12,1545,949,26
1418,163504,14,1519,947,0
1419,163590,11,1531,955,0
1420,163696,12,1548,965,2
1421,163787,12,1573,990,2
1422,163887,16,1578,995,0
1423,163974,11,1590,1003,2
1424,164046,11,1595,1005,7
1425,164134,12,1605,1013,8
1426,164371,23,1612,1021,10
1427,164492,10,1626,1031,16
1428,164619,27,1614,1030,3
1429,164709,17,1616,1027,9
1430,164796,12,1642,1049,7
1431,164877,11,1644,1038,19
1432,164966,16,1638,1049,0
1433,165053,11,1644,1049,9
1434,165136,11,1663,1054,22
1435,165234,12,1665,1047,29
1436,165332,19,1637,1044,8
1437,165424,11,1641,1035,19
1438,165504,12,1653,1046,19
1439,165644,39,1638,1041,6
1440,165754,20,1649,1045,16
1441,165839,11,1656,1046,26
1442,165938,10,1663,1052,26
1443,166027,11,1646,1056,4
1444,166119,12,1654,1057,9
1445,166207,11,1660,1059,9
1446,166432,14,1675,1058,32
1447,166515,16,1660,1059,12
1448,166588,13,1662,1060,12
1449,166705,28,1656,1064,3
1450,166798,17,1668,1062,14
1451,166892,11,1673,1059,21
1452,166967,12,1691,1068,33
1453,167064,27,1674,1077,6
1454,167172,12,1681,1079,9
1455,167245,12,1686,1081,14
1456,167330,9,1709,1086,28
1457,167438,19,1695,1084,22
1458,167551,17,1697,1076,29
1459,167649,12,1705,1077,35
1460,167773,38,1690,1087,7
1461,167856,12,1694,1078,25
1462,167931,13,1708,1091,25
1463,168024,14,1713,1094,25
1464,168262,155,1695,1087,16
1465,168354,12,1699,1074,35
1466,168455,32,1679,1089,0
1467,168539,15,1698,1104,2
1468,168636,14,1712,1113,5
1469,168715,12,1730,1126,13
1470,168848,31,1723,1130,2
1471,168928,12,1732,1134,6
1472,169020,12,1743,1141,12
1473,169123,30,1753,1160,3
1474,169214,13,1772,1168,12
1475,169311,12,1778,1158,29
1476,169408,19,1808,1184,34
1477,169539,44,1796,1201,3
1478,169645,14,1822,1217,10
1479,169742,16,1830,1221,10
1480,169853,25,1826,1227,0
1481,169928,13,1832,1230,4
1482,170037,13,1837,1222,17
1483,170265,16,1827,1222,0
1484,170358,13,1835,1221,11
1485,170455,13,1844,1215,27
1486,170563,37,1828,1225,3
1487,170667,13,1843,1234,8
1488,170784,12,1848,1236,9
1489,170892,32,1848,1232,11
1490,170971,13,1849,1225,13
1491,171045,13,1857,1230,18
1492,171124,13,1863,1232,26
1493,171227,19,1833,1222,17
1494,171319,16,1851,1232,23
1495,171399,14,1852,1229,23
1496,171493,13,1862,1237,26
1497,171621,32,1845,1244,0
1498,171712,14,1847,1241,4
1499,171808,15,1868,1256,9
1500,172063,167,1858,1255,2
1501,172149,13,1867,1257,5
1502,172225,18,1867,1256,8
1503,172323,22,1866,1259,3
1504,172399,13,1869,1255,17
1505,172507,12,1871,1250,25
1506,172589,10,1873,1250,27
1507,172693,14,1845,1243,10
1508,172787,13,1862,1253,15
1509,172870,13,1870,1252,20
1510,172985,32,1862,1263,0
1511,173061,13,1870,1266,2
1512,173154,15,1874,1261,13
1513,173244,14,1888,1269,22
1514,173352,18,1882,1280,1
1515,173458,14,1890,1281,5
1516,173537,14,1903,1291,13
1517,173632,12,1907,1290,17
1518,173845,128,1898,1288,0
1519,173954,13,1905,1282,9
1520,174052,27,1897,1284,1
1521,174147,12,1901,1285,4
1522,174218,13,1923,1306,4
1523,174329,11,1925,1306,12
1524,174422,19,1914,1302,2
1525,174545,17,1928,1308,8
1526,174644,14,1932,1303,13
1527,174775,18,1925,1302,7
1528,174855,14,1930,1299,17
1529,174959,14,1938,1303,19
1530,175078,33,1939,1321,0
1531,175168,14,1948,1324,6
1532,175259,15,1958,1320,6
1533,175338,14,1963,1321,9
1534,175455,24,1974,1331,15
1535,175552,14,1980,1325,27
1536,175747,121,1985,1325,32
1537,175892,41,1939,1308,7
1538,175983,13,1953,1311,16
1539,176094,13,1969,1317,28
1540,176172,15,1954,1327,1
1541,176260,13,1962,1330,2
1542,176350,13,1978,1338,10
1543,176464,31,1982,1341,10
1544,176562,30,1980,1340,14
1545,176650,13,1982,1341,14
1546,176749,15,1990,1344,17
1547,176848,18,1993,1364,0
1548,176940,14,2006,1374,0
1549,177027,14,2010,1377,0
1550,177128,13,2018,1384,0
1551,177217,15,2019,1385,0
1552,177309,16,2020,1386,0
1553,177397,15,2035,1401,0
1554,179090,35,2013,1377,0
1555,179193,15,2025,1384,2
1556,179283,20,2027,1383,4
1557,179381,14,2031,1382,5
1558,179474,15,2038,1388,8
1559,179580,13,2041,1382,16
1560,179679,31,2038,1389,1
1561,179783,19,2053,1397,11
1562,179870,14,2054,1395,11
1563,179975,24,2064,1414,4
1564,180076,15,2072,1408,16
1565,180202,15,2084,1397,46
1566,180365,47,2025,1370,22
1567,180485,15,2033,1329,68
1568,180609,14,2038,1312,95
1569,180795,18,1946,1272,41
1570,180892,13,1961,1269,62
1571,181040,43,1897,1255,13
1572,181150,13,1901,1239,32
1573,181244,13,1905,1229,62
1574,181385,20,1836,1216,5
1575,181514,15,1851,1217,20
1576,181624,15,1856,1215,29
1577,181788,23,1822,1207,3
1578,181889,12,1833,1184,35
1579,181997,13,1842,1174,61
1580,182109,16,1776,1169,0
1581,182212,13,1791,1163,20
1582,182298,12,1804,1171,23
1583,182435,41,1786,1169,5
1584,182540,13,1803,1161,30
1585,182658,17,1815,1149,54
1586,182884,102,1763,1132,21
1587,182983,13,1780,1115,62
1588,183112,15,1705,1107,0
1589,183212,12,1714,1099,17
1590,183299,12,1720,1091,36
1591,183394,14,1734,1076,61
1592,183515,41,1696,1098,0
1593,183623,13,1710,1100,15
1594,183723,12,1718,1089,44
1595,183860,36,1682,1090,5
1596,183959,12,1696,1083,40
1597,184054,12,1701,1069,59
1598,184140,10,1711,1078,58
1599,184239,13,1658,1072,17
1600,184327,12,1688,1089,27
1601,184418,14,1698,1096,27
1602,184522,16,1673,1096,3
1603,184619,14,1685,1100,8
1604,184733,12,1703,1099,26
1605,184871,34,1689,1093,22
1606,185034,14,1706,1061,80
1607,185134,13,1714,1061,84
1608,185267,33,1654,1048,42
1609,185362,11,1657,1042,55
1610,185465,12,1671,1031,83
1611,185614,39,1591,1026,13
1612,185722,12,1605,1031,21
1613,185843,12,1622,1033,37
1614,185957,13,1578,1028,4
1615,186053,12,1582,1026,11
1616,186162,14,1589,1033,11
1617,186268,17,1567,1020,2
1618,186365,11,1577,1021,11
1619,186475,13,1586,1016,24
1620,186574,12,1591,1008,34
1621,186715,39,1560,983,36
1622,186833,12,1567,972,53
1623,186903,12,1582,973,62
1624,187118,110,1533,971,4
1625,187191,11,1550,976,11
1626,187284,9,1549,972,14
1627,187374,13,1556,968,26
1628,187503,11,1568,957,44
1629,187588,12,1572,956,49
1630,187697,30,1535,954,10
1631,187796,13,1539,947,21
1632,187874,12,1546,941,44
1633,187957,15,1554,942,52
1634,188055,30,1510,948,4
1635,188142,12,1517,955,4
1636,188231,12,1522,949,24
1637,188327,8,1535,942,52
1638,188435,20,1486,918,37
1639,188540,12,1498,921,52
1640,188652,13,1516,937,55
1641,188808,48,1466,939,2
1642,188909,10,1474,939,13
1643,189016,13,1487,944,25
1644,189112,15,1473,949,4
1645,189311,10,1487,946,21
1646,189435,37,1470,939,11
1647,189530,11,1483,937,22
1648,189643,10,1484,925,41
1649,189787,36,1446,924,0
1650,189897,11,1446,915,14
1651,190005,10,1448,904,30
1652,190119,31,1434,919,0
1653,190202,12,1441,925,0
1654,190289,11,1451,929,1
1655,190380,12,1466,939,8
1656,190494,26,1455,927,12
1657,190583,12,1458,918,29
1658,190682,11,1479,929,30
1659,190764,12,1515,958,31
1660,190869,16,1486,957,4
1661,190946,11,1498,962,8
1662,191058,10,1513,969,17
1663,191188,41,1490,958,3
1664,191286,11,1502,951,23
1665,191483,126,1507,944,37
1666,191619,33,1480,948,7
1667,191714,10,1488,941,22
1668,191827,8,1494,937,31
1669,191917,19,1478,925,21
1670,191997,10,1492,928,30
1671,192084,11,1503,926,49
1672,192179,9,1506,926,51
1673,192299,39,1466,930,3
1674,192393,11,1475,930,9
1675,192467,10,1497,940,24
1676,192574,24,1470,940,0
1677,192670,12,1475,941,6
1678,192762,12,1478,941,9
1679,192855,14,1485,940,17
1680,192969,27,1469,938,3
1681,193068,11,1476,935,20
1682,193147,11,1478,931,34
1683,193227,11,1490,937,42
1684,193315,15,1469,951,3
1685,193417,12,1480,950,20
1686,193513,11,1482,949,23
1687,193754,28,1462,940,15
1688,193853,10,1468,926,50
1689,193944,16,1490,948,47
1690,194030,16,1453,946,18
1691,194141,10,1461,947,22
1692,194208,10,1463,946,26
1693,194319,22,1436,947,0
1694,194412,13,1454,945,16
1695,194519,11,1465,950,21
1696,194598,11,1477,958,23
1697,194780,64,1463,955,6
1698,194903,11,1482,952,22
1699,194979,8,1503,962,32
1700,195074,16,1486,970,4
1701,195172,10,1498,979,5
1702,195253,11,1516,993,11
1703,195354,15,1507,990,4
1704,195464,11,1523,1004,7
1705,195566,13,1544,1013,14
1706,195662,11,1551,1014,17
1707,195783,35,1545,1015,5
1708,195867,11,1548,1016,8
1709,196098,12,1550,993,35
1710,196223,23,1525,991,10
1711,196316,11,1540,1003,13
1712,196428,32,1542,1015,0
1713,196514,12,1559,1026,7
1714,196616,11,1571,1034,17
1715,196708,13,1579,1040,20
1716,196832,32,1567,1042,8
1717,196908,11,1577,1047,12
1718,196980,11,1578,1046,18
1719,197066,11,1591,1054,20
1720,197167,23,1595,1060,13
1721,197245,11,1601,1064,15
1722,197375,11,1613,1066,23
1723,197543,40,1600,1063,15
1724,197632,14,1612,1072,15
1725,197725,12,1616,1060,34
1726,197840,33,1589,1061,5
1727,197930,12,1590,1060,6
1728,198183,21,1589,1060,0
1729,198269,10,1604,1075,0
1730,198335,11,1608,1074,1
1731,198432,12,1623,1087,1
1732,198550,11,1649,1111,1
1733,198650,16,1657,1109,7
1734,198734,12,1677,1122,20
1735,198826,12,1683,1116,31
1736,198942,34,1659,1119,5
1737,199020,14,1675,1124,18
1738,199106,11,1687,1136,18
1739,199232,34,1680,1145,3
1740,199314,15,1697,1153,12
1741,199407,16,1710,1161,15
1742,199509,13,1724,1172,15
1743,199643,37,1724,1183,6
1744,199725,12,1722,1180,7
1745,199832,12,1748,1202,7
1746,200145,159,1747,1204,2
1747,200217,13,1752,1202,8
1748,200308,22,1750,1194,6
1749,200390,12,1754,1191,11
1750,200495,12,1760,1194,16
1751,200576,14,1766,1193,19
1752,200684,31,1758,1204,0
1753,200779,13,1765,1203,4
1754,200869,12,1781,1214,5
1755,200980,23,1780,1213,0
1756,201066,12,1787,1216,0
1757,201157,12,1798,1224,7
1758,201232,13,1800,1219,9
1759,201327,29,1797,1219,1
1760,201437,14,1800,1214,8
1761,201528,13,1811,1224,9
1762,201619,13,1822,1232,13
1763,201744,42,1818,1236,5
1764,201850,13,1822,1233,9
1765,202095,18,1814,1232,6
1766,202186,12,1816,1232,6
1767,202289,13,1824,1235,10
1768,202386,18,1821,1244,0
1769,202496,13,1822,1235,6
1770,202597,12,1827,1230,20
1771,202678,11,1832,1229,23
1772,202784,19,1823,1232,8
1773,202871,15,1829,1235,11
1774,202956,13,1846,1242,20
1775,203073,35,1837,1252,0
1776,203155,13,1849,1259,6
1777,203261,12,1861,1268,7
1778,203353,13,1866,1272,7
1779,203466,17,1861,1262,11
1780,203574,13,1871,1270,16
1781,203667,14,1881,1272,25
1782,203905,35,1873,1282,3
1783,204001,13,1878,1281,9
1784,204136,17,1868,1274,2
1785,204210,12,1898,1294,9
1786,204300,13,1903,1285,23
1787,204385,13,1913,1285,25
1788,204527,32,1895,1290,2
1789,204618,15,1905,1299,3
1790,204722,14,1905,1295,10
1791,204840,18,1918,1318,0
1792,204928,15,1922,1317,7
1793,205013,13,1936,1323,11
1794,205088,14,1942,1328,13
1795,205188,32,1926,1323,0
1796,205285,13,1930,1321,9
1797,205378,14,1947,1328,10
1798,205471,15,1951,1329,17
1799,205717,40,1944,1330,7
1800,205837,11,1952,1327,20
1801,205924,14,1940,1327,8
1802,206022,13,1945,1323,13
1803,206119,14,1949,1321,17
1804,206216,30,1945,1331,2
1805,206316,13,1948,1325,11
1806,206417,15,1966,1338,13
1807,206542,13,1985,1349,20
1808,206657,13,1971,1354,0
1809,206759,16,1977,1348,15
1810,206851,14,1984,1345,26
1811,206971,40,1959,1338,10
1812,207054,14,1971,1348,13
1813,207158,14,1982,1354,16
1814,207253,17,1992,1359,20
1815,207438,120,1978,1363,4
1816,207558,18,1983,1361,11
1817,207660,32,1996,1383,0
1818,207743,16,2002,1389,0
1819,207826,16,2023,1409,0
1820,207921,14,2032,1415,0
1821,208001,15,2042,1425,0
1822,208094,18,2052,1434,0
1823,208186,14,2059,1439,0
1824,208285,11,2073,1452,0
1825,208368,15,2077,1456,0
1826,208453,14,2081,1459,0
1827,208556,20,2095,1472,0
1828,208651,16,2123,1498,0
1829,208763,16,2127,1502,0
1830,208842,17,2130,1505,0
1831,208942,15,2140,1514,0
1832,209046,15,2146,1520,0
1833,209136,15,2155,1528,0
1834,209371,156,2165,1530,8
1835,209484,31,2160,1526,6
1836,209593,16,2165,1524,11
1837,209690,16,2167,1523,13
1838,209805,32,2167,1528,2
1839,209901,16,2177,1526,13
1840,209992,16,2190,1534,16
1841,210113,20,2153,1511,15
1842,210234,16,2165,1483,53
1843,210375,18,2173,1455,92
1844,210503,21,2086,1430,27
1845,210628,16,2096,1427,40
1846,210747,19,2110,1397,82
1847,210868,19,2028,1385,14
1848,210975,14,2031,1348,62
1849,211082,14,2037,1332,88
1850,212873,1700,1960,1044,336
1851,213065,21,1589,1015,5
1852,213163,17,1582,1012,2
1853,213263,15,1586,1003,22
1854,213365,11,1592,1000,34
1855,213468,11,1601,1007,34
1856,213581,28,1563,999,9
1857,213679,11,1580,996,25
1858,213770,12,1591,986,47
1859,213876,10,1599,988,55
1860,214030,41,1569,1006,8
1861,214135,12,1581,985,37
1862,214218,11,1601,994,43
1863,214337,35,1557,976,20
1864,214420,11,1568,964,49
1865,214526,13,1582,943,81
1866,214660,19,1497,926,16
1867,214805,10,1514,933,22
1868,214900,10,1519,933,28
1869,215032,29,1499,929,10
1870,215124,10,1516,935,24
1871,215228,11,1526,933,34
1872,215376,36,1499,927,20
1873,215478,11,1508,928,23
1874,215594,13,1515,931,30
1875,215726,29,1494,930,11
1876,215810,11,1504,934,20
1877,215912,12,1506,933,23
1878,216010,18,1509,923,36
1879,216103,18,1486,919,26
1880,216202,13,1498,912,49
1881,216308,13,1512,926,49
1882,216441,45,1469,913,24
1883,216561,11,1485,917,45
1884,216679,15,1497,915,62
1885,216798,15,1440,906,15
1886,216966,10,1447,901,23
1887,217088,34,1438,911,0
1888,217183,10,1456,919,3
1889,217269,11,1466,929,3
1890,217358,10,1486,939,11
1891,217475,16,1476,926,14
1892,217578,10,1482,927,25
1893,217677,15,1490,931,28
1894,217794,14,1469,928,7
1895,217886,12,1481,931,22
1896,217973,12,1482,932,22
1897,218072,13,1499,944,24
1898,218170,31,1479,945,6
1899,218264,13,1494,954,8
1900,218363,14,1505,958,13
1901,218472,18,1513,980,2
1902,218566,11,1514,975,7
1903,218667,12,1530,982,17
1904,218772,14,1533,977,29
1905,218905,17,1521,967,22
1906,219091,11,1529,961,37
1907,219218,36,1498,964,0
1908,219313,10,1509,969,12
1909,219401,14,1515,965,20
1910,219524,30,1501,968,2
1911,219609,11,1516,974,6
1912,219718,9,1523,969,19
1913,219828,9,1531,964,35
1914,219942,16,1522,960,34
1915,220037,11,1530,954,52
1916,220134,11,1535,950,59
1917,220258,33,1481,948,6
1918,220347,11,1484,931,27
1919,220433,12,1497,940,34
1920,220525,13,1508,940,48
1921,220638,17,1461,934,7
1922,220718,11,1474,938,15
1923,220824,10,1485,943,24
1924,220926,16,1464,951,0
1925,221029,12,1471,953,4
1926,221218,10,1490,962,13
1927,221310,15,1496,956,34
1928,221425,10,1506,958,42
1929,221523,12,1510,961,42
1930,221663,33,1457,957,0
1931,221743,13,1484,976,11
1932,221843,11,1494,979,18
1933,221950,15,1482,985,3
1934,222040,11,1490,976,4
1935,222127,11,1505,975,23
1936,222218,14,1518,985,30
1937,222321,31,1500,997,0
1938,222419,12,1512,999,5
1939,222507,12,1518,994,21
1940,222599,11,1538,1001,36
1941,222761,19,1511,991,26
1942,222848,11,1519,993,34
1943,222946,11,1531,1000,37
1944,223064,36,1499,996,11
1945,223151,11,1502,991,15
1946,223346,122,1517,996,25
1947,223456,36,1515,1004,2
1948,223553,11,1538,1012,15
1949,223632,12,1546,1018,22
1950,223752,14,1534,1026,0
1951,223860,10,1545,1035,7
1952,223942,11,1568,1046,18
1953,224045,11,1584,1056,25
1954,224145,11,1564,1056,6
1955,224242,10,1567,1043,21
1956,224324,11,1571,1039,28
1957,224448,40,1558,1054,0
1958,224554,13,1570,1055,6
1959,224650,12,1578,1055,17
1960,224729,9,1614,1088,21
1961,224829,16,1604,1091,0
1962,224922,14,1613,1098,2
1963,225004,13,1628,1107,5
1964,225121,38,1625,1100,0
1965,225194,12,1633,1098,11
1966,225425,145,1643,1090,31
1967,225533,16,1612,1090,7
1968,225642,13,1625,1099,7
1969,225740,11,1636,1095,13
1970,225867,25,1629,1098,0
1971,225977,12,1631,1090,4
1972,226088,12,1647,1105,4
1973,226170,21,1656,1115,0
1974,226254,12,1665,1121,4
1975,226352,11,1678,1130,11
1976,226441,12,1686,1136,11
1977,226556,23,1678,1132,3
1978,226630,14,1680,1131,6
1979,226719,13,1681,1125,6
1980,226832,10,1698,1136,9
1981,226925,17,1695,1140,2
1982,227014,12,1703,1146,4
1983,227105,12,1712,1144,18
1984,227204,24,1716,1148,18
1985,227312,21,1702,1139,16
1986,227571,12,1714,1132,33
1987,227721,33,1685,1126,12
1988,227803,16,1716,1153,15
1989,227885,9,1717,1150,15
1990,227985,14,1718,1156,16
1991,228067,12,1736,1170,17
1992,228167,12,1739,1164,22
1993,228269,33,1719,1154,7
1994,228352,11,1725,1158,7
1995,228447,14,1731,1153,14
1996,228544,12,1731,1150,17
1997,228658,37,1722,1157,0
1998,228758,15,1725,1156,2
1999,228861,14,1732,1159,4
2000,228981,29,1725,1158,0
2001,229067,12,1736,1156,14
2002,229144,11,1745,1151,27
2003,229224,12,1756,1160,28
2004,229327,27,1721,1156,0
2005,229579,159,1723,1144,17
2006,229690,18,1714,1146,6
2007,229812,17,1717,1148,7
2008,229901,12,1726,1156,9
2009,229995,13,1737,1158,14
2010,230102,23,1727,1162,0
2011,230197,12,1728,1156,7
2012,230280,11,1736,1158,15
2013,230395,25,1731,1164,5
2014,230490,14,1745,1173,6
2015,230599,12,1750,1178,6
2016,230710,17,1750,1178,0
2017,230800,12,1765,1182,5
2018,230882,13,1780,1192,14
2019,230952,12,1785,1192,19
2020,231029,20,1790,1197,19
2021,231124,18,1781,1204,1
2022,231223,12,1798,1201,22
2023,231474,162,1804,1200,30
2024,231596,29,1774,1193,10
2025,231710,13,1780,1193,16
2026,231824,21,1773,1198,3
2027,231921,11,1782,1205,3
2028,231990,12,1786,1208,3
2029,232082,11,1805,1219,4
2030,232172,11,1821,1221,15
2031,232248,12,1825,1220,19
2032,232345,12,1830,1223,20
2033,232473,31,1806,1217,3
2034,232586,23,1820,1225,10
2035,232685,13,1828,1228,17
2036,232764,13,1839,1236,19
2037,232883,31,1833,1239,13
2038,232977,12,1838,1238,16
2039,233055,13,1842,1235,20
2040,233169,32,1832,1241,6
2041,233375,12,1841,1235,21
2042,233471,17,1853,1238,28
2043,233597,41,1828,1237,2
2044,233699,12,1837,1243,5
2045,233788,12,1844,1248,5
2046,233889,16,1840,1246,3
2047,233992,13,1847,1246,8
2048,234084,13,1848,1245,9
2049,234190,13,1849,1234,14
2050,234291,14,1837,1231,6
2051,234388,13,1853,1238,15
2052,234493,15,1865,1247,18
2053,234613,20,1855,1253,1
2054,234696,14,1861,1251,13
2055,234791,14,1873,1256,17
2056,234894,11,1876,1256,17
2057,234998,14,1860,1248,16
2058,235232,120,1865,1239,33
2059,235370,37,1840,1226,21
2060,235467,13,1846,1222,34
2061,235578,11,1861,1232,38
2062,235706,43,1831,1232,2
2063,235807,12,1836,1226,14
2064,235903,12,1845,1226,23
2065,236018,36,1826,1227,4
2066,236113,13,1841,1237,9
2067,236206,12,1845,1237,13
2068,236318,28,1824,1226,3
2069,236445,14,1830,1225,11
2070,236540,14,1833,1223,14
2071,236637,10,1835,1217,24
2072,236740,21,1814,1215,3
2073,236851,14,1818,1217,4
2074,236958,16,1822,1217,6
2075,237174,133,1826,1214,4
2076,237260,13,1834,1221,4
2077,237375,19,1837,1228,0
2078,237473,13,1855,1245,0
2079,237572,14,1868,1253,3
2080,237678,16,1871,1252,7
2081,237803,21,1871,1255,6
2082,237905,14,1877,1253,10
2083,237978,13,1883,1256,12
2084,238058,17,1881,1265,0
2085,238154,14,1895,1276,9
2086,238238,15,1898,1273,15
2087,238318,13,1915,1279,20
2088,238437,37,1901,1282,2
2089,238519,17,1906,1284,5
2090,238618,13,1910,1285,9
2091,238700,15,1912,1281,15
2092,238809,19,1917,1300,0
2093,238895,17,1929,1310,1
2094,239097,104,1935,1307,4
2095,239211,31,1937,1303,7
2096,239301,14,1939,1302,9
2097,239410,16,1945,1307,9
2098,239538,30,1942,1309,3
2099,239646,15,1948,1311,9
2100,239744,16,1950,1305,23
2101,239864,35,1929,1306,2
2102,239952,14,1940,1309,8
2103,240047,14,1947,1296,40
2104,240213,53,1893,1270,12
2105,240329,14,1900,1237,61
2106,240439,15,1910,1228,84
2107,240591,38,1818,1210,13
2108,240705,14,1832,1207,35
2109,240816,13,1850,1193,69
2110,240951,18,1792,1187,21
2111,241052,13,1804,1155,71
2112,241259,35,1725,1148,0
2113,241383,21,1734,1157,0
2114,241501,13,1754,1177,0
2115,241618,12,1771,1194,0
2116,241718,11,1786,1208,0
2117,241819,12,1790,1212,0
2118,241930,13,1801,1222,0
2119,242038,13,1815,1232,0
2120,242147,12,1819,1235,0
2121,242251,18,1821,1237,0
2122,242345,13,1830,1246,0
2123,242443,16,1840,1256,0
2124,242576,22,1848,1264,0
2125,242703,15,1855,1271,0
2126,242821,15,1865,1281,0
2127,242932,11,1871,1287,0
2128,243033,14,1876,1285,3
2129,243131,14,1886,1272,33
2130,243235,18,1914,1269,67
2131,243449,49,1836,1233,23
2132,243570,14,1851,1231,34
2133,243701,17,1809,1207,13
2134,243819,12,1814,1187,41
2135,243916,14,1822,1177,53
2136,244051,39,1770,1178,0
2137,244140,13,1774,1163,24
2138,244245,13,1778,1161,29
2139,244383,31,1739,1152,0
2140,244487,13,1755,1154,14
2141,244606,13,1759,1148,30
2142,244747,36,1735,1142,0
2143,244839,12,1747,1145,15
2144,244925,13,1762,1157,16
2145,245079,39,1774,1166,33
2146,245176,14,1743,1153,16
2147,245275,13,1759,1166,18
2148,245456,93,1765,1167,30
2149,245558,26,1745,1163,16
2150,245666,13,1754,1157,30
2151,245783,39,1736,1170,0
2152,245882,13,1750,1164,13
2153,245967,13,1759,1162,28
2154,246072,15,1764,1165,30
2155,246180,32,1747,1156,30
2156,246285,12,1761,1155,54
2157,246404,13,1769,1151,67
2158,246538,42,1711,1156,9
2159,246643,14,1716,1138,29
2160,246740,15,1727,1139,39
2161,246852,16,1682,1131,7
2162,246942,13,1697,1139,12
2163,247050,15,1702,1141,18
2164,247182,40,1685,1139,2
2165,247271,12,1703,1132,29
2166,247365,13,1722,1142,31
2167,247623,136,1728,1108,78
2168,247748,30,1690,1091,61
2169,247830,11,1697,1086,77
2170,247930,16,1624,1076,11
2171,248015,12,1631,1072,25
2172,248108,11,1633,1049,57
2173,248190,11,1641,1059,55
2174,248290,19,1591,1042,26
2175,248389,13,1606,1043,37
2176,248486,13,1624,1049,49
2177,248611,28,1591,1062,1
2178,248745,18,1603,1042,37
2179,248871,15,1608,1038,45
2180,248991,38,1568,1036,4
2181,249094,11,1577,1025,23
2182,249196,11,1586,1026,28
2183,249320,35,1569,1023,16
2184,249425,12,1580,1019,33
2185,249538,13,1582,1015,40
2186,249656,16,1564,1019,12
2187,249857,11,1573,1001,34
2188,249987,42,1537,995,7
2189,250095,11,1556,1005,21
2190,250201,12,1561,999,32
2191,250328,37,1524,991,12
2192,250422,11,1543,999,21
2193,250523,12,1553,1001,32
2194,250623,11,1560,989,52
2195,250764,45,1525,1002,0
2196,250861,12,1531,992,17
2197,250948,12,1550,990,30
2198,251080,31,1514,974,12
2199,251189,13,1526,985,12
2200,251295,11,1532,980,24
2201,251417,29,1513,972,16
2202,251509,13,1524,965,33
2203,251611,12,1526,954,49
2204,251745,40,1482,958,0
2205,251847,11,1491,946,28
2206,251937,11,1506,954,34
2207,252137,118,1518,952,40
2208,252219,16,1486,932,29
2209,252319,19,1506,949,30
2210,252432,38,1484,952,4
2211,252530,11,1499,962,8
2212,252609,10,1502,956,18
2213,252716,12,1519,969,19
2214,252829,25,1501,958,16
2215,252911,14,1504,956,24
2216,252988,11,1507,954,30
2217,253069,11,1520,965,32
2218,253180,34,1518,979,14
2219,253263,11,1524,973,17
2220,253343,11,1529,978,17
2221,253468,28,1517,984,0
2222,253603,15,1521,972,19
2223,253722,13,1536,980,26
2224,253837,34,1516,978,3
2225,253914,10,1523,972,15
2226,254015,11,1533,979,19
2227,254097,10,1540,976,25
2228,254203,15,1516,975,0
2229,254417,12,1531,974,18
2230,254554,37,1515,974,4
2231,254656,11,1532,985,8
2232,254762,14,1541,988,15
2233,254859,24,1535,995,0
2234,254952,11,1539,990,8
2235,255039,11,1548,991,8
2236,255119,11,1570,1003,15
2237,255221,17,1537,987,5
2238,255320,11,1541,988,8
2239,255415,11,1545,992,8
2240,255526,11,1552,995,12
2241,255633,19,1551,999,3
2242,255735,13,1567,1005,11
2243,255822,11,1576,1006,14
2244,255931,29,1563,1000,7
2245,256055,11,1573,998,18
2246,256156,12,1609,1017,27
2247,256216,12,1615,1022,27
2248,256343,36,1597,1027,4
2249,256576,8,1601,1021,14
2250,256693,29,1601,1033,1
2251,256792,11,1604,1029,8
2252,256871,11,1604,1027,9
2253,256984,36,1590,1024,2
2254,257064,12,1591,1022,4
2255,257153,11,1612,1037,7
2256,257283,8,1624,1038,18
2257,257384,19,1613,1040,9
2258,257492,12,1626,1053,9
2259,257593,12,1634,1055,11
2260,257702,16,1625,1057,2
2261,257813,11,1625,1051,4
2262,257911,17,1637,1058,6
2263,258022,37,1630,1055,0
2264,258111,12,1634,1043,18
2265,258210,11,1636,1036,26
2266,258302,12,1645,1042,26
2267,258406,23,1626,1049,0
2268,258641,160,1638,1055,10
2269,258757,21,1644,1069,3
2270,258840,13,1653,1078,3
2271,258922,12,1659,1077,6
2272,259016,12,1675,1091,6
2273,259107,17,1672,1071,26
2274,259207,12,1682,1077,30
2275,259308,12,1693,1084,38
2276,259398,11,1699,1086,38
2277,259502,14,1666,1087,1
2278,259587,13,1685,1105,1
2279,259701,12,1697,1096,17
2280,259829,17,1686,1086,16
2281,259931,12,1701,1094,17
2282,260032,13,1707,1094,22
2283,260139,33,1690,1095,4
2284,260239,12,1696,1097,9
2285,260322,12,1700,1095,16
2286,260416,13,1707,1101,16
2287,262076,22,1685,1043,56
2288,262185,9,1632,1045,6
2289,262291,15,1633,1050,0
2290,262385,13,1647,1057,10
2291,262487,12,1654,1059,10
2292,262597,31,1656,1062,3
2293,262686,11,1661,1060,11
2294,262788,12,1669,1059,22
2295,262874,12,1681,1065,28
2296,262964,18,1657,1067,3
2297,263052,12,1677,1078,5
2298,263140,12,1684,1066,29
2299,263261,20,1673,1081,0
2300,263345,12,1680,1086,3
2301,263439,14,1699,1098,10
2302,263537,12,1718,1111,15
2303,263687,26,1708,1109,5
2304,263780,12,1709,1108,7
2305,263876,12,1712,1110,7
2306,263982,21,1710,1110,2
2307,264089,12,1728,1118,14
2308,264169,12,1729,1117,16
2309,264271,12,1734,1115,30
2310,264377,33,1706,1112,5
2311,264491,12,1712,1109,11
2312,264597,14,1717,1109,18
2313,264709,31,1713,1110,9
2314,264797,12,1721,1111,14
2315,264892,12,1727,1113,18
2316,264977,11,1730,1107,24
2317,265086,21,1710,1108,4
2318,265173,12,1720,1113,10
2319,265265,12,1724,1112,11
2320,265368,24,1735,1134,0
2321,265504,13,1737,1132,7
2322,265607,12,1742,1133,11
2323,265733,30,1728,1128,2
2324,265830,13,1743,1137,14
2325,265920,12,1748,1137,16
2326,266009,14,1774,1159,15
2327,266102,21,1762,1155,5
2328,266192,13,1770,1155,7
2329,266305,14,1776,1153,12
2330,266419,34,1780,1155,14
2331,266530,32,1766,1153,4
2332,266622,13,1771,1154,6
2333,266716,13,1777,1157,11
2334,266811,26,1769,1160,0
2335,266910,12,1771,1151,5
2336,267025,15,1778,1152,10
2337,267140,41,1780,1166,0
2338,267294,12,1792,1168,6
2339,267380,12,1794,1165,16
2340,267493,27,1792,1176,3
2341,267582,12,1809,1183,7
2342,267673,18,1822,1190,11
2343,267762,16,1846,1208,15
2344,267870,19,1828,1205,2
2345,267953,13,1832,1198,10
2346,268049,14,1844,1203,19
2347,268153,16,1852,1207,18
2348,268257,14,1839,1210,5
2349,268354,13,1845,1213,13
2350,268455,15,1857,1223,14
2351,268551,17,1843,1217,11
2352,268654,18,1851,1220,19
2353,268765,14,1859,1221,20
2354,268870,36,1848,1232,2
2355,268958,12,1856,1237,5
2356,269144,15,1861,1240,5
2357,269238,18,1868,1253,0
2358,269317,13,1879,1259,1
2359,269410,13,1894,1265,13
2360,269510,14,1899,1268,14
2361,269616,17,1906,1282,0
2362,269719,14,1911,1278,6
2363,269825,14,1921,1284,11
2364,269910,28,1922,1283,11
2365,269989,24,1916,1281,5
2366,270107,14,1930,1258,42
2367,270215,15,1937,1236,78
2368,270361,35,1882,1225,32
2369,270482,12,1888,1192,85
2370,270596,13,1902,1178,120
2371,270740,23,1787,1164,29
2372,270946,99,1798,1108,100
2373,271073,17,1705,1102,16
2374,271183,12,1714,1102,31
2375,271283,10,1737,1101,56
2376,271378,16,1687,1070,37
2377,271482,13,1705,1086,39
2378,271598,12,1714,1072,66
2379,271738,18,1653,1066,17
2380,271838,12,1667,1059,46
2381,271933,11,1677,1053,66
2382,272091,38,1618,1058,2
2383,272203,13,1624,1059,6
2384,272294,12,1635,1056,24
2385,272435,34,1619,1051,9
2386,272538,12,1627,1047,19
2387,272631,14,1641,1056,22
2388,272743,20,1631,1057,16
2389,272856,12,1638,1039,47
2390,273081,140,1646,1019,84
2391,273207,14,1539,989,14
2392,273328,11,1559,1002,21
2393,273454,29,1542,993,13
2394,273576,14,1553,967,51
2395,273697,14,1564,968,62
2396,273822,28,1512,968,13
2397,273921,10,1514,956,26
2398,274003,12,1517,956,26
2399,274118,30,1499,963,1
2400,274209,11,1522,971,14
2401,274323,13,1526,957,30
2402,274413,13,1542,966,33
2403,274568,40,1518,952,27
2404,274668,13,1536,956,39
2405,274788,12,1544,951,52
2406,274887,15,1503,951,15
2407,274989,11,1509,944,27
2408,275083,11,1516,941,38
2409,275302,15,1461,924,7
2410,275397,10,1491,942,15
2411,275489,9,1499,947,17
2412,275605,13,1489,951,2
2413,275726,11,1498,945,19
2414,275823,12,1511,954,22
2415,275930,29,1503,950,19
2416,276022,10,1513,939,55
2417,276115,11,1530,953,56
2418,276255,37,1477,952,1
2419,276354,11,1480,948,9
2420,276465,10,1498,963,9
2421,276592,25,1486,960,3
2422,276686,11,1488,958,14
2423,276801,12,1493,956,18
2424,276884,8,1501,940,42
2425,276981,12,1474,946,13
2426,277073,12,1490,956,19
2427,277155,11,1504,960,30
2428,277238,9,1508,947,45
2429,277433,20,1483,953,9
2430,277525,12,1492,957,13
2431,277633,20,1485,963,0
2432,277727,12,1493,969,1
2433,277844,11,1505,978,4
2434,277926,10,1512,970,22
2435,278051,30,1503,969,12
2436,278144,11,1509,965,26
2437,278242,11,1519,970,33
2438,278374,48,1495,974,2
2439,278479,11,1503,975,11
2440,278588,11,1517,988,11
2441,278695,22,1514,990,5
2442,278795,11,1533,995,18
2443,278901,12,1541,989,37
2444,279014,26,1528,1000,10
2445,279117,11,1542,996,28
2446,279226,11,1547,981,55
2447,279315,12,1553,976,71
2448,279429,16,1489,975,0
2449,279544,11,1495,954,30
2450,279780,16,1470,954,0
2451,279865,11,1475,952,0
2452,279958,10,1478,955,0
2453,280041,11,1492,967,3
2454,280131,11,1503,951,37
2455,280230,12,1510,943,50
2456,280328,11,1528,955,54
2457,280466,41,1474,954,3
2458,280566,11,1479,947,15
2459,280666,15,1486,951,17
2460,280780,15,1467,956,0
2461,280886,11,1473,951,12
2462,280991,11,1484,956,17
2463,281106,15,1461,949,0
2464,281223,11,1467,948,6
2465,281322,11,1473,950,6
2466,281424,11,1480,955,9
2467,281545,17,1487,943,24
2468,281666,13,1494,943,30
2469,281772,14,1503,948,33
2470,281868,16,1486,957,2
2471,282080,129,1498,961,7
2472,282186,32,1492,961,2
2473,282267,10,1499,964,6
2474,282350,11,1509,972,6
2475,282431,11,1515,967,18
2476,282531,20,1504,971,3
2477,282639,12,1505,963,6
2478,282726,12,1507,962,10
2479,282838,10,1515,966,12
2480,282952,16,1516,970,10
2481,283032,12,1523,973,13
2482,283128,11,1531,976,16
2483,283207,14,1520,976,0
2484,283311,11,1534,982,6
2485,283424,13,1549,986,11
2486,283528,8,1555,983,20
2487,283637,19,1542,978,10
2488,283731,12,1561,996,12
2489,283841,12,1575,1006,16
2490,283963,34,1568,1004,18
2491,284078,13,1587,1015,24
2492,284186,12,1593,1006,38
2493,284391,39,1562,1011,1
2494,284469,11,1573,1014,9
2495,284551,13,1574,1011,10
2496,284661,28,1578,1009,21
2497,284751,11,1593,1018,34
2498,284852,12,1602,1020,39
2499,284958,26,1608,1018,43
2500,285065,22,1572,1024,1
2501,285143,11,1577,1020,7
2502,285229,12,1579,1017,12
2503,285363,39,1571,1020,1
2504,285457,12,1572,1011,20
2505,285546,12,1590,1022,22
2506,285623,12,1610,1034,32
2507,285762,41,1586,1035,9
2508,285849,11,1597,1039,16
2509,285939,11,1599,1040,16
2510,286040,30,1583,1022,29
2511,286129,13,1594,1030,30
2512,286222,13,1601,1034,32
2513,286295,13,1612,1041,34
2514,286426,40,1620,1080,0
2515,286520,12,1637,1097,0
2516,286725,12,1643,1105,0
2517,286823,11,1650,1102,11
2518,286905,12,1655,1096,23
2519,286992,12,1664,1097,31
2520,287116,32,1641,1093,12
2521,287204,12,1644,1090,17
2522,287285,14,1650,1093,18
2523,287381,12,1657,1097,24
2524,287480,18,1637,1095,10
2525,287593,12,1662,1119,12
2526,287696,13,1676,1128,13
2527,287826,20,1674,1128,9
2528,287930,12,1696,1146,11
2529,288004,13,1700,1140,23
2530,288096,12,1712,1144,32
2531,288198,19,1693,1148,10
2532,288281,12,1695,1147,15
2533,288368,12,1700,1143,17
2534,288460,21,1710,1165,0
2535,288591,12,1714,1169,0
2536,288686,13,1722,1175,2
2537,288776,17,1728,1178,5
2538,288965,25,1729,1171,10
2539,289059,13,1733,1163,19
2540,289186,40,1718,1164,1
2541,289276,12,1725,1159,8
2542,289369,13,1727,1157,13
2543,289466,12,1729,1156,18
2544,289598,36,1717,1161,0
2545,289690,13,1723,1156,12
2546,289786,13,1734,1161,17
2547,289904,31,1722,1150,20
2548,290010,13,1733,1154,26
2549,290108,13,1740,1155,33
2550,290222,21,1712,1155,6
2551,290333,12,1715,1158,6
2552,290422,14,1721,1154,12
2553,290528,18,1726,1159,12
2554,290621,21,1719,1164,0
2555,290728,14,1726,1171,0
2556,290824,12,1743,1187,0
2557,290926,13,1757,1200,0
2558,291027,13,1774,1215,0
2559,291127,14,1784,1223,0
2560,291282,12,1789,1228,0
2561,291382,14,1794,1233,0
2562,291491,12,1803,1242,0
2563,291609,16,1811,1250,0
2564,291702,15,1815,1254,0
2565,291797,14,1825,1261,0
2566,291884,13,1831,1267,0
2567,291981,14,1847,1281,0
2568,292083,13,1866,1288,9
2569,292170,14,1879,1295,17
2570,292265,15,1888,1286,33
2571,292372,44,1860,1275,16
2572,292483,15,1868,1281,18
2573,292602,19,1874,1284,21
2574,292735,34,1857,1286,0
2575,292826,13,1875,1288,13
2576,292927,14,1889,1297,19
2577,293024,18,1887,1309,5
2578,293125,17,1898,1308,15
2579,293228,17,1903,1306,16
2580,293312,14,1909,1305,16
2581,293480,17,1895,1299,6
2582,293574,14,1901,1297,13
2583,293662,14,1914,1308,19
2584,293785,34,1899,1305,11
2585,293879,14,1903,1307,13
2586,293967,13,1919,1315,20
2587,294120,34,1925,1324,13
2588,294219,14,1933,1319,23
2589,294319,14,1949,1326,30
2590,294462,32,1927,1329,4
2591,294551,14,1929,1327,10
2592,294663,15,1935,1330,10
2593,294787,39,1918,1323,3
2594,294875,16,1919,1313,12
2595,294953,13,1929,1318,13
2596,295053,16,1941,1324,16
2597,295192,35,1926,1313,12
2598,295300,15,1929,1311,22
2599,295378,14,1938,1318,24
2600,295521,37,1916,1315,3
2601,295619,15,1921,1316,4
2602,295823,28,1909,1305,5
2603,295917,13,1914,1303,10
2604,295990,13,1918,1305,10
2605,296071,14,1919,1306,10
2606,296177,29,1911,1302,0
2607,296281,13,1914,1302,2
2608,296372,14,1922,1308,3
2609,296473,15,1928,1308,6
2610,296601,34,1937,1308,10
2611,296703,16,1942,1308,20
2612,296807,14,1944,1309,20
2613,296902,17,1935,1304,9
2614,296999,15,1941,1301,14
2615,297102,16,1949,1302,17
2616,297191,12,1968,1313,17
2617,297290,17,1957,1315,4
2618,297390,15,1968,1322,8
2619,297507,16,1979,1328,12
2620,297657,44,1976,1323,17
2621,297756,18,1979,1316,23
2622,297832,15,1982,1318,23
2623,298067,32,1961,1306,7
2624,298148,15,1962,1300,16
2625,298236,14,1966,1302,18
2626,298342,18,1957,1301,11
2627,298439,17,1962,1303,14
2628,298551,15,1977,1311,16
2629,298705,42,1968,1313,3
2630,298802,14,1975,1312,12
2631,298916,17,1990,1322,15
2632,299045,34,1979,1317,13
2633,299131,14,1992,1329,13
2634,299219,14,2005,1339,20
2635,299362,42,1989,1338,3
2636,299469,14,1991,1334,15
2637,299572,21,1997,1335,19
2638,299700,48,1984,1338,0
2639,299793,17,1995,1337,6
2640,299896,16,2007,1347,6
2641,299990,12,2011,1350,6
2642,300126,15,2007,1299,70
