tick,timestamp,query_runtime,trav_index_nodes,trav_vol_nodes,trav_unprod_nodes
0,529,25,6,6,0
1,1007,1,17,17,0
2,1244,2,33,33,0
3,1461,1,39,39,0
4,1772,1,47,47,0
5,1953,1,66,66,0
6,2179,3,70,70,0
7,2367,3,73,73,0
8,2573,7,80,80,0
9,2842,1,88,88,0
10,3056,1,98,98,0
11,3218,2,115,115,0
12,3363,1,119,119,0
13,3543,1,125,125,0
14,3705,1,136,136,0
15,3880,2,155,155,0
16,4058,2,160,160,0
17,4278,2,168,168,0
18,4460,1,174,174,0
19,4642,1,185,185,0
20,4815,2,201,201,0
21,4961,2,219,219,0
22,5161,2,236,236,0
23,5328,2,245,245,0
24,5450,1,262,262,0
25,5641,2,269,269,0
26,5812,3,284,284,0
27,5992,2,288,288,0
28,6133,3,292,292,0
29,6252,3,294,294,0
30,6428,2,302,302,0
31,6560,3,308,308,0
32,6762,2,310,310,0
33,6888,3,326,326,0
34,7009,3,332,332,0
35,7147,2,338,338,0
36,7268,6,342,342,0
37,7472,2,353,353,0
38,7656,4,368,368,0
39,7794,2,384,384,0
40,7949,3,401,401,0
41,8103,3,408,408,0
42,8291,49,414,414,0
43,8400,2,432,432,0
44,8626,4,447,447,0
45,8848,7,457,457,0
46,9042,2,461,461,0
47,9175,3,479,479,0
48,9281,3,481,481,0
49,9415,3,486,486,0
50,9561,3,493,493,0
51,9714,5,498,498,0
52,9854,3,501,501,0
53,10030,5,505,505,0
54,10158,7,508,508,0
55,10624,3,510,510,0
56,10750,3,521,521,0
57,10867,4,536,536,0
58,10963,4,549,549,0
59,11089,5,566,566,0
60,11243,3,569,569,0
61,11392,6,573,573,0
62,11546,3,575,575,0
63,11699,6,582,582,0
64,11850,6,582,582,0
65,12006,5,598,598,0
66,12105,4,602,602,0
67,12194,4,613,613,0
68,12320,5,628,628,0
69,12428,4,632,632,0
70,12566,4,644,644,0
71,12655,4,658,658,0
72,12764,4,662,662,0
73,12855,4,669,669,0
74,12971,7,681,681,0
75,13098,3,693,693,0
76,13202,7,705,705,0
77,13377,4,715,715,0
78,13504,5,722,722,0
79,13658,5,746,746,0
80,13799,5,772,772,0
81,13931,9,776,776,0
82,14017,6,781,781,0
83,14139,6,785,785,0
84,14271,7,791,791,0
85,14373,4,799,799,0
86,14467,5,803,803,0
87,14561,4,811,811,0
88,14662,5,819,819,0
89,14756,5,829,829,0
90,14860,6,831,831,0
91,14966,6,835,835,0
92,15065,5,847,847,0
93,15157,6,857,857,0
94,15236,6,861,861,0
95,15320,6,866,866,0
96,15410,5,873,873,0
97,15523,5,886,886,0
98,15648,5,893,893,0
99,15741,6,896,896,0
100,15853,7,906,906,0
101,15993,6,920,920,0
102,16192,7,924,924,0
103,16324,5,929,929,0
104,16437,6,943,943,0
105,16580,16,947,947,0
106,16711,7,950,950,0
107,16837,9,966,966,0
108,16993,5,969,969,0
109,17132,6,977,977,0
110,17213,7,985,985,0
111,17320,7,992,992,0
112,17432,7,1002,1002,0
113,17541,7,1005,1005,0
114,17652,7,1012,1012,0
115,17738,7,1013,1013,0
116,17815,6,1024,1024,0
117,17938,7,1037,1037,0
118,18033,6,1038,1038,0
119,18141,7,1047,1047,0
120,18248,8,1053,1053,0
121,18373,58,1053,1053,0
122,18481,8,1063,1063,0
123,18627,6,1067,1067,0
124,18740,6,1070,1070,0
125,18873,9,1076,1076,0
126,19000,8,1084,1084,0
127,19110,10,1093,1093,0
128,19233,7,1097,1097,0
129,19332,6,1103,1103,0
130,19415,7,1105,1105,0
131,19509,7,1107,1107,0
132,19616,9,1115,1115,0
133,19725,6,1117,1117,0
134,19818,12,1129,1129,0
135,19934,5,1134,1134,0
136,20032,8,1137,1137,0
137,20114,8,1157,1157,0
138,20224,11,1167,1167,0
139,20340,8,1172,1172,0
140,21221,7,1186,1186,0
141,21331,8,1189,1189,0
142,21458,13,1192,1192,0
143,21591,11,1195,1195,0
144,21696,10,1199,1199,0
145,21813,8,1213,1213,0
146,21927,7,1218,1218,0
147,22024,8,1221,1221,0
148,22122,13,1225,1225,0
149,22229,6,1242,1242,0
150,22310,9,1245,1245,0
151,22404,9,1252,1252,0
152,22493,8,1270,1270,0
153,22598,9,1276,1276,0
154,22713,8,1282,1282,0
155,22812,8,1297,1297,0
156,22929,10,1301,1301,0
157,23013,12,1319,1319,0
158,23086,11,1329,1329,0
159,23198,11,1333,1333,0
160,23327,13,1339,1339,0
161,23442,11,1343,1343,0
162,23590,9,1357,1357,0
163,23730,15,1361,1361,0
164,23861,9,1366,1366,0
165,23955,8,1378,1378,0
166,24042,9,1384,1384,0
167,24148,9,1388,1388,0
168,24244,9,1396,1396,0
169,24326,9,1406,1406,0
170,24418,9,1409,1409,0
171,24511,9,1413,1413,0
172,24633,11,1418,1418,0
173,24722,10,1435,1435,0
174,24866,17,1437,1437,0
175,24978,11,1448,1448,0
176,25075,13,1464,1464,0
177,25182,10,1469,1469,0
178,25297,10,1483,1483,0
179,25377,7,1485,1485,0
180,25464,11,1490,1490,0
181,25568,12,1495,1495,0
182,25663,9,1497,1497,0
183,25777,15,1504,1504,0
184,25968,8,1506,1506,0
185,26041,8,1508,1508,0
186,26139,9,1527,1527,0
187,26248,10,1541,1541,0
188,26338,9,1545,1545,0
189,26435,9,1547,1547,0
190,26537,8,1563,1563,0
191,26647,8,1568,1568,0
192,26752,13,1569,1569,0
193,26948,16,1576,1576,0
194,27054,10,1596,1596,0
195,27129,8,1618,1618,0
196,27227,11,1620,1620,0
197,27331,8,1627,1627,0
198,27435,10,1630,1630,0
199,27537,10,1634,1634,0
200,27656,12,1646,1646,0
201,27764,13,1662,1662,0
202,27863,12,1665,1665,0
203,27942,11,1668,1668,0
204,28038,12,1693,1693,0
205,28128,9,1713,1713,0
206,28290,11,1719,1719,0
207,28382,9,1730,1730,0
208,28472,12,1748,1748,0
209,28597,13,1752,1752,0
210,28739,15,1767,1767,0
211,28844,14,1771,1771,0
212,28947,10,1772,1772,0
213,29040,11,1775,1775,0
214,29138,11,1781,1781,0
215,29226,13,1801,1801,0
216,29303,12,1810,1810,0
217,29412,12,1819,1819,0
218,29507,12,1826,1826,0
219,29623,16,1827,1827,0
220,29731,12,1842,1842,0
221,29850,11,1844,1844,0
222,29963,13,1845,1845,0
223,30064,13,1856,1856,0
224,30157,13,1861,1851,0
225,30334,16,1862,1827,1
226,30469,13,1866,1803,12
227,30614,19,1835,1775,1
228,30753,19,1838,1754,7
229,30905,18,1843,1751,12
230,31019,15,1847,1756,2
231,31155,16,1833,1730,0
232,31284,21,1830,1710,5
233,31385,13,1834,1702,7
234,31533,23,1806,1656,3
235,31643,14,1821,1666,3
236,31749,11,1817,1649,7
237,31871,14,1818,1647,0
238,31994,13,1819,1624,12
239,32091,11,1805,1607,2
240,32232,22,1792,1582,3
241,33395,1070,1790,1479,67
242,33527,25,1671,1385,13
243,33654,15,1641,1360,0
244,33754,12,1647,1357,0
245,33872,10,1643,1342,2
246,33987,12,1639,1330,11
247,34104,16,1616,1310,0
248,34224,10,1621,1306,0
249,34325,11,1629,1303,2
250,34434,18,1630,1296,5
251,34541,11,1631,1296,1
252,34653,17,1636,1294,4
253,34775,20,1637,1290,0
254,34885,11,1634,1282,3
255,35053,12,1611,1251,7
256,35164,14,1610,1249,5
257,35284,26,1606,1243,8
258,35402,12,1600,1224,14
259,35505,8,1600,1218,3
260,35639,19,1600,1216,4
261,35821,21,1598,1207,0
262,35972,21,1606,1207,1
263,36084,13,1608,1205,1
264,36183,10,1602,1196,0
265,36272,11,1613,1200,4
266,36372,28,1621,1198,12
267,36491,11,1618,1186,16
268,36598,10,1586,1168,2
269,36706,21,1590,1162,6
270,36846,14,1590,1160,3
271,36969,24,1580,1147,2
272,37077,23,1589,1147,12
273,37253,11,1557,1118,13
274,37366,15,1538,1108,0
275,37452,16,1534,1104,0
276,37557,15,1535,1104,0
277,37668,22,1544,1111,0
278,37770,12,1555,1117,0
279,37885,14,1563,1123,0
280,38012,13,1560,1108,12
281,38127,17,1559,1113,2
282,38232,17,1556,1094,10
283,38319,15,1568,1104,10
284,38436,11,1549,1093,3
285,38529,9,1570,1115,0
286,38630,16,1571,1115,0
287,38759,15,1570,1105,0
288,38896,11,1574,1101,11
289,38996,12,1567,1097,10
290,39108,15,1552,1086,0
291,39209,10,1560,1091,0
292,39378,18,1563,1087,10
293,39532,28,1548,1080,0
294,39669,26,1545,1074,2
295,39794,22,1541,1072,0
296,39907,12,1541,1073,0
297,40011,16,1539,1070,1
298,40118,25,1534,1066,5
299,40229,17,1534,1056,12
300,40339,10,1526,1060,0
301,40438,10,1539,1069,0
302,40547,12,1550,1080,0
303,40682,34,1549,1076,4
304,40864,15,1558,1074,2
305,41017,14,1542,1049,4
306,41125,28,1537,1042,2
307,41233,20,1541,1045,3
308,41416,90,1546,1026,17
309,41512,15,1535,1027,5
310,41618,13,1542,1040,0
311,41703,10,1556,1047,7
312,41801,13,1547,1042,1
313,41895,11,1552,1020,26
314,42001,9,1539,1026,7
315,42102,18,1535,1027,3
316,42197,14,1536,1029,0
317,42287,10,1552,1038,7
318,42381,12,1540,1029,4
319,42481,10,1542,1028,6
320,42560,13,1541,1027,1
321,42674,18,1551,1025,14
322,42778,12,1530,1019,3
323,42876,12,1539,1025,1
324,42991,10,1541,1014,7
325,43111,12,1526,1002,2
326,43220,17,1529,995,11
327,43391,14,1527,992,7
328,43480,15,1522,982,11
329,43590,12,1526,993,1
330,43693,13,1525,991,0
331,43821,28,1519,985,0
332,43944,30,1512,958,15
333,44040,14,1489,953,2
334,44135,19,1492,951,7
335,44221,15,1494,955,2
336,44316,12,1511,970,3
337,44389,11,1524,982,4
338,44477,9,1525,981,5
339,44610,13,1524,974,13
340,44729,18,1511,970,0
341,44843,10,1511,969,6
342,44934,16,1508,970,1
343,45041,15,1513,975,0
344,45129,9,1533,984,4
345,45334,13,1514,972,4
346,45446,9,1509,968,6
347,45559,16,1518,973,4
348,45672,28,1519,976,0
349,45768,12,1530,989,3
350,45893,14,1548,1000,3
351,45977,16,1543,993,4
352,46075,12,1562,1011,0
353,46162,11,1569,1015,3
354,46246,11,1572,1009,10
355,46332,14,1561,1002,4
356,46412,18,1557,1001,0
357,46511,11,1562,989,1
358,46627,29,1561,979,12
359,46731,9,1570,997,2
360,46835,9,1581,1007,1
361,46957,14,1577,1007,0
362,47158,11,1572,990,3
363,47240,13,1582,995,11
364,47333,8,1580,997,8
365,47425,13,1597,1014,8
366,47519,17,1593,1007,9
367,47610,12,1598,1013,6
368,47720,23,1593,1014,2
369,47824,20,1592,1010,0
370,47937,24,1595,1014,4
371,48035,12,1591,1014,1
372,48126,22,1610,1030,5
373,48244,13,1608,1029,0
374,48331,9,1621,1040,3
375,48412,11,1629,1044,0
376,48517,18,1637,1049,0
377,48623,12,1650,1060,1
378,48824,97,1652,1056,3
379,48919,12,1647,1049,2
380,49025,11,1657,1059,1
381,49112,15,1668,1069,0
382,49224,18,1675,1066,4
383,49341,30,1669,1065,0
384,49440,13,1677,1069,7
385,49551,9,1668,1064,1
386,49641,11,1664,1065,0
387,49748,22,1665,1066,4
388,49867,15,1668,1074,2
389,49950,13,1670,1076,3
390,50058,14,1660,1074,0
391,50160,16,1666,1081,0
392,50252,12,1675,1078,3
393,50365,16,1663,1067,0
394,50570,109,1668,1072,0
395,50680,12,1683,1086,0
396,50797,9,1693,1094,0
397,50890,16,1705,1106,0
398,50978,13,1710,1110,0
399,51066,12,1727,1126,0
400,51144,11,1733,1132,0
401,51231,10,1739,1135,2
402,51329,23,1736,1134,5
403,51426,13,1733,1127,10
404,51524,22,1727,1127,3
405,51645,23,1707,1109,5
406,51764,17,1705,1103,8
407,51885,20,1708,1105,0
408,52008,14,1716,1110,1
409,52194,11,1722,1108,0
410,52290,15,1730,1114,4
411,52389,10,1733,1119,2
412,52476,15,1730,1116,0
413,52577,17,1737,1119,4
414,52681,17,1738,1120,5
415,52800,12,1732,1115,1
416,52888,11,1732,1111,14
417,52976,17,1727,1115,4
418,53078,14,1730,1117,0
419,53173,13,1745,1128,4
420,53290,10,1758,1134,5
421,53388,11,1774,1149,2
422,53489,13,1775,1152,0
423,53679,11,1790,1151,12
424,53778,12,1789,1156,6
425,53889,14,1802,1166,4
426,53984,24,1801,1166,2
427,54086,28,1803,1167,2
428,54188,14,1804,1168,3
429,54291,11,1802,1169,0
430,54395,24,1808,1178,1
431,54475,13,1810,1178,2
432,54608,20,1833,1191,2
433,54710,23,1829,1185,0
434,54813,14,1827,1177,11
435,54911,12,1819,1175,0
436,56446,1443,1821,1147,38
437,56577,27,1740,1102,0
438,56665,9,1746,1100,4
439,56762,10,1738,1101,0
440,56879,12,1741,1099,0
441,56972,12,1742,1099,0
442,57071,9,1750,1104,0
443,57160,13,1762,1117,0
444,57272,41,1765,1117,3
445,57357,16,1764,1118,4
446,57425,17,1762,1110,16
447,57509,16,1752,1115,0
448,57609,13,1754,1118,3
449,57726,21,1749,1113,9
450,57845,20,1738,1109,2
451,57915,13,1738,1111,0
452,58009,12,1742,1110,3
453,58090,11,1750,1118,2
454,58165,18,1742,1115,0
455,58263,12,1751,1119,2
456,58348,12,1765,1131,5
457,58436,14,1786,1151,5
458,58542,12,1785,1154,1
459,58692,60,1798,1166,3
460,58797,12,1815,1183,1
461,58878,16,1820,1188,0
462,58963,20,1819,1188,0
463,59043,13,1827,1191,6
464,59136,12,1828,1195,2
465,59234,17,1827,1191,5
466,59331,14,1834,1200,0
467,59439,15,1835,1200,2
468,59533,20,1844,1212,2
469,59638,15,1848,1221,0
470,59742,13,1846,1222,0
471,59843,14,1866,1234,6
472,59951,13,1862,1230,0
473,60159,25,1814,1167,41
474,60271,21,1765,1157,10
475,60388,9,1758,1159,0
476,60495,15,1746,1140,15
477,60619,16,1735,1143,3
478,60726,15,1733,1136,6
479,60838,11,1725,1124,11
480,60934,13,1716,1127,0
481,61042,20,1701,1112,12
482,61175,12,1674,1095,0
483,61257,15,1674,1095,0
484,61377,25,1653,1071,19
485,61512,16,1634,1070,0
486,61726,17,1621,1052,13
487,61833,19,1600,1037,1
488,61919,17,1603,1030,12
489,62017,17,1590,1026,3
490,62141,26,1543,986,7
491,62241,11,1539,981,11
492,62356,12,1532,984,2
493,62439,10,1532,986,0
494,62526,11,1551,999,0
495,62634,9,1560,1008,0
496,62749,9,1581,1028,0
497,62852,11,1587,1034,0
498,62954,10,1604,1048,0
499,63042,11,1616,1058,0
500,63140,10,1624,1063,0
501,63325,13,1639,1076,0
502,63413,11,1648,1084,0
503,63510,12,1661,1087,13
504,63634,17,1671,1108,4
505,63746,12,1682,1118,2
506,63905,23,1661,1096,1
507,64037,17,1654,1088,0
508,64144,13,1646,1075,6
509,64229,20,1647,1083,0
510,64324,15,1653,1079,7
511,64395,18,1650,1058,26
512,64485,10,1635,1051,20
513,64583,23,1615,1052,11
514,64684,15,1602,1042,5
515,64795,13,1571,1020,0
516,65002,19,1552,1010,9
517,65083,11,1546,1008,1
518,65187,18,1550,1008,7
519,65268,18,1560,1026,0
520,65369,21,1572,1028,15
521,65479,8,1563,1022,7
522,65600,11,1559,1021,4
523,65696,11,1546,1012,4
524,65786,9,1548,1016,3
525,65876,12,1551,1020,1
526,65975,17,1569,1039,3
527,66086,25,1553,1022,0
528,66205,11,1554,1017,2
529,66333,12,1549,1006,13
530,66452,18,1545,1013,0
531,66629,10,1539,1010,0
532,66736,12,1548,1020,1
533,66829,17,1552,1017,6
534,66931,13,1549,1016,3
535,67025,14,1546,1016,0
536,67119,12,1551,1009,0
537,67215,11,1558,1014,3
538,67316,18,1549,1008,2
539,67409,11,1549,996,15
540,67517,11,1546,1006,0
541,67606,19,1571,1024,5
542,67723,20,1571,1023,12
543,67827,17,1564,1025,4
544,67929,20,1557,1026,1
545,68039,10,1575,1026,20
546,68131,22,1568,1031,4
547,68347,12,1560,1018,13
548,68442,14,1551,1014,10
549,68524,24,1555,1020,6
550,68614,12,1554,1025,0
551,68714,11,1560,1031,0
552,68841,17,1566,1028,12
553,68944,11,1555,1026,1
554,69036,14,1557,1028,1
555,69132,24,1538,1020,0
556,69232,20,1531,1015,0
557,69328,11,1537,1018,6
558,69427,16,1546,1014,25
559,69534,11,1528,1019,1
560,69630,22,1550,1039,0
561,69730,12,1552,1030,13
562,69834,17,1541,1031,2
563,70051,14,1545,1035,0
564,70161,12,1554,1037,3
565,70257,14,1560,1046,0
566,70354,19,1559,1043,0
567,70453,15,1562,1042,3
568,70547,10,1561,1022,23
569,70646,13,1546,1024,7
570,70750,17,1548,1028,2
571,70846,12,1555,1034,3
572,70941,12,1582,1057,0
573,71032,10,1584,1049,10
574,71135,20,1562,1041,4
575,71235,13,1559,1039,0
576,71342,15,1558,1041,0
577,71477,35,1565,1043,0
578,71552,12,1578,1055,3
579,71747,21,1547,1030,3
580,71845,11,1556,1040,0
581,71933,9,1562,1038,3
582,72030,25,1570,1045,1
583,72129,18,1573,1050,0
584,72230,18,1577,1050,0
585,72314,12,1588,1049,4
586,72409,17,1587,1048,0
587,72526,24,1597,1053,5
588,72623,13,1601,1059,3
589,72728,23,1605,1064,4
590,72818,22,1584,1053,0
591,72910,14,1584,1049,2
592,73023,26,1579,1045,4
593,73120,16,1560,1032,2
594,73214,16,1555,1030,0
595,75045,43,1423,916,1
596,75138,9,1427,918,0
597,75246,8,1442,929,0
598,75362,10,1447,931,0
599,75444,9,1451,934,0
600,75556,13,1458,938,3
601,75677,10,1468,947,0
602,75783,14,1483,955,1
603,75883,20,1507,976,1
604,75975,11,1529,994,3
605,76097,19,1517,991,0
606,76208,14,1509,986,0
607,76283,9,1514,980,13
608,76385,21,1495,977,4
609,76481,10,1506,985,2
610,76585,18,1506,987,0
611,76674,12,1519,998,0
612,76794,23,1517,993,5
613,76885,9,1520,999,0
614,76981,14,1516,987,4
615,77063,11,1523,998,0
616,77160,15,1516,990,8
617,77245,11,1530,1007,1
618,77365,11,1536,1012,2
619,77471,17,1536,1011,3
620,77565,21,1536,1010,2
621,77670,16,1550,1020,3
622,77821,11,1544,1015,0
623,77935,23,1552,1020,4
624,78028,22,1547,1019,1
625,78092,10,1555,1027,3
626,78177,11,1558,1030,3
627,78276,14,1553,1029,3
628,78381,18,1555,1033,0
629,78486,10,1562,1031,5
630,78609,15,1561,1030,3
631,78720,16,1564,1022,7
632,78803,10,1558,1023,0
633,78916,25,1554,1019,0
634,78999,12,1568,1027,6
635,79105,17,1563,1023,1
636,79188,18,1568,1019,4
637,79293,11,1571,1017,3
638,79464,81,1568,1016,1
639,79582,13,1574,1018,12
640,79692,25,1562,1018,0
641,79802,13,1586,1036,0
642,79905,13,1600,1047,1
643,79996,13,1597,1048,0
644,80081,15,1596,1042,0
645,80162,12,1616,1059,0
646,80233,10,1643,1076,5
647,80324,15,1647,1079,4
648,80396,11,1657,1089,6
649,80487,11,1662,1094,8
650,80575,13,1673,1110,0
651,80679,16,1672,1108,0
652,80792,12,1674,1102,6
653,80875,15,1673,1104,0
654,80996,34,1672,1103,3
655,81198,12,1654,1092,0
656,81270,13,1660,1097,3
657,81355,12,1678,1116,0
658,81445,12,1703,1139,0
659,81540,24,1712,1142,7
660,81645,9,1718,1146,8
661,81750,16,1727,1161,0
662,81861,17,1724,1152,1
663,81976,12,1732,1156,4
664,82053,13,1737,1164,0
665,82152,12,1757,1172,0
666,82251,19,1772,1183,0
667,82341,12,1773,1182,3
668,82445,12,1786,1192,3
669,82549,15,1791,1186,14
670,82760,126,1802,1189,11
671,82871,17,1791,1183,3
672,82949,11,1794,1183,8
673,83030,12,1786,1182,2
674,83106,12,1792,1187,5
675,83218,20,1795,1187,5
676,83325,18,1791,1186,0
677,83406,13,1807,1200,0
678,83518,18,1810,1204,2
679,83625,20,1815,1211,0
680,83734,11,1819,1211,4
681,83814,11,1818,1212,0
682,83913,18,1816,1205,0
683,84012,16,1823,1211,4
684,84112,16,1834,1223,3
685,84212,16,1834,1227,0
686,84436,25,1819,1210,2
687,84537,13,1821,1210,4
688,84653,13,1816,1206,4
689,84763,17,1825,1215,0
690,84863,18,1825,1212,2
691,84973,14,1832,1214,2
692,85062,14,1845,1224,0
693,85157,13,1849,1228,0
694,85257,13,1864,1243,0
695,85337,11,1866,1245,0
696,85427,14,1877,1256,0
697,85498,12,1892,1271,0
698,85609,14,1897,1274,0
699,85706,13,1906,1283,0
700,85918,13,1915,1292,0
701,86003,11,1929,1304,0
702,86092,11,1944,1319,0
703,86184,12,1953,1328,0
704,86257,13,1957,1332,0
705,86359,14,1963,1337,0
706,86456,12,1963,1337,0
707,86598,37,1947,1327,3
708,86684,13,1948,1327,5
709,86773,16,1949,1325,4
710,86877,22,1951,1321,4
711,86970,22,1957,1333,0
712,87056,20,1955,1329,2
713,87146,28,1957,1332,0
714,87358,16,1943,1321,0
715,87456,13,1955,1331,0
716,87549,16,1960,1324,14
717,87656,19,1955,1328,5
718,87777,20,1949,1319,3
719,87886,18,1955,1324,3
720,87987,13,1953,1320,6
721,88086,17,1959,1329,2
722,88171,16,1975,1341,0
723,88263,23,1972,1338,0
724,88354,16,1983,1346,0
725,88472,22,1987,1348,0
726,88717,29,1983,1342,0
727,88839,16,1992,1349,0
728,88924,21,2003,1357,4
729,89000,14,2008,1362,1
730,89087,12,2014,1368,1
731,89174,18,2023,1369,3
732,89277,20,2018,1363,1
733,89351,13,2022,1365,1
734,89424,23,2037,1375,10
735,89524,18,2038,1384,0
736,89622,14,2041,1381,0
737,89723,19,2050,1390,0
738,89962,149,2063,1395,4
739,90083,18,2025,1366,9
740,90201,14,2028,1373,0
741,90305,15,2018,1364,1
742,90404,13,2038,1355,40
743,90546,21,1979,1343,2
744,90677,19,1953,1304,22
745,90786,22,1925,1296,4
746,90885,16,1933,1298,18
747,90993,20,1910,1273,30
748,91088,26,1870,1262,0
749,91192,11,1874,1253,17
750,91413,15,1822,1223,2
751,91536,13,1803,1207,0
752,91639,13,1796,1203,0
753,91733,13,1812,1207,12
754,91847,13,1794,1193,12
755,91964,20,1784,1188,8
756,92071,20,1778,1175,9
757,92162,14,1779,1164,27
758,92263,17,1759,1168,0
759,92375,19,1754,1162,0
760,92494,11,1736,1132,14
761,92603,14,1729,1132,6
762,92800,13,1709,1123,5
763,92888,15,1711,1128,0
764,92981,15,1715,1131,2
765,93066,25,1704,1113,12
766,93177,17,1673,1097,5
767,93268,12,1678,1104,0
768,93355,14,1679,1103,3
769,93455,16,1679,1098,13
770,93563,24,1669,1073,28
771,93683,25,1639,1070,3
772,93806,11,1652,1084,0
773,93912,11,1658,1074,15
774,94022,23,1641,1067,4
775,94121,13,1639,1065,6
776,95833,37,1419,862,4
777,95949,9,1410,850,11
778,96052,8,1409,857,0
779,96167,8,1399,851,0
780,96256,8,1391,844,2
781,96339,10,1399,854,0
782,96454,11,1403,858,0
783,96562,16,1407,862,0
784,96669,17,1399,855,0
785,96830,20,1399,851,0
786,96941,9,1403,851,6
787,97063,13,1384,839,0
788,97161,15,1396,844,3
789,97262,20,1396,843,5
790,97353,14,1398,851,1
791,97457,10,1396,846,2
792,97554,9,1412,858,0
793,97667,17,1416,846,15
794,97773,20,1409,851,4
795,97882,10,1439,865,31
796,97987,9,1409,864,0
797,98098,18,1406,867,0
798,98193,10,1410,868,3
799,98276,11,1415,874,0
800,98423,71,1404,864,1
801,98494,10,1416,876,0
802,98599,15,1429,882,7
803,98696,9,1425,883,2
804,98798,18,1440,888,14
805,98884,10,1417,876,3
806,98971,10,1437,889,13
807,99069,13,1409,880,0
808,99171,16,1420,876,8
809,99292,20,1423,877,14
810,99399,12,1412,881,0
811,99472,10,1416,885,0
812,99572,16,1407,882,0
813,99664,11,1413,878,12
814,99771,15,1382,865,2
815,99867,18,1378,852,14
816,99974,12,1372,858,0
817,100133,9,1383,862,4
818,100226,9,1383,853,17
819,100331,19,1379,865,8
820,100445,12,1372,862,8
821,100553,14,1371,865,2
822,100659,16,1376,873,0
823,100766,14,1374,862,15
824,100866,21,1368,869,0
825,100970,14,1371,870,0
826,101049,10,1369,870,0
827,101136,13,1375,866,11
828,101227,15,1372,878,0
829,101327,10,1387,874,13
830,101434,14,1393,880,6
831,101527,16,1399,890,2
832,101642,17,1402,895,0
833,101840,10,1419,903,11
834,101945,8,1411,900,5
835,102044,11,1407,891,11
836,102127,14,1390,884,7
837,102233,10,1394,889,4
838,102305,12,1415,909,4
839,102391,11,1429,912,19
840,102494,15,1421,920,0
841,102598,9,1440,940,0
842,102699,18,1439,937,0
843,102787,15,1451,937,15
844,102927,28,1432,934,2
845,103031,25,1437,937,3
846,103122,21,1428,927,0
847,103210,16,1437,934,5
848,103311,14,1433,935,0
849,103505,10,1454,952,0
850,103597,10,1484,982,0
851,103694,9,1500,998,0
852,103773,11,1503,1001,0
853,103878,9,1511,1007,0
854,103974,12,1516,1011,0
855,104073,12,1520,1015,0
856,104190,8,1522,1017,0
857,104305,11,1528,1023,0
858,104387,11,1545,1040,0
859,104544,9,1554,1047,0
860,104678,21,1560,1053,0
861,104774,13,1568,1060,0
862,104866,14,1587,1078,0
863,104951,11,1600,1088,0
864,105054,13,1613,1099,0
865,105225,11,1627,1095,22
866,105319,13,1613,1101,0
867,105417,11,1620,1106,3
868,105525,15,1614,1098,5
869,105617,16,1612,1095,11
870,105694,8,1600,1086,8
871,105789,13,1599,1090,0
872,105883,18,1617,1092,10
873,105974,20,1610,1092,1
874,106072,15,1621,1102,1
875,106170,17,1626,1103,3
876,106257,13,1629,1102,6
877,106341,11,1629,1087,16
878,106433,15,1626,1100,0
879,106538,13,1635,1103,1
880,106773,14,1626,1086,9
881,106902,17,1622,1090,1
882,106986,11,1618,1087,2
883,107068,12,1629,1096,3
884,107170,15,1638,1108,0
885,107261,9,1654,1104,19
886,107371,13,1638,1099,14
887,107461,14,1636,1110,5
888,107566,22,1631,1110,3
889,107674,25,1635,1106,8
890,107769,12,1629,1102,3
891,107884,25,1629,1105,0
892,107986,18,1630,1103,10
893,108071,13,1623,1106,0
894,108278,10,1623,1111,0
895,108372,16,1624,1102,11
896,108458,20,1617,1106,0
897,108546,11,1632,1109,6
898,108654,19,1632,1115,1
899,108745,10,1637,1121,0
900,108828,9,1647,1124,6
901,108941,24,1647,1129,2
902,109032,26,1647,1128,0
903,109143,9,1657,1133,3
904,109242,12,1662,1136,0
905,109335,16,1665,1139,2
906,109436,10,1665,1138,0
907,109669,150,1672,1135,14
908,109755,14,1641,1115,1
909,109853,12,1638,1113,0
910,109955,17,1639,1113,0
911,110033,11,1640,1107,3
912,110127,21,1636,1099,7
913,110234,9,1641,1108,0
914,110330,10,1648,1110,1
915,110445,13,1653,1118,4
916,110539,29,1641,1107,0
917,110646,13,1651,1110,2
918,110735,10,1654,1112,5
919,110819,22,1656,1116,0
920,111035,132,1674,1131,4
921,111107,9,1665,1129,0
922,111194,9,1672,1131,2
923,111283,10,1675,1133,5
924,111377,20,1677,1137,0
925,111478,26,1686,1145,5
926,111580,22,1689,1147,10
927,111690,22,1696,1159,0
928,111785,11,1704,1156,0
929,111905,15,1698,1147,1
930,111995,11,1699,1145,4
931,112092,16,1702,1145,0
932,112171,18,1708,1152,0
933,112422,18,1708,1137,9
934,112518,13,1708,1133,10
935,112626,15,1707,1139,2
936,112758,9,1710,1145,0
937,112887,10,1716,1145,1
938,112991,11,1723,1147,5
939,113079,12,1712,1132,7
940,113177,15,1709,1133,3
941,113282,14,1711,1132,0
942,113368,20,1715,1131,4
943,113453,14,1722,1138,1
944,113568,22,1727,1140,5
945,113781,13,1728,1146,0
946,113888,22,1745,1156,8
947,114002,13,1744,1159,1
948,114084,14,1750,1164,3
949,114163,15,1760,1176,0
950,114240,11,1766,1181,2
951,114324,12,1775,1192,0
952,114411,13,1788,1202,3
953,114507,16,1785,1198,5
954,114616,17,1774,1194,0
955,114731,20,1771,1189,5
956,114814,14,1771,1188,4
957,114997,14,1782,1195,5
958,115092,11,1785,1196,2
959,115204,12,1797,1204,0
960,115313,17,1798,1205,1
961,115384,17,1797,1197,5
962,115480,11,1805,1206,6
963,115581,11,1804,1206,4
964,115669,16,1813,1219,0
965,115769,14,1815,1221,0
966,115882,10,1828,1231,2
967,115975,16,1830,1228,7
968,116085,11,1831,1229,6
969,116175,23,1825,1228,2
970,116352,30,1840,1241,5
971,116431,11,1832,1232,2
972,116530,26,1825,1226,4
973,116620,16,1824,1229,0
974,116727,26,1824,1225,0
975,116833,20,1826,1222,6
976,116935,17,1817,1217,0
977,117037,11,1827,1220,5
978,117127,21,1841,1235,2
979,117215,15,1847,1243,0
980,117305,12,1856,1252,0
981,117385,12,1870,1264,0
982,117488,12,1866,1260,0
983,117666,15,1867,1259,0
984,117789,10,1871,1261,2
985,117885,13,1865,1252,4
986,118002,13,1862,1250,7
987,118104,14,1865,1257,0
988,118191,12,1875,1263,0
989,118287,13,1882,1264,2
990,118391,13,1887,1267,0
991,118477,16,1897,1272,2
992,118581,27,1897,1272,0
993,118687,12,1912,1283,0
994,118777,24,1913,1282,0
995,120415,14,1919,1139,185
996,120561,12,1732,1135,2
997,120687,13,1710,1119,0
998,120806,15,1703,1110,2
999,120929,12,1681,1079,19
1000,121024,14,1659,1062,13
1001,121133,9,1660,1063,9
1002,121283,9,1649,1055,0
1003,121370,13,1672,1075,0
1004,121472,21,1671,1070,7
1005,121587,28,1650,1056,4
1006,121753,34,1640,1051,2
1007,121882,20,1626,1020,23
1008,121986,10,1596,983,30
1009,122093,12,1576,986,0
1010,122205,11,1580,986,3
1011,122286,17,1582,971,19
1012,122388,17,1558,955,11
1013,122511,21,1550,951,11
1014,122669,13,1534,944,6
1015,122763,11,1533,937,13
1016,122884,14,1520,919,23
1017,122994,14,1508,923,4
1018,123073,16,1500,921,0
1019,123180,20,1476,900,7
1020,123269,11,1481,901,2
1021,123386,8,1479,884,20
1022,123480,16,1458,874,12
1023,123589,30,1447,864,11
1024,123713,23,1410,854,0
1025,123821,13,1417,857,2
1026,123924,14,1413,854,0
1027,123993,10,1423,862,0
1028,124195,9,1421,857,0
1029,124302,11,1429,864,0
1030,124397,10,1438,870,0
1031,124489,10,1448,879,0
1032,124603,9,1452,883,0
1033,124709,10,1458,889,0
1034,124815,13,1470,899,0
1035,124921,11,1478,904,0
1036,125011,11,1494,918,0
1037,125114,11,1497,921,0
1038,125207,10,1506,928,0
1039,125303,12,1513,935,0
1040,125391,9,1524,943,0
1041,125501,11,1534,953,0
1042,125677,91,1554,973,0
1043,125769,13,1565,976,3
1044,125879,22,1561,972,3
1045,125975,11,1559,964,14
1046,126065,23,1548,967,0
1047,126175,19,1548,969,3
1048,126287,19,1515,949,0
1049,126373,16,1510,945,4
1050,126440,8,1521,949,12
1051,126547,13,1520,945,17
1052,126691,17,1510,933,18
1053,126772,15,1500,939,0
1054,126875,16,1509,949,1
1055,126960,11,1512,939,11
1056,127066,14,1493,916,16
1057,127253,10,1480,914,0
1058,127337,10,1494,920,13
1059,127425,13,1485,922,3
1060,127533,16,1474,915,12
1061,127648,12,1470,920,3
1062,127762,14,1482,927,6
1063,127889,12,1479,930,0
1064,127984,12,1471,909,9
1065,128077,14,1481,912,16
1066,128174,15,1470,905,12
1067,128281,8,1479,923,1
1068,128352,12,1481,921,0
1069,128421,15,1481,921,0
1070,128506,16,1496,935,0
1071,128592,11,1492,928,8
1072,128827,19,1479,924,0
1073,128925,12,1489,928,4
1074,129030,14,1488,925,9
1075,129130,20,1484,922,4
1076,129225,14,1480,919,4
1077,129319,16,1491,932,0
1078,129414,15,1490,933,0
1079,129492,8,1507,950,0
1080,129608,17,1509,948,0
1081,129714,11,1506,939,3
1082,129827,20,1503,938,3
1083,129930,18,1507,941,3
1084,130033,11,1504,942,2
1085,130140,9,1494,937,8
1086,130353,130,1492,941,1
1087,130456,16,1490,936,3
1088,130563,17,1479,925,3
1089,130640,8,1496,941,3
1090,130738,9,1497,926,20
1091,130844,12,1485,928,3
1092,130937,9,1493,920,20
1093,131032,16,1483,914,14
1094,131107,17,1462,911,1
1095,131209,15,1473,918,1
1096,131311,13,1467,910,3
1097,131387,15,1470,907,10
1098,131486,9,1462,905,2
1099,131578,10,1473,916,0
1100,131695,12,1492,927,3
1101,131931,14,1479,910,3
1102,132034,17,1472,895,10
1103,132135,12,1464,896,4
1104,132227,20,1461,894,2
1105,132331,10,1468,897,4
1106,132437,18,1473,897,5
1107,132541,11,1470,896,8
1108,132634,13,1468,902,0
1109,132753,12,1471,900,3
1110,132861,16,1468,901,0
1111,132945,9,1476,906,0
1112,133022,10,1488,915,3
1113,133129,11,1494,918,6
1114,133205,11,1488,916,0
1115,133292,14,1500,923,3
1116,133504,15,1501,925,1
1117,133622,19,1504,927,2
1118,133736,12,1508,938,0
1119,133845,13,1518,948,0
1120,133967,16,1515,943,4
1121,134111,15,1511,944,0
1122,134176,12,1526,936,17
1123,134282,18,1508,938,0
1124,134363,10,1509,937,2
1125,134464,23,1511,940,0
1126,134563,15,1516,943,0
1127,134663,10,1519,942,4
1128,134758,17,1519,944,3
1129,134989,17,1514,938,2
1130,135079,9,1517,942,0
1131,135157,11,1519,944,0
1132,135237,8,1534,954,1
1133,135343,13,1526,944,4
1134,135437,13,1532,944,3
1135,135579,34,1517,928,12
1136,135692,11,1503,928,2
1137,135803,15,1500,923,2
1138,135884,10,1510,928,3
1139,135978,10,1512,931,2
1140,136078,15,1517,934,3
1141,136161,11,1521,936,0
1142,136264,13,1532,943,0
1143,136493,20,1553,947,6
1144,136604,12,1561,952,6
1145,136695,11,1559,955,0
1146,136789,9,1566,956,0
1147,136886,32,1587,966,4
1148,136979,19,1583,965,2
1149,137084,14,1584,962,7
1150,137174,12,1593,971,8
1151,137275,16,1588,974,2
1152,137376,19,1593,978,9
1153,137486,23,1574,965,8
1154,137591,23,1571,964,0
1155,137726,17,1565,958,0
1156,137931,8,1571,948,23
1157,138025,18,1553,955,0
1158,138109,14,1539,945,0
1159,138220,11,1554,957,0
1160,138318,21,1570,960,18
1161,138418,24,1552,955,9
1162,138511,16,1557,962,9
1163,138630,19,1550,961,2
1164,138711,11,1548,960,5
1165,138793,11,1546,954,9
1166,138903,17,1542,953,4
1167,139011,16,1550,961,5
1168,139120,15,1554,962,2
1169,139301,91,1560,964,1
1170,139402,10,1566,967,6
1171,139489,11,1563,968,5
1172,139579,11,1558,968,0
1173,139677,12,1573,982,0
1174,139775,12,1599,1003,1
1175,139883,9,1606,1010,0
1176,139979,24,1610,1012,5
1177,140065,13,1606,1010,3
1178,140159,13,1616,1014,1
1179,140284,21,1609,1001,0
1180,140390,13,1627,1019,0
1181,140480,10,1638,1027,0
1182,140588,14,1643,1023,7
1183,140687,18,1643,1025,0
1184,140837,11,1641,1024,0
1185,140934,10,1644,1025,2
1186,141039,10,1643,1026,0
1187,141139,23,1649,1032,0
1188,141248,12,1645,1028,0
1189,141338,11,1650,1028,3
1190,141459,24,1647,1027,0
1191,141577,23,1648,1029,0
1192,141692,15,1656,1033,7
1193,141791,13,1655,1025,6
1194,141891,18,1650,1021,10
1195,141984,20,1647,1024,5
1196,142086,11,1646,1025,2
1197,142232,68,1655,1033,0
1198,142301,12,1662,1036,0
1199,142387,10,1665,1037,2
1200,142489,12,1674,1049,5
1201,142571,17,1682,1061,0
1202,142680,21,1691,1068,0
1203,142785,23,1692,1064,4
1204,142917,16,1695,1062,0
1205,143022,22,1699,1061,4
1206,143107,14,1719,1082,4
1207,143215,16,1715,1071,8
1208,143312,14,1713,1071,10
1209,143409,25,1711,1079,0
1210,143494,18,1724,1089,1
1211,143591,17,1725,1093,1
1212,143774,12,1721,1087,6
1213,143871,15,1731,1098,3
1214,143976,26,1732,1097,10
1215,144073,21,1719,1094,0
1216,144156,12,1725,1098,0
1217,144233,15,1730,1100,1
1218,144312,15,1746,1113,1
1219,144395,12,1745,1108,8
1220,144488,15,1750,1113,7
1221,144590,15,1751,1113,2
1222,144693,12,1753,1117,2
1223,144804,15,1771,1130,7
1224,144897,25,1776,1142,3
1225,145045,73,1787,1154,0
1226,145145,11,1793,1155,2
1227,145246,12,1806,1168,1
1228,145361,15,1817,1175,0
1229,145468,19,1814,1168,1
1230,145564,20,1825,1179,2
1231,145680,20,1823,1180,0
1232,145772,19,1833,1191,0
1233,145887,20,1837,1182,11
1234,145990,26,1824,1184,0
1235,146088,14,1828,1181,5
1236,146179,20,1827,1183,3
1237,146289,14,1822,1181,0
1238,146461,89,1827,1186,0
1239,146561,19,1835,1193,0
1240,146688,19,1850,1200,6
1241,146783,17,1846,1202,0
1242,146888,13,1853,1202,2
1243,146986,14,1846,1197,2
1244,147069,15,1846,1198,0
1245,147172,20,1848,1198,4
1246,147274,22,1849,1200,5
1247,147371,14,1851,1202,0
1248,147474,21,1852,1196,6
1249,147584,10,1847,1198,0
1250,147681,24,1848,1201,0
1251,147877,103,1851,1198,4
1252,147993,12,1843,1189,7
1253,148091,14,1840,1192,6
1254,148183,19,1836,1193,0
1255,148286,24,1847,1196,2
1256,148378,24,1843,1193,7
1257,148465,13,1838,1190,1
1258,148555,15,1846,1197,2
1259,148633,11,1850,1202,0
1260,148723,16,1854,1203,0
1261,148815,14,1855,1202,4
1262,148912,19,1874,1220,5
1263,149018,15,1892,1240,0
1264,149092,12,1894,1242,0
1265,149281,10,1898,1246,0
1266,149375,14,1908,1251,0
1267,149457,11,1915,1257,0
1268,149555,14,1921,1262,0
1269,149678,16,1927,1268,0
1270,149770,14,1935,1274,0
1271,149864,16,1956,1295,0
1272,149964,14,1983,1319,0
1273,150083,14,1988,1324,0
1274,150203,14,1998,1333,0
1275,150315,14,2005,1340,0
1276,150433,18,2010,1344,3
1277,150548,19,2018,1350,17
1278,150767,17,1994,1302,61
1279,150896,27,1933,1298,9
1280,150996,22,1915,1260,41
1281,151112,23,1857,1240,4
1282,151232,18,1835,1222,9
1283,151314,14,1833,1223,4
1284,151422,16,1841,1231,0
1285,151523,18,1843,1222,14
1286,151680,27,1820,1206,5
1287,151793,11,1827,1215,0
1288,151930,23,1807,1195,5
1289,152036,10,1788,1185,11
1290,152243,130,1781,1169,22
1291,152351,13,1763,1159,21
1292,152466,16,1743,1155,0
1293,152573,22,1738,1153,0
1294,152699,34,1719,1126,14
1295,152815,11,1701,1099,25
1296,152908,13,1681,1101,1
1297,153019,30,1696,1087,28
1298,153109,16,1666,1087,0
1299,153227,17,1657,1074,7
1300,153325,17,1647,1067,5
1301,153416,18,1656,1073,10
1302,153509,16,1643,1066,2
1303,153624,13,1644,1048,22
1304,155383,82,1386,862,5
1305,155485,11,1382,864,0
1306,155590,11,1385,856,12
1307,155685,12,1386,869,0
1308,155791,13,1400,882,0
1309,155879,8,1418,899,0
1310,155976,12,1428,898,4
1311,156072,11,1431,901,0
1312,156182,11,1431,898,6
1313,156319,46,1421,885,14
1314,156413,9,1420,895,0
1315,156539,11,1425,897,4
1316,156635,8,1426,898,0
1317,156746,11,1425,898,2
1318,156860,15,1424,898,3
1319,156966,14,1408,883,2
1320,157051,10,1418,883,13
1321,157132,11,1408,880,4
1322,157224,11,1420,879,16
1323,157288,10,1408,879,4
1324,157368,13,1403,876,4
1325,157483,20,1404,876,6
1326,157613,11,1404,879,1
1327,157735,8,1407,873,0
1328,157852,11,1409,872,3
1329,158021,14,1412,873,10
1330,158125,19,1405,873,1
1331,158235,12,1405,864,12
1332,158334,18,1400,863,9
1333,158434,9,1394,866,0
1334,158543,8,1394,863,4
1335,158634,9,1398,868,3
1336,158737,13,1398,873,0
1337,158837,10,1400,875,0
1338,158943,10,1414,884,2
1339,159038,18,1415,881,1
1340,159150,15,1425,886,1
1341,159237,10,1414,871,9
1342,159322,11,1414,877,3
1343,159437,25,1400,866,2
1344,159527,17,1413,876,5
1345,159704,8,1402,875,0
1346,159802,12,1397,873,2
1347,159909,15,1401,878,0
1348,160004,12,1406,884,0
1349,160099,14,1410,888,0
1350,160227,17,1401,871,11
1351,160322,12,1397,877,0
1352,160410,10,1400,877,3
1353,160499,16,1416,886,10
1354,160610,16,1417,892,4
1355,160720,10,1420,890,5
1356,160816,17,1426,898,6
1357,160925,16,1428,904,3
1358,161019,12,1446,912,16
1359,161121,13,1436,913,1
1360,161301,98,1440,916,0
1361,161435,11,1416,894,12
1362,161539,10,1404,894,1
1363,161635,15,1405,898,0
1364,161730,19,1400,884,2
1365,161832,12,1412,897,0
1366,161936,8,1436,920,0
1367,162036,18,1443,921,1
1368,162135,25,1442,915,14
1369,162220,12,1435,922,0
1370,162327,16,1431,916,4
1371,162428,19,1426,912,3
1372,162543,10,1434,920,0
1373,162652,11,1434,920,0
1374,162742,10,1445,929,1
1375,162851,18,1459,941,3
1376,163069,18,1445,925,1
1377,163165,21,1450,928,0
1378,163256,14,1440,922,0
1379,163353,14,1442,924,0
1380,163436,9,1451,932,0
1381,163544,19,1453,928,1
1382,163664,19,1456,930,0
1383,163792,9,1461,927,1
1384,163950,24,1467,927,2
1385,164035,13,1475,931,7
1386,164129,18,1477,939,0
1387,164215,14,1478,938,4
1388,164313,21,1473,936,1
1389,164423,14,1492,950,1
1390,164496,12,1501,955,2
1391,164591,10,1521,975,0
1392,164801,9,1516,963,0
1393,164909,10,1513,959,0
1394,165005,10,1528,974,0
1395,165113,26,1531,977,1
1396,165226,17,1537,981,4
1397,165318,20,1537,982,1
1398,165405,18,1538,971,17
1399,165498,11,1530,982,0
1400,165574,13,1540,992,0
1401,165675,16,1547,989,16
1402,165764,13,1534,988,7
1403,165859,13,1530,989,0
1404,165965,21,1536,996,0
1405,166051,11,1559,1008,12
1406,166141,11,1566,1020,1
1407,166375,15,1562,1013,0
1408,166474,15,1569,1018,3
1409,166560,18,1580,1032,0
1410,166649,13,1582,1040,0
1411,166742,12,1598,1052,5
1412,166853,15,1587,1046,3
1413,166966,12,1608,1066,0
1414,167037,9,1621,1077,2
1415,167146,12,1634,1080,12
1416,167250,11,1634,1084,3
1417,167351,12,1634,1083,4
1418,167439,12,1646,1089,12
1419,167534,12,1637,1089,4
1420,167666,21,1636,1082,11
1421,167933,23,1639,1091,0
1422,168031,9,1641,1093,4
1423,168131,19,1642,1093,3
1424,168227,15,1647,1102,0
1425,168316,15,1646,1099,3
1426,168393,15,1644,1091,7
1427,168479,12,1642,1087,6
1428,168576,13,1643,1093,0
1429,168683,17,1651,1095,0
1430,168770,13,1668,1107,3
1431,168882,16,1662,1100,6
1432,169018,23,1655,1102,0
1433,169272,12,1658,1102,1
1434,169377,11,1672,1111,0
1435,169460,11,1686,1119,7
1436,169581,19,1680,1116,0
1437,169684,15,1695,1127,10
1438,169777,14,1690,1127,8
1439,169884,19,1693,1124,11
1440,169970,12,1682,1124,0
1441,170057,21,1681,1118,0
1442,170158,17,1688,1118,2
1443,170249,13,1698,1130,1
1444,170364,20,1687,1121,0
1445,170624,164,1697,1115,6
1446,170721,10,1695,1118,0
1447,170834,11,1703,1126,0
1448,170935,25,1704,1120,6
1449,171027,21,1710,1124,6
1450,171111,15,1707,1120,8
1451,171203,12,1703,1120,1
1452,171307,14,1707,1120,4
1453,171411,14,1707,1120,2
1454,171515,12,1712,1124,7
1455,171609,16,1714,1125,12
1456,171860,14,1705,1123,2
1457,171975,15,1705,1125,0
1458,172078,16,1709,1121,9
1459,172162,16,1715,1133,2
1460,172230,18,1728,1146,0
1461,172332,11,1730,1143,0
1462,172434,10,1730,1127,15
1463,172524,21,1722,1129,1
1464,172628,14,1721,1120,12
1465,172729,24,1732,1142,0
1466,172830,10,1734,1144,3
1467,173041,123,1739,1145,8
1468,173163,23,1730,1144,2
1469,173281,25,1726,1140,0
1470,173374,25,1738,1151,0
1471,173468,19,1742,1148,3
1472,173561,17,1743,1149,3
1473,173664,16,1742,1146,0
1474,173768,12,1748,1150,0
1475,173863,14,1755,1148,2
1476,173969,18,1756,1152,0
1477,174067,19,1758,1153,5
1478,174297,20,1758,1150,1
1479,174389,12,1778,1166,1
1480,174490,11,1792,1173,7
1481,174579,16,1801,1189,0
1482,174675,25,1813,1202,0
1483,174777,13,1820,1203,8
1484,174890,16,1819,1208,0
1485,174984,17,1821,1209,2
1486,175086,14,1833,1219,2
1487,175180,22,1836,1224,0
1488,175277,13,1839,1223,0
1489,175469,24,1836,1225,1
1490,175588,12,1841,1220,5
1491,175725,17,1843,1217,3
1492,175806,14,1861,1237,0
1493,175937,23,1859,1239,0
1494,176027,13,1861,1239,2
1495,176141,21,1857,1239,0
1496,176243,23,1856,1233,10
1497,176333,18,1854,1240,2
1498,176431,21,1862,1251,0
1499,176618,93,1868,1252,4
1500,176731,19,1869,1247,14
1501,176830,24,1860,1249,3
1502,176948,36,1875,1260,8
1503,177036,13,1865,1259,0
1504,177129,14,1881,1259,14
1505,177218,15,1881,1270,0
1506,177305,14,1888,1271,6
1507,177421,19,1882,1266,6
1508,177536,12,1884,1267,6
1509,177638,22,1884,1266,5
1510,177756,16,1885,1269,0
1511,177924,12,1904,1285,0
1512,178036,30,1907,1286,0
1513,178131,18,1914,1295,0
1514,178233,12,1918,1299,0
1515,178341,12,1927,1300,0
1516,178462,20,1941,1309,0
1517,178562,16,1946,1312,0
1518,178651,13,1952,1314,9
1519,178745,13,1956,1323,0
1520,178840,25,1964,1327,4
1521,178934,19,1958,1320,2
1522,179086,12,1956,1318,0
1523,179174,21,1964,1317,7
1524,179275,16,1959,1319,0
1525,179383,16,1966,1326,0
1526,179476,20,1966,1322,0
1527,179584,13,1964,1322,0
1528,179689,24,1961,1318,2
1529,179784,27,1962,1319,0
1530,179873,26,1956,1314,0
1531,179952,15,1966,1315,0
1532,180048,13,1969,1285,39
1533,180226,72,1917,1246,33
1534,180340,13,1857,1234,0
1535,180450,19,1860,1216,24
1536,180584,28,1827,1209,0
1537,180703,11,1834,1210,0
1538,180813,15,1814,1196,0
1539,180932,18,1791,1176,0
1540,181031,23,1803,1178,18
1541,181144,17,1793,1175,12
1542,181262,20,1775,1163,8
1543,181371,20,1766,1149,15
1544,181542,20,1750,1135,4
1545,181680,25,1741,1110,25
1546,181820,25,1659,1065,4
1547,181932,26,1643,1055,4
1548,182043,19,1623,1037,2
1549,182146,15,1624,1036,2
1550,182231,9,1638,1052,0
1551,182347,15,1639,1052,3
1552,182449,13,1649,1060,2
1553,182551,16,1642,1042,16
1554,182643,11,1660,1043,34
1555,184289,1545,1647,956,120
1556,184412,8,1505,945,0
1557,184521,8,1518,957,0
1558,184615,9,1525,964,0
1559,184710,8,1534,973,0
1560,184822,11,1548,981,0
1561,184928,11,1559,992,0
1562,185028,12,1567,1000,0
1563,185166,11,1569,1002,0
1564,185263,12,1577,1003,9
1565,185356,12,1576,1011,0
1566,185473,25,1582,1014,5
1567,185611,20,1565,1007,0
1568,185730,20,1576,1016,0
1569,185839,11,1586,1009,10
1570,185932,13,1572,994,12
1571,186036,11,1565,991,4
1572,186115,11,1565,993,0
1573,186242,14,1561,978,12
1574,186340,12,1546,977,0
1575,186488,62,1551,974,16
1576,186631,18,1531,965,9
1577,186744,12,1534,972,0
1578,186877,28,1530,969,0
1579,186997,22,1517,954,9
1580,187113,17,1505,945,5
1581,187212,14,1490,936,3
1582,187331,17,1480,918,12
1583,187429,20,1455,896,23
1584,187542,20,1439,901,2
1585,187635,24,1437,893,3
1586,187739,10,1438,891,6
1587,187834,22,1437,893,5
1588,188015,10,1433,885,10
1589,188107,11,1431,882,12
1590,188210,14,1421,884,1
1591,188296,11,1432,881,10
1592,188394,9,1425,884,3
1593,188496,10,1436,886,17
1594,188616,24,1417,884,0
1595,188732,32,1421,886,0
1596,188850,13,1423,883,0
1597,188964,21,1406,869,5
1598,189078,9,1406,877,0
1599,189184,21,1388,861,0
1600,189279,8,1398,861,4
1601,189487,20,1388,856,2
1602,189582,22,1385,857,0
1603,189680,10,1393,860,2
1604,189780,7,1393,858,0
1605,189869,16,1396,848,13
1606,189953,17,1382,844,2
1607,190073,14,1381,843,1
1608,190156,10,1380,837,11
1609,190288,22,1367,828,8
1610,190387,22,1373,825,13
1611,190492,9,1362,821,7
1612,190620,13,1354,824,0
1613,190717,19,1357,824,7
1614,190826,8,1361,830,1
1615,190931,17,1366,836,7
1616,191119,19,1346,818,8
1617,191234,24,1342,817,4
1618,191329,7,1350,825,3
1619,191415,14,1324,809,3
1620,191495,9,1322,806,1
1621,191586,11,1338,822,0
1622,191690,19,1340,821,5
1623,191815,19,1336,812,15
1624,191930,20,1327,813,3
1625,192053,13,1331,815,0
1626,192159,17,1331,804,12
1627,192273,25,1317,805,0
1628,192383,13,1314,802,3
1629,192536,32,1310,800,5
1630,192741,108,1316,807,1
1631,192849,12,1315,813,0
1632,192979,18,1325,815,0
1633,193128,7,1328,815,4
1634,193235,9,1325,806,14
1635,193339,10,1300,793,8
1636,193420,10,1287,786,4
1637,193500,10,1301,788,20
1638,193628,16,1276,789,8
1639,193733,24,1271,790,1
1640,193853,21,1268,786,0
1641,194000,10,1251,765,0
1642,194104,13,1249,762,1
1643,194230,19,1240,750,0
1644,194319,19,1243,753,2
1645,194523,135,1247,754,7
1646,194633,7,1253,766,0
1647,194727,8,1265,778,0
1648,194824,18,1255,769,3
1649,194934,8,1254,765,2
1650,195030,12,1271,778,0
1651,195123,13,1273,779,0
1652,195238,9,1283,781,3
1653,195336,9,1287,783,4
1654,195448,9,1286,772,19
1655,195568,17,1267,772,0
1656,195680,17,1276,777,5
1657,195788,13,1279,787,2
1658,195907,13,1273,785,0
1659,196057,32,1289,793,4
1660,196162,10,1293,801,0
1661,196386,8,1300,802,8
1662,196469,9,1301,808,2
1663,196560,20,1303,812,0
1664,196686,21,1312,817,1
1665,196806,8,1313,819,1
1666,196907,9,1317,822,2
1667,196982,9,1322,828,0
1668,197085,9,1355,851,6
1669,197183,9,1355,850,0
1670,197280,9,1372,861,0
1671,197399,14,1371,864,0
1672,197487,16,1369,863,2
1673,197569,11,1367,863,0
1674,197692,15,1378,875,0
1675,197941,18,1377,873,0
1676,198036,8,1389,881,1
1677,198132,10,1395,881,4
1678,198233,17,1398,887,3
1679,198310,12,1408,898,5
1680,198394,10,1418,910,4
1681,198473,11,1430,919,7
1682,198576,22,1420,919,0
1683,198685,16,1426,924,7
1684,198780,11,1424,927,0
1685,198894,12,1432,933,5
1686,198985,10,1466,966,7
1687,199094,10,1464,968,0
1688,199198,10,1470,972,0
1689,199445,24,1459,955,0
1690,199530,12,1476,969,5
1691,199610,10,1475,971,0
1692,199717,18,1481,974,3
1693,199810,11,1483,976,0
1694,199921,19,1484,977,0
1695,200036,8,1490,981,1
1696,200125,12,1497,985,1
1697,200215,16,1491,982,0
1698,200309,12,1500,989,2
1699,200416,19,1504,989,4
1700,200529,19,1509,999,0
1701,200753,8,1516,1003,1
1702,200861,18,1520,1003,0
1703,200953,14,1535,1016,0
1704,201033,22,1535,1017,0
1705,201135,19,1552,1035,0
1706,201234,9,1556,1030,13
1707,201328,18,1549,1031,0
1708,201428,10,1571,1047,0
1709,201538,25,1583,1050,8
1710,201643,13,1582,1054,0
1711,201760,19,1587,1061,0
1712,201872,15,1596,1068,0
1713,202110,146,1600,1072,7
1714,202203,13,1584,1059,4
1715,202283,10,1596,1069,8
1716,202382,14,1595,1061,11
1717,202490,9,1588,1064,7
1718,202618,18,1594,1071,5
1719,202709,21,1591,1071,0
1720,202811,19,1606,1081,0
1721,202919,21,1604,1081,1
1722,203024,14,1627,1104,0
1723,203103,12,1650,1125,2
1724,203220,16,1652,1126,1
1725,203335,11,1665,1140,0
1726,203511,9,1670,1133,9
1727,203618,13,1683,1150,0
1728,203733,17,1701,1160,0
1729,203838,21,1706,1167,1
1730,203934,10,1721,1180,6
1731,204018,18,1724,1184,5
1732,204111,17,1733,1193,4
1733,204200,17,1730,1193,0
1734,204282,10,1735,1195,2
1735,204375,13,1753,1210,3
1736,204468,14,1766,1223,0
1737,204581,17,1778,1229,0
1738,204787,12,1780,1223,12
1739,204888,18,1771,1221,5
1740,204964,12,1768,1217,5
1741,205068,27,1761,1216,0
1742,205143,11,1766,1219,0
1743,205227,21,1794,1243,1
1744,205328,14,1800,1245,3
1745,205429,13,1799,1247,0
1746,205545,13,1803,1247,4
1747,205657,14,1805,1250,1
1748,205779,18,1811,1253,3
1749,205914,20,1819,1259,2
1750,206112,117,1823,1252,20
1751,206226,16,1805,1250,2
1752,206330,13,1810,1251,0
1753,206415,17,1813,1252,2
1754,206495,11,1821,1258,3
1755,206586,11,1819,1258,0
1756,206680,14,1830,1267,3
1757,206781,19,1830,1268,1
1758,206881,10,1836,1273,1
1759,206976,24,1833,1272,0
1760,207084,14,1839,1266,8
1761,207187,10,1832,1264,1
1762,207341,61,1836,1266,3
1763,207447,22,1840,1267,0
1764,207534,21,1844,1268,0
1765,207635,25,1841,1269,0
1766,207736,16,1840,1264,8
1767,207818,14,1836,1268,0
1768,207929,12,1844,1270,0
1769,208031,20,1853,1275,1
1770,208124,15,1856,1277,3
1771,208215,14,1859,1277,4
1772,208315,17,1859,1277,3
1773,208407,16,1865,1275,7
1774,208535,19,1859,1274,2
1775,208704,19,1875,1290,3
1776,208801,15,1879,1294,0
1777,208914,12,1882,1297,0
1778,209028,21,1875,1292,0
1779,209126,14,1877,1289,7
1780,209211,20,1883,1301,1
1781,209310,17,1888,1304,9
1782,209417,21,1887,1308,0
1783,209507,14,1889,1305,5
1784,209602,13,1892,1307,0
1785,209721,19,1905,1318,0
1786,209842,21,1907,1315,0
1787,210068,12,1903,1312,0
1788,210198,16,1879,1290,1
1789,210329,28,1862,1274,10
1790,210431,16,1864,1284,0
1791,210549,15,1868,1280,14
1792,210681,19,1854,1283,0
1793,210793,17,1853,1271,12
1794,210900,13,1848,1278,4
1795,211025,26,1846,1273,6
1796,211140,18,1830,1256,0
1797,211256,13,1832,1247,11
1798,211417,13,1825,1253,0
1799,211529,18,1822,1243,9
1800,211647,13,1809,1237,0
1801,211769,17,1803,1232,0
1802,211891,15,1797,1214,13
1803,211982,12,1801,1216,29
1804,212090,12,1782,1222,0
1805,212209,15,1777,1206,12
1806,212322,25,1781,1193,34
1807,212425,17,1740,1177,14
1808,212525,13,1742,1181,13
1809,212634,11,1742,1170,21
1810,212808,21,1721,1169,3
1811,212908,11,1720,1171,0
1812,213013,13,1728,1178,0
1813,213117,13,1734,1183,0
1814,213221,13,1747,1196,0
1815,213324,14,1753,1200,0
1816,213412,13,1757,1204,0
1817,213520,15,1763,1210,0
1818,213670,12,1769,1216,0
1819,213791,11,1777,1224,0
1820,213891,15,1780,1227,0
1821,213984,11,1785,1232,0
1822,214081,14,1800,1247,0
1823,214256,85,1809,1256,0
1824,214336,11,1819,1266,0
1825,214434,17,1808,1242,11
1826,214536,22,1802,1244,1
1827,214644,13,1809,1252,2
1828,214745,12,1806,1247,3
1829,214875,26,1797,1225,18
1830,215010,15,1775,1224,3
1831,215113,17,1776,1220,2
1832,215205,13,1786,1226,2
1833,215283,16,1781,1214,3
1834,215363,16,1795,1230,0
1835,215466,12,1802,1233,4
1836,215616,76,1800,1221,16
1837,215733,17,1784,1218,0
1838,215860,23,1797,1219,13
1839,215977,28,1783,1216,1
1840,216094,22,1789,1215,2
1841,216215,23,1773,1189,13
1842,216316,16,1750,1157,34
1843,216412,14,1723,1161,2
1844,216510,13,1726,1163,3
1845,216630,22,1717,1158,1
1846,216719,13,1727,1167,0
1847,216825,17,1737,1176,4
1848,216934,16,1746,1186,5
1849,217125,31,1725,1175,0
1850,217234,12,1736,1185,3
1851,217338,10,1729,1182,7
1852,217445,14,1721,1180,0
1853,217536,16,1738,1195,1
1854,217637,19,1736,1193,3
1855,217738,14,1737,1191,2
1856,217861,13,1741,1193,0
1857,217963,17,1742,1191,0
1858,218056,11,1751,1198,0
1859,218152,17,1753,1191,17
1860,218266,16,1740,1190,4
1861,218376,25,1740,1189,1
1862,218562,13,1740,1183,5
1863,218681,11,1727,1164,9
1864,218784,13,1726,1166,7
1865,218866,28,1720,1164,4
1866,218985,21,1708,1154,0
1867,219091,27,1704,1152,2
1868,219182,18,1708,1162,0
1869,219287,20,1711,1160,3
1870,219377,15,1714,1155,19
1871,219465,12,1698,1157,0
1872,219563,19,1703,1161,2
1873,219668,24,1694,1153,2
1874,219781,22,1693,1142,14
1875,219886,20,1677,1141,2
1876,220092,10,1682,1121,27
1877,220202,19,1659,1117,4
1878,220308,20,1657,1118,1
1879,220415,19,1666,1123,2
1880,220506,13,1669,1128,0
1881,220595,13,1683,1132,13
1882,220692,20,1664,1118,17
1883,220795,10,1653,1110,11
1884,220892,17,1649,1117,2
1885,221055,40,1621,1093,0
1886,221177,27,1632,1092,11
1887,221278,22,1597,1067,1
1888,221384,21,1601,1069,0
1889,221473,12,1613,1064,13
1890,223192,1632,1606,1026,53
1891,223346,12,1460,941,5
1892,223436,8,1440,930,0
1893,223554,13,1438,928,3
1894,223667,9,1432,926,0
1895,223793,8,1435,921,0
1896,223883,9,1437,922,2
1897,224004,9,1434,922,0
1898,224119,14,1433,921,3
1899,224231,18,1441,923,5
1900,224360,14,1445,933,0
1901,224476,18,1455,938,0
1902,224585,10,1464,928,20
1903,224684,16,1460,939,3
1904,224781,13,1466,945,2
1905,224892,10,1465,945,0
1906,224986,9,1486,957,5
1907,225102,13,1494,970,2
1908,225216,20,1491,960,0
1909,225318,15,1496,934,16
1910,225417,14,1504,953,0
1911,225540,24,1508,951,4
1912,225667,22,1509,954,2
1913,225786,15,1512,950,12
1914,225912,21,1502,950,4
1915,226066,14,1503,951,0
1916,226160,11,1522,963,3
1917,226260,11,1521,963,0
1918,226336,8,1531,964,6
1919,226437,20,1536,970,4
1920,226531,18,1541,977,0
1921,226641,24,1550,986,0
1922,226745,19,1552,987,2
1923,226871,23,1560,991,0
1924,227006,19,1563,979,14
1925,227116,19,1560,981,4
1926,227214,16,1567,996,0
1927,227313,11,1565,994,1
1928,227442,10,1567,992,7
1929,227545,14,1578,998,12
1930,227712,12,1598,1019,4
1931,227797,9,1596,1019,0
1932,227878,14,1606,1029,0
1933,227996,36,1640,1063,0
1934,228101,13,1647,1068,2
1935,228202,11,1648,1068,8
1936,228307,12,1648,1073,1
1937,228430,20,1645,1071,4
1938,228534,19,1652,1083,5
1939,228641,17,1663,1091,8
1940,228738,20,1664,1095,7
1941,228837,11,1656,1082,11
1942,228935,13,1656,1092,1
1943,229039,18,1656,1086,0
1944,229135,14,1661,1090,0
1945,229310,10,1654,1085,0
1946,229410,11,1663,1088,10
1947,229502,10,1663,1091,13
1948,229610,12,1655,1090,5
1949,229722,21,1645,1083,0
1950,229814,20,1641,1078,2
1951,229924,17,1642,1082,1
1952,230026,24,1649,1083,3
1953,230136,20,1642,1078,1
1954,230219,14,1665,1094,1
1955,230303,16,1671,1103,2
1956,230406,21,1679,1116,0
1957,230523,28,1677,1104,5
1958,230629,15,1678,1101,1
1959,230842,109,1685,1105,6
1960,230953,19,1677,1098,0
1961,231056,17,1680,1090,7
1962,231145,12,1682,1087,10
1963,231241,22,1690,1098,10
1964,231323,24,1687,1100,6
1965,231425,15,1682,1095,0
1966,231509,19,1679,1093,0
1967,231618,17,1676,1090,1
1968,231714,20,1677,1088,6
1969,231825,19,1680,1097,0
1970,231932,10,1683,1096,2
1971,232050,10,1690,1103,0
1972,232149,12,1703,1111,0
1973,232261,13,1711,1117,0
1974,232482,17,1709,1109,3
1975,232569,14,1708,1106,7
1976,232665,12,1699,1102,1
1977,232761,12,1718,1121,0
1978,232859,18,1718,1120,0
1979,232954,12,1723,1122,2
1980,233046,11,1727,1125,2
1981,233145,11,1729,1123,0
1982,233253,16,1732,1122,5
1983,233354,13,1731,1125,0
1984,233436,12,1733,1127,0
1985,233525,16,1753,1139,11
1986,233619,17,1746,1135,9
1987,233735,16,1733,1130,0
1988,233960,136,1731,1125,8
1989,234076,14,1728,1119,3
1990,234179,19,1725,1124,0
1991,234291,11,1748,1146,0
1992,234383,11,1752,1143,3
1993,234493,11,1753,1144,0
1994,234596,13,1759,1146,5
1995,234711,18,1748,1140,4
1996,234798,11,1747,1143,0
1997,234891,14,1757,1151,0
1998,234997,12,1764,1158,4
1999,235098,10,1770,1167,0
2000,235193,16,1783,1177,0
2001,235290,18,1795,1176,7
2002,235505,31,1772,1163,1
2003,235633,21,1780,1168,2
2004,235740,11,1790,1176,2
2005,235814,12,1791,1177,2
2006,235921,17,1790,1177,3
2007,236061,15,1791,1179,0
2008,236270,17,1792,1175,4
2009,236394,19,1798,1181,4
2010,236481,11,1814,1196,0
2011,236585,11,1829,1207,2
2012,236683,14,1838,1216,2
2013,236932,154,1837,1209,3
2014,237074,16,1843,1208,5
2015,237177,15,1844,1211,0
2016,237294,12,1844,1208,0
2017,237407,20,1855,1215,0
2018,237501,14,1857,1216,0
2019,237604,15,1861,1218,0
2020,237721,17,1862,1210,5
2021,237826,16,1867,1218,0
2022,237915,17,1887,1232,2
2023,238033,22,1895,1242,0
2024,238317,149,1905,1245,3
2025,238430,28,1889,1235,0
2026,238555,18,1888,1236,0
2027,238670,16,1900,1248,0
2028,238778,14,1909,1254,0
2029,238889,27,1913,1259,3
2030,238992,24,1914,1259,6
2031,239079,21,1904,1252,3
2032,239177,13,1916,1265,0
2033,239274,15,1918,1261,7
2034,239377,19,1909,1253,0
2035,239478,23,1913,1255,3
2036,239731,29,1910,1254,2
2037,239864,24,1913,1258,0
2038,239975,16,1919,1268,0
2039,240092,13,1924,1256,25
2040,240222,16,1879,1238,1
2041,240335,23,1858,1219,3
2042,240460,17,1851,1199,20
2043,240577,22,1822,1183,16
2044,240688,18,1809,1174,19
2045,240795,23,1799,1184,3
2046,241021,29,1794,1150,36
2047,241159,29,1760,1161,0
2048,241274,18,1747,1153,2
2049,241380,9,1753,1141,22
2050,241498,15,1740,1138,13
2051,241596,11,1736,1125,23
2052,241720,20,1696,1097,14
2053,241836,26,1664,1079,7
2054,241958,16,1643,1066,0
2055,242078,16,1633,1033,29
2056,242188,13,1605,1030,0
2057,242417,24,1613,1010,30
2058,242518,23,1579,1008,0
2059,242639,9,1592,999,23
2060,242739,17,1555,991,0
2061,242845,11,1557,990,0
2062,242963,14,1555,986,0
2063,243078,18,1551,973,18
2064,243177,20,1537,968,15
2065,243283,12,1524,970,0
2066,243417,15,1518,970,0
2067,243511,16,1519,972,0
2068,243634,18,1513,967,0
2069,243770,19,1513,965,0
2070,243950,10,1509,956,5
2071,244048,12,1505,955,2
2072,244169,20,1507,959,3
2073,244279,11,1518,972,2
2074,244389,9,1526,959,28
2075,244484,13,1514,974,0
2076,244592,10,1507,952,22
2077,244704,12,1490,954,0
2078,244826,16,1495,959,1
2079,244982,20,1498,954,11
2080,245108,16,1490,944,18
2081,245218,23,1479,941,11
2082,245312,16,1460,920,9
2083,245527,8,1448,916,0
2084,245641,12,1451,919,0
2085,245743,16,1464,931,2
2086,245861,17,1456,928,0
2087,245967,24,1450,925,2
2088,246093,16,1445,921,2
2089,246229,28,1428,907,0
2090,246322,14,1427,897,11
2091,246426,19,1410,888,6
2092,246541,32,1408,887,4
2093,246671,20,1409,896,0
2094,246762,15,1415,905,2
2095,246863,15,1424,902,18
2096,246968,22,1413,901,10
2097,247177,14,1395,898,2
2098,247313,19,1387,891,4
2099,247430,26,1392,894,11
2100,247528,16,1384,891,12
2101,247642,23,1376,894,0
2102,247744,13,1392,901,11
2103,247849,10,1374,873,24
2104,247951,9,1350,867,9
2105,248063,14,1347,873,3
2106,248165,11,1351,877,0
2107,248264,15,1352,879,0
2108,248380,9,1371,892,2
2109,248506,11,1371,892,0
2110,248676,86,1384,902,1
2111,248770,13,1377,898,3
2112,248875,12,1378,901,2
2113,248981,18,1382,895,19
2114,249072,9,1366,893,0
2115,249184,11,1373,892,3
2116,249282,12,1379,898,4
2117,249375,21,1383,905,1
2118,249479,18,1387,903,5
2119,249598,9,1393,899,10
2120,249717,13,1388,901,4
2121,249807,9,1405,918,4
2122,249939,9,1399,909,9
2123,250015,10,1404,925,0
2124,250099,12,1426,946,0
2125,250201,17,1430,944,3
2126,250381,10,1425,936,0
2127,250476,19,1434,940,8
2128,250598,10,1416,936,0
2129,250711,16,1399,926,0
2130,250811,10,1405,930,0
2131,250934,13,1406,928,3
2132,251069,22,1403,928,0
2133,251183,20,1396,915,13
2134,251276,16,1381,910,4
2135,251390,14,1374,906,4
2136,251470,18,1374,905,3
2137,251570,16,1379,902,9
2138,251665,10,1378,907,0
2139,251757,13,1387,913,0
2140,251874,13,1392,918,0
2141,252052,10,1405,930,0
2142,252159,10,1406,931,0
2143,252261,12,1434,956,0
2144,252360,12,1447,968,0
2145,252458,11,1452,972,0
2146,252600,11,1466,982,0
2147,252696,12,1475,991,0
2148,252806,10,1485,999,0
2149,252896,11,1491,1003,0
2150,252998,9,1493,1005,0
2151,253097,10,1506,1015,0
2152,253209,11,1514,1023,0
2153,253333,10,1532,1039,1
2154,253440,19,1539,1041,2
2155,253532,18,1539,1040,7
2156,253699,82,1549,1053,3
2157,253807,12,1551,1046,9
2158,253932,18,1542,1045,1
2159,254040,12,1537,1037,7
2160,254138,9,1538,1043,0
2161,254236,9,1540,1037,7
2162,254356,22,1535,1039,2
2163,254462,18,1536,1044,0
2164,254562,16,1557,1046,13
2165,254684,24,1543,1045,3
2166,254831,20,1552,1061,0
2167,254926,21,1558,1059,1
2168,255030,15,1553,1054,5
2169,255140,26,1537,1037,0
2170,255332,100,1537,1028,7
2171,255427,19,1535,1017,15
2172,255521,18,1529,1020,6
2173,255632,13,1527,1019,2
2174,255740,15,1541,1034,0
2175,255870,16,1554,1046,0
2176,255984,10,1569,1059,0
2177,256083,12,1573,1060,1
2178,256180,20,1581,1066,2
2179,256292,13,1574,1051,5
2180,256395,12,1570,1045,4
2181,256507,13,1580,1052,1
2182,256594,12,1579,1051,0
2183,256693,25,1600,1072,2
2184,257016,91,1588,1063,3
2185,257163,17,1584,1051,14
2186,257280,14,1582,1060,2
2187,257388,17,1586,1059,1
2188,257484,11,1597,1067,6
2189,257566,22,1603,1079,0
2190,257684,23,1605,1079,0
2191,257793,16,1617,1082,0
2192,257878,18,1628,1088,2
2193,257979,16,1624,1086,3
2194,258082,13,1628,1092,0
2195,258169,12,1638,1100,0
2196,258265,16,1645,1094,11
2197,258381,29,1629,1082,10
2198,258507,15,1615,1082,0
2199,260181,26,1515,993,14
2200,260246,9,1506,991,2
2201,260358,14,1503,984,8
2202,260446,9,1503,989,0
2203,260554,8,1500,987,0
2204,260649,11,1511,993,3
2205,260745,12,1520,997,0
2206,260840,9,1524,1001,0
2207,260939,11,1533,1004,3
2208,261035,18,1551,1022,1
2209,261187,11,1551,1021,2
2210,261286,19,1554,1023,1
2211,261390,9,1561,1026,4
2212,261526,20,1568,1037,1
2213,261638,13,1575,1035,1
2214,261733,11,1578,1036,0
2215,261847,11,1582,1030,7
2216,261963,20,1577,1026,4
2217,262043,15,1584,1031,3
2218,262142,12,1593,1027,15
2219,262259,23,1584,1035,0
2220,262360,17,1586,1037,3
2221,262463,14,1596,1049,0
2222,262595,27,1606,1060,0
2223,262714,18,1607,1061,4
2224,262893,17,1612,1072,0
2225,262984,12,1609,1067,4
2226,263076,13,1600,1065,0
2227,263158,13,1600,1064,0
2228,263240,9,1613,1070,12
2229,263338,20,1604,1066,4
2230,263430,15,1614,1076,1
2231,263526,13,1614,1070,6
2232,263646,30,1617,1078,3
2233,263766,17,1607,1077,0
2234,263897,13,1631,1100,0
2235,263991,10,1635,1101,4
2236,264095,12,1635,1104,0
2237,264175,13,1641,1105,3
2238,264256,13,1651,1116,0
2239,264345,13,1667,1129,0
2240,264529,14,1680,1138,0
2241,264656,17,1677,1134,1
2242,264769,18,1684,1140,0
2243,264878,17,1689,1142,3
2244,264985,13,1691,1135,17
2245,265086,13,1675,1133,0
2246,265183,17,1678,1129,2
2247,265281,21,1676,1129,1
2248,265381,21,1672,1126,3
2249,265477,12,1685,1135,8
2250,265580,16,1678,1135,3
2251,265710,23,1693,1150,0
2252,265802,14,1699,1150,3
2253,265900,14,1700,1148,5
2254,266012,23,1705,1160,0
2255,266189,11,1727,1173,2
2256,266297,10,1724,1174,0
2257,266387,10,1736,1184,2
2258,266489,15,1737,1181,3
2259,266613,20,1732,1178,0
2260,266724,15,1739,1184,5
2261,266830,16,1732,1183,0
2262,266922,14,1756,1207,0
2263,267028,12,1760,1210,0
2264,267130,14,1763,1203,5
2265,267221,15,1765,1204,2
2266,267320,19,1766,1204,1
2267,267436,10,1772,1207,5
2268,267555,14,1778,1215,0
2269,267669,22,1794,1229,0
2270,267891,14,1796,1226,3
2271,267991,10,1790,1222,0
2272,268100,15,1791,1222,0
2273,268211,24,1793,1222,0
2274,268289,10,1809,1238,0
2275,268374,13,1830,1258,0
2276,268468,13,1845,1271,0
2277,268589,27,1856,1279,4
2278,268725,21,1867,1293,0
2279,268845,31,1860,1288,6
2280,268973,14,1860,1287,7
2281,269080,13,1857,1290,2
2282,269184,16,1863,1294,0
2283,269288,18,1867,1298,0
2284,269508,20,1876,1302,0
2285,269597,12,1890,1316,0
2286,269691,11,1891,1317,0
2287,269803,18,1904,1328,0
2288,269912,21,1907,1325,3
2289,270037,22,1920,1330,15
2290,270167,20,1904,1302,36
2291,270284,13,1856,1264,35
2292,270401,14,1813,1240,13
2293,270537,23,1804,1233,13
2294,270647,20,1787,1225,4
2295,270771,15,1787,1225,1
2296,270879,20,1798,1233,4
2297,271126,22,1784,1224,1
2298,271239,11,1790,1224,6
2299,271340,15,1777,1207,19
2300,271443,11,1752,1195,15
2301,271561,16,1733,1198,0
2302,271689,30,1742,1202,3
2303,271826,20,1716,1179,0
2304,271936,15,1734,1188,11
2305,272069,25,1707,1167,5
2306,272167,20,1704,1168,1
2307,272273,16,1701,1152,11
2308,272390,15,1692,1152,3
2309,272652,20,1698,1154,16
2310,272785,11,1675,1144,2
2311,272890,18,1675,1131,11
2312,272984,13,1662,1128,4
2313,273082,20,1668,1134,1
2314,273182,14,1688,1150,4
2315,273284,13,1692,1147,13
2316,273409,24,1689,1131,28
2317,273523,19,1659,1131,0
2318,273635,18,1655,1127,0
2319,273798,22,1642,1116,0
2320,273920,21,1641,1112,2
2321,274128,13,1633,1100,5
2322,274228,16,1633,1099,3
2323,274332,8,1639,1085,23
2324,274454,15,1615,1085,2
2325,274578,19,1609,1071,14
2326,274683,12,1599,1068,6
2327,274779,11,1600,1073,4
2328,274894,12,1602,1072,4
2329,275016,16,1593,1067,2
2330,275105,15,1601,1065,9
2331,275203,12,1589,1050,14
2332,275305,13,1581,1037,25
2333,275422,22,1554,1037,0
2334,275518,13,1569,1049,3
2335,275716,13,1547,1027,5
2336,275837,16,1535,1014,9
2337,275958,20,1522,1014,0
2338,276057,13,1532,1019,7
2339,276164,10,1529,1017,2
2340,276271,17,1536,1022,1
2341,276370,12,1541,1020,6
2342,276488,25,1529,1012,2
2343,276586,13,1533,1020,0
2344,276692,23,1523,1008,2
2345,276785,11,1532,1016,4
2346,276902,15,1540,1018,2
2347,277000,12,1550,1031,0
2348,277104,12,1554,1031,4
2349,277284,17,1563,1023,16
2350,277406,18,1549,1012,24
2351,277522,14,1530,1013,0
2352,277642,16,1531,1006,2
2353,277752,13,1518,995,2
2354,277853,12,1525,1006,1
2355,277965,20,1525,1004,2
2356,278066,13,1540,1022,2
2357,278175,21,1554,1035,0
2358,278275,24,1553,1035,0
2359,278369,26,1570,1049,1
2360,278486,23,1562,1035,2
2361,278638,33,1563,1038,0
2362,278761,18,1566,1041,0
2363,278949,19,1552,1031,4
2364,279057,10,1554,1035,0
2365,279174,18,1560,1034,5
2366,279287,16,1558,1031,0
2367,279406,12,1563,1027,4
2368,279497,11,1566,1028,13
2369,279611,12,1560,1030,0
2370,279726,16,1545,1017,3
2371,279851,13,1550,1021,5
2372,279982,9,1543,1023,0
2373,280087,11,1551,1024,3
2374,280211,22,1551,1019,8
2375,280305,13,1544,1020,0
2376,280381,14,1557,1026,7
2377,280476,23,1560,1032,2
2378,280659,19,1561,1019,19
2379,280759,20,1543,1013,0
2380,280861,12,1522,997,4
2381,280975,16,1512,990,0
2382,281096,11,1509,987,5
2383,281227,20,1478,963,6
2384,281333,27,1476,964,3
2385,281419,13,1475,962,6
2386,281522,19,1483,956,17
2387,281634,26,1476,957,10
2388,281749,12,1480,962,5
2389,281881,19,1480,964,1
2390,281971,17,1479,962,0
2391,282070,11,1487,966,1
2392,282184,25,1491,970,0
2393,282384,14,1486,962,1
2394,282513,28,1485,956,1
2395,282624,22,1485,953,6
2396,282733,9,1482,955,0
2397,282809,10,1486,954,3
2398,282914,13,1481,951,0
2399,283006,11,1486,954,0
2400,283115,11,1494,956,5
2401,283232,12,1478,946,2
2402,283341,11,1466,930,15
2403,283440,9,1454,933,0
2404,283567,24,1463,937,4
2405,283723,12,1473,944,2
2406,283853,14,1476,944,4
2407,283954,15,1479,949,5
2408,284125,13,1479,952,0
2409,284239,25,1480,952,9
2410,284344,12,1478,954,8
2411,284423,14,1475,952,1
2412,284530,8,1484,961,0
2413,284651,17,1495,963,0
2414,284752,11,1501,968,0
2415,284862,22,1500,964,7
2416,284981,21,1507,967,2
2417,285096,12,1517,957,19
2418,285168,13,1503,956,3
2419,285260,14,1498,955,0
2420,285340,8,1500,957,0
2421,285438,9,1500,954,7
2422,285535,15,1503,965,3
2423,285645,21,1503,962,8
2424,285836,17,1495,958,3
2425,285941,9,1495,948,3
2426,286022,16,1497,952,2
2427,286137,11,1504,956,0
2428,286266,25,1501,955,2
2429,286381,17,1502,953,1
2430,286478,13,1509,956,4
2431,286599,17,1515,956,13
2432,286715,18,1509,960,0
2433,286838,12,1507,960,0
2434,286939,9,1515,965,0
2435,287028,14,1519,969,0
2436,287145,12,1530,971,1
2437,287268,15,1530,966,2
2438,287366,10,1554,978,3
2439,287576,84,1553,974,5
2440,287679,17,1549,974,4
2441,287792,16,1537,968,5
2442,287918,14,1537,970,0
2443,288027,15,1537,968,6
2444,288137,14,1538,969,7
2445,288238,14,1530,966,3
2446,288353,12,1533,965,5
2447,288440,10,1544,979,2
2448,288532,27,1541,970,12
2449,288620,17,1544,981,0
2450,288737,8,1547,984,0
2451,288843,10,1558,995,0
2452,288936,9,1564,1001,0
2453,289049,12,1570,1007,0
2454,289150,13,1583,1019,0
2455,289224,16,1590,1021,0
2456,289401,11,1602,1031,0
2457,289499,11,1607,1034,0
2458,289616,13,1619,1045,0
2459,289726,13,1622,1047,0
2460,289837,9,1630,1055,0
2461,289964,12,1633,1058,0
2462,290068,14,1638,1063,0
2463,290161,16,1645,1069,2
2464,290270,14,1661,1084,4
2465,290356,12,1669,1085,15
2466,290472,18,1656,1074,1
2467,290595,31,1657,1071,0
2468,290692,12,1657,1067,5
2469,290789,13,1673,1082,6
2470,290899,13,1680,1091,3
2471,291062,89,1683,1091,0
2472,291163,14,1679,1090,0
2473,291315,21,1676,1086,0
2474,291441,18,1676,1085,1
2475,291542,13,1671,1077,5
2476,291641,16,1668,1074,2
2477,291768,17,1666,1071,2
2478,291882,19,1666,1068,2
2479,291987,22,1668,1065,6
2480,292088,11,1672,1069,4
2481,292185,8,1678,1079,0
2482,292293,10,1673,1068,1
2483,292414,13,1667,1063,0
2484,292525,22,1669,1063,0
2485,292649,12,1671,1067,2
2486,292824,12,1693,1083,10
2487,292932,16,1690,1090,0
2488,293036,10,1693,1092,0
2489,293133,12,1700,1094,2
2490,293217,18,1695,1087,7
2491,293321,14,1703,1096,0
2492,293415,16,1723,1107,3
2493,293538,9,1726,1103,15
2494,293669,19,1707,1098,0
2495,293818,17,1705,1091,0
2496,293942,12,1705,1087,4
2497,294038,28,1703,1091,1
2498,294127,20,1707,1089,1
2499,294233,12,1715,1098,0
2500,294328,15,1719,1099,0
2501,294508,91,1721,1094,8
2502,294601,15,1721,1098,6
2503,294696,20,1751,1131,2
2504,294823,17,1762,1139,2
2505,294956,20,1766,1139,4
2506,295080,31,1772,1149,1
2507,295198,13,1772,1148,0
2508,295288,23,1778,1149,2
2509,295390,26,1783,1154,0
2510,295489,10,1786,1151,8
2511,295590,22,1780,1154,1
2512,295696,12,1785,1156,0
2513,295825,18,1786,1157,1
2514,295937,14,1785,1153,0
2515,296039,15,1787,1154,0
2516,296138,17,1789,1155,0
2517,296306,18,1793,1157,0
2518,296419,23,1793,1158,0
2519,296538,16,1799,1158,7
2520,296635,24,1794,1160,0
2521,296744,29,1785,1156,3
2522,296869,14,1782,1152,6
2523,296978,14,1787,1154,1
2524,297088,31,1796,1161,2
2525,297186,12,1799,1163,0
2526,297287,17,1812,1175,0
2527,297382,11,1813,1169,7
2528,297533,24,1819,1176,0
2529,297650,12,1821,1172,10
2530,297766,19,1822,1182,0
2531,297960,15,1832,1190,0
2532,298055,17,1844,1199,9
2533,298161,18,1843,1202,3
2534,298274,16,1848,1211,2
2535,298396,13,1849,1213,2
2536,298511,12,1857,1221,3
2537,298623,15,1863,1228,0
2538,298728,13,1871,1235,0
2539,298859,16,1876,1238,0
2540,298998,13,1883,1232,7
2541,299102,13,1879,1230,5
2542,299199,15,1892,1238,5
2543,299298,15,1900,1250,0
2544,299402,16,1905,1254,0
2545,299500,20,1914,1262,4
2546,299760,16,1915,1255,9
2547,299848,12,1907,1250,4
2548,299970,13,1899,1246,4
2549,300100,15,1889,1220,34
