tick,timestamp,query_runtime,trav_index_nodes,trav_vol_nodes,trav_unprod_nodes
0,481,2.0,5.0,5.0,0.0
1,755,1.0,11.0,11.0,0.0
2,974,1.0,26.0,26.0,0.0
3,1171,1.0,27.0,27.0,0.0
4,1358,1.0,30.0,30.0,0.0
5,1556,2.0,36.0,36.0,0.0
6,1806,2.0,41.0,41.0,0.0
7,1953,2.0,53.0,53.0,0.0
8,4478,2.0,57.0,57.0,0.0
9,4677,2.0,57.0,57.0,0.0
10,4826,2.0,60.0,60.0,0.0
11,5013,2.0,62.0,62.0,0.0
12,5200,1.0,67.0,67.0,0.0
13,5364,1.0,71.0,71.0,0.0
14,5476,2.0,72.0,72.0,0.0
15,5622,1.0,84.0,84.0,0.0
16,5746,2.0,101.0,101.0,0.0
17,5876,1.0,110.0,110.0,0.0
18,6032,1.0,115.0,115.0,0.0
19,6188,1.0,119.0,119.0,0.0
20,6316,2.0,122.0,122.0,0.0
21,6425,1.0,136.0,136.0,0.0
22,6567,3.0,141.0,141.0,0.0
23,6727,2.0,142.0,142.0,0.0
24,6860,2.0,142.0,142.0,0.0
25,7021,2.0,144.0,144.0,0.0
26,7151,2.0,146.0,146.0,0.0
27,7496,1.0,159.0,159.0,0.0
28,7628,2.0,159.0,159.0,0.0
29,7762,3.0,177.0,177.0,0.0
30,7888,1.0,178.0,178.0,0.0
31,8005,2.0,188.0,188.0,0.0
32,8127,2.0,192.0,192.0,0.0
33,8246,3.0,195.0,195.0,0.0
34,8360,2.0,195.0,195.0,0.0
35,8444,2.0,201.0,201.0,0.0
36,8558,2.0,211.0,211.0,0.0
37,8658,5.0,220.0,220.0,0.0
38,8796,1.0,225.0,225.0,0.0
39,8951,2.0,226.0,226.0,0.0
40,9147,2.0,234.0,234.0,0.0
41,9270,2.0,242.0,242.0,0.0
42,9367,2.0,251.0,251.0,0.0
43,9475,2.0,260.0,260.0,0.0
44,9613,3.0,273.0,273.0,0.0
45,9722,2.0,274.0,274.0,0.0
46,9814,2.0,279.0,279.0,0.0
47,10030,2.0,287.0,287.0,0.0
48,10141,5.0,290.0,283.0,0.0
49,10279,2.0,281.0,265.0,1.0
50,10390,2.0,292.0,270.0,1.0
51,10498,2.0,293.0,250.0,12.0
52,10635,3.0,295.0,235.0,23.0
53,10718,2.0,295.0,232.0,26.0
54,10816,3.0,287.0,238.0,10.0
55,10913,3.0,301.0,238.0,20.0
56,11035,3.0,310.0,243.0,25.0
57,11168,4.0,315.0,226.0,43.0
58,11253,3.0,316.0,223.0,47.0
59,11360,3.0,317.0,202.0,61.0
60,11458,2.0,319.0,189.0,76.0
61,11563,3.0,329.0,194.0,81.0
62,11652,2.0,338.0,195.0,89.0
63,11753,2.0,339.0,196.0,90.0
64,11860,3.0,334.0,192.0,88.0
65,11965,3.0,340.0,196.0,89.0
66,12160,2.0,338.0,180.0,99.0
67,12253,3.0,330.0,180.0,91.0
68,12359,2.0,333.0,192.0,79.0
69,12470,2.0,337.0,196.0,79.0
70,12572,2.0,341.0,200.0,77.0
71,12689,4.0,343.0,203.0,76.0
72,12789,2.0,344.0,204.0,73.0
73,12882,3.0,346.0,207.0,72.0
74,12981,7.0,338.0,208.0,63.0
75,13077,3.0,341.0,211.0,63.0
76,13163,3.0,359.0,229.0,61.0
77,13251,3.0,365.0,235.0,61.0
78,13344,2.0,367.0,237.0,61.0
79,13423,2.0,372.0,242.0,59.0
80,13504,3.0,379.0,252.0,56.0
81,13573,3.0,390.0,263.0,56.0
82,13660,3.0,391.0,264.0,56.0
83,13763,2.0,404.0,277.0,56.0
84,13856,2.0,404.0,277.0,56.0
85,13930,3.0,406.0,286.0,49.0
86,14135,4.0,408.0,288.0,49.0
87,14230,2.0,410.0,290.0,49.0
88,14328,2.0,422.0,302.0,49.0
89,14422,3.0,423.0,303.0,49.0
90,14518,3.0,424.0,295.0,59.0
91,14618,2.0,429.0,289.0,66.0
92,14698,3.0,431.0,289.0,67.0
93,14795,3.0,441.0,287.0,76.0
94,14928,3.0,435.0,279.0,80.0
95,15035,3.0,447.0,280.0,92.0
96,15191,3.0,454.0,275.0,98.0
97,15273,3.0,457.0,266.0,110.0
98,15371,3.0,456.0,261.0,111.0
99,15490,3.0,451.0,253.0,112.0
100,15579,3.0,450.0,241.0,122.0
101,15668,3.0,446.0,239.0,117.0
102,15771,2.0,449.0,229.0,130.0
103,15868,3.0,458.0,235.0,134.0
104,15974,3.0,462.0,235.0,139.0
105,16176,3.0,469.0,235.0,145.0
106,16271,4.0,461.0,235.0,132.0
107,16362,3.0,456.0,229.0,133.0
108,16453,3.0,451.0,225.0,133.0
109,16524,3.0,443.0,214.0,135.0
110,16621,3.0,451.0,213.0,144.0
111,16716,3.0,448.0,219.0,135.0
112,16816,3.0,449.0,211.0,148.0
113,16951,3.0,457.0,218.0,148.0
114,17051,3.0,458.0,217.0,152.0
115,17157,4.0,455.0,214.0,154.0
116,17242,3.0,470.0,219.0,163.0
117,17347,4.0,470.0,222.0,159.0
118,17466,3.0,473.0,224.0,160.0
119,17556,3.0,483.0,232.0,162.0
120,17636,4.0,479.0,226.0,165.0
121,17716,3.0,487.0,224.0,178.0
122,17809,3.0,471.0,211.0,175.0
123,17872,3.0,462.0,203.0,175.0
124,17948,3.0,468.0,214.0,169.0
125,18107,2.0,471.0,208.0,177.0
126,18179,2.0,483.0,212.0,185.0
127,18268,3.0,486.0,210.0,189.0
128,18339,3.0,490.0,201.0,202.0
129,18433,3.0,493.0,194.0,210.0
130,18538,4.0,493.0,185.0,219.0
131,18637,3.0,501.0,185.0,227.0
132,18731,3.0,490.0,186.0,215.0
133,18826,4.0,480.0,187.0,204.0
134,18914,4.0,475.0,191.0,192.0
135,19011,3.0,475.0,187.0,195.0
136,19089,4.0,481.0,182.0,211.0
137,19171,5.0,472.0,173.0,211.0
138,19259,4.0,478.0,177.0,214.0
139,19326,3.0,479.0,187.0,200.0
140,19411,3.0,473.0,183.0,195.0
141,19485,3.0,490.0,196.0,198.0
142,19577,5.0,494.0,190.0,208.0
143,19682,4.0,492.0,189.0,208.0
144,19761,4.0,500.0,195.0,211.0
145,21625,3.0,500.0,98.0,337.0
146,21704,3.0,500.0,99.0,336.0
147,21809,4.0,505.0,104.0,335.0
148,21914,3.0,518.0,114.0,337.0
149,22024,3.0,515.0,105.0,345.0
150,22116,3.0,511.0,107.0,339.0
151,22216,3.0,511.0,107.0,339.0
152,22308,4.0,514.0,114.0,335.0
153,22395,3.0,522.0,120.0,337.0
154,22492,3.0,530.0,118.0,351.0
155,22586,3.0,531.0,111.0,362.0
156,22708,4.0,529.0,113.0,356.0
157,22813,3.0,537.0,119.0,356.0
158,22929,4.0,535.0,117.0,360.0
159,23018,4.0,550.0,122.0,366.0
160,23112,4.0,550.0,115.0,374.0
161,23208,3.0,551.0,118.0,376.0
162,23294,4.0,552.0,117.0,379.0
163,23380,3.0,553.0,116.0,378.0
164,23545,5.0,553.0,113.0,379.0
165,23645,3.0,556.0,114.0,383.0
166,23746,4.0,558.0,118.0,380.0
167,23841,3.0,564.0,124.0,378.0
168,23929,3.0,553.0,124.0,367.0
169,24045,3.0,560.0,137.0,361.0
170,24139,4.0,561.0,137.0,361.0
171,24235,3.0,561.0,139.0,358.0
172,24325,3.0,561.0,139.0,358.0
173,24408,3.0,568.0,147.0,357.0
174,24503,4.0,580.0,159.0,355.0
175,24596,3.0,585.0,160.0,359.0
176,24674,6.0,581.0,160.0,355.0
177,24768,4.0,581.0,165.0,350.0
178,24872,4.0,583.0,165.0,351.0
179,24980,5.0,584.0,166.0,351.0
180,25075,4.0,587.0,169.0,351.0
181,25172,3.0,584.0,169.0,348.0
182,25253,5.0,585.0,169.0,349.0
183,25442,3.0,586.0,168.0,351.0
184,25532,4.0,586.0,162.0,352.0
185,25626,4.0,595.0,171.0,351.0
186,25731,4.0,597.0,173.0,351.0
187,25808,3.0,601.0,180.0,347.0
188,25901,3.0,601.0,177.0,350.0
189,25978,3.0,612.0,180.0,365.0
190,26064,4.0,615.0,181.0,366.0
191,26166,4.0,618.0,183.0,366.0
192,26249,4.0,619.0,184.0,366.0
193,26326,4.0,622.0,184.0,370.0
194,26413,4.0,628.0,192.0,368.0
195,26497,6.0,632.0,196.0,368.0
196,26575,4.0,637.0,198.0,371.0
197,26659,4.0,636.0,191.0,379.0
198,26749,3.0,635.0,195.0,374.0
199,26851,4.0,638.0,195.0,376.0
200,26950,4.0,639.0,196.0,376.0
201,27033,4.0,641.0,198.0,375.0
202,27227,4.0,640.0,191.0,384.0
203,27310,5.0,647.0,198.0,382.0
204,27388,4.0,655.0,199.0,382.0
205,27474,4.0,655.0,198.0,383.0
206,27559,4.0,658.0,200.0,382.0
207,27637,4.0,666.0,203.0,383.0
208,27730,3.0,661.0,203.0,378.0
209,27831,4.0,659.0,202.0,377.0
210,27926,4.0,660.0,201.0,380.0
211,28012,5.0,662.0,207.0,371.0
212,28098,4.0,674.0,220.0,370.0
213,28194,5.0,675.0,219.0,369.0
214,28276,4.0,676.0,217.0,373.0
215,28380,4.0,691.0,229.0,372.0
216,28475,6.0,698.0,238.0,366.0
217,28582,5.0,698.0,237.0,367.0
218,28675,4.0,701.0,236.0,368.0
219,28756,7.0,711.0,235.0,377.0
220,28841,6.0,719.0,241.0,379.0
221,29027,4.0,726.0,247.0,387.0
222,29115,5.0,736.0,257.0,384.0
223,29204,4.0,734.0,254.0,385.0
224,29286,5.0,743.0,263.0,384.0
225,29364,5.0,759.0,275.0,377.0
226,29445,5.0,760.0,276.0,377.0
227,29537,4.0,760.0,275.0,378.0
228,29628,4.0,761.0,275.0,379.0
229,29721,5.0,761.0,282.0,372.0
230,29824,4.0,767.0,288.0,371.0
231,29917,5.0,767.0,288.0,371.0
232,29998,5.0,765.0,288.0,369.0
233,30064,4.0,773.0,296.0,369.0
234,30145,5.0,775.0,301.0,364.0
235,30236,5.0,779.0,307.0,362.0
236,30326,5.0,773.0,308.0,355.0
237,30412,5.0,783.0,318.0,354.0
238,30507,5.0,781.0,318.0,352.0
239,30590,6.0,779.0,318.0,350.0
240,30731,60.0,796.0,335.0,350.0
241,30846,4.0,796.0,335.0,350.0
242,30954,5.0,796.0,335.0,350.0
243,31052,6.0,798.0,337.0,350.0
244,31146,5.0,801.0,341.0,348.0
245,31237,5.0,800.0,344.0,342.0
246,31308,5.0,800.0,344.0,342.0
247,31406,5.0,807.0,351.0,339.0
248,31483,5.0,812.0,362.0,333.0
249,31572,7.0,813.0,366.0,327.0
250,31651,5.0,814.0,341.0,365.0
251,31786,5.0,820.0,309.0,411.0
252,31892,5.0,823.0,289.0,437.0
253,31995,4.0,805.0,271.0,438.0
254,32091,6.0,817.0,268.0,449.0
255,32192,8.0,836.0,279.0,466.0
256,32269,6.0,837.0,262.0,485.0
257,32345,5.0,843.0,280.0,471.0
258,32422,5.0,837.0,272.0,474.0
259,32573,6.0,846.0,276.0,483.0
260,32664,7.0,828.0,274.0,463.0
261,32747,5.0,842.0,278.0,475.0
262,32860,5.0,837.0,270.0,479.0
263,32946,4.0,826.0,257.0,480.0
264,33027,6.0,831.0,258.0,486.0
265,33107,5.0,822.0,255.0,481.0
266,33202,5.0,830.0,259.0,482.0
267,33277,5.0,827.0,259.0,476.0
268,33356,6.0,828.0,246.0,491.0
269,33442,5.0,836.0,248.0,489.0
270,33542,5.0,822.0,243.0,481.0
271,33622,6.0,823.0,248.0,486.0
272,33694,5.0,828.0,249.0,490.0
273,33766,6.0,828.0,247.0,489.0
274,33850,5.0,817.0,231.0,496.0
275,33946,5.0,810.0,220.0,500.0
276,34053,6.0,809.0,212.0,508.0
277,34136,5.0,791.0,204.0,499.0
278,34215,4.0,786.0,195.0,499.0
279,34364,5.0,796.0,180.0,530.0
280,34453,5.0,819.0,185.0,553.0
281,34539,5.0,819.0,179.0,561.0
282,34614,6.0,817.0,174.0,568.0
283,34687,5.0,811.0,166.0,570.0
284,34776,5.0,817.0,176.0,569.0
285,34849,5.0,819.0,169.0,579.0
286,34938,5.0,820.0,167.0,571.0
287,35013,5.0,817.0,172.0,559.0
288,35102,5.0,828.0,180.0,560.0
289,35191,6.0,814.0,180.0,545.0
290,35289,5.0,813.0,178.0,549.0
291,35372,5.0,822.0,188.0,547.0
292,35462,5.0,815.0,187.0,540.0
293,35548,5.0,824.0,189.0,544.0
294,35632,5.0,828.0,203.0,532.0
295,35708,5.0,826.0,202.0,530.0
296,35823,6.0,827.0,194.0,540.0
297,35893,5.0,855.0,221.0,540.0
298,36105,5.0,857.0,206.0,564.0
299,36176,5.0,849.0,211.0,548.0
300,36253,5.0,857.0,221.0,545.0
301,36329,5.0,843.0,223.0,525.0
302,36421,5.0,842.0,223.0,524.0
303,36492,5.0,841.0,212.0,537.0
304,36580,5.0,850.0,211.0,548.0
305,36686,5.0,850.0,201.0,560.0
306,36810,4.0,856.0,202.0,564.0
307,36911,5.0,849.0,201.0,558.0
308,37009,5.0,851.0,197.0,566.0
309,37088,6.0,857.0,203.0,563.0
310,37181,5.0,858.0,200.0,570.0
311,37277,5.0,860.0,202.0,567.0
312,37363,5.0,858.0,189.0,581.0
313,37455,7.0,859.0,190.0,581.0
314,37535,5.0,863.0,203.0,566.0
315,37620,6.0,867.0,208.0,567.0
316,37709,5.0,868.0,209.0,568.0
317,37816,7.0,870.0,215.0,561.0
318,37984,85.0,857.0,202.0,560.0
319,38084,5.0,855.0,203.0,557.0
320,38173,7.0,845.0,204.0,547.0
321,38267,5.0,842.0,204.0,544.0
322,38344,6.0,847.0,209.0,544.0
323,38430,5.0,847.0,205.0,553.0
324,38508,5.0,840.0,204.0,541.0
325,38591,5.0,842.0,201.0,543.0
326,38676,5.0,829.0,191.0,540.0
327,38744,5.0,828.0,190.0,542.0
328,38831,7.0,820.0,192.0,534.0
329,38921,5.0,831.0,203.0,534.0
330,38998,5.0,841.0,215.0,531.0
331,39089,7.0,833.0,215.0,523.0
332,39183,6.0,841.0,210.0,535.0
333,39261,6.0,854.0,222.0,540.0
334,39342,6.0,862.0,221.0,549.0
335,39415,6.0,862.0,226.0,544.0
336,39515,6.0,854.0,220.0,543.0
337,39608,5.0,846.0,221.0,534.0
338,39695,5.0,837.0,219.0,528.0
339,39888,6.0,838.0,214.0,538.0
340,39960,5.0,838.0,214.0,538.0
341,40044,5.0,849.0,220.0,543.0
342,40136,5.0,850.0,217.0,550.0
343,40201,6.0,846.0,224.0,539.0
344,40285,6.0,846.0,216.0,558.0
345,40397,6.0,845.0,209.0,564.0
346,40495,5.0,824.0,205.0,548.0
347,40587,5.0,829.0,211.0,546.0
348,40703,6.0,828.0,212.0,545.0
349,40784,5.0,825.0,213.0,537.0
350,40881,5.0,825.0,213.0,537.0
351,40962,5.0,827.0,215.0,537.0
352,41050,5.0,821.0,217.0,529.0
353,41139,7.0,823.0,217.0,535.0
354,41238,5.0,820.0,209.0,541.0
355,41336,6.0,819.0,203.0,548.0
356,41424,6.0,819.0,203.0,548.0
357,41523,7.0,818.0,202.0,550.0
358,41626,6.0,812.0,203.0,543.0
359,41707,4.0,811.0,202.0,543.0
360,41937,5.0,815.0,186.0,567.0
361,42027,4.0,810.0,187.0,559.0
362,42109,6.0,808.0,189.0,554.0
363,42183,5.0,808.0,189.0,554.0
364,42281,5.0,808.0,182.0,559.0
365,42347,4.0,802.0,180.0,549.0
366,42441,5.0,804.0,181.0,548.0
367,42520,6.0,798.0,180.0,542.0
368,42589,5.0,792.0,184.0,532.0
369,42681,4.0,792.0,184.0,532.0
370,42769,5.0,796.0,182.0,535.0
371,42863,5.0,791.0,186.0,523.0
372,42935,6.0,788.0,178.0,530.0
373,43015,5.0,785.0,176.0,527.0
374,43108,7.0,788.0,167.0,536.0
375,43188,5.0,769.0,165.0,520.0
376,43273,9.0,780.0,172.0,526.0
377,43335,5.0,785.0,174.0,526.0
378,43426,5.0,797.0,170.0,542.0
379,43512,4.0,782.0,169.0,530.0
380,43604,6.0,790.0,169.0,541.0
381,43843,6.0,793.0,165.0,547.0
382,43950,5.0,792.0,155.0,556.0
383,44039,5.0,784.0,156.0,547.0
384,44114,6.0,804.0,176.0,545.0
385,44198,5.0,813.0,184.0,549.0
386,44289,6.0,816.0,187.0,549.0
387,44376,5.0,824.0,195.0,548.0
388,44462,5.0,841.0,213.0,547.0
389,44539,5.0,846.0,206.0,555.0
390,44617,6.0,853.0,209.0,551.0
391,44700,7.0,851.0,209.0,549.0
392,44789,6.0,855.0,212.0,553.0
393,44875,6.0,844.0,212.0,542.0
394,44960,7.0,847.0,215.0,538.0
395,45062,5.0,855.0,221.0,541.0
396,45159,6.0,860.0,226.0,541.0
397,45245,6.0,854.0,227.0,535.0
398,45334,9.0,852.0,228.0,531.0
399,45429,6.0,854.0,226.0,535.0
400,45500,6.0,856.0,224.0,540.0
401,45580,6.0,853.0,222.0,537.0
402,45816,5.0,855.0,214.0,552.0
403,45907,5.0,853.0,208.0,556.0
404,45996,6.0,848.0,212.0,547.0
405,46076,5.0,852.0,216.0,547.0
406,46176,4.0,836.0,216.0,534.0
407,46284,7.0,837.0,211.0,538.0
408,46365,6.0,842.0,219.0,533.0
409,46467,5.0,834.0,216.0,529.0
410,46540,5.0,836.0,217.0,528.0
411,46626,4.0,845.0,219.0,537.0
412,46704,5.0,844.0,220.0,534.0
413,46782,5.0,832.0,218.0,523.0
414,46861,5.0,838.0,236.0,508.0
415,46945,5.0,834.0,236.0,498.0
416,47020,5.0,836.0,231.0,509.0
417,47091,5.0,856.0,238.0,523.0
418,47167,6.0,842.0,240.0,507.0
419,47265,5.0,843.0,239.0,509.0
420,47339,6.0,853.0,247.0,510.0
421,47415,7.0,860.0,245.0,515.0
422,47511,5.0,860.0,245.0,515.0
423,47756,6.0,853.0,245.0,505.0
424,47860,6.0,855.0,238.0,515.0
425,47961,5.0,863.0,248.0,512.0
426,48040,6.0,868.0,248.0,514.0
427,48126,6.0,867.0,248.0,513.0
428,48220,6.0,867.0,248.0,513.0
429,48301,6.0,873.0,248.0,523.0
430,48397,6.0,873.0,238.0,534.0
431,48501,6.0,876.0,239.0,534.0
432,48589,7.0,886.0,238.0,544.0
433,48668,5.0,898.0,241.0,553.0
434,48752,5.0,894.0,235.0,556.0
435,48835,6.0,892.0,219.0,569.0
436,48912,6.0,902.0,229.0,567.0
437,48991,6.0,893.0,218.0,576.0
438,49082,6.0,893.0,214.0,581.0
439,49165,7.0,884.0,209.0,576.0
440,49233,6.0,888.0,215.0,577.0
441,49632,10.0,888.0,199.0,598.0
442,49712,6.0,892.0,203.0,594.0
443,49792,6.0,892.0,203.0,594.0
444,49870,6.0,902.0,213.0,592.0
445,49945,6.0,902.0,221.0,584.0
446,50027,7.0,913.0,229.0,585.0
447,50102,6.0,921.0,234.0,589.0
448,50195,6.0,921.0,233.0,588.0
449,50279,7.0,920.0,233.0,587.0
450,50372,6.0,915.0,239.0,574.0
451,50449,6.0,920.0,248.0,570.0
452,50526,6.0,921.0,239.0,580.0
453,50616,6.0,913.0,226.0,585.0
454,50697,6.0,916.0,226.0,588.0
455,50802,7.0,914.0,226.0,586.0
456,50891,8.0,912.0,215.0,595.0
457,50974,7.0,918.0,219.0,598.0
458,51061,6.0,905.0,219.0,585.0
459,51362,6.0,905.0,215.0,590.0
460,51447,5.0,905.0,203.0,607.0
461,51538,6.0,905.0,202.0,607.0
462,51650,5.0,905.0,204.0,605.0
463,51746,5.0,899.0,203.0,602.0
464,51835,5.0,896.0,203.0,599.0
465,51931,5.0,896.0,199.0,604.0
466,52030,7.0,893.0,195.0,609.0
467,52128,6.0,898.0,199.0,602.0
468,52219,6.0,897.0,200.0,598.0
469,52303,5.0,913.0,213.0,604.0
470,52382,6.0,914.0,206.0,612.0
471,52469,6.0,914.0,202.0,619.0
472,52558,7.0,919.0,206.0,618.0
473,52655,7.0,925.0,204.0,627.0
474,52765,6.0,932.0,212.0,625.0
475,52859,6.0,946.0,223.0,626.0
476,52947,6.0,942.0,211.0,641.0
477,53264,5.0,955.0,187.0,670.0
478,53357,6.0,952.0,185.0,671.0
479,53457,6.0,954.0,179.0,683.0
480,53543,6.0,957.0,183.0,682.0
481,53620,6.0,957.0,183.0,682.0
482,53719,6.0,957.0,184.0,681.0
483,53823,7.0,964.0,191.0,681.0
484,53924,6.0,967.0,185.0,689.0
485,54003,7.0,976.0,193.0,686.0
486,54097,6.0,977.0,172.0,709.0
487,54177,7.0,981.0,176.0,707.0
488,54270,6.0,987.0,185.0,702.0
489,54369,7.0,988.0,186.0,701.0
490,54459,6.0,996.0,187.0,708.0
491,54553,8.0,1001.0,192.0,707.0
492,54629,6.0,1002.0,193.0,707.0
493,54731,6.0,1004.0,194.0,710.0
494,57360,2533.0,1005.0,191.0,715.0
495,57467,6.0,1001.0,113.0,820.0
496,57550,6.0,999.0,112.0,818.0
497,57625,6.0,998.0,112.0,817.0
498,57734,6.0,996.0,111.0,815.0
499,57823,6.0,997.0,112.0,814.0
500,57907,8.0,1004.0,119.0,815.0
501,58004,7.0,1014.0,128.0,810.0
502,58093,6.0,1013.0,122.0,815.0
503,58186,7.0,1018.0,124.0,819.0
504,58288,7.0,1017.0,124.0,818.0
505,58372,7.0,1015.0,124.0,815.0
506,58499,7.0,1025.0,135.0,808.0
507,58608,8.0,1033.0,144.0,805.0
508,58717,7.0,1032.0,146.0,800.0
509,58787,8.0,1046.0,160.0,800.0
510,58888,8.0,1044.0,160.0,798.0
511,59007,8.0,1047.0,161.0,798.0
512,59148,6.0,1052.0,171.0,793.0
513,59228,6.0,1050.0,169.0,794.0
514,59331,7.0,1044.0,169.0,788.0
515,59432,8.0,1046.0,173.0,786.0
516,59519,9.0,1048.0,175.0,784.0
517,59614,7.0,1059.0,185.0,783.0
518,59730,8.0,1059.0,181.0,787.0
519,59832,10.0,1064.0,183.0,789.0
520,59928,7.0,1060.0,180.0,793.0
521,60027,7.0,1060.0,183.0,790.0
522,60129,8.0,1063.0,185.0,789.0
523,60222,8.0,1064.0,187.0,788.0
524,60347,7.0,1060.0,187.0,784.0
525,60431,7.0,1054.0,188.0,777.0
526,60518,8.0,1060.0,196.0,773.0
527,60608,7.0,1060.0,193.0,776.0
528,60681,7.0,1059.0,193.0,775.0
529,60755,7.0,1070.0,203.0,771.0
530,60912,8.0,1071.0,201.0,771.0
531,61014,10.0,1072.0,201.0,774.0
532,61097,8.0,1075.0,204.0,770.0
533,61174,7.0,1076.0,207.0,768.0
534,61277,7.0,1075.0,207.0,767.0
535,61375,13.0,1075.0,205.0,770.0
536,61443,7.0,1077.0,207.0,768.0
537,61523,8.0,1088.0,195.0,792.0
538,61600,7.0,1081.0,187.0,793.0
539,61665,8.0,1091.0,204.0,785.0
540,61753,8.0,1104.0,193.0,814.0
541,61862,10.0,1103.0,179.0,828.0
542,61957,7.0,1101.0,172.0,833.0
543,62061,7.0,1092.0,152.0,852.0
544,62156,9.0,1091.0,147.0,856.0
545,62250,9.0,1076.0,140.0,849.0
546,62341,7.0,1081.0,142.0,845.0
547,62493,61.0,1063.0,141.0,831.0
548,62588,9.0,1063.0,142.0,831.0
549,62666,7.0,1069.0,142.0,840.0
550,62738,6.0,1056.0,140.0,841.0
551,62826,7.0,1049.0,131.0,846.0
552,62914,6.0,1045.0,130.0,843.0
553,62994,7.0,1037.0,129.0,836.0
554,63106,7.0,1029.0,139.0,815.0
555,63186,6.0,1039.0,153.0,807.0
556,63269,6.0,1046.0,169.0,798.0
557,63343,6.0,1053.0,166.0,815.0
558,63434,7.0,1050.0,165.0,816.0
559,63534,7.0,1051.0,156.0,826.0
560,63620,7.0,1046.0,154.0,823.0
561,63701,7.0,1046.0,153.0,825.0
562,63791,7.0,1058.0,152.0,833.0
563,63896,7.0,1057.0,152.0,830.0
564,63973,6.0,1061.0,150.0,838.0
565,64183,118.0,1062.0,141.0,857.0
566,64277,6.0,1063.0,134.0,864.0
567,64359,7.0,1056.0,141.0,852.0
568,64465,7.0,1055.0,143.0,848.0
569,64555,9.0,1056.0,129.0,866.0
570,64635,6.0,1051.0,128.0,861.0
571,64705,7.0,1043.0,130.0,851.0
572,64779,6.0,1050.0,137.0,849.0
573,64847,7.0,1049.0,132.0,842.0
574,64925,6.0,1041.0,132.0,834.0
575,65002,7.0,1053.0,144.0,834.0
576,65073,7.0,1064.0,156.0,833.0
577,65164,7.0,1070.0,161.0,832.0
578,65266,6.0,1061.0,161.0,823.0
579,65352,7.0,1051.0,162.0,812.0
580,65442,7.0,1051.0,162.0,812.0
581,65532,6.0,1052.0,163.0,812.0
582,65623,7.0,1059.0,170.0,810.0
583,65712,6.0,1063.0,182.0,802.0
584,65881,7.0,1057.0,183.0,794.0
585,65968,6.0,1057.0,184.0,793.0
586,66044,7.0,1056.0,191.0,785.0
587,66134,6.0,1064.0,199.0,785.0
588,66226,6.0,1068.0,206.0,782.0
589,66317,6.0,1076.0,214.0,781.0
590,66389,7.0,1077.0,215.0,781.0
591,66471,7.0,1077.0,215.0,781.0
592,66553,7.0,1094.0,227.0,781.0
593,66644,7.0,1094.0,228.0,780.0
594,66731,7.0,1095.0,230.0,779.0
595,66835,9.0,1101.0,236.0,779.0
596,66920,7.0,1100.0,237.0,777.0
597,67017,6.0,1110.0,246.0,777.0
598,67101,6.0,1129.0,268.0,770.0
599,67186,7.0,1136.0,275.0,770.0
600,67278,8.0,1136.0,275.0,770.0
601,67389,6.0,1126.0,275.0,760.0
602,67480,7.0,1114.0,268.0,760.0
603,67654,7.0,1123.0,268.0,766.0
604,67733,7.0,1127.0,271.0,770.0
605,67810,8.0,1133.0,274.0,770.0
606,67897,6.0,1136.0,260.0,792.0
607,67995,7.0,1143.0,266.0,793.0
608,68086,7.0,1142.0,267.0,791.0
609,68176,7.0,1143.0,266.0,791.0
610,68252,7.0,1145.0,242.0,819.0
611,68370,11.0,1151.0,247.0,816.0
612,68466,8.0,1138.0,239.0,812.0
613,68546,8.0,1144.0,255.0,801.0
614,68645,8.0,1144.0,237.0,819.0
615,68741,8.0,1142.0,229.0,825.0
616,68825,8.0,1135.0,231.0,816.0
617,68915,6.0,1127.0,233.0,806.0
618,69012,10.0,1128.0,232.0,804.0
619,69106,14.0,1115.0,233.0,790.0
620,69196,8.0,1118.0,239.0,787.0
621,69299,7.0,1119.0,238.0,788.0
622,69513,7.0,1122.0,230.0,799.0
623,69595,8.0,1122.0,225.0,806.0
624,69687,7.0,1125.0,227.0,804.0
625,69779,7.0,1120.0,229.0,797.0
626,69882,8.0,1122.0,232.0,800.0
627,69957,7.0,1129.0,233.0,806.0
628,70025,7.0,1129.0,226.0,813.0
629,70118,8.0,1129.0,219.0,820.0
630,70205,7.0,1131.0,219.0,823.0
631,70287,7.0,1130.0,217.0,825.0
632,70362,6.0,1129.0,213.0,828.0
633,70462,8.0,1129.0,202.0,844.0
634,70581,8.0,1132.0,199.0,853.0
635,70658,7.0,1136.0,203.0,848.0
636,70737,7.0,1147.0,213.0,845.0
637,70825,8.0,1141.0,214.0,837.0
638,70918,7.0,1150.0,223.0,837.0
639,71009,8.0,1153.0,219.0,838.0
640,71093,7.0,1154.0,216.0,850.0
641,71185,8.0,1151.0,221.0,838.0
642,71392,8.0,1140.0,218.0,831.0
643,71486,10.0,1151.0,229.0,831.0
644,71605,7.0,1151.0,224.0,838.0
645,71687,6.0,1154.0,221.0,845.0
646,71758,7.0,1159.0,218.0,849.0
647,71845,8.0,1161.0,224.0,846.0
648,71942,7.0,1161.0,230.0,837.0
649,72047,8.0,1160.0,223.0,842.0
650,72157,9.0,1166.0,216.0,861.0
651,72263,10.0,1166.0,217.0,856.0
652,72366,14.0,1187.0,228.0,863.0
653,72453,8.0,1193.0,238.0,857.0
654,72531,11.0,1194.0,230.0,865.0
655,72649,8.0,1189.0,205.0,887.0
656,72729,8.0,1196.0,220.0,879.0
657,72818,7.0,1203.0,215.0,891.0
658,72917,8.0,1195.0,214.0,884.0
659,73004,6.0,1176.0,206.0,873.0
660,73108,10.0,1169.0,207.0,864.0
661,73329,130.0,1171.0,183.0,899.0
662,73424,7.0,1163.0,174.0,906.0
663,73504,7.0,1153.0,173.0,898.0
664,73589,7.0,1152.0,168.0,908.0
665,73680,7.0,1151.0,165.0,913.0
666,73766,7.0,1143.0,155.0,911.0
667,73872,10.0,1159.0,156.0,931.0
668,73965,7.0,1166.0,164.0,930.0
669,74061,7.0,1165.0,165.0,925.0
670,74165,8.0,1167.0,168.0,924.0
671,74261,9.0,1168.0,169.0,924.0
672,74353,8.0,1170.0,169.0,922.0
673,74451,7.0,1161.0,166.0,918.0
674,74545,8.0,1164.0,185.0,901.0
675,74630,8.0,1145.0,181.0,887.0
676,74717,8.0,1150.0,192.0,877.0
677,74804,7.0,1140.0,195.0,863.0
678,74902,7.0,1150.0,209.0,856.0
679,75012,11.0,1153.0,202.0,865.0
680,75131,10.0,1156.0,197.0,874.0
681,75376,8.0,1160.0,200.0,875.0
682,75453,6.0,1148.0,203.0,860.0
683,75543,7.0,1159.0,203.0,870.0
684,75633,8.0,1162.0,206.0,870.0
685,75712,7.0,1150.0,199.0,858.0
686,75797,7.0,1153.0,199.0,860.0
687,75881,8.0,1154.0,200.0,860.0
688,75972,7.0,1167.0,201.0,862.0
689,76065,7.0,1162.0,199.0,855.0
690,76148,8.0,1170.0,208.0,852.0
691,76236,8.0,1172.0,211.0,848.0
692,76318,8.0,1169.0,214.0,843.0
693,76440,9.0,1168.0,208.0,852.0
694,76528,8.0,1168.0,204.0,858.0
695,76603,7.0,1165.0,204.0,855.0
696,76684,8.0,1169.0,204.0,862.0
697,76755,8.0,1163.0,203.0,856.0
698,76842,8.0,1172.0,212.0,851.0
699,76930,9.0,1175.0,216.0,847.0
700,77020,8.0,1177.0,209.0,857.0
701,77120,10.0,1178.0,213.0,854.0
702,77365,8.0,1181.0,209.0,863.0
703,77455,7.0,1186.0,213.0,861.0
704,77534,7.0,1186.0,212.0,861.0
705,77609,8.0,1172.0,212.0,847.0
706,77700,8.0,1174.0,214.0,845.0
707,77778,8.0,1178.0,216.0,847.0
708,77861,8.0,1165.0,222.0,826.0
709,77947,8.0,1166.0,219.0,829.0
710,78036,8.0,1168.0,216.0,832.0
711,78108,8.0,1178.0,221.0,840.0
712,78206,8.0,1176.0,220.0,840.0
713,78293,9.0,1167.0,220.0,831.0
714,78391,8.0,1169.0,219.0,831.0
715,78466,7.0,1177.0,220.0,837.0
716,78550,9.0,1184.0,221.0,843.0
717,78656,9.0,1187.0,216.0,842.0
718,78722,8.0,1188.0,222.0,838.0
719,78804,8.0,1194.0,219.0,846.0
720,78880,7.0,1194.0,216.0,846.0
721,78967,7.0,1181.0,214.0,836.0
722,79064,8.0,1184.0,216.0,837.0
723,79357,8.0,1177.0,209.0,840.0
724,79434,7.0,1197.0,229.0,837.0
725,79517,7.0,1194.0,229.0,834.0
726,79586,7.0,1204.0,236.0,834.0
727,79673,8.0,1204.0,235.0,837.0
728,79768,7.0,1205.0,234.0,840.0
729,79855,7.0,1196.0,235.0,830.0
730,79935,8.0,1205.0,239.0,837.0
731,80025,7.0,1206.0,234.0,841.0
732,80109,8.0,1208.0,213.0,872.0
733,80181,11.0,1196.0,198.0,879.0
734,80251,7.0,1196.0,198.0,879.0
735,80330,9.0,1197.0,189.0,898.0
736,80425,9.0,1197.0,189.0,898.0
737,80505,8.0,1206.0,198.0,896.0
738,80592,8.0,1207.0,199.0,896.0
739,80681,8.0,1204.0,202.0,890.0
740,80753,7.0,1204.0,195.0,899.0
741,81044,8.0,1202.0,189.0,910.0
742,81156,12.0,1202.0,189.0,910.0
743,81238,7.0,1205.0,193.0,905.0
744,81309,7.0,1214.0,202.0,905.0
745,81384,8.0,1216.0,201.0,913.0
746,81476,7.0,1207.0,200.0,903.0
747,81572,8.0,1212.0,198.0,911.0
748,81673,8.0,1212.0,199.0,908.0
749,81765,8.0,1213.0,201.0,906.0
750,81860,8.0,1212.0,201.0,905.0
751,81959,8.0,1208.0,201.0,901.0
752,82059,8.0,1215.0,203.0,902.0
753,82151,7.0,1218.0,195.0,914.0
754,82230,8.0,1232.0,207.0,916.0
755,82327,10.0,1233.0,208.0,917.0
756,82436,9.0,1231.0,203.0,920.0
757,82532,8.0,1239.0,202.0,930.0
758,82850,238.0,1235.0,185.0,961.0
759,82945,8.0,1238.0,180.0,972.0
760,83036,7.0,1245.0,187.0,972.0
761,83125,8.0,1238.0,177.0,975.0
762,83232,7.0,1238.0,177.0,975.0
763,83314,7.0,1235.0,177.0,972.0
764,83408,7.0,1236.0,170.0,980.0
765,83512,8.0,1239.0,169.0,982.0
766,83592,7.0,1243.0,164.0,992.0
767,83710,7.0,1241.0,162.0,992.0
768,83794,8.0,1247.0,157.0,998.0
769,83892,8.0,1247.0,157.0,998.0
770,83979,9.0,1252.0,153.0,1012.0
771,84055,7.0,1266.0,164.0,1013.0
772,84163,11.0,1277.0,175.0,1010.0
773,84253,8.0,1278.0,167.0,1018.0
774,84372,8.0,1281.0,168.0,1027.0
775,84649,206.0,1283.0,169.0,1028.0
776,84743,8.0,1278.0,161.0,1027.0
777,84842,8.0,1278.0,159.0,1024.0
778,84926,8.0,1276.0,158.0,1026.0
779,85026,11.0,1274.0,158.0,1024.0
780,85106,10.0,1274.0,155.0,1026.0
781,85198,8.0,1273.0,156.0,1024.0
782,85284,9.0,1275.0,158.0,1023.0
783,85364,7.0,1275.0,160.0,1021.0
784,85469,8.0,1274.0,153.0,1031.0
785,85555,7.0,1274.0,152.0,1032.0
786,85652,9.0,1284.0,147.0,1051.0
787,85730,9.0,1292.0,153.0,1051.0
788,85830,8.0,1303.0,161.0,1052.0
789,85938,10.0,1301.0,161.0,1050.0
790,86023,8.0,1303.0,161.0,1048.0
791,86121,8.0,1304.0,159.0,1054.0
792,86396,9.0,1307.0,161.0,1055.0
793,86487,9.0,1307.0,160.0,1057.0
794,86590,7.0,1306.0,160.0,1056.0
795,86676,8.0,1316.0,168.0,1061.0
796,86773,8.0,1320.0,166.0,1066.0
797,86862,8.0,1320.0,168.0,1064.0
798,86948,11.0,1325.0,174.0,1058.0
799,87058,9.0,1337.0,179.0,1065.0
800,87156,8.0,1334.0,171.0,1072.0
801,87243,9.0,1336.0,174.0,1066.0
802,87334,8.0,1337.0,176.0,1063.0
803,87427,9.0,1337.0,176.0,1062.0
804,87520,8.0,1338.0,176.0,1063.0
805,87605,9.0,1344.0,183.0,1060.0
806,87703,8.0,1351.0,190.0,1060.0
807,87781,9.0,1351.0,190.0,1058.0
808,87861,8.0,1351.0,190.0,1058.0
809,88159,8.0,1358.0,190.0,1067.0
810,88249,10.0,1354.0,189.0,1062.0
811,88319,9.0,1358.0,193.0,1061.0
812,88405,8.0,1358.0,193.0,1061.0
813,88480,8.0,1358.0,191.0,1066.0
814,88554,10.0,1355.0,191.0,1063.0
815,88639,8.0,1353.0,189.0,1063.0
816,88722,9.0,1355.0,191.0,1063.0
817,88823,8.0,1355.0,189.0,1066.0
818,88901,9.0,1357.0,185.0,1074.0
819,89000,8.0,1358.0,185.0,1077.0
820,89096,8.0,1367.0,192.0,1080.0
821,89167,9.0,1370.0,197.0,1077.0
822,89259,8.0,1375.0,203.0,1076.0
823,89352,10.0,1392.0,219.0,1079.0
824,89464,9.0,1391.0,220.0,1077.0
825,89816,260.0,1390.0,209.0,1090.0
826,89888,8.0,1404.0,223.0,1084.0
827,89962,9.0,1412.0,231.0,1084.0
828,90047,9.0,1408.0,231.0,1081.0
829,90137,8.0,1410.0,232.0,1078.0
830,90232,9.0,1412.0,231.0,1077.0
831,90325,8.0,1417.0,241.0,1069.0
832,90464,10.0,1419.0,243.0,1069.0
833,90557,9.0,1423.0,248.0,1067.0
834,90651,9.0,1431.0,252.0,1071.0
835,90748,10.0,1432.0,245.0,1077.0
836,90854,21.0,1430.0,242.0,1079.0
837,90932,9.0,1438.0,250.0,1079.0
838,91021,10.0,1445.0,257.0,1075.0
839,91125,12.0,1450.0,261.0,1074.0
840,91222,10.0,1451.0,261.0,1075.0
841,91318,10.0,1453.0,262.0,1073.0
842,91665,9.0,1453.0,237.0,1105.0
843,91754,8.0,1445.0,226.0,1107.0
844,91836,9.0,1429.0,226.0,1091.0
845,91925,8.0,1429.0,202.0,1123.0
846,92022,9.0,1427.0,197.0,1124.0
847,92132,9.0,1419.0,179.0,1143.0
848,92222,9.0,1420.0,180.0,1141.0
849,92312,9.0,1410.0,171.0,1142.0
850,92405,9.0,1409.0,171.0,1141.0
851,92486,9.0,1409.0,178.0,1131.0
852,92570,9.0,1401.0,172.0,1132.0
853,92662,8.0,1406.0,169.0,1138.0
854,92755,8.0,1413.0,176.0,1137.0
855,92851,9.0,1429.0,201.0,1124.0
856,92953,9.0,1430.0,169.0,1163.0
857,93047,11.0,1411.0,162.0,1154.0
858,95621,8.0,1420.0,61.0,1309.0
859,95707,9.0,1422.0,66.0,1304.0
860,95793,9.0,1400.0,64.0,1284.0
861,95870,8.0,1382.0,64.0,1266.0
862,95968,7.0,1381.0,63.0,1266.0
863,96062,8.0,1381.0,61.0,1277.0
864,96152,8.0,1367.0,54.0,1274.0
865,96240,8.0,1359.0,54.0,1266.0
866,96337,8.0,1364.0,59.0,1266.0
867,96439,9.0,1354.0,59.0,1256.0
868,96521,8.0,1354.0,59.0,1256.0
869,96608,8.0,1360.0,57.0,1264.0
870,96701,11.0,1361.0,65.0,1257.0
871,96841,8.0,1357.0,70.0,1247.0
872,96943,9.0,1355.0,70.0,1245.0
873,97028,9.0,1365.0,78.0,1239.0
874,97118,8.0,1371.0,80.0,1240.0
875,97250,8.0,1368.0,79.0,1238.0
876,97346,8.0,1387.0,98.0,1237.0
877,97449,8.0,1387.0,98.0,1237.0
878,97526,9.0,1396.0,101.0,1239.0
879,97622,8.0,1393.0,101.0,1236.0
880,97715,9.0,1403.0,111.0,1235.0
881,97833,9.0,1399.0,111.0,1231.0
882,97939,8.0,1403.0,116.0,1224.0
883,98027,8.0,1400.0,116.0,1221.0
884,98125,10.0,1407.0,123.0,1216.0
885,98218,9.0,1399.0,123.0,1208.0
886,98314,11.0,1405.0,128.0,1211.0
887,98417,8.0,1414.0,134.0,1209.0
888,98512,9.0,1406.0,131.0,1207.0
889,98584,9.0,1414.0,148.0,1197.0
890,98681,10.0,1417.0,154.0,1190.0
891,98841,87.0,1417.0,152.0,1194.0
892,98940,9.0,1418.0,147.0,1204.0
893,99038,10.0,1419.0,145.0,1211.0
894,99118,13.0,1419.0,138.0,1222.0
895,99211,10.0,1420.0,139.0,1222.0
896,99346,11.0,1421.0,139.0,1219.0
897,99432,9.0,1413.0,139.0,1211.0
898,99529,9.0,1419.0,146.0,1207.0
899,99617,8.0,1414.0,146.0,1202.0
900,99719,12.0,1416.0,148.0,1200.0
901,99812,10.0,1415.0,149.0,1197.0
902,99929,10.0,1415.0,149.0,1197.0
903,100021,9.0,1413.0,151.0,1189.0
904,100117,9.0,1407.0,151.0,1183.0
905,100208,10.0,1409.0,154.0,1180.0
906,100288,8.0,1400.0,155.0,1169.0
907,100437,67.0,1400.0,148.0,1177.0
908,100530,9.0,1389.0,143.0,1172.0
909,100609,9.0,1388.0,150.0,1163.0
910,100706,7.0,1389.0,150.0,1163.0
911,100797,8.0,1385.0,148.0,1162.0
912,100897,19.0,1387.0,150.0,1161.0
913,100984,9.0,1391.0,154.0,1157.0
914,101069,9.0,1391.0,148.0,1167.0
915,101150,7.0,1392.0,150.0,1164.0
916,101259,17.0,1393.0,145.0,1173.0
917,101370,14.0,1393.0,138.0,1181.0
918,101481,8.0,1399.0,144.0,1181.0
919,101560,9.0,1391.0,147.0,1159.0
920,101656,8.0,1397.0,155.0,1155.0
921,101731,8.0,1386.0,154.0,1147.0
922,101807,8.0,1384.0,153.0,1147.0
923,101905,8.0,1377.0,153.0,1140.0
924,102061,8.0,1377.0,144.0,1151.0
925,102162,9.0,1366.0,143.0,1145.0
926,102240,8.0,1365.0,136.0,1153.0
927,102327,8.0,1364.0,142.0,1142.0
928,102405,8.0,1379.0,143.0,1153.0
929,102494,8.0,1368.0,142.0,1144.0
930,102602,9.0,1369.0,145.0,1142.0
931,102699,11.0,1379.0,152.0,1141.0
932,102787,9.0,1390.0,143.0,1163.0
933,102873,8.0,1383.0,135.0,1169.0
934,102964,8.0,1384.0,136.0,1167.0
935,103065,8.0,1382.0,117.0,1184.0
936,103159,9.0,1367.0,119.0,1167.0
937,103247,9.0,1384.0,136.0,1163.0
938,103349,13.0,1385.0,137.0,1163.0
939,103436,9.0,1376.0,144.0,1145.0
940,103599,92.0,1371.0,146.0,1138.0
941,103694,9.0,1381.0,157.0,1136.0
942,103791,9.0,1383.0,159.0,1136.0
943,103880,9.0,1385.0,161.0,1133.0
944,103961,9.0,1392.0,168.0,1132.0
945,104055,8.0,1390.0,169.0,1129.0
946,104140,8.0,1393.0,172.0,1129.0
947,104220,8.0,1394.0,173.0,1129.0
948,104293,8.0,1402.0,178.0,1126.0
949,104375,9.0,1395.0,178.0,1119.0
950,104451,9.0,1387.0,179.0,1110.0
951,104542,9.0,1395.0,187.0,1110.0
952,104623,10.0,1391.0,187.0,1106.0
953,104706,10.0,1373.0,189.0,1083.0
954,104798,9.0,1383.0,199.0,1083.0
955,104884,10.0,1391.0,207.0,1078.0
956,104971,9.0,1392.0,208.0,1078.0
957,105152,8.0,1393.0,209.0,1078.0
958,105244,9.0,1405.0,221.0,1078.0
959,105340,14.0,1411.0,227.0,1078.0
960,105429,9.0,1421.0,236.0,1078.0
961,105515,8.0,1430.0,245.0,1078.0
962,105606,8.0,1431.0,244.0,1080.0
963,105678,9.0,1433.0,238.0,1087.0
964,105753,9.0,1423.0,238.0,1081.0
965,105854,9.0,1423.0,237.0,1083.0
966,105951,9.0,1423.0,235.0,1083.0
967,106050,9.0,1425.0,227.0,1093.0
968,106160,11.0,1429.0,213.0,1111.0
969,106250,9.0,1432.0,208.0,1123.0
970,106339,9.0,1440.0,213.0,1129.0
971,106417,9.0,1433.0,210.0,1128.0
972,106513,9.0,1427.0,203.0,1129.0
973,106658,8.0,1428.0,204.0,1124.0
974,106750,8.0,1421.0,197.0,1123.0
975,106845,9.0,1430.0,203.0,1125.0
976,106925,8.0,1438.0,211.0,1121.0
977,107009,8.0,1439.0,203.0,1135.0
978,107098,10.0,1447.0,212.0,1130.0
979,107198,9.0,1450.0,214.0,1131.0
980,107309,13.0,1451.0,216.0,1132.0
981,107397,8.0,1451.0,215.0,1135.0
982,107465,9.0,1460.0,231.0,1122.0
983,107556,8.0,1460.0,233.0,1119.0
984,107645,10.0,1462.0,225.0,1134.0
985,107716,9.0,1462.0,216.0,1143.0
986,107807,10.0,1472.0,218.0,1149.0
987,107900,10.0,1474.0,218.0,1150.0
988,107982,9.0,1475.0,226.0,1143.0
989,108117,51.0,1465.0,220.0,1140.0
990,108202,9.0,1470.0,222.0,1140.0
991,108296,11.0,1472.0,216.0,1147.0
992,108380,10.0,1481.0,223.0,1149.0
993,108473,9.0,1496.0,233.0,1155.0
994,108581,8.0,1495.0,227.0,1160.0
995,108668,14.0,1498.0,216.0,1182.0
996,108758,9.0,1498.0,204.0,1201.0
997,108856,9.0,1494.0,208.0,1190.0
998,108933,11.0,1499.0,205.0,1196.0
999,109028,9.0,1507.0,200.0,1217.0
1000,109117,11.0,1514.0,207.0,1213.0
1001,109223,10.0,1514.0,205.0,1215.0
1002,109345,10.0,1526.0,210.0,1221.0
1003,109452,13.0,1528.0,215.0,1218.0
1004,109548,11.0,1526.0,212.0,1228.0
1005,109639,9.0,1526.0,209.0,1231.0
1006,109798,9.0,1518.0,194.0,1242.0
1007,109885,9.0,1509.0,186.0,1241.0
1008,109969,10.0,1515.0,184.0,1249.0
1009,110050,9.0,1507.0,186.0,1239.0
1010,110136,9.0,1511.0,196.0,1231.0
1011,110217,10.0,1505.0,198.0,1223.0
1012,110327,18.0,1506.0,202.0,1219.0
1013,110407,9.0,1515.0,210.0,1217.0
1014,110482,9.0,1521.0,216.0,1215.0
1015,110576,9.0,1512.0,210.0,1218.0
1016,110672,9.0,1520.0,215.0,1221.0
1017,110760,9.0,1520.0,211.0,1227.0
1018,110857,10.0,1528.0,208.0,1240.0
1019,110958,9.0,1537.0,217.0,1240.0
1020,111047,10.0,1548.0,226.0,1240.0
1021,111142,9.0,1549.0,213.0,1252.0
1022,111283,74.0,1540.0,207.0,1248.0
1023,111373,11.0,1538.0,206.0,1249.0
1024,111456,10.0,1540.0,203.0,1256.0
1025,111533,9.0,1541.0,204.0,1255.0
1026,111632,10.0,1540.0,196.0,1263.0
1027,111732,9.0,1543.0,199.0,1263.0
1028,111831,11.0,1548.0,204.0,1260.0
1029,111931,10.0,1545.0,195.0,1268.0
1030,112034,9.0,1546.0,198.0,1266.0
1031,112142,13.0,1553.0,203.0,1265.0
1032,112248,9.0,1552.0,205.0,1262.0
1033,112342,14.0,1566.0,201.0,1277.0
1034,112465,9.0,1567.0,200.0,1283.0
1035,112551,11.0,1566.0,199.0,1281.0
1036,112638,10.0,1593.0,223.0,1280.0
1037,112735,9.0,1594.0,223.0,1282.0
1038,112827,9.0,1595.0,207.0,1298.0
1039,113014,99.0,1595.0,189.0,1318.0
1040,113100,9.0,1593.0,188.0,1317.0
1041,113184,9.0,1601.0,198.0,1313.0
1042,113275,11.0,1607.0,206.0,1309.0
1043,113362,9.0,1608.0,207.0,1309.0
1044,113462,10.0,1621.0,213.0,1317.0
1045,113555,10.0,1621.0,212.0,1317.0
1046,113633,11.0,1622.0,210.0,1320.0
1047,113718,9.0,1625.0,211.0,1319.0
1048,113813,11.0,1626.0,211.0,1319.0
1049,113905,10.0,1627.0,208.0,1324.0
1050,114007,12.0,1635.0,211.0,1329.0
1051,114103,10.0,1639.0,216.0,1328.0
1052,114199,13.0,1642.0,222.0,1325.0
1053,114296,12.0,1647.0,226.0,1321.0
1054,114406,12.0,1644.0,224.0,1321.0
1055,114511,11.0,1646.0,220.0,1333.0
1056,114739,10.0,1643.0,212.0,1338.0
1057,114818,12.0,1651.0,219.0,1338.0
1058,114906,10.0,1652.0,222.0,1336.0
1059,114999,10.0,1649.0,222.0,1333.0
1060,115107,9.0,1649.0,221.0,1336.0
1061,115202,13.0,1636.0,223.0,1321.0
1062,115287,10.0,1636.0,210.0,1336.0
1063,115374,11.0,1634.0,207.0,1340.0
1064,115466,12.0,1642.0,215.0,1337.0
1065,115560,9.0,1643.0,208.0,1347.0
1066,115646,11.0,1642.0,200.0,1354.0
1067,115753,11.0,1640.0,202.0,1350.0
1068,115858,9.0,1640.0,199.0,1350.0
1069,115949,10.0,1643.0,199.0,1351.0
1070,116034,10.0,1643.0,199.0,1351.0
1071,116121,10.0,1643.0,202.0,1344.0
1072,116223,9.0,1643.0,205.0,1341.0
1073,116325,9.0,1639.0,198.0,1349.0
1074,116520,9.0,1639.0,190.0,1354.0
1075,116620,13.0,1637.0,190.0,1352.0
1076,116715,10.0,1644.0,193.0,1356.0
1077,116811,11.0,1648.0,185.0,1372.0
1078,116915,11.0,1648.0,184.0,1373.0
1079,117019,10.0,1651.0,185.0,1375.0
1080,117115,11.0,1651.0,185.0,1375.0
1081,117203,10.0,1651.0,179.0,1385.0
1082,117280,10.0,1651.0,179.0,1385.0
1083,117378,11.0,1655.0,176.0,1392.0
1084,117475,10.0,1652.0,176.0,1389.0
1085,117569,10.0,1658.0,182.0,1384.0
1086,117643,10.0,1661.0,184.0,1385.0
1087,117743,10.0,1662.0,186.0,1386.0
1088,117820,10.0,1663.0,178.0,1394.0
1089,117919,9.0,1664.0,176.0,1399.0
1090,117997,10.0,1666.0,178.0,1395.0
1091,118185,10.0,1666.0,175.0,1397.0
1092,118282,11.0,1669.0,176.0,1393.0
1093,118363,9.0,1667.0,172.0,1394.0
1094,118451,12.0,1669.0,174.0,1394.0
1095,118543,10.0,1668.0,169.0,1396.0
1096,118624,10.0,1668.0,170.0,1394.0
1097,118725,12.0,1675.0,176.0,1392.0
1098,118822,9.0,1677.0,176.0,1394.0
1099,118907,10.0,1679.0,178.0,1394.0
1100,118998,11.0,1680.0,176.0,1398.0
1101,119110,10.0,1683.0,176.0,1402.0
1102,119201,13.0,1698.0,190.0,1402.0
1103,119298,11.0,1698.0,190.0,1402.0
1104,119405,20.0,1698.0,189.0,1402.0
1105,119506,11.0,1698.0,190.0,1402.0
1106,119597,11.0,1703.0,191.0,1403.0
1107,119686,11.0,1705.0,193.0,1401.0
1108,119760,10.0,1705.0,193.0,1401.0
1109,119990,143.0,1704.0,193.0,1400.0
1110,120066,10.0,1702.0,193.0,1398.0
1111,120162,10.0,1702.0,196.0,1392.0
1112,120246,10.0,1703.0,198.0,1391.0
1113,120341,9.0,1701.0,200.0,1386.0
1114,120442,10.0,1702.0,198.0,1393.0
1115,120550,13.0,1706.0,206.0,1389.0
1116,120642,10.0,1706.0,207.0,1388.0
1117,120726,10.0,1714.0,215.0,1384.0
1118,120814,10.0,1720.0,224.0,1381.0
1119,120913,10.0,1719.0,224.0,1380.0
1120,121004,11.0,1717.0,223.0,1379.0
1121,121079,10.0,1717.0,223.0,1379.0
1122,121174,11.0,1725.0,227.0,1383.0
1123,121268,11.0,1725.0,224.0,1386.0
1124,121358,10.0,1731.0,228.0,1388.0
1125,121465,14.0,1740.0,234.0,1389.0
1126,121564,10.0,1752.0,224.0,1417.0
1127,121792,150.0,1755.0,215.0,1429.0
1128,121874,9.0,1751.0,192.0,1456.0
1129,121990,10.0,1754.0,196.0,1459.0
1130,122064,11.0,1749.0,190.0,1462.0
1131,122153,10.0,1747.0,187.0,1463.0
1132,122249,10.0,1750.0,180.0,1474.0
1133,122329,11.0,1762.0,187.0,1471.0
1134,122418,11.0,1755.0,187.0,1464.0
1135,122505,11.0,1756.0,180.0,1478.0
1136,122588,12.0,1758.0,170.0,1489.0
1137,122682,12.0,1747.0,166.0,1487.0
1138,122771,15.0,1733.0,161.0,1482.0
1139,122920,11.0,1749.0,170.0,1488.0
1140,123002,11.0,1757.0,178.0,1488.0
1141,123101,11.0,1765.0,185.0,1485.0
1142,123188,11.0,1772.0,186.0,1492.0
1143,123285,11.0,1773.0,187.0,1492.0
1144,123371,11.0,1783.0,197.0,1491.0
1145,123477,11.0,1786.0,199.0,1492.0
1146,123712,10.0,1780.0,175.0,1521.0
1147,123793,10.0,1781.0,176.0,1521.0
1148,123890,10.0,1784.0,178.0,1527.0
1149,123981,11.0,1775.0,178.0,1518.0
1150,124072,9.0,1774.0,177.0,1518.0
1151,124157,10.0,1762.0,182.0,1499.0
1152,124268,11.0,1760.0,180.0,1497.0
1153,124343,10.0,1772.0,189.0,1500.0
1154,124430,12.0,1774.0,189.0,1502.0
1155,124540,11.0,1775.0,189.0,1501.0
1156,124633,10.0,1776.0,193.0,1494.0
1157,124734,14.0,1785.0,192.0,1506.0
1158,124822,12.0,1788.0,196.0,1504.0
1159,124912,12.0,1787.0,197.0,1502.0
1160,125010,15.0,1787.0,196.0,1502.0
1161,125113,17.0,1794.0,207.0,1498.0
1162,125204,12.0,1794.0,207.0,1498.0
1163,125300,15.0,1805.0,213.0,1503.0
1164,125570,9.0,1794.0,181.0,1530.0
1165,125661,10.0,1799.0,183.0,1533.0
1166,125749,11.0,1793.0,185.0,1525.0
1167,125844,10.0,1794.0,193.0,1517.0
1168,125926,11.0,1792.0,187.0,1525.0
1169,125997,11.0,1787.0,188.0,1518.0
1170,126092,14.0,1795.0,192.0,1519.0
1171,126182,12.0,1801.0,196.0,1519.0
1172,126270,10.0,1814.0,208.0,1520.0
1173,126368,10.0,1816.0,204.0,1530.0
1174,126466,11.0,1811.0,200.0,1527.0
1175,126556,11.0,1817.0,202.0,1526.0
1176,126675,15.0,1811.0,195.0,1525.0
1177,126784,11.0,1812.0,196.0,1529.0
1178,126874,13.0,1810.0,192.0,1533.0
1179,126980,12.0,1801.0,182.0,1530.0
1180,127104,13.0,1800.0,182.0,1529.0
1181,127377,10.0,1804.0,183.0,1537.0
1182,127504,13.0,1811.0,178.0,1551.0
1183,127589,11.0,1814.0,185.0,1547.0
1184,127686,11.0,1821.0,184.0,1554.0
1185,127790,10.0,1820.0,173.0,1565.0
1186,127873,10.0,1825.0,171.0,1572.0
1187,127959,10.0,1817.0,171.0,1564.0
1188,128024,11.0,1827.0,181.0,1560.0
1189,128126,11.0,1834.0,190.0,1551.0
1190,128216,12.0,1834.0,190.0,1551.0
1191,128308,11.0,1834.0,190.0,1551.0
1192,128422,11.0,1826.0,190.0,1543.0
1193,128510,12.0,1825.0,197.0,1535.0
1194,128593,10.0,1833.0,204.0,1536.0
1195,128702,14.0,1832.0,203.0,1538.0
1196,128794,11.0,1834.0,198.0,1541.0
1197,128874,11.0,1824.0,198.0,1531.0
1198,129141,11.0,1824.0,184.0,1555.0
1199,129249,10.0,1816.0,184.0,1547.0
1200,129322,10.0,1812.0,190.0,1537.0
1201,129409,11.0,1803.0,200.0,1518.0
1202,129501,11.0,1802.0,185.0,1538.0
1203,129582,11.0,1795.0,173.0,1550.0
1204,129657,10.0,1790.0,172.0,1547.0
1205,129749,11.0,1794.0,176.0,1545.0
1206,129837,11.0,1796.0,180.0,1543.0
1207,129934,11.0,1784.0,187.0,1523.0
1208,130039,11.0,1776.0,180.0,1523.0
1209,130132,12.0,1784.0,187.0,1522.0
1210,130204,11.0,1786.0,180.0,1527.0
1211,130300,12.0,1791.0,185.0,1529.0
1212,130389,12.0,1789.0,186.0,1526.0
1213,130699,9.0,1789.0,153.0,1567.0
1214,130796,13.0,1781.0,153.0,1559.0
1215,130883,12.0,1781.0,150.0,1562.0
1216,130980,11.0,1787.0,152.0,1566.0
1217,131080,14.0,1788.0,148.0,1571.0
1218,131156,9.0,1782.0,148.0,1568.0
1219,131262,11.0,1771.0,148.0,1557.0
1220,131351,10.0,1768.0,146.0,1553.0
1221,131444,10.0,1776.0,153.0,1556.0
1222,131542,11.0,1775.0,136.0,1573.0
1223,131615,10.0,1775.0,129.0,1581.0
1224,131702,12.0,1782.0,136.0,1579.0
1225,131808,11.0,1774.0,136.0,1571.0
1226,131886,10.0,1781.0,132.0,1586.0
1227,131972,11.0,1773.0,133.0,1577.0
1228,134778,2730.0,1782.0,110.0,1615.0
1229,134862,9.0,1760.0,40.0,1682.0
1230,134953,10.0,1764.0,49.0,1674.0
1231,135051,10.0,1753.0,53.0,1654.0
1232,135145,10.0,1742.0,46.0,1655.0
1233,135240,10.0,1730.0,48.0,1637.0
1234,135331,10.0,1741.0,58.0,1634.0
1235,135409,11.0,1732.0,59.0,1621.0
1236,135508,10.0,1726.0,59.0,1615.0
1237,135591,10.0,1738.0,71.0,1610.0
1238,135684,11.0,1738.0,70.0,1613.0
1239,135778,12.0,1738.0,70.0,1613.0
1240,135875,11.0,1730.0,61.0,1620.0
1241,135957,11.0,1726.0,63.0,1610.0
1242,136036,11.0,1716.0,56.0,1612.0
1243,136113,10.0,1720.0,66.0,1605.0
1244,136227,10.0,1728.0,72.0,1604.0
1245,136310,11.0,1735.0,74.0,1602.0
1246,136396,10.0,1735.0,71.0,1610.0
1247,136498,11.0,1735.0,71.0,1610.0
1248,136583,10.0,1728.0,70.0,1607.0
1249,136679,11.0,1715.0,75.0,1587.0
1250,136779,10.0,1700.0,76.0,1571.0
1251,136869,10.0,1710.0,81.0,1577.0
1252,136956,11.0,1721.0,92.0,1575.0
1253,137064,18.0,1729.0,106.0,1568.0
1254,137156,12.0,1718.0,106.0,1557.0
1255,137238,10.0,1714.0,106.0,1553.0
1256,137333,11.0,1714.0,106.0,1553.0
1257,137428,11.0,1721.0,111.0,1553.0
1258,137518,11.0,1708.0,112.0,1533.0
1259,137663,53.0,1708.0,112.0,1533.0
1260,137741,12.0,1717.0,114.0,1539.0
1261,137818,13.0,1712.0,115.0,1532.0
1262,137909,11.0,1713.0,117.0,1529.0
1263,138000,10.0,1710.0,116.0,1527.0
1264,138087,10.0,1703.0,116.0,1520.0
1265,138171,10.0,1710.0,122.0,1520.0
1266,138271,10.0,1713.0,138.0,1503.0
1267,138358,10.0,1721.0,146.0,1503.0
1268,138443,11.0,1714.0,146.0,1496.0
1269,138549,11.0,1712.0,138.0,1502.0
1270,138632,10.0,1718.0,144.0,1502.0
1271,138716,10.0,1723.0,148.0,1506.0
1272,138800,11.0,1717.0,148.0,1500.0
1273,138892,10.0,1717.0,150.0,1493.0
1274,138963,11.0,1732.0,164.0,1491.0
1275,139122,11.0,1733.0,162.0,1493.0
1276,139200,10.0,1735.0,163.0,1498.0
1277,139297,14.0,1732.0,162.0,1499.0
1278,139392,13.0,1732.0,165.0,1496.0
1279,139490,11.0,1728.0,164.0,1494.0
1280,139603,11.0,1728.0,164.0,1494.0
1281,139695,12.0,1734.0,163.0,1501.0
1282,139783,12.0,1733.0,156.0,1507.0
1283,139862,10.0,1733.0,148.0,1519.0
1284,139963,10.0,1731.0,145.0,1524.0
1285,140055,11.0,1734.0,148.0,1526.0
1286,140168,10.0,1734.0,148.0,1526.0
1287,140260,9.0,1732.0,141.0,1530.0
1288,140350,11.0,1732.0,137.0,1533.0
1289,140432,10.0,1725.0,137.0,1526.0
1290,140510,10.0,1724.0,148.0,1511.0
1291,140660,9.0,1717.0,148.0,1504.0
1292,140742,11.0,1728.0,158.0,1503.0
1293,140816,11.0,1719.0,158.0,1494.0
1294,140904,10.0,1706.0,158.0,1481.0
1295,140991,11.0,1706.0,153.0,1488.0
1296,141075,10.0,1710.0,156.0,1488.0
1297,141180,10.0,1712.0,155.0,1491.0
1298,141260,10.0,1698.0,154.0,1477.0
1299,141352,10.0,1697.0,147.0,1482.0
1300,141439,11.0,1688.0,137.0,1488.0
1301,141537,10.0,1680.0,131.0,1484.0
1302,141649,10.0,1679.0,129.0,1489.0
1303,141767,10.0,1680.0,130.0,1488.0
1304,141897,16.0,1679.0,128.0,1490.0
1305,142074,85.0,1686.0,130.0,1492.0
1306,142174,10.0,1686.0,130.0,1492.0
1307,142265,10.0,1686.0,130.0,1492.0
1308,142366,10.0,1684.0,131.0,1487.0
1309,142466,11.0,1689.0,139.0,1482.0
1310,142557,10.0,1696.0,147.0,1479.0
1311,142639,10.0,1699.0,150.0,1479.0
1312,142719,10.0,1708.0,160.0,1473.0
1313,142800,10.0,1709.0,161.0,1472.0
1314,142888,10.0,1724.0,176.0,1471.0
1315,142982,12.0,1724.0,176.0,1471.0
1316,143102,14.0,1725.0,179.0,1467.0
1317,143204,12.0,1725.0,179.0,1467.0
1318,143301,10.0,1726.0,180.0,1467.0
1319,143388,11.0,1728.0,182.0,1466.0
1320,143487,10.0,1731.0,185.0,1462.0
1321,143663,10.0,1731.0,185.0,1462.0
1322,143756,11.0,1736.0,190.0,1462.0
1323,143840,10.0,1737.0,191.0,1462.0
1324,143924,10.0,1746.0,200.0,1460.0
1325,144013,11.0,1745.0,201.0,1458.0
1326,144117,10.0,1746.0,202.0,1457.0
1327,144236,11.0,1749.0,205.0,1455.0
1328,144321,10.0,1752.0,208.0,1455.0
1329,144402,11.0,1759.0,215.0,1454.0
1330,144504,10.0,1759.0,215.0,1454.0
1331,144607,10.0,1759.0,215.0,1454.0
1332,144692,11.0,1761.0,217.0,1454.0
1333,144792,10.0,1762.0,218.0,1454.0
1334,144874,10.0,1762.0,208.0,1464.0
1335,144966,13.0,1766.0,209.0,1466.0
1336,145077,10.0,1769.0,205.0,1474.0
1337,145283,108.0,1777.0,201.0,1488.0
1338,145389,11.0,1778.0,201.0,1489.0
1339,145495,10.0,1778.0,186.0,1506.0
1340,145586,10.0,1778.0,177.0,1519.0
1341,145671,10.0,1779.0,169.0,1529.0
1342,145750,11.0,1786.0,178.0,1526.0
1343,145839,10.0,1787.0,179.0,1526.0
1344,145939,11.0,1791.0,184.0,1523.0
1345,146038,11.0,1790.0,176.0,1533.0
1346,146131,11.0,1796.0,185.0,1529.0
1347,146222,12.0,1808.0,180.0,1540.0
1348,146310,11.0,1810.0,175.0,1549.0
1349,146397,11.0,1817.0,183.0,1546.0
1350,146499,13.0,1820.0,186.0,1546.0
1351,146588,13.0,1821.0,181.0,1553.0
1352,146689,11.0,1822.0,172.0,1563.0
1353,146892,11.0,1820.0,158.0,1575.0
1354,146983,12.0,1825.0,165.0,1574.0
1355,147069,12.0,1831.0,171.0,1573.0
1356,147155,12.0,1830.0,174.0,1569.0
1357,147254,11.0,1833.0,170.0,1579.0
1358,147354,12.0,1835.0,166.0,1588.0
1359,147448,12.0,1843.0,173.0,1584.0
1360,147552,12.0,1843.0,177.0,1579.0
1361,147655,11.0,1853.0,185.0,1578.0
1362,147752,11.0,1854.0,184.0,1576.0
1363,147845,11.0,1854.0,184.0,1576.0
1364,147929,12.0,1865.0,191.0,1582.0
1365,148023,13.0,1864.0,191.0,1581.0
1366,148120,11.0,1867.0,194.0,1581.0
1367,148230,11.0,1870.0,194.0,1587.0
1368,148316,12.0,1884.0,207.0,1587.0
1369,148414,11.0,1879.0,205.0,1582.0
1370,148629,137.0,1879.0,195.0,1594.0
1371,148717,10.0,1888.0,202.0,1596.0
1372,148816,10.0,1890.0,202.0,1597.0
1373,148907,11.0,1890.0,202.0,1597.0
1374,148999,11.0,1887.0,201.0,1596.0
1375,149084,11.0,1906.0,220.0,1593.0
1376,149162,10.0,1908.0,221.0,1594.0
1377,149284,12.0,1906.0,222.0,1590.0
1378,149371,11.0,1908.0,226.0,1588.0
1379,149459,12.0,1920.0,240.0,1586.0
1380,149558,11.0,1921.0,241.0,1585.0
1381,149656,12.0,1927.0,245.0,1587.0
1382,149752,12.0,1925.0,245.0,1585.0
1383,149848,12.0,1931.0,247.0,1588.0
1384,149940,16.0,1930.0,245.0,1587.0
1385,150034,12.0,1929.0,245.0,1586.0
1386,150132,14.0,1930.0,246.0,1586.0
1387,150377,11.0,1929.0,246.0,1585.0
1388,150460,12.0,1923.0,246.0,1579.0
1389,150546,12.0,1930.0,253.0,1579.0
1390,150630,10.0,1932.0,254.0,1580.0
1391,150722,12.0,1932.0,254.0,1580.0
1392,150800,11.0,1929.0,254.0,1577.0
1393,150900,11.0,1935.0,255.0,1584.0
1394,150993,12.0,1936.0,253.0,1589.0
1395,151088,12.0,1937.0,251.0,1592.0
1396,151195,11.0,1941.0,254.0,1592.0
1397,151277,15.0,1942.0,261.0,1586.0
1398,151382,20.0,1941.0,261.0,1585.0
1399,151475,13.0,1948.0,271.0,1581.0
1400,151568,12.0,1949.0,272.0,1579.0
1401,151653,11.0,1956.0,272.0,1586.0
1402,151752,12.0,1956.0,255.0,1614.0
1403,151846,11.0,1945.0,239.0,1620.0
1404,151947,12.0,1943.0,239.0,1618.0
1405,152173,17.0,1928.0,224.0,1619.0
1406,152273,11.0,1936.0,213.0,1638.0
1407,152373,11.0,1920.0,198.0,1639.0
1408,152463,11.0,1935.0,206.0,1648.0
1409,152559,12.0,1932.0,209.0,1639.0
1410,152643,10.0,1932.0,201.0,1650.0
1411,152717,11.0,1926.0,205.0,1641.0
1412,152806,12.0,1926.0,200.0,1646.0
1413,152899,12.0,1926.0,195.0,1649.0
1414,152994,11.0,1921.0,199.0,1635.0
1415,153078,11.0,1922.0,200.0,1635.0
1416,153172,11.0,1916.0,190.0,1638.0
1417,153261,11.0,1902.0,172.0,1644.0
1418,153373,12.0,1903.0,170.0,1648.0
1419,153490,15.0,1903.0,157.0,1658.0
1420,153579,11.0,1900.0,157.0,1655.0
1421,153667,12.0,1902.0,160.0,1654.0
1422,153893,160.0,1902.0,141.0,1679.0
1423,153985,11.0,1902.0,141.0,1679.0
1424,154077,11.0,1914.0,152.0,1680.0
1425,154177,12.0,1918.0,149.0,1687.0
1426,154256,12.0,1928.0,159.0,1685.0
1427,154334,12.0,1930.0,152.0,1697.0
1428,154429,12.0,1930.0,151.0,1699.0
1429,154517,12.0,1937.0,157.0,1697.0
1430,154617,11.0,1937.0,156.0,1698.0
1431,154706,11.0,1937.0,149.0,1708.0
1432,154794,11.0,1944.0,157.0,1704.0
1433,154882,12.0,1942.0,157.0,1702.0
1434,154979,11.0,1942.0,155.0,1702.0
1435,155063,11.0,1950.0,145.0,1720.0
1436,155147,14.0,1959.0,154.0,1716.0
1437,155259,14.0,1960.0,161.0,1706.0
1438,155352,12.0,1967.0,169.0,1708.0
1439,155446,11.0,1950.0,161.0,1704.0
1440,155540,12.0,1959.0,169.0,1707.0
1441,155814,10.0,1957.0,165.0,1708.0
1442,155909,11.0,1950.0,166.0,1699.0
1443,155996,12.0,1959.0,174.0,1698.0
1444,156082,11.0,1961.0,176.0,1695.0
1445,156171,14.0,1962.0,177.0,1695.0
1446,156272,12.0,1963.0,175.0,1705.0
1447,156370,12.0,1969.0,180.0,1708.0
1448,156469,12.0,1959.0,160.0,1722.0
1449,156561,13.0,1959.0,151.0,1731.0
1450,156668,11.0,1951.0,152.0,1721.0
1451,156764,11.0,1951.0,150.0,1720.0
1452,156863,11.0,1953.0,152.0,1720.0
1453,156968,13.0,1936.0,150.0,1706.0
1454,157062,12.0,1945.0,157.0,1703.0
1455,157154,13.0,1944.0,142.0,1722.0
1456,157244,13.0,1947.0,151.0,1718.0
1457,157342,12.0,1958.0,161.0,1717.0
1458,157614,11.0,1959.0,157.0,1725.0
1459,157721,10.0,1958.0,157.0,1724.0
1460,157803,12.0,1957.0,147.0,1735.0
1461,157887,12.0,1939.0,147.0,1717.0
1462,157989,11.0,1936.0,148.0,1713.0
1463,158077,12.0,1945.0,156.0,1714.0
1464,158173,10.0,1952.0,169.0,1700.0
1465,158265,11.0,1954.0,168.0,1712.0
1466,158351,12.0,1934.0,165.0,1692.0
1467,158445,14.0,1933.0,165.0,1691.0
1468,158544,12.0,1933.0,164.0,1692.0
1469,158637,12.0,1933.0,164.0,1692.0
1470,158738,12.0,1932.0,164.0,1690.0
1471,158826,13.0,1932.0,171.0,1681.0
1472,158941,11.0,1935.0,166.0,1688.0
1473,159217,196.0,1936.0,165.0,1692.0
1474,159326,13.0,1945.0,171.0,1693.0
1475,159423,10.0,1948.0,174.0,1687.0
1476,159538,12.0,1942.0,176.0,1675.0
1477,159623,11.0,1941.0,169.0,1684.0
1478,159715,11.0,1940.0,161.0,1694.0
1479,159806,12.0,1949.0,169.0,1694.0
1480,159901,11.0,1941.0,167.0,1690.0
1481,159982,11.0,1941.0,167.0,1690.0
1482,160076,11.0,1933.0,167.0,1682.0
1483,160173,12.0,1943.0,177.0,1678.0
1484,160257,12.0,1954.0,186.0,1676.0
1485,160352,12.0,1963.0,192.0,1676.0
1486,160444,12.0,1967.0,202.0,1669.0
1487,160535,13.0,1965.0,202.0,1667.0
1488,160811,25.0,1974.0,208.0,1675.0
1489,160901,11.0,1971.0,210.0,1669.0
1490,161021,12.0,1968.0,200.0,1679.0
1491,161099,12.0,1963.0,197.0,1678.0
1492,161194,13.0,1968.0,188.0,1694.0
1493,161283,12.0,1951.0,188.0,1677.0
1494,161381,16.0,1952.0,192.0,1666.0
1495,161482,14.0,1952.0,191.0,1668.0
1496,161591,14.0,1952.0,189.0,1672.0
1497,161671,11.0,1937.0,189.0,1655.0
1498,161766,12.0,1934.0,187.0,1654.0
1499,161853,12.0,1940.0,191.0,1655.0
1500,161930,12.0,1942.0,192.0,1656.0
1501,162013,13.0,1950.0,200.0,1656.0
1502,162100,11.0,1950.0,200.0,1656.0
1503,162383,11.0,1950.0,184.0,1677.0
1504,162467,12.0,1946.0,180.0,1678.0
1505,162549,12.0,1957.0,197.0,1671.0
1506,162638,12.0,1960.0,193.0,1677.0
1507,162745,12.0,1953.0,194.0,1667.0
1508,162863,15.0,1951.0,194.0,1665.0
1509,162959,11.0,1952.0,178.0,1692.0
1510,163057,11.0,1967.0,193.0,1686.0
1511,163144,12.0,1963.0,191.0,1683.0
1512,163218,11.0,1963.0,184.0,1692.0
1513,163305,12.0,1957.0,183.0,1685.0
1514,163402,12.0,1958.0,168.0,1701.0
1515,163481,12.0,1954.0,172.0,1694.0
1516,163577,12.0,1948.0,165.0,1697.0
1517,163678,12.0,1952.0,171.0,1697.0
1518,163944,12.0,1959.0,167.0,1709.0
1519,164046,13.0,1950.0,167.0,1697.0
1520,164134,12.0,1962.0,165.0,1713.0
1521,164224,11.0,1954.0,155.0,1715.0
1522,164325,18.0,1971.0,172.0,1715.0
1523,164423,12.0,1971.0,160.0,1732.0
1524,164521,11.0,1975.0,154.0,1745.0
1525,164601,12.0,1975.0,143.0,1756.0
1526,164701,11.0,1986.0,150.0,1760.0
1527,164798,12.0,1990.0,156.0,1757.0
1528,164877,13.0,1990.0,147.0,1766.0
1529,164984,12.0,1984.0,142.0,1766.0
1530,165082,16.0,1982.0,143.0,1760.0
1531,165185,11.0,1983.0,138.0,1766.0
1532,165429,166.0,1983.0,131.0,1774.0
1533,165514,11.0,1973.0,128.0,1772.0
1534,165625,11.0,1978.0,136.0,1768.0
1535,165732,13.0,1981.0,139.0,1768.0
1536,165820,15.0,1978.0,140.0,1763.0
1537,165917,11.0,1976.0,133.0,1769.0
1538,166034,12.0,1977.0,126.0,1777.0
1539,166121,12.0,1978.0,126.0,1783.0
1540,166209,11.0,1978.0,117.0,1793.0
1541,166313,11.0,1991.0,131.0,1792.0
1542,166418,12.0,1991.0,131.0,1792.0
1543,166501,12.0,1991.0,130.0,1793.0
1544,166608,12.0,1991.0,130.0,1792.0
1545,166698,12.0,1990.0,140.0,1778.0
1546,166783,12.0,1989.0,141.0,1773.0
1547,166991,134.0,1983.0,144.0,1762.0
1548,167109,11.0,1980.0,139.0,1767.0
1549,167193,12.0,1990.0,143.0,1774.0
1550,167278,12.0,2009.0,161.0,1775.0
1551,167369,13.0,2003.0,160.0,1766.0
1552,167468,14.0,2010.0,165.0,1768.0
1553,167570,13.0,2009.0,165.0,1767.0
1554,167659,13.0,2006.0,172.0,1755.0
1555,167740,12.0,2002.0,176.0,1746.0
1556,167837,15.0,2002.0,175.0,1749.0
1557,167933,13.0,2004.0,176.0,1750.0
1558,168014,12.0,2001.0,176.0,1747.0
1559,168116,12.0,2005.0,178.0,1750.0
1560,168209,12.0,2012.0,183.0,1750.0
1561,168306,13.0,2006.0,183.0,1744.0
1562,168409,13.0,2007.0,183.0,1745.0
1563,168673,12.0,2007.0,166.0,1765.0
1564,168763,11.0,2007.0,169.0,1762.0
1565,168837,13.0,2017.0,178.0,1763.0
1566,168926,12.0,2011.0,168.0,1767.0
1567,169003,13.0,2004.0,158.0,1772.0
1568,169098,12.0,2003.0,156.0,1775.0
1569,169193,12.0,2005.0,158.0,1775.0
1570,169285,13.0,2012.0,168.0,1770.0
1571,169382,14.0,2012.0,168.0,1770.0
1572,169471,13.0,2008.0,168.0,1770.0
1573,169559,12.0,2003.0,170.0,1763.0
1574,169653,12.0,2005.0,170.0,1765.0
1575,169744,16.0,2009.0,176.0,1763.0
1576,169850,13.0,2001.0,163.0,1772.0
1577,170088,163.0,1999.0,161.0,1773.0
1578,170167,15.0,2000.0,161.0,1780.0
1579,170248,11.0,2000.0,144.0,1799.0
1580,170345,12.0,2000.0,135.0,1808.0
1581,170439,15.0,2001.0,141.0,1805.0
1582,170520,12.0,1993.0,143.0,1795.0
1583,170592,12.0,1994.0,144.0,1795.0
1584,170681,12.0,1999.0,149.0,1795.0
1585,170764,11.0,2000.0,154.0,1789.0
1586,170862,12.0,2005.0,160.0,1787.0
1587,170948,11.0,2005.0,160.0,1787.0
1588,171045,13.0,2011.0,164.0,1787.0
1589,171136,14.0,2011.0,154.0,1799.0
1590,171257,12.0,1998.0,155.0,1785.0
1591,171353,12.0,2008.0,164.0,1785.0
1592,171420,11.0,2016.0,172.0,1781.0
1593,171691,186.0,2027.0,177.0,1783.0
1594,171803,12.0,2027.0,160.0,1805.0
1595,171911,12.0,2028.0,161.0,1803.0
1596,172015,11.0,2036.0,160.0,1816.0
1597,172095,12.0,2054.0,175.0,1814.0
1598,172191,13.0,2058.0,176.0,1813.0
1599,172284,14.0,2064.0,182.0,1811.0
1600,172387,12.0,2064.0,173.0,1822.0
1601,172487,12.0,2066.0,174.0,1825.0
1602,172575,12.0,2071.0,177.0,1825.0
1603,172666,13.0,2069.0,168.0,1836.0
1604,172766,13.0,2067.0,169.0,1831.0
1605,172860,14.0,2068.0,169.0,1831.0
1606,172960,13.0,2068.0,169.0,1831.0
1607,173067,12.0,2075.0,170.0,1833.0
1608,173161,12.0,2075.0,163.0,1834.0
1609,173461,11.0,2075.0,152.0,1851.0
1610,173546,14.0,2085.0,163.0,1850.0
1611,173636,16.0,2089.0,161.0,1858.0
1612,173725,15.0,2098.0,164.0,1865.0
1613,173822,13.0,2103.0,169.0,1865.0
1614,173914,15.0,2118.0,184.0,1862.0
1615,174016,12.0,2119.0,178.0,1871.0
1616,174120,14.0,2124.0,173.0,1880.0
1617,174233,12.0,2122.0,149.0,1910.0
1618,174329,17.0,2139.0,154.0,1916.0
1619,174427,12.0,2135.0,153.0,1914.0
1620,174522,13.0,2135.0,153.0,1914.0
1621,174628,13.0,2141.0,155.0,1916.0
1622,174721,14.0,2141.0,148.0,1925.0
1623,174984,12.0,2150.0,157.0,1915.0
1624,175068,14.0,2150.0,155.0,1923.0
1625,175157,12.0,2150.0,155.0,1923.0
1626,175241,12.0,2158.0,163.0,1920.0
1627,175335,12.0,2156.0,163.0,1918.0
1628,175440,11.0,2154.0,163.0,1916.0
1629,175551,14.0,2154.0,155.0,1924.0
1630,175649,12.0,2154.0,148.0,1929.0
1631,175756,13.0,2152.0,142.0,1938.0
1632,175872,13.0,2161.0,151.0,1937.0
1633,175971,14.0,2174.0,157.0,1935.0
1634,176052,13.0,2180.0,163.0,1935.0
1635,176145,13.0,2178.0,163.0,1933.0
1636,176231,14.0,2180.0,162.0,1935.0
1637,176314,13.0,2175.0,164.0,1928.0
1638,178686,12.0,2175.0,146.0,1954.0
1639,178783,13.0,2174.0,145.0,1955.0
1640,178873,12.0,2181.0,156.0,1943.0
1641,178959,14.0,2192.0,164.0,1941.0
1642,179056,12.0,2200.0,171.0,1941.0
1643,179146,13.0,2207.0,178.0,1935.0
1644,179224,13.0,2217.0,188.0,1935.0
1645,179302,13.0,2220.0,191.0,1933.0
1646,179382,13.0,2221.0,192.0,1933.0
1647,179486,15.0,2221.0,193.0,1932.0
1648,179564,11.0,2222.0,194.0,1932.0
1649,179665,12.0,2221.0,195.0,1928.0
1650,179776,16.0,2223.0,196.0,1933.0
1651,179873,17.0,2220.0,196.0,1930.0
1652,180005,11.0,2219.0,197.0,1930.0
1653,180112,13.0,2217.0,198.0,1926.0
1654,180202,13.0,2219.0,199.0,1922.0
1655,180276,13.0,2226.0,206.0,1918.0
1656,180356,13.0,2226.0,206.0,1918.0
1657,180456,13.0,2235.0,214.0,1916.0
1658,180560,12.0,2234.0,214.0,1914.0
1659,180647,12.0,2234.0,211.0,1916.0
1660,180747,13.0,2234.0,208.0,1919.0
1661,180835,13.0,2235.0,209.0,1919.0
1662,180915,13.0,2242.0,215.0,1920.0
1663,181015,12.0,2241.0,215.0,1919.0
1664,181109,13.0,2241.0,213.0,1921.0
1665,181206,13.0,2242.0,214.0,1921.0
1666,181339,61.0,2242.0,213.0,1924.0
1667,181421,13.0,2246.0,217.0,1917.0
1668,181517,13.0,2243.0,217.0,1914.0
1669,181614,13.0,2252.0,226.0,1914.0
1670,181709,13.0,2250.0,219.0,1922.0
1671,181812,13.0,2257.0,189.0,1968.0
1672,181922,13.0,2257.0,168.0,1993.0
1673,182021,13.0,2253.0,171.0,1985.0
1674,182112,12.0,2227.0,170.0,1960.0
1675,182219,15.0,2226.0,165.0,1963.0
1676,182329,13.0,2229.0,159.0,1974.0
1677,182420,14.0,2222.0,148.0,1984.0
1678,182518,13.0,2218.0,142.0,1987.0
1679,182609,17.0,2218.0,151.0,1974.0
1680,182753,73.0,2232.0,149.0,1992.0
1681,182844,16.0,2226.0,145.0,1993.0
1682,182942,13.0,2220.0,138.0,1994.0
1683,183028,13.0,2231.0,139.0,2003.0
1684,183112,14.0,2220.0,139.0,1992.0
1685,183208,14.0,2235.0,134.0,2023.0
1686,183293,12.0,2213.0,129.0,2008.0
1687,183394,14.0,2213.0,129.0,2008.0
1688,183477,13.0,2218.0,130.0,2014.0
1689,183565,14.0,2222.0,127.0,2025.0
1690,183671,13.0,2233.0,136.0,2029.0
1691,183765,15.0,2236.0,130.0,2039.0
1692,183854,14.0,2238.0,131.0,2036.0
1693,183932,13.0,2238.0,130.0,2038.0
1694,184027,13.0,2232.0,134.0,2027.0
1695,184204,13.0,2230.0,131.0,2033.0
1696,184285,11.0,2227.0,117.0,2051.0
1697,184378,12.0,2233.0,109.0,2064.0
1698,184484,14.0,2233.0,97.0,2081.0
1699,184560,14.0,2233.0,89.0,2092.0
1700,184649,12.0,2216.0,89.0,2075.0
1701,184750,14.0,2212.0,90.0,2067.0
1702,184842,13.0,2203.0,87.0,2063.0
1703,184941,14.0,2203.0,87.0,2063.0
1704,185044,16.0,2192.0,87.0,2052.0
1705,185142,14.0,2189.0,93.0,2038.0
1706,185231,14.0,2181.0,94.0,2029.0
1707,185325,13.0,2184.0,95.0,2033.0
1708,185409,13.0,2180.0,97.0,2027.0
1709,185581,11.0,2181.0,94.0,2028.0
1710,185684,11.0,2175.0,93.0,2023.0
1711,185808,15.0,2164.0,93.0,2012.0
1712,185882,11.0,2165.0,92.0,2011.0
1713,185968,12.0,2170.0,97.0,2009.0
1714,186057,12.0,2159.0,97.0,1998.0
1715,186160,12.0,2163.0,101.0,1997.0
1716,186247,12.0,2171.0,110.0,1995.0
1717,186348,14.0,2173.0,111.0,1997.0
1718,186438,14.0,2178.0,116.0,1997.0
1719,186534,12.0,2175.0,116.0,1994.0
1720,186621,14.0,2182.0,123.0,1990.0
1721,186708,13.0,2182.0,123.0,1990.0
1722,186838,14.0,2182.0,124.0,1989.0
1723,187022,13.0,2190.0,132.0,1985.0
1724,187116,16.0,2189.0,132.0,1984.0
1725,187210,16.0,2187.0,132.0,1982.0
1726,187303,13.0,2185.0,132.0,1980.0
1727,187383,12.0,2184.0,132.0,1979.0
1728,187476,13.0,2183.0,135.0,1975.0
1729,187560,12.0,2174.0,135.0,1966.0
1730,187653,12.0,2177.0,138.0,1966.0
1731,187738,11.0,2183.0,153.0,1956.0
1732,187846,13.0,2183.0,159.0,1950.0
1733,187928,13.0,2186.0,162.0,1948.0
1734,188024,14.0,2189.0,165.0,1944.0
1735,188119,12.0,2189.0,167.0,1942.0
1736,188210,13.0,2201.0,179.0,1934.0
1737,188405,122.0,2207.0,185.0,1931.0
1738,188512,12.0,2202.0,186.0,1924.0
1739,188603,13.0,2209.0,195.0,1921.0
1740,188693,14.0,2206.0,192.0,1920.0
1741,188770,15.0,2208.0,191.0,1923.0
1742,188880,14.0,2211.0,186.0,1933.0
1743,188968,13.0,2200.0,190.0,1917.0
1744,189063,14.0,2201.0,183.0,1926.0
1745,189172,13.0,2199.0,173.0,1934.0
1746,189304,13.0,2198.0,165.0,1943.0
1747,189388,13.0,2196.0,163.0,1938.0
1748,189478,13.0,2203.0,168.0,1938.0
1749,189569,13.0,2205.0,169.0,1937.0
1750,189660,15.0,2209.0,179.0,1928.0
1751,189747,14.0,2213.0,178.0,1937.0
1752,189963,13.0,2225.0,190.0,1930.0
1753,190050,12.0,2226.0,188.0,1934.0
1754,190131,13.0,2238.0,199.0,1933.0
1755,190219,12.0,2242.0,199.0,1938.0
1756,190308,13.0,2242.0,197.0,1941.0
1757,190421,16.0,2242.0,191.0,1954.0
1758,190523,13.0,2242.0,182.0,1965.0
1759,190621,14.0,2241.0,178.0,1971.0
1760,190714,15.0,2243.0,180.0,1971.0
1761,190798,13.0,2245.0,181.0,1972.0
1762,190885,14.0,2245.0,173.0,1978.0
1763,190980,13.0,2244.0,173.0,1977.0
1764,191064,13.0,2244.0,165.0,1989.0
1765,191157,14.0,2242.0,159.0,1995.0
1766,191244,14.0,2250.0,150.0,2015.0
1767,191432,12.0,2245.0,150.0,2010.0
1768,191521,12.0,2243.0,155.0,2000.0
1769,191619,13.0,2243.0,155.0,2000.0
1770,191719,13.0,2239.0,147.0,2005.0
1771,191805,13.0,2243.0,154.0,2000.0
1772,191897,13.0,2246.0,163.0,1989.0
1773,191996,12.0,2249.0,167.0,1985.0
1774,192081,14.0,2257.0,165.0,1996.0
1775,192172,12.0,2257.0,173.0,1984.0
1776,192274,15.0,2259.0,161.0,2002.0
1777,192359,13.0,2266.0,167.0,1996.0
1778,192462,17.0,2254.0,159.0,2002.0
1779,192566,12.0,2258.0,164.0,2002.0
1780,192660,13.0,2257.0,155.0,2009.0
1781,192873,135.0,2263.0,160.0,2013.0
1782,192967,16.0,2252.0,168.0,1994.0
1783,193080,14.0,2249.0,166.0,1993.0
1784,193152,13.0,2258.0,177.0,1991.0
1785,193237,13.0,2259.0,177.0,1990.0
1786,193332,12.0,2258.0,177.0,1989.0
1787,193406,13.0,2259.0,178.0,1989.0
1788,193494,14.0,2260.0,176.0,1991.0
1789,193583,13.0,2261.0,182.0,1989.0
1790,193660,14.0,2276.0,195.0,1988.0
1791,193738,14.0,2299.0,211.0,1993.0
1792,193835,14.0,2300.0,211.0,1999.0
1793,193924,14.0,2294.0,210.0,1994.0
1794,194028,14.0,2298.0,211.0,1999.0
1795,194156,14.0,2298.0,203.0,2013.0
1796,194246,14.0,2297.0,198.0,2019.0
1797,194482,136.0,2294.0,178.0,2037.0
1798,194609,13.0,2296.0,170.0,2049.0
1799,194724,18.0,2297.0,179.0,2037.0
1800,194832,20.0,2306.0,188.0,2030.0
1801,194932,14.0,2293.0,188.0,2017.0
1802,195019,13.0,2306.0,192.0,2022.0
1803,195131,14.0,2311.0,195.0,2017.0
1804,195305,20.0,2318.0,194.0,2026.0
1805,195446,31.0,2325.0,182.0,2046.0
1806,195585,15.0,2315.0,182.0,2036.0
1807,195701,19.0,2312.0,175.0,2040.0
1808,195800,15.0,2305.0,169.0,2042.0
1809,195897,14.0,2286.0,170.0,2019.0
1810,195980,14.0,2281.0,165.0,2020.0
1811,196078,14.0,2279.0,163.0,2024.0
1812,196195,14.0,2280.0,151.0,2041.0
1813,196434,152.0,2279.0,141.0,2053.0
1814,196568,13.0,2273.0,132.0,2059.0
1815,196669,15.0,2274.0,133.0,2056.0
1816,196760,13.0,2261.0,137.0,2037.0
1817,196858,13.0,2255.0,133.0,2038.0
1818,196947,14.0,2258.0,135.0,2032.0
1819,197040,16.0,2256.0,133.0,2032.0
1820,197112,14.0,2266.0,129.0,2046.0
1821,197201,13.0,2276.0,141.0,2040.0
1822,197292,14.0,2264.0,143.0,2026.0
1823,197388,14.0,2280.0,162.0,2023.0
1824,197467,13.0,2303.0,184.0,2015.0
1825,197550,15.0,2302.0,184.0,2014.0
1826,197653,21.0,2303.0,175.0,2023.0
1827,197758,15.0,2296.0,172.0,2022.0
1828,197853,15.0,2301.0,177.0,2018.0
1829,197943,15.0,2292.0,163.0,2031.0
1830,198182,12.0,2292.0,158.0,2039.0
1831,198270,14.0,2303.0,161.0,2053.0
1832,198364,12.0,2311.0,169.0,2053.0
1833,198450,14.0,2321.0,179.0,2049.0
1834,198542,14.0,2316.0,180.0,2042.0
1835,198626,13.0,2324.0,187.0,2041.0
1836,198736,14.0,2324.0,179.0,2048.0
1837,198834,16.0,2325.0,173.0,2061.0
1838,198937,21.0,2322.0,174.0,2055.0
1839,199022,13.0,2322.0,166.0,2063.0
1840,199106,14.0,2309.0,167.0,2049.0
1841,199186,15.0,2324.0,182.0,2047.0
1842,199269,13.0,2322.0,175.0,2053.0
1843,199367,12.0,2302.0,167.0,2041.0
1844,199462,12.0,2302.0,163.0,2048.0
1845,199560,13.0,2303.0,156.0,2059.0
1846,199642,15.0,2294.0,147.0,2061.0
1847,199885,174.0,2284.0,147.0,2052.0
1848,199981,13.0,2286.0,147.0,2054.0
1849,200082,14.0,2289.0,146.0,2055.0
1850,200186,12.0,2284.0,136.0,2061.0
1851,200283,13.0,2265.0,136.0,2042.0
1852,200373,16.0,2267.0,138.0,2043.0
1853,200470,13.0,2266.0,139.0,2036.0
1854,200567,13.0,2270.0,142.0,2036.0
1855,200653,14.0,2272.0,141.0,2042.0
1856,200745,13.0,2264.0,141.0,2034.0
1857,200842,13.0,2265.0,142.0,2033.0
1858,200938,16.0,2267.0,130.0,2041.0
1859,201035,13.0,2261.0,124.0,2046.0
1860,201127,13.0,2254.0,125.0,2038.0
1861,201235,18.0,2242.0,122.0,2033.0
1862,201313,13.0,2237.0,122.0,2034.0
1863,201581,13.0,2236.0,122.0,2033.0
1864,201678,12.0,2233.0,122.0,2031.0
1865,201774,13.0,2235.0,117.0,2035.0
1866,201861,13.0,2243.0,120.0,2041.0
1867,201967,12.0,2240.0,107.0,2063.0
1868,202066,12.0,2239.0,99.0,2073.0
1869,202165,13.0,2236.0,92.0,2079.0
1870,202272,13.0,2235.0,89.0,2085.0
1871,202369,16.0,2244.0,95.0,2088.0
1872,202474,13.0,2251.0,94.0,2091.0
1873,202568,13.0,2265.0,108.0,2091.0
1874,202662,14.0,2264.0,100.0,2101.0
1875,202751,12.0,2279.0,96.0,2113.0
1876,202852,13.0,2279.0,96.0,2113.0
1877,202961,18.0,2280.0,97.0,2109.0
1878,203229,176.0,2279.0,97.0,2108.0
1879,203325,14.0,2283.0,93.0,2117.0
1880,203427,13.0,2288.0,88.0,2126.0
1881,203531,13.0,2297.0,93.0,2126.0
1882,203633,14.0,2298.0,93.0,2127.0
1883,203720,14.0,2296.0,93.0,2125.0
1884,203825,13.0,2296.0,94.0,2124.0
1885,203931,13.0,2295.0,94.0,2123.0
1886,204027,14.0,2295.0,94.0,2123.0
1887,204123,14.0,2296.0,95.0,2117.0
1888,204220,13.0,2300.0,99.0,2116.0
1889,204308,13.0,2311.0,112.0,2109.0
1890,204393,13.0,2318.0,116.0,2109.0
1891,204495,14.0,2317.0,116.0,2108.0
1892,204784,13.0,2316.0,115.0,2110.0
1893,204889,13.0,2316.0,115.0,2110.0
1894,204974,18.0,2314.0,115.0,2108.0
1895,205076,13.0,2315.0,122.0,2099.0
1896,205173,15.0,2316.0,122.0,2101.0
1897,205268,13.0,2316.0,122.0,2101.0
1898,205373,16.0,2313.0,121.0,2093.0
1899,205478,13.0,2311.0,120.0,2094.0
1900,205570,13.0,2308.0,119.0,2092.0
1901,205666,12.0,2304.0,117.0,2088.0
1902,205757,14.0,2295.0,118.0,2074.0
1903,205848,13.0,2297.0,120.0,2074.0
1904,205952,13.0,2299.0,122.0,2073.0
1905,206218,172.0,2299.0,121.0,2074.0
1906,206315,13.0,2298.0,120.0,2076.0
1907,206414,13.0,2295.0,120.0,2073.0
1908,206519,12.0,2295.0,120.0,2073.0
1909,206623,14.0,2294.0,121.0,2067.0
1910,206710,13.0,2301.0,128.0,2065.0
1911,206814,16.0,2301.0,125.0,2070.0
1912,206906,14.0,2304.0,128.0,2070.0
1913,207011,14.0,2304.0,126.0,2072.0
1914,207107,13.0,2318.0,140.0,2070.0
1915,207192,14.0,2328.0,148.0,2070.0
1916,207302,17.0,2329.0,148.0,2073.0
1917,207398,14.0,2325.0,148.0,2069.0
1918,207489,14.0,2325.0,149.0,2068.0
1919,207755,181.0,2324.0,146.0,2071.0
1920,207829,12.0,2325.0,147.0,2069.0
1921,207906,13.0,2325.0,144.0,2076.0
1922,207999,13.0,2325.0,144.0,2076.0
1923,208086,14.0,2324.0,143.0,2077.0
1924,208181,14.0,2324.0,145.0,2075.0
1925,208260,13.0,2331.0,152.0,2084.0
1926,208353,13.0,2331.0,152.0,2084.0
1927,208453,16.0,2331.0,152.0,2084.0
1928,208560,15.0,2332.0,150.0,2083.0
1929,208658,14.0,2331.0,149.0,2083.0
1930,208741,15.0,2340.0,158.0,2083.0
1931,208836,13.0,2346.0,164.0,2083.0
1932,208941,16.0,2346.0,163.0,2083.0
1933,209182,155.0,2350.0,170.0,2077.0
1934,209279,15.0,2350.0,162.0,2089.0
1935,209378,13.0,2354.0,166.0,2089.0
1936,209465,12.0,2355.0,167.0,2085.0
1937,209557,14.0,2360.0,177.0,2080.0
1938,209664,14.0,2362.0,174.0,2086.0
1939,209756,14.0,2361.0,174.0,2085.0
1940,209842,14.0,2366.0,179.0,2083.0
1941,209933,14.0,2370.0,181.0,2086.0
1942,210029,15.0,2373.0,180.0,2092.0
1943,210125,14.0,2374.0,181.0,2093.0
1944,210214,14.0,2382.0,182.0,2102.0
1945,210307,13.0,2383.0,183.0,2102.0
1946,210401,14.0,2380.0,183.0,2099.0
1947,210613,140.0,2387.0,190.0,2093.0
1948,210706,12.0,2394.0,196.0,2095.0
1949,210827,14.0,2397.0,200.0,2089.0
1950,210914,16.0,2395.0,199.0,2087.0
1951,211014,13.0,2403.0,207.0,2087.0
1952,211116,13.0,2404.0,206.0,2089.0
1953,211194,13.0,2409.0,212.0,2086.0
1954,211284,13.0,2409.0,212.0,2086.0
1955,211367,13.0,2409.0,212.0,2086.0
1956,211466,15.0,2412.0,215.0,2086.0
1957,211559,13.0,2396.0,188.0,2107.0
1958,211658,15.0,2411.0,196.0,2110.0
1959,211753,15.0,2428.0,190.0,2140.0
1960,211845,15.0,2430.0,186.0,2151.0
1961,212092,14.0,2443.0,162.0,2194.0
1962,212186,13.0,2443.0,161.0,2196.0
1963,212297,14.0,2432.0,153.0,2196.0
1964,212395,15.0,2429.0,160.0,2183.0
1965,212487,15.0,2412.0,152.0,2176.0
1966,212589,14.0,2407.0,156.0,2165.0
1967,212703,15.0,2401.0,157.0,2155.0
1968,212813,14.0,2401.0,156.0,2158.0
1969,212914,16.0,2376.0,136.0,2165.0
1970,213015,18.0,2368.0,133.0,2160.0
1971,213124,16.0,2381.0,145.0,2159.0
1972,213246,19.0,2383.0,147.0,2156.0
1973,213324,15.0,2394.0,165.0,2138.0
1974,213424,14.0,2388.0,155.0,2149.0
1975,213682,174.0,2390.0,157.0,2145.0
1976,213765,14.0,2397.0,156.0,2152.0
1977,213854,13.0,2397.0,155.0,2155.0
1978,213955,13.0,2406.0,156.0,2161.0
1979,214047,14.0,2406.0,157.0,2160.0
1980,214137,13.0,2411.0,156.0,2164.0
1981,214229,15.0,2417.0,155.0,2172.0
1982,214315,15.0,2422.0,168.0,2159.0
1983,214420,15.0,2419.0,156.0,2174.0
1984,214519,14.0,2417.0,154.0,2176.0
1985,214603,13.0,2422.0,160.0,2176.0
1986,214697,15.0,2426.0,162.0,2176.0
1987,214796,16.0,2426.0,161.0,2177.0
1988,214898,17.0,2429.0,158.0,2187.0
1989,214998,14.0,2436.0,168.0,2180.0
1990,215272,190.0,2430.0,161.0,2187.0
1991,215362,13.0,2424.0,142.0,2207.0
1992,215442,13.0,2424.0,142.0,2207.0
1993,215551,19.0,2428.0,132.0,2217.0
1994,215657,15.0,2432.0,135.0,2218.0
1995,215755,15.0,2436.0,137.0,2217.0
1996,215834,15.0,2437.0,136.0,2219.0
1997,215932,14.0,2445.0,144.0,2216.0
1998,216028,14.0,2445.0,142.0,2220.0
1999,216124,16.0,2439.0,144.0,2212.0
2000,216214,16.0,2448.0,153.0,2208.0
2001,216305,14.0,2454.0,154.0,2213.0
2002,216402,15.0,2454.0,146.0,2221.0
2003,216484,15.0,2447.0,146.0,2214.0
2004,216575,13.0,2450.0,155.0,2202.0
2005,216860,14.0,2449.0,155.0,2204.0
2006,216970,17.0,2449.0,154.0,2205.0
2007,217069,16.0,2441.0,153.0,2199.0
2008,217160,14.0,2448.0,152.0,2205.0
2009,217244,14.0,2448.0,152.0,2205.0
2010,217327,13.0,2449.0,153.0,2205.0
2011,217419,17.0,2460.0,168.0,2198.0
2012,217507,13.0,2465.0,165.0,2202.0
2013,217600,14.0,2470.0,172.0,2200.0
2014,217699,16.0,2464.0,172.0,2194.0
2015,217802,15.0,2462.0,172.0,2192.0
2016,217903,16.0,2462.0,165.0,2201.0
2017,218007,15.0,2469.0,170.0,2202.0
2018,218123,17.0,2477.0,168.0,2217.0
2019,218416,214.0,2483.0,163.0,2232.0
2020,218509,13.0,2490.0,169.0,2232.0
2021,218595,14.0,2490.0,163.0,2238.0
2022,218691,14.0,2496.0,158.0,2252.0
2023,218786,14.0,2502.0,158.0,2258.0
2024,218882,14.0,2511.0,167.0,2259.0
2025,218964,16.0,2512.0,168.0,2258.0
2026,219065,15.0,2512.0,169.0,2257.0
2027,219174,14.0,2515.0,174.0,2253.0
2028,219281,15.0,2516.0,172.0,2255.0
2029,219385,15.0,2519.0,175.0,2255.0
2030,219476,17.0,2520.0,176.0,2252.0
2031,219579,17.0,2524.0,174.0,2265.0
2032,219667,14.0,2527.0,177.0,2263.0
2033,219956,196.0,2516.0,173.0,2257.0
2034,220048,15.0,2520.0,174.0,2256.0
2035,220146,14.0,2520.0,175.0,2254.0
2036,220238,14.0,2515.0,176.0,2248.0
2037,220309,15.0,2521.0,182.0,2245.0
2038,220411,18.0,2528.0,189.0,2244.0
2039,220499,15.0,2529.0,196.0,2234.0
2040,220596,14.0,2525.0,199.0,2225.0
2041,220686,14.0,2530.0,200.0,2232.0
2042,220775,15.0,2545.0,213.0,2230.0
2043,220871,16.0,2545.0,204.0,2241.0
2044,220965,15.0,2549.0,206.0,2243.0
2045,221050,15.0,2541.0,204.0,2238.0
2046,221154,17.0,2542.0,194.0,2253.0
2047,221416,193.0,2542.0,188.0,2261.0
2048,221515,15.0,2543.0,180.0,2270.0
2049,221626,15.0,2540.0,173.0,2275.0
2050,221713,16.0,2547.0,171.0,2281.0
2051,221800,15.0,2547.0,165.0,2289.0
2052,221883,15.0,2538.0,155.0,2295.0
2053,221975,15.0,2550.0,160.0,2296.0
2054,222084,16.0,2550.0,160.0,2296.0
2055,222178,21.0,2541.0,159.0,2292.0
2056,222270,17.0,2541.0,159.0,2292.0
2057,222367,16.0,2550.0,168.0,2289.0
2058,222462,16.0,2550.0,167.0,2290.0
2059,222551,16.0,2543.0,162.0,2289.0
2060,222654,14.0,2543.0,164.0,2287.0
2061,225112,17.0,2527.0,50.0,2437.0
2062,225201,14.0,2520.0,59.0,2417.0
2063,225287,15.0,2508.0,59.0,2405.0
2064,225383,15.0,2523.0,74.0,2403.0
2065,225493,13.0,2519.0,74.0,2399.0
2066,225583,15.0,2502.0,73.0,2383.0
2067,225676,14.0,2499.0,79.0,2368.0
2068,225779,16.0,2502.0,86.0,2368.0
2069,225872,13.0,2501.0,87.0,2364.0
2070,225965,14.0,2512.0,98.0,2364.0
2071,226059,14.0,2498.0,88.0,2360.0
2072,226194,16.0,2492.0,87.0,2353.0
2073,226308,16.0,2492.0,86.0,2354.0
2074,226445,14.0,2496.0,90.0,2354.0
2075,226528,14.0,2487.0,91.0,2342.0
2076,226614,14.0,2462.0,91.0,2317.0
2077,226714,13.0,2453.0,92.0,2306.0
2078,226809,14.0,2463.0,102.0,2298.0
2079,226901,15.0,2463.0,102.0,2298.0
2080,226991,14.0,2458.0,102.0,2292.0
2081,227097,13.0,2457.0,95.0,2298.0
2082,227187,13.0,2456.0,95.0,2297.0
2083,227289,14.0,2465.0,93.0,2305.0
2084,227411,17.0,2466.0,85.0,2317.0
2085,227534,14.0,2467.0,78.0,2331.0
2086,227626,15.0,2462.0,79.0,2326.0
2087,227712,15.0,2463.0,80.0,2322.0
2088,227857,13.0,2458.0,81.0,2318.0
2089,227944,13.0,2462.0,86.0,2314.0
2090,228041,16.0,2462.0,86.0,2314.0
2091,228137,14.0,2448.0,86.0,2300.0
2092,228213,13.0,2439.0,87.0,2287.0
2093,228303,13.0,2434.0,87.0,2282.0
2094,228398,13.0,2433.0,87.0,2281.0
2095,228496,13.0,2435.0,74.0,2301.0
2096,228609,14.0,2435.0,74.0,2301.0
2097,228703,13.0,2428.0,74.0,2294.0
2098,228798,14.0,2431.0,76.0,2297.0
2099,228898,15.0,2433.0,76.0,2297.0
2100,228997,15.0,2432.0,74.0,2297.0
2101,229174,13.0,2427.0,71.0,2300.0
2102,229269,14.0,2426.0,69.0,2306.0
2103,229355,15.0,2432.0,76.0,2302.0
2104,229458,14.0,2434.0,87.0,2291.0
2105,229556,13.0,2432.0,80.0,2299.0
2106,229658,17.0,2433.0,72.0,2311.0
2107,229761,15.0,2433.0,72.0,2311.0
2108,229850,14.0,2433.0,72.0,2311.0
2109,229932,14.0,2427.0,79.0,2295.0
2110,230025,14.0,2419.0,79.0,2287.0
2111,230126,15.0,2419.0,81.0,2277.0
2112,230229,12.0,2414.0,82.0,2269.0
2113,230321,14.0,2406.0,81.0,2264.0
2114,230412,14.0,2406.0,81.0,2264.0
2115,230582,13.0,2404.0,81.0,2261.0
2116,230675,12.0,2412.0,90.0,2258.0
2117,230766,14.0,2419.0,97.0,2256.0
2118,230883,13.0,2419.0,91.0,2261.0
2119,230971,18.0,2434.0,106.0,2259.0
2120,231061,14.0,2437.0,109.0,2254.0
2121,231152,15.0,2453.0,122.0,2254.0
2122,231241,12.0,2460.0,131.0,2248.0
2123,231323,13.0,2455.0,131.0,2243.0
2124,231423,14.0,2461.0,137.0,2238.0
2125,231513,16.0,2469.0,141.0,2241.0
2126,231628,17.0,2478.0,147.0,2248.0
2127,231732,13.0,2476.0,137.0,2260.0
2128,231827,15.0,2476.0,135.0,2266.0
2129,232011,13.0,2474.0,121.0,2283.0
2130,232116,14.0,2477.0,124.0,2283.0
2131,232207,14.0,2480.0,127.0,2283.0
2132,232336,14.0,2481.0,120.0,2292.0
2133,232437,15.0,2492.0,121.0,2301.0
2134,232544,18.0,2499.0,128.0,2301.0
2135,232647,14.0,2503.0,132.0,2299.0
2136,232739,14.0,2508.0,135.0,2299.0
2137,232841,14.0,2505.0,135.0,2296.0
2138,232949,14.0,2506.0,136.0,2293.0
2139,233052,16.0,2505.0,136.0,2292.0
2140,233157,16.0,2505.0,136.0,2292.0
2141,233267,21.0,2506.0,144.0,2285.0
2142,233429,14.0,2514.0,152.0,2285.0
2143,233517,13.0,2515.0,153.0,2285.0
2144,233603,13.0,2515.0,153.0,2285.0
2145,233706,14.0,2515.0,153.0,2285.0
2146,233792,14.0,2517.0,155.0,2285.0
2147,233887,14.0,2517.0,155.0,2285.0
2148,233984,14.0,2519.0,158.0,2284.0
2149,234083,14.0,2524.0,165.0,2282.0
2150,234168,15.0,2525.0,166.0,2281.0
2151,234254,13.0,2523.0,171.0,2270.0
2152,234339,14.0,2527.0,177.0,2266.0
2153,234437,16.0,2535.0,185.0,2264.0
2154,234539,17.0,2535.0,185.0,2264.0
2155,234729,112.0,2536.0,187.0,2263.0
2156,234844,13.0,2536.0,187.0,2263.0
2157,234939,14.0,2535.0,188.0,2261.0
2158,235036,15.0,2535.0,187.0,2263.0
2159,235130,14.0,2538.0,192.0,2259.0
2160,235222,14.0,2546.0,200.0,2257.0
2161,235323,15.0,2559.0,203.0,2262.0
2162,235439,15.0,2566.0,207.0,2268.0
2163,235553,14.0,2567.0,201.0,2273.0
2164,235658,17.0,2571.0,205.0,2273.0
2165,235761,15.0,2573.0,208.0,2272.0
2166,235866,18.0,2573.0,208.0,2272.0
2167,235991,15.0,2572.0,201.0,2281.0
2168,236095,15.0,2576.0,204.0,2279.0
2169,236294,14.0,2586.0,205.0,2286.0
2170,236384,14.0,2595.0,213.0,2282.0
2171,236472,14.0,2603.0,211.0,2295.0
2172,236565,14.0,2601.0,209.0,2295.0
2173,236668,19.0,2601.0,204.0,2303.0
2174,236767,21.0,2611.0,216.0,2300.0
2175,236870,16.0,2613.0,209.0,2316.0
2176,236948,16.0,2629.0,203.0,2339.0
2177,237052,16.0,2629.0,201.0,2339.0
2178,237167,15.0,2632.0,202.0,2341.0
2179,237264,14.0,2635.0,205.0,2341.0
2180,237361,15.0,2647.0,217.0,2339.0
2181,237441,14.0,2648.0,218.0,2339.0
2182,237616,108.0,2650.0,227.0,2329.0
2183,237703,15.0,2655.0,232.0,2327.0
2184,237805,15.0,2653.0,233.0,2322.0
2185,237913,16.0,2657.0,236.0,2323.0
2186,238008,14.0,2656.0,236.0,2322.0
2187,238092,16.0,2656.0,236.0,2322.0
2188,238193,15.0,2655.0,237.0,2318.0
2189,238299,16.0,2656.0,230.0,2331.0
2190,238398,15.0,2658.0,232.0,2329.0
2191,238500,16.0,2658.0,230.0,2331.0
2192,238593,17.0,2662.0,235.0,2326.0
2193,238685,16.0,2662.0,235.0,2326.0
2194,238786,14.0,2664.0,231.0,2333.0
2195,238858,15.0,2667.0,232.0,2337.0
2196,239081,135.0,2667.0,234.0,2335.0
2197,239190,14.0,2674.0,240.0,2330.0
2198,239303,14.0,2673.0,238.0,2329.0
2199,239399,15.0,2679.0,241.0,2336.0
2200,239485,17.0,2693.0,254.0,2333.0
2201,239570,15.0,2710.0,269.0,2331.0
2202,239654,15.0,2711.0,266.0,2333.0
2203,239756,15.0,2719.0,271.0,2336.0
2204,239840,15.0,2727.0,276.0,2334.0
2205,239949,16.0,2723.0,276.0,2330.0
2206,240057,15.0,2723.0,266.0,2344.0
2207,240152,15.0,2730.0,274.0,2343.0
2208,240235,14.0,2730.0,273.0,2346.0
2209,240489,155.0,2732.0,269.0,2353.0
2210,240598,17.0,2738.0,281.0,2345.0
2211,240685,15.0,2738.0,281.0,2345.0
2212,240775,16.0,2739.0,280.0,2346.0
2213,240874,15.0,2739.0,274.0,2357.0
2214,240969,16.0,2738.0,274.0,2359.0
2215,241073,17.0,2739.0,275.0,2358.0
2216,241166,19.0,2739.0,275.0,2358.0
2217,241272,16.0,2739.0,275.0,2358.0
2218,241362,16.0,2740.0,276.0,2357.0
2219,241477,15.0,2745.0,279.0,2355.0
2220,241588,22.0,2746.0,270.0,2365.0
2221,241716,16.0,2753.0,276.0,2364.0
2222,241814,15.0,2752.0,267.0,2368.0
2223,241917,17.0,2748.0,268.0,2355.0
2224,242162,152.0,2748.0,239.0,2391.0
2225,242266,16.0,2747.0,239.0,2390.0
2226,242366,17.0,2750.0,235.0,2398.0
2227,242456,15.0,2743.0,228.0,2401.0
2228,242532,14.0,2758.0,227.0,2418.0
2229,242620,14.0,2747.0,212.0,2426.0
2230,242719,16.0,2755.0,210.0,2442.0
2231,242835,23.0,2753.0,205.0,2445.0
2232,242949,15.0,2741.0,178.0,2474.0
2233,243033,17.0,2741.0,177.0,2474.0
2234,243141,17.0,2742.0,171.0,2478.0
2235,243246,15.0,2731.0,163.0,2475.0
2236,243343,16.0,2741.0,173.0,2473.0
2237,243437,16.0,2729.0,174.0,2457.0
2238,243530,17.0,2722.0,164.0,2459.0
2239,243791,175.0,2725.0,152.0,2479.0
2240,243891,16.0,2724.0,138.0,2499.0
2241,244001,17.0,2717.0,137.0,2501.0
2242,244085,16.0,2716.0,137.0,2500.0
2243,244175,16.0,2716.0,136.0,2512.0
2244,244269,14.0,2716.0,133.0,2512.0
2245,244366,15.0,2719.0,135.0,2515.0
2246,244457,16.0,2712.0,127.0,2519.0
2247,244550,17.0,2719.0,119.0,2539.0
2248,244644,17.0,2722.0,122.0,2535.0
2249,244768,19.0,2721.0,122.0,2534.0
2250,244884,16.0,2723.0,124.0,2531.0
2251,244978,16.0,2721.0,128.0,2527.0
2252,245085,16.0,2720.0,118.0,2535.0
2253,245179,15.0,2718.0,126.0,2524.0
2254,245259,16.0,2716.0,130.0,2512.0
2255,245499,166.0,2707.0,130.0,2503.0
2256,245591,15.0,2709.0,127.0,2508.0
2257,245670,15.0,2709.0,123.0,2515.0
2258,245764,16.0,2717.0,130.0,2513.0
2259,245878,14.0,2723.0,129.0,2520.0
2260,245978,15.0,2724.0,123.0,2528.0
2261,246079,15.0,2741.0,130.0,2538.0
2262,246181,16.0,2746.0,134.0,2536.0
2263,246278,16.0,2754.0,151.0,2525.0
2264,246382,16.0,2739.0,151.0,2510.0
2265,246470,17.0,2732.0,151.0,2503.0
2266,246557,16.0,2732.0,144.0,2512.0
2267,246643,17.0,2720.0,143.0,2500.0
2268,246751,18.0,2725.0,145.0,2499.0
2269,246884,19.0,2722.0,147.0,2496.0
2270,246983,15.0,2731.0,144.0,2504.0
2271,247084,15.0,2720.0,143.0,2495.0
2272,247348,15.0,2723.0,136.0,2503.0
2273,247469,15.0,2718.0,136.0,2498.0
2274,247581,16.0,2727.0,145.0,2498.0
2275,247672,15.0,2722.0,148.0,2490.0
2276,247766,16.0,2723.0,149.0,2490.0
2277,247871,16.0,2723.0,144.0,2500.0
2278,247968,15.0,2723.0,144.0,2500.0
2279,248057,14.0,2713.0,142.0,2486.0
2280,248154,16.0,2714.0,132.0,2501.0
2281,248240,16.0,2720.0,140.0,2486.0
2282,248328,17.0,2736.0,151.0,2494.0
2283,248426,16.0,2737.0,152.0,2493.0
2284,248526,16.0,2736.0,152.0,2492.0
2285,248821,184.0,2736.0,141.0,2506.0
2286,248937,16.0,2735.0,141.0,2505.0
2287,249035,15.0,2735.0,141.0,2505.0
2288,249133,15.0,2748.0,157.0,2496.0
2289,249229,16.0,2747.0,158.0,2491.0
2290,249303,15.0,2734.0,155.0,2481.0
2291,249394,16.0,2736.0,158.0,2477.0
2292,249495,15.0,2726.0,150.0,2475.0
2293,249592,15.0,2734.0,156.0,2472.0
2294,249684,16.0,2735.0,162.0,2466.0
2295,249777,16.0,2733.0,155.0,2477.0
2296,249887,17.0,2738.0,157.0,2478.0
2297,250004,14.0,2742.0,162.0,2472.0
2298,250094,16.0,2746.0,151.0,2488.0
2299,250349,187.0,2746.0,151.0,2487.0
2300,250450,14.0,2744.0,151.0,2485.0
2301,250571,17.0,2744.0,145.0,2492.0
2302,250673,16.0,2744.0,142.0,2499.0
2303,250776,18.0,2734.0,137.0,2499.0
2304,250882,17.0,2734.0,137.0,2499.0
2305,250985,19.0,2733.0,137.0,2498.0
2306,251081,17.0,2742.0,153.0,2491.0
2307,251164,16.0,2735.0,153.0,2481.0
2308,251254,19.0,2754.0,170.0,2481.0
2309,251354,17.0,2762.0,176.0,2485.0
2310,251450,16.0,2759.0,177.0,2481.0
2311,251543,17.0,2742.0,171.0,2468.0
2312,251635,16.0,2735.0,168.0,2464.0
2313,251900,16.0,2739.0,170.0,2462.0
2314,252006,22.0,2739.0,168.0,2462.0
2315,252087,17.0,2737.0,168.0,2460.0
2316,252198,19.0,2729.0,168.0,2452.0
2317,252307,14.0,2736.0,175.0,2450.0
2318,252391,14.0,2736.0,175.0,2450.0
2319,252467,14.0,2733.0,164.0,2463.0
2320,252563,16.0,2741.0,163.0,2473.0
2321,252669,18.0,2741.0,163.0,2473.0
2322,252754,16.0,2733.0,154.0,2476.0
2323,252852,16.0,2725.0,154.0,2468.0
2324,252955,15.0,2723.0,154.0,2466.0
2325,253060,18.0,2731.0,156.0,2469.0
2326,253295,15.0,2738.0,162.0,2472.0
2327,253410,17.0,2738.0,145.0,2490.0
2328,253495,15.0,2738.0,150.0,2493.0
2329,253590,15.0,2729.0,132.0,2513.0
2330,253701,16.0,2722.0,132.0,2506.0
2331,253800,18.0,2715.0,132.0,2499.0
2332,253904,15.0,2730.0,131.0,2512.0
2333,253986,17.0,2717.0,125.0,2511.0
2334,254084,21.0,2716.0,113.0,2520.0
2335,254157,15.0,2704.0,118.0,2504.0
2336,254258,17.0,2705.0,117.0,2512.0
2337,254354,17.0,2712.0,124.0,2507.0
2338,254438,16.0,2721.0,133.0,2500.0
2339,254671,15.0,2719.0,125.0,2506.0
2340,254765,17.0,2719.0,124.0,2512.0
2341,254845,15.0,2718.0,125.0,2510.0
2342,254939,14.0,2719.0,123.0,2510.0
2343,255024,16.0,2719.0,123.0,2510.0
2344,255123,17.0,2719.0,114.0,2519.0
2345,255211,14.0,2735.0,130.0,2516.0
2346,255311,15.0,2735.0,119.0,2533.0
2347,255390,15.0,2725.0,108.0,2532.0
2348,255482,16.0,2720.0,108.0,2527.0
2349,255579,15.0,2720.0,108.0,2527.0
2350,255675,16.0,2722.0,109.0,2524.0
2351,255782,16.0,2714.0,98.0,2531.0
2352,256023,15.0,2714.0,90.0,2541.0
2353,256122,22.0,2713.0,89.0,2542.0
2354,256238,16.0,2713.0,94.0,2532.0
2355,256329,19.0,2713.0,89.0,2538.0
2356,256418,19.0,2706.0,89.0,2531.0
2357,256527,18.0,2714.0,92.0,2540.0
2358,256614,16.0,2707.0,87.0,2541.0
2359,256711,17.0,2707.0,87.0,2541.0
2360,256838,20.0,2698.0,83.0,2538.0
2361,256954,14.0,2698.0,83.0,2538.0
2362,257093,52.0,2684.0,84.0,2524.0
2363,257254,19.0,2683.0,78.0,2527.0
2364,257385,16.0,2681.0,77.0,2531.0
2365,257470,15.0,2661.0,77.0,2511.0
2366,257732,15.0,2677.0,92.0,2503.0
2367,257828,15.0,2675.0,101.0,2487.0
2368,257907,15.0,2667.0,101.0,2479.0
2369,258001,16.0,2662.0,103.0,2469.0
2370,258101,15.0,2663.0,103.0,2471.0
2371,258188,16.0,2660.0,96.0,2477.0
2372,258294,17.0,2655.0,94.0,2476.0
2373,258412,17.0,2663.0,102.0,2475.0
2374,258487,15.0,2665.0,104.0,2475.0
2375,258578,18.0,2650.0,102.0,2466.0
2376,258657,15.0,2659.0,110.0,2467.0
2377,258744,15.0,2658.0,118.0,2452.0
2378,258840,16.0,2668.0,127.0,2448.0
2379,258929,14.0,2668.0,125.0,2452.0
2380,259187,15.0,2667.0,117.0,2463.0
2381,259289,25.0,2669.0,114.0,2473.0
2382,259404,19.0,2675.0,113.0,2482.0
2383,259506,17.0,2681.0,119.0,2475.0
2384,259622,15.0,2684.0,112.0,2489.0
2385,259715,15.0,2693.0,119.0,2502.0
2386,259806,16.0,2685.0,119.0,2494.0
2387,259903,15.0,2691.0,120.0,2492.0
2388,259989,15.0,2691.0,115.0,2502.0
2389,260095,16.0,2691.0,112.0,2509.0
2390,260201,14.0,2690.0,112.0,2508.0
2391,260298,15.0,2696.0,126.0,2497.0
2392,260385,16.0,2709.0,143.0,2495.0
2393,260464,16.0,2706.0,144.0,2496.0
2394,260561,14.0,2707.0,146.0,2492.0
2395,260813,14.0,2699.0,145.0,2487.0
2396,260913,15.0,2700.0,146.0,2485.0
2397,261002,18.0,2698.0,139.0,2493.0
2398,261085,16.0,2710.0,141.0,2499.0
2399,261185,16.0,2711.0,140.0,2498.0
2400,261273,15.0,2711.0,140.0,2498.0
2401,261371,15.0,2693.0,134.0,2482.0
2402,261457,16.0,2693.0,134.0,2482.0
2403,261565,14.0,2692.0,128.0,2485.0
2404,261677,15.0,2687.0,128.0,2480.0
2405,261776,15.0,2694.0,136.0,2477.0
2406,261882,16.0,2693.0,136.0,2477.0
2407,262002,16.0,2700.0,138.0,2478.0
2408,262120,15.0,2700.0,130.0,2491.0
2409,262391,173.0,2711.0,133.0,2499.0
2410,262511,16.0,2712.0,135.0,2497.0
2411,262618,17.0,2713.0,134.0,2500.0
2412,262704,15.0,2710.0,135.0,2496.0
2413,262801,15.0,2720.0,145.0,2494.0
2414,262915,16.0,2720.0,145.0,2494.0
2415,263030,16.0,2720.0,146.0,2493.0
2416,263147,20.0,2720.0,146.0,2495.0
2417,263253,18.0,2722.0,148.0,2495.0
2418,263359,16.0,2722.0,132.0,2521.0
2419,263458,16.0,2723.0,134.0,2521.0
2420,263566,17.0,2725.0,126.0,2530.0
2421,263668,15.0,2726.0,128.0,2525.0
2422,263761,16.0,2726.0,126.0,2527.0
2423,263870,15.0,2726.0,119.0,2534.0
2424,263965,15.0,2727.0,113.0,2542.0
2425,264203,14.0,2725.0,113.0,2537.0
2426,264321,15.0,2723.0,107.0,2541.0
2427,264421,16.0,2731.0,108.0,2549.0
2428,264519,17.0,2741.0,119.0,2547.0
2429,264629,16.0,2742.0,121.0,2545.0
2430,264731,16.0,2751.0,128.0,2545.0
2431,264834,15.0,2751.0,127.0,2546.0
2432,264942,14.0,2750.0,126.0,2545.0
2433,265042,16.0,2750.0,120.0,2551.0
2434,265136,16.0,2750.0,119.0,2554.0
2435,265230,16.0,2762.0,131.0,2549.0
2436,265323,16.0,2763.0,132.0,2549.0
2437,265433,15.0,2763.0,124.0,2567.0
2438,265538,17.0,2761.0,123.0,2567.0
2439,265640,16.0,2761.0,121.0,2570.0
2440,265903,178.0,2764.0,123.0,2573.0
2441,265998,17.0,2756.0,113.0,2578.0
2442,266098,17.0,2758.0,114.0,2575.0
2443,266184,15.0,2758.0,115.0,2573.0
2444,266272,15.0,2758.0,114.0,2575.0
2445,266358,15.0,2758.0,113.0,2575.0
2446,266465,15.0,2757.0,106.0,2585.0
2447,266576,20.0,2759.0,107.0,2588.0
2448,266681,17.0,2760.0,108.0,2587.0
2449,266786,16.0,2759.0,108.0,2586.0
2450,266884,15.0,2768.0,117.0,2586.0
2451,266976,16.0,2769.0,118.0,2582.0
2452,267080,16.0,2769.0,118.0,2582.0
2453,267178,16.0,2769.0,118.0,2582.0
2454,267271,19.0,2780.0,129.0,2581.0
2455,267364,15.0,2786.0,136.0,2576.0
2456,267463,16.0,2786.0,136.0,2576.0
2457,269900,2347.0,2793.0,126.0,2603.0
2458,270022,15.0,2795.0,105.0,2632.0
2459,270134,17.0,2797.0,106.0,2632.0
2460,270232,18.0,2798.0,107.0,2631.0
2461,270321,16.0,2798.0,107.0,2631.0
2462,270417,16.0,2800.0,111.0,2626.0
2463,270524,15.0,2800.0,111.0,2626.0
2464,270609,15.0,2800.0,111.0,2626.0
2465,270716,15.0,2797.0,111.0,2623.0
2466,270817,15.0,2806.0,120.0,2621.0
2467,270932,18.0,2808.0,122.0,2619.0
2468,271017,16.0,2824.0,133.0,2621.0
2469,271145,17.0,2822.0,133.0,2619.0
2470,271246,17.0,2830.0,139.0,2619.0
2471,271350,17.0,2830.0,139.0,2619.0
2472,271437,16.0,2835.0,142.0,2618.0
2473,271604,70.0,2843.0,117.0,2661.0
2474,271706,17.0,2843.0,113.0,2665.0
2475,271809,18.0,2837.0,113.0,2659.0
2476,271917,18.0,2837.0,100.0,2677.0
2477,272019,23.0,2850.0,113.0,2674.0
2478,272115,17.0,2850.0,105.0,2686.0
2479,272216,17.0,2851.0,105.0,2686.0
2480,272312,16.0,2852.0,116.0,2674.0
2481,272422,17.0,2847.0,116.0,2669.0
2482,272574,19.0,2836.0,95.0,2689.0
2483,272681,16.0,2830.0,95.0,2683.0
2484,272793,23.0,2826.0,93.0,2682.0
2485,272884,16.0,2825.0,90.0,2682.0
2486,272982,17.0,2815.0,91.0,2671.0
2487,273086,16.0,2800.0,91.0,2656.0
2488,273184,15.0,2784.0,91.0,2640.0
2489,273341,16.0,2769.0,75.0,2644.0
2490,273463,15.0,2784.0,90.0,2631.0
2491,273557,15.0,2785.0,90.0,2633.0
2492,273649,17.0,2790.0,95.0,2632.0
2493,273743,16.0,2794.0,92.0,2640.0
2494,273849,21.0,2810.0,96.0,2649.0
2495,273949,17.0,2810.0,86.0,2665.0
2496,274064,16.0,2820.0,96.0,2661.0
2497,274183,18.0,2820.0,96.0,2661.0
2498,274268,15.0,2805.0,98.0,2637.0
2499,274363,15.0,2806.0,105.0,2626.0
2500,274454,18.0,2811.0,108.0,2631.0
2501,274555,17.0,2817.0,115.0,2627.0
2502,274656,16.0,2824.0,121.0,2625.0
2503,274743,15.0,2829.0,125.0,2628.0
2504,274904,17.0,2842.0,138.0,2628.0
2505,275016,16.0,2841.0,124.0,2644.0
2506,275106,20.0,2833.0,124.0,2636.0
2507,275197,17.0,2842.0,127.0,2641.0
2508,275288,14.0,2831.0,127.0,2630.0
2509,275369,16.0,2850.0,146.0,2627.0
2510,275445,15.0,2850.0,153.0,2615.0
2511,275541,17.0,2850.0,144.0,2626.0
2512,275648,16.0,2850.0,142.0,2629.0
2513,275758,18.0,2858.0,149.0,2629.0
2514,275853,16.0,2862.0,157.0,2619.0
2515,275950,16.0,2862.0,156.0,2622.0
2516,276059,17.0,2863.0,153.0,2626.0
2517,276148,18.0,2861.0,153.0,2624.0
2518,276335,101.0,2852.0,127.0,2642.0
2519,276437,16.0,2844.0,126.0,2639.0
2520,276549,15.0,2841.0,126.0,2636.0
2521,276652,15.0,2840.0,115.0,2647.0
2522,276753,16.0,2837.0,107.0,2656.0
2523,276858,16.0,2824.0,103.0,2643.0
2524,276977,18.0,2822.0,96.0,2651.0
2525,277091,16.0,2825.0,98.0,2650.0
2526,277193,14.0,2825.0,98.0,2650.0
2527,277288,17.0,2828.0,92.0,2663.0
2528,277409,19.0,2834.0,99.0,2660.0
2529,277503,20.0,2836.0,93.0,2671.0
2530,277605,19.0,2837.0,94.0,2671.0
2531,277711,17.0,2837.0,94.0,2671.0
2532,277886,88.0,2837.0,94.0,2671.0
2533,277995,20.0,2842.0,99.0,2671.0
2534,278097,18.0,2841.0,99.0,2670.0
2535,278195,17.0,2850.0,108.0,2670.0
2536,278282,16.0,2848.0,108.0,2668.0
2537,278374,18.0,2849.0,109.0,2667.0
2538,278474,16.0,2860.0,120.0,2666.0
2539,278564,17.0,2860.0,128.0,2654.0
2540,278665,16.0,2855.0,129.0,2646.0
2541,278755,17.0,2855.0,129.0,2646.0
2542,278852,17.0,2864.0,136.0,2645.0
2543,278953,18.0,2878.0,150.0,2642.0
2544,279045,17.0,2881.0,157.0,2635.0
2545,279154,18.0,2881.0,163.0,2626.0
2546,279364,105.0,2877.0,163.0,2622.0
2547,279480,15.0,2877.0,163.0,2622.0
2548,279578,20.0,2885.0,171.0,2622.0
2549,279675,17.0,2886.0,172.0,2620.0
2550,279772,16.0,2893.0,179.0,2620.0
2551,279867,18.0,2891.0,179.0,2618.0
2552,279964,16.0,2891.0,179.0,2618.0
2553,280067,15.0,2891.0,165.0,2635.0
2554,280192,24.0,2907.0,174.0,2639.0
2555,280338,18.0,2905.0,173.0,2640.0
2556,280454,16.0,2905.0,169.0,2647.0
2557,280586,25.0,2905.0,166.0,2647.0
2558,280705,33.0,2905.0,166.0,2647.0
2559,280801,18.0,2908.0,164.0,2655.0
2560,281002,118.0,2908.0,164.0,2655.0
2561,281111,18.0,2900.0,162.0,2648.0
2562,281222,17.0,2901.0,163.0,2648.0
2563,281319,15.0,2902.0,173.0,2637.0
2564,281414,16.0,2904.0,156.0,2660.0
2565,281509,15.0,2902.0,147.0,2669.0
2566,281602,16.0,2895.0,147.0,2662.0
2567,281708,16.0,2896.0,141.0,2668.0
2568,281794,17.0,2896.0,138.0,2672.0
2569,281880,17.0,2892.0,134.0,2676.0
2570,281977,16.0,2896.0,134.0,2680.0
2571,282071,15.0,2885.0,136.0,2667.0
2572,282162,16.0,2871.0,136.0,2653.0
2573,282251,17.0,2873.0,137.0,2652.0
2574,282337,16.0,2872.0,145.0,2637.0
2575,282424,16.0,2877.0,143.0,2647.0
2576,282607,16.0,2891.0,161.0,2639.0
2577,282698,15.0,2909.0,171.0,2646.0
2578,282808,21.0,2914.0,176.0,2642.0
2579,282920,18.0,2913.0,169.0,2651.0
2580,283024,17.0,2913.0,162.0,2661.0
2581,283112,16.0,2903.0,161.0,2654.0
2582,283208,17.0,2905.0,143.0,2675.0
2583,283297,16.0,2900.0,147.0,2664.0
2584,283386,20.0,2905.0,155.0,2660.0
2585,283504,17.0,2910.0,160.0,2657.0
2586,283599,17.0,2896.0,163.0,2638.0
2587,283700,19.0,2890.0,148.0,2658.0
2588,283801,18.0,2890.0,142.0,2665.0
2589,283915,15.0,2885.0,138.0,2668.0
2590,284149,146.0,2886.0,141.0,2659.0
2591,284260,21.0,2894.0,151.0,2656.0
2592,284367,16.0,2877.0,147.0,2645.0
2593,284488,20.0,2886.0,149.0,2657.0
2594,284575,17.0,2886.0,140.0,2666.0
2595,284689,21.0,2884.0,125.0,2682.0
2596,284795,17.0,2883.0,119.0,2693.0
2597,284894,15.0,2870.0,119.0,2680.0
2598,284996,18.0,2882.0,130.0,2676.0
2599,285090,17.0,2888.0,134.0,2670.0
2600,285182,19.0,2896.0,133.0,2679.0
2601,285283,22.0,2878.0,107.0,2684.0
2602,285399,21.0,2878.0,100.0,2692.0
2603,285499,21.0,2889.0,111.0,2690.0
2604,285600,21.0,2878.0,117.0,2674.0
2605,285695,17.0,2881.0,114.0,2682.0
2606,285777,17.0,2880.0,113.0,2692.0
2607,286007,14.0,2878.0,98.0,2708.0
2608,286104,17.0,2876.0,106.0,2696.0
2609,286185,16.0,2892.0,124.0,2694.0
2610,286278,15.0,2892.0,117.0,2701.0
2611,286367,18.0,2890.0,124.0,2692.0
2612,286470,16.0,2887.0,118.0,2694.0
2613,286568,18.0,2895.0,120.0,2696.0
2614,286667,16.0,2894.0,120.0,2695.0
2615,286763,15.0,2901.0,128.0,2688.0
2616,286854,16.0,2901.0,128.0,2688.0
2617,286949,15.0,2902.0,129.0,2688.0
2618,287041,18.0,2902.0,129.0,2688.0
2619,287123,15.0,2907.0,140.0,2676.0
2620,287216,16.0,2915.0,148.0,2672.0
2621,287319,17.0,2916.0,149.0,2672.0
2622,287424,23.0,2916.0,143.0,2688.0
2623,287666,155.0,2900.0,143.0,2672.0
2624,287772,18.0,2903.0,146.0,2672.0
2625,287870,17.0,2915.0,158.0,2661.0
2626,287962,17.0,2913.0,159.0,2658.0
2627,288064,16.0,2906.0,150.0,2662.0
2628,288157,16.0,2906.0,141.0,2671.0
2629,288244,16.0,2913.0,145.0,2683.0
2630,288346,18.0,2913.0,145.0,2683.0
2631,288436,17.0,2908.0,145.0,2678.0
2632,288527,17.0,2908.0,145.0,2677.0
2633,288644,19.0,2900.0,140.0,2677.0
2634,288744,16.0,2890.0,133.0,2676.0
2635,288839,17.0,2877.0,133.0,2663.0
2636,288949,18.0,2877.0,128.0,2671.0
2637,289065,13.0,2867.0,127.0,2660.0
2638,289156,17.0,2878.0,135.0,2658.0
2639,289239,17.0,2887.0,144.0,2650.0
2640,289485,184.0,2882.0,144.0,2645.0
2641,289576,16.0,2888.0,142.0,2648.0
2642,289671,16.0,2886.0,129.0,2666.0
2643,289760,15.0,2901.0,139.0,2660.0
2644,289852,17.0,2901.0,139.0,2660.0
2645,289943,16.0,2900.0,131.0,2669.0
2646,290056,17.0,2901.0,132.0,2669.0
2647,290149,16.0,2901.0,134.0,2667.0
2648,290246,17.0,2902.0,144.0,2658.0
2649,290324,17.0,2902.0,144.0,2658.0
2650,290406,17.0,2902.0,144.0,2658.0
2651,290501,16.0,2893.0,144.0,2649.0
2652,290606,16.0,2899.0,142.0,2655.0
2653,290693,18.0,2890.0,137.0,2655.0
2654,290783,15.0,2892.0,139.0,2653.0
2655,290881,16.0,2899.0,145.0,2654.0
2656,290977,17.0,2901.0,147.0,2652.0
2657,291081,17.0,2901.0,146.0,2653.0
2658,291376,221.0,2892.0,144.0,2647.0
2659,291486,18.0,2892.0,133.0,2658.0
2660,291598,14.0,2898.0,131.0,2663.0
2661,291704,17.0,2897.0,130.0,2664.0
2662,291831,16.0,2897.0,130.0,2667.0
2663,291935,17.0,2904.0,117.0,2702.0
2664,292036,16.0,2906.0,118.0,2705.0
2665,292151,16.0,2900.0,115.0,2708.0
2666,292261,17.0,2898.0,116.0,2702.0
2667,292362,15.0,2905.0,115.0,2707.0
2668,292476,15.0,2903.0,106.0,2720.0
2669,292583,17.0,2907.0,112.0,2714.0
2670,292692,18.0,2908.0,106.0,2720.0
2671,292815,21.0,2908.0,106.0,2720.0
2672,292916,17.0,2909.0,106.0,2721.0
2673,293174,169.0,2905.0,107.0,2716.0
2674,293285,14.0,2908.0,107.0,2726.0
2675,293374,17.0,2910.0,107.0,2730.0
2676,293478,16.0,2911.0,108.0,2725.0
2677,293569,14.0,2918.0,114.0,2729.0
2678,293660,17.0,2921.0,107.0,2738.0
2679,293768,21.0,2925.0,111.0,2736.0
2680,293874,15.0,2933.0,118.0,2739.0
2681,293967,17.0,2951.0,128.0,2746.0
2682,294071,17.0,2947.0,128.0,2742.0
2683,294187,16.0,2947.0,128.0,2742.0
2684,294279,18.0,2954.0,120.0,2756.0
2685,294378,17.0,2954.0,119.0,2755.0
2686,294477,17.0,2954.0,118.0,2760.0
2687,294572,16.0,2957.0,118.0,2761.0
2688,294679,18.0,2958.0,120.0,2759.0
2689,294999,227.0,2967.0,118.0,2760.0
2690,295108,18.0,2975.0,120.0,2767.0
2691,295204,17.0,2983.0,128.0,2767.0
2692,295309,16.0,2977.0,128.0,2761.0
2693,295405,16.0,2977.0,128.0,2761.0
2694,295498,20.0,2977.0,128.0,2761.0
2695,295603,17.0,2985.0,136.0,2761.0
2696,295697,16.0,2983.0,137.0,2753.0
2697,295813,17.0,2984.0,129.0,2767.0
2698,295930,19.0,2984.0,129.0,2767.0
2699,296012,17.0,2991.0,137.0,2763.0
2700,296119,18.0,2991.0,129.0,2772.0
2701,296225,17.0,2994.0,132.0,2771.0
2702,296533,19.0,2993.0,130.0,2773.0
2703,296629,18.0,2998.0,136.0,2772.0
2704,296729,17.0,2998.0,135.0,2772.0
2705,296824,19.0,3012.0,147.0,2767.0
2706,296938,23.0,3014.0,149.0,2766.0
2707,297050,20.0,3022.0,152.0,2774.0
2708,297145,17.0,3023.0,152.0,2774.0
2709,297245,17.0,3025.0,157.0,2769.0
2710,297348,17.0,3032.0,164.0,2765.0
2711,297455,16.0,3032.0,163.0,2770.0
2712,297562,19.0,3035.0,166.0,2770.0
2713,297656,17.0,3034.0,173.0,2761.0
2714,297942,18.0,3035.0,166.0,2772.0
2715,298035,16.0,3047.0,178.0,2772.0
2716,298148,19.0,3047.0,178.0,2772.0
2717,298270,20.0,3049.0,180.0,2760.0
2718,298364,20.0,3048.0,180.0,2759.0
2719,298470,18.0,3049.0,181.0,2756.0
2720,298604,19.0,3057.0,185.0,2774.0
2721,298715,22.0,3057.0,185.0,2774.0
2722,298814,19.0,3058.0,186.0,2776.0
2723,298920,19.0,3066.0,193.0,2777.0
2724,299029,21.0,3068.0,193.0,2777.0
2725,299131,20.0,3068.0,191.0,2781.0
2726,299244,17.0,3066.0,190.0,2782.0
2727,299504,17.0,3068.0,191.0,2778.0
2728,299606,17.0,3067.0,191.0,2777.0
2729,299697,18.0,3069.0,192.0,2777.0
2730,299790,17.0,3071.0,195.0,2776.0
2731,299920,18.0,3071.0,190.0,2781.0
2732,300020,17.0,3071.0,190.0,2781.0
